100 200
1 0 0 0 1 0 0 0 0 0 0 1 0 0 1 1 0 1 1 1 0 1 1 1 1 1 1 1 0 1 0 1 0 0 1 0 0 1 1 1 1 0 1 0 1 1 0 0 0 0 1 0 0 1 1 1 1 0 1 1 0 0 1 0 1 1 1 1 1 0 0 1 0 1 0 0 1 1 1 0 0 1 1 0 0 0 1 0 1 0 0 0 0 1 0 0 1 0 0 1 
2 79 88
1 52 57
1 23 82
1 38 47
1 27 59
1 1 44
1 43 57
1 81 88
2 5 76
2 2 97
1 4 37
2 37 85
1 61 90
1 32 94
1 67 71
1 30 91
2 34 62
2 4 37
2 2 74
2 6 48
1 80 86
2 74 87
1 34 60
1 91 95
2 10 57
1 3 15
2 23 53
1 13 23
1 18 57
1 63 80
1 17 19
2 31 84
1 1 3
2 23 84
1 47 94
1 17 51
2 33 82
2 68 95
1 36 100
1 80 88
2 39 48
1 77 83
2 79 84
2 26 66
1 21 41
2 10 94
1 40 55
2 50 54
1 32 84
2 13 58
2 6 48
1 35 92
1 81 98
1 77 87
2 36 95
2 4 40
1 22 59
2 49 94
2 84 99
1 26 43
1 66 94
2 10 48
2 12 72
1 92 92
2 21 38
1 20 59
2 19 64
1 7 60
1 4 21
1 34 84
1 64 100
1 5 27
2 48 52
1 4 84
2 69 86
1 7 11
2 2 11
2 61 62
2 19 28
2 21 46
2 19 100
1 32 63
2 25 52
2 74 83
1 36 52
2 52 93
2 53 79
2 16 58
1 50 56
2 40 84
1 21 36
2 56 96
2 26 76
2 11 100
2 17 72
1 4 8
2 25 46
1 11 95
1 66 67
1 18 55
1 70 78
2 9 34
1 53 92
2 38 55
2 21 70
1 9 74
1 67 70
2 6 12
2 83 99
1 28 53
1 24 77
2 34 93
2 28 94
1 85 87
2 60 70
2 31 87
1 61 94
1 13 51
2 52 99
2 35 95
2 73 84
1 9 98
2 12 49
1 17 97
1 28 81
1 37 83
2 47 92
1 41 97
1 12 51
2 50 72
1 3 47
1 48 55
2 38 48
1 47 78
2 81 98
1 14 22
2 14 83
2 2 95
2 18 67
1 84 96
2 33 99
1 32 69
1 48 93
2 74 89
1 5 98
2 10 18
1 9 26
2 66 91
2 27 36
1 42 66
1 89 99
1 62 68
2 42 48
1 48 93
1 1 99
1 13 52
1 4 57
2 70 94
2 24 32
1 70 95
1 48 78
2 31 65
1 16 75
1 17 71
2 18 66
2 23 87
1 16 22
1 7 38
1 42 66
2 13 17
2 28 80
2 87 88
2 24 82
1 21 47
1 67 77
1 27 93
1 30 37
1 66 75
1 35 65
1 57 68
2 43 73
2 35 100
1 9 33
2 64 100
1 35 56
2 5 75
1 14 79
1 25 65
1 25 69
2 79 100
1 17 71
2 20 31
2 2 89
1 4 69
1 19 82
2 49 80
2 74 82
2 23 100
1 27 53
1 2 82
