1000 5000
1 1 0 0 0 1 1 1 1 0 0 1 1 0 0 0 0 1 0 1 0 0 1 0 1 0 0 0 1 0 1 0 0 0 0 0 1 1 0 0 1 0 0 1 0 0 1 0 0 0 0 0 1 0 1 0 0 0 1 1 0 1 1 0 1 1 1 0 1 1 0 0 1 1 1 0 0 1 0 0 0 0 0 0 1 1 0 1 1 0 1 1 0 0 0 0 1 0 0 0 1 1 1 0 0 1 0 0 0 1 1 1 0 0 0 1 0 1 1 1 0 0 0 1 1 1 0 1 0 0 1 0 1 0 1 0 1 1 0 0 0 1 1 1 1 1 1 0 0 1 1 0 0 0 0 1 1 1 0 1 0 0 1 0 0 1 1 0 0 1 0 1 1 1 0 0 1 1 1 0 0 0 0 0 0 1 1 0 1 0 0 1 0 1 0 0 0 0 0 1 0 1 1 0 0 0 1 0 1 0 1 0 0 1 1 1 1 0 0 0 0 1 1 1 0 1 1 1 0 0 0 0 0 1 0 0 1 0 1 0 1 1 1 1 1 0 1 0 1 0 1 0 0 1 1 0 1 0 1 0 0 1 1 0 0 1 1 0 1 0 1 0 0 0 0 0 1 0 1 0 1 1 0 1 0 1 0 1 1 1 1 1 0 1 0 1 0 1 0 1 1 0 1 0 1 0 1 1 1 0 1 1 1 0 1 0 0 1 0 0 0 0 0 0 0 1 0 0 0 0 0 1 0 1 1 0 1 1 0 1 0 0 1 0 0 1 0 0 1 1 0 1 0 1 1 1 0 0 0 1 0 1 0 1 1 1 1 0 1 1 0 0 1 1 1 1 0 0 1 1 0 0 0 1 1 0 1 1 1 1 1 0 0 1 0 1 1 1 0 1 0 0 0 1 1 1 1 0 1 1 0 0 1 1 1 1 1 0 1 0 1 1 0 1 1 0 0 0 1 1 1 0 0 0 1 1 1 0 1 0 1 1 0 0 0 1 0 0 1 1 0 1 1 0 1 1 1 1 0 0 0 0 1 1 1 0 1 0 0 1 1 1 1 0 0 0 1 1 0 1 1 0 1 0 0 1 0 1 1 1 1 1 0 0 1 0 0 0 1 0 0 0 1 1 0 1 1 1 0 0 0 0 1 0 1 1 1 0 1 0 1 1 0 1 0 0 0 0 1 1 1 1 1 0 0 0 0 1 0 0 1 1 0 1 0 0 0 1 0 1 0 0 0 0 0 0 0 0 0 0 0 1 1 0 0 0 0 1 1 0 1 0 1 0 1 0 0 1 1 0 0 1 0 1 1 1 1 1 0 0 1 0 1 1 1 0 0 1 1 1 1 1 1 1 1 1 0 0 0 0 1 0 1 0 1 1 1 1 0 1 1 0 1 0 0 1 1 1 0 1 1 0 1 0 0 0 0 0 1 1 1 0 0 0 0 0 0 0 1 0 1 1 0 0 1 1 0 1 1 1 0 0 1 0 0 1 1 0 0 1 0 1 0 1 1 1 1 0 1 1 1 1 1 1 1 1 0 1 1 1 1 1 1 1 1 0 0 0 1 0 1 0 0 0 0 1 0 0 1 0 1 0 1 1 1 0 0 1 1 1 1 1 1 1 0 1 0 1 0 1 0 1 1 1 0 0 1 0 0 0 0 0 1 1 0 1 1 0 0 0 0 1 1 0 0 1 0 1 1 0 1 0 1 0 0 1 0 0 0 0 0 1 1 1 1 0 1 1 1 0 1 1 0 1 1 0 1 0 1 0 1 1 1 0 0 0 0 0 0 1 0 0 0 1 1 1 0 1 0 0 0 0 1 1 1 0 0 1 0 1 1 1 1 1 0 0 1 1 1 0 1 0 1 0 0 0 1 1 0 1 1 1 1 0 0 0 1 1 1 0 0 0 1 1 0 1 0 1 0 0 1 1 1 1 0 0 1 1 0 1 1 0 1 1 0 0 1 0 0 1 0 1 0 0 0 0 1 0 1 1 1 0 1 0 0 0 1 0 0 1 1 1 1 1 0 0 0 1 0 0 1 1 0 1 0 0 1 0 0 0 0 1 1 1 1 1 1 0 1 0 0 1 0 0 1 1 1 1 1 0 0 1 1 1 1 1 0 0 1 1 1 0 1 1 0 1 1 0 0 0 0 0 0 0 0 1 0 1 1 0 0 1 0 1 1 0 1 1 0 1 0 0 1 1 0 1 1 0 1 1 0 1 1 0 0 1 1 1 1 1 
2 358 554
2 823 832
2 109 651
1 285 921
2 325 540
2 152 251
1 450 539
1 70 357
1 52 129
2 348 458
2 74 532
1 906 941
2 274 791
1 67 843
1 193 901
2 204 738
1 29 207
2 57 100
2 48 609
2 613 832
1 455 648
2 87 700
2 467 555
2 329 336
2 20 746
1 441 460
1 544 907
1 641 700
2 45 173
1 141 337
2 346 867
2 254 517
2 48 376
2 763 862
1 455 645
2 100 566
1 345 860
2 209 240
2 152 307
1 653 655
1 267 411
1 902 953
2 317 962
1 295 435
1 46 635
1 730 870
2 64 130
2 118 857
1 856 919
1 212 706
2 117 643
1 221 510
1 537 890
1 464 804
1 392 912
1 28 150
2 656 941
1 602 803
2 51 432
1 692 957
1 89 386
2 244 487
1 369 477
2 159 822
2 235 692
2 358 909
2 572 643
2 663 882
1 385 753
1 458 714
2 187 335
1 59 110
2 836 911
1 416 963
1 502 689
1 118 859
2 40 480
1 164 759
2 512 728
2 19 388
1 187 505
1 174 512
1 178 785
1 338 632
2 300 332
1 144 605
2 370 640
2 127 807
2 96 100
2 428 691
1 25 363
2 187 869
2 227 915
2 781 847
2 252 860
2 21 328
1 237 346
2 325 653
2 300 436
2 428 785
2 445 547
1 228 661
2 55 254
2 189 576
2 70 75
1 689 736
2 303 557
1 60 341
2 292 989
2 8 713
1 727 943
2 68 629
1 374 526
1 479 980
1 689 742
1 287 712
2 177 926
1 98 741
2 341 487
1 40 420
1 76 501
2 763 803
2 846 912
1 372 401
2 145 159
1 517 862
1 730 900
1 154 836
2 508 966
2 304 914
2 509 519
2 70 814
1 93 250
1 861 952
2 352 727
2 766 954
2 162 321
1 222 488
1 289 677
2 473 963
1 90 901
2 566 969
2 72 725
2 924 967
1 100 885
2 665 972
2 67 947
1 815 917
1 100 594
1 760 817
1 186 446
1 347 756
1 241 989
2 251 706
2 11 566
1 331 468
1 469 693
1 770 851
2 519 929
1 96 139
1 84 501
1 613 716
1 162 776
2 247 985
2 371 974
2 337 760
1 21 802
1 423 483
2 112 463
1 47 503
1 738 930
1 134 460
2 226 681
1 162 761
2 561 570
1 838 920
1 502 855
2 273 969
2 1 176
2 40 899
2 53 333
1 517 818
1 374 605
1 736 889
1 238 332
2 264 962
2 94 428
1 119 208
1 634 660
2 220 773
1 475 933
1 88 822
1 36 948
1 333 691
1 529 755
2 464 653
2 542 691
1 652 654
2 620 741
2 94 781
1 363 540
2 18 846
2 380 958
2 716 856
1 438 684
2 103 963
2 327 901
1 501 868
2 634 833
2 181 255
2 67 94
2 104 270
1 386 952
2 346 782
2 129 910
1 376 404
1 651 830
2 57 646
1 211 855
1 42 894
1 689 869
2 468 864
2 134 915
2 49 927
1 47 554
2 450 496
2 10 676
2 276 405
1 106 781
2 390 795
2 73 165
1 385 911
1 222 431
2 180 943
1 70 235
1 442 940
1 322 713
2 145 521
2 154 164
1 661 801
2 174 586
1 177 655
2 173 749
1 79 276
2 815 935
1 315 895
1 556 654
2 404 737
2 157 983
2 186 763
2 120 950
2 389 983
1 215 395
1 343 830
2 599 837
1 61 360
2 379 422
1 139 709
1 501 674
1 86 787
1 719 775
1 181 300
2 457 472
1 345 878
2 88 538
2 760 877
2 439 510
1 166 800
1 36 990
2 907 946
1 130 224
1 51 457
2 326 956
2 126 990
2 16 32
1 106 354
1 49 306
2 541 891
2 395 541
2 111 982
2 843 859
2 655 744
1 130 499
2 107 720
2 749 897
2 39 208
1 857 883
2 152 695
2 145 669
2 532 924
2 525 755
2 377 792
2 160 862
2 658 940
2 44 732
2 101 225
1 57 727
1 84 503
1 186 995
2 195 881
2 792 933
2 512 523
1 555 843
2 313 438
1 319 499
1 124 219
1 851 854
2 575 790
1 53 699
2 575 658
1 784 990
2 691 989
1 295 902
2 190 512
2 295 701
1 500 590
2 489 960
1 315 911
2 622 919
1 190 294
2 718 961
1 1 298
2 753 922
1 469 579
2 267 602
2 180 181
2 347 437
2 197 780
2 451 769
1 690 986
1 86 290
1 530 579
2 212 726
1 506 900
1 378 598
1 517 900
1 587 710
2 826 994
1 422 892
2 344 669
1 208 524
2 395 665
1 151 654
1 529 713
2 50 365
2 31 469
2 357 485
2 26 764
1 753 778
2 151 283
2 557 616
1 461 513
2 331 558
1 108 364
1 625 825
2 17 351
1 164 367
1 620 817
1 217 548
2 758 807
1 617 697
2 369 418
2 242 633
2 125 548
2 215 397
1 198 453
1 215 891
1 131 724
1 412 662
1 262 426
1 264 726
1 129 553
1 409 793
2 774 782
2 99 145
2 489 800
2 379 537
2 162 181
1 67 206
1 504 938
1 147 522
1 274 397
1 85 229
1 67 229
2 414 713
2 38 448
2 803 822
1 24 24
1 416 845
2 234 887
1 542 864
1 256 449
1 773 832
1 240 878
1 28 678
2 68 540
1 149 537
2 384 558
2 357 758
2 369 616
2 116 848
1 568 654
1 280 735
2 69 512
2 1 610
2 324 935
2 42 612
2 411 480
2 721 727
2 65 448
2 295 484
2 384 929
2 772 848
1 165 320
1 312 642
2 488 915
1 44 895
2 598 739
2 104 212
1 149 172
2 230 990
2 231 527
1 686 753
1 490 979
2 219 552
1 322 595
2 964 972
2 445 636
2 557 824
1 71 276
1 346 708
2 79 576
1 181 376
2 457 816
1 353 833
2 220 552
1 343 963
2 600 811
2 743 920
2 550 638
2 269 543
1 461 714
2 635 852
1 201 301
2 46 564
2 140 600
2 158 696
1 200 499
1 588 633
2 511 844
1 445 839
2 143 373
1 14 347
2 85 866
1 293 860
2 609 968
2 787 834
2 337 387
1 170 768
2 580 967
2 283 611
2 192 567
1 511 988
1 848 915
2 207 415
2 495 955
2 161 960
2 755 756
1 294 908
1 500 623
1 562 657
1 747 752
2 288 919
2 220 371
1 138 624
2 206 624
2 452 740
1 42 462
1 368 521
1 101 203
2 330 336
2 195 673
2 144 387
1 57 215
1 122 466
1 374 855
1 5 170
2 94 274
2 110 830
1 345 842
2 388 756
1 163 847
2 455 923
2 284 811
2 645 818
1 30 381
1 66 119
1 406 528
1 585 676
2 558 638
1 110 859
1 181 661
1 192 623
1 268 913
1 460 994
2 584 884
1 485 925
1 194 595
2 56 672
2 150 163
2 554 793
1 155 621
2 351 735
1 597 768
1 176 532
1 125 311
2 825 876
2 473 595
1 500 936
2 104 639
2 30 754
1 322 367
2 35 380
1 274 811
1 92 275
1 133 497
1 162 823
2 359 950
2 423 466
1 649 868
1 897 933
1 520 622
1 396 660
1 447 676
2 698 833
2 38 150
2 638 974
1 389 400
1 731 952
1 239 860
1 318 790
1 151 632
1 205 396
1 360 792
1 8 704
1 652 871
2 136 137
2 72 230
1 182 773
1 228 1000
2 122 241
2 176 842
1 589 980
2 397 465
2 234 240
2 731 970
1 259 585
2 143 168
2 424 572
2 246 738
2 690 871
2 572 965
1 119 999
2 486 630
2 515 855
2 19 861
2 433 465
2 269 294
2 731 791
2 703 892
1 420 546
1 108 617
2 459 915
2 42 936
1 741 813
1 597 654
2 615 906
1 333 396
2 650 664
1 105 645
1 584 920
1 352 503
1 214 316
1 122 537
2 564 764
1 497 700
2 384 660
1 10 191
2 453 824
1 350 581
1 30 550
1 343 596
1 702 919
1 19 302
2 733 799
2 312 821
2 31 86
1 33 226
1 618 962
1 670 982
1 234 733
1 609 921
2 651 847
1 76 142
1 110 628
2 380 759
1 52 441
1 278 650
1 701 833
1 311 709
1 170 812
1 292 413
2 274 674
2 58 290
2 37 370
1 699 732
2 268 683
1 430 797
1 152 327
2 415 538
2 431 601
2 847 975
1 364 913
1 340 793
1 232 681
2 454 530
1 493 821
1 206 696
2 432 693
1 618 773
1 220 664
2 524 964
2 275 391
1 92 942
1 53 405
1 260 946
2 500 894
1 534 698
1 424 558
2 189 609
2 379 919
1 154 550
2 329 761
2 676 723
2 22 332
1 572 791
1 883 971
1 503 639
2 616 975
1 155 568
2 153 860
2 406 740
2 363 488
2 491 663
2 225 1000
1 474 942
1 184 333
2 36 381
2 106 646
2 374 377
2 187 370
2 543 945
1 247 616
2 441 910
2 54 346
1 120 427
1 151 753
1 246 535
1 124 221
2 5 631
1 186 620
1 173 506
1 591 712
2 734 771
1 288 681
1 70 933
2 96 490
2 29 437
2 510 686
2 369 750
1 758 843
1 228 881
1 377 882
1 664 822
2 402 462
2 67 312
2 395 865
1 75 570
2 166 485
2 758 976
1 244 567
1 375 665
1 350 571
2 167 233
1 228 946
2 210 876
1 370 440
1 460 586
1 31 103
1 885 976
1 456 833
2 224 669
1 173 700
1 266 836
2 539 926
1 4 225
2 156 632
1 46 324
2 350 451
1 49 962
2 303 823
1 431 882
2 171 922
2 584 607
1 9 936
1 346 807
2 326 549
2 886 994
1 111 164
2 68 652
2 47 888
2 339 533
1 524 688
1 334 826
2 243 563
2 154 269
2 634 835
2 119 619
1 416 539
1 7 94
2 165 542
2 270 569
1 199 664
1 529 899
1 495 776
1 473 951
1 54 363
2 608 950
1 609 833
2 17 309
1 7 198
1 378 633
1 438 968
1 238 287
2 37 605
1 140 697
1 842 906
1 258 547
1 652 665
1 249 891
2 211 642
1 721 829
2 271 803
1 650 924
2 917 965
2 54 354
1 310 417
1 142 623
1 422 446
1 151 796
2 196 762
2 491 617
2 327 708
1 298 559
1 757 783
1 280 842
2 603 967
1 324 655
1 714 763
2 690 927
1 42 885
1 556 867
2 691 823
2 499 968
1 147 292
1 95 603
2 13 632
2 442 524
1 585 651
2 908 924
1 761 970
2 286 759
1 766 910
1 121 993
1 44 833
2 533 740
1 589 723
2 248 667
2 562 588
1 445 715
2 718 890
1 864 977
2 40 851
1 403 881
2 350 870
1 129 931
2 9 768
1 76 711
1 479 824
1 155 438
1 247 316
2 150 588
1 777 975
2 549 923
1 112 917
1 285 342
2 248 405
1 207 523
2 66 732
1 201 525
1 44 858
1 426 797
1 65 108
1 54 358
1 432 620
2 157 865
2 299 555
1 14 17
1 3 438
2 249 680
1 437 602
2 50 494
2 35 268
1 669 919
1 39 547
2 181 987
2 137 918
2 382 841
1 534 701
2 84 701
2 23 224
2 575 618
2 66 843
1 300 857
1 31 262
1 347 873
2 64 581
2 435 590
1 456 761
1 120 991
2 332 542
2 9 473
2 158 974
2 618 727
2 545 858
2 501 529
1 67 263
1 529 824
2 234 382
1 423 437
1 69 585
1 835 845
1 312 946
2 43 861
1 517 672
2 386 579
2 577 784
1 364 768
1 52 429
1 126 577
1 93 883
2 230 530
2 446 490
1 308 399
1 328 616
1 188 615
2 189 536
1 805 900
2 22 714
2 55 65
2 164 778
1 156 286
2 209 454
2 153 795
1 267 389
1 640 892
1 688 716
2 320 593
2 271 797
2 397 409
2 48 254
2 484 852
2 191 668
1 399 695
1 501 686
2 761 842
2 14 783
1 185 327
2 210 505
1 752 783
2 235 615
1 336 365
2 107 283
2 504 657
1 874 990
1 80 813
2 892 924
2 120 347
1 278 707
1 444 553
2 186 276
1 355 727
1 597 955
2 881 953
2 99 793
1 55 682
2 852 867
2 696 971
1 554 730
1 92 459
2 71 744
1 201 213
1 344 570
1 766 788
2 73 113
1 167 191
1 33 938
1 858 862
1 433 454
2 63 120
1 119 984
1 375 749
1 739 989
1 859 880
1 85 586
2 49 338
2 37 954
2 322 705
2 95 194
1 155 750
1 381 870
2 267 679
2 324 657
1 16 975
2 127 944
1 334 888
2 519 826
1 88 801
1 415 744
1 158 688
2 172 333
1 559 835
2 830 858
1 163 600
2 96 347
1 830 837
2 296 771
1 277 808
1 911 984
1 542 930
2 4 401
2 7 391
1 150 804
1 570 872
1 718 891
1 373 851
1 176 792
1 542 965
2 16 197
1 486 895
1 369 374
1 416 563
1 622 634
2 102 880
2 149 174
2 227 921
1 663 931
1 416 998
2 138 150
2 105 664
1 46 901
2 106 514
1 129 895
1 235 262
1 253 713
1 651 905
2 790 860
1 446 475
1 193 282
2 619 633
1 226 975
2 571 957
1 511 823
2 322 440
1 833 980
2 600 804
1 198 787
2 15 231
2 99 291
1 461 666
2 14 878
1 133 395
2 465 917
2 373 684
2 159 240
2 612 920
1 321 467
2 72 223
2 522 914
2 548 875
1 337 355
1 459 786
1 429 814
1 620 934
1 396 467
2 35 930
2 486 546
2 38 394
1 351 554
2 166 930
1 588 722
1 890 942
2 845 991
2 629 984
2 91 273
1 497 581
1 120 321
2 528 956
2 332 962
2 376 952
1 371 497
2 88 790
2 608 822
1 434 518
1 643 787
1 434 745
1 252 851
1 46 994
1 661 782
1 155 339
2 120 629
1 539 660
2 654 890
2 101 279
1 186 278
2 95 756
1 519 779
1 440 565
2 238 306
1 121 819
2 211 330
1 201 314
1 118 965
2 111 942
1 566 743
1 212 954
2 255 531
2 26 802
2 499 573
1 299 679
1 39 376
2 465 604
1 208 729
1 559 851
1 305 772
1 157 846
2 269 761
1 297 891
1 381 639
1 104 658
1 657 778
1 618 885
2 844 925
2 769 930
2 147 490
1 308 537
1 574 896
1 290 361
2 677 820
1 16 739
1 758 934
1 417 471
1 89 94
1 431 761
1 261 585
2 141 712
2 432 497
1 544 806
1 89 173
2 641 799
1 205 540
1 352 569
2 31 526
1 358 569
1 163 608
2 467 623
1 18 655
1 428 699
2 269 496
1 202 927
2 818 961
2 481 492
2 1 164
1 597 681
2 839 866
1 115 292
1 394 634
1 194 670
2 449 874
1 183 519
2 621 757
1 784 969
2 332 755
1 501 951
1 323 398
1 151 739
2 103 834
2 475 528
2 242 875
2 127 725
2 590 591
2 246 469
2 304 767
1 138 585
2 255 675
2 774 884
2 689 816
1 310 817
2 267 743
1 255 812
1 332 840
1 680 899
1 419 443
2 239 460
2 346 642
1 205 921
2 409 570
2 21 673
2 671 985
2 188 771
2 759 826
2 28 879
2 91 209
2 395 774
2 290 988
2 294 785
2 4 726
2 203 737
2 635 737
2 195 259
2 467 615
2 2 166
1 153 216
1 48 871
2 675 690
1 202 528
1 57 189
2 500 709
1 492 610
2 38 850
2 640 882
2 126 512
2 479 822
2 197 461
2 178 685
2 779 830
1 183 714
2 388 656
2 607 944
1 181 478
2 366 509
1 379 784
2 379 879
1 66 447
2 450 774
1 322 862
2 126 194
1 661 927
1 105 642
2 205 297
1 49 633
1 35 514
2 138 169
1 216 678
1 775 798
1 222 801
1 156 721
2 104 273
2 37 693
2 242 822
2 20 979
2 109 138
1 732 961
2 563 849
1 369 760
1 633 864
2 412 714
2 764 787
2 132 704
2 38 145
1 62 110
2 59 77
1 109 143
2 827 855
2 218 227
2 55 164
2 78 990
1 481 491
2 424 878
2 124 829
2 777 830
1 122 775
2 132 439
2 146 668
2 211 843
1 852 873
1 517 667
2 220 276
1 751 994
2 70 570
2 89 741
1 318 950
1 64 297
2 730 913
2 672 807
1 740 850
1 330 702
2 575 952
1 138 894
2 403 801
2 372 945
1 697 854
2 511 591
2 289 616
2 424 915
1 677 765
1 433 653
2 690 811
1 361 570
1 469 521
1 241 697
1 184 499
2 343 880
1 427 468
2 367 863
1 238 564
2 565 738
1 690 765
1 74 426
1 98 359
1 236 883
2 720 869
2 392 808
2 745 881
1 377 718
2 9 418
1 179 896
1 189 468
2 299 383
1 497 580
1 229 683
1 495 868
1 787 990
1 775 838
2 158 434
2 41 976
2 225 284
1 76 742
1 673 959
2 71 479
1 156 819
1 385 627
1 30 949
2 464 469
1 828 847
2 564 585
1 411 538
1 78 307
1 225 699
2 352 582
2 580 932
1 213 231
2 618 643
2 204 384
1 124 803
2 121 533
1 304 668
2 62 879
2 167 635
2 438 605
2 388 657
1 739 797
2 47 281
2 129 509
2 263 273
2 517 648
2 47 403
2 174 633
2 470 743
1 198 944
1 470 728
1 542 973
2 108 636
2 515 981
2 320 684
1 505 528
2 730 870
2 26 114
2 540 663
2 20 828
2 855 904
2 288 538
1 735 963
2 253 935
2 375 540
1 168 819
2 20 349
1 408 454
2 319 968
1 836 923
1 31 325
1 271 515
2 652 949
2 646 756
2 553 877
1 877 892
2 613 659
1 104 183
2 592 989
2 28 525
1 34 139
1 210 452
1 805 863
2 417 563
1 102 248
2 349 910
1 380 912
1 405 431
2 531 907
1 226 348
1 77 826
2 154 973
1 65 615
2 525 758
2 252 296
2 405 677
1 506 631
1 357 877
2 358 500
1 394 670
2 702 731
1 760 817
1 597 815
2 203 369
1 835 854
2 132 419
2 63 861
2 181 419
2 571 834
2 441 482
1 202 659
1 442 660
2 749 868
1 758 913
2 13 448
1 746 834
1 262 324
1 146 316
2 480 540
2 491 880
2 311 825
1 438 694
1 331 912
2 421 500
1 714 987
2 341 995
2 478 683
1 286 313
1 53 702
2 238 906
2 129 926
2 144 921
2 608 643
2 387 466
1 630 662
1 12 75
1 136 537
1 317 848
2 6 125
1 454 597
1 276 388
1 195 279
1 292 558
1 484 700
2 404 883
1 408 809
1 777 1000
2 575 940
2 147 788
2 392 779
2 689 904
2 753 762
1 380 434
1 340 969
1 158 313
1 494 904
2 367 766
2 253 720
2 43 524
2 121 861
1 49 60
2 134 808
2 204 987
2 361 573
1 558 596
1 601 807
2 344 753
2 680 783
2 89 539
1 188 294
1 554 957
2 235 871
2 140 570
1 41 437
2 575 653
2 386 924
2 640 706
1 183 372
1 52 906
2 464 686
1 357 777
2 642 844
2 51 135
2 47 50
2 416 873
2 243 736
2 348 445
1 263 392
2 484 861
2 606 720
2 260 420
1 347 406
1 64 704
1 572 998
2 363 791
1 4 927
2 268 632
2 709 836
2 234 620
1 53 480
1 234 881
2 255 716
2 261 730
1 434 931
1 373 952
2 699 826
1 148 950
1 558 914
2 599 706
2 25 627
2 471 781
2 315 512
2 589 640
2 83 195
1 461 730
1 161 612
2 172 690
1 230 435
2 112 572
1 257 421
1 299 923
2 593 772
1 591 984
2 148 239
2 270 950
2 107 769
1 11 933
2 311 369
2 303 894
1 104 371
1 351 967
1 675 813
2 368 433
2 1 616
2 367 960
2 316 490
2 109 852
2 388 905
1 647 690
1 39 952
1 236 610
2 181 412
1 430 682
1 281 871
1 283 690
1 269 726
2 537 961
2 579 779
1 283 909
2 232 306
2 4 405
1 510 519
2 32 601
2 568 628
1 146 342
2 300 783
1 772 887
1 255 995
1 105 773
1 619 642
1 64 778
2 343 718
2 7 744
2 13 948
2 111 595
2 134 225
1 712 961
1 508 571
2 42 68
1 68 582
2 187 999
1 30 450
2 841 854
1 15 57
1 151 294
1 199 720
1 436 886
1 310 996
1 212 272
1 325 808
2 215 356
1 46 717
2 477 512
2 531 859
1 53 728
1 247 407
1 666 714
2 208 631
1 387 736
2 718 753
2 338 715
2 460 984
1 500 507
1 380 922
1 87 977
1 466 642
1 583 795
1 503 794
2 555 568
2 354 666
1 316 414
1 217 587
1 54 216
2 202 947
1 960 982
2 232 498
2 35 169
1 409 683
1 195 492
2 16 487
1 262 800
2 607 785
1 117 441
2 556 874
2 589 742
2 321 901
2 163 235
2 264 418
1 4 62
2 107 915
2 186 710
2 692 748
2 414 596
2 218 437
1 132 245
2 490 675
2 187 349
2 314 796
1 118 597
1 60 323
2 223 552
2 722 740
2 206 584
1 20 684
1 333 481
1 27 622
1 818 827
1 140 331
2 403 441
2 862 933
2 403 839
1 62 568
2 623 995
2 420 620
1 249 633
2 388 578
2 129 943
2 32 248
1 315 620
2 55 937
1 487 695
1 281 332
2 546 627
2 247 944
2 169 221
2 526 634
1 351 700
2 141 520
1 200 982
2 306 645
2 869 901
1 274 586
2 408 496
1 58 638
2 747 916
1 177 715
1 210 652
2 303 352
2 377 994
2 341 927
1 513 568
2 307 729
2 327 562
1 112 392
2 382 635
2 637 665
1 372 751
1 22 690
2 235 643
2 149 929
1 127 331
1 259 916
2 74 522
1 100 121
1 566 872
2 305 513
2 118 768
1 201 839
2 548 560
2 309 680
2 450 765
2 53 564
1 55 983
2 216 398
1 151 850
1 137 529
1 392 647
1 87 344
2 456 712
1 175 183
1 147 632
1 184 293
1 240 673
1 376 648
1 309 865
1 303 779
1 442 566
1 415 642
1 200 317
2 100 576
2 44 983
2 459 550
2 375 991
2 429 955
2 107 951
2 382 918
2 112 517
2 670 792
1 258 275
1 98 216
1 122 238
2 361 498
2 656 973
1 328 588
1 147 551
2 291 780
2 656 782
1 87 920
2 413 620
2 231 670
2 318 562
1 430 692
1 459 904
1 570 773
1 231 449
1 239 239
1 309 337
2 171 776
1 160 839
1 749 962
1 334 800
2 485 936
1 247 376
2 69 616
2 42 788
1 122 655
2 86 236
2 241 431
1 578 885
1 566 647
1 191 218
1 470 526
2 452 958
2 103 378
2 108 686
1 37 328
1 259 767
1 137 412
2 755 994
2 370 616
1 23 475
2 165 243
1 213 395
1 490 816
1 667 738
2 499 505
2 93 130
2 136 671
1 203 904
2 143 410
1 762 960
2 292 509
2 827 852
1 454 651
2 52 633
1 223 857
1 200 571
2 338 766
2 190 223
1 695 805
2 667 984
1 214 256
1 278 536
1 30 273
1 235 461
2 190 690
1 365 432
2 177 767
2 516 662
1 2 645
1 359 876
1 93 621
2 578 692
1 518 999
2 317 341
1 85 816
2 100 779
2 798 887
1 137 711
2 164 465
2 241 277
1 483 985
2 274 515
2 722 936
2 101 927
1 489 948
1 62 820
1 623 808
1 207 839
1 276 701
1 526 945
1 267 987
2 255 587
2 412 555
1 727 802
2 681 762
2 219 837
1 294 850
2 373 438
1 55 444
2 734 842
2 353 377
1 548 576
2 237 382
1 382 928
1 654 777
1 418 749
1 169 664
2 759 940
1 508 552
2 207 597
1 29 329
1 411 656
1 39 536
1 9 457
1 75 907
1 218 981
2 4 108
1 559 767
2 321 710
2 67 68
2 613 860
2 225 556
2 174 866
2 58 654
1 295 583
2 737 856
2 752 969
2 363 969
1 147 811
2 86 677
1 111 264
1 51 385
1 285 836
1 456 560
1 565 764
2 15 405
1 14 150
2 44 983
1 186 565
1 579 710
2 469 672
1 659 792
1 389 439
2 58 560
2 511 647
2 737 937
1 69 741
1 88 748
2 624 916
1 376 814
2 994 998
2 689 831
2 12 360
2 379 808
2 67 131
2 386 489
2 485 977
1 117 914
2 656 918
2 391 469
1 151 286
2 555 771
2 237 952
1 205 953
2 58 746
2 308 495
1 593 755
2 731 971
2 257 681
1 13 346
2 42 921
1 533 852
1 246 251
1 390 424
2 547 593
1 368 673
2 761 859
2 287 392
1 880 882
1 142 409
1 660 957
1 568 945
2 226 695
1 159 159
1 849 976
1 458 547
1 723 880
2 475 871
1 380 928
2 512 690
1 842 894
2 185 993
1 299 965
1 43 990
1 87 972
1 69 299
2 776 971
2 277 385
2 344 387
1 435 820
2 281 312
1 250 692
1 7 854
1 482 886
1 428 901
2 66 797
1 644 849
1 386 802
2 580 823
2 388 423
2 130 658
2 248 827
1 872 902
1 107 647
2 353 583
1 236 261
1 240 734
1 712 979
2 322 889
1 177 861
1 283 625
2 23 887
2 144 758
2 81 326
1 186 957
2 402 815
1 154 759
2 340 942
1 124 222
2 188 998
1 123 682
1 176 427
2 274 420
2 103 794
2 179 598
1 149 406
1 242 618
2 241 385
1 12 675
2 49 177
1 134 991
1 86 214
2 527 912
1 175 993
1 455 495
2 82 869
1 370 951
2 286 567
2 159 763
1 86 476
2 697 860
1 746 897
2 72 961
1 221 236
1 122 499
2 335 871
2 689 942
1 99 286
2 372 528
1 411 436
1 152 750
1 177 489
1 13 201
1 316 985
1 351 897
1 752 882
2 7 644
1 296 794
2 821 903
1 506 938
2 27 871
1 706 769
2 386 770
2 388 438
2 433 603
2 428 944
1 296 782
1 277 592
1 584 664
2 106 428
2 67 233
1 87 961
1 331 887
2 488 599
1 468 689
1 517 624
2 573 866
2 334 505
1 452 984
1 284 435
2 91 267
1 497 951
1 518 789
1 137 368
2 372 399
2 726 835
2 518 638
1 891 989
2 62 663
1 198 411
2 459 887
1 15 826
2 190 723
1 526 642
2 201 379
1 145 671
2 171 675
2 430 669
2 220 322
2 200 312
1 201 799
1 312 350
1 115 280
2 825 997
1 276 319
1 22 375
2 325 687
2 85 599
1 109 876
1 530 762
2 682 757
1 473 943
2 3 818
1 242 922
1 348 812
2 635 817
1 567 730
2 518 581
1 224 637
1 27 37
2 872 973
1 451 837
1 262 953
2 709 904
2 364 878
1 837 895
1 683 861
2 484 767
2 30 555
2 691 912
1 211 981
2 195 525
2 707 874
2 91 896
2 650 755
2 142 488
2 98 372
1 222 358
1 257 854
2 449 615
1 102 505
1 4 91
2 531 781
2 17 695
1 338 926
1 426 553
1 282 955
1 165 763
2 139 993
2 224 748
1 139 815
1 226 830
1 343 802
2 441 458
1 112 886
2 207 386
1 25 161
1 499 685
2 288 913
2 158 348
1 238 803
1 57 1000
1 33 780
1 356 995
1 269 650
2 85 118
2 15 442
2 519 821
1 32 733
2 530 674
2 133 949
1 303 580
1 735 899
2 626 888
2 198 993
1 554 572
2 451 586
2 741 878
2 305 545
1 304 595
2 92 311
1 361 771
2 264 955
2 24 278
2 456 744
2 308 724
1 257 679
2 458 826
2 49 121
1 458 539
2 122 314
1 36 911
2 5 10
2 664 925
1 257 539
2 139 737
1 408 576
2 423 476
2 261 971
2 192 848
1 9 973
2 738 810
1 95 617
1 67 936
2 454 709
1 252 794
1 609 910
1 306 762
2 359 970
2 635 821
2 476 938
1 646 817
1 562 910
1 35 503
1 178 673
2 411 632
2 73 375
1 37 122
1 124 496
1 229 388
1 546 931
2 271 325
1 327 903
2 209 400
2 583 916
2 547 553
1 400 735
1 595 771
2 18 680
2 23 688
2 291 578
1 25 440
2 199 240
1 102 527
1 153 824
1 715 732
2 324 766
2 100 847
2 412 691
2 286 464
2 136 186
1 528 696
1 187 931
1 201 898
1 6 155
2 18 557
1 313 350
2 100 219
2 64 455
2 559 891
1 152 995
1 464 914
2 682 776
2 199 774
1 73 807
2 619 678
1 7 53
2 283 584
1 232 938
2 188 276
2 396 721
1 73 202
1 495 660
2 523 951
1 228 364
2 198 225
1 282 734
1 217 219
1 81 895
1 100 866
2 411 485
2 370 869
2 47 181
2 317 563
1 35 91
2 652 652
1 851 957
1 249 417
2 396 955
1 89 231
1 64 802
1 318 676
1 191 476
2 491 729
1 66 813
2 183 463
2 513 969
2 34 61
2 487 686
2 675 927
2 294 909
2 204 380
1 583 587
1 111 292
1 491 846
1 330 969
2 179 505
2 16 732
2 239 366
1 942 971
2 43 64
2 51 325
1 413 702
1 204 918
1 174 980
2 1 159
2 593 867
1 243 701
2 467 532
2 374 530
2 653 760
1 15 643
2 631 923
2 313 822
1 650 703
1 91 331
2 321 354
1 38 908
2 738 926
1 413 792
1 148 631
1 331 778
1 162 558
1 330 772
1 239 473
2 227 269
2 266 599
2 182 839
2 514 927
1 388 394
1 864 947
1 459 898
2 300 431
1 54 471
2 96 475
2 378 934
2 193 377
1 144 497
2 345 768
1 559 793
2 233 776
2 331 908
2 486 715
2 332 368
2 106 758
1 360 750
1 591 837
2 218 899
2 270 748
1 763 821
1 133 583
1 359 451
2 544 552
1 117 580
2 281 861
2 552 855
1 239 666
1 211 627
1 335 755
1 926 965
1 692 844
1 28 245
2 106 443
1 89 156
1 33 562
2 78 683
1 512 808
2 147 403
1 868 916
1 196 676
2 276 796
2 49 471
2 477 944
2 252 656
2 26 333
2 189 624
2 200 832
2 848 940
2 128 996
2 411 780
2 805 854
1 522 613
2 82 130
2 55 781
2 704 906
1 208 657
1 657 919
2 583 971
1 454 723
2 50 58
1 344 811
2 678 994
2 177 663
1 645 720
1 207 529
2 291 732
1 88 752
1 58 545
1 325 866
2 254 340
2 375 964
2 12 187
2 441 566
2 25 144
2 449 658
1 255 711
1 54 282
1 590 828
2 454 583
1 60 301
2 538 640
2 163 907
2 47 557
2 226 252
2 742 885
2 197 215
2 691 844
1 134 927
1 366 473
1 843 900
1 382 947
2 9 933
1 230 297
2 712 965
2 929 989
2 303 496
1 142 709
1 339 966
1 499 871
1 372 769
2 248 559
2 206 259
1 415 853
1 41 272
2 144 245
2 122 180
2 382 711
1 237 653
2 129 530
2 810 841
1 426 733
2 121 502
2 241 306
1 334 352
1 27 606
2 143 833
2 227 458
2 608 705
1 281 977
2 363 745
2 530 607
1 60 617
1 124 531
1 436 953
1 275 732
2 136 243
1 496 709
1 129 514
2 37 260
1 686 782
2 415 630
1 297 431
2 52 784
1 95 428
2 451 969
2 43 731
1 625 837
2 239 613
2 88 461
2 329 548
1 183 690
1 195 388
1 216 956
1 83 495
1 191 404
1 141 697
2 134 934
1 759 878
2 89 646
2 85 490
2 463 683
2 482 697
2 22 149
1 458 876
2 475 803
1 881 922
2 178 330
2 558 917
2 168 812
1 130 590
2 872 945
1 645 985
2 536 670
2 97 972
1 557 607
2 247 551
2 330 679
2 432 978
1 276 498
1 181 416
1 838 896
2 151 886
2 134 902
1 12 510
2 296 919
2 850 884
2 26 860
2 273 322
1 874 948
1 44 49
1 182 183
1 63 515
1 505 822
2 133 481
1 367 372
2 250 807
2 646 768
2 171 726
1 536 649
2 271 716
1 173 297
1 288 700
1 61 494
2 824 826
2 195 630
1 60 167
1 728 956
2 211 695
1 942 995
1 168 425
2 424 469
1 621 770
2 180 875
2 136 800
2 233 629
2 849 947
1 704 961
2 265 279
2 40 936
2 933 964
1 191 594
1 336 780
2 573 749
2 150 672
2 474 760
2 259 615
1 746 862
2 15 919
2 345 406
2 709 871
2 138 522
2 747 971
1 243 576
2 229 287
1 336 363
1 159 678
1 168 420
2 79 563
1 290 417
2 510 696
2 50 911
2 151 283
1 239 623
1 149 720
2 712 960
2 292 798
2 403 993
2 85 401
1 497 551
1 148 643
1 706 871
1 374 387
1 89 950
1 767 907
2 146 606
1 203 444
1 566 802
2 297 394
1 166 881
2 17 621
2 93 100
2 603 870
1 327 464
2 236 502
1 398 415
2 114 392
2 314 941
2 206 458
2 333 595
2 1 210
1 476 899
1 93 245
1 35 109
2 6 141
1 882 905
2 166 206
1 51 497
1 366 492
2 93 941
1 503 753
2 297 437
2 230 378
2 39 189
1 586 882
1 454 937
2 593 984
2 661 964
2 793 867
2 745 807
1 472 994
1 966 985
1 848 950
2 98 524
1 446 900
2 826 844
1 16 456
2 493 981
1 514 833
2 92 854
2 280 535
1 474 717
2 705 844
2 7 582
2 68 892
2 469 836
1 69 729
1 382 452
1 478 588
2 159 666
2 252 316
1 380 382
1 653 841
2 166 612
1 452 531
2 192 403
2 103 868
1 269 789
2 562 820
2 322 457
1 170 832
1 406 765
2 643 706
1 614 944
2 549 775
2 585 928
2 473 679
1 764 930
2 178 996
1 463 737
1 533 705
2 786 812
2 122 146
1 559 598
2 472 601
1 323 835
2 86 878
2 716 847
1 213 996
1 71 417
1 691 930
2 546 630
2 68 886
2 42 740
1 288 894
2 304 441
1 218 967
2 620 715
2 616 796
2 589 707
2 460 764
2 463 784
2 16 780
1 161 449
2 542 717
1 680 785
2 22 750
2 349 971
1 907 909
1 312 366
2 514 681
1 794 913
2 161 335
1 504 926
1 300 940
1 588 633
1 680 785
1 4 747
1 407 653
2 160 839
2 525 549
1 172 982
1 221 496
2 9 514
2 122 198
1 30 350
1 208 211
2 423 872
2 761 829
2 204 969
1 259 657
1 356 674
2 521 583
1 356 708
2 361 588
2 690 877
1 200 538
1 406 839
2 458 860
2 158 500
1 861 927
2 310 357
2 144 319
2 205 851
2 347 879
1 342 937
2 140 478
2 80 625
1 71 112
2 496 937
1 453 517
1 68 783
1 627 710
2 371 428
1 683 977
1 320 774
2 76 755
2 82 574
2 593 706
1 270 935
2 31 830
2 934 980
1 236 977
1 28 225
2 38 970
1 614 862
1 462 690
1 11 316
2 607 1000
1 201 439
1 191 578
2 602 816
1 65 253
2 277 965
1 654 700
1 15 884
1 40 467
1 300 908
2 774 935
1 117 197
2 330 916
1 584 891
1 233 323
1 206 993
1 99 443
2 129 435
1 323 649
2 145 447
2 365 640
2 405 656
1 103 147
1 335 793
1 30 425
2 78 931
2 131 676
2 190 404
1 468 490
2 111 637
1 554 776
1 649 805
2 216 841
1 590 805
2 151 554
1 116 667
1 149 472
2 292 863
2 192 297
1 493 660
1 587 904
1 515 563
1 225 749
1 100 498
1 291 845
1 332 578
2 851 949
1 184 490
1 35 445
2 12 226
1 245 858
2 419 632
2 17 107
2 147 579
2 314 763
2 112 253
2 24 945
1 558 986
1 604 894
1 558 905
2 520 576
2 415 664
2 787 987
2 771 870
1 96 812
1 229 557
1 397 501
1 137 315
2 609 813
1 785 817
2 123 995
1 254 890
2 416 726
1 319 652
1 363 378
2 43 580
1 204 499
2 330 976
2 270 721
1 123 610
1 168 171
1 372 639
2 467 918
2 392 893
2 708 810
1 571 778
2 663 809
2 494 834
1 488 975
2 13 640
1 124 329
1 465 812
1 410 530
1 309 328
2 681 731
2 156 730
2 23 303
1 97 839
2 317 398
2 276 623
2 63 900
2 650 780
2 391 624
1 178 432
2 736 896
2 36 127
1 727 976
1 842 925
2 322 539
2 842 933
1 312 672
1 413 723
1 129 639
1 342 639
2 147 702
1 221 400
2 788 860
2 111 734
1 634 752
2 91 452
2 64 234
1 366 462
1 870 881
2 201 531
1 270 627
1 245 378
1 501 708
2 164 493
1 259 530
2 404 605
2 380 681
2 6 710
2 201 951
1 382 963
1 549 860
2 644 865
2 74 663
2 419 798
1 693 914
1 134 555
2 494 622
1 297 605
1 151 899
1 53 477
2 266 777
2 8 709
2 126 903
2 160 541
2 25 132
2 302 797
1 74 502
2 291 803
2 369 923
2 549 675
1 84 430
2 98 714
1 658 749
2 273 811
1 255 812
1 8 953
1 294 437
2 365 733
2 718 890
1 213 754
1 415 503
1 321 770
1 262 287
2 256 439
2 724 883
1 665 793
2 58 901
1 124 936
1 23 96
2 151 908
1 203 376
1 191 840
2 443 747
2 296 368
2 215 847
1 76 437
1 565 576
1 290 598
2 490 912
1 26 205
1 603 655
1 890 904
2 43 249
1 27 638
2 326 903
2 282 569
1 601 903
1 89 889
2 584 905
1 72 417
1 561 606
1 396 992
2 189 468
2 895 932
1 142 467
2 55 658
1 153 879
1 251 832
2 348 835
1 34 746
1 348 449
2 134 288
2 214 313
1 199 303
2 945 954
2 71 155
2 378 413
2 248 787
2 232 423
1 44 662
2 120 642
1 303 340
1 837 953
2 178 522
1 482 934
2 136 450
2 361 629
2 923 959
2 249 530
2 37 408
1 332 907
1 320 330
2 448 799
1 841 848
2 254 377
2 263 628
1 333 604
2 211 369
2 72 578
1 104 962
1 588 784
1 368 675
2 412 981
2 303 711
1 28 924
1 541 909
2 44 897
2 773 993
1 284 766
1 205 495
1 197 570
2 220 797
2 444 679
2 203 876
1 170 560
2 620 755
1 226 541
2 411 818
2 94 845
2 114 643
1 309 642
1 455 868
1 169 453
2 121 723
1 12 403
2 881 974
1 140 244
1 418 951
2 28 308
2 296 674
1 378 493
2 248 559
1 287 836
2 22 692
1 639 932
1 89 472
1 124 578
1 85 694
2 225 497
1 502 855
2 494 700
1 362 715
2 16 680
1 276 801
1 472 654
1 213 310
1 257 711
2 480 628
2 118 381
2 428 678
2 224 997
1 322 646
2 117 846
2 622 956
1 64 892
1 53 133
1 355 797
1 794 996
1 538 647
1 341 969
2 218 244
1 160 392
1 48 537
2 320 518
1 133 151
2 37 289
1 853 927
1 738 933
2 376 856
2 96 696
1 348 607
1 815 943
1 175 787
1 230 725
1 833 987
1 271 647
1 516 541
1 615 749
2 292 404
2 468 507
1 702 959
2 19 501
2 132 626
1 75 547
2 64 676
2 14 871
1 484 752
1 92 927
1 883 928
1 36 708
2 292 535
2 722 751
1 253 779
1 220 580
1 306 467
2 17 732
1 740 842
2 16 433
2 77 483
2 328 681
1 399 708
1 380 550
1 460 962
1 65 291
1 527 963
2 378 748
1 342 918
1 759 771
2 160 497
1 428 480
1 471 485
2 773 989
2 416 845
1 740 792
1 522 815
1 324 830
2 736 963
2 339 708
2 191 546
1 625 862
2 622 750
2 15 540
2 697 905
1 289 405
1 14 418
1 120 335
2 155 898
1 34 254
1 506 905
2 568 820
2 614 655
1 241 992
2 627 792
2 580 649
1 135 572
1 271 539
1 604 989
1 242 847
2 506 652
2 182 221
1 522 560
2 67 448
2 221 906
2 101 407
1 67 451
2 22 491
2 645 691
1 190 628
1 382 855
1 29 377
1 562 707
1 221 635
2 326 354
2 238 727
2 568 982
1 555 892
2 138 550
1 138 422
1 575 752
2 223 516
1 278 802
1 387 739
1 557 613
1 840 983
1 854 996
2 67 754
1 71 954
2 363 597
1 278 462
1 245 921
1 171 621
2 109 501
1 183 533
1 620 874
2 640 899
2 182 379
1 401 690
1 759 888
2 91 388
1 37 541
1 469 791
1 799 802
1 714 898
2 114 436
1 615 986
2 555 947
1 728 744
1 181 959
2 251 376
2 25 749
1 600 668
2 56 871
2 128 748
2 11 464
1 212 616
2 264 927
2 346 761
2 457 778
2 54 103
1 18 49
2 401 973
1 755 814
2 62 164
2 743 936
2 642 846
2 218 312
2 560 591
2 284 449
2 158 371
2 909 955
1 13 160
2 219 916
2 544 936
2 290 324
2 373 643
1 253 285
1 693 810
1 131 910
2 159 673
1 34 850
1 73 522
1 543 855
1 344 614
2 183 693
2 822 981
1 705 870
2 115 990
1 282 789
1 14 233
1 664 1000
1 524 558
1 151 689
2 562 623
2 122 731
1 633 702
2 195 861
1 479 487
2 253 912
1 103 868
1 272 666
1 266 790
1 15 744
2 577 848
1 15 363
1 291 824
1 199 813
2 312 588
1 39 221
1 456 868
2 397 538
1 723 910
2 22 785
1 697 805
2 290 564
1 544 728
1 319 665
1 229 966
1 678 930
1 477 948
1 191 693
1 346 647
1 356 810
2 67 865
2 244 678
1 54 533
1 391 459
2 221 411
1 377 905
2 214 543
1 535 679
1 962 963
1 60 65
2 187 450
2 516 637
2 260 830
1 170 185
1 397 551
2 285 444
2 83 926
1 224 771
1 505 784
2 37 843
1 450 974
1 153 953
1 424 847
1 408 878
2 277 567
2 751 756
2 491 546
1 216 879
2 470 825
1 113 898
2 544 953
2 486 864
1 83 870
2 397 976
1 336 442
2 15 354
1 139 292
2 152 755
1 480 764
2 323 716
1 780 896
1 170 639
2 638 860
1 148 918
1 155 390
1 316 610
2 122 755
1 534 613
1 779 953
1 351 529
2 314 510
2 648 954
1 764 933
2 432 445
2 889 954
2 163 658
1 516 908
1 316 414
2 604 863
1 282 946
1 450 574
2 368 891
1 15 773
2 27 198
1 60 474
2 38 616
2 74 857
2 201 433
1 27 272
2 571 679
1 171 492
2 182 308
2 284 346
1 347 719
2 435 870
2 646 720
1 345 518
1 529 659
1 554 603
2 705 721
2 469 892
2 434 710
2 247 891
1 627 633
1 184 458
1 13 377
1 738 911
2 492 687
1 2 328
1 117 546
2 142 810
1 332 526
2 399 472
1 861 918
2 502 545
2 423 989
2 597 918
2 521 859
2 396 606
1 433 736
1 80 576
2 246 470
2 7 534
2 127 207
1 594 671
2 295 750
1 183 644
1 800 875
1 159 725
2 39 97
1 387 629
1 438 518
1 650 967
1 256 292
2 512 891
2 20 56
1 313 621
2 686 868
2 578 863
1 397 812
1 168 546
2 226 341
2 144 392
1 238 434
1 171 368
2 634 783
2 139 752
1 138 189
2 53 880
2 374 676
1 31 821
2 349 691
2 293 472
2 433 727
2 876 974
1 838 929
2 202 466
2 39 46
1 179 530
1 95 400
2 412 744
1 323 769
1 145 381
1 367 907
2 875 932
2 923 946
1 408 441
2 697 925
2 485 912
1 119 374
2 849 864
1 558 750
2 662 772
2 128 425
1 18 889
2 739 763
2 529 583
1 14 523
1 306 426
1 398 847
1 101 820
1 424 945
2 432 730
2 168 359
2 629 636
1 236 847
1 95 902
1 39 295
2 644 675
1 547 926
2 60 498
2 324 670
2 6 340
1 30 444
2 594 656
1 321 648
2 35 845
1 277 859
1 189 663
1 247 835
1 232 735
1 420 626
1 14 404
1 299 618
2 376 654
1 897 937
1 552 563
2 624 900
1 334 518
1 429 599
2 168 418
2 140 310
1 362 518
2 827 848
1 480 723
2 688 932
2 157 196
2 15 326
2 291 325
1 674 967
2 225 429
1 305 781
2 708 820
1 97 816
2 275 782
2 694 831
1 332 408
2 65 568
2 31 298
2 18 789
1 505 723
1 191 839
1 278 384
2 503 917
2 462 958
1 556 800
1 489 799
1 39 733
1 439 775
1 42 216
1 31 307
1 342 419
2 344 677
2 387 483
2 200 987
1 719 887
2 41 500
2 394 913
1 377 693
2 946 958
1 148 300
2 647 680
2 181 566
2 188 765
2 481 661
1 780 967
1 1 521
2 276 613
1 672 945
2 75 270
2 20 621
2 184 722
2 458 581
1 56 952
1 241 482
2 186 225
2 508 944
2 664 1000
1 307 397
1 705 915
1 567 866
1 612 932
1 664 933
1 928 975
1 75 689
1 2 270
1 464 651
2 248 368
1 497 796
2 425 871
1 8 43
1 90 419
1 292 577
2 882 964
2 302 375
1 488 664
2 584 994
1 98 191
2 295 516
1 538 581
1 371 699
1 196 479
1 605 704
2 518 770
2 680 840
1 111 154
2 773 893
1 486 569
2 110 125
2 7 495
2 76 367
2 338 809
2 163 409
2 153 163
2 324 978
2 666 815
1 74 856
2 113 989
1 293 416
2 289 943
2 488 787
1 96 162
1 469 484
1 285 744
1 744 889
1 330 897
1 191 454
1 381 809
2 444 915
1 453 813
1 365 595
2 3 86
1 703 955
1 229 280
2 496 863
2 273 678
2 67 785
1 330 596
2 591 931
1 37 550
2 74 539
1 378 547
1 531 939
1 411 915
1 781 886
2 689 849
2 553 618
2 240 345
1 57 187
1 29 837
2 477 836
1 26 996
1 65 945
1 680 947
2 150 833
2 7 248
1 641 987
1 450 815
2 839 950
2 144 665
2 107 679
2 104 347
1 187 855
2 395 854
1 484 913
2 211 743
2 156 296
1 705 982
2 81 738
2 96 373
2 109 779
2 497 903
1 842 882
1 461 544
1 148 734
2 154 616
2 589 745
1 192 762
1 75 635
1 23 507
1 127 171
2 566 850
1 233 512
1 151 941
2 619 880
1 148 884
1 128 457
1 107 799
1 205 928
2 599 706
2 58 366
1 757 806
1 436 649
2 408 594
1 271 566
2 648 873
1 59 624
1 377 888
2 404 629
2 298 403
2 94 596
2 6 870
2 399 697
1 186 920
1 1 983
1 25 772
2 116 753
1 386 775
2 712 825
1 25 891
2 81 237
1 111 799
1 394 529
2 146 804
2 358 791
1 135 795
1 57 695
2 183 253
1 153 705
2 7 351
1 127 726
2 81 366
2 219 607
2 514 999
2 404 716
1 60 918
1 78 712
2 88 986
2 56 866
1 326 422
1 435 489
1 311 537
1 11 201
1 271 489
2 322 870
2 396 944
1 620 904
2 568 967
1 200 443
1 660 881
1 393 858
1 518 519
2 533 735
2 128 493
1 110 877
1 697 941
2 18 35
2 113 249
1 427 843
2 323 770
1 178 688
2 41 331
2 39 85
2 333 524
1 721 736
1 636 938
2 451 526
2 7 919
2 871 954
2 84 206
2 357 442
2 24 709
1 647 762
2 346 714
2 499 736
1 346 711
2 280 822
2 311 737
1 473 631
2 5 944
1 184 401
2 435 584
1 81 96
2 130 324
2 238 738
2 498 588
2 179 187
1 154 759
1 823 908
1 751 827
2 80 416
1 788 792
1 82 186
1 29 579
2 490 571
1 524 964
1 155 207
2 147 155
2 335 890
1 226 661
1 170 508
2 302 806
1 467 957
2 191 253
1 17 490
2 391 680
2 373 908
2 947 960
1 84 385
1 366 406
2 244 254
1 582 786
2 290 564
1 193 270
1 41 311
2 187 639
2 533 610
1 472 593
1 154 913
2 164 735
1 94 1000
1 120 830
1 590 968
2 235 433
1 260 275
2 24 171
1 425 505
1 426 720
1 738 977
2 758 817
1 59 795
1 64 956
1 566 812
1 164 168
1 645 980
1 674 865
1 66 257
2 65 402
2 237 775
1 108 623
2 91 908
2 354 628
1 56 729
1 318 400
2 196 874
2 466 749
1 271 584
2 458 883
2 201 818
1 291 731
1 270 586
2 436 750
2 110 671
1 343 733
2 456 627
1 608 885
1 351 797
2 43 728
2 307 414
2 910 936
2 776 965
2 428 828
1 784 873
1 481 928
1 79 267
1 878 883
2 573 963
2 364 700
2 337 552
1 348 651
2 505 913
1 596 629
1 152 566
1 742 879
1 269 384
1 169 370
1 257 945
1 119 145
1 521 813
2 281 890
1 165 573
1 421 476
1 33 965
1 684 879
1 258 439
2 398 548
2 523 865
1 652 716
1 241 442
2 336 459
2 332 374
1 620 851
2 24 907
2 387 423
1 39 466
1 108 543
2 491 938
2 95 633
1 84 96
1 759 832
2 814 908
2 150 582
1 284 597
1 857 861
2 407 607
2 89 943
1 61 408
1 262 823
2 617 797
1 241 354
1 186 944
2 192 628
2 375 707
2 78 796
1 255 812
2 210 632
1 155 977
1 326 349
1 82 238
1 68 811
2 94 348
2 310 319
2 78 904
1 161 417
2 542 946
2 171 381
2 278 527
2 380 722
2 368 557
2 631 759
1 360 728
2 577 883
2 17 929
2 225 229
2 326 650
1 705 736
2 280 619
1 154 325
2 53 550
2 120 284
2 14 566
2 139 805
1 531 537
1 16 914
1 212 924
2 67 380
1 244 627
2 33 913
2 606 816
2 223 980
2 794 808
2 351 665
1 459 826
2 22 465
2 69 353
1 13 756
2 118 362
2 147 578
1 609 927
1 51 882
2 314 504
2 36 638
1 135 898
2 272 395
2 56 673
1 263 312
1 386 704
2 242 950
2 511 569
2 316 704
1 188 905
1 127 280
2 113 671
2 365 565
2 49 841
2 587 713
1 53 570
2 566 899
2 56 65
1 18 986
2 69 217
2 747 935
1 21 348
1 37 341
2 455 915
2 17 140
2 439 852
1 395 695
2 369 674
1 8 651
2 178 629
2 522 759
1 103 134
2 138 509
1 655 955
1 94 807
2 190 232
2 496 728
1 187 752
2 21 171
1 453 705
2 301 921
1 434 597
1 133 707
1 93 600
2 30 987
2 265 415
1 560 991
2 259 421
2 419 547
1 5 91
1 126 429
1 442 566
2 182 660
1 321 654
1 397 516
2 46 959
1 688 829
2 312 957
1 60 566
2 504 741
2 38 109
2 448 789
1 377 679
1 803 913
1 239 312
1 252 292
2 127 607
2 703 753
2 19 370
1 25 326
2 761 945
1 114 635
1 859 987
1 242 338
2 353 647
2 586 693
2 466 473
1 795 825
2 817 930
2 338 542
2 379 385
1 414 898
2 140 438
1 15 954
2 131 990
1 293 408
1 556 796
2 22 702
1 108 305
2 113 563
1 622 964
2 8 426
1 842 995
2 723 943
1 562 668
2 430 559
1 766 785
2 296 514
2 143 429
1 61 672
1 717 906
1 173 997
1 798 881
1 174 227
1 194 496
2 174 746
1 286 982
2 20 154
1 234 892
1 122 467
1 354 536
2 603 678
2 181 234
2 35 192
1 464 940
2 904 992
2 173 682
1 274 284
2 448 861
2 460 661
2 675 881
2 88 250
1 61 665
2 28 388
1 477 611
2 829 840
2 27 636
1 56 934
1 125 946
2 555 907
2 386 719
1 737 852
2 761 839
1 443 557
2 412 982
2 506 547
1 381 675
2 70 158
1 134 947
2 559 664
1 52 253
2 80 796
1 112 944
1 29 792
1 102 512
1 60 654
1 391 570
1 145 154
1 522 857
1 587 947
2 37 196
2 698 946
1 661 676
1 359 562
1 128 558
2 449 483
1 176 648
2 140 406
2 78 487
1 214 383
2 140 247
1 682 964
2 866 980
2 577 792
2 147 355
2 83 881
2 83 262
2 267 812
1 249 703
2 931 931
2 207 782
2 7 421
1 227 949
2 929 994
1 411 560
2 189 705
2 670 808
1 223 756
1 789 902
1 38 85
2 432 450
1 433 965
2 451 548
1 191 295
2 21 64
2 37 662
2 310 539
2 610 953
1 691 892
1 439 806
2 99 125
2 492 862
1 910 949
1 118 854
2 570 642
1 414 991
1 448 639
2 343 454
1 147 905
2 901 958
2 272 515
1 100 862
2 769 984
1 615 740
2 630 843
2 97 900
2 213 693
2 607 777
2 4 740
1 546 899
2 306 903
2 417 746
1 152 979
2 309 656
2 448 718
1 337 912
2 369 413
2 51 67
2 381 812
2 130 989
1 311 766
1 278 638
1 227 681
1 203 736
2 263 499
1 118 620
1 144 272
2 110 468
1 124 597
1 33 219
2 30 642
2 182 754
1 44 680
1 271 311
1 417 591
1 432 713
2 311 380
1 184 546
2 82 992
2 753 799
1 150 798
1 40 786
2 40 658
1 579 639
1 168 720
1 197 470
1 225 832
1 316 412
1 38 587
2 502 737
1 223 962
2 459 799
1 24 838
1 452 786
1 5 975
1 218 917
1 102 711
1 126 498
1 253 446
2 332 729
2 86 593
2 289 773
1 804 879
1 35 486
2 691 999
1 698 709
2 544 982
2 120 248
1 85 790
2 523 908
2 365 640
2 141 884
1 251 761
2 94 979
2 538 970
1 383 551
2 173 596
2 90 697
1 617 846
1 780 834
2 59 236
1 274 305
1 144 282
1 130 143
2 811 973
2 688 929
2 68 186
2 222 862
2 77 994
1 289 316
1 608 826
2 669 982
1 666 838
2 379 920
2 550 956
2 587 753
1 407 604
1 252 469
1 21 157
2 5 908
1 476 885
1 414 644
1 591 854
1 213 973
2 54 282
1 547 989
1 50 375
2 304 329
1 756 858
2 676 736
1 606 633
2 194 390
1 833 960
2 74 775
2 416 957
1 629 986
2 28 453
1 712 798
2 554 573
2 191 330
2 142 597
2 211 460
1 304 634
1 362 372
2 189 993
2 60 968
1 427 720
2 487 968
2 529 970
2 618 728
1 346 958
2 348 822
1 666 951
2 238 809
1 324 680
2 118 418
1 442 503
1 83 564
1 189 212
1 410 842
1 3 468
2 135 940
1 246 436
2 101 999
2 493 862
1 130 926
2 252 288
2 148 753
1 112 495
1 478 881
2 828 846
1 753 781
1 3 645
2 64 491
2 116 286
2 476 644
1 339 727
1 378 500
1 278 845
1 134 324
1 179 621
1 293 881
2 15 19
1 145 313
1 96 696
1 585 895
2 45 536
1 255 318
2 529 953
1 146 747
1 158 573
1 670 887
1 452 461
1 53 183
2 498 718
2 197 431
2 618 783
1 455 582
2 541 659
2 375 561
2 217 413
1 929 960
1 305 774
1 146 507
2 92 202
1 211 617
1 411 930
1 464 507
2 267 569
1 66 321
1 791 985
1 420 692
2 314 595
2 414 487
1 506 831
2 829 833
2 413 688
2 113 698
1 712 864
2 2 997
2 5 645
2 537 550
1 339 893
2 600 741
1 492 966
2 174 282
2 794 995
2 259 471
2 377 674
1 233 941
1 470 908
2 161 916
2 494 870
2 545 666
1 377 541
2 595 901
1 104 797
2 738 945
2 272 938
2 697 736
1 316 550
1 39 794
1 143 305
1 309 969
1 225 515
1 101 721
1 107 708
2 405 619
1 673 991
1 50 374
1 456 582
1 61 561
1 150 706
1 303 813
2 345 736
2 661 668
1 600 701
2 450 825
2 32 726
2 405 510
2 171 370
2 24 415
2 106 524
1 586 941
2 639 640
2 149 623
1 561 633
1 230 961
1 359 769
1 187 963
1 112 365
1 234 564
1 228 996
1 28 861
1 90 466
2 290 755
2 588 638
1 236 340
1 193 307
2 517 997
2 53 65
2 156 841
1 657 927
1 628 709
1 444 548
1 233 431
2 209 800
1 162 174
1 355 398
1 347 786
1 863 905
2 359 448
1 44 324
1 257 608
2 248 827
1 252 985
1 129 517
2 67 601
2 409 939
1 257 702
2 923 981
1 442 488
2 448 582
1 408 729
2 44 50
2 296 549
1 537 773
1 447 846
1 480 565
2 13 138
1 180 381
2 215 335
2 525 749
1 751 789
1 285 690
1 117 473
1 492 685
2 705 974
2 39 361
1 147 614
2 554 996
1 502 507
1 524 750
2 745 812
2 404 872
2 345 761
2 165 740
2 187 309
2 767 921
2 138 270
2 75 974
2 772 915
1 289 353
1 302 689
1 533 669
2 468 624
1 187 667
2 103 337
2 224 407
1 111 368
2 643 683
1 391 747
2 135 594
1 537 941
1 71 762
2 68 878
2 142 412
2 488 523
1 188 664
2 363 832
1 667 931
2 17 127
2 883 934
1 18 615
2 111 646
1 365 820
1 847 998
1 105 694
2 230 965
2 85 854
2 160 574
2 304 737
2 479 817
1 886 991
2 568 860
1 137 417
1 42 736
2 157 716
2 11 39
2 153 590
2 893 952
2 180 489
1 174 974
1 854 946
2 349 990
1 156 280
1 543 941
2 346 934
1 130 710
2 561 754
2 66 825
2 380 467
1 631 740
1 407 533
1 119 593
1 353 358
1 494 856
1 705 883
1 203 888
1 622 788
1 559 911
1 908 952
1 393 956
2 608 832
2 152 197
1 522 973
1 3 72
1 27 915
2 660 686
2 399 909
1 620 926
1 354 766
1 399 789
1 310 655
2 4 708
1 412 868
1 93 589
2 747 829
1 388 947
2 307 963
1 8 246
1 771 779
1 668 955
2 271 331
1 135 951
1 495 801
2 236 390
2 920 947
2 23 618
2 70 735
1 18 709
1 363 571
2 285 319
2 330 384
1 529 603
1 651 661
2 81 865
2 627 713
2 59 619
1 14 916
1 13 66
2 478 890
2 514 826
1 834 963
2 385 933
1 414 728
1 414 532
1 255 357
2 259 917
1 206 262
2 121 369
1 22 106
2 686 717
1 457 839
1 584 751
2 161 535
1 39 882
2 233 985
2 85 938
2 64 492
1 231 601
1 198 577
2 170 515
2 724 945
2 44 778
2 154 880
2 33 791
1 302 327
1 274 853
2 588 820
2 714 956
1 309 676
1 102 784
2 58 562
2 289 516
1 183 293
1 123 586
1 461 721
2 19 497
2 843 993
2 514 702
2 397 622
2 134 667
1 20 570
1 388 874
1 21 697
1 792 808
1 126 913
2 401 995
2 104 897
1 534 632
1 339 677
2 188 540
2 60 378
1 487 954
1 712 991
2 59 775
2 651 919
1 472 881
1 671 700
1 140 826
2 272 728
2 360 697
2 618 891
2 101 873
2 688 693
2 153 765
2 332 674
1 147 565
1 212 326
2 239 797
1 389 395
1 829 891
1 192 774
1 75 835
2 153 301
1 201 903
1 226 294
1 833 920
1 45 427
2 877 977
1 3 410
1 17 896
2 314 586
1 293 868
1 184 775
2 272 509
1 805 864
1 636 637
1 122 264
2 19 734
1 176 619
1 269 354
2 264 830
1 703 836
1 50 154
2 67 899
1 340 828
2 239 691
2 233 715
1 98 188
2 701 863
2 509 948
2 382 481
1 190 373
1 552 611
1 562 718
1 301 762
1 865 991
1 904 977
1 114 150
2 173 425
2 19 996
1 162 260
2 89 562
2 885 945
1 398 561
2 633 905
1 256 728
2 254 301
2 144 517
1 14 520
2 820 845
2 233 956
1 536 612
2 698 861
1 143 707
1 167 607
1 37 960
1 301 360
2 128 719
2 296 544
2 104 480
1 228 516
2 339 476
1 337 824
2 552 579
2 482 518
2 209 517
1 772 799
1 743 925
1 17 164
2 261 395
1 547 856
1 153 215
2 4 419
1 71 586
1 246 339
2 720 975
1 170 457
2 295 788
1 78 785
1 177 299
2 78 104
1 353 980
2 268 996
2 532 586
2 3 21
1 244 301
1 365 670
2 39 984
2 406 424
2 126 335
2 586 971
2 104 828
2 123 345
2 455 773
2 398 764
2 54 399
2 1 967
2 330 745
1 645 923
1 21 887
1 646 737
1 110 746
1 781 881
1 314 946
1 229 692
1 562 626
2 696 745
1 164 550
2 80 777
2 109 472
2 674 700
2 496 611
2 214 254
2 344 786
2 134 828
2 559 927
2 123 574
2 469 612
1 170 514
1 287 435
1 318 670
2 121 335
2 645 983
1 285 807
1 605 838
2 792 842
1 392 856
1 257 473
1 684 841
2 823 983
1 591 712
2 567 636
2 342 897
2 172 798
1 92 505
1 452 564
2 52 821
1 345 539
1 796 854
1 274 275
1 129 837
1 433 858
2 121 798
2 489 824
2 334 702
2 31 859
2 588 688
1 427 845
1 428 986
2 186 727
1 379 676
2 618 853
2 82 537
2 447 700
2 62 626
1 333 854
2 498 847
1 662 722
1 134 585
1 496 748
2 604 925
2 22 613
1 30 831
1 268 967
1 196 328
2 609 774
2 168 189
2 578 654
1 676 777
1 492 852
1 13 532
1 354 965
1 786 959
2 594 633
2 792 925
2 1 761
2 144 410
2 675 760
2 102 160
2 186 628
1 308 413
1 75 172
1 225 897
1 815 934
2 469 872
1 65 512
1 314 927
1 49 794
2 19 457
1 886 975
2 378 418
2 192 766
2 71 951
1 96 563
1 135 499
1 627 904
1 362 944
2 188 290
1 570 917
2 80 559
1 338 638
2 585 675
2 308 526
2 152 747
2 193 886
1 7 222
2 737 810
1 443 812
1 433 616
2 20 709
1 493 769
2 6 950
1 86 860
1 105 814
1 165 437
1 630 752
2 4 88
2 408 622
2 505 515
1 124 924
1 271 988
1 288 877
1 33 41
2 10 661
1 408 845
2 768 852
1 428 984
1 126 245
1 58 553
2 305 730
1 671 889
2 937 1000
2 219 727
1 375 910
1 421 858
2 761 766
2 85 542
1 420 642
2 123 500
2 178 818
1 435 800
1 246 471
2 79 252
2 419 846
2 291 340
1 37 278
1 55 385
2 309 418
1 266 547
1 384 835
1 516 579
2 55 837
1 406 731
1 163 272
1 1 126
2 521 730
1 164 976
1 312 813
1 10 969
1 611 745
2 7 445
1 177 393
1 11 452
1 644 899
2 805 929
2 108 612
1 591 998
2 573 770
1 246 294
2 634 896
1 249 454
1 190 937
1 567 591
2 364 862
1 48 362
1 191 841
1 163 731
2 843 959
1 409 500
1 818 998
2 463 719
1 347 482
1 123 648
1 787 870
1 438 934
2 588 773
1 287 352
2 176 335
2 36 661
2 454 868
2 472 567
2 39 696
1 385 988
1 196 877
1 31 848
2 509 937
2 36 789
2 217 330
1 657 659
2 496 851
1 61 909
1 125 280
1 467 946
1 282 995
2 232 792
2 643 695
1 449 812
1 248 333
2 14 439
1 431 514
1 183 570
1 257 376
2 539 878
2 633 712
2 52 877
2 680 927
2 323 746
2 378 885
2 214 617
2 116 797
1 202 336
2 66 629
2 183 322
1 626 847
1 196 267
2 484 752
2 154 220
2 339 793
2 116 525
1 340 964
1 390 711
1 282 438
1 477 548
2 40 469
1 355 572
2 206 993
1 717 984
1 676 879
2 112 917
2 408 935
2 627 910
2 378 947
2 13 646
1 217 616
2 38 879
2 182 392
2 567 865
2 213 622
2 602 677
1 208 267
1 65 895
1 341 877
1 160 637
2 318 632
2 462 546
1 148 676
2 335 488
2 625 734
2 11 247
1 141 630
1 336 338
2 411 694
2 349 427
1 7 750
1 306 762
1 47 768
2 400 858
1 373 633
2 211 647
2 85 901
1 369 887
1 785 786
1 189 290
2 375 460
1 161 763
2 28 785
1 456 635
2 515 794
1 66 817
1 624 905
2 355 702
2 407 465
2 614 863
1 657 870
1 224 639
2 441 931
2 294 803
2 76 750
1 587 714
1 269 591
1 180 296
2 116 793
1 42 389
2 497 564
2 364 918
1 375 682
1 19 709
1 135 333
2 666 745
1 156 300
2 456 865
2 41 294
2 218 736
2 103 457
2 495 547
2 80 428
1 111 419
2 158 706
2 493 811
1 118 125
2 210 835
1 191 530
1 304 442
1 63 814
2 588 668
1 96 175
2 174 593
1 66 110
2 556 585
1 204 572
1 124 662
2 275 577
2 88 972
1 364 827
1 761 820
1 715 861
1 723 830
2 58 713
2 954 973
1 540 801
1 54 626
1 371 670
2 456 760
1 795 997
1 642 930
2 507 756
2 148 446
2 244 384
1 255 882
1 444 956
1 193 586
2 698 873
1 504 611
2 40 150
2 209 426
1 474 868
1 384 888
1 682 982
2 328 555
2 530 583
2 41 976
2 104 126
1 273 383
1 710 726
1 227 309
1 321 468
1 155 256
1 785 837
1 111 481
2 190 316
1 633 922
2 4 629
1 531 662
2 525 942
1 493 737
2 152 324
2 775 881
1 138 527
2 135 190
2 490 998
2 397 711
2 311 315
1 865 986
1 314 415
1 272 1000
2 789 940
2 61 176
2 462 873
2 217 807
1 25 898
2 611 917
2 226 325
1 162 851
1 390 897
2 251 425
1 175 459
2 38 87
1 445 828
2 31 727
1 345 986
1 12 682
1 75 549
2 17 240
1 95 935
1 218 799
2 533 933
1 145 572
2 717 901
2 188 792
2 482 507
2 164 825
1 191 430
2 91 902
1 30 793
2 175 680
1 629 663
1 8 564
2 147 613
1 865 900
1 525 693
1 475 927
1 402 796
1 380 486
1 123 221
1 330 583
2 28 206
1 11 837
1 250 365
2 113 489
2 392 924
1 87 141
2 511 524
1 329 434
2 789 832
1 627 636
1 422 434
1 741 955
1 168 180
2 765 838
2 771 869
2 159 858
1 790 874
2 69 131
2 667 956
2 547 785
1 141 898
2 573 727
2 303 814
2 225 907
2 170 304
2 205 233
1 861 958
1 361 917
1 4 899
1 329 599
2 614 706
2 329 942
1 102 635
2 120 280
2 327 559
2 448 877
2 166 463
1 398 931
2 386 960
2 329 503
1 645 766
2 161 959
1 460 927
1 746 903
1 106 660
2 148 208
1 10 876
2 90 732
2 307 764
1 237 663
2 489 639
1 60 977
2 415 786
1 808 919
2 633 880
2 18 504
1 367 583
1 373 425
1 298 963
1 62 353
2 622 650
2 7 932
2 342 663
2 476 738
2 622 734
1 367 897
2 10 760
2 364 856
1 231 718
1 481 807
2 194 902
1 741 762
2 182 669
1 96 825
1 312 653
2 202 280
2 148 631
