20 70
0 0 0 0 0 1 1 0 0 1 1 1 1 0 1 1 0 0 0 1 
1 4 8
1 13 20
2 12 18
1 7 9
1 6 10
1 13 18
1 15 20
1 4 18
1 16 20
1 12 13
1 16 20
2 17 18
1 5 6
1 6 10
2 8 14
2 5 17
1 4 5
2 1 16
1 2 17
1 13 16
2 6 18
1 8 15
1 12 19
2 7 18
1 10 15
1 14 18
1 7 16
2 19 20
2 6 15
2 2 4
1 1 19
1 7 20
2 12 14
1 11 17
1 5 12
1 4 13
1 10 11
2 3 4
2 14 18
2 5 12
1 5 11
2 3 10
2 9 12
1 1 3
1 7 9
1 5 18
1 9 9
1 14 16
2 13 13
1 2 19
2 3 5
1 2 11
2 2 14
1 6 20
2 15 17
1 9 13
1 4 20
2 10 11
2 12 13
1 1 10
1 9 11
2 4 16
1 6 8
1 14 18
2 6 20
1 4 12
2 1 17
2 16 17
1 13 16
2 13 18
