1000 5000
127 723
895 690
525 550
214 760
651 689
576 456
436 27
701 217
114 745
751 948
284 4
929 119
944 789
256 902
841 487
927 715
780 160
857 855
383 560
843 26
141 834
576 502
34 379
902 625
733 965
787 431
907 843
692 297
19 982
204 736
895 406
550 376
720 610
650 714
662 502
736 145
258 854
448 251
562 337
746 654
357 101
997 255
890 145
731 185
346 427
767 506
128 831
446 45
515 325
112 182
460 75
687 226
345 223
743 651
17 798
236 539
782 363
367 20
63 485
387 840
118 461
334 860
296 780
107 165
187 665
538 851
484 120
756 793
838 191
403 533
342 158
612 851
818 504
372 520
716 92
225 436
813 342
687 105
443 269
152 515
403 11
923 516
207 892
301 324
84 788
158 572
311 769
986 572
803 381
487 400
427 848
424 775
367 932
907 910
70 563
409 75
0 65
381 265
155 809
643 129
869 772
97 159
624 88
547 920
861 314
193 23
400 488
897 373
456 578
727 116
810 528
902 512
592 902
919 437
696 875
27 729
999 499
201 326
326 78
170 939
871 301
623 778
464 581
671 534
400 374
136 834
813 853
377 397
804 359
741 121
879 950
993 842
591 906
744 925
73 683
110 185
85 516
978 360
214 840
245 821
795 210
917 983
11 20
455 86
353 430
309 788
215 997
955 208
13 432
910 451
64 729
912 749
917 39
935 328
514 862
817 443
559 879
862 302
133 243
308 496
294 544
749 869
778 430
649 532
698 115
642 316
551 56
185 49
486 426
345 974
270 991
960 224
695 834
117 812
3 44
556 467
198 428
950 285
943 298
147 659
741 147
75 411
402 105
101 244
852 539
972 899
951 114
32 149
83 979
812 763
525 551
516 768
360 525
892 564
514 985
568 900
63 135
348 634
814 225
120 989
923 448
882 738
529 426
970 213
594 868
324 493
63 830
626 826
329 271
172 337
285 729
723 612
179 612
448 75
419 61
384 278
963 444
873 870
665 577
397 7
114 250
807 866
80 297
497 16
751 483
642 544
890 367
726 838
956 547
266 256
623 437
459 544
641 192
716 317
997 526
73 595
605 978
205 305
166 356
27 458
434 295
121 745
754 491
81 639
494 421
510 149
87 312
814 291
526 534
567 603
91 639
162 135
393 931
850 838
456 88
421 459
330 180
725 664
643 633
380 718
868 858
843 646
408 431
46 318
731 221
410 430
887 673
20 920
78 406
830 862
372 47
183 301
370 593
708 607
735 890
244 267
597 9
163 460
921 508
689 620
252 634
515 646
696 658
12 680
427 704
577 869
200 897
928 539
707 50
289 510
571 465
18 999
6 226
410 479
317 818
574 126
351 317
972 217
837 320
897 204
426 805
778 368
903 491
591 11
799 729
58 361
326 158
127 161
199 65
499 932
559 163
252 140
632 684
483 994
174 456
940 374
557 208
947 775
736 803
332 686
610 938
18 264
613 237
47 445
999 784
306 510
861 202
461 350
495 35
302 677
538 281
17 384
308 551
699 891
705 381
27 159
525 345
588 254
144 232
545 325
94 305
275 571
797 738
630 169
557 100
768 483
944 467
398 709
123 182
777 146
636 717
643 446
110 91
148 167
419 994
639 764
228 30
881 217
673 335
572 960
604 735
154 734
475 833
204 470
783 759
956 480
924 606
944 930
564 239
262 709
28 534
418 902
508 606
835 570
439 636
755 257
359 97
693 691
651 304
373 570
904 929
977 648
55 637
120 533
77 300
879 511
375 594
598 899
112 679
593 917
782 193
928 97
815 449
666 7
13 207
895 465
484 37
438 929
379 867
854 891
581 970
41 451
203 799
833 259
5 422
753 420
128 258
517 732
376 86
418 127
974 432
147 817
209 644
87 881
303 62
874 443
40 389
430 232
400 743
465 689
345 681
313 341
392 650
57 669
772 685
626 77
138 85
871 12
790 252
873 562
662 365
691 630
969 525
650 314
793 50
90 796
27 972
110 376
951 441
444 679
870 426
921 369
161 203
470 999
233 96
235 882
280 24
54 871
652 984
997 931
418 328
817 309
115 568
50 246
603 409
757 776
734 420
49 148
994 46
383 789
165 303
489 983
810 336
824 721
398 853
305 69
285 963
20 31
30 40
855 7
735 591
219 149
944 621
865 574
307 647
47 98
731 74
33 835
469 897
512 380
314 834
106 853
809 603
530 138
426 342
706 568
235 398
432 255
643 732
821 751
827 114
159 145
405 755
874 398
447 801
69 595
292 874
370 84
517 98
433 77
146 221
385 475
293 303
161 261
299 655
506 705
713 15
798 715
495 616
832 673
195 732
287 163
927 384
675 399
891 438
990 85
25 875
582 357
843 594
537 837
981 456
359 423
592 996
123 151
306 734
120 370
944 338
122 251
923 279
311 160
45 9
435 818
643 899
548 119
650 465
948 404
668 931
426 124
866 225
371 684
828 872
198 293
424 328
7 492
662 910
597 20
786 212
230 365
569 213
815 231
985 284
251 914
508 780
438 699
585 462
385 572
112 590
753 216
833 769
3 412
284 971
507 503
413 688
348 614
530 206
809 847
887 340
42 421
267 325
285 964
535 452
876 884
516 636
351 268
278 470
127 126
527 402
346 963
392 936
141 744
185 331
90 503
475 186
905 767
202 728
24 273
55 768
874 484
108 221
983 352
165 503
336 556
528 925
450 182
502 351
538 375
402 80
208 130
203 624
199 819
492 405
476 600
399 856
685 225
15 360
933 148
280 255
351 599
187 775
831 534
547 818
118 648
280 690
54 368
676 684
796 417
703 934
752 577
623 732
175 291
990 159
798 336
682 964
104 913
479 812
674 632
864 942
826 224
44 578
931 100
46 708
360 551
74 688
86 81
570 759
733 263
400 240
387 60
995 891
849 317
693 781
831 732
314 669
98 796
234 486
83 474
506 565
169 177
288 850
677 911
812 398
878 146
794 629
273 270
60 425
208 227
68 587
587 824
979 385
881 817
444 528
718 884
174 592
824 813
320 626
570 590
211 705
386 404
458 356
792 287
390 972
68 763
466 820
874 272
250 85
630 225
488 199
211 250
64 496
197 693
620 128
989 150
945 697
349 897
608 115
998 784
448 600
227 304
937 552
659 38
158 526
681 482
47 390
883 559
802 846
912 120
620 981
104 878
15 684
124 449
493 714
718 854
295 486
115 300
932 732
931 861
615 924
506 815
70 675
125 299
685 257
23 931
723 169
132 921
472 784
536 838
503 596
886 71
626 240
333 731
870 696
737 122
647 831
800 498
805 631
940 709
782 418
435 464
6 370
771 926
554 15
698 638
184 571
479 491
487 81
157 786
460 295
324 544
635 322
6 409
150 414
830 164
856 974
362 893
158 421
251 884
13 220
625 735
199 877
525 790
85 930
297 659
508 522
570 922
137 479
130 127
497 366
995 527
430 692
395 897
270 170
117 597
497 56
573 26
99 673
902 41
542 744
777 540
755 558
616 997
870 267
208 644
147 767
453 548
152 410
585 403
58 753
374 924
272 198
474 353
189 312
90 472
384 647
852 676
747 619
864 398
125 149
305 425
347 343
736 455
369 15
907 977
988 444
302 347
419 602
79 504
414 899
561 345
745 651
547 985
830 378
448 380
199 660
444 554
274 954
933 523
109 641
815 427
212 687
284 493
161 7
693 393
150 677
645 813
811 350
882 378
271 458
676 776
521 460
907 523
925 520
418 686
935 46
250 423
330 188
125 899
126 600
510 113
366 465
894 737
364 684
903 75
89 0
529 470
149 367
434 781
223 218
577 843
712 831
414 123
372 785
687 21
765 735
857 403
96 257
333 649
287 415
265 435
960 199
192 207
706 96
841 121
892 781
923 227
411 585
729 636
342 172
691 75
532 995
492 793
458 935
986 820
100 925
732 18
44 868
47 555
583 269
436 203
522 55
960 11
945 108
984 190
641 177
161 969
203 557
122 521
565 909
697 456
69 4
338 887
190 678
210 839
724 240
78 967
255 877
620 920
693 818
246 828
714 464
591 82
725 171
353 902
675 588
631 275
832 136
812 137
841 572
884 730
304 568
748 515
102 428
154 446
912 136
121 837
510 598
653 899
638 531
921 356
877 29
661 177
954 208
495 178
967 645
375 389
205 565
218 42
564 528
609 346
210 24
74 161
535 205
299 284
887 566
607 947
613 569
73 444
945 925
688 919
425 605
86 417
780 826
812 873
231 57
857 89
130 641
926 713
737 385
63 443
987 444
743 820
502 313
139 515
737 293
714 619
987 807
880 483
898 465
43 177
653 561
348 150
310 745
678 721
894 202
408 231
447 250
330 946
549 155
285 623
340 623
737 207
842 155
463 950
283 98
518 561
517 704
947 901
811 114
869 527
654 499
877 739
687 807
392 170
872 85
820 135
610 948
602 0
496 701
306 46
887 369
136 57
400 671
838 595
82 510
769 656
527 851
981 226
815 340
617 363
550 175
921 465
750 426
564 629
24 315
38 722
989 785
386 908
983 862
695 239
1 78
900 944
125 657
13 971
106 254
367 679
418 146
394 168
70 974
268 561
56 646
672 778
765 660
749 851
854 472
361 389
657 14
498 417
918 713
648 135
308 548
523 708
367 793
422 315
507 135
565 590
888 615
202 616
750 773
660 74
722 150
321 950
921 658
514 616
714 720
586 494
380 769
127 587
542 354
380 634
257 933
988 439
650 687
649 361
853 966
87 676
412 44
579 825
648 466
738 61
473 914
430 182
290 579
367 415
444 162
549 147
464 282
793 450
395 82
784 309
335 30
82 265
396 961
773 725
247 635
635 818
669 378
177 971
531 190
999 843
817 435
219 26
896 160
380 610
97 756
978 555
144 850
738 182
691 186
971 558
163 141
342 625
54 151
448 486
781 346
902 570
600 687
940 508
605 831
575 724
671 211
533 956
619 731
272 334
203 15
391 669
151 805
124 597
867 210
300 648
473 740
439 449
855 496
432 664
298 263
518 263
397 386
194 711
940 536
817 451
140 296
209 590
335 373
871 872
813 543
221 529
134 204
667 624
731 661
429 435
198 362
527 755
732 15
916 852
426 329
317 653
369 538
728 386
856 406
326 696
598 572
802 82
57 167
164 190
882 864
402 563
127 505
765 902
785 986
756 531
695 975
358 735
24 18
320 807
907 98
719 646
901 55
951 594
60 671
786 871
597 278
631 916
744 787
482 330
351 798
533 495
779 207
394 765
502 504
563 990
559 427
728 698
969 291
972 737
589 656
190 277
418 859
452 39
866 686
897 433
776 434
704 838
2 988
826 549
881 22
800 451
883 81
102 457
101 587
349 888
324 416
410 951
777 666
860 199
320 530
641 813
504 419
826 495
74 781
550 86
965 320
199 864
252 30
119 109
464 763
603 464
115 406
254 90
300 653
363 281
614 511
984 351
419 830
190 434
9 851
600 661
499 509
445 185
68 453
550 660
858 121
879 445
363 697
880 278
778 973
553 311
826 772
983 973
919 834
59 948
165 711
496 157
715 562
598 799
16 407
979 461
230 136
768 889
555 172
414 654
468 905
723 876
102 312
87 847
118 422
998 542
985 861
277 466
190 689
669 313
145 49
772 617
22 571
673 578
734 645
999 4
613 941
206 356
183 32
280 402
847 401
379 454
739 480
125 288
417 124
88 792
758 620
216 3
638 340
563 365
872 572
572 187
222 285
514 643
448 422
631 69
25 374
378 884
124 685
128 832
576 844
532 157
748 218
283 815
103 161
14 198
248 925
989 885
78 312
424 467
102 52
143 570
523 70
783 879
119 66
387 474
621 336
838 597
236 55
913 177
398 171
425 586
363 19
362 495
873 207
997 112
94 966
387 413
822 510
322 734
282 900
566 976
917 316
756 215
563 343
196 397
120 922
625 565
849 301
457 397
749 608
291 424
68 793
503 770
757 889
637 203
919 840
512 241
142 355
79 142
471 829
381 994
377 652
175 653
439 431
262 199
458 381
883 928
520 75
314 145
292 274
370 475
531 533
721 739
460 139
993 88
306 207
393 529
779 666
69 433
733 476
503 184
730 871
557 608
427 135
32 437
896 677
296 148
125 587
955 916
920 996
121 234
412 599
497 587
382 82
417 423
271 858
35 511
593 832
811 917
728 302
592 553
785 213
940 148
375 550
726 518
175 546
281 433
510 664
361 584
675 922
913 326
975 355
749 162
147 554
794 97
675 758
873 791
664 345
115 833
790 169
246 34
943 406
289 77
418 138
451 413
411 376
274 87
309 550
105 787
573 807
260 453
81 66
74 722
33 498
828 473
613 981
708 320
404 930
221 6
97 666
715 538
169 298
798 639
890 442
672 138
106 403
652 387
624 746
800 925
34 21
24 207
442 758
56 321
54 575
136 298
387 300
109 336
633 781
563 943
443 871
328 831
241 21
282 665
961 75
980 390
353 909
345 731
443 449
154 466
61 620
819 389
944 337
217 796
773 287
980 671
978 59
933 579
834 240
111 909
238 381
810 837
916 556
317 406
744 727
615 729
348 756
565 185
182 15
542 65
755 320
18 952
845 56
888 785
844 847
477 695
671 530
666 745
586 992
174 487
67 183
383 492
388 48
676 389
305 255
154 829
792 955
485 283
129 666
709 563
106 21
733 181
825 517
379 945
697 880
729 647
591 278
346 975
643 276
489 46
867 412
786 756
292 777
475 495
532 783
486 646
808 809
864 816
540 0
483 712
436 848
48 471
726 840
127 384
662 456
549 936
470 576
530 87
748 253
389 948
529 632
876 28
413 204
678 875
119 932
893 597
311 283
738 441
920 709
315 365
666 671
179 147
618 192
227 576
911 784
863 536
482 774
649 186
263 215
262 648
686 159
744 328
674 247
853 143
940 605
577 767
609 286
629 236
815 770
472 25
900 124
192 210
517 891
508 552
536 305
95 855
424 197
765 70
833 818
957 658
667 14
298 16
805 949
529 236
457 976
252 432
641 952
882 104
998 144
25 70
762 909
182 699
977 188
979 813
215 958
470 679
505 532
304 457
383 989
589 149
397 181
557 684
616 915
445 234
72 640
723 275
703 794
13 419
844 429
236 735
19 836
152 426
264 952
299 487
829 110
605 140
946 101
414 17
666 1
740 493
425 702
802 275
454 965
796 962
770 747
605 333
220 854
728 964
566 746
195 48
80 24
827 765
993 915
780 681
620 178
509 107
235 136
149 780
301 867
299 705
815 401
980 604
225 901
515 745
423 292
47 860
731 332
418 101
96 654
704 650
609 334
171 650
323 677
552 295
119 315
556 662
134 477
940 448
544 617
88 321
792 766
440 791
208 539
279 737
82 981
196 660
611 904
176 729
443 209
122 50
627 947
439 174
178 145
33 206
531 741
21 664
690 347
519 383
354 587
249 612
844 774
558 134
427 742
606 418
728 603
729 901
813 633
465 896
705 19
983 924
761 461
330 119
71 91
759 603
230 708
977 383
687 152
543 24
129 828
894 568
361 835
945 586
283 569
821 733
809 944
884 573
104 156
544 838
34 925
775 225
804 584
398 537
345 608
633 475
503 237
797 285
501 482
713 405
842 929
690 526
424 957
772 917
223 776
554 438
350 505
555 535
42 336
83 431
304 741
785 161
692 614
522 165
610 764
373 909
231 433
431 79
399 867
34 962
375 851
188 757
999 567
805 261
174 825
503 437
86 70
832 276
30 298
418 242
365 734
677 837
804 754
726 19
325 377
530 466
50 903
907 922
596 432
448 897
881 487
953 932
136 818
789 229
882 870
667 346
242 797
154 311
93 849
758 399
227 422
404 385
688 144
705 47
143 254
250 656
452 6
291 657
744 286
182 549
763 901
970 71
802 661
535 49
690 118
364 720
621 503
741 676
596 935
815 259
895 829
984 286
500 912
167 450
704 194
313 190
491 957
884 977
286 24
119 203
513 125
281 415
525 339
242 762
486 154
577 45
782 14
563 75
30 653
54 471
764 428
25 557
476 712
610 632
847 920
557 730
978 38
668 433
859 806
894 985
978 674
140 776
743 146
828 547
789 803
389 616
316 495
919 557
352 712
802 301
350 787
128 520
309 912
361 223
424 693
86 558
146 341
323 232
741 406
673 995
658 728
926 153
548 146
376 291
851 814
136 512
254 546
225 192
301 68
393 990
342 829
584 811
87 977
888 126
628 922
283 407
215 36
798 486
968 37
230 875
471 993
291 576
471 311
391 468
202 849
53 958
793 744
912 164
240 742
511 482
874 715
596 336
99 388
673 702
709 937
434 713
780 701
37 485
590 802
432 91
452 570
796 752
504 736
175 196
536 726
153 958
487 789
72 837
860 898
878 879
411 354
648 531
955 249
359 219
602 59
201 978
428 743
346 454
862 590
377 836
350 401
960 207
831 232
754 354
509 551
82 0
718 684
192 922
192 319
517 363
665 597
262 663
392 689
159 388
432 787
432 745
97 455
24 231
808 378
458 992
563 418
40 476
503 523
573 79
974 727
5 656
227 795
915 617
306 536
487 519
86 637
340 900
360 493
616 924
442 527
888 905
258 992
745 349
875 68
271 873
313 540
501 428
759 363
78 910
873 451
464 916
410 598
613 699
738 946
437 544
19 27
492 48
52 365
963 323
73 748
418 100
850 146
116 186
523 357
944 46
207 129
498 820
8 971
737 78
653 945
857 520
846 433
860 45
996 91
586 663
105 959
589 353
33 149
134 351
260 512
823 584
853 915
304 211
833 524
47 194
914 267
454 318
283 778
245 175
42 687
254 409
155 481
339 345
214 498
513 797
794 71
729 639
290 739
197 10
453 815
232 645
601 514
296 926
49 926
575 378
999 169
855 285
376 555
773 560
953 260
11 835
597 443
573 151
722 587
642 677
300 614
818 734
311 765
257 538
806 675
431 240
433 268
515 924
265 202
388 273
873 795
185 56
743 140
415 323
255 308
135 215
440 81
567 21
560 384
164 886
565 760
429 321
779 252
514 175
44 176
285 450
602 532
647 117
466 727
155 951
367 512
652 102
744 270
56 808
889 916
104 526
117 705
796 118
635 976
924 670
397 900
378 663
1 430
975 330
36 435
86 822
519 961
711 530
828 553
718 214
41 860
832 780
674 145
913 728
682 329
770 727
860 111
648 388
521 507
81 731
867 864
189 521
418 381
411 914
92 960
778 182
664 250
767 933
4 495
195 294
519 145
638 524
672 174
777 622
455 202
155 240
106 304
172 513
592 559
247 694
435 419
268 245
461 744
197 922
314 160
331 683
782 897
869 653
428 556
802 729
483 127
81 823
844 422
327 569
48 667
770 880
180 351
462 254
68 740
118 840
774 12
241 137
612 130
41 919
878 27
84 48
469 177
58 439
113 664
322 433
759 283
332 529
171 445
632 845
512 879
942 548
582 829
177 479
419 69
587 294
648 827
338 566
605 420
920 580
151 611
114 713
995 966
352 564
82 758
110 440
491 894
685 813
545 743
121 567
819 680
852 30
555 559
185 61
347 322
323 255
857 472
211 560
696 311
941 520
888 97
100 158
58 422
943 349
452 83
655 11
100 822
826 920
748 283
294 379
811 255
212 316
325 717
573 645
526 758
846 582
152 341
257 184
876 353
676 11
244 508
494 365
635 157
969 636
899 330
771 429
860 729
76 3
904 950
477 460
921 97
65 396
793 488
224 282
490 859
761 304
496 57
73 129
837 792
485 688
810 590
593 381
520 419
921 277
229 641
835 467
382 299
987 218
363 104
461 994
208 458
278 455
256 429
301 69
370 915
144 135
7 190
232 151
469 800
397 411
259 559
146 992
874 692
239 773
467 348
116 804
832 634
258 508
458 161
480 154
56 286
904 713
121 187
558 21
192 490
976 878
976 605
188 473
225 504
189 225
204 357
341 53
230 493
68 824
12 486
633 877
922 671
626 202
547 23
458 171
234 970
735 598
375 319
553 388
748 890
723 29
831 358
179 840
617 245
385 255
74 774
934 971
249 834
174 674
795 941
108 394
109 334
217 582
921 368
610 96
584 508
550 430
555 748
58 741
548 262
433 112
571 178
214 165
232 979
784 147
156 50
633 522
258 915
967 118
640 39
815 761
267 601
62 400
547 49
144 271
957 842
235 511
336 795
577 109
278 872
230 152
676 451
231 194
576 352
170 537
71 549
575 241
143 709
962 766
642 345
799 147
762 321
759 981
996 267
966 654
424 819
989 732
277 986
842 676
239 418
64 297
991 882
962 519
980 556
211 675
642 487
924 380
292 773
438 770
620 54
956 224
544 665
223 388
632 503
975 744
296 308
758 750
878 540
595 277
469 764
813 423
768 40
392 550
801 270
836 833
559 326
202 986
66 250
121 561
615 954
603 431
114 612
277 535
197 870
460 851
333 897
415 339
106 741
665 153
363 559
733 798
788 900
803 119
754 420
940 239
862 749
23 900
503 1
570 458
831 412
196 943
328 550
563 746
55 316
891 244
878 642
846 812
481 501
688 326
573 558
582 556
650 147
956 18
242 686
256 407
501 5
146 408
218 939
214 261
823 643
14 306
33 268
366 805
196 698
83 306
252 845
468 607
19 73
271 267
424 712
440 502
684 586
206 326
2 35
952 938
118 995
861 979
329 542
373 875
78 645
811 118
844 771
832 930
535 674
690 901
107 299
65 5
462 253
814 624
447 101
194 537
879 171
666 938
31 37
449 169
93 349
858 812
633 812
800 976
719 130
950 86
67 428
100 44
587 759
958 69
620 219
866 87
648 474
632 599
190 384
922 862
510 957
538 641
404 412
435 605
266 839
762 963
338 770
344 4
10 591
923 542
345 565
984 945
145 251
308 985
101 537
473 631
896 84
856 350
340 435
81 527
772 639
637 306
218 637
625 459
621 808
978 226
236 962
953 586
601 390
875 69
74 112
996 676
947 499
673 891
811 663
878 276
263 767
494 458
780 836
798 97
65 911
430 950
827 407
68 236
611 592
773 131
281 264
553 439
777 589
269 313
945 574
654 82
324 302
350 894
653 647
208 681
632 580
923 943
150 107
156 83
431 272
199 68
137 563
5 431
503 899
183 648
538 799
55 420
811 90
424 57
806 79
690 386
435 945
939 502
895 650
294 423
399 290
466 679
84 242
472 659
205 988
877 777
552 528
729 101
405 816
55 879
773 839
188 682
328 439
742 916
409 771
786 589
903 735
449 585
750 950
206 514
576 656
942 405
235 949
966 3
105 761
664 182
446 228
859 717
881 941
819 941
988 267
651 334
294 86
377 362
680 286
485 310
306 283
279 666
747 204
658 318
56 923
932 728
771 304
957 922
772 829
629 490
738 268
746 632
696 409
347 240
263 722
806 128
515 836
420 516
614 295
772 265
563 687
498 371
498 626
43 477
518 401
306 709
563 881
355 979
630 518
560 651
450 294
917 850
874 301
452 973
230 462
217 620
45 658
256 540
617 768
783 8
365 295
218 22
365 243
496 876
209 149
613 723
399 888
952 312
361 226
594 25
868 214
674 873
64 603
615 911
773 177
946 305
710 721
571 707
304 949
277 761
427 893
855 597
290 122
852 790
216 77
785 497
946 243
299 436
594 620
429 974
576 825
176 340
371 7
405 572
385 496
999 309
257 564
11 672
328 897
745 169
119 827
690 606
590 233
43 582
901 11
15 867
21 886
359 715
944 121
237 481
90 456
771 489
491 484
966 910
333 887
337 518
68 976
215 647
75 519
249 699
842 928
529 815
930 908
385 877
114 170
605 721
23 815
463 903
215 942
412 287
599 509
797 772
661 888
915 29
260 220
661 313
626 406
871 905
199 673
421 445
988 63
763 123
175 508
949 942
321 583
835 914
760 7
46 515
114 244
403 527
50 451
808 71
406 73
296 515
825 766
760 283
343 928
793 712
357 129
539 322
146 499
595 298
514 196
214 514
222 183
966 418
393 451
297 262
311 394
857 828
857 621
664 445
777 713
397 807
697 307
255 670
852 475
591 418
872 982
639 214
428 797
895 655
577 167
416 876
61 93
853 400
88 0
202 443
748 885
295 294
819 786
975 153
679 480
79 177
605 601
760 172
354 107
902 893
888 287
332 226
140 996
704 969
979 663
491 62
974 475
445 683
836 486
618 523
107 374
316 784
870 162
640 800
889 286
935 875
276 247
535 579
404 538
169 899
222 732
799 312
435 741
300 333
697 961
13 726
805 334
270 895
225 222
625 566
493 287
74 9
682 764
357 571
335 202
35 952
314 449
950 889
570 620
59 57
904 854
834 190
98 88
901 756
776 537
557 355
597 998
471 480
172 175
457 469
255 785
706 931
460 363
33 361
241 937
497 905
213 562
490 321
349 326
286 897
881 518
643 644
457 780
705 983
621 752
819 74
195 337
563 791
494 743
450 493
83 266
369 780
667 377
756 30
455 716
229 96
517 974
786 567
492 839
181 957
731 54
280 164
470 10
77 819
577 804
37 395
106 693
654 604
260 518
392 57
154 104
717 834
626 130
597 829
609 519
627 873
192 30
372 652
343 411
927 32
474 287
725 978
790 792
400 969
410 899
566 103
499 464
897 577
598 981
174 88
482 291
564 905
618 731
608 524
986 0
156 953
543 821
451 9
366 503
762 472
420 467
417 223
530 85
486 904
21 639
142 942
30 554
570 910
485 73
176 788
942 177
732 742
970 391
761 253
140 238
403 312
232 361
979 102
229 199
908 417
999 57
65 97
590 257
198 267
590 159
201 742
14 200
665 603
654 608
709 75
192 929
817 217
890 330
414 568
858 992
807 112
300 884
745 577
483 602
687 268
787 536
631 925
463 815
899 943
353 4
84 320
771 914
815 459
493 205
474 406
927 944
740 841
637 805
814 254
177 616
862 442
444 839
916 739
940 565
855 6
317 889
11 175
300 868
782 653
992 401
29 820
100 570
430 360
28 233
878 921
283 302
466 183
655 726
814 264
42 172
780 745
838 108
140 981
639 835
52 911
507 595
79 194
719 835
65 904
610 746
506 691
59 51
368 948
136 601
754 535
699 379
207 613
462 787
218 379
756 837
884 826
194 143
77 464
708 68
502 620
721 440
777 893
542 798
798 584
242 609
713 993
666 165
517 468
966 760
740 755
219 687
79 473
653 69
478 937
15 269
496 819
984 854
684 400
871 144
483 192
846 124
703 340
645 768
898 915
704 29
449 829
432 791
293 1
84 888
731 603
873 353
663 335
840 212
535 272
164 299
536 22
852 980
182 491
369 233
749 842
699 86
804 366
546 485
383 259
180 889
52 614
522 396
233 707
931 65
658 150
170 464
11 860
372 868
331 549
627 565
65 847
837 818
200 634
898 113
509 344
164 722
681 79
652 324
491 870
677 883
966 343
868 539
83 830
54 131
744 915
665 19
847 398
108 296
753 187
598 389
120 668
634 713
899 911
724 879
584 389
474 226
352 993
421 173
997 263
563 580
259 154
34 56
294 45
707 160
674 836
207 371
332 660
925 621
224 125
516 989
249 486
336 936
415 886
951 311
996 221
248 709
570 301
98 629
991 826
686 558
204 573
943 957
407 885
553 440
920 567
818 667
137 401
328 158
890 325
678 33
471 854
577 253
29 885
59 67
573 468
434 592
949 636
713 40
483 878
673 765
401 50
811 718
287 653
11 997
65 798
207 967
843 263
421 436
264 488
922 659
709 599
575 194
396 790
174 493
896 763
432 54
153 747
53 648
204 866
62 925
954 50
772 150
987 997
482 845
564 1
302 273
165 131
42 933
701 894
749 44
957 653
581 711
817 967
180 126
769 40
611 251
433 794
144 975
950 442
512 157
507 196
735 384
658 36
819 761
3 201
311 566
57 994
312 92
915 450
140 727
247 784
703 153
642 242
10 445
388 612
778 173
765 528
148 402
458 792
188 77
743 817
805 889
260 836
302 792
77 733
429 759
216 255
160 39
433 380
465 130
554 606
429 840
140 259
126 27
661 555
122 339
518 869
153 804
58 872
45 39
455 848
780 441
989 42
291 617
909 384
864 380
137 578
91 438
34 311
476 914
357 934
238 9
907 769
815 468
359 435
429 809
937 484
97 282
122 57
527 305
527 153
649 272
42 455
514 157
511 550
29 203
556 182
90 949
661 179
282 22
218 940
58 70
908 127
976 325
343 37
520 423
773 652
284 589
933 106
545 505
65 482
100 218
848 504
242 192
572 53
721 583
325 635
772 421
139 9
261 871
818 868
743 893
757 880
185 981
956 359
234 758
642 749
46 490
414 394
852 571
199 941
940 62
241 995
571 304
125 446
93 773
901 582
209 276
233 968
373 735
384 110
222 442
395 199
176 131
40 832
193 38
50 393
352 287
979 823
107 487
119 856
236 336
617 922
797 119
362 580
38 167
968 28
822 447
719 951
456 661
431 464
405 183
52 544
929 795
419 344
104 439
724 421
802 863
290 853
516 931
45 923
538 40
265 196
478 128
33 323
120 577
784 750
983 290
675 462
971 821
736 798
914 210
372 371
448 788
877 18
486 81
509 805
55 619
523 714
668 922
488 171
86 299
899 446
951 218
384 104
744 734
125 230
752 888
93 740
37 800
451 80
376 911
295 502
849 47
238 105
313 936
627 174
533 785
710 68
958 261
69 637
102 881
330 775
646 764
315 413
671 71
175 469
673 91
31 885
901 76
505 700
864 621
731 114
874 913
504 78
903 828
457 260
27 173
397 228
45 591
54 119
241 302
725 917
172 423
43 850
787 775
360 215
453 84
335 506
369 571
762 863
261 157
641 142
150 566
269 816
748 507
251 366
179 534
245 713
551 180
568 836
39 408
935 627
667 500
410 615
990 821
234 170
660 299
334 532
835 708
457 614
277 31
531 353
31 449
558 946
428 338
264 373
151 667
193 559
382 458
885 405
976 406
912 994
437 674
949 505
113 570
623 456
434 278
796 291
343 22
553 660
939 200
328 624
10 366
836 78
19 700
304 88
694 984
608 579
113 990
900 729
946 265
460 424
827 155
833 165
625 338
449 927
79 670
307 578
79 7
370 920
427 494
851 297
434 684
24 691
431 386
321 249
743 609
882 684
586 113
964 80
311 750
8 688
93 173
333 86
300 467
97 326
665 938
290 769
183 459
343 213
73 564
210 55
346 145
880 256
544 128
973 96
496 470
990 90
118 722
713 493
775 995
238 968
163 966
387 893
788 617
785 400
495 49
853 811
874 557
302 393
796 690
253 55
490 69
421 673
642 415
360 583
630 310
619 501
937 913
968 451
284 15
22 199
840 709
458 225
683 406
665 970
172 622
942 490
87 291
78 40
670 323
725 401
25 802
926 187
451 376
691 722
981 363
633 824
826 238
200 53
119 702
197 230
219 621
740 43
972 591
334 591
721 58
83 207
397 139
981 207
526 777
988 969
163 286
713 695
180 593
469 337
571 292
67 827
944 99
969 811
821 150
393 709
163 604
18 142
543 447
562 537
770 391
539 380
391 77
817 0
194 386
907 754
271 597
214 238
267 166
439 802
343 337
29 244
676 655
842 876
196 455
483 379
806 908
658 383
238 128
749 900
232 332
394 94
714 624
927 556
166 854
681 777
100 51
144 53
687 293
210 415
950 865
910 607
612 473
312 856
210 863
767 478
957 702
711 492
256 82
90 670
505 348
160 816
709 797
626 55
331 99
392 759
228 597
720 999
619 609
35 164
824 752
2 451
962 722
261 102
811 40
32 325
237 262
385 482
151 666
169 863
341 931
629 188
418 676
864 61
654 892
463 939
718 324
478 951
386 99
582 555
433 83
458 698
962 816
62 268
420 81
198 888
610 908
576 896
101 42
23 174
390 867
678 371
907 861
107 539
449 338
849 954
941 345
388 577
907 280
577 39
28 32
797 222
783 533
211 701
893 982
733 394
194 486
91 920
424 380
640 406
983 259
320 42
657 481
315 471
976 523
992 272
792 186
82 864
806 313
26 801
911 148
589 414
821 892
570 766
336 452
43 520
251 947
695 718
338 194
87 508
148 253
187 201
66 446
255 976
362 523
496 891
715 327
904 428
383 14
230 317
933 185
143 528
697 66
388 233
462 52
463 120
648 667
388 291
71 506
267 6
733 65
348 225
839 141
823 808
766 67
33 10
505 457
775 663
913 910
647 837
611 173
283 232
774 396
102 808
250 359
738 234
58 246
726 398
559 633
967 460
990 278
210 455
450 211
214 119
311 444
17 828
377 89
857 983
120 944
277 629
538 140
356 471
486 64
592 968
924 543
114 616
120 709
946 272
569 257
228 373
625 866
145 286
124 483
85 754
21 999
728 239
488 30
714 422
112 833
479 944
806 516
81 632
683 283
859 494
836 488
770 234
740 349
642 54
532 450
962 633
393 147
293 489
164 529
679 387
699 351
498 310
411 942
693 875
199 150
204 804
621 702
215 130
913 337
719 113
384 171
950 786
707 992
600 550
137 343
146 899
205 106
487 659
156 827
219 605
760 249
585 946
444 754
935 21
496 10
205 196
201 72
155 149
21 995
116 29
742 803
985 242
466 853
775 927
751 594
682 9
652 122
700 127
727 841
979 628
719 505
370 290
709 659
139 274
604 871
381 529
184 492
66 35
548 867
194 554
355 362
478 399
466 665
202 96
7 171
320 271
618 82
228 64
873 678
228 505
369 567
512 772
740 112
596 462
86 745
345 970
499 979
947 907
950 49
283 307
657 815
697 281
413 570
809 396
494 339
818 499
766 807
877 940
32 13
367 254
111 725
44 196
22 318
585 252
44 540
704 378
533 471
402 617
412 229
264 758
722 101
864 535
392 113
142 576
838 473
171 854
737 675
71 293
105 804
287 106
146 204
387 43
73 749
606 496
784 428
416 827
658 522
988 773
684 129
507 761
145 539
932 958
118 766
663 473
179 7
35 787
721 8
466 439
233 81
576 919
630 534
636 46
275 825
181 929
489 657
337 497
658 413
32 915
215 158
406 483
455 875
42 907
659 170
396 700
172 403
351 81
734 816
102 332
482 348
802 290
902 545
757 37
516 795
844 471
108 454
552 124
346 790
812 841
531 163
563 742
306 951
894 729
61 198
780 450
17 796
403 214
610 721
696 59
122 213
776 503
984 169
79 266
815 470
499 455
133 392
853 289
524 669
727 773
742 180
216 94
22 999
129 589
364 999
266 770
976 928
869 927
650 798
522 825
843 549
161 234
116 231
79 25
230 895
883 312
169 382
46 451
296 975
972 563
538 484
959 752
991 940
186 655
854 910
299 244
227 489
402 594
334 896
999 392
962 590
831 549
161 164
607 343
931 60
51 498
893 94
848 827
444 805
521 973
553 689
323 56
404 722
102 113
291 53
660 384
24 49
191 514
661 601
398 796
749 68
651 389
653 363
787 903
433 222
533 950
308 144
971 343
96 36
609 422
307 526
271 925
782 48
84 805
683 271
656 976
919 993
879 840
704 611
678 730
115 214
306 11
705 595
328 205
802 160
893 812
540 994
659 656
721 327
113 943
180 225
62 703
583 55
240 884
541 442
102 313
88 127
767 890
126 759
279 464
778 957
350 494
915 220
858 41
391 393
972 688
639 72
958 259
544 991
523 620
556 909
274 658
507 768
941 436
391 649
988 262
809 890
187 933
827 12
854 352
950 612
748 858
985 110
28 92
146 107
733 816
323 379
496 719
635 146
239 13
404 926
798 79
504 361
171 389
417 218
49 236
612 945
627 481
423 123
69 953
755 189
915 530
681 598
468 631
890 785
727 576
543 279
346 574
207 169
144 894
62 616
863 991
185 254
220 139
257 438
628 562
230 538
907 37
682 996
303 978
738 417
10 394
255 271
441 832
572 67
966 66
638 643
511 114
635 214
754 903
579 685
571 691
257 243
892 836
831 372
716 796
740 897
47 6
802 753
613 209
901 67
289 78
901 669
263 85
721 151
469 20
905 885
176 202
516 322
544 194
679 948
632 804
887 200
773 294
133 187
703 933
283 656
714 940
111 448
305 73
395 592
618 240
665 628
504 809
836 201
537 881
882 692
821 609
921 219
973 202
277 66
267 129
373 492
799 803
73 852
661 298
921 144
765 927
860 109
923 733
569 972
677 679
8 190
293 185
427 543
820 24
600 985
881 737
541 761
56 80
669 875
808 928
666 288
253 241
894 166
195 880
186 206
116 16
515 165
982 909
776 893
333 864
711 485
499 133
720 631
548 127
864 396
671 990
722 658
726 830
260 328
407 490
613 903
118 437
995 278
217 721
814 891
217 878
570 235
937 468
887 332
751 611
630 171
661 472
334 476
490 68
181 441
468 756
724 627
160 454
440 627
998 187
638 351
283 346
421 865
818 587
800 225
131 768
914 77
344 735
577 169
919 404
358 776
560 380
146 918
595 551
749 933
121 77
736 996
818 52
655 300
467 188
222 394
313 659
657 750
226 486
431 350
710 989
192 132
175 651
420 199
820 225
819 804
196 911
863 626
261 335
345 475
867 290
280 155
175 652
962 902
727 990
826 584
61 991
108 64
210 168
108 363
963 488
999 852
740 742
278 157
188 831
68 411
366 656
997 159
713 929
17 213
72 289
620 599
807 324
760 317
407 413
855 105
546 570
169 523
750 29
969 795
65 590
598 173
443 1
828 19
527 831
679 847
364 181
195 871
682 255
314 557
797 320
640 153
771 999
689 773
686 876
207 456
717 453
655 381
758 637
146 810
335 649
571 38
552 804
481 390
38 675
951 934
957 838
885 594
731 156
833 673
836 52
809 876
993 201
132 671
729 832
956 419
847 313
673 786
444 322
181 657
407 611
529 567
529 709
317 221
542 392
299 513
399 953
72 495
530 218
109 310
613 196
501 61
276 943
324 414
840 209
956 656
772 556
918 58
757 33
534 990
99 875
805 962
895 370
299 619
93 572
976 44
182 193
434 726
982 345
325 312
869 850
763 846
338 408
503 447
407 719
826 595
140 143
639 945
512 720
278 927
2 252
384 209
312 152
817 360
590 835
377 978
2 816
580 446
644 143
872 140
557 307
544 536
296 601
569 678
935 170
680 969
144 311
100 567
432 390
660 258
822 617
465 60
299 485
325 277
148 874
690 486
622 247
868 592
195 905
923 292
195 530
687 521
301 557
427 54
189 248
667 98
304 884
709 457
870 749
963 543
756 155
59 323
199 742
392 417
826 580
595 25
986 492
325 209
788 730
368 646
310 747
240 825
255 871
916 534
714 427
76 371
887 635
127 502
23 906
4 873
126 518
840 860
526 190
363 85
128 723
261 292
800 163
165 89
537 450
719 313
212 863
103 992
995 954
522 355
843 291
699 269
170 478
234 244
57 113
382 46
692 578
77 58
999 955
293 324
894 405
722 270
566 893
926 647
986 549
53 368
528 104
152 68
122 121
993 371
730 489
276 605
264 665
458 998
659 347
744 531
115 780
612 771
536 829
976 733
452 629
768 334
23 850
532 162
15 662
641 991
792 459
864 194
926 400
743 503
160 191
414 907
358 904
535 221
766 298
657 319
510 460
168 134
201 698
46 891
59 115
297 915
792 764
962 663
563 614
322 403
149 535
700 744
512 175
307 394
649 470
774 799
994 376
757 653
963 903
327 12
604 597
625 123
53 46
181 490
13 982
193 342
582 922
937 893
685 460
823 349
154 709
336 309
607 196
846 603
427 582
174 538
536 423
134 253
575 814
791 41
989 833
457 503
733 100
926 686
483 633
326 954
679 305
264 231
33 344
758 449
733 324
304 287
895 506
952 21
59 541
991 819
967 341
974 830
447 911
669 227
180 181
932 261
934 784
749 199
999 683
364 145
147 287
95 830
42 490
883 2
140 932
595 704
503 754
806 938
152 479
610 745
248 205
213 648
638 584
190 302
195 813
315 139
128 588
792 751
468 768
313 889
570 93
326 145
853 9
318 417
688 635
37 717
963 939
685 659
626 584
813 637
792 393
522 138
38 9
319 160
605 89
993 392
39 780
537 802
65 585
32 975
992 661
524 80
603 23
92 613
707 833
587 983
270 800
945 669
722 683
594 62
319 857
479 499
259 778
724 850
486 331
309 110
575 502
884 632
359 855
310 697
706 181
592 881
672 71
199 873
654 535
179 200
327 565
116 166
293 578
914 919
242 150
361 743
970 239
693 611
607 810
201 693
523 58
899 335
131 569
226 528
861 570
408 591
939 45
914 532
747 188
608 953
947 392
856 842
501 487
193 705
87 965
834 686
330 30
986 358
979 692
779 433
468 692
262 200
384 504
573 614
52 609
986 7
504 368
47 299
758 563
303 71
995 922
767 677
909 327
663 853
237 931
445 749
701 226
730 345
42 938
308 880
771 838
7 934
873 63
793 447
900 6
618 86
248 795
378 923
957 483
23 750
256 76
581 0
15 352
905 233
618 607
479 872
427 423
300 281
257 693
326 80
566 475
494 738
201 111
334 254
501 879
809 33
458 828
453 920
730 896
323 2
946 630
45 61
729 718
844 842
293 588
426 81
633 417
474 139
637 290
235 818
403 718
450 231
680 61
708 877
380 676
278 768
883 871
571 420
479 305
364 141
575 366
640 873
333 394
791 172
979 444
133 570
985 787
833 744
198 878
356 538
10 787
107 710
797 913
330 633
378 142
50 250
355 191
555 861
551 497
787 244
382 222
491 545
614 994
362 941
81 193
220 590
937 385
461 830
37 52
930 762
665 13
443 883
351 258
831 111
764 64
56 819
510 729
972 731
34 573
74 734
586 368
982 717
828 320
744 827
703 43
477 14
975 105
607 349
694 163
318 896
353 482
622 819
812 542
764 572
453 630
49 866
670 254
739 481
297 444
429 408
757 647
689 219
12 171
695 617
463 89
541 733
601 753
822 8
343 289
225 24
97 671
202 442
46 647
169 596
318 648
740 232
110 312
354 478
301 222
958 464
514 936
817 126
839 148
731 931
501 731
841 839
352 263
359 540
84 650
338 336
125 459
857 321
847 984
625 702
728 299
552 208
645 567
821 743
187 224
967 435
612 506
602 445
507 436
940 919
509 204
735 367
645 447
192 186
860 163
208 351
295 211
661 41
516 190
683 897
630 303
541 646
52 152
762 228
501 565
211 900
10 820
271 493
45 462
153 173
139 465
834 242
939 426
206 365
269 685
316 243
47 317
86 47
79 130
957 890
675 688
516 672
124 128
924 953
240 966
10 544
767 521
996 317
822 151
448 444
331 748
850 842
533 475
100 810
818 684
693 58
6 350
87 636
476 175
554 388
627 836
751 136
432 636
275 973
657 830
692 588
852 224
455 273
907 206
656 833
345 532
477 881
246 607
670 167
135 282
170 955
677 549
724 931
891 471
982 248
288 344
757 695
484 478
407 204
903 844
493 551
285 139
584 144
526 727
374 403
420 719
748 242
450 333
884 407
877 978
385 841
407 515
982 18
965 564
109 52
148 344
340 555
8 858
164 234
728 819
238 545
685 328
550 618
598 568
528 106
941 60
115 407
908 233
606 743
773 541
714 248
916 588
784 178
633 805
132 284
54 258
773 802
677 852
855 400
769 812
916 294
470 800
386 450
309 619
634 794
913 270
671 483
304 162
723 842
280 695
589 929
879 540
584 812
965 453
868 958
272 452
943 988
722 993
691 243
411 296
771 353
486 541
637 89
190 738
951 709
673 821
15 459
543 493
894 610
270 204
344 332
258 646
462 112
652 663
638 754
631 534
88 596
878 750
296 542
661 974
909 937
562 61
215 312
34 603
636 890
37 259
189 142
595 374
797 551
915 565
375 184
152 455
413 295
317 477
521 930
383 635
415 797
417 587
441 95
8 209
677 221
10 973
427 835
79 49
323 918
559 140
43 265
636 316
474 570
858 446
468 693
607 733
222 890
774 727
299 29
85 820
219 586
933 376
913 247
252 277
786 511
261 98
805 461
787 249
467 535
70 12
473 92
125 40
46 142
106 692
147 826
2 264
181 163
607 835
409 252
769 916
231 601
70 667
363 122
307 62
676 703
455 832
655 562
950 100
151 673
347 747
34 910
24 519
458 210
607 878
889 558
195 931
266 781
100 110
578 723
926 665
689 995
652 531
43 203
323 86
490 403
861 327
52 43
956 21
261 898
961 920
843 870
578 744
593 716
355 464
332 160
27 38
370 174
25 627
194 158
645 74
547 936
395 422
328 492
678 921
894 271
303 338
489 302
925 770
982 257
427 588
310 9
627 961
277 803
729 756
416 326
583 840
345 240
541 367
21 221
495 780
575 411
160 128
747 341
0 200
527 802
562 467
109 989
560 405
58 571
222 429
396 461
760 521
254 79
381 696
361 84
303 905
385 233
512 915
451 701
15 674
758 550
400 725
604 704
248 615
561 847
595 930
302 542
849 220
306 655
858 944
534 948
309 468
615 3
836 975
411 188
824 645
134 793
78 706
140 924
44 54
414 990
771 63
306 51
546 677
548 715
906 762
64 717
325 8
404 568
345 424
850 301
732 731
141 338
28 714
263 59
659 474
276 602
317 402
534 292
811 556
630 207
173 823
660 325
966 547
824 951
605 673
24138 -1 7294 55727 -1 -1 -1 -1 -1 -1 -1 -1 -1 -1 -1 -1 -1 -1 -1 11086 -1 -1 -1 -1 -1 -1 -1 -1 42192 -1 -1 -1 -1 -1 -1 -1 -1 -1 -1 -1 -1 44388 -1 -1 -1 -1 -1 37234 5250 -1 -1 -1 -1 -1 62301 -1 -1 -1 -1 -1 -1 -1 -1 -1 -1 -1 -1 -1 -1 -1 -1 -1 -1 -1 -1 13641 -1 -1 -1 43234 -1 -1 42410 -1 -1 -1 -1 10556 -1 -1 -1 35685 -1 -1 9419 -1 21007 -1 -1 -1 -1 34869 46431 -1 -1 17846 -1 60573 -1 -1 -1 17515 -1 -1 -1 -1 -1 -1 24959 -1 -1 -1 -1 -1 -1 -1 -1 -1 52558 57669 38157 -1 29988 -1 -1 -1 -1 -1 -1 -1 47646 -1 -1 38849 9833 57332 -1 39620 -1 -1 14062 41702 -1 22300 -1 -1 -1 -1 -1 -1 -1 -1 -1 -1 -1 -1 -1 -1 -1 -1 -1 -1 -1 20783 -1 -1 35557 -1 -1 64688 -1 -1 -1 -1 -1 -1 -1 -1 26855 -1 -1 36490 -1 -1 -1 -1 -1 -1 -1 -1 -1 -1 9725 -1 -1 -1 36101 -1 -1 -1 -1 -1 -1 -1 -1 39027 -1 -1 -1 46853 36648 -1 -1 30450 -1 -1 40216 -1 -1 -1 -1 -1 -1 -1 -1 -1 -1 -1 -1 -1 -1 -1 -1 36109 64616 -1 -1 -1 -1 -1 -1 -1 -1 -1 32613 -1 12594 -1 -1 27364 -1 -1 -1 -1 -1 -1 -1 -1 -1 -1 37898 4869 57229 -1 -1 -1 -1 -1 -1 -1 -1 -1 11534 54693 -1 -1 -1 42111 -1 -1 -1 -1 -1 -1 -1 35051 -1 -1 -1 -1 39211 55015 -1 44065 -1 -1 29731 -1 24311 -1 24969 -1 -1 -1 21122 -1 -1 -1 -1 6176 -1 -1 -1 -1 -1 51918 -1 -1 5808 -1 -1 -1 -1 12926 6663 -1 -1 -1 -1 -1 -1 -1 -1 -1 -1 10631 -1 -1 -1 63542 -1 -1 -1 -1 -1 -1 -1 -1 13464 -1 15063 -1 -1 -1 -1 58736 -1 55452 -1 -1 45211 60061 -1 -1 31704 -1 -1 -1 -1 -1 -1 -1 -1 -1 -1 -1 -1 3846 2236 -1 -1 54997 -1 -1 -1 45029 7499 -1 44379 -1 -1 -1 -1 -1 13113 -1 -1 24178 -1 -1 44629 -1 -1 -1 -1 -1 -1 22392 -1 -1 -1 -1 -1 -1 -1 -1 -1 -1 29088 26949 -1 -1 -1 -1 -1 -1 9889 -1 -1 -1 34357 -1 -1 22611 -1 -1 -1 -1 -1 -1 -1 -1 -1 -1 -1 -1 -1 23865 -1 -1 -1 -1 -1 -1 -1 -1 -1 -1 -1 13595 -1 -1 -1 46941 -1 -1 -1 -1 -1 -1 -1 -1 16389 34301 -1 -1 -1 -1 -1 -1 -1 -1 -1 -1 -1 -1 63189 -1 -1 6283 -1 13724 13649 -1 21039 -1 22409 -1 -1 -1 -1 -1 -1 -1 -1 -1 -1 -1 -1 -1 -1 -1 64313 12996 -1 -1 -1 -1 -1 -1 -1 -1 -1 -1 -1 -1 -1 -1 54238 -1 -1 -1 45991 -1 -1 -1 26603 -1 -1 -1 -1 -1 -1 -1 -1 -1 -1 -1 -1 -1 -1 -1 -1 -1 -1 10050 -1 -1 63434 32753 -1 -1 -1 -1 47945 3041 -1 63173 -1 -1 -1 33238 -1 -1 -1 -1 -1 -1 -1 -1 -1 -1 -1 -1 -1 -1 -1 -1 -1 -1 -1 38915 -1 -1 -1 -1 -1 -1 -1 2753 -1 28650 -1 -1 -1 40981 -1 -1 -1 48439 -1 53984 -1 29859 -1 44683 -1 -1 -1 -1 -1 -1 -1 -1 -1 -1 48174 -1 -1 -1 -1 -1 -1 -1 -1 -1 -1 -1 6198 54741 -1 -1 -1 41229 -1 -1 -1 42864 7685 -1 -1 -1 -1 -1 -1 36590 -1 -1 -1 -1 32443 -1 -1 -1 20495 -1 -1 -1 -1 45658 -1 -1 -1 -1 -1 10481 -1 -1 23279 -1 -1 7680 6751 -1 -1 -1 -1 45692 -1 -1 35493 -1 -1 -1 -1 -1 -1 -1 -1 -1 -1 -1 -1 -1 -1 -1 -1 -1 -1 -1 -1 -1 41424 -1 -1 -1 -1 -1 -1 -1 -1 -1 -1 -1 -1 -1 -1 -1 -1 -1 -1 22726 21741 -1 51092 -1 49007 -1 -1 28253 -1 -1 35704 -1 38579 -1 -1 -1 -1 -1 -1 -1 -1 -1 36638 43679 2616 14303 -1 -1 -1 -1 -1 -1 -1 -1 -1 -1 -1 22023 -1 -1 -1 33122 -1 -1 -1 -1 -1 -1 51075 -1 -1 -1 -1 17208 -1 47901 -1 57699 -1 -1 -1 -1 -1 -1 -1 -1 27984 51252 28679 -1 -1 -1 22094 -1 -1 -1 -1 -1 -1 -1 14022 -1 -1 -1 -1 -1 -1 -1 -1 -1 -1 11163 -1 -1 -1 -1 -1 -1 -1 -1 -1 -1 -1 -1 -1 -1 -1 -1 -1 -1 -1 -1 51100 55263 -1 16158 -1 -1 -1 61315 -1 -1 -1 -1 -1 -1 29987 -1 -1 -1 -1 -1 -1 14396 -1 16233 -1 -1 -1 58460 -1 -1 -1 -1 -1 -1 -1 9116 -1 -1 -1 -1 52234 -1 -1 -1 -1 40500 -1 -1 -1 -1 -1 -1 -1 -1 -1 -1 -1 -1 2975 54018 -1 -1 -1 14001 -1 -1 -1 32959 53046 -1 -1 15198 -1 -1 -1 55051 -1 -1 -1 -1 -1 -1 -1 -1 35063 -1 -1 56191 -1 26557 -1 -1 -1 13827 -1 26353 57984 -1 -1 48024 31060 -1 -1 -1 -1 61886 41403 -1 -1 -1 -1 -1 53753 -1 -1 -1 37288 -1 50285 -1 -1 -1 42250 9534 -1 -1 -1 53974 40884 -1 -1 -1 -1 2589 -1 -1 37844 -1 19580 13881 -1 -1 -1 -1 -1 -1
7
0 133 10 331 6
0 50 1 621 5
1 661 4 888 8
1 618 10 390 15
0 540 15 77 6
1 369 3 554 0
1 50 1 900 3
