1000 5000
77 887
584 341
54 955
461 474
513 619
698 136
396 981
829 343
420 194
260 327
45 988
140 110
668 56
277 831
709 690
751 532
36 382
222 693
697 230
790 155
867 795
374 719
857 31
826 702
173 480
69 580
359 670
993 400
131 80
19 41
394 439
697 341
423 843
239 618
720 912
690 243
702 566
931 512
242 458
96 808
319 912
192 498
766 765
105 715
915 203
317 593
477 237
997 184
523 723
948 372
823 135
796 494
718 848
838 698
572 473
514 191
204 279
871 383
623 354
495 428
219 844
342 551
257 774
642 191
545 251
735 88
914 153
479 680
948 521
718 569
597 682
228 989
149 96
447 361
515 464
460 107
302 899
20 105
931 843
118 43
733 666
460 151
31 841
500 186
121 126
994 223
523 276
731 976
214 318
80 823
846 439
328 612
641 78
319 938
210 488
622 275
648 522
167 236
657 390
961 438
253 519
13 305
36 688
433 789
79 414
276 66
337 381
519 134
825 26
102 626
680 588
955 734
52 761
881 967
259 63
368 718
427 715
832 359
683 567
849 357
184 107
950 740
732 175
668 892
66 889
661 52
178 436
53 28
750 401
103 568
947 135
935 192
69 599
302 567
159 632
122 566
650 14
83 269
289 918
413 586
316 801
304 499
517 321
231 172
278 749
152 122
365 781
563 946
4 184
813 944
185 773
722 276
16 958
137 582
950 584
591 385
360 559
388 6
611 187
130 736
374 652
409 559
671 220
411 530
104 285
228 666
748 400
422 299
117 683
109 867
229 947
969 862
30 410
76 889
940 553
283 126
795 778
425 522
707 342
943 423
88 535
456 680
387 862
725 508
308 37
78 576
291 992
984 876
530 912
428 21
306 810
351 207
326 622
345 371
675 363
361 817
553 170
533 917
830 130
567 608
492 870
424 186
652 300
728 756
722 212
154 900
836 362
996 219
504 794
449 517
78 0
819 413
610 402
361 483
492 942
767 673
915 115
199 743
842 785
386 680
176 960
71 200
589 23
899 572
968 404
89 839
609 643
706 229
845 203
344 750
326 610
142 476
332 692
406 905
453 970
839 819
203 388
110 651
475 149
188 951
878 181
45 874
483 267
838 755
624 456
896 278
917 6
56 309
838 565
713 894
172 252
771 388
101 683
949 147
633 640
588 721
815 416
904 34
640 797
564 49
336 510
503 260
808 893
557 970
967 280
301 795
458 828
472 202
766 404
603 613
482 515
633 234
600 279
193 489
529 382
731 130
406 867
233 162
497 581
199 66
394 201
613 87
81 413
436 861
184 410
599 878
37 774
314 497
601 250
292 380
36 78
584 97
415 453
900 165
302 141
450 398
613 113
507 524
384 478
748 500
977 472
425 959
859 85
563 343
439 302
563 702
173 369
863 864
345 217
696 357
360 351
647 323
93 37
260 222
579 60
762 939
941 183
374 269
644 360
194 704
147 554
308 853
281 158
876 475
889 432
98 940
878 260
947 665
371 885
225 749
950 354
572 763
638 569
650 170
511 884
469 685
843 404
836 458
905 82
787 322
808 560
610 472
550 726
480 116
293 339
464 388
454 208
266 856
15 754
359 658
483 226
718 679
407 240
394 798
293 726
667 637
391 20
939 155
679 59
722 797
648 655
113 475
795 816
887 463
916 904
485 559
312 563
904 192
233 771
597 161
248 164
824 486
333 843
403 75
712 323
776 712
147 279
825 360
493 407
16 472
746 905
275 380
177 391
782 329
731 435
150 582
622 79
965 403
599 637
533 886
223 33
699 135
680 134
617 941
417 860
471 812
962 296
426 160
939 699
683 441
94 566
44 76
639 760
472 736
420 944
152 266
824 705
448 500
910 838
708 90
73 553
324 105
863 809
881 218
986 808
283 595
952 756
156 899
142 609
989 502
574 833
282 558
698 54
989 447
767 701
748 546
382 744
55 422
679 538
617 818
331 635
416 476
181 212
721 138
721 512
993 480
749 577
498 320
788 719
401 257
771 864
571 340
247 199
524 220
192 273
817 749
642 980
658 726
75 983
591 16
11 552
145 151
731 824
279 529
635 306
641 861
256 132
634 971
474 521
386 246
107 174
765 147
675 92
329 337
590 980
985 744
167 152
161 145
663 514
928 197
807 810
643 672
555 234
493 832
76 996
267 310
303 259
384 380
503 462
995 905
387 295
437 151
70 10
355 986
574 493
659 309
895 358
774 745
577 102
890 701
934 477
114 676
773 212
844 758
832 991
2 832
720 691
614 494
895 442
134 952
787 799
186 663
441 342
812 148
795 106
975 855
914 83
457 322
854 531
704 545
732 761
795 313
926 270
364 700
727 493
377 637
244 537
864 302
286 229
184 84
545 694
760 21
590 882
4 732
777 899
849 174
772 8
843 787
322 275
770 946
207 261
790 145
859 962
466 37
814 54
474 763
355 963
661 111
695 825
401 397
221 676
223 736
934 357
705 628
56 965
187 501
855 200
661 636
477 44
508 718
772 106
599 362
989 585
292 533
410 557
806 217
738 556
978 449
740 382
878 94
688 613
814 37
848 969
353 131
116 864
133 384
34 162
609 168
941 775
869 167
364 736
851 39
672 582
338 682
251 104
705 45
186 340
46 395
193 853
710 680
171 52
155 137
325 985
5 248
642 525
258 918
119 977
636 475
504 661
351 687
324 852
957 269
566 810
814 204
463 679
474 241
20 758
695 217
175 920
319 120
675 633
423 722
299 344
64 448
833 249
948 804
451 253
607 982
829 998
206 670
820 986
420 515
216 1
1 674
673 753
28 299
458 56
206 829
720 584
826 551
464 27
829 719
7 207
296 387
325 950
408 969
391 284
903 661
8 37
545 762
850 167
496 516
464 910
542 860
624 952
201 318
830 515
789 492
457 76
597 109
387 929
938 974
666 770
40 942
340 988
337 215
464 853
194 265
119 6
645 936
236 858
236 425
496 473
537 492
575 308
450 214
887 842
625 143
920 320
470 652
370 236
914 789
100 983
608 442
338 877
302 786
684 566
419 755
406 287
491 803
804 981
631 409
20 597
934 833
120 749
591 371
162 803
125 281
230 956
816 527
67 285
898 580
785 715
588 798
710 669
424 707
670 708
152 517
416 718
932 183
792 863
732 887
905 737
455 421
386 903
224 221
763 118
953 769
883 142
4 783
226 279
561 925
763 233
188 31
942 996
695 256
325 234
610 362
160 610
349 748
555 633
570 137
128 338
110 703
877 869
494 295
797 292
114 483
283 919
790 222
782 547
770 939
432 169
709 358
370 407
606 634
155 287
502 946
681 606
617 754
41 860
692 633
973 462
900 408
620 942
739 999
162 732
725 437
853 26
190 523
987 331
338 112
182 828
452 268
514 916
402 871
31 629
404 876
958 936
763 796
900 686
646 17
765 749
142 827
227 71
636 892
564 710
850 447
329 664
559 125
909 301
167 418
736 954
267 744
180 785
110 289
911 284
55 513
123 362
747 214
164 271
965 243
161 526
744 157
907 869
899 87
312 451
151 235
92 380
544 539
820 381
553 255
651 451
897 778
923 84
40 715
90 887
121 177
933 421
808 252
272 694
30 514
176 775
548 886
707 971
609 18
653 880
201 47
338 705
461 38
905 662
591 252
754 268
405 647
196 80
942 820
859 831
744 252
210 651
799 384
409 889
877 354
486 321
122 105
997 706
256 775
20 865
778 885
524 1
543 294
908 367
271 527
889 267
991 421
608 902
17 511
563 314
248 811
838 629
281 663
750 506
154 663
359 844
256 957
594 460
404 495
306 54
116 685
169 270
825 423
70 820
580 517
327 125
984 795
230 252
639 414
768 718
175 148
970 57
265 30
364 464
963 267
836 94
228 916
511 849
11 271
123 253
607 254
933 271
736 932
344 579
658 179
793 635
9 769
475 577
197 949
813 211
413 784
536 847
269 114
610 705
438 526
875 991
54 683
784 852
42 229
580 253
27 872
972 38
81 561
811 989
850 475
729 629
475 588
290 239
316 330
612 634
644 285
521 697
321 843
92 757
76 219
994 821
265 420
94 911
720 836
287 77
673 535
589 371
363 421
2 86
730 407
461 139
273 397
323 199
802 494
189 230
226 945
815 456
245 196
836 693
967 263
195 717
419 33
313 936
417 995
156 260
583 277
303 806
208 934
41 293
103 121
455 891
925 254
61 488
921 25
370 404
267 186
606 235
653 231
731 952
250 752
448 459
977 22
594 569
664 182
263 242
223 319
469 751
32 631
884 339
416 21
480 426
133 478
301 434
930 714
660 214
28 443
172 334
253 162
436 452
781 892
713 588
897 340
435 255
269 230
10 982
129 945
707 876
998 750
223 234
427 710
402 357
808 847
203 609
238 919
59 543
611 385
666 742
419 683
145 270
425 226
25 968
260 500
674 790
606 889
308 848
727 280
206 999
67 841
35 26
102 408
676 855
958 178
851 917
458 304
555 457
67 902
90 24
144 214
295 758
179 649
951 182
103 847
752 336
165 686
969 380
602 578
787 970
857 70
237 653
673 613
248 187
146 279
660 79
416 64
91 682
111 167
329 820
109 371
277 655
336 296
389 463
978 437
678 374
143 913
603 329
931 666
393 382
948 920
268 697
612 375
949 240
880 623
827 772
975 429
632 336
895 545
741 423
61 55
861 863
423 51
52 309
102 128
139 330
299 894
814 199
630 313
243 429
225 880
756 80
327 401
601 494
683 236
830 553
346 5
587 76
966 928
823 688
639 387
474 533
645 57
1 611
375 383
45 598
197 832
502 819
277 797
713 700
872 883
385 500
963 668
408 42
734 735
911 505
660 636
463 255
993 632
492 345
499 870
756 529
197 883
909 418
100 34
2 666
241 832
411 483
218 965
247 473
458 463
778 806
65 921
215 793
185 870
782 984
551 234
696 869
936 791
878 810
801 139
750 568
840 791
897 298
917 309
935 276
686 380
241 491
83 397
884 966
656 457
313 817
343 949
779 436
884 332
359 50
993 537
734 997
572 241
705 249
765 760
847 876
914 130
675 942
484 728
64 475
333 853
215 523
431 16
117 831
622 900
840 297
805 57
351 161
983 963
9 689
976 276
353 555
619 316
500 941
534 568
121 31
628 490
351 333
916 665
896 894
645 373
472 213
918 21
29 57
713 599
529 811
845 477
190 999
173 61
333 44
709 453
754 680
308 657
282 362
326 26
147 856
451 719
280 672
859 943
281 557
672 816
691 449
998 990
549 26
175 235
801 172
2 94
800 994
82 380
755 88
535 321
298 245
16 49
324 445
100 909
389 442
476 877
971 881
307 1
374 137
992 158
609 558
204 710
120 104
307 504
830 902
649 417
335 808
986 197
33 897
146 927
83 449
850 610
741 782
974 928
743 634
36 193
345 93
687 136
596 202
78 800
174 573
15 729
320 753
519 399
96 925
600 936
922 504
877 711
720 139
506 419
342 42
88 306
689 320
474 158
722 342
527 797
731 203
303 449
382 189
284 525
659 109
803 143
475 964
720 138
644 924
510 343
54 504
129 336
289 702
666 991
416 683
71 315
84 326
559 535
702 647
994 336
152 342
979 740
872 382
337 98
85 842
548 975
110 906
446 454
515 273
968 986
716 799
302 698
112 288
703 897
741 500
488 428
444 355
33 598
866 899
500 746
397 946
744 182
98 921
522 883
753 737
413 329
777 370
247 114
59 527
45 882
961 936
745 533
731 262
523 64
619 416
148 365
709 95
281 962
871 533
317 32
891 721
828 900
812 874
985 212
564 348
885 58
471 930
6 600
761 382
874 155
275 803
530 958
904 0
118 224
512 126
230 412
450 746
272 253
614 528
310 537
136 727
781 680
726 483
651 945
4 155
187 278
190 832
292 32
374 924
690 827
150 524
805 71
138 183
224 135
261 235
356 605
828 487
4 33
728 699
828 987
491 614
468 346
683 457
304 76
803 90
682 195
959 580
304 280
296 442
653 873
71 118
933 479
150 662
746 945
958 446
479 103
76 659
16 139
291 571
104 266
193 232
664 471
37 260
836 10
538 337
76 528
745 732
736 2
426 414
974 699
673 178
507 805
719 281
547 322
562 487
29 640
437 8
123 639
544 927
811 146
791 736
546 925
545 914
726 178
511 744
815 859
377 547
378 829
949 388
829 488
857 645
43 995
608 347
490 464
224 100
795 966
962 140
658 995
734 352
855 360
690 88
206 170
483 674
873 453
618 743
544 638
485 273
975 135
483 111
220 387
828 985
911 562
680 242
440 980
440 507
721 426
637 177
511 374
499 910
823 621
219 480
855 758
331 455
107 884
502 245
956 262
826 16
156 490
318 578
826 509
446 993
729 885
395 579
683 483
280 556
235 34
495 363
605 613
730 929
837 102
651 591
294 247
870 547
776 79
182 697
309 619
42 462
472 689
936 601
759 388
243 549
114 875
412 697
84 294
573 221
634 475
177 166
887 81
330 868
100 605
888 937
455 94
824 129
619 245
452 24
771 660
682 417
444 140
453 589
509 218
377 935
257 587
129 749
616 327
474 42
172 20
549 388
724 611
147 501
413 144
429 827
728 603
693 22
925 940
111 31
783 671
495 74
144 650
27 681
157 977
997 138
983 183
745 604
414 238
784 75
954 62
840 185
476 369
597 985
780 709
145 44
534 596
624 124
226 274
295 179
214 964
640 434
555 281
551 996
355 792
347 981
398 117
764 283
887 343
391 452
603 122
962 233
627 431
313 196
781 271
22 115
557 437
302 787
222 887
36 826
75 736
384 568
412 536
452 480
721 544
244 146
520 703
866 522
627 745
500 646
518 374
440 648
983 577
314 24
434 775
811 525
264 335
83 863
40 352
815 951
560 780
230 884
200 664
477 536
850 52
369 344
224 203
994 516
642 159
909 248
679 144
240 119
206 198
112 175
844 387
375 530
902 400
999 698
543 65
109 113
743 636
294 589
134 53
678 153
889 981
708 591
258 956
481 468
195 777
277 705
323 537
778 898
548 952
306 553
335 500
462 494
471 26
830 691
405 797
20 199
858 589
2 347
671 449
579 424
802 497
716 181
360 963
30 575
511 891
885 218
546 683
577 430
762 824
432 561
822 166
561 935
993 727
459 875
461 547
384 208
229 501
73 948
652 64
371 224
961 193
738 652
399 178
886 183
815 787
710 406
967 559
620 30
992 547
271 841
458 484
896 739
404 526
237 62
734 218
975 829
162 773
824 294
760 954
910 731
832 254
270 332
893 302
235 194
871 177
917 183
103 618
33 889
554 632
512 925
166 907
925 362
79 823
838 97
512 114
204 917
109 82
657 453
772 331
857 542
813 146
846 725
853 727
360 203
796 425
39 857
739 267
968 334
455 761
879 59
238 231
627 569
438 944
564 708
355 770
803 546
464 237
582 252
337 929
642 730
101 131
977 227
601 315
285 56
520 612
68 273
254 110
522 688
734 40
308 284
785 135
894 661
741 932
401 826
157 147
599 254
289 269
930 66
854 746
157 418
575 88
334 339
193 650
723 363
569 390
722 871
452 647
800 428
669 678
720 755
672 437
197 867
336 840
543 116
899 665
868 351
19 279
968 453
490 417
713 158
50 348
271 962
473 730
706 681
306 704
304 73
803 389
700 127
851 9
574 307
368 370
538 873
626 754
71 431
239 802
655 283
42 825
294 604
971 529
790 60
939 721
579 260
357 223
317 20
156 391
584 49
400 205
846 370
361 122
875 203
716 177
794 472
976 129
726 651
456 365
763 122
534 62
468 583
394 764
691 722
511 751
129 946
449 427
952 190
457 509
123 193
375 937
138 110
677 867
41 558
177 344
721 875
717 138
707 285
759 233
262 17
199 155
538 124
91 823
91 399
93 864
318 271
125 317
589 98
262 949
663 190
857 108
992 237
675 589
763 76
485 908
210 862
310 995
42 33
956 108
95 63
849 69
540 220
88 497
628 501
11 382
755 254
320 780
284 857
53 14
593 145
986 374
180 141
156 523
150 221
51 107
664 348
565 864
889 134
747 868
264 359
205 343
549 162
838 683
754 600
546 133
6 969
338 217
203 832
113 932
567 541
674 891
328 837
68 625
986 185
650 984
234 143
81 569
264 474
477 609
483 166
476 378
156 632
658 766
422 437
696 203
723 362
743 936
518 775
144 753
278 691
745 928
848 853
481 599
787 674
718 190
968 710
6 387
396 884
182 334
811 282
189 696
576 869
10 417
450 227
759 164
497 628
656 185
94 403
488 17
530 63
126 88
585 277
892 556
911 717
478 77
259 936
82 228
837 855
405 746
958 709
254 788
622 342
997 156
397 719
323 402
909 315
559 925
763 207
793 746
480 190
686 276
993 973
711 182
27 326
437 375
981 170
405 997
501 141
788 155
619 770
330 252
65 579
357 882
607 350
935 928
132 422
419 792
229 194
172 791
904 40
416 913
959 78
71 122
887 433
401 662
480 520
826 265
632 944
597 798
378 226
25 766
390 458
58 361
985 778
4 652
622 788
681 113
822 470
721 731
333 596
224 612
604 586
435 994
439 571
454 858
850 499
979 485
419 101
891 164
623 537
456 578
41 857
750 976
874 852
492 976
268 100
314 243
155 461
818 386
110 404
923 985
298 806
803 77
793 882
917 428
268 998
924 480
129 95
540 205
869 504
681 336
315 97
587 444
886 187
729 213
258 703
789 876
500 542
71 112
362 915
419 386
411 713
228 80
724 199
477 694
821 340
534 991
862 823
703 887
867 862
623 924
920 260
831 916
489 895
70 120
871 397
312 939
266 7
829 277
531 675
598 923
411 162
899 245
563 16
647 198
280 684
134 463
166 661
780 742
371 51
243 714
447 165
691 727
58 707
134 923
364 495
111 819
636 552
743 537
65 745
572 534
85 904
744 512
66 528
235 180
676 605
149 517
336 54
235 59
560 168
732 195
832 311
440 420
538 164
52 102
113 928
755 215
372 654
110 846
422 873
525 775
5 910
573 189
508 131
80 55
69 312
460 424
502 65
847 236
521 537
217 764
775 410
394 806
503 86
983 901
152 671
521 855
540 888
217 199
677 449
417 578
996 276
291 184
383 172
55 841
782 404
81 129
252 246
438 999
331 911
830 997
637 253
785 421
241 285
804 186
591 981
922 615
934 216
206 980
695 733
303 426
797 416
443 411
439 327
637 61
336 970
726 632
174 558
749 305
279 164
893 994
119 944
207 384
631 292
479 979
263 542
798 57
869 526
964 275
29 7
542 664
204 638
581 141
682 483
587 304
281 586
350 848
60 382
42 395
703 989
447 811
886 406
766 313
509 209
215 615
291 102
778 11
159 965
258 122
753 754
599 945
347 855
668 537
987 77
49 203
285 541
6 272
242 31
469 81
994 85
83 629
563 672
979 861
615 522
471 200
566 22
998 178
315 218
126 636
472 322
945 505
845 229
631 350
564 780
312 252
701 805
127 625
46 164
959 901
869 293
601 447
101 838
804 674
730 708
835 218
756 427
623 716
192 998
870 91
267 114
446 924
251 455
695 889
510 331
187 77
386 306
528 895
823 802
379 917
165 873
833 672
829 870
404 106
379 203
692 442
375 120
190 232
771 643
960 797
686 72
695 372
665 803
819 832
36 53
843 530
68 485
926 860
505 656
114 365
240 474
138 425
829 748
672 298
931 346
765 642
669 942
364 64
971 860
977 278
755 158
24 969
292 804
931 212
477 509
922 108
333 714
584 256
416 437
479 219
558 866
58 354
36 504
835 88
343 649
483 886
857 317
671 405
949 859
142 809
838 792
803 716
486 956
640 77
698 897
264 165
806 69
678 801
144 404
481 256
85 517
770 807
571 848
136 9
534 957
807 921
565 232
236 108
338 399
805 798
636 820
747 360
897 142
717 796
457 172
618 868
499 283
904 110
580 410
337 184
856 584
619 632
323 163
252 277
599 450
968 366
82 795
593 603
826 823
490 861
686 0
846 926
528 806
738 9
619 925
766 561
356 447
296 733
367 165
1 749
786 81
155 173
157 464
512 189
104 584
953 372
63 45
174 355
250 736
306 111
758 324
286 449
958 610
129 703
467 665
795 810
288 959
858 355
320 821
526 499
935 443
94 648
69 532
183 221
297 505
134 127
557 727
285 376
121 424
25 246
585 426
162 235
52 535
179 642
375 697
975 148
192 638
396 998
282 445
145 81
739 715
854 981
212 262
310 210
178 903
917 372
519 541
777 123
496 936
903 223
408 565
141 489
397 161
336 85
838 299
293 155
596 529
810 197
849 968
492 291
514 924
493 507
199 656
700 688
499 455
380 868
441 110
138 290
932 617
961 545
329 993
619 912
801 297
745 42
0 396
373 564
244 120
838 506
321 378
871 412
82 62
379 326
868 615
664 89
861 644
659 555
570 807
682 723
202 549
405 971
687 342
291 955
711 628
728 111
457 37
51 280
606 314
480 366
586 595
344 973
252 694
894 776
541 387
953 823
292 851
484 97
508 352
631 223
284 179
300 45
203 340
89 192
48 380
53 707
28 303
790 802
11 43
134 18
314 761
684 884
911 924
570 822
880 19
317 517
545 63
132 739
868 133
975 436
448 834
583 663
74 631
904 881
792 710
936 140
485 239
294 83
25 39
565 631
967 625
477 804
484 997
104 368
512 433
130 416
16 377
173 570
675 804
930 202
275 671
950 654
689 142
984 800
81 316
253 333
171 96
211 829
771 197
254 419
367 512
895 896
984 964
733 45
229 905
873 73
363 646
536 176
370 623
944 94
621 545
840 58
402 105
751 499
825 242
161 944
270 921
374 676
305 800
757 929
768 747
197 497
239 289
306 405
127 488
958 224
141 190
47 235
688 396
359 851
593 258
222 434
61 635
584 479
339 623
577 706
957 867
375 65
85 7
133 940
151 474
961 126
531 599
653 54
887 996
819 780
571 973
460 399
466 4
198 677
58 773
659 142
684 470
107 200
593 401
876 243
952 303
455 154
272 488
391 424
581 809
528 112
854 187
44 525
72 85
516 472
515 975
975 435
645 813
931 748
47 519
668 238
206 95
592 536
207 864
862 513
428 664
545 280
288 775
375 254
279 490
871 179
241 85
634 42
758 506
328 701
9 926
453 761
534 161
246 671
31 483
820 130
102 457
946 110
685 840
552 654
998 107
681 586
893 589
602 381
258 930
889 676
198 485
955 273
695 532
301 907
44 530
899 282
488 316
484 301
341 122
869 565
93 464
342 459
299 868
7 129
829 818
894 245
229 293
781 891
381 494
585 704
901 151
584 978
149 889
836 406
229 246
666 640
641 707
864 412
342 206
496 713
307 70
112 735
580 292
895 453
10 652
864 199
900 757
295 964
410 811
781 881
883 841
550 437
745 856
467 512
564 766
821 427
997 681
917 558
729 814
327 989
148 413
120 373
663 822
335 623
880 213
601 623
30 672
464 926
711 43
775 208
918 2
411 166
433 557
282 424
852 268
817 706
774 480
677 930
868 550
39 747
269 266
146 838
162 901
561 364
660 41
862 231
504 117
882 203
191 240
303 500
40 930
862 957
139 69
691 903
323 829
595 992
318 26
331 602
327 179
939 906
581 974
112 21
218 477
789 835
743 374
832 528
321 963
604 113
936 889
820 301
698 215
982 506
588 824
503 190
174 525
680 656
445 790
203 585
133 970
917 687
441 179
711 621
355 119
393 365
939 732
901 782
814 988
102 732
538 985
466 217
829 182
658 707
616 724
366 570
12 702
631 373
64 116
102 380
474 957
157 920
734 659
567 440
345 420
485 19
694 249
814 401
588 29
290 823
64 617
134 271
694 631
216 426
365 307
754 660
501 230
736 1
28 767
161 789
564 140
127 191
593 418
570 580
795 758
969 653
311 740
485 232
676 350
235 916
87 455
437 900
342 960
114 147
760 588
621 273
517 518
608 622
722 279
450 841
375 243
927 893
339 975
682 610
823 684
378 953
870 861
119 185
889 353
431 816
622 219
935 99
746 886
846 223
658 679
76 413
397 7
947 899
681 940
190 482
409 252
596 828
463 785
724 505
333 581
783 683
454 284
92 255
619 538
166 774
413 97
301 195
866 619
957 129
492 534
724 507
997 419
86 677
809 154
436 113
8 923
532 658
211 44
783 209
706 177
905 651
865 317
812 924
839 687
480 814
706 508
583 4
26 314
843 585
191 837
361 915
359 626
753 307
254 983
130 429
869 79
221 503
970 639
862 424
87 449
883 964
141 48
320 157
783 775
217 780
978 653
440 22
338 781
246 776
516 486
789 586
113 410
940 371
563 228
916 983
930 82
404 898
735 428
202 160
789 115
875 425
549 273
368 790
630 667
700 987
670 725
857 330
461 864
808 291
417 374
105 456
804 67
463 839
50 81
634 959
304 111
396 219
403 194
993 39
651 182
950 578
466 869
599 745
986 344
868 219
853 972
838 476
99 333
512 557
275 688
604 742
413 837
923 418
391 640
482 925
453 241
94 671
942 93
74 243
960 746
99 401
180 387
188 895
833 482
396 274
910 125
25 858
188 628
283 794
657 169
682 410
238 962
168 188
337 208
796 172
106 187
562 619
177 720
722 986
303 236
48 444
571 958
981 766
482 232
801 783
750 851
363 385
412 839
156 414
155 614
520 322
735 898
706 782
82 243
406 911
67 959
172 303
918 506
47 707
393 154
385 370
835 166
674 684
893 491
635 548
963 985
797 706
307 473
261 834
426 623
224 129
934 132
796 969
694 763
806 746
531 662
467 332
794 261
647 654
732 73
536 269
785 876
629 230
898 492
260 905
502 783
111 985
46 168
50 266
122 829
20 423
56 873
57 570
575 778
288 23
395 485
342 486
113 602
470 403
579 877
792 393
265 239
533 305
242 535
222 137
147 456
343 218
307 482
874 678
791 441
308 616
43 331
315 387
514 228
287 767
588 576
859 384
63 638
763 457
903 489
811 378
939 812
811 245
327 432
822 879
962 900
288 58
76 293
124 590
8 860
414 761
113 399
634 403
657 685
584 955
624 228
358 532
379 837
447 860
997 403
27 26
97 131
451 550
5 785
945 84
585 561
615 15
376 693
918 249
290 154
216 567
647 450
757 209
417 583
610 209
630 742
162 28
754 931
557 67
774 718
834 354
361 54
507 619
384 721
212 125
732 251
695 812
835 327
69 95
68 312
826 62
22 272
245 529
221 775
871 26
550 736
448 309
76 698
219 374
779 250
626 111
771 666
772 396
800 24
961 610
804 601
94 901
61 357
178 737
580 657
954 993
321 860
249 395
975 653
680 173
451 40
433 762
462 283
410 96
715 640
756 204
861 632
111 856
731 9
479 117
117 499
917 679
825 908
85 660
459 136
575 606
332 716
593 405
102 349
512 979
670 417
251 961
802 976
439 34
608 481
618 627
307 43
627 607
413 577
749 397
95 706
922 194
275 130
666 802
808 977
131 630
902 866
157 98
229 797
975 463
382 179
881 143
221 897
966 374
427 871
697 778
361 246
942 911
242 35
769 932
700 320
832 300
880 555
816 23
200 651
554 719
159 246
152 873
206 383
196 393
407 212
603 422
222 161
588 258
366 814
588 655
200 198
889 464
342 527
489 979
44 310
495 842
897 979
866 977
999 476
80 254
422 454
358 366
540 705
651 42
715 919
984 922
799 68
429 936
839 265
151 41
516 889
81 446
135 901
393 43
388 31
74 466
422 396
17 882
125 845
840 87
797 374
221 680
318 622
521 471
303 414
529 720
281 80
284 651
191 656
583 688
920 585
280 602
661 681
722 240
32 407
507 375
872 480
83 314
152 94
758 581
787 370
677 840
140 982
871 681
954 438
411 158
246 172
382 834
801 895
684 929
56 804
737 637
138 742
562 194
501 278
738 967
203 401
806 127
162 527
706 255
685 523
800 443
82 349
3 123
509 412
682 6
759 200
535 320
543 963
826 940
286 440
633 693
279 304
235 864
197 691
36 677
985 805
680 91
43 912
991 710
742 884
868 256
336 42
233 433
548 196
73 881
919 665
593 260
643 146
343 653
28 503
918 486
319 585
921 209
361 266
573 264
875 880
62 33
660 593
438 403
770 864
482 512
691 116
780 629
758 24
963 117
183 237
986 156
454 400
534 446
737 42
900 974
496 873
256 505
632 569
137 581
758 554
395 197
425 984
991 33
169 220
699 999
751 107
815 205
519 551
251 760
972 365
163 443
767 154
66 916
678 848
277 741
744 22
870 876
757 635
286 504
660 171
372 724
279 172
937 92
289 454
917 418
481 947
584 150
453 705
826 973
828 442
189 781
107 927
641 633
377 512
310 536
96 831
537 462
523 395
352 312
594 723
910 930
165 679
960 60
592 676
591 86
411 505
404 258
902 559
729 954
124 480
273 981
472 702
217 495
769 293
826 867
800 938
898 676
272 69
217 135
665 191
31 960
551 680
345 525
46 567
685 609
306 706
167 286
299 219
242 961
930 992
483 819
421 628
155 403
312 298
406 851
233 344
426 450
671 396
961 387
925 255
718 872
341 23
466 212
205 531
163 319
381 221
968 274
569 244
254 59
956 732
297 914
971 686
526 285
306 243
385 572
86 793
131 268
554 229
229 865
744 612
435 703
670 876
864 594
751 775
704 208
96 324
933 945
998 451
499 917
34 254
497 279
363 373
802 928
541 688
141 751
841 350
66 238
526 128
363 98
518 346
940 396
48 820
941 213
298 332
59 551
61 778
353 30
132 810
647 320
519 915
411 130
926 944
30 824
924 262
136 696
712 368
694 59
900 152
899 574
707 836
996 905
978 25
903 29
501 337
114 318
750 50
65 435
794 576
243 210
651 191
538 280
154 935
170 808
862 651
807 6
932 278
124 691
264 140
677 564
869 447
870 602
905 120
830 596
962 171
765 967
54 842
515 569
6 954
216 618
246 610
935 316
156 996
597 781
545 250
511 879
2 611
259 503
286 277
628 303
313 938
639 417
882 342
342 948
200 517
295 250
317 604
347 149
521 960
137 890
275 912
141 37
57 328
511 959
228 932
551 229
207 488
138 45
25 120
233 723
255 515
861 140
459 112
462 247
336 606
809 698
433 478
40 979
618 490
742 189
551 333
256 879
968 764
969 0
14 350
340 422
384 344
707 694
659 987
204 773
14 826
739 10
459 760
588 794
470 949
487 88
902 550
98 750
606 320
405 962
275 875
477 716
677 0
970 880
521 366
434 371
366 458
477 236
553 856
977 427
614 844
333 494
61 579
738 551
956 516
507 614
749 260
206 220
908 520
283 580
691 173
307 978
445 778
950 495
954 448
760 497
230 224
858 132
786 693
510 588
370 948
972 321
305 488
97 613
243 892
301 859
508 200
863 189
973 183
583 736
789 585
245 944
888 335
751 537
572 81
101 626
35 631
897 907
939 142
542 632
663 227
501 29
10 813
354 687
117 632
275 69
463 51
901 244
817 907
851 624
243 530
424 545
919 37
290 812
814 950
394 212
165 901
807 238
287 863
319 774
395 153
203 754
290 591
220 949
791 696
609 752
159 23
275 777
70 172
603 618
685 48
292 669
593 890
578 160
753 61
588 402
269 271
746 963
633 487
921 445
576 581
123 349
601 470
534 395
394 453
666 631
392 180
465 189
766 469
265 310
231 978
696 210
372 542
296 868
391 712
886 241
72 930
974 276
543 359
238 507
230 941
269 646
13 122
475 595
661 60
504 803
445 680
867 835
602 600
264 662
542 495
629 485
101 335
303 504
84 477
91 624
236 100
805 784
349 409
792 705
551 361
566 100
174 364
670 27
308 930
658 573
745 126
444 1
61 184
641 210
140 368
900 178
650 196
167 278
377 249
568 545
232 891
8 323
277 863
169 554
170 746
656 531
337 787
510 44
773 97
768 609
976 476
905 506
599 365
270 890
178 671
331 944
916 578
16 595
29 939
169 539
896 859
684 829
314 820
765 713
309 765
611 156
37 734
16 155
562 15
13 204
802 553
823 269
365 1
577 966
8 692
94 186
308 909
456 722
821 614
201 476
758 843
224 862
676 816
496 71
967 813
666 185
643 122
202 586
494 106
531 526
542 594
4 629
750 901
85 570
621 844
298 981
396 680
186 852
133 405
419 886
261 513
422 559
162 399
613 329
335 449
17 725
470 201
616 80
845 578
689 417
59 613
828 842
311 526
484 195
152 189
689 841
796 415
899 977
928 353
123 68
740 513
164 792
247 404
331 6
634 463
239 70
3 680
316 269
581 447
360 67
238 387
878 713
997 468
667 623
597 473
194 598
550 687
820 445
267 368
374 95
362 4
661 286
479 636
161 193
391 844
35 761
805 888
261 323
440 173
308 290
531 714
234 615
40 364
903 562
383 550
186 812
478 107
608 595
44 81
617 987
368 373
33 71
70 899
585 845
313 509
614 782
566 318
405 331
89 701
174 488
34 559
585 488
46 206
270 845
243 291
74 592
704 982
227 633
883 836
75 389
927 862
211 722
562 349
268 980
592 700
845 695
125 58
429 683
521 918
660 502
496 51
127 740
166 713
952 252
801 815
49 514
954 684
99 629
698 627
614 501
921 105
39 93
267 589
249 525
62 772
683 183
953 601
695 329
471 840
924 965
539 110
540 414
480 841
150 77
665 466
2 201
780 105
0 869
31 615
503 917
337 29
43 487
790 899
814 116
106 692
34 435
785 988
132 141
838 414
899 515
24 397
549 692
149 324
809 31
650 696
16 880
477 149
524 534
38 792
738 947
622 547
608 808
551 529
113 526
9 670
563 500
177 557
635 785
695 207
610 595
107 383
809 741
869 649
929 220
1 973
564 668
179 867
834 26
733 254
923 21
310 623
508 559
998 799
347 883
663 956
379 816
994 740
610 25
954 267
29 242
928 727
956 900
775 0
417 135
507 883
210 427
918 505
55 392
143 954
722 452
454 747
160 872
58 764
844 745
832 743
302 683
397 330
857 756
635 385
797 402
421 633
971 612
738 391
379 941
748 629
693 644
511 575
742 899
250 940
127 812
500 113
879 882
946 127
690 194
258 950
579 158
712 930
847 365
866 642
46 797
480 165
897 837
488 870
411 314
651 262
487 461
838 603
970 447
964 589
75 209
2 612
518 779
66 174
854 686
838 73
43 906
822 772
189 493
444 118
445 614
421 156
745 163
281 638
664 245
551 53
964 504
308 937
199 535
920 112
570 552
889 157
988 919
269 11
148 137
338 30
154 652
706 421
74 434
295 320
398 199
892 424
159 585
382 913
867 710
558 186
784 709
589 120
568 282
882 598
342 692
426 143
804 328
686 922
146 111
936 81
655 623
282 891
402 674
899 780
323 670
662 183
680 207
598 385
776 147
979 859
649 744
121 316
568 232
564 577
951 530
988 839
509 144
568 398
660 694
12 489
382 757
9 823
999 990
472 418
772 452
861 312
390 320
422 66
341 373
986 150
520 11
455 831
379 211
916 324
234 843
188 243
403 554
103 467
247 880
821 177
312 731
818 693
156 814
698 680
894 502
647 961
284 527
845 28
499 505
81 197
377 843
644 530
617 372
637 228
14 210
654 270
727 23
508 937
926 720
934 525
676 832
897 129
415 30
586 420
44 608
908 719
177 90
638 389
370 89
503 616
310 798
117 501
986 273
285 326
369 498
404 883
458 353
341 631
514 490
805 836
723 745
503 432
681 6
198 518
631 732
930 739
546 367
929 642
658 155
964 780
936 819
948 147
817 767
267 907
752 283
560 374
954 655
621 937
513 253
129 393
348 963
340 457
220 460
959 816
24 174
606 85
154 972
356 955
954 278
914 771
542 732
345 472
313 205
893 167
573 886
921 302
828 325
257 821
452 140
934 441
187 148
729 493
445 891
751 512
807 175
726 855
424 404
339 35
683 231
597 620
922 85
443 48
486 876
638 621
250 246
904 951
529 20
190 545
176 207
663 613
578 828
387 225
265 180
516 237
230 472
408 315
539 572
323 310
509 655
919 472
89 1
511 140
233 498
876 632
355 459
270 616
115 848
38 373
161 427
598 361
607 288
970 121
621 646
366 484
267 38
267 418
41 329
602 264
363 232
946 809
710 402
839 264
195 424
381 318
147 972
391 194
471 665
373 930
483 591
265 483
61 794
232 22
725 578
631 290
737 398
144 318
23 84
367 564
613 604
689 39
767 905
609 836
759 105
179 85
953 695
758 706
168 676
117 257
82 733
147 667
873 806
936 75
697 455
744 871
92 373
105 596
777 298
151 509
826 234
131 852
758 118
228 308
402 241
950 13
282 247
202 963
724 664
461 314
924 58
967 752
847 243
531 238
885 257
71 617
120 82
889 625
102 456
191 27
597 278
76 532
390 389
269 60
45 860
565 305
895 105
879 278
3 224
55 675
363 379
896 389
595 767
752 127
68 535
135 57
659 395
521 446
456 202
365 267
365 787
55 72
466 311
802 867
632 750
393 740
120 76
312 857
303 369
31 848
980 22
63 787
498 21
229 895
872 94
717 495
797 807
378 658
446 24
234 780
646 110
754 33
751 840
900 869
859 772
809 368
482 147
200 436
233 103
561 624
475 204
757 523
750 679
223 441
361 300
571 628
439 931
602 563
740 168
322 673
642 521
352 142
16 340
434 320
684 260
471 651
399 434
225 689
881 81
957 369
429 602
710 388
316 292
149 939
71 657
574 761
547 368
607 863
938 41
644 194
962 721
531 625
33 528
119 883
544 698
891 126
265 120
186 701
766 917
560 625
103 883
506 755
463 617
848 762
627 442
626 742
768 801
542 597
758 521
919 14
740 731
187 358
6 859
374 341
908 585
56 743
488 133
644 485
174 718
940 186
822 95
994 79
937 555
55 471
195 415
617 174
329 470
951 452
310 483
590 715
10 507
786 992
922 770
532 334
998 622
356 706
739 151
473 263
644 956
920 844
31 632
493 273
58 413
843 973
885 235
586 794
208 930
571 111
216 885
766 393
3 691
259 852
589 411
739 519
681 326
10 478
132 998
245 705
63 363
101 344
717 862
635 720
721 905
225 865
200 603
413 849
339 798
181 691
385 238
593 114
300 854
876 464
598 789
982 380
445 900
835 180
849 564
120 300
382 784
35 344
206 349
129 674
875 960
662 701
214 719
558 565
305 261
566 700
746 275
351 748
309 223
934 754
166 71
917 116
252 974
490 634
618 70
690 16
85 256
884 810
310 431
89 816
348 773
526 50
886 926
719 549
956 810
916 825
149 190
578 584
85 180
123 306
139 140
899 22
928 86
169 338
363 622
326 59
712 462
648 445
125 107
223 57
37 908
671 276
647 991
534 323
971 262
812 693
940 486
336 142
660 517
205 477
674 249
519 688
198 238
477 89
103 992
876 551
914 494
363 255
125 452
706 563
199 491
352 968
76 121
896 275
894 343
243 599
234 922
526 873
985 537
214 182
129 447
797 664
789 88
157 405
116 117
31 417
610 374
739 818
713 838
617 837
773 954
812 368
21 761
704 459
540 547
259 90
492 869
34 976
352 111
485 542
814 841
496 530
142 595
432 642
35 743
197 629
158 179
577 411
297 248
700 67
957 879
33 491
648 779
952 289
284 242
74 541
735 585
925 716
932 307
225 548
397 132
435 127
515 379
21 715
793 489
991 95
776 76
668 167
61 181
238 164
932 355
192 684
709 182
927 181
630 70
539 617
733 971
205 144
389 38
39 865
693 316
73 937
422 16
223 929
866 403
966 789
510 484
32 582
134 95
60 325
178 149
157 730
980 844
172 626
675 465
294 541
425 330
956 742
86 935
652 224
576 14
612 948
213 810
208 814
942 55
521 564
815 8
213 13
641 137
604 987
382 554
84 639
1 364
0 585
544 305
343 619
138 539
752 440
260 545
30 924
763 441
399 299
314 230
550 741
397 961
76 376
437 811
599 869
378 766
691 53
382 561
534 808
321 907
500 773
925 484
408 800
431 859
922 985
192 114
723 40
809 660
521 556
197 621
878 892
821 830
153 236
897 771
838 149
470 292
744 851
780 979
474 786
967 350
337 293
354 111
497 588
48 690
656 170
770 633
963 545
652 296
111 398
873 40
934 534
872 596
785 166
462 608
111 448
204 862
696 243
929 235
706 768
646 635
313 991
225 766
736 809
416 763
525 538
286 220
797 318
448 241
897 388
16 822
675 679
143 167
824 595
845 708
411 650
477 961
682 716
728 320
254 282
762 329
830 469
707 874
714 237
944 49
146 634
523 656
0 546
294 98
585 365
784 156
144 749
68 907
332 433
838 720
12 804
166 289
646 511
732 535
842 62
447 285
949 796
449 817
596 956
325 565
366 427
201 634
821 616
585 822
38 75
943 271
862 251
527 36
320 765
785 732
612 521
964 101
574 297
117 415
187 831
389 289
193 432
650 520
280 463
372 88
677 312
915 367
191 557
311 531
380 609
543 49
746 391
404 869
748 908
799 54
245 875
944 16
770 708
847 807
485 46
742 359
596 598
1 940
500 638
71 780
721 885
862 568
872 869
572 600
962 412
438 242
208 362
27 517
196 912
597 347
394 637
209 909
691 491
324 280
829 921
856 530
760 171
554 805
975 507
444 113
211 97
292 22
671 261
36 930
324 781
505 438
823 165
731 821
562 175
228 792
63 529
827 285
394 656
238 908
82 788
504 819
775 436
145 530
904 751
781 711
379 798
507 110
915 642
198 147
309 247
744 568
137 60
706 271
674 50
779 84
800 801
471 434
643 890
66 432
30 529
153 516
274 299
824 732
894 580
543 68
474 773
895 443
966 761
178 185
543 226
181 169
728 952
946 191
717 599
728 877
96 501
588 250
50 9
760 23
917 330
177 556
649 243
372 561
86 63
96 164
210 905
346 903
201 382
134 426
597 403
319 166
144 384
205 832
155 654
772 234
326 777
528 306
132 801
413 289
976 777
329 120
470 47
905 887
916 140
436 943
356 468
385 750
150 350
366 731
111 385
354 652
736 611
152 658
527 283
331 551
314 45
98 708
3 184
400 407
697 68
370 285
635 213
826 228
171 835
374 429
894 613
944 667
738 373
473 990
197 943
52 89
456 853
53 426
715 797
927 582
399 238
525 588
652 387
485 344
101 10
779 52
792 743
621 877
1 15
66 302
893 585
788 12
222 643
948 951
148 223
904 581
900 2
326 92
577 558
825 488
157 690
268 838
558 255
204 302
67 541
519 786
886 775
316 806
644 472
836 41
584 385
493 261
635 667
245 532
653 830
128 50
935 895
767 127
374 559
342 770
507 629
874 625
121 600
419 640
261 169
119 547
376 543
2 102
762 529
714 379
794 834
269 142
383 628
310 792
493 349
926 59
682 332
915 620
594 94
653 920
124 71
789 503
475 907
664 505
426 497
215 865
24 833
458 27
153 517
943 493
104 477
780 647
20 24
964 315
700 253
187 283
364 311
948 162
79 121
309 460
512 843
25 547
629 612
94 981
582 23
480 946
316 242
251 344
24 561
834 274
676 398
785 677
15 151
841 565
860 393
897 13
275 655
998 844
255 312
615 963
928 970
694 839
584 459
835 866
521 103
165 548
294 945
230 526
722 235
25 938
136 558
728 44
364 726
134 234
767 546
934 838
127 646
597 38
510 81
716 124
457 814
389 231
202 564
595 877
394 375
3 760
205 171
453 528
917 470
34 513
150 509
626 15
899 834
110 361
681 255
818 192
346 429
7 252
815 874
163 454
903 324
487 23
424 528
543 527
102 77
197 744
250 793
783 862
178 897
173 867
552 395
526 272
216 778
394 851
755 818
520 560
473 122
578 106
774 931
749 589
260 528
666 313
836 109
930 868
842 64
571 488
43 22
349 424
951 127
406 548
665 830
692 698
623 285
86 957
67 11
455 56
128 768
703 147
674 454
966 334
661 384
748 886
900 128
594 302
690 666
124 254
580 233
42 69
571 772
956 288
98 415
476 184
742 181
509 957
384 450
431 939
903 795
924 886
708 638
616 171
231 670
428 462
482 729
524 818
666 614
234 802
819 203
403 498
861 669
561 605
548 768
768 921
722 308
505 804
625 484
310 205
385 308
883 250
168 414
505 106
648 213
824 277
575 279
918 550
406 622
52 416
797 140
502 264
117 139
858 672
22 216
188 92
635 771
131 67
908 171
495 416
254 610
512 37
957 448
287 621
642 214
46 58
456 820
297 243
109 653
736 691
566 748
771 272
121 925
794 554
742 489
134 73
209 264
924 568
362 575
848 23
84 884
474 770
378 531
940 696
322 398
133 520
961 445
808 147
712 546
356 711
166 589
434 379
570 102
257 376
838 559
823 597
425 928
112 116
352 527
863 938
405 80
893 928
892 196
793 890
286 253
581 727
25 792
435 497
462 203
872 361
737 951
406 351
292 963
133 106
579 271
355 523
498 381
167 423
488 383
807 734
348 339
148 463
41 711
267 24
520 150
603 322
849 133
293 572
41 852
669 615
75 290
83 682
34 38
542 101
381 415
237 472
106 547
6 177
296 69
7 584
839 527
89 493
133 471
671 874
560 861
522 410
372 970
351 298
157 963
244 72
-1 -1 41078 -1 -1 -1 -1 -1 -1 -1 -1 -1 -1 -1 -1 31061 -1 -1 -1 -1 -1 -1 -1 -1 -1 -1 10217 -1 -1 -1 59581 -1 3222 -1 -1 -1 -1 1641 -1 -1 -1 2646 18668 -1 31148 44649 -1 -1 28723 56476 -1 -1 18529 -1 -1 -1 -1 -1 3760 -1 -1 -1 -1 -1 -1 -1 -1 26854 -1 -1 -1 -1 -1 43573 5176 -1 58916 -1 -1 -1 -1 31246 -1 53880 -1 -1 -1 55941 -1 -1 -1 50738 -1 -1 -1 -1 56558 502 -1 -1 -1 -1 14907 -1 -1 -1 -1 52972 16787 -1 -1 -1 -1 16885 -1 -1 -1 -1 -1 -1 -1 -1 -1 -1 -1 -1 -1 -1 50641 -1 18783 -1 -1 31792 -1 -1 -1 -1 27047 -1 -1 -1 -1 -1 -1 -1 -1 -1 -1 -1 -1 -1 -1 -1 -1 -1 -1 -1 -1 -1 20895 -1 -1 -1 -1 -1 -1 31435 -1 -1 15653 -1 -1 -1 47156 -1 -1 -1 -1 -1 -1 -1 -1 -1 -1 46820 -1 -1 -1 -1 15744 2134 -1 -1 -1 -1 670 -1 -1 -1 62269 36504 -1 60375 -1 -1 -1 -1 -1 -1 -1 -1 48789 -1 -1 16473 -1 6690 -1 -1 12025 -1 -1 -1 -1 -1 -1 -1 -1 -1 681 -1 -1 34284 -1 -1 -1 -1 60197 -1 -1 -1 -1 45335 -1 -1 -1 -1 -1 -1 -1 38114 -1 -1 -1 -1 31958 -1 -1 -1 -1 -1 -1 -1 -1 -1 -1 -1 -1 -1 -1 -1 -1 65456 -1 56337 65012 -1 60093 -1 -1 -1 -1 -1 -1 -1 -1 -1 -1 -1 40897 -1 -1 -1 -1 -1 -1 -1 -1 -1 -1 -1 62096 45791 55819 -1 18895 -1 -1 -1 -1 -1 53900 53730 715 29987 -1 -1 -1 -1 -1 -1 -1 40333 10912 -1 -1 -1 -1 -1 -1 -1 -1 -1 -1 51874 -1 -1 -1 25183 30390 -1 63731 -1 -1 -1 -1 37426 -1 -1 -1 60636 -1 12632 -1 -1 -1 12150 -1 379 19547 -1 35733 -1 -1 -1 -1 -1 22196 -1 -1 13916 -1 -1 -1 -1 -1 -1 -1 -1 -1 -1 -1 -1 -1 -1 -1 -1 -1 -1 -1 -1 -1 -1 -1 -1 -1 49953 -1 -1 15183 -1 -1 38596 55825 -1 861 -1 41634 -1 -1 -1 60332 -1 -1 -1 -1 -1 -1 -1 -1 -1 -1 7641 -1 62114 1634 60194 -1 -1 -1 -1 -1 -1 -1 -1 -1 -1 13828 45631 -1 -1 -1 -1 -1 -1 27754 -1 -1 -1 -1 62012 -1 -1 -1 -1 -1 -1 -1 24874 -1 -1 -1 -1 -1 -1 1105 -1 -1 -1 40335 487 -1 -1 -1 -1 28053 63218 -1 -1 -1 -1 -1 -1 -1 -1 -1 -1 -1 -1 -1 -1 -1 -1 -1 -1 -1 -1 -1 -1 -1 -1 48414 -1 21764 -1 -1 -1 -1 -1 -1 -1 -1 54718 -1 -1 13492 -1 49567 -1 -1 36069 -1 -1 -1 52239 -1 -1 -1 -1 -1 46487 17550 -1 -1 -1 -1 -1 34214 -1 -1 18642 -1 -1 -1 -1 -1 -1 -1 -1 -1 -1 29929 -1 -1 -1 -1 36211 -1 -1 -1 -1 18204 -1 -1 -1 10020 -1 -1 -1 -1 46653 -1 -1 21409 17985 -1 -1 22135 -1 -1 -1 -1 -1 -1 -1 -1 -1 -1 -1 1515 53566 -1 -1 -1 -1 -1 -1 31300 -1 -1 36398 -1 -1 -1 -1 -1 9882 -1 -1 -1 -1 -1 10903 -1 -1 17488 -1 -1 -1 21124 64480 22140 -1 -1 -1 59459 -1 -1 -1 -1 10623 -1 -1 -1 -1 -1 44535 -1 38965 -1 -1 -1 -1 -1 -1 -1 -1 -1 -1 -1 -1 -1 -1 -1 7201 -1 -1 -1 -1 32181 -1 -1 -1 -1 -1 -1 21557 24197 9349 -1 -1 -1 -1 -1 -1 -1 43984 -1 -1 -1 -1 25960 -1 -1 -1 -1 -1 -1 -1 -1 -1 -1 -1 16333 -1 -1 -1 12818 -1 54648 49930 -1 5909 -1 -1 -1 14653 21828 -1 -1 -1 -1 -1 -1 -1 -1 2499 -1 54235 -1 -1 -1 49430 -1 -1 12088 -1 -1 -1 51325 -1 -1 -1 -1 -1 -1 -1 -1 42748 -1 -1 -1 -1 49830 -1 -1 -1 -1 -1 -1 -1 -1 -1 -1 -1 -1 58030 42527 -1 27926 -1 -1 -1 -1 -1 -1 -1 23333 -1 -1 51136 -1 -1 -1 -1 -1 -1 286 -1 21852 -1 -1 -1 -1 -1 -1 -1 -1 17463 -1 -1 -1 10666 52587 -1 54241 -1 -1 42675 -1 -1 -1 -1 -1 -1 -1 -1 57341 -1 -1 -1 -1 45226 -1 -1 -1 13226 -1 -1 -1 -1 -1 -1 22811 -1 -1 -1 -1 48222 -1 -1 -1 -1 -1 -1 -1 -1 -1 -1 29764 -1 17679 -1 51790 -1 -1 -1 37156 -1 -1 -1 -1 -1 21370 -1 -1 19805 -1 -1 -1 -1 -1 -1 -1 34002 -1 -1 3809 -1 -1 -1 14284 -1 -1 -1 -1 61698 -1 -1 -1 -1 3473 -1 -1 -1 -1 -1 -1 -1 -1 47088 -1 57203 -1 -1 -1 45313 -1 -1 -1 -1 -1 14265 -1 -1 -1 -1 -1 -1 -1 -1 -1 20592 -1 -1 -1 -1 -1 -1 42824 -1 -1 -1 -1 -1 -1 -1 -1 -1 -1 -1 -1 -1 18658 -1 59700 28080 -1 -1 -1 -1 19237 -1 -1 -1 -1 -1 -1 -1 -1 -1 51589 -1 -1 -1 -1 -1 -1 52781 -1 -1 32238 -1 -1 30097 -1 27008 -1 -1 3227 -1 41976 -1 -1 -1 -1 -1 -1 10806 -1 -1 -1 -1 -1 -1 -1 -1 -1 -1 -1 44161 -1 -1 -1 -1 -1 -1 -1 57088
3
1 561 3 273 7
1 33 8 796 11
1 168 6 158 7
