1000 5000
780 611
285 455
168 564
46 469
949 456
246 375
26 323
661 633
770 541
872 16
66 936
787 107
410 807
948 326
864 372
319 221
654 626
443 243
801 96
830 795
993 315
220 78
602 377
107 908
521 264
294 375
163 222
50 471
69 521
303 685
574 28
321 369
347 761
461 778
858 195
254 492
572 51
140 520
182 108
84 586
947 450
219 753
443 579
395 153
902 958
639 123
41 463
778 32
866 175
124 507
730 301
302 686
110 736
146 356
555 983
884 373
583 868
496 730
962 423
771 337
918 458
360 15
986 422
437 421
588 365
839 700
514 914
978 649
527 597
674 422
133 874
909 624
544 154
507 342
318 69
777 842
285 540
29 601
636 47
23 721
479 197
737 698
880 219
403 270
550 20
721 916
382 767
970 615
931 253
894 955
72 770
158 788
684 80
213 448
622 656
564 211
295 689
282 385
711 763
509 36
171 604
209 254
543 762
441 808
59 892
723 22
928 844
762 737
503 679
5 775
476 785
540 158
973 775
128 333
136 540
102 468
163 698
272 511
97 917
522 511
107 184
249 950
723 843
615 16
84 727
859 323
50 279
957 509
430 75
907 957
896 417
186 418
509 908
713 464
912 540
207 969
737 800
840 809
393 912
484 306
31 686
717 886
703 478
31 746
951 240
796 73
74 885
828 363
554 842
820 110
280 452
181 906
909 137
640 829
388 53
726 827
341 957
374 808
195 653
26 416
261 681
266 522
656 114
422 142
176 53
335 312
17 101
947 978
644 574
945 946
135 913
26 949
619 719
519 422
170 345
407 246
280 987
503 716
77 123
608 509
813 851
799 712
51 505
294 224
444 297
144 754
431 79
820 481
876 184
28 830
52 794
578 530
796 346
284 46
634 180
277 679
119 985
949 985
296 544
24 297
910 401
235 976
942 174
460 464
151 640
968 295
717 191
286 40
559 202
832 680
157 58
554 646
965 352
55 400
468 254
909 873
996 391
289 544
554 198
752 593
765 47
173 381
463 934
813 906
475 515
739 716
696 794
781 778
926 117
893 151
119 697
531 349
519 365
603 272
557 928
479 326
113 526
91 653
531 287
235 544
519 908
396 362
786 517
778 492
807 618
627 845
703 383
21 184
721 951
112 301
730 674
711 677
369 384
770 501
361 635
41 39
619 17
711 250
232 915
161 19
938 526
783 978
289 59
873 306
543 644
170 792
592 638
697 276
234 517
313 472
446 165
85 357
350 644
514 62
693 89
373 360
410 7
967 724
895 455
924 346
127 745
927 178
469 439
212 479
790 786
404 390
494 68
947 631
597 287
68 693
590 31
856 251
679 991
757 746
460 670
762 408
950 990
262 512
4 651
247 926
612 382
617 185
176 684
218 655
676 487
567 67
711 461
789 853
252 214
355 429
935 37
280 914
113 778
63 54
344 239
873 217
34 863
36 776
914 476
527 56
606 723
963 941
91 854
263 668
604 675
509 170
548 540
159 677
962 337
886 586
287 762
649 928
886 527
162 33
521 435
433 594
620 45
154 132
8 945
279 502
866 530
776 834
337 80
308 241
314 380
286 184
83 410
427 381
469 57
448 38
151 194
706 281
1 688
803 575
721 471
538 193
354 298
41 221
413 305
353 759
319 641
203 700
462 808
711 595
478 820
14 793
993 837
128 76
577 867
859 144
785 497
492 632
447 441
462 681
253 505
154 65
996 116
549 934
272 580
698 687
370 27
735 903
970 138
551 385
151 555
796 301
674 426
517 907
353 897
271 17
229 319
323 70
757 708
262 497
814 518
196 322
846 156
213 273
2 760
854 48
391 126
56 142
152 53
909 466
465 614
440 44
221 914
59 413
198 262
255 897
704 362
102 188
152 701
426 433
406 673
893 416
13 831
299 715
148 527
829 317
881 813
107 170
988 691
639 452
288 931
1 873
483 604
997 881
239 601
712 719
156 673
70 356
306 178
740 701
384 97
613 966
257 799
110 245
853 66
708 395
870 548
946 902
546 841
650 632
412 175
69 710
220 230
964 268
450 727
336 770
996 886
174 685
473 827
83 193
321 40
862 746
212 53
425 213
591 476
58 111
415 289
807 377
834 238
300 765
450 18
669 918
87 727
363 73
717 900
800 805
550 247
480 36
473 389
709 98
758 365
538 447
609 894
44 434
625 105
835 656
514 569
962 578
131 926
835 176
501 53
940 810
715 128
505 884
516 372
940 992
712 983
299 489
481 396
929 608
492 107
531 516
864 295
146 910
736 951
223 927
994 196
827 178
277 787
282 100
576 512
299 331
177 278
955 753
840 829
584 112
150 893
587 646
377 864
364 438
494 484
471 53
679 25
588 415
955 458
55 746
233 527
839 947
944 42
428 350
222 40
544 124
37 177
507 240
564 269
410 376
709 369
967 48
54 847
960 461
823 324
611 70
492 60
638 410
142 325
783 4
187 238
38 190
694 184
392 221
857 136
692 568
786 605
14 272
427 976
297 151
349 512
554 757
441 723
506 980
809 213
169 986
171 342
851 708
647 865
493 864
988 720
847 85
939 242
580 205
102 341
488 36
465 471
343 307
932 883
629 789
224 482
731 464
139 226
950 364
897 504
379 950
476 240
648 244
432 37
576 765
670 882
689 646
197 264
166 305
59 980
953 684
123 224
114 857
87 46
533 611
341 540
163 213
638 243
239 931
12 152
912 840
968 603
190 136
21 877
654 479
827 915
531 444
434 570
42 497
833 374
847 899
701 258
190 382
676 353
22 407
523 655
468 82
626 342
370 693
348 554
600 122
579 651
728 587
697 571
138 692
988 577
768 897
360 471
822 321
929 797
283 90
672 105
517 305
288 618
546 655
377 425
701 575
359 373
322 418
938 537
889 260
551 14
4 430
181 195
979 994
246 660
182 140
786 868
774 846
959 264
478 722
518 346
36 796
398 817
157 546
39 370
417 511
717 95
809 754
530 869
81 793
70 4
834 169
849 440
514 420
235 486
64 78
317 975
756 115
730 660
859 193
643 783
209 858
371 548
670 518
227 645
527 856
887 414
290 592
215 573
552 21
299 88
492 173
885 340
958 377
636 683
192 594
31 450
481 605
301 463
205 992
489 621
252 745
700 686
626 306
428 661
195 608
310 461
47 334
306 684
413 611
686 336
368 667
324 309
208 596
454 996
50 593
733 463
376 784
864 282
940 979
458 820
348 293
386 925
173 266
292 854
414 703
245 435
828 193
450 763
420 296
837 561
833 6
522 122
956 995
855 711
424 338
726 425
727 29
823 457
328 596
90 184
630 611
637 921
203 912
980 551
118 166
587 451
553 198
248 286
625 61
757 350
329 560
784 181
894 702
147 558
761 850
714 825
6 860
712 892
528 247
200 0
888 863
456 538
507 955
719 677
627 849
180 476
16 642
72 701
685 919
833 797
470 653
304 48
442 377
753 97
588 232
838 565
886 827
815 979
503 819
963 238
290 398
389 578
255 306
803 215
987 791
172 60
710 96
582 171
471 473
285 989
789 362
262 82
114 384
745 825
337 479
946 425
342 318
863 532
690 767
76 581
956 597
504 531
496 162
620 825
430 351
262 923
782 478
445 288
46 50
318 877
639 387
795 903
762 553
143 184
366 415
637 203
991 167
815 372
397 437
886 809
336 622
267 512
594 645
798 203
706 726
766 224
302 937
478 130
153 319
756 737
322 618
581 4
617 369
972 279
365 773
67 703
453 340
461 170
866 167
643 106
933 111
793 236
384 463
588 321
40 300
976 822
586 478
698 675
218 129
153 633
394 543
62 188
564 657
234 76
421 677
441 546
818 14
630 572
103 892
163 846
267 202
620 524
548 567
975 322
165 523
868 820
819 123
26 998
392 361
137 821
487 620
881 731
115 56
633 230
522 394
219 518
194 602
874 853
781 98
672 28
946 448
654 458
716 970
365 36
914 436
500 422
678 185
816 455
42 242
439 936
169 246
867 927
547 21
212 520
151 398
77 816
959 6
732 559
452 198
574 565
86 811
384 194
392 300
379 887
942 819
749 937
553 786
502 990
544 846
706 968
195 368
567 995
552 656
131 772
845 776
784 177
782 873
788 557
378 57
194 717
163 543
726 74
723 278
145 51
592 142
574 304
958 916
410 36
992 306
766 479
183 389
468 52
783 339
269 341
447 309
436 317
856 802
183 742
23 36
450 167
21 337
863 47
325 752
782 145
518 846
635 49
869 553
880 200
190 72
134 418
749 471
451 830
997 67
238 842
766 989
778 232
215 557
796 604
403 838
437 676
334 733
137 551
602 993
351 291
435 880
151 578
59 800
122 530
613 905
499 220
549 555
690 445
38 407
46 520
852 806
154 708
724 131
60 686
956 440
78 256
787 772
539 650
517 402
361 606
913 773
476 548
997 263
809 708
671 583
25 224
703 392
321 823
495 452
65 62
782 586
652 815
125 783
665 452
818 76
89 467
607 283
660 755
206 579
185 896
291 698
12 110
671 698
14 296
358 995
885 738
137 408
293 470
341 3
660 987
132 698
683 207
122 348
628 540
708 126
791 512
808 963
498 849
635 824
794 807
434 643
822 616
743 856
802 701
589 279
927 28
425 235
734 72
578 340
385 580
268 500
95 955
745 19
653 5
198 689
143 383
662 351
898 500
715 485
493 370
797 551
555 961
770 883
938 932
558 134
770 298
269 904
133 269
760 145
836 960
334 269
172 383
583 273
930 103
3 21
88 308
34 521
205 432
197 876
34 528
904 919
700 344
98 236
218 609
79 477
651 682
258 165
341 910
567 876
178 770
713 849
458 783
558 633
661 189
212 621
374 883
882 802
207 636
34 598
822 664
172 248
718 829
182 134
804 90
183 367
503 272
476 38
512 902
480 701
233 581
931 190
355 930
891 154
956 958
451 829
496 73
793 356
443 794
348 316
311 698
666 296
66 814
990 141
98 482
465 792
502 856
466 507
746 97
624 708
442 946
151 531
649 222
483 716
946 273
694 620
820 984
981 357
546 774
944 322
989 221
81 850
948 297
193 344
316 992
591 309
519 600
504 184
786 954
541 169
824 607
444 441
150 16
36 539
761 12
402 996
433 839
581 86
303 557
874 805
911 77
55 534
526 696
587 603
271 887
412 118
827 157
661 284
411 66
164 37
242 512
133 937
350 296
573 628
959 112
782 674
329 129
538 918
171 491
431 94
23 182
247 390
856 575
112 115
244 669
928 933
836 940
621 529
163 486
415 62
667 219
703 31
340 329
760 655
392 112
939 957
678 361
153 257
772 891
960 913
669 511
821 745
988 781
257 212
868 346
369 768
836 139
628 720
78 151
295 544
809 6
167 77
865 330
644 944
934 231
993 539
120 278
548 591
980 882
766 641
737 690
852 417
325 74
49 383
463 540
38 649
517 693
895 244
806 326
648 232
529 72
900 438
908 984
886 166
176 342
518 351
288 337
632 267
159 846
145 112
305 454
651 765
366 567
113 629
374 864
901 829
885 995
215 156
196 50
162 927
497 973
895 117
787 719
324 636
791 971
681 670
308 382
655 324
136 81
990 20
877 869
277 466
197 741
847 801
696 898
225 393
92 338
512 583
541 274
747 615
475 705
878 500
626 539
175 735
548 891
829 3
787 531
881 197
563 68
856 991
906 560
651 502
357 688
410 247
874 651
22 905
780 922
464 60
765 533
734 810
945 731
107 453
42 245
899 483
213 735
12 683
283 977
13 925
926 305
274 647
990 774
590 713
873 705
697 271
552 339
413 926
728 111
78 384
440 892
895 731
503 777
738 273
900 914
270 437
752 886
724 731
223 348
474 822
208 315
20 23
914 555
974 685
288 585
411 457
351 449
609 854
580 810
711 320
489 472
3 606
555 34
672 121
277 417
127 285
683 436
400 124
809 74
333 14
501 103
211 448
850 497
128 325
179 520
45 398
969 122
947 158
132 352
293 728
480 549
464 397
70 646
817 144
151 645
520 293
234 652
896 734
728 455
650 155
190 651
803 931
398 723
513 801
502 240
285 218
218 232
151 503
858 467
783 533
960 482
180 311
453 641
495 369
666 369
7 587
819 58
736 9
507 471
225 732
229 405
84 230
292 917
364 881
801 571
786 953
731 469
720 846
12 712
709 821
838 832
934 171
602 316
793 109
254 250
925 913
30 12
137 595
968 971
334 131
563 325
683 933
511 215
541 370
41 29
284 741
477 409
117 978
285 1
729 898
410 686
530 991
721 804
899 318
440 229
577 205
614 572
930 968
56 816
691 374
74 621
418 673
184 901
667 841
600 868
724 483
402 182
810 577
290 524
608 430
678 480
248 764
481 929
948 905
512 923
995 994
912 412
707 481
230 611
858 260
277 365
918 132
232 436
383 561
861 650
208 521
831 50
155 171
837 805
57 933
615 113
723 50
727 270
387 704
812 427
55 910
828 398
710 153
627 221
742 352
0 891
155 222
329 411
397 231
742 945
766 53
154 909
321 887
468 626
575 804
760 469
571 11
17 426
803 903
732 695
104 703
243 796
331 883
436 294
334 808
444 815
843 995
780 571
15 827
499 446
843 714
24 225
590 765
564 730
292 894
647 377
155 358
574 256
331 710
358 436
641 287
807 28
741 560
78 963
382 96
296 152
35 312
880 838
372 435
946 675
697 82
502 398
624 14
367 739
401 795
374 453
882 756
583 829
967 741
326 94
10 128
577 67
326 90
390 147
320 782
642 215
464 725
493 95
360 722
334 558
845 913
691 451
614 803
439 834
13 998
24 899
193 175
922 101
36 421
906 249
426 274
11 854
800 830
555 213
398 114
998 117
25 666
450 582
61 415
467 760
535 634
678 604
231 31
894 438
386 191
978 984
69 304
217 971
309 732
304 960
248 435
52 961
403 390
502 487
340 921
444 591
156 363
550 141
425 85
43 777
205 250
40 874
348 606
564 255
403 760
733 743
49 244
208 194
559 193
749 780
358 302
712 695
742 519
672 308
327 223
280 322
423 179
961 699
893 734
339 713
463 719
861 968
165 822
432 641
590 859
780 803
116 851
787 760
395 890
314 714
464 597
77 218
725 577
966 790
497 260
617 356
495 448
937 569
87 618
293 599
618 767
283 165
471 648
537 350
551 694
176 177
867 954
791 947
644 589
794 96
397 874
654 473
557 930
855 39
895 473
350 530
986 934
31 924
166 679
484 189
50 64
977 270
996 259
238 240
267 849
937 166
755 966
510 68
100 163
162 502
987 383
231 70
463 71
690 899
521 76
474 971
403 840
300 649
552 406
727 425
648 994
94 64
474 198
421 47
859 737
406 806
345 816
494 800
906 147
176 382
843 460
561 445
108 386
231 57
510 483
337 452
187 263
395 141
549 459
632 74
28 276
806 246
896 92
909 352
788 675
690 870
229 634
12 583
537 990
735 498
190 668
192 30
18 753
161 650
346 386
805 264
199 659
125 958
88 977
772 948
378 223
731 249
42 334
823 620
663 507
287 798
76 338
296 127
510 82
787 51
130 595
21 575
85 738
37 907
230 840
139 327
215 430
279 358
10 360
538 249
889 375
596 927
927 262
758 138
670 11
828 903
105 480
586 22
892 270
3 486
425 177
263 504
583 529
242 93
153 741
590 995
936 50
313 416
558 995
305 816
985 673
966 430
927 749
396 310
518 358
825 275
962 519
183 72
454 571
672 429
285 713
379 441
637 607
795 573
448 2
57 848
414 691
613 133
193 902
16 846
198 948
525 222
316 624
162 243
30 883
420 897
598 670
38 200
995 499
994 334
70 783
57 466
588 202
590 629
186 152
568 97
598 166
204 538
242 736
106 344
461 122
934 29
858 68
299 723
977 133
441 696
757 359
288 713
523 776
566 703
181 178
218 743
24 512
151 734
408 705
559 384
714 768
655 190
356 431
51 301
837 515
565 326
957 283
886 774
850 244
929 757
956 538
239 563
639 667
494 801
40 848
743 767
562 795
537 605
999 831
583 341
80 428
321 507
739 804
862 813
344 482
611 983
702 272
184 558
780 195
641 933
220 342
456 802
458 452
235 856
253 307
624 70
433 759
976 995
699 348
86 578
604 683
518 597
886 270
363 667
286 285
102 900
744 404
584 454
628 325
983 340
406 832
549 651
452 786
573 485
937 586
858 882
836 275
365 459
901 579
657 303
79 211
978 869
105 311
250 391
851 887
769 264
363 416
707 474
491 482
401 81
351 312
754 295
898 859
940 888
737 778
403 127
804 86
413 557
753 15
690 163
557 649
167 817
702 511
183 568
104 233
221 497
627 976
83 468
885 22
322 176
247 675
195 433
605 224
242 715
973 223
583 527
236 593
309 105
592 267
431 478
873 551
72 477
298 653
469 769
935 123
245 753
463 666
493 241
93 947
731 491
597 598
835 678
946 895
919 37
328 498
870 61
740 418
879 264
782 199
327 182
827 775
341 449
709 768
229 891
601 467
671 158
822 731
582 580
875 920
966 865
278 605
901 213
168 178
228 691
231 851
987 465
450 540
526 345
380 205
285 531
308 14
622 665
546 474
432 411
563 775
356 452
122 60
575 577
320 914
610 391
329 744
10 426
933 518
878 360
251 390
557 983
538 714
799 56
475 906
608 313
876 250
211 385
650 302
527 478
44 875
534 220
599 331
842 204
391 731
879 33
123 393
538 194
697 837
226 719
244 275
777 590
31 24
691 826
243 732
498 467
436 389
851 67
403 973
371 666
353 426
848 860
311 220
247 443
329 172
473 478
291 490
171 219
737 311
658 313
711 223
655 748
612 895
471 134
977 996
601 970
290 944
559 877
112 359
903 415
30 976
757 824
982 528
97 277
896 648
929 870
794 265
963 456
774 288
956 197
852 194
341 111
439 577
401 844
726 939
230 997
655 297
552 422
297 548
876 581
46 666
682 420
990 965
66 154
67 644
714 402
167 219
584 323
821 892
978 987
552 914
155 224
616 948
120 259
897 264
116 149
737 208
899 182
25 118
173 126
721 348
326 318
261 294
114 757
182 724
848 174
415 674
338 910
109 867
257 802
429 220
142 447
992 389
162 978
414 692
890 859
536 757
409 722
617 692
329 704
33 370
866 697
459 30
76 539
777 971
731 194
564 801
323 126
618 315
597 377
707 697
76 728
681 679
401 300
323 848
834 558
201 802
415 264
460 280
160 495
762 165
952 764
831 105
781 762
552 750
34 389
140 22
762 330
644 245
461 747
221 864
301 423
191 48
124 104
661 790
48 948
212 325
497 34
629 162
782 16
887 223
948 144
951 752
804 774
144 44
762 291
757 292
267 982
823 312
630 815
241 900
597 980
58 423
706 476
665 65
657 497
791 770
409 87
845 775
216 80
148 730
486 292
332 538
590 39
896 262
310 897
988 815
45 176
567 664
226 423
879 155
325 958
840 529
183 66
917 893
229 37
475 392
343 415
695 839
225 306
669 824
118 824
743 148
272 183
843 962
188 158
329 756
531 280
260 325
772 997
372 721
376 0
535 23
11 294
851 412
673 366
424 214
776 901
553 103
850 5
872 148
256 333
522 448
668 358
713 44
527 520
18 333
72 156
67 918
752 602
7 723
78 275
540 745
382 198
780 668
106 559
336 434
256 423
405 784
428 915
159 760
115 158
144 79
27 720
71 275
348 579
151 130
828 134
698 548
921 13
544 388
656 671
768 784
248 43
65 102
833 449
900 834
161 63
26 548
239 411
745 847
670 838
793 498
762 494
488 412
130 838
964 295
732 163
742 407
855 428
966 401
818 564
468 664
292 612
31 293
446 73
744 125
651 603
959 382
532 902
534 83
508 504
343 88
354 975
383 283
713 870
674 874
77 788
873 583
631 848
239 934
508 152
673 759
556 903
636 506
255 841
196 633
641 548
685 482
573 449
72 264
76 13
466 218
664 616
6 844
386 114
426 900
988 522
373 114
662 609
38 911
156 851
121 910
833 752
871 420
954 170
188 333
824 27
68 844
540 94
141 663
182 335
560 429
997 977
949 474
98 865
997 532
208 810
264 794
246 360
282 82
517 828
926 487
397 363
705 673
669 532
826 421
920 62
985 124
934 938
865 437
499 942
89 24
321 554
159 461
36 630
141 538
146 469
476 783
800 938
422 512
957 353
819 433
433 355
896 920
959 991
210 817
834 51
935 449
719 575
84 350
468 522
170 896
345 773
325 744
640 236
134 977
447 471
554 696
469 449
283 30
184 289
924 629
696 867
440 142
23 24
604 779
8 765
7 325
298 576
932 799
316 590
991 762
457 611
936 553
87 113
38 361
559 387
855 911
827 826
465 204
640 6
377 448
522 142
514 933
558 961
231 378
741 518
321 310
873 16
446 330
796 107
929 128
668 726
372 142
131 227
656 982
697 77
620 177
964 96
915 909
469 707
358 673
957 608
809 727
626 429
820 580
822 346
787 435
144 973
774 977
663 253
657 433
223 865
84 734
47 164
140 735
25 837
607 943
132 452
150 454
899 337
7 574
314 816
893 140
521 407
524 86
17 854
352 445
306 349
179 358
760 778
529 978
757 344
966 668
340 689
194 338
951 648
4 927
600 402
140 198
444 877
623 626
155 649
472 9
978 42
912 302
936 114
665 900
106 311
895 279
49 139
670 15
707 741
518 711
584 143
873 761
422 737
324 794
312 586
554 67
22 369
594 750
83 436
369 170
782 635
863 608
497 120
614 599
514 805
95 648
517 530
677 613
13 607
538 171
982 293
345 615
410 341
837 312
62 32
551 267
987 715
604 850
35 191
915 121
785 364
831 501
557 615
298 780
442 609
513 424
89 591
518 345
76 193
392 662
306 937
30 717
140 210
957 322
102 164
176 709
784 222
883 377
406 682
383 106
220 906
449 206
431 283
740 759
998 815
869 108
570 322
565 530
671 839
256 968
62 700
687 773
289 930
251 724
206 301
727 28
328 79
396 763
302 983
111 217
663 912
593 506
199 566
367 959
253 211
830 152
977 151
749 179
848 190
310 686
700 465
157 300
565 847
335 497
44 631
39 116
300 853
779 724
283 901
241 174
658 341
334 305
776 667
563 189
804 560
766 693
566 916
558 924
64 573
167 764
23 732
870 906
552 154
326 994
955 915
653 307
18 470
189 203
473 729
283 623
526 154
201 745
367 4
97 184
83 834
591 92
916 922
447 721
620 973
171 507
819 525
203 766
545 900
46 513
181 828
847 516
109 761
766 961
709 884
747 273
527 897
90 25
528 795
60 211
884 313
655 150
81 206
21 810
818 488
126 968
830 69
894 288
376 660
924 24
955 415
308 650
297 555
846 34
961 825
603 960
778 380
75 148
571 793
220 829
451 894
42 67
654 516
561 892
163 22
66 715
645 620
337 265
810 494
947 681
770 440
952 28
693 853
808 439
976 362
9 490
551 950
468 295
614 258
366 293
725 149
159 533
977 806
389 863
963 190
83 777
656 162
808 933
873 834
0 449
630 686
443 946
431 927
673 657
929 715
40 972
665 182
232 934
67 434
274 673
511 400
673 76
749 131
253 683
279 468
595 745
681 464
504 335
485 211
296 116
73 714
200 855
704 984
382 314
589 512
838 455
283 62
380 215
997 20
967 462
248 714
460 749
84 476
936 846
228 203
732 720
618 32
475 817
141 472
985 632
977 47
21 203
179 875
583 786
630 846
158 611
324 752
259 154
567 358
303 102
696 17
52 248
670 366
193 794
987 211
819 737
16 78
290 322
779 127
211 140
967 618
302 254
463 256
873 468
210 572
362 376
798 32
185 602
1 913
911 66
828 280
556 427
55 725
998 137
427 397
730 153
453 920
536 581
618 888
404 577
290 65
976 679
256 278
255 426
715 400
925 149
175 824
455 400
999 497
405 522
758 624
820 130
776 568
277 912
331 471
658 462
445 540
105 662
699 872
46 61
669 166
376 162
914 509
764 56
121 25
574 793
658 171
178 728
803 680
30 81
340 642
823 121
238 723
951 990
653 437
847 223
654 592
248 472
201 897
3 889
823 170
661 993
860 113
221 144
248 841
177 899
433 169
773 835
767 877
945 657
663 762
208 33
711 622
394 842
440 249
170 768
960 727
264 356
683 240
753 362
247 680
570 21
132 161
689 149
164 581
704 48
553 816
657 646
524 685
757 714
285 838
674 869
156 311
624 542
446 994
169 729
22 909
757 83
348 882
888 179
140 516
392 719
71 356
969 251
349 1
552 753
401 75
194 831
89 58
525 483
413 568
449 372
344 762
584 150
578 376
948 779
719 89
845 109
895 30
922 879
971 923
711 610
584 255
205 474
608 34
137 394
825 342
125 983
546 211
121 880
157 171
630 405
580 170
254 487
39 542
245 656
612 689
511 626
58 557
485 41
976 534
756 978
81 961
222 141
663 94
892 638
326 801
500 229
522 150
25 426
966 215
841 294
634 655
150 675
344 38
363 727
422 220
7 209
255 65
363 503
594 999
442 227
356 305
566 571
171 927
111 157
937 479
647 518
781 281
451 356
66 292
85 97
857 154
839 428
558 234
50 615
287 285
782 772
837 39
790 101
582 405
688 746
550 943
517 784
879 981
463 690
791 581
336 547
271 218
534 823
833 953
349 40
922 310
307 185
30 28
950 662
82 972
982 370
522 738
864 665
907 65
461 107
671 385
608 69
453 799
88 9
53 995
166 963
722 154
460 691
298 392
469 966
605 328
46 620
858 365
111 542
208 54
318 436
326 788
35 195
15 339
91 754
856 80
136 155
0 68
213 338
13 158
286 356
454 238
991 156
324 109
178 609
42 137
237 102
595 505
328 237
433 549
99 335
455 534
341 700
85 549
714 227
156 609
314 360
227 887
476 705
424 374
588 386
694 231
486 564
24 62
561 553
656 813
195 908
276 923
889 374
341 567
256 104
35 789
780 310
976 191
549 666
471 708
373 369
520 886
889 175
513 721
81 446
630 979
565 112
282 446
507 317
985 244
205 818
202 779
871 164
777 973
949 799
106 227
125 838
851 746
384 884
906 973
541 134
589 219
755 562
607 84
174 251
785 925
52 422
842 171
313 316
213 948
514 331
670 307
527 240
284 31
72 391
360 322
758 950
580 933
626 349
290 178
626 858
610 916
409 274
611 340
632 998
309 229
878 80
122 730
259 86
503 544
993 941
267 809
197 610
54 677
412 208
623 985
77 30
794 428
806 803
247 658
963 514
982 622
130 660
323 473
225 644
612 454
188 516
749 226
833 49
856 523
523 827
478 9
913 554
176 731
524 593
371 665
92 36
869 958
931 585
383 985
662 912
177 561
914 89
789 109
195 650
497 338
357 259
511 720
326 226
109 836
534 990
219 151
68 935
810 646
617 724
346 692
504 854
583 108
789 879
494 460
59 281
546 588
913 320
851 599
404 270
595 16
293 297
747 87
171 590
380 251
974 383
154 842
877 915
167 885
827 375
377 44
164 423
229 279
139 553
256 671
160 792
921 768
360 782
360 147
101 383
794 80
912 943
69 749
294 737
26 498
751 791
394 87
522 707
349 62
717 553
159 391
284 287
488 554
402 467
587 705
74 936
27 491
537 373
978 183
294 771
358 605
13 31
800 498
460 248
168 863
295 491
555 347
47 259
36 601
654 7
129 191
212 817
556 857
785 216
904 376
400 584
545 970
50 895
605 42
48 667
43 947
691 898
307 46
714 80
281 409
23 490
953 29
240 891
205 531
209 588
721 242
319 887
657 259
578 380
622 897
203 728
997 840
9 325
362 351
667 55
696 198
163 357
561 987
827 996
679 425
271 312
425 642
820 903
443 382
443 686
63 250
161 37
991 616
394 187
874 295
86 438
234 963
79 364
743 690
799 132
355 84
552 53
208 711
16 559
83 420
278 491
658 636
864 512
415 54
965 37
560 842
176 429
548 130
469 165
706 990
747 823
619 243
418 125
242 240
53 906
936 494
225 480
141 576
228 912
720 890
622 363
846 673
499 852
288 649
781 587
686 881
627 463
751 779
457 290
865 790
900 598
614 230
938 576
883 962
996 70
435 734
453 287
969 114
909 475
513 372
78 195
345 572
730 119
150 860
132 678
582 775
314 701
645 443
455 877
85 468
513 644
321 954
990 189
285 707
936 876
862 532
817 918
990 222
138 354
504 458
562 690
226 311
285 525
151 235
408 121
724 21
187 593
415 731
534 94
569 72
974 228
847 336
126 463
748 943
584 698
53 448
236 477
336 222
816 483
340 56
878 421
768 455
824 566
553 370
239 453
410 185
703 981
661 784
434 372
583 368
979 900
679 318
137 348
699 235
636 384
525 137
185 597
845 247
905 895
403 424
236 895
832 259
285 498
848 53
407 573
61 735
679 205
43 636
268 478
158 330
508 794
409 342
638 449
476 824
396 563
21 311
548 313
517 883
384 987
275 544
181 126
236 177
693 771
654 575
9 304
783 157
591 255
216 926
472 818
42 402
103 755
352 928
815 72
472 841
476 761
561 357
687 782
50 819
631 260
229 276
490 339
881 475
914 451
524 127
282 166
803 457
585 592
204 306
470 964
421 20
271 377
288 906
211 971
598 662
366 879
883 60
272 180
885 371
970 321
491 756
130 568
832 578
143 172
429 586
350 328
80 700
750 686
441 973
768 881
200 722
900 230
480 300
536 930
500 647
140 479
807 765
896 768
440 147
463 161
532 544
40 935
757 561
455 236
61 354
364 342
916 717
833 363
228 619
321 193
835 187
227 124
909 227
36 91
84 891
276 733
83 622
936 181
750 27
552 230
829 193
486 224
791 915
287 86
153 320
367 664
885 857
881 790
526 304
94 286
894 467
973 145
164 942
540 654
608 862
735 942
517 393
818 821
505 587
310 903
33 123
802 955
464 453
903 559
908 514
938 121
799 504
875 534
394 183
375 79
766 715
960 959
953 813
319 505
551 580
44 886
748 516
577 334
266 672
604 996
206 32
393 824
600 586
548 287
175 35
141 874
59 988
819 994
83 616
362 723
935 752
957 945
0 403
29 941
932 654
247 959
541 30
892 945
152 215
458 943
666 716
4 9
559 390
777 670
646 911
758 891
391 561
572 246
780 147
733 961
489 577
909 495
197 460
64 564
64 4
769 299
714 884
487 665
191 19
209 891
422 553
162 687
414 523
950 66
311 927
65 678
534 356
957 744
41 452
621 509
989 164
171 134
907 908
243 255
159 360
207 378
728 549
43 755
294 631
324 795
325 792
360 105
997 8
800 591
117 257
168 245
655 567
674 855
813 228
462 442
612 851
460 606
359 69
968 303
367 262
66 221
842 22
108 498
401 521
512 778
153 963
661 221
403 58
921 955
229 752
234 512
139 268
617 304
23 951
32 751
633 74
657 528
216 494
407 384
827 639
842 9
56 183
177 819
505 422
302 599
849 53
536 326
80 284
498 634
314 663
73 15
897 58
404 871
100 502
199 696
383 852
354 289
312 917
313 438
357 637
157 9
34 638
146 191
992 491
916 178
770 612
850 259
585 639
168 734
838 851
118 194
914 929
368 549
705 638
847 171
799 993
705 301
688 11
486 184
635 603
470 938
76 715
93 268
970 354
514 930
871 477
315 558
864 14
408 173
397 606
729 905
892 917
487 13
393 381
296 135
535 223
504 912
357 549
370 652
588 710
856 666
926 403
164 691
550 102
375 523
127 921
328 928
455 3
357 428
107 789
763 425
762 572
236 629
833 345
987 11
510 145
211 82
9 356
541 875
393 957
784 773
618 931
724 909
494 327
248 540
163 337
922 409
88 783
279 448
579 271
471 920
537 500
383 787
492 85
343 717
571 163
778 207
247 299
776 490
625 393
656 673
808 237
812 496
839 371
120 903
505 575
923 484
765 989
880 263
344 689
921 466
2 985
602 292
978 259
591 857
585 698
527 239
643 980
592 758
322 125
295 404
428 129
379 234
255 414
479 679
218 592
954 196
845 436
568 478
104 105
900 948
469 909
513 504
273 690
31 390
171 925
345 987
47 808
787 112
707 473
21 195
911 605
164 337
58 570
851 294
369 45
378 756
580 153
679 972
301 102
4 836
902 563
611 551
433 464
528 475
950 590
637 838
595 930
309 299
698 473
570 519
578 615
133 845
743 393
785 84
338 906
814 458
538 429
894 897
583 874
627 401
831 601
112 543
663 752
987 273
146 294
517 852
523 209
871 845
250 773
558 585
411 425
914 119
888 761
189 121
636 471
882 814
285 259
732 12
539 606
786 781
176 144
256 461
251 747
729 447
875 50
761 885
54 85
226 941
338 292
972 102
109 699
745 666
821 823
185 671
525 704
281 124
757 680
583 949
587 720
310 130
291 938
554 719
605 534
244 863
818 723
165 245
255 534
399 73
166 945
973 532
256 68
120 13
663 963
420 875
817 273
117 635
348 187
838 273
540 155
330 656
534 206
292 933
85 369
883 427
376 51
68 557
50 628
849 871
489 565
564 187
849 428
6 467
383 114
491 808
531 872
260 34
484 785
857 282
930 166
929 229
918 765
193 497
342 406
603 88
934 981
731 384
425 351
543 933
377 239
598 220
301 618
397 59
967 871
27 419
474 997
84 386
818 61
117 485
732 926
572 41
899 30
251 560
571 80
688 445
772 705
415 394
888 555
567 708
874 881
146 745
110 762
845 293
878 29
711 877
562 494
600 59
360 517
890 70
815 789
741 332
557 133
332 522
472 883
880 594
968 370
2 669
702 96
913 884
659 127
108 695
879 595
75 996
670 894
136 629
496 683
776 543
316 180
599 645
418 931
446 157
576 800
75 727
903 417
912 56
584 812
886 483
815 562
700 56
780 402
586 25
303 313
872 293
22 980
822 247
252 455
920 845
817 629
806 380
381 966
917 943
613 627
165 544
485 277
918 66
232 815
660 867
866 268
756 364
957 479
766 900
109 525
166 655
558 355
614 613
499 938
289 154
58 106
433 344
721 247
277 590
183 801
205 933
902 518
776 733
494 960
531 626
159 16
616 433
706 17
151 663
271 392
656 153
75 415
402 231
274 852
432 688
272 651
698 125
352 288
924 685
546 257
315 835
307 96
842 710
718 994
859 393
23 322
158 0
579 705
426 338
542 477
135 314
175 570
703 657
151 485
317 364
956 376
71 394
182 734
326 723
453 3
325 176
48 873
533 85
310 792
637 304
445 912
427 209
582 974
658 219
102 217
163 647
159 911
284 492
991 133
811 54
94 842
174 484
887 480
487 570
821 877
220 424
32 472
629 493
512 984
659 231
815 121
449 556
611 504
882 925
762 901
902 851
918 69
692 986
753 260
787 868
54 727
863 445
901 265
747 260
861 763
859 175
891 610
394 733
795 364
333 853
305 110
524 669
582 196
334 333
686 709
649 178
145 894
87 72
353 232
274 238
113 88
707 324
548 414
809 420
740 94
241 953
314 536
540 13
348 909
136 921
765 383
994 376
867 195
461 91
669 38
90 353
4 867
130 562
270 670
308 884
455 961
475 856
334 953
816 908
371 698
91 14
250 308
57 849
619 579
796 250
945 781
894 139
413 486
468 484
638 856
941 918
46 98
794 367
533 131
3 361
554 809
403 255
517 109
969 81
730 449
564 32
649 575
658 252
320 645
409 893
654 969
577 0
464 244
436 52
730 553
738 59
427 892
20 607
787 170
970 720
56 261
729 692
626 846
857 995
109 901
89 951
317 512
93 112
747 52
378 80
144 165
170 468
288 985
955 317
63 378
443 704
863 461
501 588
436 615
833 696
800 829
707 773
614 950
718 328
167 818
523 981
932 201
750 87
914 237
271 176
781 309
187 77
758 296
46 156
477 573
839 585
757 494
596 812
557 498
402 512
169 823
600 580
470 556
691 126
912 185
174 132
859 234
970 432
256 220
198 217
137 428
684 248
449 544
302 296
886 648
364 459
554 626
577 769
162 331
531 651
685 559
556 293
552 57
883 129
285 180
87 484
682 811
852 225
996 330
786 288
53 981
970 664
211 286
598 209
911 388
512 307
101 710
501 500
185 62
950 474
548 145
515 201
88 520
71 466
83 640
321 709
32 36
332 702
92 159
195 299
793 357
289 43
372 187
60 681
363 818
91 729
641 220
779 162
43 570
188 771
176 925
408 484
704 816
717 297
813 968
654 596
517 292
754 134
423 91
213 78
183 431
581 651
135 514
595 739
354 883
741 677
231 911
631 666
197 753
441 244
725 369
212 515
626 212
363 102
590 198
442 139
70 638
332 599
487 715
76 927
46 996
810 441
541 283
760 573
306 765
542 935
232 697
732 787
885 513
275 526
195 712
146 50
757 42
770 754
732 713
528 654
665 519
747 157
741 425
885 808
793 762
942 523
414 113
565 682
143 575
297 458
760 98
53 426
981 886
427 624
565 518
163 278
684 899
973 695
73 829
543 509
652 497
869 529
44 360
662 629
514 909
533 756
404 772
348 475
344 591
848 235
588 222
969 894
132 279
432 244
275 568
608 485
469 902
359 233
965 897
989 848
392 882
244 282
238 692
266 92
6 87
777 931
732 740
644 138
846 607
93 346
199 423
573 913
432 985
493 966
474 842
433 407
414 510
624 873
899 821
369 544
979 660
976 957
348 949
710 5
425 42
600 65
491 290
451 609
955 469
90 228
787 619
890 740
421 54
111 599
595 291
604 478
498 961
832 697
156 260
726 858
33 686
859 297
993 986
309 354
283 473
733 704
390 119
291 124
141 791
799 855
103 781
779 34
677 70
995 573
96 906
717 748
475 746
17 554
433 708
3 449
832 571
683 202
917 638
777 482
415 699
990 10
147 605
32 613
269 423
986 596
353 567
799 297
270 631
692 295
239 491
533 934
421 356
350 612
727 690
247 516
846 11
194 177
833 300
568 648
588 489
349 298
47 241
917 954
313 817
283 867
741 441
757 36
185 296
219 465
910 750
896 30
289 894
454 12
270 984
918 626
957 304
869 198
72 828
954 945
434 929
936 807
833 55
396 759
966 525
774 376
423 685
87 945
118 994
83 918
367 519
153 451
859 315
176 309
479 517
214 535
595 433
777 927
896 832
658 450
469 392
490 689
216 832
36 48
538 701
437 235
171 772
149 983
388 973
490 223
907 643
748 873
634 885
341 158
97 787
601 695
774 333
971 349
820 598
206 354
458 444
113 602
695 534
471 900
927 124
589 659
382 721
279 598
279 181
110 970
372 137
416 238
87 941
406 229
174 603
289 255
808 79
71 708
83 585
431 237
550 208
453 57
281 318
79 631
636 190
207 174
183 262
862 175
209 840
61 856
807 910
310 57
219 181
923 448
265 332
582 959
359 690
183 626
554 183
301 347
503 371
901 315
974 112
623 750
588 407
254 331
877 236
919 151
812 971
641 836
384 110
991 687
337 241
26 231
649 945
468 505
332 896
812 302
635 425
725 877
875 574
852 132
124 976
469 162
849 744
532 93
757 747
655 10
15 655
190 861
153 999
767 979
73 926
36 991
900 477
382 244
971 775
448 865
601 874
457 317
422 468
975 879
496 132
791 116
342 860
119 71
790 13
849 551
571 650
908 641
702 376
171 601
209 515
586 850
306 177
769 745
787 419
322 792
466 491
219 144
714 46
938 765
33 97
859 916
806 862
916 124
351 12
304 87
120 937
22 618
421 600
466 740
968 688
251 743
554 916
244 129
628 815
248 975
97 145
655 941
102 410
665 479
156 913
72 136
38 147
535 57
858 13
591 4
586 592
468 973
769 358
619 355
128 291
79 802
131 521
551 133
281 792
328 449
93 431
412 759
407 569
780 91
173 866
920 489
250 333
131 290
837 320
146 173
171 166
240 424
343 364
414 390
129 586
895 631
619 330
341 669
534 200
62 251
299 333
390 193
976 308
59 55
717 421
412 896
778 250
946 533
628 254
470 336
172 317
571 220
275 286
563 970
726 5
293 817
409 789
729 332
964 262
389 976
646 142
868 354
781 374
590 155
854 352
761 263
974 113
608 886
943 49
638 337
332 841
966 678
214 809
8 38
849 168
387 267
43 495
814 357
648 909
953 185
536 668
612 708
638 748
893 50
906 575
88 410
6 85
16 204
240 363
28 832
933 789
957 505
747 330
903 244
851 250
962 369
193 925
148 980
643 933
965 349
629 852
528 43
538 733
230 609
106 576
431 974
801 706
188 835
247 453
145 539
587 559
933 392
61 534
628 884
105 748
240 266
753 134
315 879
242 241
869 867
860 844
757 261
134 570
630 820
884 70
914 684
532 31
140 440
654 978
484 852
106 167
786 859
747 632
215 373
149 992
955 946
934 418
331 678
624 612
270 541
826 708
2 76
26 209
576 153
188 279
856 893
648 165
624 0
468 721
736 705
988 316
683 103
174 555
104 79
841 770
345 746
140 722
410 138
841 432
163 228
487 138
539 929
560 461
797 874
769 637
109 482
867 682
142 666
698 983
143 257
303 617
812 648
943 164
784 85
9 350
665 317
831 673
798 931
970 498
253 917
231 697
174 788
3 39
304 618
176 611
65 482
980 798
185 871
190 247
541 936
804 476
895 184
941 344
857 910
620 352
919 408
988 240
205 808
769 746
775 145
817 664
420 495
573 562
779 284
194 637
801 409
980 951
85 984
238 760
809 500
388 176
112 181
418 307
690 360
923 84
517 398
177 616
173 500
978 992
956 56
152 786
48 275
345 797
511 355
798 35
3 972
724 66
388 386
36 611
45 189
671 255
915 13
885 26
135 535
872 751
327 217
756 338
97 183
513 467
137 740
761 267
650 235
331 925
728 194
0 678
997 234
640 750
795 831
717 920
732 118
71 200
147 291
941 751
651 145
218 613
558 391
524 281
559 988
805 664
416 903
123 833
333 948
8 653
489 753
579 118
7 603
882 453
774 523
675 933
516 585
790 718
296 505
246 544
992 329
660 391
457 983
897 989
728 468
312 9
856 859
982 434
648 533
221 854
869 200
72 597
975 653
774 371
321 993
960 229
909 251
485 328
412 177
540 519
501 220
508 38
348 356
182 465
549 385
508 83
886 0
452 215
905 583
10 763
750 781
935 430
673 542
595 270
849 637
845 946
517 182
328 542
591 813
814 812
409 579
337 639
532 34
889 254
716 414
661 216
950 39
345 383
614 259
246 989
52 204
870 631
903 144
111 327
811 712
705 626
249 23
537 489
391 165
957 858
709 111
559 996
998 45
761 145
41 614
349 890
820 945
470 967
413 507
802 154
283 986
670 867
891 242
230 739
400 330
898 382
709 196
570 153
961 631
475 27
298 475
84 584
362 93
749 989
222 830
618 780
341 246
987 334
94 149
122 229
344 592
137 863
13 435
107 45
570 370
928 885
46 691
568 669
886 81
387 833
555 272
668 702
471 589
517 473
338 286
341 764
897 901
739 478
706 258
67 961
871 738
694 904
770 652
322 464
578 950
462 659
546 706
969 814
824 487
947 549
56 886
38 204
675 679
861 371
311 721
536 238
87 663
97 622
120 956
303 335
480 797
254 42
448 324
955 834
655 96
583 138
371 509
384 546
536 650
203 134
312 37
438 453
361 911
46 79
839 801
267 902
988 422
292 45
345 534
270 347
963 943
771 124
918 428
905 361
122 935
151 444
219 114
262 812
597 768
885 549
633 556
425 750
89 311
210 705
435 682
564 555
456 407
459 981
822 158
274 293
582 725
869 584
702 811
353 77
905 616
621 320
271 587
710 623
716 288
218 427
290 110
175 908
779 393
671 590
947 509
612 899
700 103
534 408
522 221
278 793
372 479
455 28
750 732
154 142
458 639
235 962
530 431
177 847
412 828
291 21
456 999
773 213
585 92
767 406
617 150
87 250
905 672
904 952
527 771
748 866
724 76
447 844
276 275
265 331
413 971
563 783
757 335
117 701
640 844
326 596
33 802
818 986
403 740
827 257
69 26
802 436
495 640
830 534
753 274
318 593
729 213
633 185
331 313
552 195
251 952
333 380
884 333
317 283
806 624
224 866
712 137
579 308
823 382
872 332
756 838
276 888
721 719
190 647
954 283
767 734
413 825
802 540
304 403
169 333
231 562
877 355
69 475
700 180
827 76
831 309
612 608
790 162
952 358
672 654
9 922
489 832
518 688
807 963
629 754
695 133
257 48
192 385
270 755
445 396
12 906
100 351
216 527
309 636
59 722
973 408
559 566
398 422
967 663
263 645
994 461
607 444
381 695
526 144
206 577
780 519
232 632
533 488
301 751
679 322
866 451
85 53
631 234
682 972
100 981
34 572
955 757
578 908
445 593
448 119
137 503
207 503
595 650
981 591
789 339
699 47
813 721
284 961
64 747
195 910
496 270
885 870
811 524
191 14
375 660
524 315
143 972
121 724
563 436
19 963
761 544
878 488
411 65
141 78
517 710
382 502
555 590
457 274
7 867
309 97
294 752
206 382
151 932
391 398
229 283
585 710
55 872
768 496
289 714
949 276
234 127
763 365
376 755
493 235
642 620
72 909
283 929
414 451
219 28
300 2
796 316
50 253
502 945
364 667
638 544
132 670
382 254
260 800
218 792
22054 -1 6758 24094 6003 -1 46384 -1 -1 -1 -1 -1 -1 -1 -1 -1 -1 10517 -1 -1 -1 -1 2594 -1 64331 -1 11421 18747 -1 -1 -1 -1 46008 -1 -1 -1 -1 -1 -1 -1 -1 -1 -1 45099 -1 -1 3560 -1 -1 -1 26406 -1 -1 36355 53416 63857 -1 -1 28396 -1 20449 -1 13605 -1 -1 -1 -1 -1 5819 -1 37999 -1 -1 -1 -1 -1 -1 -1 -1 -1 -1 -1 -1 -1 -1 -1 39533 24474 -1 -1 -1 14881 -1 -1 -1 52689 -1 -1 -1 -1 5204 -1 25636 -1 50508 38031 -1 -1 -1 35218 -1 -1 18338 -1 -1 22911 -1 -1 -1 -1 -1 -1 -1 9434 -1 -1 -1 -1 -1 -1 -1 -1 -1 -1 -1 -1 -1 -1 -1 -1 -1 -1 20735 -1 -1 -1 22679 -1 -1 -1 -1 -1 -1 -1 -1 -1 39100 6873 -1 -1 -1 -1 48276 -1 -1 -1 -1 -1 -1 -1 -1 -1 45701 -1 -1 27503 -1 -1 -1 -1 -1 -1 -1 -1 -1 -1 -1 -1 -1 10568 -1 -1 -1 -1 -1 18047 4898 -1 39098 -1 29285 -1 -1 300 -1 -1 -1 -1 18580 -1 -1 -1 -1 -1 6524 -1 -1 -1 -1 -1 -1 -1 -1 -1 37833 -1 -1 -1 -1 24141 -1 -1 -1 -1 702 -1 -1 -1 -1 -1 -1 -1 -1 -1 -1 -1 53489 -1 -1 -1 -1 -1 -1 -1 -1 -1 -1 -1 -1 -1 -1 -1 37475 -1 -1 34013 -1 -1 14517 -1 -1 38467 -1 -1 -1 -1 -1 -1 -1 -1 -1 -1 65413 -1 -1 -1 -1 -1 -1 -1 35578 -1 -1 -1 -1 -1 -1 -1 -1 -1 54852 -1 -1 -1 -1 -1 -1 -1 -1 35425 -1 -1 56527 -1 -1 -1 61708 -1 -1 -1 -1 -1 47141 45259 -1 308 -1 -1 -1 -1 -1 54559 27699 -1 5922 33887 -1 -1 -1 1045 29957 38836 55744 -1 -1 -1 47660 -1 -1 -1 -1 -1 -1 -1 -1 -1 -1 -1 -1 -1 -1 -1 -1 56951 -1 -1 -1 -1 16580 -1 -1 -1 -1 -1 -1 -1 -1 -1 -1 -1 7033 -1 63784 -1 -1 -1 -1 -1 -1 -1 53742 -1 -1 -1 18980 44182 -1 46351 -1 17165 -1 -1 -1 -1 -1 -1 -1 -1 -1 -1 -1 -1 -1 -1 -1 -1 -1 -1 -1 30273 28478 -1 -1 19208 -1 46547 -1 -1 -1 -1 -1 -1 -1 -1 -1 -1 28250 -1 -1 -1 -1 -1 -1 -1 -1 -1 -1 -1 40863 23162 -1 -1 -1 -1 -1 46577 -1 -1 -1 -1 51568 -1 -1 -1 -1 -1 -1 -1 -1 47293 -1 -1 -1 -1 -1 -1 8032 -1 -1 -1 -1 12074 -1 455 26207 -1 -1 -1 -1 -1 -1 -1 -1 -1 -1 -1 -1 -1 -1 64172 -1 -1 -1 -1 -1 -1 -1 -1 -1 -1 6984 -1 42212 -1 -1 -1 -1 -1 -1 -1 -1 43958 -1 -1 -1 -1 -1 -1 -1 -1 -1 -1 -1 4447 44276 -1 43815 -1 41689 -1 -1 -1 51707 -1 -1 9836 -1 571 -1 -1 -1 -1 -1 -1 57056 -1 -1 -1 -1 -1 8857 -1 -1 -1 -1 -1 57621 -1 -1 56748 -1 17419 18699 63558 -1 -1 -1 -1 -1 -1 -1 -1 -1 -1 -1 -1 31611 26490 47019 -1 -1 -1 -1 -1 -1 -1 -1 -1 -1 -1 12911 -1 -1 1609 35304 -1 -1 -1 -1 -1 -1 -1 -1 52904 -1 -1 -1 -1 23757 -1 3680 -1 45793 56869 -1 -1 -1 -1 28990 -1 59564 5883 -1 -1 41093 -1 -1 -1 34704 -1 -1 -1 -1 -1 60111 -1 -1 51567 -1 -1 10542 -1 -1 -1 25352 -1 -1 -1 15859 9790 63752 -1 -1 -1 -1 -1 -1 42645 -1 48252 28612 -1 12914 4191 -1 17878 -1 -1 -1 -1 -1 -1 -1 2523 55626 -1 51899 -1 27212 -1 -1 -1 -1 -1 -1 -1 -1 -1 -1 -1 -1 -1 16680 -1 -1 29239 -1 -1 -1 -1 -1 -1 49731 -1 -1 63329 -1 -1 54435 -1 -1 -1 -1 -1 -1 -1 -1 -1 -1 -1 -1 -1 -1 -1 -1 51423 -1 60428 -1 7222 -1 -1 -1 -1 55069 -1 -1 -1 -1 -1 606 -1 -1 53115 -1 7536 -1 -1 -1 23145 8346 -1 -1 -1 -1 -1 -1 -1 -1 -1 -1 -1 50086 -1 -1 -1 55865 23337 -1 -1 -1 -1 -1 -1 23642 -1 62561 -1 -1 -1 3218 -1 48655 58928 -1 -1 -1 -1 -1 -1 -1 19691 -1 52792 -1 -1 -1 -1 -1 -1 63898 -1 -1 -1 -1 -1 -1 8994 -1 -1 -1 -1 -1 -1 -1 -1 -1 58116 -1 -1 22949 -1 -1 -1 23608 -1 -1 -1 -1 -1 -1 7186 -1 2271 -1 -1 30785 -1 26937 -1 17395 -1 -1 -1 -1 -1 -1 53179 -1 -1 -1 -1 -1 -1 -1 -1 -1 -1 -1 53513 -1 -1 34621 -1 12148 -1 21623 9270 -1 -1 -1 -1 -1 -1 -1 -1 40947 10087 -1 -1 -1 -1 3945 58561 -1 -1 -1 -1 -1 -1 5085 -1 -1 -1 -1 -1 52204 -1 -1 -1 -1 -1 -1 40635 -1 -1 -1 -1 -1 -1 -1 -1 48964 -1 65175 -1 -1 45610 -1 -1 32060 -1 -1 -1 -1 -1 -1 34793 -1 -1 -1 42160 -1 -1 23075 35697 -1 -1 51119 -1 -1 -1 -1 -1 15788 -1 -1 -1 -1 -1 -1 -1 -1 -1 -1 -1 -1 -1 -1 -1 52726 -1 -1 -1 -1 -1 22708 -1 18831 10363 -1 47469 -1 -1 -1 -1 -1 -1 -1 -1 -1 -1 -1 -1 -1 -1 -1 -1 -1 -1
4
0 316 7 697 11
1 127 0 290 8
1 729 1 250 11
1 510 4 590 4
