1000 5000
983 565
459 918
819 176
506 188
105 722
854 953
881 198
745 161
570 42
681 929
345 900
791 643
427 798
169 267
708 914
660 737
246 902
90 831
36 898
721 351
721 997
747 600
434 376
630 292
988 586
554 883
185 473
7 493
504 554
547 661
83 574
937 63
346 760
556 188
934 524
848 504
217 28
63 667
604 625
798 377
487 158
820 845
999 464
843 487
558 846
448 515
13 515
881 196
705 397
580 645
387 541
748 352
256 711
148 475
872 886
159 424
168 565
869 787
388 321
971 224
647 653
817 907
433 591
825 915
806 20
930 991
353 510
322 220
674 920
701 676
86 996
476 898
800 834
968 739
933 925
648 467
147 566
61 885
380 216
832 252
816 132
462 997
407 824
383 412
693 834
524 576
117 478
67 408
393 78
468 730
821 571
132 463
494 570
489 528
593 255
571 936
28 653
923 110
74 962
126 464
328 948
61 503
470 661
147 765
925 579
669 894
591 657
390 425
245 697
19 321
808 903
635 903
752 712
146 826
129 49
813 176
370 269
476 674
154 78
939 493
519 374
972 175
396 234
762 323
633 508
855 293
310 520
402 488
642 933
117 347
47 253
931 517
858 252
855 299
502 325
835 328
931 509
152 184
781 342
601 820
13 422
140 99
503 680
618 235
878 46
613 394
988 607
583 839
516 541
313 170
902 535
508 686
517 734
919 67
256 465
961 47
336 372
179 281
638 949
954 182
461 938
394 174
690 531
183 928
111 314
421 255
861 936
101 166
637 625
213 236
959 197
424 473
482 226
194 158
926 491
737 847
348 831
218 412
44 358
208 601
478 451
429 390
585 609
772 752
428 746
682 875
61 102
470 111
987 38
634 646
931 907
802 130
231 585
553 756
780 688
875 743
119 475
822 541
15 239
661 663
887 597
563 512
453 392
544 675
637 894
462 452
302 682
274 122
599 514
230 210
480 402
359 346
341 712
174 131
410 402
626 306
356 195
37 778
197 512
454 588
698 602
476 50
860 391
830 101
100 767
541 104
145 733
981 133
741 354
796 84
574 160
458 182
926 37
153 621
544 873
495 505
963 722
905 689
754 106
858 992
844 288
608 78
173 487
207 475
302 479
644 745
105 137
81 781
611 530
448 620
159 94
960 110
707 412
966 732
731 501
719 265
398 452
775 110
804 839
253 84
390 207
585 573
557 204
75 870
397 871
74 341
405 789
683 516
16 428
905 18
341 989
670 165
417 23
331 819
298 868
541 235
2 884
91 755
578 565
838 875
846 3
569 826
525 588
881 288
666 300
230 96
492 137
372 751
51 919
463 627
322 848
672 305
750 846
150 392
405 712
411 742
593 187
287 489
104 172
881 303
956 57
142 113
792 779
934 621
863 683
762 876
283 649
599 839
446 154
690 746
774 767
524 520
43 510
220 688
19 610
705 219
508 656
755 202
974 769
758 281
631 281
172 596
742 543
564 837
489 693
797 617
463 333
428 368
557 730
702 803
30 496
466 419
931 630
922 196
660 757
784 279
654 657
335 98
440 255
340 580
321 29
161 595
659 94
628 364
780 472
310 452
310 294
747 151
796 4
317 852
57 858
169 369
336 733
359 399
652 561
726 152
703 280
904 462
459 965
696 118
944 442
755 801
72 922
261 102
966 571
161 981
298 420
681 525
85 400
362 855
691 781
275 973
171 141
68 982
276 743
767 953
400 274
697 648
721 430
448 839
720 370
429 32
3 683
679 669
716 701
250 969
456 266
357 736
754 956
712 190
990 298
705 923
152 651
296 103
801 955
447 180
698 525
211 342
293 382
73 980
996 337
509 929
602 715
304 905
204 364
418 948
530 382
184 51
754 419
422 271
212 294
794 624
392 515
311 696
968 862
266 498
746 615
68 928
974 612
504 653
994 915
199 205
544 166
979 854
699 297
260 431
28 428
445 524
550 261
907 748
613 614
376 802
730 156
563 28
843 739
838 961
430 515
421 357
931 660
630 657
899 278
134 523
871 840
709 715
632 340
158 895
522 318
331 510
47 483
689 296
919 596
611 542
595 932
466 302
694 324
659 77
108 454
881 323
890 953
412 698
769 177
594 389
326 169
445 98
472 726
67 886
698 449
459 458
433 241
825 931
861 627
408 117
317 960
20 470
864 239
278 851
241 51
205 345
626 98
848 75
912 146
390 227
210 442
410 361
349 33
920 459
839 764
343 744
391 330
806 638
137 161
348 757
533 970
324 373
467 422
521 148
716 191
112 485
382 856
261 311
101 357
13 292
110 744
666 228
34 509
146 667
474 322
110 380
772 279
680 384
553 662
309 96
628 668
397 883
903 552
663 855
246 646
171 35
185 611
231 208
390 231
278 352
514 209
126 44
165 37
430 598
933 648
631 376
471 249
747 54
215 208
32 866
356 164
640 128
981 340
513 177
886 434
210 24
394 701
34 131
166 531
954 303
761 750
623 670
526 250
381 177
328 102
706 815
753 857
531 532
234 727
113 970
448 859
358 758
99 346
262 599
572 834
16 215
95 306
139 952
72 182
6 319
210 843
979 394
267 562
684 759
434 861
376 354
821 989
563 419
198 774
737 687
876 101
405 401
220 474
817 308
393 450
50 220
464 524
485 458
808 268
950 182
753 852
522 358
957 313
779 460
841 76
576 318
861 482
561 809
57 580
406 772
613 800
206 214
137 855
135 820
99 409
848 827
37 521
207 486
162 234
324 543
686 678
816 998
907 636
438 749
778 74
299 356
464 473
985 960
477 576
284 762
686 771
162 474
532 470
531 741
417 709
693 543
430 173
12 422
897 131
536 757
564 809
694 6
369 848
389 35
614 502
663 180
982 966
71 732
926 588
919 532
789 766
209 392
837 296
641 534
7 654
304 609
250 220
509 468
554 427
854 614
688 651
238 958
502 323
627 572
988 274
69 174
332 394
527 829
100 67
210 235
180 954
791 739
182 792
300 932
229 742
893 172
559 694
383 352
410 551
222 912
858 223
627 815
869 416
728 129
351 546
528 398
243 283
581 0
857 77
930 654
328 813
311 426
129 611
604 305
965 907
839 709
473 316
864 658
788 596
120 282
484 636
434 594
773 271
835 460
870 719
21 27
389 926
74 298
89 819
688 109
303 347
191 858
619 345
29 224
680 765
783 536
936 243
307 594
379 944
958 927
525 798
872 317
994 484
835 664
727 619
812 736
92 589
392 566
409 356
613 86
370 131
79 472
143 250
465 115
826 369
184 697
459 77
77 490
743 205
124 611
281 6
581 225
581 619
903 292
525 190
808 213
638 756
659 549
203 994
706 231
946 500
386 399
678 298
350 102
570 786
51 970
783 970
569 116
753 66
8 353
624 704
834 705
448 383
638 209
147 68
270 567
242 838
388 316
203 606
210 39
712 398
937 985
59 217
490 572
894 400
413 155
455 577
427 393
994 332
385 183
175 50
708 497
340 285
535 773
608 821
325 337
853 169
758 270
592 163
356 777
300 83
261 169
165 12
540 461
779 649
294 618
849 954
420 145
810 991
777 250
596 569
316 252
885 775
382 11
106 232
962 455
758 5
958 625
807 508
924 498
945 110
478 677
44 706
350 30
18 764
504 522
131 337
37 994
966 733
773 561
552 139
37 114
122 676
487 901
881 962
956 527
873 882
930 386
678 984
777 684
204 679
623 354
925 524
144 234
168 160
112 548
2 169
779 722
788 135
971 190
554 515
770 777
789 136
640 121
541 140
750 341
56 979
993 508
868 528
957 682
215 412
621 380
890 486
943 293
904 741
287 925
456 191
743 594
734 911
292 951
325 483
268 59
637 802
601 553
572 915
117 944
239 640
546 956
3 101
188 226
57 725
465 812
783 171
337 172
293 484
708 564
474 253
408 49
802 344
799 963
693 775
247 145
551 387
254 602
754 432
449 133
62 236
582 321
121 292
129 503
85 45
241 373
676 159
230 389
278 120
917 168
238 889
554 887
611 612
70 29
378 304
876 55
179 713
91 296
223 229
201 963
666 590
807 264
179 61
650 846
314 966
123 246
99 328
326 628
487 308
964 427
812 3
651 863
97 58
747 366
2 66
93 289
282 635
952 547
61 243
686 769
739 448
417 856
948 221
628 315
321 625
81 882
316 894
409 435
713 850
755 185
712 448
347 441
961 355
668 461
85 240
662 355
692 693
565 274
77 722
278 146
859 227
800 960
660 81
542 886
173 672
949 856
595 903
31 427
420 443
262 836
62 200
818 997
619 969
551 591
573 841
639 649
564 292
419 880
107 859
732 769
950 109
135 355
194 606
515 833
37 35
199 362
426 628
959 895
313 166
299 178
115 224
194 927
169 252
477 748
757 445
607 810
912 837
745 183
758 146
900 692
153 631
943 178
277 406
656 167
844 635
380 397
641 283
417 538
866 870
32 945
357 845
975 285
362 981
968 329
691 16
545 382
117 507
411 527
69 843
230 180
259 245
116 117
522 3
116 193
330 487
562 656
778 659
173 414
428 418
768 423
865 110
295 236
240 593
591 724
802 398
363 384
595 951
645 599
491 855
954 967
661 955
769 645
806 395
974 461
537 126
75 315
714 987
445 716
46 151
631 241
172 529
43 244
641 240
23 40
446 451
134 583
717 701
261 540
632 188
760 266
113 417
448 43
821 389
364 419
356 706
579 431
442 73
617 79
87 944
76 750
984 247
868 460
812 864
401 58
573 838
308 391
693 830
818 207
445 235
935 786
419 119
750 43
737 725
926 698
885 483
951 707
468 148
19 757
400 526
788 900
11 310
921 476
308 459
334 714
829 368
634 506
544 128
226 536
789 696
181 961
405 696
587 578
960 296
567 272
475 677
517 627
846 598
309 742
416 121
958 266
714 169
539 208
496 735
662 917
239 477
677 398
153 424
388 12
52 545
297 657
63 407
517 369
762 988
785 535
957 589
402 799
22 909
938 93
338 991
469 841
47 506
873 620
911 298
987 495
144 566
493 935
714 650
696 668
376 814
856 478
590 573
67 12
76 232
142 239
61 373
552 769
237 998
485 440
192 781
328 520
335 242
614 633
460 677
938 187
560 233
109 428
273 387
911 763
802 80
412 567
944 890
188 94
927 591
327 337
438 621
409 287
632 905
280 441
654 186
167 676
243 714
751 612
346 471
0 985
126 676
85 326
413 11
485 54
585 986
958 212
30 345
339 671
321 885
310 301
870 437
436 376
267 840
957 708
651 474
707 335
799 972
523 754
46 631
669 409
577 689
958 128
103 654
17 178
977 313
355 780
139 727
474 126
120 533
12 608
878 309
350 88
380 861
74 899
766 465
35 714
854 285
704 253
894 833
212 474
527 573
537 731
998 404
33 872
363 206
477 498
882 411
522 718
6 799
521 81
938 412
209 955
592 863
833 597
540 913
673 496
856 548
498 701
422 841
441 906
61 334
652 284
607 412
369 258
217 471
334 380
797 168
735 875
609 407
618 461
389 472
766 475
518 455
735 241
597 741
690 338
208 656
519 615
421 494
153 461
682 391
274 288
47 971
354 938
80 47
219 227
475 991
929 561
257 512
862 983
253 753
45 159
728 85
479 872
543 150
106 671
651 653
457 360
331 352
323 902
721 415
161 485
248 566
730 960
529 865
101 599
466 393
798 772
66 576
715 184
61 34
206 508
704 776
551 603
99 635
989 841
818 482
222 593
825 963
605 341
87 971
309 903
996 119
791 171
824 850
38 918
183 89
333 221
716 887
396 449
505 940
384 296
874 784
337 908
353 418
70 126
97 352
188 559
119 707
703 563
455 339
150 956
294 625
35 644
538 935
410 888
854 981
463 348
999 262
187 518
21 709
438 8
403 885
97 500
410 648
171 446
163 356
860 915
780 43
76 230
538 162
246 200
144 589
261 937
726 919
879 498
932 558
333 29
45 7
102 70
987 114
524 260
627 581
813 745
4 406
341 20
354 611
503 15
271 863
275 208
555 334
236 757
675 471
935 305
375 980
609 43
185 906
433 354
717 71
414 973
655 561
347 444
797 402
351 713
815 384
114 445
79 682
805 595
899 958
879 859
358 979
434 929
601 607
982 464
1 617
697 880
145 255
574 51
982 556
99 58
214 445
989 265
128 684
67 836
423 196
354 228
627 675
5 29
649 872
676 872
552 933
794 57
448 457
769 320
119 324
569 375
378 974
118 949
922 173
387 327
877 888
790 641
579 523
494 85
5 613
328 814
560 622
395 354
958 490
70 99
65 242
282 808
470 923
485 55
368 309
634 819
289 364
483 300
760 911
665 719
226 300
726 955
429 481
475 553
392 934
326 732
998 323
827 671
90 649
555 297
481 771
358 747
109 124
608 358
713 530
84 352
406 698
228 816
404 422
986 128
856 956
189 671
159 44
541 88
879 751
493 345
733 261
52 321
63 821
336 580
808 663
853 487
221 662
446 62
298 888
988 156
595 581
252 41
245 890
829 332
460 507
258 470
599 277
522 961
889 462
979 786
867 584
678 113
268 513
121 342
989 600
269 867
443 341
637 323
567 95
928 304
923 515
182 319
91 318
584 246
685 609
106 790
569 641
496 251
262 863
966 674
123 251
694 693
132 73
571 973
498 337
733 646
629 801
894 867
661 437
854 303
192 891
169 673
17 723
997 955
903 667
445 287
711 126
840 999
906 395
133 54
390 204
704 934
975 178
295 95
165 378
890 806
110 331
819 353
183 289
487 340
642 604
324 196
666 79
678 704
946 180
40 311
543 954
212 130
920 712
959 322
515 803
224 136
677 805
837 797
99 268
935 605
445 215
692 890
426 894
363 512
27 550
269 412
499 837
992 70
763 753
323 153
363 490
124 273
323 558
784 76
4 572
356 655
973 159
183 727
61 165
601 618
294 206
307 727
463 796
23 431
250 521
238 250
582 709
857 939
740 480
520 940
522 178
535 789
559 857
127 208
60 836
976 814
464 300
575 492
472 527
570 561
873 298
122 660
138 813
488 194
733 36
796 806
962 803
492 152
439 842
608 440
851 818
754 630
880 746
785 445
362 212
742 459
625 650
374 945
618 63
626 226
739 935
504 806
930 645
970 560
710 134
3 997
188 953
41 914
191 552
338 273
436 30
513 138
987 493
351 445
738 601
354 693
328 375
395 807
161 293
53 835
765 668
205 183
101 94
526 867
895 84
721 686
201 45
763 324
227 804
597 780
330 841
89 743
265 943
346 101
38 256
615 604
837 678
559 672
930 210
753 997
36 896
391 711
883 386
330 201
543 689
871 568
801 73
241 845
69 589
150 901
386 474
69 740
546 424
340 114
449 542
535 759
953 431
736 306
500 558
6 881
296 150
923 989
325 155
188 990
938 232
464 699
412 748
958 635
203 467
468 228
26 347
781 716
219 722
233 959
9 938
679 214
68 824
499 576
116 383
1 820
679 30
789 740
702 572
882 343
910 22
283 25
279 803
794 464
366 869
959 781
292 538
413 105
233 69
225 607
279 117
914 867
729 424
243 39
379 187
440 789
755 995
794 101
263 258
476 838
607 941
0 783
906 859
889 857
569 480
682 260
981 631
457 230
184 99
566 295
509 371
301 527
886 569
690 298
256 787
80 323
630 824
796 111
909 91
197 332
754 195
94 559
419 435
577 374
118 71
204 210
662 684
107 552
223 531
491 991
452 272
104 133
68 340
503 149
343 56
550 15
500 919
895 154
280 713
556 172
114 909
487 172
535 831
494 533
512 534
73 622
425 8
378 237
5 800
508 27
295 506
427 202
730 658
879 334
804 55
422 213
487 7
531 523
200 897
690 676
985 766
512 830
305 864
609 475
452 79
368 558
234 791
181 703
809 453
792 513
45 255
14 799
369 899
47 983
889 592
154 278
636 908
977 291
769 240
457 150
809 678
233 592
868 565
672 468
593 657
915 37
4 931
62 88
733 974
779 302
966 719
183 728
85 974
110 814
65 502
942 310
970 790
818 84
850 892
726 789
105 410
634 731
519 537
554 10
501 808
457 4
183 146
956 283
422 641
30 895
170 904
663 833
320 460
95 627
111 874
169 245
698 141
977 986
1 697
269 35
94 429
383 773
471 461
851 554
377 779
206 86
387 820
597 155
579 157
810 260
372 401
201 93
448 654
829 584
894 46
250 338
899 801
466 621
419 75
628 448
837 938
610 416
274 877
695 610
490 451
505 6
553 169
197 161
128 285
351 415
296 530
92 604
347 367
385 572
390 177
169 803
840 75
113 695
871 713
972 612
74 13
504 359
438 146
307 644
272 137
860 734
440 235
804 349
76 306
493 416
769 733
406 621
458 302
373 277
828 647
100 18
675 816
717 41
941 585
922 387
904 606
112 509
916 15
994 363
273 509
499 57
559 153
988 638
859 34
250 515
712 896
568 215
845 465
433 93
730 929
132 691
973 272
700 992
915 412
965 578
226 37
725 641
907 130
981 436
398 990
531 266
788 116
789 319
173 502
23 981
336 511
111 501
218 37
496 108
266 136
998 344
912 73
994 813
262 567
18 271
552 922
984 621
690 401
167 654
34 47
785 72
302 183
830 529
768 832
764 572
964 22
385 946
808 466
708 695
490 518
87 413
410 962
791 486
987 622
926 935
982 975
774 768
500 314
872 460
310 664
985 936
229 592
774 534
62 58
221 103
471 943
175 615
430 987
455 461
652 485
946 25
814 201
52 138
971 694
832 233
68 85
88 1
993 556
39 153
862 63
83 470
902 946
289 737
220 910
503 615
399 306
376 840
385 376
298 501
976 674
744 457
359 957
831 360
959 13
221 922
923 960
451 270
130 501
886 802
24 238
854 543
14 855
112 280
809 837
275 485
977 733
829 194
765 761
187 6
355 323
342 795
650 150
405 826
149 203
580 735
928 184
496 518
184 497
68 908
117 272
648 858
724 234
913 385
109 389
523 133
212 902
816 950
468 940
590 496
294 532
659 206
1 849
410 32
923 19
212 45
560 324
931 197
751 221
986 133
89 879
21 374
831 137
958 39
593 31
101 486
935 51
572 438
640 595
989 873
350 887
644 967
533 514
267 238
743 676
782 433
831 514
657 373
89 507
958 944
506 705
142 357
655 318
345 691
883 194
934 611
298 828
830 235
645 423
404 286
616 269
127 994
868 413
181 186
836 415
363 551
239 738
846 531
505 536
190 246
287 480
225 490
180 76
485 196
823 616
990 254
959 776
43 253
649 66
824 435
920 50
623 516
57 442
266 836
366 207
376 850
642 519
225 769
960 83
951 847
669 435
279 595
660 249
172 817
367 309
331 661
756 793
0 306
46 855
541 266
985 168
908 567
150 678
629 89
366 653
681 678
338 937
124 35
243 100
281 309
576 29
362 120
644 477
593 978
53 963
929 912
460 353
853 630
692 852
501 220
838 589
547 848
447 173
912 826
262 574
240 206
591 533
110 815
185 765
131 363
774 890
163 802
773 865
919 592
349 629
447 523
191 200
539 637
994 1
713 888
806 56
879 301
879 430
158 391
897 776
363 144
913 419
886 398
275 291
672 557
527 986
882 6
517 227
527 173
914 513
765 65
20 336
333 779
763 48
648 126
54 476
358 18
478 177
587 628
837 94
274 623
659 987
228 524
770 265
257 364
915 76
153 761
731 18
678 783
706 33
42 67
957 864
557 493
322 116
880 907
655 511
0 376
825 480
301 935
273 595
786 855
851 41
401 221
964 890
496 846
147 576
76 338
984 611
91 869
891 288
306 489
519 914
702 524
381 819
326 163
284 384
541 957
338 714
223 590
993 26
276 906
140 66
861 845
5 996
298 167
392 963
296 45
917 907
933 878
521 870
490 879
731 84
324 526
92 227
331 844
93 581
329 450
310 810
672 11
458 917
842 267
203 483
229 793
582 173
62 94
34 187
396 597
945 295
203 417
283 363
177 539
283 898
176 911
439 927
114 570
190 851
284 502
609 755
91 521
574 81
818 276
792 288
519 9
616 84
666 548
223 913
294 407
772 892
939 820
952 545
205 647
344 518
751 643
22 871
495 45
433 670
270 162
612 837
149 840
531 860
874 291
616 364
528 772
860 396
798 628
649 847
316 425
343 564
581 997
953 3
884 433
618 214
344 687
97 864
703 178
5 320
65 634
65 271
792 904
581 85
459 593
756 518
718 532
699 547
110 219
626 53
960 654
487 197
839 684
351 598
466 605
958 536
450 927
631 266
668 167
699 67
973 961
973 786
529 773
315 278
67 467
404 890
503 725
232 287
682 659
341 843
783 288
724 68
594 767
752 689
110 284
181 732
393 990
656 248
290 617
510 81
204 353
411 538
390 296
383 756
337 534
856 650
455 617
399 357
952 784
48 439
929 411
412 496
466 75
650 43
613 382
716 74
692 930
20 431
995 669
967 331
469 525
789 797
657 730
803 132
15 396
315 161
182 205
218 520
641 938
320 509
634 349
582 259
477 392
594 773
9 415
596 670
167 7
754 807
846 457
986 874
556 957
74 940
583 472
670 463
857 29
303 938
564 277
880 418
48 699
368 282
124 368
728 519
848 583
960 994
615 559
397 597
867 383
88 215
960 49
156 894
938 274
912 829
70 121
919 731
743 244
852 883
772 470
231 163
385 389
515 630
917 200
440 383
7 304
701 662
500 144
305 953
391 140
158 221
370 272
680 81
554 131
483 16
671 378
609 619
355 448
299 463
722 579
49 526
483 838
675 975
848 289
957 482
430 234
100 675
262 758
541 306
85 807
660 745
380 200
533 17
892 548
635 952
916 297
488 72
493 574
935 536
770 917
426 771
231 72
375 29
539 217
401 691
734 667
229 172
149 836
767 393
654 248
914 42
509 743
513 265
463 247
145 295
521 543
142 406
909 732
880 720
445 166
907 685
962 238
583 780
384 788
824 371
559 595
407 979
773 800
288 672
797 481
187 910
434 87
746 705
750 850
326 851
748 110
782 156
434 199
578 38
432 280
989 57
583 904
727 805
497 95
297 550
302 27
896 601
659 804
152 290
263 143
356 961
474 469
164 961
113 242
905 332
9 548
794 729
880 798
64 78
699 39
789 704
612 271
394 852
280 140
891 103
602 119
962 571
984 154
859 110
87 84
664 383
92 422
322 345
501 293
88 444
994 673
24 363
900 711
351 427
103 20
459 968
736 807
12 116
229 994
527 180
285 801
809 604
424 997
915 442
3 232
428 608
55 877
421 656
427 69
792 176
944 658
663 944
671 998
566 793
413 425
88 697
979 698
693 877
705 932
162 372
433 814
650 604
535 885
642 391
202 418
291 87
925 174
841 134
21 412
799 585
175 450
982 987
975 231
677 331
137 653
358 709
497 718
283 0
802 327
800 417
75 934
912 937
793 660
493 15
969 172
865 680
888 992
14 398
127 103
740 858
540 650
56 744
869 450
172 183
188 218
272 817
459 668
892 682
827 108
638 991
868 999
541 760
536 175
673 204
713 606
813 331
861 764
164 388
230 989
390 655
574 245
494 757
159 204
570 382
36 986
714 546
272 810
191 595
458 566
769 707
5 387
587 413
311 597
382 852
980 87
431 630
372 721
661 7
327 594
522 15
407 338
601 111
284 841
912 669
473 932
693 847
536 79
609 259
234 753
708 924
867 987
572 875
175 126
208 550
416 827
916 421
338 401
35 813
984 592
21 876
806 394
400 987
12 825
712 823
186 478
949 468
676 11
521 479
233 767
698 574
259 823
806 545
318 321
953 251
867 366
113 174
472 560
273 51
795 575
74 934
192 121
792 246
570 101
22 911
43 931
943 180
606 273
242 230
607 44
81 47
107 530
865 823
325 940
468 954
526 948
149 62
529 74
400 259
869 190
148 86
263 342
732 498
891 261
31 840
664 190
324 944
173 961
906 431
898 46
751 150
733 963
704 208
823 537
852 420
59 92
563 265
625 156
811 480
674 695
542 689
736 37
972 672
880 601
843 0
716 714
640 621
482 10
665 492
987 42
780 584
520 73
644 52
478 20
628 613
719 908
815 452
466 888
976 815
503 665
548 799
31 547
6 150
808 95
878 158
723 229
481 316
609 972
214 281
980 47
269 400
84 753
888 52
124 741
506 712
454 847
539 399
553 415
372 77
284 280
370 795
760 362
848 898
753 570
515 560
865 691
271 794
272 21
89 674
722 448
369 720
781 77
149 787
582 642
708 495
577 866
856 50
975 618
45 290
182 448
866 41
526 202
467 305
308 110
547 643
381 326
804 560
856 572
693 396
67 450
967 584
136 976
670 894
452 792
674 758
105 891
609 893
515 408
131 995
735 410
884 932
923 404
546 890
17 802
573 906
950 16
822 718
828 519
273 413
464 813
452 102
720 971
521 483
112 960
615 705
52 480
559 227
99 553
671 537
727 868
696 469
127 905
401 590
400 118
906 501
292 329
391 474
926 0
995 171
11 516
251 519
850 642
728 946
891 783
96 706
608 23
774 312
998 460
202 364
131 752
260 586
903 140
692 100
885 845
554 755
363 262
60 365
868 481
577 353
254 271
843 570
728 559
312 338
40 508
751 48
189 389
481 249
162 460
53 964
142 171
738 563
449 184
624 195
209 566
202 945
462 647
669 719
694 931
774 105
979 703
590 525
975 455
787 753
567 650
662 14
977 319
118 220
112 267
782 854
81 371
271 322
751 932
899 613
831 627
451 234
3 941
425 220
155 320
647 531
802 298
728 817
592 130
283 812
656 819
959 883
312 411
771 568
224 358
780 178
724 341
587 137
682 868
936 486
873 360
928 522
211 935
884 730
53 861
987 975
900 400
206 465
72 339
480 412
889 168
865 379
149 828
681 898
913 470
563 909
90 181
968 490
956 897
384 922
741 470
914 623
992 263
484 996
909 181
16 520
536 781
490 984
177 716
51 161
34 652
602 824
358 868
816 683
728 933
641 799
335 882
982 0
310 528
861 327
736 519
389 581
671 256
812 979
753 37
165 823
147 627
12 649
160 68
16 131
11 543
23 932
124 779
534 173
545 433
932 133
543 675
98 39
687 238
938 722
246 980
376 357
365 699
956 505
430 97
9 26
642 244
580 863
641 29
820 971
406 931
651 744
768 397
539 734
29 503
226 764
23 916
917 175
562 849
755 70
382 369
675 188
918 875
61 306
665 14
41 814
714 495
528 132
819 897
689 714
559 872
343 396
589 157
527 161
768 27
80 646
675 147
544 536
86 355
864 100
62 195
512 264
291 669
194 944
407 750
148 756
887 525
752 208
649 259
511 18
30 53
223 366
170 750
723 745
315 438
60 286
759 74
502 117
510 985
36 373
142 992
668 634
953 205
119 681
929 661
733 83
225 48
868 763
267 890
102 266
479 886
869 947
849 31
944 58
248 107
585 583
814 51
153 932
367 165
24 962
217 257
490 661
321 889
296 75
43 276
737 142
751 296
900 344
167 701
975 890
984 150
19 56
342 21
324 549
994 226
123 60
138 837
23 303
722 865
421 69
241 157
40 109
679 703
12 211
712 292
979 112
276 590
347 899
61 209
906 83
346 878
202 439
213 106
764 360
183 344
15 423
198 372
415 761
613 45
767 248
574 329
158 403
850 984
88 38
693 647
609 243
769 503
922 201
604 867
389 148
62 996
623 351
88 579
614 750
253 852
678 733
651 290
538 948
328 282
408 398
686 512
100 344
920 603
864 559
391 380
739 528
2 881
277 821
848 968
150 872
737 598
630 752
359 490
79 813
937 156
226 498
704 316
234 783
333 326
204 761
105 604
326 688
581 823
322 610
609 175
134 965
568 817
1 733
620 414
253 942
188 488
219 810
999 117
837 548
472 407
600 635
220 18
871 278
227 591
176 639
900 640
153 520
425 303
49 547
568 278
229 576
683 35
837 867
949 543
405 397
142 240
297 786
544 705
695 287
793 885
454 99
352 305
953 403
575 614
907 776
729 918
815 58
531 258
294 884
272 234
640 638
336 308
258 571
230 160
343 597
476 610
862 357
922 246
810 46
724 363
599 604
77 568
233 320
793 441
416 673
207 122
879 270
290 902
334 253
762 777
499 566
995 723
942 811
138 419
496 517
674 442
664 731
99 246
336 242
328 410
47 514
777 897
625 176
58 363
237 905
140 476
939 98
123 846
910 116
699 134
236 452
702 953
466 353
284 714
439 601
602 654
163 211
810 898
259 793
474 966
736 179
677 937
129 770
359 12
953 533
49 268
153 63
390 625
755 438
155 318
649 104
736 441
519 442
225 188
425 273
707 682
336 169
499 562
767 350
343 413
946 745
848 173
239 558
609 25
527 545
213 460
295 657
349 818
139 620
695 135
827 401
187 153
14 790
990 873
662 17
464 121
257 235
226 116
183 599
135 366
470 790
277 271
637 632
566 328
269 496
524 283
421 384
507 293
660 941
907 735
14 816
635 456
129 461
190 996
63 43
159 879
701 937
620 553
572 383
352 258
822 374
240 197
635 673
889 567
126 714
776 671
798 388
46 105
648 657
474 81
650 100
743 884
102 964
524 704
382 155
236 595
542 470
715 473
309 644
192 331
997 557
62 469
236 952
444 320
444 694
395 61
115 874
597 881
723 901
427 646
545 921
223 604
494 237
511 259
711 479
308 139
208 68
64 5
155 457
887 126
464 48
791 962
60 915
934 968
611 569
784 369
0 584
87 888
441 134
263 833
44 639
693 440
512 131
484 773
825 14
346 411
558 626
122 22
433 423
973 992
202 971
570 227
956 201
153 690
637 698
576 846
733 128
946 777
151 875
452 27
214 929
604 849
846 556
992 3
369 979
49 1
143 44
520 701
706 107
961 127
131 495
680 279
638 24
491 234
771 861
536 483
991 204
574 73
92 164
165 503
709 510
528 974
954 405
571 32
862 940
233 785
611 512
881 756
467 474
266 70
144 437
446 299
183 197
893 892
939 888
581 687
519 491
933 966
656 5
63 281
883 467
415 658
633 583
660 411
515 466
773 2
308 951
706 225
783 282
787 838
983 34
651 943
675 785
83 699
453 684
161 368
597 134
108 22
622 717
617 181
774 944
296 434
889 677
617 886
64 27
266 222
148 418
552 808
81 643
756 651
214 794
108 186
273 782
701 351
452 168
477 39
141 494
43 485
318 619
783 508
394 251
307 30
631 431
452 838
422 763
599 357
826 849
619 396
51 668
623 215
724 868
484 927
134 8
261 230
752 660
141 526
998 287
545 997
374 806
217 767
392 255
674 573
685 732
514 520
348 930
600 892
472 992
859 509
137 406
804 764
96 699
45 713
559 779
755 130
729 440
217 897
110 835
951 424
548 994
447 844
108 305
308 279
908 923
44 278
21 47
774 166
420 938
57 43
301 680
128 603
130 274
85 78
426 433
709 579
82 810
644 471
417 121
837 82
622 450
149 415
260 983
616 80
140 678
155 196
610 400
240 691
360 268
573 308
785 508
621 997
816 184
459 559
540 559
820 880
829 382
678 862
279 382
572 260
935 272
269 289
824 709
254 514
141 21
435 127
932 130
1 276
812 426
637 180
990 532
685 997
843 461
659 552
289 70
702 84
214 564
592 228
280 29
752 426
874 150
302 65
665 82
105 108
578 236
977 534
479 618
461 967
302 180
43 538
596 986
299 665
56 162
80 981
553 785
59 599
662 150
635 402
307 14
470 496
671 26
411 422
742 61
532 534
221 654
841 195
481 526
662 682
772 187
379 576
241 420
218 614
602 474
162 629
685 836
629 234
103 754
787 62
816 287
72 452
289 755
726 134
39 510
242 943
694 871
336 500
431 166
422 528
581 228
657 79
982 660
195 389
535 72
531 489
639 961
877 718
65 578
963 728
398 798
831 927
60 606
656 223
933 519
855 736
784 459
447 781
355 175
81 778
56 690
833 773
300 108
798 95
937 976
112 745
620 193
993 853
60 303
330 548
557 5
629 949
789 92
713 727
780 150
837 941
946 288
832 210
99 944
95 752
846 898
918 161
576 3
52 977
759 166
343 320
31 699
628 318
351 28
116 640
11 946
140 416
914 40
69 655
298 518
851 405
787 340
619 153
367 741
336 291
682 622
571 680
563 974
502 547
744 706
34 169
624 463
708 485
7 316
602 127
404 846
290 660
214 491
848 292
355 291
548 592
68 405
957 873
750 201
2 62
960 767
265 223
54 475
742 747
574 701
882 22
386 568
195 766
148 51
486 494
710 215
581 547
57 522
319 761
898 803
7 50
761 567
658 247
983 882
861 652
721 204
296 546
206 822
910 690
130 394
35 417
616 105
943 448
606 37
675 824
995 228
149 477
44 611
372 273
250 446
579 883
821 50
403 29
890 149
930 719
10 361
110 434
297 951
118 876
854 253
466 143
827 919
245 417
71 318
673 884
789 399
402 46
506 514
754 541
467 929
10 3
462 303
448 343
859 873
428 745
314 409
803 998
911 857
79 64
637 172
485 23
453 965
92 921
662 645
321 905
657 769
983 144
478 672
794 367
825 412
373 416
795 888
937 30
964 172
810 65
570 272
146 184
714 26
736 949
24 764
930 223
684 805
623 967
520 665
629 255
411 2
700 456
738 487
49 901
992 911
614 171
730 47
532 205
135 818
211 143
233 664
607 790
306 263
573 879
951 572
574 837
458 559
708 601
315 661
637 678
121 725
176 500
807 683
146 289
969 914
626 843
76 595
277 288
832 477
4 403
312 345
606 129
783 754
282 536
795 261
469 262
968 91
718 868
742 20
557 10
612 529
814 840
99 945
272 296
708 59
985 415
687 755
467 537
321 513
109 883
515 330
515 468
764 716
697 833
98 995
162 467
138 704
90 516
347 319
471 672
675 175
829 291
990 611
948 474
555 908
901 27
837 284
50 136
509 24
77 678
920 22
24 829
491 213
718 691
834 556
934 890
4 663
875 27
884 239
406 976
549 775
933 884
573 747
530 390
909 808
49 353
951 329
286 62
598 557
7 540
389 117
433 478
162 553
804 534
532 994
279 734
785 178
571 323
207 766
512 878
716 484
591 802
552 475
388 662
807 80
209 686
585 298
398 179
32 457
947 496
225 848
778 224
170 892
115 470
859 67
989 993
695 986
39 991
2 125
991 975
928 167
211 616
397 583
618 922
155 359
400 825
894 268
148 881
319 156
502 113
398 624
697 427
907 304
45 448
139 326
514 699
319 512
229 566
108 63
886 592
521 975
107 72
547 144
99 280
200 621
768 277
582 240
623 470
100 727
352 822
609 215
785 444
959 705
144 175
367 221
574 392
343 615
258 43
506 423
570 611
637 88
498 583
178 305
538 819
720 157
136 714
467 405
959 599
594 755
974 923
667 889
791 34
640 965
721 50
196 305
336 49
283 361
272 557
941 904
702 638
717 532
800 264
918 379
741 894
319 902
220 882
703 904
197 673
972 345
313 929
209 194
410 200
650 183
412 262
392 159
329 564
511 367
507 68
382 518
450 154
365 655
149 431
864 98
123 335
138 814
954 703
685 165
253 788
218 9
536 606
105 921
814 707
665 548
373 519
195 720
927 266
376 766
119 621
11 901
19 508
706 219
127 911
48 499
36 183
357 460
896 478
691 36
744 535
41 474
449 742
565 467
887 415
382 130
442 666
75 701
920 403
343 408
477 212
772 346
460 600
368 694
368 762
158 552
245 39
190 313
491 955
219 251
784 540
942 856
109 380
287 814
929 310
417 136
790 302
960 518
191 237
126 423
959 753
753 677
119 361
564 680
542 655
113 209
579 153
352 978
285 203
536 891
297 411
117 360
165 435
350 958
670 762
704 526
934 868
851 331
948 818
241 497
438 971
453 578
72 892
176 499
64 884
498 796
657 737
750 678
986 725
253 242
270 446
664 988
216 63
381 530
191 904
192 506
122 542
127 654
640 857
978 376
63 430
777 490
469 554
544 88
124 803
143 562
855 901
550 817
393 954
125 344
852 743
469 305
276 509
964 895
91 212
277 145
129 678
253 460
580 884
382 410
652 794
503 605
969 655
517 850
889 810
567 828
368 941
431 220
215 48
412 883
363 18
416 831
962 716
520 719
347 580
210 648
714 250
567 25
809 546
548 614
152 395
274 403
768 266
173 805
261 57
756 234
714 115
226 669
82 170
385 369
303 162
803 168
14 518
343 225
933 249
186 171
286 565
476 628
258 764
790 262
30 9
316 35
256 225
769 364
505 982
349 342
359 663
474 844
299 444
684 825
167 961
508 452
33 277
198 810
984 369
432 418
165 210
856 613
919 466
370 372
474 252
404 8
279 415
772 822
321 88
125 450
208 130
688 269
890 389
674 780
197 103
615 473
624 736
349 523
366 201
282 545
332 40
516 139
620 991
428 670
58 442
519 315
806 422
893 797
835 616
749 849
700 953
197 369
49 22
136 338
719 70
821 946
477 177
65 778
839 778
894 126
228 47
456 698
66 163
782 746
417 890
190 886
917 728
494 513
200 793
832 799
273 839
559 900
434 529
762 136
729 234
57 647
556 158
2 751
247 575
381 718
86 182
43 533
891 321
702 287
801 366
320 585
274 547
439 270
491 780
616 931
404 312
976 357
765 654
170 986
851 404
55 933
70 724
604 320
939 312
295 610
479 964
770 486
901 609
933 613
720 870
818 611
998 520
499 422
716 703
254 689
522 184
591 21
40 399
416 746
700 748
485 298
593 494
334 532
318 721
260 183
29 978
768 249
558 327
484 316
291 365
225 645
852 418
689 677
920 31
69 131
87 871
710 628
566 510
638 189
10 81
278 135
885 921
742 991
888 737
163 936
44 361
942 869
208 281
34 591
714 486
153 571
179 681
527 620
306 998
493 771
888 932
612 975
940 960
645 304
555 741
441 766
485 79
505 201
496 889
294 274
822 245
880 904
322 619
336 332
843 493
549 299
217 788
866 993
764 482
356 63
891 158
542 417
236 80
194 800
675 80
281 593
924 6
817 882
416 968
88 933
388 261
597 85
907 600
228 305
674 305
432 909
645 343
807 191
971 636
940 562
474 650
104 421
383 799
912 474
638 204
597 674
982 977
688 511
839 972
807 915
75 190
13 521
348 310
285 723
626 268
277 245
310 195
924 933
192 591
288 316
178 957
489 123
652 811
138 976
702 795
682 640
109 555
470 145
754 300
47 237
647 63
498 600
327 867
399 797
877 685
945 362
78 603
574 193
900 856
837 561
600 86
389 857
106 792
621 470
787 751
507 638
136 632
562 63
520 445
52 611
858 940
231 790
424 224
892 595
692 249
332 232
348 296
66 53
809 459
662 12
928 405
641 369
533 164
676 585
876 264
241 374
532 700
776 881
421 512
345 167
779 574
769 178
142 145
748 257
51 624
204 394
875 687
12 205
45 922
108 969
238 80
357 218
312 797
637 246
113 383
250 229
190 678
717 289
83 572
177 469
404 309
316 96
168 916
896 44
677 470
279 104
169 765
726 121
624 219
746 65
580 855
485 358
803 979
33 487
476 312
176 359
165 964
720 902
499 796
308 707
521 768
857 970
546 1
730 631
762 933
651 267
122 502
466 900
73 937
573 356
526 138
34 161
387 817
876 628
556 853
96 924
125 951
597 539
617 818
393 561
149 978
304 681
464 480
198 312
258 241
999 477
879 213
339 485
102 374
263 658
153 183
883 264
127 354
647 898
74 687
404 806
6 381
115 68
62 487
194 888
767 606
815 130
869 324
471 991
925 732
207 723
757 682
129 688
241 606
211 966
216 759
864 604
232 649
949 799
47 838
182 933
58 698
186 876
257 520
997 882
522 898
806 902
614 380
628 660
260 761
287 39
219 169
805 676
793 507
524 147
773 592
749 382
658 512
840 724
107 674
169 244
832 28
31 93
616 259
979 297
561 145
442 793
483 590
578 246
685 653
947 58
594 476
435 610
930 746
327 24
830 806
80 276
958 34
803 194
954 807
280 665
525 443
74 752
32 27
145 580
479 968
374 997
607 368
486 401
630 905
558 9
599 481
105 522
804 868
612 687
690 610
501 10
737 255
386 802
302 519
889 560
501 89
122 641
959 516
399 577
19 46
824 909
739 43
228 928
40 590
826 259
291 301
28 352
723 530
853 270
442 879
594 587
362 681
947 187
33 899
422 545
868 958
928 428
622 850
729 793
95 647
699 72
430 899
806 78
789 862
826 633
367 807
940 894
397 300
190 80
35 915
625 392
76 218
27 740
930 912
762 630
595 475
191 785
624 776
207 202
749 927
582 825
276 308
3 939
672 396
900 459
361 533
262 24
178 438
306 601
413 197
566 754
753 768
938 482
779 192
872 63
595 781
957 458
835 602
166 105
727 46
33 569
106 632
448 849
461 74
628 282
398 732
246 648
47 620
354 344
881 192
590 308
79 872
650 58
867 943
73 30
758 338
27 518
951 897
376 968
739 341
959 850
429 1
206 913
782 135
596 613
97 779
786 681
955 928
296 867
818 405
497 351
424 726
159 538
881 352
721 310
50 132
353 724
841 925
911 799
468 529
305 771
603 402
629 721
337 290
69 28
213 382
234 135
837 712
130 436
853 318
827 318
97 503
232 670
464 437
633 497
337 883
551 335
552 256
852 47
585 796
267 755
206 711
932 671
853 982
743 299
46 363
765 330
597 310
16 549
714 481
49 782
425 158
223 92
850 665
887 788
398 40
382 308
985 329
470 676
454 879
18 229
209 747
535 39
935 135
685 167
915 476
486 544
632 262
471 683
648 500
429 329
301 462
968 858
393 502
907 733
697 450
769 759
885 121
590 94
782 875
184 735
250 710
601 485
124 220
352 706
478 171
770 525
842 466
755 813
325 152
515 571
691 209
687 109
897 255
209 717
228 96
389 843
881 61
250 240
552 284
272 823
598 486
826 869
895 788
789 780
263 959
938 418
902 291
469 794
614 984
347 401
585 89
698 109
647 568
251 381
253 934
636 578
182 415
755 197
962 509
136 191
371 780
757 532
663 512
412 329
532 917
537 364
163 366
660 868
779 237
68 91
32 10
261 764
683 657
132 7
890 980
473 199
270 644
293 670
801 237
638 994
560 223
735 547
610 792
692 626
331 239
877 868
201 815
368 518
24 650
714 625
966 52
695 968
937 435
860 168
281 857
239 12
462 701
510 88
796 7
596 543
873 479
175 754
274 770
367 775
369 617
557 801
858 303
800 842
283 558
302 387
154 535
51 717
404 165
731 409
645 625
966 594
173 640
217 351
711 491
367 919
324 280
22 342
282 10
319 244
371 406
327 765
163 436
89 29
743 44
471 941
799 718
878 416
271 133
746 833
148 400
325 655
869 455
560 299
73 588
694 987
635 397
601 524
394 27
669 738
587 53
487 483
678 931
973 509
919 109
939 626
128 258
223 152
603 530
602 823
917 988
623 452
319 842
924 249
386 535
44 319
770 331
545 915
722 263
269 809
586 967
597 410
353 715
707 756
185 884
454 502
616 877
843 274
506 676
173 466
192 606
345 392
573 624
976 167
172 322
383 945
980 757
565 850
473 767
202 440
73 374
855 120
968 567
645 898
895 506
982 867
863 223
586 76
292 367
372 482
131 891
117 755
508 84
618 38
927 358
327 321
394 973
44 105
801 795
986 8
477 423
99 559
456 421
712 655
785 853
235 76
176 660
589 901
25 581
224 580
605 528
866 36
781 791
231 386
214 524
616 263
562 503
972 698
850 100
309 911
576 848
5 321
123 681
364 33
513 374
160 863
580 327
947 646
869 139
944 956
74 351
164 252
126 246
665 58
380 773
188 578
238 85
149 207
977 604
267 951
242 79
424 389
322 449
366 831
12 433
528 137
5 304
556 306
722 597
131 6
503 510
78 817
135 712
992 384
146 63
135 473
905 901
656 221
286 322
402 346
569 550
921 984
998 251
483 195
186 716
647 947
224 147
218 248
649 6
211 920
262 449
100 739
794 923
172 153
622 935
682 253
135 337
578 599
238 546
992 784
603 267
268 543
403 664
481 612
625 311
631 584
414 446
261 407
100 691
31 222
195 191
873 543
201 953
423 596
20 982
370 290
842 98
412 557
796 190
942 991
813 362
291 936
590 112
40 763
888 272
155 966
724 178
456 896
583 651
299 148
499 739
480 585
366 856
360 333
352 431
837 406
558 484
963 349
634 382
182 413
304 629
647 87
274 497
109 434
136 969
421 146
690 754
512 268
203 425
192 900
981 227
767 193
972 316
231 62
248 614
464 504
392 784
191 846
574 351
27 388
448 378
680 233
976 363
385 734
221 233
415 999
534 167
21 287
183 862
183 722
860 727
934 749
454 596
452 38
889 338
156 707
79 741
431 58
715 408
836 222
814 979
395 115
502 321
368 912
59 963
931 574
749 88
17 278
468 101
711 608
760 717
57 214
68 815
394 437
563 733
20 142
713 660
857 333
774 246
93 414
375 313
166 421
54 987
300 25
819 36
940 582
229 714
655 118
589 933
877 182
775 769
870 689
551 781
98 332
868 939
565 505
930 125
928 666
205 809
294 112
728 145
142 530
29 731
784 761
991 646
768 995
710 83
386 597
983 778
130 69
41 611
852 106
756 342
-1 50311 -1 -1 33150 -1 -1 -1 -1 -1 -1 -1 -1 62051 -1 -1 -1 -1 -1 -1 -1 28438 9142 -1 -1 -1 -1 -1 -1 -1 -1 18840 6086 -1 52417 -1 -1 40778 -1 -1 9642 -1 -1 -1 -1 11674 -1 -1 64887 -1 -1 -1 -1 -1 -1 1516 -1 -1 -1 -1 -1 -1 13739 -1 -1 23012 -1 -1 -1 -1 -1 37991 -1 -1 -1 -1 -1 -1 -1 4637 -1 -1 -1 -1 -1 48008 -1 -1 -1 14947 47837 -1 -1 7590 -1 -1 -1 -1 -1 -1 -1 -1 -1 -1 -1 -1 -1 -1 -1 26879 -1 48718 -1 -1 -1 -1 -1 -1 -1 -1 -1 -1 -1 -1 -1 15580 64654 21125 18441 62327 -1 -1 -1 7967 -1 14548 -1 41723 -1 -1 -1 -1 8783 -1 46843 -1 -1 -1 -1 -1 41876 -1 -1 -1 -1 -1 -1 -1 16070 54427 6192 56350 -1 40912 -1 -1 21544 -1 -1 -1 -1 47356 -1 -1 -1 18527 -1 -1 -1 23810 13070 -1 -1 -1 -1 -1 31257 -1 40924 48682 -1 -1 -1 -1 -1 -1 -1 -1 -1 -1 -1 -1 -1 -1 -1 -1 -1 -1 -1 -1 -1 -1 -1 28093 -1 -1 -1 -1 29052 -1 -1 -1 -1 -1 -1 -1 -1 -1 -1 18183 11689 -1 -1 -1 -1 -1 -1 -1 55726 -1 56345 -1 -1 -1 -1 -1 -1 -1 42593 -1 -1 -1 41383 -1 -1 -1 -1 -1 -1 53646 -1 20864 -1 -1 -1 -1 -1 -1 -1 -1 -1 -1 -1 -1 -1 -1 -1 -1 -1 -1 -1 -1 -1 7069 -1 -1 954 -1 38652 -1 -1 -1 -1 -1 -1 -1 -1 5090 -1 -1 -1 -1 -1 -1 -1 -1 -1 -1 -1 -1 -1 -1 64747 -1 -1 -1 -1 -1 -1 -1 -1 -1 -1 -1 -1 -1 33611 -1 -1 27677 -1 -1 43781 -1 -1 -1 -1 -1 -1 -1 -1 40415 -1 -1 -1 -1 -1 -1 11373 18069 15616 54776 -1 -1 -1 -1 -1 46338 -1 -1 -1 -1 -1 -1 37319 -1 59845 -1 -1 -1 -1 -1 8418 -1 -1 -1 -1 25807 48617 -1 -1 -1 -1 -1 -1 61582 -1 -1 -1 -1 653 -1 -1 -1 -1 -1 49267 -1 -1 -1 -1 -1 62260 -1 -1 -1 -1 -1 -1 -1 -1 -1 -1 -1 -1 18648 -1 -1 43400 -1 -1 -1 -1 -1 -1 -1 -1 -1 -1 -1 15426 62249 48747 -1 -1 -1 25702 -1 -1 50329 -1 -1 -1 -1 -1 5961 -1 -1 -1 -1 -1 -1 -1 -1 -1 -1 -1 -1 -1 -1 -1 59626 10416 -1 44669 -1 -1 -1 21073 -1 -1 -1 -1 52764 33765 -1 -1 -1 -1 -1 -1 16135 -1 -1 40932 -1 -1 -1 -1 -1 64357 -1 23546 16604 -1 25789 -1 -1 -1 -1 -1 -1 -1 -1 34204 -1 -1 -1 -1 -1 -1 -1 -1 -1 -1 -1 13168 -1 38529 -1 -1 -1 -1 -1 -1 -1 -1 -1 -1 -1 -1 -1 -1 -1 50761 -1 -1 -1 -1 -1 -1 40440 -1 23730 -1 -1 -1 4101 -1 -1 62460 59525 10431 13680 -1 -1 -1 -1 -1 33225 34315 2235 -1 -1 -1 -1 -1 36757 -1 -1 -1 -1 -1 -1 -1 -1 -1 -1 -1 -1 -1 -1 -1 -1 55547 24626 -1 -1 -1 -1 -1 -1 -1 -1 -1 -1 -1 -1 59495 26165 -1 13035 -1 -1 -1 -1 -1 -1 -1 -1 36008 -1 54498 25490 -1 27588 -1 -1 -1 -1 -1 49221 -1 -1 16152 -1 -1 -1 -1 -1 -1 -1 -1 -1 -1 -1 -1 35503 -1 -1 -1 -1 -1 -1 -1 -1 -1 -1 -1 -1 -1 -1 -1 -1 14610 -1 -1 -1 -1 -1 -1 -1 7215 -1 30743 -1 -1 -1 -1 -1 -1 -1 -1 -1 -1 43238 -1 22177 -1 -1 -1 -1 22669 -1 -1 -1 -1 -1 50421 -1 49079 -1 -1 -1 -1 21393 -1 -1 -1 21037 51197 46276 -1 -1 -1 -1 -1 -1 -1 -1 -1 -1 -1 -1 -1 -1 -1 45311 -1 -1 814 -1 -1 -1 -1 18501 -1 -1 33754 -1 -1 -1 -1 -1 -1 64988 -1 -1 -1 -1 -1 -1 -1 -1 29403 -1 -1 50512 -1 43793 -1 -1 -1 -1 -1 45430 -1 -1 -1 -1 65141 17854 -1 -1 -1 -1 -1 46154 -1 -1 47141 38174 -1 -1 6554 -1 14894 -1 -1 -1 -1 -1 36194 -1 -1 -1 -1 -1 -1 -1 -1 3663 -1 25091 -1 -1 -1 -1 37730 -1 -1 44934 -1 4722 -1 -1 11759 -1 -1 -1 -1 -1 -1 -1 -1 -1 26364 38521 -1 -1 -1 -1 -1 34759 -1 49428 -1 -1 -1 -1 -1 -1 -1 -1 -1 -1 -1 -1 -1 -1 -1 -1 -1 -1 -1 59923 -1 28116 24842 -1 -1 25839 8215 -1 1457 -1 -1 -1 60716 -1 -1 -1 -1 25634 -1 -1 52522 -1 -1 -1 -1 23156 -1 -1 -1 -1 -1 -1 6263 -1 36470 -1 -1 -1 -1 -1 -1 -1 -1 -1 -1 -1 -1 33918 -1 6335 -1 49730 -1 -1 -1 -1 -1 -1 -1 57973 49116 -1 61409 -1 -1 -1 -1 -1 -1 -1 8216 -1 -1 -1 -1 -1 51011 42325 -1 -1 -1 -1 -1 -1 -1 -1 -1 -1 -1 -1 -1 -1 -1 -1 -1 58961 50922 -1 -1 -1 25995 -1 -1 -1 -1 -1 -1 39827 -1 43581 -1 -1 -1 -1 -1 -1 -1 -1 -1 -1 -1 29933 -1 -1 -1 -1 -1 -1 -1 -1 -1 -1 14952 -1 -1 -1 18689 -1 -1 -1 59717 -1 -1 -1 -1 -1 -1 -1 -1 43803 3586 -1 -1 -1
10
1 686 5 750 3
1 697 7 840 3
1 577 15 500 9
0 932 7 411 7
1 643 7 28 15
0 842 12 583 13
0 893 11 466 0
0 623 7 568 10
1 119 6 11 5
1 105 3 365 2
