1000 5000
502 960
832 41
318 652
949 732
572 390
580 428
608 287
19 850
448 510
353 40
50 205
969 792
683 396
969 428
952 480
806 516
224 964
727 397
439 466
462 10
189 652
128 36
378 828
127 206
368 153
109 218
260 268
527 601
314 92
130 512
288 580
356 211
196 809
923 931
244 940
855 137
13 498
320 497
988 890
356 214
326 588
162 495
301 523
487 917
332 236
133 967
228 807
554 511
444 209
647 523
664 828
946 571
823 707
345 667
783 299
917 471
754 186
936 927
805 196
871 881
949 33
430 843
63 282
198 452
262 543
620 222
961 588
489 358
814 66
480 94
393 625
289 325
491 663
259 228
840 792
13 629
521 900
348 35
688 703
730 61
255 868
90 918
172 852
591 392
58 352
974 161
897 981
79 103
438 984
198 561
445 271
929 695
541 604
553 705
270 169
74 991
239 938
356 454
813 863
74 186
95 988
228 415
666 45
466 595
546 104
540 921
477 79
428 151
577 536
406 236
67 586
765 806
508 831
669 258
822 714
944 227
619 174
171 628
783 301
603 508
374 119
118 561
819 947
236 14
491 934
314 518
625 73
256 224
195 631
636 469
487 658
201 298
644 900
523 66
427 758
552 210
477 287
415 815
169 448
821 390
437 714
486 207
471 53
360 252
87 233
598 923
495 226
12 751
966 192
462 935
348 57
367 516
567 22
197 752
28 747
408 45
401 135
594 42
878 853
753 534
39 813
709 973
653 41
910 427
111 311
182 113
803 397
124 953
64 302
751 88
561 306
763 657
661 253
690 722
362 208
550 119
771 449
503 791
699 460
209 523
263 14
56 947
320 595
102 679
234 498
849 955
783 800
902 520
265 480
794 400
137 196
49 218
436 880
877 344
723 650
340 17
918 33
293 947
669 841
905 60
139 715
824 156
102 58
671 7
594 188
818 390
994 92
552 792
924 321
933 994
519 487
384 786
557 772
557 538
927 956
724 460
591 244
124 474
709 286
427 583
448 864
719 473
846 490
618 737
374 295
656 535
70 973
904 412
618 970
532 101
508 315
420 944
847 951
62 79
875 249
811 150
226 122
151 927
461 15
254 654
754 577
296 298
562 246
624 153
221 703
190 885
849 176
156 108
56 11
791 138
132 806
370 783
388 382
526 558
251 812
314 126
932 930
184 367
139 679
885 356
115 778
662 608
42 866
27 498
812 945
548 191
921 684
831 0
371 651
692 981
403 176
629 344
173 216
783 865
973 399
340 925
813 620
888 466
157 570
806 411
255 81
30 241
182 129
93 752
58 434
964 365
278 970
831 738
939 78
675 751
269 762
798 538
424 796
691 915
488 465
845 513
335 102
975 999
184 589
224 938
194 894
102 867
288 426
96 232
499 704
443 51
857 213
683 576
922 483
396 120
709 813
553 576
218 47
753 594
707 995
844 155
465 677
826 39
592 831
712 694
139 836
832 1
573 826
87 922
566 77
465 300
384 797
233 347
755 201
167 178
651 457
687 195
284 991
188 106
235 442
868 870
728 655
860 253
136 494
613 930
808 68
631 141
799 885
648 571
441 778
634 232
571 964
751 918
63 971
999 723
990 214
508 424
908 458
852 883
185 121
424 146
239 960
773 613
108 422
840 382
735 950
82 89
815 335
945 314
366 148
334 967
587 285
210 13
172 920
104 92
257 261
275 311
304 462
706 376
802 734
744 555
413 609
134 164
330 860
699 396
975 256
652 216
699 255
535 420
505 849
231 15
602 311
804 276
694 82
210 482
594 99
27 733
109 301
757 479
26 355
769 563
811 63
380 416
861 392
53 966
874 49
90 850
717 310
976 537
570 576
999 763
516 168
397 267
537 105
227 564
261 406
100 298
298 581
493 983
164 153
793 80
922 487
906 903
37 39
383 741
207 197
522 751
365 345
927 378
139 285
462 618
402 818
394 84
125 680
874 938
671 593
10 928
996 330
992 752
992 703
563 457
815 475
598 654
635 127
545 75
251 805
254 443
731 384
934 197
803 675
715 628
669 789
557 348
569 370
281 815
938 768
737 274
339 412
587 546
399 297
412 353
786 333
776 591
900 653
353 834
215 874
327 596
767 573
701 641
655 590
753 369
515 54
837 342
131 412
68 97
373 344
519 356
817 815
390 837
472 6
580 996
687 423
479 538
370 401
350 3
508 526
478 445
553 559
517 499
49 619
978 108
563 465
456 724
266 717
485 255
688 160
659 860
258 479
592 529
98 174
830 779
789 637
112 87
509 949
941 620
339 282
818 839
310 727
166 871
598 249
516 331
109 837
372 133
232 312
962 717
824 379
25 655
392 323
442 907
382 345
943 82
559 922
809 374
20 591
718 503
508 310
162 60
953 961
213 254
713 659
789 507
385 798
922 544
986 90
561 72
304 345
600 996
537 419
528 928
541 544
44 211
460 348
782 386
453 999
681 869
739 412
459 603
208 57
834 922
581 815
161 180
254 730
619 700
647 379
490 154
300 4
43 480
92 321
496 135
660 163
212 160
364 522
802 752
7 188
497 714
913 342
53 50
352 395
737 616
790 418
819 217
943 15
881 440
371 906
702 916
139 755
171 664
34 849
86 40
789 206
866 637
725 610
364 368
748 418
581 554
812 477
95 69
116 349
604 62
687 777
530 159
981 956
511 990
759 238
130 187
851 763
771 732
633 914
837 339
34 791
58 212
850 3
594 470
256 447
558 730
37 797
80 714
576 848
590 356
77 85
868 778
537 272
986 277
880 845
556 117
963 982
474 677
380 363
247 572
144 842
677 915
919 715
975 517
617 68
137 778
219 853
544 916
428 848
10 812
947 802
406 681
336 406
373 920
498 68
263 949
780 912
515 770
776 967
741 257
344 417
38 354
975 466
566 296
987 463
188 194
454 899
893 585
825 204
80 907
821 721
676 963
385 231
977 335
400 506
779 361
566 772
153 711
744 356
304 470
837 968
668 560
333 881
836 887
20 22
187 780
9 427
224 185
220 491
925 947
981 353
323 630
33 53
155 825
497 217
138 145
848 414
752 792
827 457
823 992
599 363
500 910
956 93
672 467
357 519
200 310
669 433
29 371
191 812
100 848
47 603
156 932
778 781
17 162
126 142
583 181
525 828
351 876
414 628
342 97
927 820
866 942
950 150
13 704
113 934
143 914
199 386
756 578
301 164
593 628
308 895
512 871
89 217
930 947
397 113
654 539
753 497
491 525
588 791
461 780
755 288
893 931
718 511
605 793
696 639
184 103
300 906
35 526
193 723
884 329
905 517
473 869
980 375
33 882
248 96
364 832
748 680
81 791
110 428
287 65
817 521
522 231
253 955
128 935
846 634
56 818
191 553
393 77
837 320
65 24
902 142
490 374
606 224
533 474
538 300
417 459
197 540
971 715
426 937
41 812
775 563
66 405
508 241
516 185
968 860
908 890
278 766
271 158
947 825
498 816
338 622
639 814
95 774
101 689
608 318
659 486
687 655
707 559
308 513
73 505
291 766
593 57
549 975
424 626
599 971
963 541
644 373
918 508
351 266
198 463
476 49
986 486
128 414
7 303
328 89
318 348
754 137
340 823
327 23
391 688
906 843
92 671
307 687
731 60
829 927
854 421
798 545
660 222
8 691
160 830
269 95
461 111
396 228
127 908
840 411
539 94
191 813
32 188
866 481
39 280
867 384
477 822
299 629
68 727
392 976
512 798
745 819
387 648
413 473
641 47
225 76
909 941
822 164
733 254
374 191
393 923
207 34
582 617
28 435
763 544
725 114
279 93
142 445
804 238
54 103
74 690
801 251
204 350
367 570
508 57
731 462
106 895
265 152
737 385
364 222
600 248
322 943
181 413
203 743
458 563
893 605
592 224
116 28
350 756
797 161
413 101
102 549
541 743
357 826
688 798
479 792
332 127
868 48
141 464
798 947
521 654
953 69
201 634
721 342
112 633
527 373
873 929
522 67
632 673
307 432
455 934
426 168
293 136
5 665
283 108
100 648
849 608
29 309
961 797
888 969
329 942
5 257
403 753
51 312
736 234
213 191
341 188
319 989
154 816
280 220
53 21
465 106
174 261
657 122
282 743
38 309
168 431
120 918
149 991
788 236
376 874
5 955
503 313
241 111
676 20
402 588
483 868
350 489
814 378
577 725
48 743
752 818
770 459
732 417
179 101
425 847
534 710
524 381
983 454
633 664
711 547
974 579
904 513
709 885
56 464
342 732
322 404
23 296
751 189
282 666
677 885
987 82
747 679
571 558
962 102
166 184
773 298
770 55
493 836
205 673
215 86
836 795
562 970
943 466
914 303
175 536
658 794
327 662
207 638
181 549
92 57
376 204
189 305
87 187
755 588
464 535
575 535
704 390
476 880
870 126
651 511
106 3
818 510
926 544
671 827
133 859
584 403
238 303
106 958
897 173
354 587
872 299
362 768
744 195
489 352
814 427
664 881
969 251
828 958
927 209
752 498
652 499
837 347
732 623
250 230
275 966
939 973
63 471
761 153
150 454
704 365
89 388
86 439
218 882
595 388
370 315
262 10
780 940
637 348
346 174
519 965
739 774
968 969
589 79
185 170
965 858
105 148
447 328
34 644
583 787
886 527
98 419
951 607
297 562
658 529
451 375
459 158
650 855
405 561
675 851
209 746
719 679
451 810
17 297
826 855
978 24
881 470
150 392
393 984
763 839
877 439
364 216
209 337
149 529
778 262
820 131
40 957
988 536
56 948
410 58
736 74
810 273
293 439
852 829
267 725
786 217
440 998
803 356
882 900
279 906
37 377
15 633
47 477
311 98
950 592
627 341
396 441
834 542
341 401
829 885
296 105
662 972
551 758
101 782
101 773
718 297
962 336
436 810
125 701
738 823
709 996
788 604
747 850
223 719
643 291
920 169
365 302
427 462
83 576
878 560
930 295
325 847
387 505
970 712
63 197
117 242
930 441
317 310
241 29
215 410
423 819
360 774
565 398
883 222
413 380
586 127
715 189
226 956
643 810
310 459
561 877
652 783
91 521
587 193
278 74
500 306
724 914
794 760
62 318
85 642
443 295
686 570
381 949
5 922
917 384
612 923
457 151
923 619
859 690
263 535
403 479
411 384
16 195
275 954
386 834
307 605
329 617
699 546
328 998
873 765
528 587
796 470
617 427
715 564
246 102
638 617
927 408
762 43
666 392
809 190
744 725
444 364
475 735
809 912
572 96
137 42
823 317
272 806
98 358
317 497
780 657
349 643
672 445
966 57
962 996
676 761
702 4
548 884
154 929
267 405
665 8
909 487
834 725
516 703
559 347
301 980
1 685
375 617
486 357
577 118
832 779
603 270
317 63
442 733
145 500
892 875
747 316
681 85
739 535
461 432
742 699
635 555
579 794
98 214
903 741
324 694
266 487
160 171
861 432
608 320
868 633
795 105
52 380
922 107
947 730
334 193
876 994
0 992
711 761
375 875
252 918
218 711
513 69
671 635
888 958
378 545
572 681
34 324
226 990
906 945
148 397
476 937
72 766
960 201
88 787
930 398
604 601
92 808
288 365
578 188
533 702
127 641
715 596
872 423
195 57
661 498
40 148
105 707
327 561
365 468
77 302
433 36
396 389
355 898
708 593
204 603
960 410
28 458
747 790
131 852
741 893
105 868
65 852
444 44
373 906
675 113
498 721
930 421
289 908
47 574
324 784
240 622
307 819
107 248
968 312
96 399
387 463
184 526
400 259
394 895
455 8
148 208
998 132
810 89
614 914
413 547
12 938
994 23
629 50
535 711
4 320
530 940
210 783
372 466
503 628
829 950
459 34
892 450
101 332
335 840
703 163
834 515
281 988
665 633
143 204
959 558
849 906
634 106
229 386
450 948
29 856
564 316
357 828
743 410
664 937
222 334
197 992
198 681
976 219
949 520
749 542
415 242
625 956
915 401
796 783
24 359
682 200
257 713
105 10
284 939
139 692
284 610
745 467
247 96
138 290
933 928
131 500
739 587
558 425
753 227
250 650
824 584
197 879
928 865
450 536
912 547
822 204
302 910
469 759
725 366
977 865
432 835
504 232
26 239
694 17
56 99
112 205
922 96
60 496
334 557
759 923
868 459
123 778
292 511
88 973
13 75
774 453
102 435
284 110
462 747
149 625
19 604
177 131
705 447
401 347
30 106
384 852
697 666
970 12
362 633
649 287
355 129
152 796
854 216
928 731
507 686
170 693
818 873
141 646
501 591
210 737
375 232
275 465
142 991
427 625
626 179
864 882
379 7
90 59
627 576
540 824
205 553
738 375
203 639
455 824
377 835
882 978
342 752
766 827
984 224
530 31
411 322
291 992
781 508
526 800
533 868
962 107
655 592
460 461
350 236
13 148
523 788
424 532
468 328
648 58
548 903
673 510
333 678
626 152
878 137
940 486
927 653
986 716
573 576
796 510
713 402
393 264
853 996
259 882
191 220
15 228
763 703
450 699
902 85
833 881
24 109
627 417
481 793
135 740
521 265
293 317
888 873
260 734
788 118
61 584
313 173
410 912
995 734
537 354
774 902
799 754
249 743
528 930
163 852
207 438
687 770
8 60
775 528
955 877
410 822
650 555
590 421
184 95
281 545
95 816
420 539
723 6
194 25
170 829
189 176
489 704
642 526
260 328
466 907
546 80
378 390
577 503
327 739
724 795
124 955
750 351
80 304
799 500
101 443
862 18
893 65
694 237
751 947
349 173
695 802
938 607
530 37
488 644
172 647
398 642
168 398
546 172
211 385
294 916
570 355
60 70
559 278
69 946
839 296
599 670
171 683
362 808
547 700
354 416
653 185
91 897
571 437
367 115
713 658
615 986
159 227
989 103
186 859
73 825
544 129
211 507
699 140
973 279
502 286
538 526
773 713
797 697
725 37
713 274
539 898
122 614
823 303
338 270
610 550
317 439
227 839
224 169
408 886
855 915
829 410
406 160
664 789
267 136
590 901
778 523
405 241
394 447
675 490
106 182
183 943
581 931
418 240
111 159
945 794
672 100
411 958
110 632
284 536
794 932
359 554
108 100
45 422
128 251
428 677
601 821
848 11
125 663
99 378
714 712
33 527
459 244
185 265
601 65
275 201
100 131
336 335
800 131
676 530
943 834
705 484
649 919
83 360
622 235
342 826
505 670
499 544
610 304
820 811
725 377
676 906
157 794
593 583
892 840
500 301
961 70
780 939
443 259
59 27
455 287
165 169
102 990
879 778
396 345
77 977
341 762
496 456
369 418
552 62
193 38
100 93
476 828
516 782
526 945
236 148
372 255
203 401
413 121
851 125
503 432
727 645
764 719
937 180
608 497
754 233
681 747
440 797
180 193
563 692
78 469
686 441
570 884
957 705
540 440
40 198
915 921
867 559
55 468
294 45
69 507
155 385
431 77
251 682
573 831
131 626
464 692
613 482
822 171
512 856
348 495
20 319
812 517
827 530
70 149
726 193
836 313
525 742
244 96
590 327
626 977
375 91
900 522
860 996
410 769
894 459
109 98
289 900
853 275
106 956
48 225
239 142
95 388
777 509
70 654
384 884
974 602
529 621
996 698
634 111
364 183
371 145
540 368
274 120
519 683
502 122
437 151
797 924
285 348
542 709
583 499
73 886
682 841
97 639
891 908
578 171
424 954
96 352
518 974
741 172
829 213
484 12
590 740
997 238
881 119
938 792
710 588
262 119
126 372
122 342
819 471
193 259
53 317
816 903
822 215
583 7
511 298
851 425
580 960
24 408
306 130
403 704
440 481
839 383
940 245
660 299
846 839
695 76
568 468
748 272
693 781
496 336
785 844
857 817
327 171
95 71
886 862
70 842
67 309
247 516
198 147
603 992
972 946
701 849
674 190
672 754
453 861
50 403
612 197
142 101
112 169
519 836
422 915
823 165
775 950
700 804
86 369
350 835
255 237
239 7
954 697
271 848
428 660
347 506
75 344
465 813
234 945
869 512
178 977
456 16
236 953
629 636
780 815
799 707
858 515
333 590
841 59
651 619
419 297
721 668
259 598
614 989
679 885
345 140
884 175
263 773
109 444
746 84
725 46
318 697
540 349
592 244
773 428
50 498
748 909
448 981
236 156
461 246
862 390
867 136
519 168
419 79
950 138
37 509
127 938
107 339
792 678
580 420
65 331
366 571
288 207
885 760
87 661
777 190
931 576
933 197
938 491
427 784
292 280
489 889
155 908
108 9
380 814
415 542
540 17
189 684
70 202
310 761
777 211
389 621
497 784
290 546
611 414
264 914
806 694
517 353
798 888
111 1
233 913
817 515
766 608
355 882
948 514
498 662
720 564
245 219
35 279
131 279
598 494
266 438
16 747
422 981
779 4
799 862
577 199
307 900
504 874
614 825
149 895
269 898
805 79
524 987
846 603
360 350
130 862
392 991
641 743
608 813
977 728
781 72
395 750
903 625
911 534
238 807
101 630
550 880
55 180
838 33
441 593
294 427
374 791
74 697
684 544
838 94
471 640
601 133
996 560
709 627
14 592
620 553
52 170
108 924
974 323
237 298
138 465
536 86
693 955
843 487
851 989
560 66
774 332
141 637
756 685
54 529
655 385
271 716
125 161
195 803
528 35
919 631
319 792
678 177
234 235
194 622
953 977
357 429
963 685
758 108
471 699
557 375
288 622
738 748
665 618
731 296
635 13
205 25
948 109
115 238
597 519
988 394
18 15
402 653
693 347
263 242
419 471
184 575
804 865
581 729
180 342
863 486
357 669
540 658
857 189
788 2
73 853
966 394
881 428
119 440
296 77
1 513
292 482
67 358
117 957
205 741
640 683
972 342
500 903
978 200
553 477
13 782
375 179
187 870
704 450
212 910
326 947
961 906
783 963
722 673
135 258
110 551
639 824
810 100
620 891
109 493
665 223
813 879
136 95
999 926
295 691
210 163
631 575
258 151
74 645
991 993
281 905
21 979
878 299
187 732
385 360
877 684
199 126
794 716
635 960
163 334
346 754
298 691
767 860
498 791
621 686
328 922
55 37
73 77
614 269
907 827
401 308
435 419
629 459
820 499
967 388
922 75
972 836
526 566
32 619
226 275
210 255
870 818
772 116
302 670
71 260
210 44
559 331
160 81
223 135
945 441
154 43
909 925
510 467
27 948
779 811
995 39
578 498
807 476
320 530
47 24
703 108
760 695
88 807
578 206
179 69
718 846
161 431
819 758
991 13
27 998
748 630
462 627
536 593
696 104
824 745
612 168
454 365
593 175
80 189
564 95
176 887
768 344
98 282
921 777
335 572
479 413
738 102
291 265
909 355
309 550
555 594
581 39
161 715
863 938
678 827
551 992
126 709
156 338
138 873
490 865
755 957
728 9
675 510
89 716
575 158
731 496
738 984
753 347
619 576
977 282
495 980
122 573
203 170
500 369
47 188
446 433
684 436
397 793
195 748
47 446
647 909
710 557
924 718
230 513
403 672
796 23
650 569
5 321
824 37
249 256
454 303
931 806
27 516
600 298
501 826
603 50
102 774
400 521
972 933
958 937
93 102
167 693
19 88
337 185
363 458
334 362
879 918
8 222
201 168
148 14
793 681
110 724
704 628
161 327
432 605
249 860
382 929
324 718
812 58
954 263
602 381
955 547
146 416
26 317
426 72
193 594
988 326
393 481
115 114
573 907
728 213
897 456
953 902
342 290
881 709
593 524
213 968
171 419
897 43
949 980
976 621
659 368
994 835
391 609
356 329
163 544
49 742
218 843
640 72
305 845
483 321
871 93
947 913
855 15
438 894
175 156
360 911
153 562
436 596
935 104
801 793
485 908
91 82
8 530
908 414
512 466
780 13
975 585
327 623
143 90
960 813
436 904
247 928
744 348
837 35
314 525
524 888
883 663
857 599
629 651
940 270
880 631
71 408
486 86
484 32
977 456
317 981
882 169
436 297
824 747
840 215
135 464
49 303
809 473
152 858
475 757
326 607
115 417
547 808
839 919
623 796
135 468
730 838
280 171
100 452
25 975
810 281
798 740
749 416
720 637
905 483
311 630
190 191
522 776
163 992
81 412
384 335
289 316
779 136
531 655
331 568
76 960
648 525
41 210
830 106
439 514
971 972
681 296
464 696
273 616
936 553
326 907
969 933
413 497
562 494
959 882
533 263
259 781
181 696
509 699
575 27
572 709
963 301
956 21
624 904
698 757
673 66
953 253
576 243
483 179
404 783
404 411
398 428
120 202
465 39
509 428
19 451
555 522
796 624
954 860
563 150
678 75
806 99
699 892
956 308
217 95
280 217
277 321
600 716
864 107
90 260
711 737
558 108
606 150
806 294
889 225
624 336
19 423
738 766
176 207
427 49
525 597
531 68
432 749
601 618
420 851
27 548
171 384
724 958
938 369
560 260
901 652
295 558
640 146
791 953
387 197
438 931
103 85
955 569
454 556
163 251
390 664
970 555
471 611
913 974
846 485
139 962
717 976
231 653
115 751
297 456
300 93
631 574
342 405
584 921
727 398
946 929
73 353
872 456
855 223
202 80
88 815
820 458
53 790
373 833
884 149
370 213
978 287
251 174
401 571
758 129
310 402
74 354
474 614
271 308
110 100
458 393
240 737
125 118
570 603
804 451
285 710
445 392
2 245
895 170
714 294
542 136
894 769
123 31
731 861
851 139
235 542
561 96
884 603
647 481
745 134
880 531
361 300
805 706
342 853
278 124
910 876
604 583
678 332
383 968
160 247
243 137
710 547
434 963
761 642
719 51
950 434
821 458
311 488
810 425
4 957
254 876
541 388
891 527
42 374
519 583
385 683
216 817
871 705
715 66
151 235
672 108
39 58
50 190
566 457
751 71
163 599
879 68
829 904
688 293
393 469
810 736
354 797
346 557
879 224
165 290
747 855
495 228
761 551
40 503
865 689
387 760
533 780
775 479
939 52
85 733
533 907
785 740
450 409
205 107
943 283
580 281
161 772
767 863
765 464
9 41
625 351
843 609
526 737
241 884
524 935
650 942
528 336
322 201
70 554
788 775
821 512
152 861
943 100
979 29
219 15
177 889
712 546
54 867
46 29
70 299
100 186
398 953
815 321
558 360
812 614
958 514
760 851
592 588
474 642
995 198
225 369
841 10
665 107
645 829
816 897
886 686
990 503
113 578
940 118
755 977
255 200
489 567
209 418
786 870
199 767
642 367
335 795
830 365
824 631
281 871
863 985
583 864
409 771
820 558
639 650
184 928
34 708
630 874
349 123
411 479
826 844
854 458
922 998
106 893
31 81
490 130
429 60
878 124
405 288
971 683
93 514
897 237
781 372
147 731
88 686
722 230
544 98
437 727
601 780
889 654
818 178
317 848
153 803
7 921
688 65
182 257
869 559
460 510
95 271
873 673
608 875
360 238
87 549
468 38
407 102
674 552
652 150
718 454
83 639
10 679
395 983
123 968
261 254
94 129
633 579
486 648
12 726
487 819
461 414
333 748
502 568
602 87
715 72
339 616
809 474
260 883
757 834
58 866
192 575
893 595
250 536
384 625
167 75
84 617
627 418
932 717
593 856
130 18
287 932
276 188
378 382
252 621
936 564
47 513
978 198
97 239
685 784
896 687
29 965
522 610
432 962
821 607
744 65
127 766
448 82
874 325
553 555
769 343
861 703
350 11
876 822
703 771
107 99
988 741
221 114
86 628
206 745
465 996
438 846
311 578
928 652
559 705
88 583
771 448
844 997
969 777
444 130
254 689
494 828
217 516
403 41
500 888
784 72
739 969
78 423
204 593
841 591
570 911
974 899
518 432
245 235
668 701
320 340
452 348
780 253
128 638
132 479
381 471
920 181
414 417
341 979
544 321
730 22
538 562
992 289
321 75
270 811
496 555
516 979
664 611
105 690
647 812
286 218
95 661
601 210
412 2
272 266
344 703
429 285
727 589
376 801
370 759
527 631
871 884
834 293
761 991
696 812
771 215
203 554
912 88
777 79
892 18
416 979
388 765
65 950
205 47
301 532
921 261
912 722
688 361
242 420
237 244
91 536
9 139
556 137
136 729
44 446
36 792
125 484
516 488
483 718
32 509
683 65
264 158
832 249
612 284
809 396
224 330
568 230
788 30
503 100
669 177
25 749
248 416
57 458
812 645
290 154
898 627
598 481
14 12
222 676
860 960
107 232
183 884
195 108
227 800
407 126
738 575
720 580
941 609
523 281
630 522
157 984
791 712
389 917
432 67
830 864
790 657
351 210
712 414
625 356
955 842
416 309
391 751
863 846
237 175
991 948
792 858
168 618
594 685
219 488
714 182
592 824
164 821
803 936
681 821
425 514
323 899
227 853
627 991
559 960
633 115
19 961
42 810
291 820
996 644
783 736
696 323
465 719
94 393
65 444
326 411
292 806
172 46
88 136
51 12
719 970
455 323
666 908
476 563
869 370
392 41
776 768
939 50
391 42
449 551
114 493
769 120
658 81
272 462
463 828
958 667
263 878
774 310
452 690
320 127
759 603
471 989
207 689
291 113
653 851
284 416
202 702
894 728
690 844
649 826
116 613
179 571
367 703
935 553
166 357
628 225
338 888
655 926
338 231
638 831
620 784
769 756
627 442
183 448
215 148
828 161
431 532
730 661
355 291
245 461
750 369
599 809
219 392
683 953
249 1
660 601
756 590
327 656
439 801
574 500
291 232
498 439
970 179
243 265
392 856
50 490
960 767
923 830
429 246
435 55
348 65
381 51
694 424
104 621
607 721
440 669
940 172
128 27
371 863
566 355
449 7
67 394
143 179
47 408
660 815
256 381
924 206
963 414
739 643
329 693
255 328
894 638
55 383
106 211
112 886
230 538
360 59
113 45
186 774
908 194
25 736
999 401
426 354
135 873
499 519
707 176
390 722
398 330
683 577
171 412
125 428
798 510
118 139
942 169
921 972
150 372
289 850
101 963
538 66
150 466
86 259
450 387
627 579
76 513
42 704
623 406
648 215
523 487
640 440
676 334
60 387
608 877
736 594
497 911
557 482
158 870
639 505
624 215
727 791
399 5
688 904
286 364
353 994
75 419
336 799
403 959
959 138
470 700
599 146
626 807
184 793
331 563
632 387
825 268
878 338
127 277
162 997
474 440
962 785
177 976
333 579
439 582
995 492
210 386
215 739
673 178
230 135
272 516
372 394
892 154
778 943
196 487
182 801
485 630
19 373
632 720
864 765
388 610
780 744
529 818
122 550
269 923
655 913
307 797
22 613
700 683
95 256
619 524
197 111
127 464
523 567
613 484
930 561
157 535
283 15
643 536
699 190
976 170
904 961
668 156
192 905
373 275
604 721
391 599
977 511
756 831
868 846
159 253
275 607
135 240
644 504
226 427
654 520
745 69
662 564
255 533
969 957
267 94
499 916
296 724
796 144
594 867
354 227
160 670
723 854
819 599
56 401
592 41
527 370
437 11
961 298
624 727
854 901
394 730
424 964
350 661
676 41
850 198
292 474
747 871
458 757
447 668
716 817
123 690
256 479
302 318
977 952
562 352
521 266
134 63
9 573
389 718
263 939
788 519
463 123
506 821
942 331
180 907
708 252
614 308
715 399
148 932
348 62
316 914
566 271
447 246
74 856
20 150
486 192
245 306
204 194
433 889
559 796
193 158
947 527
893 300
424 716
807 210
53 833
68 248
439 552
438 85
431 34
189 286
772 323
326 439
722 548
909 158
565 248
382 40
6 90
475 226
723 220
112 191
254 283
205 590
98 549
721 191
59 274
324 692
220 652
248 910
863 357
21 865
351 748
514 678
124 40
414 500
122 55
613 330
988 232
309 961
297 229
886 880
206 998
994 501
585 339
219 958
161 419
213 27
789 599
711 579
571 844
912 351
273 629
790 20
377 837
255 513
21 36
150 491
808 951
780 776
213 529
826 727
375 700
177 194
937 350
715 165
173 147
382 799
308 989
425 444
987 487
44 586
399 23
874 427
355 942
32 895
786 291
594 690
818 629
896 780
360 651
885 119
820 162
41 583
66 401
426 417
742 114
782 720
209 371
691 428
518 814
654 80
57 273
7 353
297 528
357 262
362 574
785 706
858 518
33 516
980 13
52 846
331 113
784 787
803 215
762 838
980 439
217 383
590 131
306 476
535 493
103 625
692 706
132 636
742 73
386 408
8 98
144 617
153 166
213 723
756 447
341 221
165 533
235 4
442 778
144 74
104 491
344 509
189 900
107 489
241 275
255 601
565 514
88 461
600 311
540 258
96 392
390 614
571 469
390 141
144 423
649 869
375 852
846 984
138 172
128 571
167 323
838 218
726 791
696 406
492 4
411 808
617 228
54 426
394 39
829 491
704 443
408 82
112 659
197 700
420 28
960 839
664 929
256 336
484 8
629 289
853 862
861 708
569 81
159 584
641 931
514 463
632 232
861 54
314 675
678 686
628 131
893 72
778 148
655 962
401 447
134 85
800 271
885 394
169 796
832 459
892 124
176 674
218 275
448 230
823 36
371 312
550 873
56 206
995 690
283 302
529 12
262 233
673 803
910 19
466 146
871 302
27 228
652 267
128 385
248 495
78 990
349 600
991 883
867 627
239 747
366 749
47 588
511 355
946 667
905 678
559 911
728 251
875 496
869 797
534 227
227 662
540 304
828 563
42 13
993 327
681 319
26 953
446 940
457 693
931 239
692 153
748 752
69 284
767 249
948 590
621 913
858 846
59 633
894 697
18 566
38 392
23 731
986 108
446 90
522 949
530 635
693 896
763 249
624 5
421 473
580 651
579 376
319 373
786 108
815 236
36 599
770 141
368 201
985 846
650 207
775 550
226 612
227 572
317 167
450 532
264 249
466 216
50 952
663 229
362 858
979 749
644 858
730 128
4 791
152 724
900 221
662 518
53 216
412 967
347 534
332 360
133 844
996 134
859 119
327 545
555 403
273 661
906 85
72 40
457 544
168 703
83 900
553 380
210 919
312 3
716 860
5 635
233 738
786 153
733 244
302 66
711 138
825 885
683 157
896 660
816 225
751 427
930 58
622 920
552 609
447 144
578 473
63 393
168 841
657 74
631 45
207 693
622 416
318 891
579 560
822 653
792 586
147 8
804 894
639 143
139 19
524 423
24 948
952 475
446 341
520 944
877 154
498 139
935 438
942 875
369 656
876 898
824 955
624 856
549 902
67 326
989 127
218 155
609 387
129 164
322 871
909 392
198 91
861 273
309 40
654 40
618 984
551 574
569 219
462 695
552 702
691 905
582 697
862 893
498 24
547 701
818 124
948 95
902 193
293 437
137 506
144 196
717 599
714 141
735 646
484 421
80 972
990 256
561 698
977 365
498 701
788 581
114 663
877 513
211 9
185 252
985 554
581 372
95 714
853 124
614 690
481 675
67 741
966 781
14 410
822 541
864 165
657 199
88 983
912 480
159 933
655 992
50 12
491 775
276 603
781 850
183 161
823 425
153 80
415 165
431 493
296 180
901 119
895 984
235 426
383 345
628 859
147 693
720 174
252 292
505 691
13 923
702 615
466 639
865 934
923 851
638 478
380 632
295 69
579 857
493 525
253 390
422 486
852 766
181 544
977 466
465 929
116 470
273 596
926 643
72 81
315 514
258 710
646 366
555 355
783 601
924 209
613 677
607 25
42 753
635 85
197 48
242 873
831 801
879 77
745 88
314 170
229 764
248 871
170 85
585 63
351 73
352 91
897 615
643 173
294 478
921 102
482 592
528 883
14 562
596 916
692 912
485 530
59 94
33 14
469 389
490 772
675 990
119 808
152 99
756 373
668 175
428 857
918 761
176 266
493 479
865 986
130 762
83 704
821 894
408 711
526 161
310 904
492 258
521 108
766 88
654 128
344 62
14 848
181 692
407 257
892 453
43 742
168 413
984 564
191 233
827 54
43 472
820 636
77 692
339 358
52 637
109 13
653 318
546 824
160 49
290 338
571 647
452 933
20 763
110 739
543 401
183 4
444 230
492 815
886 542
229 654
422 506
391 126
333 813
445 999
613 233
3 773
327 817
426 210
35 27
969 805
711 476
531 645
312 138
881 161
381 577
453 528
520 844
60 114
442 995
768 142
938 61
112 62
54 488
325 21
644 105
303 870
170 835
21 405
103 628
247 386
582 482
145 586
106 197
531 991
884 585
589 771
77 343
327 687
836 320
297 711
957 59
849 892
72 248
916 178
529 419
211 619
522 210
568 993
328 446
182 366
867 228
464 905
983 387
600 130
320 101
258 157
784 226
283 727
734 444
913 653
968 583
660 318
63 837
228 448
31 845
829 484
124 862
747 673
143 291
446 545
828 998
416 369
744 75
608 291
167 436
44 636
626 728
420 506
257 577
389 667
467 880
814 58
611 9
199 940
577 597
487 972
770 172
720 380
338 140
200 662
714 565
696 684
396 239
237 520
828 306
672 253
61 445
2 284
993 322
25 367
51 605
706 757
957 493
879 35
631 157
754 209
783 280
944 328
162 588
121 116
648 146
461 427
576 128
190 25
209 612
190 97
6 918
476 153
868 844
872 615
846 852
21 285
336 724
861 104
856 39
56 47
372 28
749 748
944 206
502 453
342 971
274 502
561 946
918 145
11 851
653 903
619 994
721 903
817 918
324 657
659 67
695 543
733 307
403 944
581 882
33 324
407 187
234 116
100 724
27 81
987 954
851 600
999 93
465 618
852 723
117 985
232 710
969 604
406 22
571 113
927 862
336 608
688 199
536 839
788 296
80 387
446 239
918 220
546 873
61 638
109 296
444 840
539 323
297 584
551 877
558 742
573 69
871 666
405 92
850 578
223 675
856 241
103 654
606 893
223 181
961 967
477 903
747 479
449 418
75 16
592 748
840 281
522 683
297 69
439 711
88 54
675 22
417 99
876 539
215 485
325 559
635 179
762 118
407 226
311 749
659 367
249 526
859 978
900 255
279 589
833 354
377 50
397 480
983 259
888 720
145 414
615 506
170 53
223 295
932 457
791 819
977 161
243 49
870 102
273 782
564 205
152 95
307 190
19 567
57 701
878 623
865 97
573 731
211 107
49 714
396 636
612 264
680 609
487 162
762 989
207 484
321 596
468 904
781 582
222 919
933 376
730 273
980 984
348 105
603 601
192 829
29 266
387 162
74 793
972 687
492 467
561 707
725 428
372 720
217 712
805 146
397 724
52 525
424 451
678 835
478 651
817 436
332 258
973 246
641 648
690 998
263 978
623 227
108 495
287 143
962 933
3 390
815 57
344 614
482 555
468 428
954 352
544 973
213 976
386 27
48 291
235 351
175 399
59 288
451 384
785 875
40 636
882 421
870 636
767 275
955 583
764 765
640 971
130 368
724 684
285 803
102 151
984 939
580 283
455 322
447 802
136 460
100 801
947 114
878 334
119 911
929 350
73 284
619 946
70 86
300 269
549 843
289 994
996 898
879 650
552 31
485 69
931 904
992 128
949 587
488 514
643 304
630 100
950 681
159 495
272 867
97 978
645 520
849 433
162 41
392 742
277 425
911 405
200 188
997 909
769 896
912 414
136 183
347 170
857 639
586 48
563 337
748 233
399 490
959 414
568 245
347 137
899 972
376 593
230 288
343 105
58 423
664 87
713 686
971 477
695 732
515 780
775 338
767 684
379 812
577 303
705 361
177 861
268 77
81 988
209 157
925 487
31 336
855 84
102 441
374 215
96 353
328 852
710 149
355 404
580 587
265 597
190 543
524 257
970 151
931 568
158 901
378 650
189 527
605 778
196 718
105 11
192 913
981 116
815 821
605 389
41 166
359 540
991 262
390 626
468 294
509 677
797 133
374 574
169 350
825 642
661 497
869 855
55 666
255 370
840 540
47 456
505 244
444 363
895 737
982 683
873 521
444 419
463 228
56 411
883 190
200 652
609 311
236 83
209 484
551 879
936 618
315 691
648 206
635 435
881 707
284 231
350 864
891 754
955 743
264 27
479 167
33 311
495 598
123 576
859 654
983 449
845 751
493 585
830 561
689 948
366 837
569 50
316 408
861 303
438 919
342 25
775 42
725 448
726 718
329 389
687 427
129 834
861 605
173 487
688 61
723 516
671 503
268 552
153 991
311 654
311 893
44 587
10 484
394 609
996 473
85 917
267 410
909 340
698 839
63 274
759 920
526 349
435 918
82 218
523 117
289 583
861 369
80 221
525 465
162 200
840 112
5 920
625 150
304 858
100 62
109 783
876 949
305 77
704 158
64 930
431 219
102 733
3 638
431 678
175 30
763 447
571 840
161 681
149 43
660 286
621 10
49 454
15 663
397 549
720 635
961 130
116 961
884 376
645 525
881 951
453 499
37 962
578 673
679 417
22 229
781 80
610 809
792 253
689 561
345 759
48 686
927 945
814 198
704 579
443 680
690 924
641 66
478 191
957 683
691 41
589 936
899 358
131 104
141 740
572 744
89 22
191 379
246 530
754 57
62 158
150 639
608 53
803 962
660 731
609 371
749 801
389 739
189 312
810 167
363 550
518 57
978 798
240 250
835 749
646 863
223 576
343 693
120 328
531 776
905 699
486 292
146 954
370 383
357 126
817 519
603 555
227 146
546 955
173 66
103 567
17 778
327 465
860 520
36 762
935 57
113 535
813 850
411 909
194 736
807 702
938 602
355 782
437 490
426 175
56 96
242 968
394 467
249 678
282 701
640 717
782 549
857 134
438 338
288 604
331 733
53 124
288 294
430 230
167 944
830 426
726 739
554 973
954 936
999 688
575 776
352 961
841 350
483 372
832 512
158 439
624 669
336 10
937 842
3 480
239 792
960 654
110 397
784 273
1 132
71 264
248 234
313 787
428 501
904 669
658 578
518 287
910 184
275 178
115 52
41 585
676 702
473 844
756 424
709 139
449 529
768 196
699 708
109 433
800 703
999 941
58 272
451 539
689 380
803 519
66 325
824 491
117 569
179 749
566 654
701 980
77 656
720 147
571 826
451 160
842 44
475 377
804 416
354 559
589 975
988 824
471 531
902 711
872 180
660 865
403 19
325 441
765 251
511 507
141 692
544 123
649 336
103 980
996 683
568 166
416 908
872 564
479 560
929 39
193 41
57 912
561 482
681 873
607 763
75 59
400 335
319 905
305 858
457 163
378 146
467 336
141 522
704 0
956 764
212 159
342 353
177 294
338 498
722 509
179 820
844 69
1 390
380 22
303 856
428 219
718 892
518 45
49 424
30 138
586 121
535 566
602 647
57 295
329 919
159 511
322 118
33 212
122 192
178 785
93 721
602 273
351 135
80 965
409 65
822 835
546 124
819 308
178 762
539 869
168 539
357 968
510 508
129 213
580 938
317 796
837 205
550 334
604 387
286 51
480 862
542 275
745 343
359 43
218 110
638 26
450 979
285 784
631 749
182 586
443 121
251 343
939 725
933 253
757 687
90 696
329 380
325 126
453 228
603 735
253 850
743 845
299 226
576 350
321 85
569 671
596 499
57 278
302 762
639 1
134 285
196 913
184 831
426 374
718 368
373 198
660 169
360 927
985 148
920 168
564 185
961 303
63 68
258 38
908 215
781 667
704 417
377 322
339 316
735 105
475 79
169 101
742 784
999 226
616 463
861 11
751 921
836 813
524 692
759 54
969 652
414 833
617 464
217 694
932 317
683 147
789 60
247 507
944 276
829 134
335 806
865 321
93 905
437 797
364 885
878 39
292 945
820 298
418 589
293 988
746 538
869 756
2 537
743 285
180 391
188 827
350 682
90 183
212 769
708 776
562 28
928 977
957 704
174 85
544 269
473 239
203 944
597 374
32 874
828 976
325 610
922 889
781 759
187 236
599 771
173 43
493 732
893 113
933 387
727 818
923 584
98 483
83 256
982 229
728 214
47 495
618 315
976 287
779 744
214 428
719 657
104 774
78 652
545 151
318 16
402 973
493 464
803 635
861 734
54 62
37 256
427 464
359 643
962 993
493 113
564 321
96 954
756 374
949 370
790 875
444 988
745 575
523 422
479 844
967 439
78 968
135 821
121 67
716 644
64 683
261 917
552 465
397 953
983 867
123 830
755 167
105 572
145 668
454 636
415 260
665 751
696 628
353 746
934 389
549 91
345 706
142 303
829 538
327 724
248 472
932 488
392 981
832 93
799 234
819 261
409 746
518 565
793 295
536 181
192 224
602 192
128 90
292 265
343 660
665 76
651 942
290 20
736 675
449 144
782 66
248 896
831 900
682 492
885 75
83 131
887 342
884 904
68 387
687 352
491 868
195 731
165 185
874 674
12 706
650 884
840 269
704 296
839 375
453 581
167 127
120 530
775 588
134 323
532 659
104 717
479 53
944 378
249 601
572 199
753 338
72 379
432 823
625 897
860 707
973 531
968 504
791 358
256 520
311 873
32 555
62 170
144 361
726 941
870 157
203 875
614 380
118 248
361 690
704 299
173 261
794 152
905 43
677 37
537 202
818 893
686 397
128 468
781 398
928 585
939 723
874 970
714 502
206 766
998 613
353 696
744 703
140 590
437 69
548 525
260 958
363 941
479 815
188 184
696 921
939 135
117 330
214 67
343 991
896 250
140 706
300 275
997 732
485 163
892 23
836 123
810 153
333 227
326 308
179 367
553 902
555 574
936 95
182 486
880 280
587 702
84 595
154 136
763 694
872 120
233 396
77 433
606 369
519 638
180 670
360 410
605 217
734 741
388 671
435 155
542 640
294 168
919 846
554 174
719 90
790 174
260 227
976 342
833 406
830 55
672 730
784 796
315 709
192 90
109 90
833 433
281 609
867 931
680 252
935 419
970 685
815 14
181 576
28 466
202 868
525 924
454 158
281 343
327 242
128 249
993 11
925 363
697 406
809 350
303 747
836 346
696 793
527 646
82 241
632 5
396 2
656 511
342 711
311 300
327 403
171 288
584 426
318 266
474 538
305 724
63 671
993 311
277 271
261 482
264 305
386 583
205 624
177 452
621 482
27 433
46 608
891 281
495 326
671 601
234 795
956 168
264 706
44 411
651 144
28 165
623 936
685 462
96 787
615 493
144 928
66 899
989 427
414 575
821 431
157 395
167 727
963 185
920 606
757 581
793 139
801 226
961 33
10 90
870 67
966 52
26 495
893 636
347 269
542 375
471 925
736 501
692 844
736 772
356 899
123 666
907 856
277 746
837 467
181 103
817 691
907 91
439 713
706 812
787 708
268 586
975 71
252 654
250 218
406 538
359 242
164 842
194 423
530 29
520 770
671 574
205 460
244 408
259 579
505 658
494 904
394 955
186 973
167 685
244 969
469 413
841 304
324 520
122 228
422 567
475 842
865 469
496 309
180 130
921 8
99 989
233 844
160 547
726 447
5 371
840 324
104 418
554 916
759 221
858 389
724 790
24 820
262 929
77 564
692 118
712 118
776 839
612 427
711 811
172 291
42 515
364 964
651 877
238 770
855 520
331 64
326 602
267 615
316 323
3 614
634 43
506 294
666 449
194 684
440 963
59 696
466 403
654 207
672 968
647 580
334 820
265 850
8 820
59 770
877 351
581 368
508 106
999 166
603 340
651 404
946 433
649 232
996 297
325 435
8 115
372 282
646 111
103 897
994 297
819 507
527 504
619 399
732 310
320 533
589 538
177 16
540 784
812 43
787 254
460 373
885 3
528 915
54 799
165 914
999 139
520 954
389 168
502 802
73 95
713 907
569 573
600 582
98 337
450 37
566 60
394 197
174 978
8 440
981 653
38 313
52 976
283 499
865 622
180 725
66 191
786 135
569 954
883 915
896 207
391 286
847 375
870 703
76 574
945 611
109 773
716 977
310 482
310 681
570 415
348 947
137 781
831 299
491 505
719 259
476 704
116 117
541 279
709 786
912 953
154 78
758 644
673 113
853 525
61 547
3 847
132 623
79 949
202 395
544 345
468 101
675 578
960 747
90 438
927 284
910 678
37 24
226 715
621 792
733 55
892 966
283 605
431 236
0 721
424 831
463 340
489 424
813 306
410 368
366 29
308 177
191 25
312 589
547 278
240 811
523 286
124 30
516 119
993 782
869 233
839 531
999 784
953 198
954 388
461 132
212 84
126 328
472 774
412 857
622 794
576 38
935 12
475 963
161 241
55 371
361 818
423 897
81 710
860 571
929 727
977 485
774 359
852 150
357 71
31 249
173 168
649 35
12 593
243 70
482 896
306 509
179 910
96 762
703 375
840 148
704 114
57 404
8 608
659 530
373 611
544 759
22 550
612 749
413 798
247 76
40 836
987 724
398 830
113 184
759 538
279 148
728 980
324 505
830 974
160 331
794 86
666 215
22 141
373 239
138 802
804 409
65 50
232 626
846 630
249 839
136 468
280 117
984 37
594 148
897 712
909 26
93 207
596 106
403 184
239 911
80 631
263 732
441 195
194 509
639 961
702 590
825 591
888 932
824 203
361 956
267 933
116 411
859 948
539 360
960 468
501 167
194 952
588 236
360 729
127 595
351 219
969 508
265 567
762 742
157 848
723 499
91 715
924 120
287 910
557 559
46 799
57 756
664 159
989 722
790 10
63 233
732 749
683 955
522 669
372 937
981 475
-1 39858 -1 -1 -1 -1 -1 -1 -1 -1 -1 -1 -1 -1 -1 -1 1945 -1 -1 -1 -1 14726 -1 -1 -1 -1 -1 -1 -1 -1 9507 -1 -1 -1 -1 -1 -1 -1 40996 -1 -1 -1 -1 -1 -1 -1 -1 -1 -1 -1 -1 -1 -1 -1 -1 37844 -1 56356 -1 -1 57451 -1 -1 -1 -1 -1 -1 34826 -1 -1 -1 9514 50205 -1 -1 -1 35696 -1 -1 -1 -1 -1 -1 -1 12474 -1 -1 -1 -1 -1 33408 -1 -1 -1 -1 -1 -1 -1 -1 2522 -1 -1 -1 -1 -1 10930 -1 -1 -1 -1 -1 -1 -1 -1 -1 -1 -1 -1 -1 -1 -1 34388 -1 -1 -1 -1 -1 -1 30851 -1 -1 -1 -1 -1 -1 -1 -1 19295 64658 -1 -1 -1 -1 55195 43859 -1 -1 51605 48167 -1 -1 -1 -1 19998 -1 -1 -1 -1 -1 61688 -1 -1 -1 -1 -1 -1 -1 -1 -1 -1 -1 1248 -1 -1 61536 -1 11196 4942 -1 -1 25755 -1 -1 -1 -1 -1 -1 -1 -1 -1 43315 -1 -1 -1 -1 -1 -1 -1 1546 49204 -1 -1 -1 -1 -1 -1 -1 32779 -1 -1 -1 -1 -1 -1 -1 -1 -1 -1 -1 -1 15327 -1 -1 -1 -1 -1 -1 -1 15655 56579 -1 -1 -1 -1 -1 -1 -1 -1 -1 25417 -1 -1 5721 -1 34133 -1 -1 -1 -1 10243 -1 44054 -1 -1 51015 -1 -1 -1 -1 -1 -1 -1 -1 -1 3812 -1 -1 -1 -1 -1 -1 -1 58585 -1 -1 -1 -1 -1 -1 -1 -1 55435 -1 58213 -1 -1 -1 18693 -1 -1 -1 -1 -1 -1 -1 -1 6052 -1 -1 -1 -1 -1 -1 -1 -1 48708 -1 43116 -1 -1 -1 -1 -1 -1 -1 17299 -1 -1 -1 -1 -1 58013 3609 57740 31109 -1 42126 -1 65407 -1 16962 19246 -1 45914 -1 -1 -1 -1 -1 53200 -1 -1 -1 30694 -1 -1 -1 30099 -1 -1 -1 -1 -1 -1 20365 -1 -1 -1 31778 -1 -1 -1 35146 -1 -1 5857 -1 -1 -1 -1 -1 -1 -1 -1 -1 -1 -1 -1 -1 -1 -1 -1 -1 -1 -1 -1 -1 38620 -1 60727 13747 -1 -1 -1 5622 -1 43548 -1 -1 -1 62203 -1 -1 64531 -1 -1 -1 -1 -1 -1 -1 -1 9077 -1 -1 -1 -1 -1 -1 18019 -1 -1 -1 -1 -1 -1 -1 21721 -1 -1 -1 -1 -1 -1 -1 -1 -1 -1 -1 -1 -1 -1 -1 -1 -1 54791 -1 40051 -1 -1 -1 -1 -1 -1 -1 23386 16500 -1 -1 -1 -1 -1 -1 -1 -1 -1 23514 -1 46117 -1 -1 62650 -1 -1 -1 44802 19211 37360 -1 -1 58099 -1 -1 -1 -1 -1 -1 -1 -1 -1 -1 -1 -1 -1 -1 -1 -1 -1 -1 -1 -1 -1 -1 -1 -1 58966 -1 -1 -1 -1 -1 -1 -1 -1 -1 -1 -1 -1 -1 -1 -1 -1 -1 -1 -1 -1 37147 -1 64927 -1 -1 -1 -1 -1 13630 -1 -1 -1 -1 -1 -1 -1 1444 -1 -1 37162 33381 6937 -1 -1 -1 -1 -1 49875 -1 -1 -1 46866 13376 -1 58900 -1 -1 -1 34593 -1 -1 -1 -1 -1 -1 -1 -1 13840 4600 -1 -1 24325 -1 18915 -1 -1 -1 -1 18163 -1 -1 -1 -1 -1 -1 -1 -1 -1 -1 17278 -1 -1 -1 -1 -1 -1 -1 -1 -1 -1 62862 -1 -1 9129 -1 -1 -1 -1 -1 -1 -1 -1 36329 -1 -1 4655 -1 4342 36200 -1 -1 -1 18317 -1 -1 -1 38008 -1 9316 -1 -1 54478 -1 -1 -1 34357 -1 -1 -1 -1 -1 -1 -1 -1 -1 -1 -1 -1 -1 -1 18082 -1 -1 -1 -1 6409 -1 -1 -1 -1 -1 -1 -1 -1 -1 64675 -1 -1 -1 -1 -1 15955 -1 -1 -1 -1 -1 -1 11467 35677 -1 34291 -1 -1 -1 -1 -1 -1 -1 48070 -1 -1 -1 34033 -1 -1 -1 -1 -1 -1 -1 55656 -1 32778 -1 -1 -1 24513 -1 -1 -1 31255 -1 -1 -1 54703 -1 -1 -1 -1 -1 -1 -1 -1 -1 -1 35820 -1 26840 -1 -1 -1 -1 -1 -1 -1 40307 -1 -1 -1 51318 -1 -1 -1 -1 -1 -1 -1 -1 -1 -1 -1 -1 -1 -1 39270 -1 -1 -1 -1 -1 32778 -1 -1 -1 -1 15044 55338 657 -1 51653 -1 -1 62579 -1 -1 -1 -1 -1 -1 -1 -1 -1 -1 54038 -1 -1 -1 -1 -1 -1 -1 -1 -1 -1 -1 -1 24545 48459 63178 -1 44024 -1 -1 12363 13031 -1 -1 -1 -1 -1 63579 -1 48431 -1 -1 -1 13142 -1 -1 -1 -1 -1 -1 -1 19783 -1 -1 -1 -1 -1 30687 -1 -1 -1 31656 22164 -1 -1 3204 13519 -1 -1 -1 -1 64518 -1 -1 -1 -1 -1 -1 32784 -1 -1 -1 57892 -1 -1 -1 -1 1790 -1 48679 -1 -1 -1 -1 53722 -1 -1 -1 -1 -1 42513 8813 -1 -1 -1 -1 -1 -1 -1 -1 8300 -1 13656 -1 -1 -1 -1 -1 -1 -1 59528 -1 -1 28443 -1 -1 32987 -1 -1 -1 -1 -1 -1 -1 19592 -1 -1 -1 -1 -1 -1 27850 -1 18883 -1 -1 59428 -1 -1 -1 -1 -1 -1 -1 -1 2228 -1 -1 -1 48624 -1 -1 -1 -1 -1 -1 63461 -1 52922 1249 -1 -1 -1 -1 59575 -1 52924 3819 -1 -1 -1 -1 -1 29353 -1 -1 -1 -1 -1 -1 -1 -1 -1 -1 -1 -1 -1 -1 -1 40713 -1 -1 -1 -1 -1 -1 -1 -1 -1 -1 -1 -1 -1 -1 -1 -1 41725 -1 -1 -1
6
1 326 10 258 0
1 859 14 886 12
1 200 8 18 9
1 37 4 50 5
1 862 10 153 7
0 390 11 465 9
