1000 5000
558 178
468 622
565 905
595 275
140 340
142 58
335 901
239 229
619 993
287 552
895 781
907 527
881 655
641 525
722 439
394 807
628 113
175 919
85 338
753 396
313 968
286 709
878 252
55 708
88 600
845 368
795 274
291 246
52 484
982 55
866 509
196 472
859 6
241 252
890 959
532 752
132 288
963 282
591 151
471 445
803 591
346 726
521 371
650 627
250 51
990 373
192 746
948 568
901 221
422 76
275 816
665 610
794 798
800 154
245 526
219 367
447 839
91 913
762 566
436 453
134 737
886 982
647 786
169 936
480 518
191 481
17 977
411 634
624 828
868 71
797 590
25 756
784 940
681 719
84 786
759 531
578 271
684 368
133 926
496 760
733 12
638 899
170 503
146 272
272 246
540 186
785 574
380 226
853 105
155 839
290 58
936 570
190 75
462 149
156 556
61 619
293 160
352 507
331 387
702 688
973 324
221 963
89 181
737 519
574 716
436 992
57 751
324 995
176 234
213 409
694 298
782 0
969 776
977 866
657 945
712 188
707 106
150 389
854 305
258 585
58 989
519 574
410 63
527 866
891 582
151 55
410 400
781 584
819 898
519 793
89 187
426 572
952 132
327 631
428 423
543 484
336 774
131 904
268 89
626 600
91 324
733 390
73 719
837 589
342 18
25 370
606 625
687 996
130 64
650 996
271 960
482 405
174 30
412 351
648 359
17 744
671 313
196 428
917 261
383 911
718 735
205 716
363 693
656 452
108 319
170 294
821 238
124 840
954 250
605 914
826 402
151 971
908 658
660 457
383 15
204 290
744 633
62 190
560 14
276 261
621 436
403 264
715 155
578 573
96 152
812 817
399 901
104 597
798 63
651 177
492 95
320 980
203 945
983 449
38 540
692 593
225 728
319 212
128 958
652 243
163 816
173 962
81 839
440 239
313 841
68 707
669 155
38 830
281 583
217 541
83 44
77 652
500 358
856 439
444 642
155 246
556 183
306 536
668 654
613 133
531 411
167 377
294 53
509 693
24 356
227 11
419 643
77 558
659 835
55 181
159 1
821 673
673 597
470 294
89 991
809 79
956 955
797 624
30 505
478 32
546 692
32 823
337 521
286 319
713 399
680 592
853 36
191 133
513 191
887 131
599 584
791 735
287 908
235 262
643 816
552 311
942 435
864 172
39 618
738 403
893 160
150 258
965 745
380 231
93 516
610 284
718 900
180 59
194 410
10 473
123 167
690 195
417 688
942 229
587 606
244 151
431 775
611 697
642 411
156 406
828 241
529 870
475 834
998 352
782 203
65 968
798 342
887 765
339 352
739 102
27 91
936 949
962 152
543 166
336 63
312 665
46 682
825 177
637 285
439 353
932 606
582 882
300 781
450 39
37 639
805 861
208 950
633 713
203 87
323 524
69 82
881 994
511 668
69 985
497 823
39 912
30 678
376 216
372 63
706 960
871 858
791 291
630 104
904 283
686 584
605 818
685 831
146 779
692 185
685 802
461 995
911 97
286 904
474 959
157 933
209 842
1 367
86 423
732 893
844 999
224 501
461 460
625 373
801 722
88 696
402 232
118 138
235 130
575 991
211 396
802 447
479 805
239 424
973 126
792 133
906 219
528 878
937 579
53 4
580 672
314 234
594 93
578 865
139 941
977 482
465 648
66 367
477 664
410 774
12 547
533 17
774 591
454 995
377 402
884 655
726 342
741 288
35 832
828 745
11 206
267 615
952 410
781 555
350 718
799 653
21 545
748 875
54 915
268 303
95 742
135 739
529 829
663 83
60 652
225 102
354 628
182 677
538 744
557 856
132 267
220 451
39 974
394 289
305 803
230 800
888 871
660 210
435 340
501 50
203 278
848 841
39 906
181 664
210 235
732 162
646 522
67 475
485 504
770 504
291 144
119 82
654 32
204 781
768 568
458 596
7 264
803 575
8 999
888 145
283 251
919 774
320 143
257 56
66 112
790 713
684 550
242 633
75 93
7 429
199 55
709 553
714 552
169 326
777 401
753 919
747 420
206 308
794 57
669 13
976 400
926 111
839 792
536 664
439 352
621 671
987 321
798 847
349 154
693 381
373 673
337 594
247 44
272 896
118 882
477 600
179 614
835 201
441 684
100 708
832 49
399 854
38 741
325 837
92 1
576 996
449 666
147 313
112 215
473 349
437 425
16 486
485 148
462 373
347 423
959 899
82 566
263 113
8 186
813 696
916 573
391 378
397 474
740 85
551 556
117 853
684 690
82 534
124 270
691 536
550 924
373 808
503 800
903 403
449 77
277 483
34 238
462 621
37 892
128 191
424 818
976 619
196 233
804 293
21 803
990 444
502 178
298 936
463 411
187 19
955 39
0 724
214 942
30 945
521 875
522 116
383 606
193 293
28 323
802 458
650 294
586 89
432 985
784 693
409 736
118 460
534 157
118 433
898 195
851 842
397 292
516 884
950 815
253 630
110 268
950 138
241 908
576 678
569 334
842 697
634 960
433 340
276 356
62 942
419 17
464 523
697 391
209 31
395 629
578 658
180 533
790 363
307 382
39 619
962 419
596 926
1 147
509 583
434 832
894 399
828 552
723 367
848 363
184 660
164 415
301 18
773 586
294 821
759 11
717 660
151 319
371 646
478 100
198 124
119 583
762 173
137 401
472 914
999 467
410 41
822 902
488 610
205 581
597 273
425 27
902 782
921 745
367 274
449 195
845 961
658 132
323 157
596 962
11 929
789 186
291 569
792 310
296 347
256 352
214 5
524 856
310 431
351 90
506 952
591 290
493 506
370 290
554 865
343 826
562 784
152 299
85 469
420 156
610 921
524 267
816 805
430 426
155 101
264 623
544 615
514 173
124 680
637 669
876 922
955 936
773 985
313 659
220 512
18 669
236 280
328 821
904 486
179 417
920 486
55 800
957 445
876 747
492 908
366 295
71 159
794 903
837 183
119 367
232 360
551 882
910 614
910 159
865 873
959 682
780 523
525 102
942 523
717 809
851 410
770 723
503 634
965 214
322 554
882 893
798 185
213 818
412 575
173 858
628 644
63 884
348 614
377 757
980 845
291 287
614 796
449 469
920 782
919 297
131 2
104 874
437 783
571 996
402 22
459 854
455 697
980 35
62 847
20 250
384 787
238 157
892 423
369 728
982 541
231 462
326 301
669 231
829 694
429 990
585 165
213 208
627 361
135 643
309 23
775 982
223 317
895 66
818 793
565 865
154 591
71 91
208 938
637 238
581 167
979 445
303 246
613 841
414 411
512 32
862 350
211 339
525 50
30 969
32 225
957 256
356 677
946 873
838 883
925 282
505 849
215 537
973 148
135 414
613 27
918 402
823 21
77 767
836 695
209 248
99 469
389 473
380 201
731 363
263 509
561 292
390 928
168 606
946 404
977 788
380 572
310 755
853 514
473 129
835 123
411 585
100 795
863 244
670 480
134 368
479 45
687 972
708 342
190 693
896 22
22 145
143 985
596 485
673 493
649 661
420 681
396 624
762 420
492 294
688 148
884 51
555 736
331 414
957 259
283 361
349 754
733 609
45 9
50 38
499 275
288 126
176 772
735 103
92 507
152 436
627 409
976 596
212 679
152 789
911 357
151 754
313 156
121 613
336 989
184 695
580 597
90 307
117 27
579 903
863 175
433 392
229 594
78 324
278 800
935 382
778 847
777 303
291 936
914 173
219 364
989 974
860 439
184 41
927 17
699 132
804 83
489 694
55 433
464 35
220 893
933 113
911 477
738 420
212 622
936 534
300 128
442 713
232 713
699 955
812 707
53 254
793 714
602 88
93 874
370 360
323 49
464 862
370 871
658 846
253 351
434 266
319 264
253 789
63 872
948 322
916 355
469 776
577 313
231 611
599 773
313 30
150 200
135 394
110 730
922 910
424 854
227 195
716 847
233 631
155 924
565 820
318 407
150 848
830 105
414 996
145 930
291 878
991 787
846 933
295 394
547 448
659 14
520 686
190 588
9 888
740 728
899 389
957 100
0 57
420 688
151 809
773 858
182 706
725 23
190 715
457 498
503 207
574 318
609 218
877 298
493 246
870 737
182 254
194 759
224 541
949 175
581 297
35 569
14 440
634 153
888 839
527 553
772 396
21 442
402 985
953 226
486 901
924 670
610 946
857 347
324 773
217 166
137 395
317 487
714 177
934 167
621 840
974 836
545 825
684 463
452 238
88 329
174 208
753 74
789 934
347 957
452 795
441 721
244 970
591 962
422 433
741 994
622 757
951 880
923 311
727 217
797 982
427 501
705 37
698 382
985 663
210 604
148 702
5 998
900 786
157 976
704 638
521 611
777 592
434 795
272 880
609 409
856 680
408 840
681 110
613 67
107 0
583 803
599 150
313 85
230 956
794 986
240 731
119 795
604 479
713 124
513 929
918 195
566 23
133 671
568 101
232 245
914 57
550 10
344 215
287 69
22 469
403 88
345 105
260 685
493 499
364 183
566 659
951 566
303 367
858 588
902 630
468 949
317 122
307 108
270 513
428 773
755 302
557 115
302 637
418 896
287 245
176 530
841 907
245 981
375 743
638 66
318 482
858 92
120 85
502 869
223 153
86 945
885 491
900 497
258 22
181 526
320 253
582 237
240 688
23 321
957 903
832 546
96 259
84 155
788 399
467 853
373 601
765 850
27 929
551 362
101 753
226 561
198 911
394 439
556 505
423 905
648 560
987 158
295 652
578 263
438 230
686 739
37 693
931 225
254 247
968 309
926 880
340 366
289 268
525 570
230 330
685 376
282 641
488 529
69 66
574 407
115 641
991 601
878 606
208 172
125 348
818 855
272 39
488 630
311 326
808 374
995 593
854 752
671 213
11 427
742 920
988 477
623 512
879 269
39 837
783 73
940 853
159 306
42 481
190 978
699 350
383 174
746 911
638 584
567 682
40 864
38 811
38 383
588 751
811 46
293 353
58 229
229 144
542 867
352 840
719 119
869 673
433 81
513 322
63 925
210 48
107 579
532 125
690 704
158 306
15 881
978 441
0 944
149 882
601 795
56 846
829 571
720 565
704 323
409 147
786 470
788 171
35 164
816 438
120 45
185 132
662 777
839 12
782 20
505 137
247 814
972 889
622 855
340 478
300 658
758 238
820 227
164 136
817 307
487 513
854 295
469 979
366 518
59 566
741 290
492 852
239 183
574 183
305 650
823 872
899 832
493 457
304 11
93 583
645 52
252 103
449 168
660 912
856 94
896 263
42 549
948 966
756 823
646 995
492 850
599 860
614 735
264 503
303 45
753 562
457 290
850 208
728 715
551 871
168 400
741 671
442 589
965 741
532 942
214 100
599 535
663 549
507 244
402 385
42 674
677 640
818 193
247 524
783 968
711 167
42 477
177 140
96 223
271 309
345 933
734 739
978 397
603 278
257 978
279 585
18 378
576 923
675 359
659 165
808 159
989 781
755 743
218 998
139 454
429 432
499 279
783 824
945 543
325 196
556 45
654 952
489 430
875 459
410 415
408 806
225 158
744 850
546 425
854 714
553 471
513 304
394 526
3 327
191 664
465 174
593 988
859 12
56 519
997 724
702 553
827 356
259 820
94 413
898 671
90 51
134 569
601 506
649 266
999 760
212 476
648 811
10 430
575 20
579 726
259 385
912 691
569 826
698 517
409 310
58 345
574 263
17 384
765 271
677 39
319 768
251 753
570 16
609 536
907 943
959 822
85 839
499 512
883 236
921 618
972 293
178 931
497 533
906 234
762 600
586 656
125 824
798 399
787 970
634 448
849 760
785 565
823 47
114 605
536 993
162 633
209 207
325 412
653 852
449 698
393 938
808 61
496 769
162 42
441 21
884 869
727 527
976 573
470 343
705 878
804 253
836 178
344 348
653 432
417 193
200 23
385 554
307 700
632 883
98 912
207 351
259 663
254 682
714 515
610 645
794 864
23 641
169 561
351 433
470 35
590 242
749 291
138 127
958 378
889 377
847 362
865 948
660 807
752 388
56 17
153 890
184 952
241 793
870 895
54 845
921 439
384 303
310 922
717 28
672 583
727 484
640 129
99 444
3 389
839 1
59 403
932 74
208 958
650 147
38 924
625 217
798 718
617 96
426 650
903 527
389 191
702 171
283 876
729 811
781 10
244 3
737 848
443 631
213 970
425 771
58 558
406 592
723 100
393 395
212 803
511 266
156 490
715 726
379 938
899 644
321 941
273 401
174 423
539 625
918 991
367 252
418 17
988 981
676 245
12 793
957 122
301 202
980 91
288 0
198 119
619 631
37 397
398 353
532 325
852 790
862 746
493 582
775 919
52 3
525 635
667 284
171 184
786 426
715 738
537 661
708 787
752 772
905 283
256 400
710 920
595 138
568 223
908 599
524 830
432 981
597 387
423 466
922 581
365 64
34 541
570 937
970 649
204 508
793 29
790 624
462 292
975 727
630 852
523 307
652 420
836 268
271 310
313 868
786 771
924 503
918 708
717 938
944 368
853 746
940 952
730 310
675 613
562 134
405 971
632 894
899 906
802 247
672 685
405 767
994 185
772 232
954 486
88 921
39 998
787 659
823 953
261 248
749 3
539 966
459 414
189 637
983 316
250 257
724 213
596 953
391 268
993 0
338 542
293 479
83 857
672 906
694 663
660 788
523 773
600 378
486 629
525 459
143 306
751 808
416 980
326 95
742 100
37 435
545 53
827 30
281 993
183 276
536 156
13 673
544 665
829 273
897 359
813 119
177 360
682 383
966 639
214 698
429 52
731 267
840 303
286 45
523 207
743 685
917 873
493 112
704 539
759 944
772 237
223 663
159 691
721 992
901 807
120 746
9 682
638 660
267 134
318 512
445 281
331 360
891 938
877 513
209 643
405 737
43 918
267 460
215 222
795 441
430 296
228 373
741 246
428 440
111 87
175 477
731 909
545 519
764 535
356 549
439 222
124 463
680 277
361 851
944 163
698 508
771 256
636 260
223 149
136 307
988 298
123 87
48 643
10 40
145 173
255 26
165 209
352 84
981 726
161 206
545 959
470 597
437 267
639 885
962 364
598 41
576 78
880 858
687 275
349 607
582 593
318 981
439 602
772 27
136 554
168 833
456 895
452 257
999 401
571 205
850 458
767 386
651 743
610 181
551 71
997 831
901 659
354 481
755 205
256 159
945 764
902 34
388 579
491 835
910 256
357 452
521 1
31 609
335 385
686 235
788 858
733 186
53 257
605 638
551 134
222 998
774 171
236 663
405 293
96 185
429 659
584 230
419 489
904 978
275 706
262 82
414 100
778 243
327 749
735 337
527 501
367 930
218 793
563 143
194 51
878 583
224 166
446 188
231 570
957 772
518 943
201 258
761 768
874 272
774 626
687 839
540 60
221 370
827 410
594 140
839 661
230 663
433 386
897 119
873 222
893 737
754 375
59 987
189 215
983 471
628 868
511 353
423 633
291 982
299 469
30 350
119 518
278 38
462 330
504 256
299 928
732 113
863 671
669 538
704 155
12 505
533 611
748 890
670 161
136 35
422 791
1 887
426 714
91 272
870 706
944 964
51 317
712 310
583 694
209 644
604 654
85 850
889 428
178 839
749 27
683 545
772 17
420 541
564 286
585 796
941 287
74 468
382 866
876 866
535 108
639 700
434 241
532 341
613 596
476 577
962 104
651 964
467 878
718 980
955 12
873 85
934 827
16 250
610 701
665 379
377 856
731 463
944 899
365 126
188 103
140 241
650 736
506 299
756 429
995 135
377 653
895 31
989 793
250 713
850 596
314 469
311 631
330 422
957 330
648 864
213 29
887 897
293 162
245 54
570 632
895 688
512 456
937 826
768 355
476 429
177 135
227 481
545 816
291 258
370 488
426 313
774 60
820 774
315 792
921 786
387 502
943 602
778 252
498 242
448 702
578 985
453 649
568 92
102 592
470 652
139 77
884 38
45 297
933 369
94 715
837 644
8 660
511 419
11 420
835 644
571 661
15 20
863 833
629 888
399 357
582 636
929 843
722 707
910 205
686 457
20 320
280 766
38 635
673 523
674 807
31 160
451 813
223 685
406 614
551 961
853 40
600 365
961 819
671 695
590 599
276 288
519 134
90 844
785 175
228 961
944 854
400 223
593 927
744 245
503 988
234 4
799 961
200 312
318 617
656 668
815 573
209 832
784 250
855 642
672 656
679 44
566 640
38 44
847 807
719 955
189 945
362 848
866 646
513 65
629 713
923 837
153 692
34 145
114 143
707 64
788 893
723 676
431 345
849 956
514 648
782 502
221 785
871 664
429 966
378 120
815 891
760 186
630 378
223 867
277 564
760 512
422 452
850 942
568 287
540 495
578 92
679 757
615 688
898 61
480 931
595 212
388 575
417 22
807 728
529 541
691 779
316 180
109 483
726 895
572 229
410 132
784 984
798 842
633 928
341 658
622 685
609 36
369 686
601 396
651 636
132 35
293 379
680 128
858 733
449 633
10 441
650 332
483 253
410 393
414 547
906 283
575 913
34 133
393 201
220 381
91 822
964 626
437 838
142 268
266 749
31 441
642 803
415 604
895 586
635 909
462 757
721 476
853 454
127 564
621 756
299 200
842 398
507 529
723 245
98 175
96 872
740 902
505 726
928 187
465 649
743 175
53 955
65 999
133 584
574 882
695 626
149 998
187 142
806 730
890 240
883 175
141 705
341 277
284 614
772 297
853 555
90 996
454 700
985 377
941 937
974 482
887 711
123 291
39 7
618 931
31 354
895 208
609 743
689 835
1 514
855 776
803 757
460 779
802 578
464 399
87 522
378 700
987 206
610 868
684 758
210 549
957 17
625 548
170 339
638 275
198 351
152 169
441 518
807 550
126 595
731 813
721 629
463 931
477 544
683 627
976 804
119 584
303 129
927 158
400 634
470 440
368 422
456 19
429 190
629 446
793 679
418 603
393 288
259 651
229 281
89 253
503 440
466 321
866 812
893 378
299 527
596 684
753 659
968 210
242 40
827 247
111 1
277 654
530 711
62 23
802 847
38 123
841 502
566 247
910 775
501 10
378 172
55 374
586 107
524 135
570 177
174 85
525 384
258 677
869 498
511 260
899 976
234 5
406 43
84 17
836 471
42 812
422 297
406 34
828 382
897 759
540 677
519 622
293 775
914 5
297 943
408 860
430 130
281 373
928 726
851 503
617 375
465 638
941 214
736 214
125 539
352 154
374 815
550 601
5 704
123 994
116 526
699 504
254 322
956 620
567 115
548 162
921 117
273 576
579 748
88 436
272 939
800 590
949 122
884 215
937 863
917 32
482 307
858 156
591 115
139 666
921 181
748 44
693 871
991 975
362 872
561 347
413 851
855 580
277 836
224 213
822 749
145 213
44 728
150 820
98 602
929 769
3 487
615 962
278 610
599 7
346 156
157 672
383 234
265 691
911 791
695 773
932 845
55 393
315 19
489 587
204 274
37 175
704 826
180 535
358 31
78 449
381 28
228 248
963 640
617 237
925 229
761 402
600 730
947 724
997 826
299 247
40 348
896 576
859 222
530 536
857 962
485 638
484 11
104 639
924 417
505 914
5 469
391 973
515 146
97 931
338 569
845 364
973 580
181 704
227 351
483 550
959 988
749 998
54 153
813 253
559 481
285 222
920 607
922 838
244 169
686 984
610 287
283 101
940 560
983 841
54 709
532 953
366 617
594 880
305 254
641 143
862 174
669 438
663 685
608 499
982 321
576 173
611 823
49 200
313 322
863 582
610 859
143 781
742 456
775 9
573 776
665 839
773 824
141 758
941 107
175 644
342 59
896 777
678 958
591 969
235 302
541 752
730 726
939 5
529 411
712 90
866 821
965 911
376 926
771 179
480 228
230 308
283 510
853 970
641 485
393 575
228 42
853 411
77 969
490 427
366 569
968 250
213 147
53 624
263 868
442 576
34 364
164 683
774 177
546 916
537 772
799 864
486 839
431 916
408 451
148 581
716 331
889 567
701 569
541 665
290 474
619 633
773 15
878 810
86 727
852 94
895 572
812 825
371 797
933 816
449 409
692 519
271 147
987 521
412 582
964 514
367 863
916 735
753 342
255 821
456 371
61 814
707 491
485 552
497 544
683 387
338 16
865 277
96 763
867 359
809 187
244 295
602 913
597 748
118 955
79 793
600 283
591 716
893 711
560 111
762 824
109 823
729 444
47 688
718 412
992 209
24 403
653 372
799 8
831 944
547 90
105 259
397 906
143 493
202 221
225 49
357 114
818 522
732 207
361 124
483 583
420 591
660 297
39 759
794 196
333 562
710 448
127 635
267 138
729 274
764 47
288 772
662 376
904 243
345 392
902 504
858 854
448 213
241 555
977 464
276 565
58 294
741 787
240 560
781 701
866 660
508 545
473 211
78 908
4 958
123 623
669 738
670 653
974 820
941 266
240 459
583 540
705 673
309 907
378 317
710 648
943 597
240 43
267 747
687 122
135 231
225 198
629 483
932 848
280 908
526 808
789 637
523 478
854 280
260 986
399 800
797 675
544 67
328 100
485 693
169 250
823 748
945 779
888 32
534 622
295 782
147 951
532 247
834 133
172 766
359 974
520 142
356 668
402 708
362 671
618 295
557 173
326 523
785 923
443 887
783 788
98 613
687 888
451 415
704 950
836 879
662 687
76 859
372 279
598 863
346 908
864 368
582 580
130 941
110 462
730 569
389 151
295 290
534 832
713 519
541 815
858 818
271 411
385 470
260 452
694 300
56 887
748 345
862 800
927 586
334 12
131 94
82 389
829 872
636 235
924 707
528 321
378 307
151 315
135 19
932 743
778 207
961 294
376 147
99 604
778 680
492 970
462 266
211 804
501 2
952 806
662 737
431 689
167 94
966 141
188 555
881 703
70 15
373 843
14 348
308 388
891 506
394 11
212 734
204 83
820 900
20 139
113 145
535 269
170 571
32 464
247 913
955 175
419 287
99 646
539 516
954 928
606 558
667 162
915 580
406 778
964 936
196 249
92 357
465 76
473 575
51 713
699 364
603 489
706 523
225 215
71 624
905 893
188 424
847 891
439 651
684 723
664 424
51 834
724 211
610 236
593 715
429 398
494 5
208 748
364 97
350 982
345 978
399 635
93 23
554 519
98 666
691 531
819 254
465 68
314 338
771 597
25 579
126 736
398 551
289 228
254 86
408 228
498 539
401 845
7 168
955 654
703 577
379 183
944 370
141 420
556 678
952 630
120 88
485 704
236 947
507 504
462 973
715 537
999 428
141 583
820 417
802 298
883 530
721 614
179 118
44 534
157 594
579 735
923 897
47 445
965 50
529 561
537 777
541 930
27 268
284 646
806 392
675 657
577 440
875 927
213 736
234 594
816 325
274 61
868 87
752 85
462 484
775 154
525 222
943 681
389 245
586 960
280 262
630 453
255 154
21 714
674 672
584 535
963 606
859 425
581 213
764 191
675 315
49 111
822 458
510 828
2 706
939 541
227 261
266 807
782 347
910 97
68 947
794 628
658 812
22 653
878 284
842 468
222 511
928 498
261 854
628 398
454 996
354 768
909 142
566 89
821 509
17 784
685 664
387 367
952 516
696 540
149 501
630 685
529 741
484 438
27 627
919 887
644 756
376 783
295 779
495 412
689 560
458 813
873 961
56 629
849 771
42 234
241 851
164 453
748 716
446 957
265 690
659 470
498 775
505 308
547 751
478 92
536 103
389 430
787 855
133 705
279 873
727 662
172 299
724 551
131 557
261 756
956 335
647 494
532 477
885 452
320 720
458 849
315 298
965 884
441 960
555 451
981 715
55 587
178 662
920 812
102 538
58 693
933 212
381 499
595 463
263 658
566 747
276 758
402 512
348 80
520 403
709 222
51 236
314 163
792 395
608 271
766 707
899 410
601 945
189 820
102 906
847 950
21 489
622 462
974 984
495 846
771 208
200 207
2 905
135 28
862 885
151 916
492 680
406 272
448 37
380 131
952 134
528 253
855 619
641 239
101 765
392 768
443 1
627 101
74 147
355 77
682 516
955 521
293 922
852 668
126 183
656 396
73 526
783 31
198 818
632 927
534 892
361 559
406 52
899 121
791 964
58 182
553 149
583 54
671 744
397 416
595 462
264 11
226 41
591 596
236 573
698 399
145 642
385 855
253 582
296 316
821 341
808 426
460 967
690 562
429 249
179 851
200 733
646 211
459 411
625 758
481 195
182 792
918 665
584 295
846 244
172 280
131 222
165 856
12 871
897 421
858 560
487 458
386 189
637 0
836 341
175 254
105 790
858 627
430 928
1 797
682 753
688 466
623 581
854 303
193 120
310 632
854 765
321 33
444 398
729 409
40 713
593 751
218 113
480 578
506 680
691 557
669 924
544 538
805 703
152 419
898 86
911 246
192 999
321 794
521 18
439 19
991 885
22 821
382 331
127 33
357 228
453 47
0 402
127 281
839 870
834 462
667 239
185 727
593 240
502 853
36 909
123 661
171 732
669 819
265 892
461 196
275 105
709 488
969 62
629 782
252 629
381 9
946 507
990 234
471 669
3 35
927 162
596 464
69 887
858 160
311 0
354 235
901 520
86 640
185 196
496 621
490 542
675 811
538 792
353 399
505 331
810 467
983 925
458 615
69 83
808 39
176 454
440 189
27 192
144 891
364 313
867 887
856 810
78 37
685 240
615 672
373 69
167 365
192 829
99 310
953 577
184 418
747 637
66 916
907 184
980 281
596 152
445 356
121 148
693 347
105 1
401 666
388 488
975 191
522 103
893 811
140 327
485 111
208 788
420 736
475 525
972 606
171 14
763 79
904 714
479 706
908 804
477 716
605 677
344 285
60 942
190 743
261 119
588 26
736 528
442 878
936 974
622 112
207 229
717 891
730 414
935 279
121 877
148 623
304 533
756 113
313 827
254 146
265 856
882 147
672 136
635 185
548 716
945 898
467 169
182 854
347 280
700 577
382 922
502 175
539 55
19 127
414 933
77 43
479 676
998 330
677 85
927 213
726 42
480 126
146 29
117 396
404 101
950 482
72 286
757 950
521 536
149 762
322 170
170 932
701 301
239 977
362 22
936 173
879 343
728 5
840 61
176 888
83 375
254 48
592 386
296 967
849 282
187 576
334 573
478 952
55 841
593 475
803 737
367 699
27 696
224 445
354 460
676 431
600 864
706 438
827 32
283 468
124 330
79 10
972 948
52 975
802 841
446 588
664 235
975 541
469 9
770 848
998 832
968 601
324 551
277 88
884 467
607 155
367 634
556 960
390 472
415 355
467 593
515 426
389 711
92 61
640 513
987 439
454 892
551 801
363 757
767 834
754 526
789 310
535 411
914 139
100 255
970 956
324 806
24 634
275 346
43 913
35 365
210 805
803 795
687 858
581 502
297 129
968 434
668 699
643 437
85 384
166 191
770 790
918 919
150 984
387 26
742 708
641 482
848 303
3 751
888 464
112 762
435 974
451 301
839 474
983 573
341 763
0 844
64 984
173 975
716 813
830 258
964 761
493 439
438 169
627 74
350 354
782 583
544 301
946 30
520 672
116 214
289 361
884 212
7 1
960 110
634 997
136 340
15 527
227 746
947 897
481 83
605 657
885 881
790 480
587 670
487 994
966 109
471 264
41 55
943 48
907 401
737 145
696 562
11 860
93 196
259 971
62 663
393 397
82 400
722 600
683 876
546 921
16 924
729 428
915 677
120 546
513 883
813 947
550 282
904 869
364 900
799 609
344 363
182 39
660 985
7 769
526 878
508 10
795 541
56 252
987 827
855 990
394 515
766 203
157 285
830 295
934 348
340 345
870 562
310 931
946 61
919 132
128 399
564 341
936 827
23 981
336 585
532 261
148 759
84 44
515 376
75 193
977 388
314 923
695 833
35 866
972 332
297 431
658 611
319 183
804 745
983 432
791 44
123 724
422 84
152 231
40 192
173 606
522 262
860 17
705 164
799 690
222 26
467 43
982 213
778 44
656 783
677 700
430 586
569 480
522 287
496 977
678 622
431 901
859 73
135 578
386 197
452 979
88 942
606 683
986 894
140 940
483 412
742 238
479 273
568 909
834 984
681 874
572 451
299 218
266 285
682 750
93 588
980 768
105 398
817 472
278 221
436 285
305 237
880 957
696 897
405 816
740 459
631 839
122 847
704 123
425 353
496 888
721 755
150 6
893 101
418 798
713 224
734 3
730 515
790 345
489 468
43 222
896 36
298 146
54 219
489 846
633 621
925 61
128 395
285 98
394 616
906 119
177 444
692 832
487 115
844 481
519 265
192 239
662 237
439 748
956 848
700 794
636 367
432 782
68 846
519 8
282 691
305 521
93 551
976 393
561 63
995 369
597 561
332 599
43 329
39 105
278 172
759 538
335 605
349 583
175 540
528 889
0 54
666 138
450 805
727 964
468 944
770 116
252 811
771 543
416 405
377 144
496 236
311 934
243 571
610 177
51 742
844 816
536 690
606 341
691 49
70 583
530 583
37 629
140 186
375 271
545 765
699 241
261 828
7 623
130 726
792 326
264 506
509 51
601 341
371 906
846 60
355 731
793 491
383 919
66 619
342 313
352 125
859 585
673 491
830 3
912 986
223 802
883 228
906 160
340 784
432 634
953 849
144 767
642 521
890 963
791 135
165 782
93 391
382 763
135 753
334 546
298 394
819 957
825 119
795 617
901 349
796 759
395 796
327 982
262 840
983 199
339 902
990 459
92 466
126 880
353 429
636 589
497 486
285 866
617 907
685 229
405 845
527 309
167 758
484 831
134 704
333 60
623 578
137 163
836 88
931 20
696 114
446 277
952 287
960 509
19 407
557 917
419 114
465 228
843 987
754 571
626 504
238 242
446 217
735 910
110 356
464 650
983 739
653 115
223 422
318 147
263 591
129 920
632 48
185 833
684 521
248 21
514 875
389 302
411 800
553 57
192 290
547 713
412 862
374 758
831 59
137 234
806 281
749 924
329 956
298 997
669 591
563 654
709 389
25 508
178 975
253 395
43 879
278 928
954 175
387 935
415 313
626 853
316 1
364 704
683 977
895 717
492 620
852 912
498 240
145 849
55 176
562 687
287 29
604 409
142 755
233 197
612 262
827 185
327 19
806 263
642 238
789 638
333 196
468 375
464 64
655 875
205 607
446 312
745 817
203 335
633 356
392 379
537 904
84 938
879 636
643 657
282 296
449 559
455 89
581 535
535 628
61 520
875 542
326 802
832 311
922 657
380 981
519 475
832 631
761 910
947 558
516 559
908 107
385 692
424 549
469 507
565 416
907 273
517 89
696 945
448 654
379 535
960 783
804 672
569 375
615 840
545 44
720 176
285 756
251 409
968 101
633 147
682 448
156 891
581 253
578 954
674 651
351 310
433 748
712 931
468 226
858 557
304 146
961 582
83 958
42 100
426 957
169 409
357 893
953 779
892 514
185 498
919 421
701 759
321 487
116 447
556 67
291 436
186 798
710 599
31 256
899 293
516 536
716 528
352 639
739 816
828 354
905 684
209 229
701 877
653 95
968 559
983 363
205 738
155 522
319 805
562 723
131 107
666 596
144 561
641 470
82 615
464 15
653 363
17 555
887 695
360 558
237 744
934 464
848 618
834 63
649 493
324 755
620 853
673 347
234 232
240 195
878 673
91 30
830 908
766 642
567 771
869 79
481 287
389 193
4 248
96 313
468 919
962 883
717 613
521 453
895 689
465 678
108 282
390 380
395 722
749 564
113 168
603 61
362 122
636 685
833 156
140 187
516 159
676 269
391 167
747 471
580 293
647 840
943 706
535 45
633 732
573 396
404 543
699 736
732 63
578 27
283 516
816 546
26 958
759 539
297 599
172 274
220 233
162 393
970 287
671 858
325 138
96 166
184 217
103 157
707 637
90 406
296 275
228 322
247 651
815 25
38 749
556 918
806 997
515 387
427 19
81 348
155 491
347 833
496 179
798 839
659 68
25 460
784 656
45 619
446 859
608 56
802 546
288 857
521 867
824 849
319 617
180 208
909 834
514 682
392 886
75 686
98 392
699 82
600 648
607 376
385 379
734 26
184 321
426 396
329 400
238 778
721 238
485 966
764 929
749 861
842 371
575 325
320 144
455 43
541 820
467 897
315 363
276 306
428 283
633 964
110 933
144 560
473 311
589 479
425 551
261 409
441 897
351 330
274 420
981 668
629 192
171 191
919 217
861 379
754 983
511 669
792 426
199 296
698 990
467 623
915 96
653 554
686 78
990 7
289 212
441 478
976 200
3 753
554 804
665 891
407 50
645 788
157 639
820 98
288 437
172 730
797 741
589 971
775 758
189 82
67 732
295 658
414 304
590 496
940 52
935 928
328 583
704 244
20 431
869 49
640 849
974 55
675 963
702 207
151 834
641 392
389 883
193 177
974 480
127 700
934 958
41 797
739 271
103 883
90 843
735 314
487 6
614 722
313 826
74 929
999 570
190 805
148 461
917 702
714 734
206 156
775 309
779 256
231 576
874 377
674 983
802 253
711 884
317 409
573 848
90 645
772 605
433 360
211 558
693 419
443 411
902 921
19 234
719 815
797 492
289 140
600 969
397 141
95 542
681 50
680 597
119 803
697 733
674 30
533 20
824 481
700 424
769 887
603 47
1 125
751 68
937 699
496 585
462 308
544 347
240 113
573 308
458 444
885 51
696 974
92 166
487 840
879 687
46 784
306 922
136 577
862 93
65 821
786 991
380 133
176 4
762 382
127 215
689 857
169 198
734 948
23 600
485 840
89 56
616 878
306 153
779 935
451 284
981 475
26 916
356 512
911 851
976 246
301 181
811 629
577 748
165 177
463 845
98 155
270 910
22 51
330 562
572 269
569 819
549 321
902 825
908 211
832 867
403 574
23 107
797 532
261 633
709 234
751 147
707 692
279 452
919 848
220 727
73 920
169 311
815 964
961 44
350 437
460 409
23 395
671 982
784 840
283 453
873 502
760 718
242 49
602 703
161 402
331 405
545 885
305 142
811 9
782 98
627 907
702 347
291 107
99 389
964 213
425 20
116 30
801 962
364 983
15 907
975 611
449 191
301 945
676 481
850 632
131 961
313 707
360 95
318 855
968 345
667 432
382 965
125 488
110 813
404 282
860 773
832 959
90 236
109 871
961 427
303 375
641 634
721 456
461 447
239 553
314 979
134 445
162 101
991 906
946 147
9 189
983 300
185 163
203 829
889 546
450 99
477 641
438 277
23 366
78 933
52 981
590 974
359 759
684 397
354 20
877 233
419 24
37 972
757 860
945 340
387 838
24 62
434 24
800 477
117 314
995 142
964 733
301 642
820 922
303 835
639 311
757 554
422 579
190 895
638 3
839 622
427 972
566 341
497 767
234 226
189 994
585 391
669 132
107 796
444 80
655 290
240 564
40 47
642 746
965 152
250 932
390 660
364 240
38 374
622 750
356 705
57 218
153 656
821 654
594 10
812 72
210 469
271 399
332 270
229 51
217 61
216 744
943 689
321 452
956 51
79 310
871 431
97 484
505 631
84 416
781 713
146 729
690 421
571 385
298 682
924 687
320 441
176 218
836 205
378 207
156 641
294 538
271 355
939 491
84 37
214 553
625 735
354 940
430 164
185 923
444 239
324 336
689 270
599 593
691 478
159 46
560 453
457 474
614 826
854 584
229 76
561 200
726 503
938 413
796 179
64 241
876 402
657 817
281 599
590 269
313 215
94 828
74 822
355 189
304 537
620 372
993 483
354 616
629 654
38 721
112 586
130 719
925 58
735 108
267 548
192 11
71 646
523 82
79 790
735 178
804 123
23 582
391 317
812 718
498 590
259 676
105 11
921 532
14 649
914 699
240 317
408 687
835 811
306 54
284 332
234 45
761 665
631 515
898 187
312 646
581 538
293 658
520 851
579 406
324 286
690 579
92 981
463 260
241 313
493 80
401 457
356 177
429 889
318 253
869 166
341 326
579 120
675 620
483 313
356 303
74 90
904 866
155 253
232 545
819 996
209 725
705 615
818 202
232 636
328 446
760 602
768 454
504 652
228 646
229 62
429 914
511 284
766 620
520 363
932 503
598 844
48 531
201 597
83 540
949 725
620 41
319 401
772 415
504 117
137 542
448 940
437 453
228 221
781 683
381 836
823 667
73 646
324 109
114 759
551 693
472 149
372 70
970 951
201 559
250 818
195 685
990 357
46 34
403 845
488 158
828 616
513 864
534 273
446 708
658 879
501 634
805 260
396 79
366 653
484 44
500 177
899 626
563 530
724 266
72 401
916 321
236 605
913 875
176 590
478 562
814 383
99 589
843 368
969 584
838 499
465 219
570 205
995 988
985 934
876 247
979 843
650 145
976 801
430 771
620 922
894 996
324 591
878 119
775 816
27 154
432 500
839 851
499 240
378 440
361 167
90 552
390 773
784 964
871 217
519 353
475 682
942 984
479 919
87 20
477 817
553 251
391 951
425 61
670 644
395 670
715 43
171 286
255 742
573 0
656 229
505 695
936 554
576 143
989 859
657 142
644 7
358 437
735 615
706 223
764 176
509 561
280 573
52 999
537 88
849 266
934 137
990 514
27 973
333 979
316 733
529 834
829 650
644 833
137 874
789 893
137 749
320 72
425 510
902 58
746 742
747 452
547 794
537 877
966 797
201 525
946 414
205 880
465 927
463 318
657 484
498 219
860 465
809 782
390 117
102 158
711 76
225 546
196 61
544 74
692 6
939 823
629 318
805 354
196 55
525 88
363 586
634 815
42 950
714 256
826 326
693 816
248 707
758 579
931 536
379 690
669 663
499 683
211 703
814 331
480 366
258 806
334 825
851 744
805 812
482 449
204 327
612 227
898 852
284 208
702 64
644 280
514 936
492 297
293 194
870 216
485 703
609 307
772 780
307 773
300 499
131 707
561 134
997 9
834 5
675 943
278 786
518 921
980 735
879 527
882 773
529 714
583 340
852 280
155 544
343 345
326 357
290 575
687 422
540 726
700 970
645 576
75 97
176 986
429 777
2 940
556 82
117 685
183 620
851 748
302 464
959 438
29 778
875 337
459 693
613 981
132 983
410 619
169 631
906 227
133 765
963 194
450 804
811 554
230 205
735 213
249 516
103 862
774 904
778 763
546 261
169 314
258 112
216 755
968 284
690 895
575 165
374 682
262 287
844 246
260 993
5 615
228 748
641 383
338 375
960 326
140 512
904 989
455 528
449 106
934 287
346 62
58 543
953 86
194 596
763 455
451 487
725 503
800 30
448 955
512 954
644 683
57 816
757 292
826 62
723 32
205 242
494 590
848 197
923 267
345 934
125 601
172 12
785 281
287 660
62 302
684 574
316 366
801 925
934 236
551 216
204 289
758 302
330 250
143 100
178 788
106 287
914 352
167 29
118 650
557 234
71 840
449 190
875 378
922 624
322 168
890 933
648 474
932 990
0 780
309 334
364 511
172 317
980 180
656 8
805 67
157 134
310 719
850 853
602 291
170 458
229 269
374 262
609 653
950 748
512 933
487 762
397 731
995 758
795 744
112 136
984 845
559 612
583 543
376 704
79 764
53 459
642 741
12 214
579 427
215 87
353 533
203 74
334 735
818 719
175 722
616 403
237 108
768 963
129 147
54 505
673 52
558 976
866 584
316 44
644 712
953 629
897 933
798 542
425 52
308 115
962 191
339 692
105 543
541 947
265 669
214 378
444 538
108 350
27 983
297 741
775 930
746 981
148 390
253 97
617 355
466 621
497 374
357 389
782 682
504 913
3 388
838 192
831 53
79 854
835 606
836 460
588 857
260 599
752 598
818 282
951 718
33 209
803 331
785 601
392 842
730 789
220 502
138 835
416 259
445 322
742 164
104 701
394 511
727 970
645 169
469 174
780 725
588 495
825 630
69 926
249 481
662 834
65 355
549 459
215 664
915 698
796 196
286 384
913 416
640 801
7 637
41 911
17 820
812 290
231 557
80 138
876 535
743 78
881 104
622 899
195 752
900 935
482 470
401 975
916 929
662 871
387 82
57 717
274 203
101 415
212 911
34 936
563 427
292 762
126 629
741 589
435 437
860 340
931 993
875 62
770 637
33 567
759 472
166 618
169 398
41 230
752 436
449 457
281 335
156 471
320 77
819 168
269 798
848 681
734 781
478 172
550 762
775 214
786 792
551 328
861 341
694 228
333 193
464 490
897 7
373 318
703 877
154 120
758 698
932 830
434 177
407 947
468 867
787 627
974 396
673 488
477 629
788 943
553 756
114 945
950 532
569 433
709 898
65 380
578 10
453 166
387 647
752 119
282 155
944 381
519 698
854 717
181 490
860 456
663 882
298 837
81 871
824 459
427 211
259 107
942 954
98 171
915 139
269 747
46 722
735 8
70 167
212 538
104 133
310 192
518 447
808 308
233 422
727 764
535 806
651 97
309 677
545 563
778 574
878 151
776 110
74 77
546 844
384 635
406 968
211 838
502 218
762 879
15 911
667 421
681 472
641 552
437 243
243 390
668 836
148 472
565 756
569 96
382 34
291 714
13 603
247 958
918 178
121 303
213 15
166 649
948 242
912 460
655 616
302 986
830 686
690 361
629 949
333 483
901 872
751 154
63 505
686 257
409 974
926 657
572 592
933 546
655 560
726 502
789 977
151 555
547 455
6 698
152 218
270 928
539 56
114 25
55 58
309 77
685 689
985 203
235 237
933 447
293 370
751 363
18 75
784 61
885 22
766 524
839 162
413 393
411 620
298 106
561 900
855 270
559 513
520 407
433 119
3 407
737 344
586 635
341 917
282 67
571 315
315 912
553 145
749 859
611 133
210 558
336 350
694 203
831 450
72 107
269 891
790 657
495 577
3 869
633 321
942 420
238 571
239 724
181 454
341 714
377 926
558 416
438 769
489 695
349 668
522 355
239 276
686 172
484 596
350 403
420 300
776 284
0 139
874 897
165 512
158 689
656 621
801 361
957 871
338 309
725 224
394 775
323 547
95 700
256 359
376 878
255 816
936 573
546 138
411 884
177 85
853 236
759 996
640 182
501 117
718 503
532 462
269 179
436 821
532 931
416 454
796 134
86 356
309 184
925 585
538 47
677 685
35 357
254 108
816 834
361 264
415 899
898 896
521 470
98 77
587 325
601 250
33 106
931 996
304 253
657 287
173 637
153 772
784 823
995 811
737 287
144 943
930 64
307 726
657 113
11 90
847 603
103 776
966 165
993 144
926 622
840 527
664 59
471 54
78 197
305 662
493 894
248 162
808 917
909 141
208 604
178 160
157 484
276 829
9 822
528 685
477 667
65 184
19 676
142 68
363 200
789 850
763 630
210 20
45 589
452 970
701 147
932 840
567 34
910 909
644 821
228 22
500 415
271 479
526 458
699 539
85 587
172 398
651 13
820 906
402 827
896 694
466 572
108 932
994 430
273 670
970 320
914 21
810 169
20 296
627 934
676 570
948 899
441 737
620 516
822 330
362 116
277 669
176 255
454 218
982 476
939 426
424 654
204 358
202 177
75 846
17 918
607 232
289 916
831 675
601 188
610 18
174 769
538 603
184 242
70 567
734 656
983 874
133 558
542 498
313 356
168 481
11 218
768 710
107 553
943 863
73 831
406 278
361 14
669 535
277 420
155 705
806 544
308 181
678 748
110 142
958 836
511 7
829 170
237 831
259 776
921 288
397 887
403 89
77 431
819 869
804 266
90 438
443 26
510 176
339 81
341 996
322 757
560 103
14 613
561 86
561 555
775 591
770 709
839 191
132 414
634 198
30 620
404 651
711 874
44 502
751 81
638 466
559 489
224 209
709 962
709 109
584 374
603 54
593 252
70 549
91 310
431 235
985 725
488 44
748 775
923 864
119 232
136 42
74 847
776 858
160 243
466 348
596 840
186 611
735 889
79 583
982 100
913 5
767 931
617 633
793 73
699 569
746 302
478 193
7 100
820 539
191 784
640 212
888 958
628 70
747 628
185 662
876 130
478 531
531 878
872 414
251 560
282 738
943 760
240 387
406 444
95 949
986 476
429 354
536 774
597 484
27 481
997 863
128 766
885 557
748 659
407 599
330 182
884 969
163 948
663 515
745 774
589 275
376 252
982 73
228 911
440 987
681 811
999 6
904 346
471 25
606 156
902 16
863 151
82 988
151 353
469 471
442 830
388 851
58 752
53 696
294 221
302 482
566 185
366 874
854 333
772 577
213 459
917 733
760 419
881 391
72 61
56 654
566 352
28 484
137 343
678 441
744 800
61 975
676 566
894 297
655 800
835 911
194 338
963 734
682 493
738 60
873 505
244 654
395 97
319 972
575 597
425 675
424 657
46 677
418 714
896 547
994 140
634 369
77 214
609 326
123 711
702 617
103 209
207 341
388 805
409 973
631 288
732 515
675 874
508 146
956 346
603 710
355 599
524 529
729 849
92 840
919 14
516 397
332 928
246 568
536 411
687 163
266 89
945 283
960 265
156 981
596 260
849 333
802 819
189 535
737 936
787 927
815 343
467 463
57 314
197 145
933 257
302 833
811 402
879 119
222 549
311 746
87 155
633 661
640 993
998 922
932 280
916 581
196 241
830 674
57203 -1 -1 63331 53429 -1 -1 -1 39801 -1 -1 42377 -1 -1 -1 -1 25031 40294 12233 -1 58433 -1 -1 35752 -1 -1 -1 -1 41767 -1 -1 -1 -1 16882 36162 -1 44536 -1 -1 -1 -1 -1 -1 -1 -1 -1 -1 -1 -1 -1 -1 -1 46098 -1 -1 65024 43013 46371 -1 -1 -1 -1 -1 -1 -1 29137 -1 -1 -1 -1 -1 -1 51305 -1 -1 -1 -1 39000 -1 -1 59106 36719 -1 34235 -1 38567 -1 -1 -1 -1 -1 -1 -1 -1 45743 -1 -1 -1 53711 -1 9807 63090 -1 62109 -1 -1 -1 -1 -1 -1 -1 -1 -1 22594 -1 56574 -1 -1 44572 -1 -1 -1 25304 -1 -1 -1 -1 -1 -1 -1 -1 43668 -1 -1 -1 -1 -1 53174 56981 -1 -1 -1 29332 -1 -1 -1 -1 18871 -1 -1 -1 -1 791 -1 60201 -1 -1 -1 -1 -1 34791 50887 -1 -1 56408 -1 -1 -1 -1 -1 -1 31251 -1 -1 -1 -1 -1 38127 -1 60325 -1 -1 -1 -1 -1 27967 -1 -1 28993 -1 -1 -1 -1 -1 -1 -1 -1 50325 -1 -1 -1 -1 -1 30153 -1 7894 -1 -1 7412 35067 13406 22146 -1 33765 -1 -1 -1 48961 -1 -1 -1 -1 -1 -1 -1 -1 -1 -1 -1 -1 -1 -1 -1 -1 -1 42731 -1 31258 -1 -1 -1 -1 -1 -1 -1 -1 -1 -1 -1 -1 -1 -1 56909 -1 -1 -1 -1 -1 60765 -1 42487 -1 -1 -1 -1 -1 -1 -1 -1 -1 -1 -1 -1 -1 64420 -1 -1 -1 52557 51773 4794 -1 -1 -1 53450 6638 -1 -1 -1 23782 -1 -1 -1 -1 -1 -1 -1 -1 -1 59333 -1 -1 29983 24061 -1 -1 -1 -1 -1 -1 -1 -1 -1 -1 -1 -1 -1 -1 -1 50443 -1 -1 -1 -1 -1 -1 -1 -1 -1 -1 -1 63866 -1 -1 -1 -1 -1 -1 -1 -1 918 -1 -1 24961 55583 -1 -1 -1 -1 48007 -1 -1 22932 -1 -1 -1 -1 21528 -1 -1 -1 -1 -1 -1 -1 -1 6260 60893 -1 47422 -1 -1 -1 39769 55478 -1 -1 -1 -1 4335 -1 -1 -1 -1 -1 44627 -1 -1 -1 26744 -1 -1 -1 -1 -1 17668 -1 -1 -1 -1 -1 -1 -1 -1 -1 -1 -1 -1 -1 -1 -1 39118 -1 25332 -1 -1 -1 -1 -1 -1 30241 49420 2403 -1 -1 -1 -1 -1 -1 -1 7716 -1 -1 14969 -1 25511 -1 -1 -1 -1 51672 -1 -1 -1 -1 -1 -1 -1 47405 -1 -1 -1 -1 -1 -1 -1 -1 65324 2093 -1 -1 -1 -1 -1 -1 41601 20156 -1 -1 -1 -1 -1 -1 -1 -1 -1 43341 -1 -1 -1 -1 -1 -1 -1 20843 -1 -1 25454 -1 -1 49747 -1 -1 -1 -1 -1 -1 -1 -1 52430 -1 43173 -1 -1 -1 -1 -1 -1 -1 -1 -1 -1 -1 -1 -1 -1 65032 -1 -1 25849 -1 -1 -1 47845 2405 -1 -1 31031 49633 -1 -1 62093 -1 -1 -1 -1 -1 -1 -1 -1 -1 3036 -1 -1 26264 -1 -1 -1 -1 14834 -1 36303 -1 -1 -1 -1 48709 -1 -1 -1 -1 -1 -1 -1 -1 -1 -1 -1 -1 -1 -1 -1 -1 62691 26005 48905 -1 -1 -1 48643 -1 -1 -1 -1 -1 -1 -1 -1 47633 17360 42454 -1 -1 -1 -1 -1 -1 -1 -1 -1 16456 -1 -1 -1 -1 52067 -1 -1 -1 -1 -1 3103 -1 -1 -1 -1 -1 -1 5598 -1 -1 24699 -1 -1 -1 7163 -1 -1 -1 -1 -1 -1 6477 -1 -1 -1 4401 -1 -1 -1 -1 -1 -1 -1 -1 -1 10901 -1 -1 -1 -1 34264 -1 -1 -1 -1 41690 -1 -1 -1 65149 -1 -1 36625 -1 -1 -1 -1 -1 25643 -1 -1 -1 -1 -1 -1 -1 -1 -1 -1 -1 -1 -1 -1 -1 -1 -1 60728 24634 54434 -1 -1 -1 -1 -1 -1 -1 -1 -1 -1 -1 -1 28488 51590 -1 -1 -1 -1 -1 -1 -1 -1 6167 -1 -1 -1 -1 -1 -1 -1 -1 -1 27662 -1 -1 -1 -1 -1 -1 -1 -1 -1 46122 20198 1702 -1 -1 -1 -1 -1 -1 -1 -1 -1 -1 7109 -1 -1 -1 -1 -1 -1 -1 -1 -1 -1 -1 -1 -1 -1 -1 -1 23152 -1 -1 -1 61002 -1 -1 -1 -1 2654 41735 -1 -1 38706 -1 -1 -1 -1 -1 46864 -1 -1 -1 -1 -1 -1 -1 -1 -1 -1 -1 -1 -1 -1 -1 17657 -1 11349 -1 -1 49462 -1 -1 59241 -1 -1 -1 -1 -1 -1 -1 -1 -1 -1 -1 -1 -1 -1 39809 -1 -1 -1 -1 50841 -1 -1 -1 55768 24032 -1 -1 -1 -1 -1 44428 -1 -1 -1 46765 -1 -1 22364 -1 -1 -1 -1 -1 -1 -1 -1 63384 -1 -1 -1 -1 -1 64645 55323 -1 -1 -1 -1 16479 35686 -1 -1 -1 -1 -1 -1 -1 -1 -1 -1 -1 25385 -1 -1 39439 -1 -1 -1 -1 -1 15095 -1 33665 -1 15567 23582 -1 36262 -1 -1 -1 -1 -1 -1 16930 -1 -1 -1 -1 -1 5773 -1 -1 -1 -1 -1 -1 -1 -1 -1 44298 -1 8930 -1 -1 -1 -1 10546 -1 -1 -1 -1 -1 61786 -1 -1 -1 -1 17224 35564 -1 -1 46842 -1 -1 -1 -1 -1 -1 -1 -1 44132 6677 -1 26015 -1 -1 -1 -1 -1 -1 -1 -1 -1 -1 -1 41789 30731 -1 -1 -1 -1 -1 -1 -1 -1 64179 -1 -1 -1 -1 -1 -1 -1 -1 -1 -1 -1 -1 -1 -1 -1 -1 -1 -1 -1 -1 -1 38214 43914 -1 -1 -1 -1
6
1 121 15 191 2
1 71 6 870 2
1 411 11 408 2
1 524 4 751 3
1 623 4 759 4
1 368 12 546 9
