1000 5000
32 209
400 143
359 565
462 244
114 808
358 457
96 940
901 562
723 284
693 812
732 878
133 105
822 71
279 717
108 364
147 343
597 879
818 143
927 952
711 673
878 28
993 920
587 996
816 419
917 568
172 738
947 965
212 515
59 148
848 910
483 24
976 715
480 424
283 944
481 511
940 400
736 115
176 337
954 17
188 444
687 649
564 151
17 896
119 35
887 718
649 511
366 836
414 824
366 309
17 687
924 220
292 546
813 663
336 849
681 820
628 982
80 120
915 933
62 725
591 71
376 929
733 292
732 387
411 665
620 285
447 892
646 847
385 514
428 286
334 671
280 761
756 903
116 779
472 363
440 117
775 664
415 501
679 94
752 304
761 783
982 908
268 366
938 483
849 494
578 126
839 683
607 582
162 253
800 256
754 362
930 461
697 935
761 448
939 676
129 584
788 771
615 680
568 441
654 931
270 805
383 951
972 85
945 112
662 308
1 635
569 889
791 731
709 914
664 249
127 819
918 436
339 159
905 423
198 376
269 563
171 115
357 792
879 673
792 906
360 186
278 437
813 579
476 101
640 251
892 504
188 261
91 513
843 261
857 12
641 411
959 4
392 523
420 809
190 626
403 578
990 995
611 745
499 436
985 628
89 198
294 752
592 22
460 47
623 612
559 945
313 960
756 556
510 793
782 475
329 52
689 217
820 961
144 618
700 653
298 912
293 206
425 382
575 663
513 557
692 669
323 77
515 493
622 275
974 898
141 714
775 470
469 395
551 855
897 633
17 138
436 555
305 652
110 18
674 433
60 876
100 335
180 147
360 351
730 489
673 219
630 911
300 777
635 401
58 246
125 656
675 777
759 460
325 188
601 646
102 448
493 658
193 127
141 597
978 686
720 128
302 885
876 271
241 594
325 736
897 708
154 110
345 875
756 534
683 786
390 541
906 321
949 798
265 410
923 886
726 302
932 568
589 498
665 365
113 197
615 320
264 704
264 649
155 896
4 43
251 939
808 61
440 522
477 698
285 783
297 897
69 998
549 714
649 869
375 658
882 607
781 754
406 130
89 737
885 187
107 82
885 878
810 276
626 19
510 222
892 454
409 718
54 617
453 951
968 73
839 232
338 51
283 748
83 30
206 573
866 253
780 281
839 524
472 487
868 835
509 114
949 733
636 977
391 979
422 555
930 261
784 855
863 815
785 917
717 179
899 747
789 584
738 110
657 911
625 323
155 624
897 590
229 889
339 675
674 19
336 323
341 205
46 233
228 374
385 954
429 813
676 187
48 394
1 188
591 244
430 454
842 760
907 749
445 38
627 552
609 894
635 916
281 513
628 352
966 203
488 442
884 329
921 110
322 194
36 130
566 250
420 203
343 82
745 221
333 88
311 629
189 872
95 191
216 561
881 136
554 652
896 835
276 601
632 321
569 930
519 269
852 320
202 80
729 316
753 876
883 648
823 131
904 925
711 306
418 120
339 148
292 258
87 845
347 260
907 44
799 677
213 487
279 555
402 59
145 661
483 207
513 840
880 68
233 308
114 799
64 443
487 485
966 167
376 769
258 448
349 31
512 165
936 618
866 717
411 985
476 640
376 604
535 494
680 583
779 255
982 767
304 492
362 334
924 391
319 81
844 440
484 421
717 274
773 460
235 715
186 413
549 877
238 770
228 770
906 724
893 688
409 299
231 799
308 376
817 700
134 870
684 18
99 461
800 720
805 266
931 788
559 746
140 183
465 49
396 14
715 814
353 239
173 977
853 130
754 670
903 88
844 477
809 88
690 497
386 999
969 774
646 581
661 693
225 777
422 983
475 699
244 254
906 48
555 506
692 995
903 907
978 809
564 140
584 262
611 197
8 179
112 678
218 994
646 656
985 307
682 711
70 67
559 357
766 188
818 21
273 940
710 126
187 298
68 435
825 467
996 759
497 829
853 46
434 677
273 407
120 709
16 607
58 927
848 351
273 979
550 576
64 341
317 584
80 567
294 815
942 987
481 940
872 556
496 474
491 653
632 915
50 772
423 790
155 718
824 638
218 414
376 923
105 389
875 618
458 817
156 337
572 901
769 433
958 731
848 516
853 581
106 231
928 223
48 516
881 789
815 344
51 787
27 689
116 524
800 133
48 621
973 481
117 426
902 263
166 429
13 136
574 615
71 130
536 583
237 573
355 968
11 292
659 711
259 50
682 517
8 726
781 101
884 84
224 271
273 620
908 23
690 234
752 869
603 298
786 722
479 392
386 924
36 539
136 287
531 533
130 558
101 635
235 117
427 769
508 551
963 411
37 65
886 489
531 522
952 692
632 73
712 450
574 737
962 155
141 124
401 65
88 277
287 355
709 372
438 170
735 883
552 286
291 893
697 812
908 909
774 444
262 147
803 689
764 271
57 9
858 460
213 478
304 633
855 553
25 108
89 422
697 977
870 602
637 783
8 519
202 118
225 286
856 633
120 616
777 925
822 613
656 7
150 398
915 681
905 560
572 84
710 882
720 303
93 115
305 472
339 86
278 23
309 167
365 533
782 431
633 113
95 434
830 409
224 919
561 844
348 874
287 738
652 240
648 254
366 776
413 339
124 820
558 314
708 17
422 756
545 189
10 833
656 372
744 192
323 928
829 755
998 342
622 658
917 134
62 243
772 725
877 928
474 940
152 756
845 937
604 452
222 592
928 347
795 858
617 556
57 292
157 35
574 345
480 601
907 321
630 228
970 555
561 274
9 787
583 569
783 826
340 930
535 220
48 214
759 44
650 922
796 936
219 287
39 572
2 91
733 408
676 185
314 882
845 481
651 721
566 521
134 699
371 784
697 560
478 929
554 83
878 809
414 466
245 863
129 866
744 774
120 102
775 65
610 48
30 437
70 12
435 212
304 901
905 801
62 777
79 600
134 655
859 31
626 213
375 740
141 355
404 152
455 117
785 60
217 712
937 362
260 311
170 746
152 764
852 168
891 522
682 329
427 918
302 0
378 118
627 726
688 291
360 293
315 305
382 397
560 114
661 260
72 411
545 973
879 558
331 169
942 872
715 279
586 541
941 27
160 632
86 351
739 35
674 739
43 909
316 597
649 554
142 350
227 127
956 839
869 716
973 527
904 371
457 327
708 630
327 54
580 355
338 750
343 656
852 862
421 428
843 647
811 154
236 538
565 543
824 860
17 952
19 819
774 606
964 75
553 624
431 119
147 681
700 999
112 909
199 61
131 813
675 685
744 274
275 709
634 858
449 832
601 510
348 565
645 753
94 257
366 248
923 843
252 915
269 339
273 974
718 138
784 826
769 694
98 848
642 294
139 539
636 988
442 719
417 340
611 568
362 103
173 476
391 248
216 135
950 45
64 824
781 518
613 427
4 257
957 778
998 456
447 362
555 143
43 615
832 480
517 670
54 816
581 594
936 867
938 103
459 531
471 120
150 429
91 947
442 96
371 730
833 664
252 549
763 638
829 292
745 900
667 94
293 328
338 291
606 389
259 735
618 962
748 328
286 313
375 204
661 76
873 434
332 212
551 57
15 40
227 901
977 873
901 586
857 979
408 385
78 300
414 90
922 303
433 428
741 407
357 175
52 842
302 265
526 120
399 87
797 930
353 11
871 434
654 122
900 284
883 692
570 707
970 706
583 991
41 709
61 784
419 707
860 21
386 898
118 184
426 877
993 871
896 771
109 404
253 199
513 410
245 598
938 73
270 487
298 182
822 127
220 56
698 762
757 16
492 504
676 923
613 270
622 193
575 664
870 528
729 622
80 114
261 837
352 614
452 222
517 775
371 182
151 439
938 757
767 63
359 427
763 106
137 50
596 258
137 771
145 735
844 537
972 650
480 567
406 470
229 256
131 212
393 907
942 672
182 633
536 705
403 358
892 624
762 296
567 534
765 979
208 327
317 973
779 713
774 339
841 910
38 173
454 392
47 630
488 899
6 559
380 928
702 556
947 624
35 646
813 518
851 396
200 818
299 436
548 189
40 688
67 912
820 230
104 624
61 659
491 218
986 41
964 309
997 360
280 640
477 19
344 725
676 921
822 690
740 870
90 284
395 665
338 431
341 446
386 455
973 912
312 927
66 850
822 910
284 167
821 527
941 652
925 854
768 594
158 560
779 609
156 887
642 303
565 253
944 706
764 888
545 745
928 359
619 560
439 395
107 1
850 828
15 678
731 937
861 758
13 884
646 36
845 900
272 879
983 338
940 801
772 831
639 376
702 36
335 797
114 58
562 797
943 486
915 377
128 30
685 443
696 100
673 944
753 731
264 874
299 429
190 17
575 482
457 344
521 429
708 91
473 778
376 266
116 705
977 432
591 524
538 990
981 965
41 723
635 890
820 797
954 831
33 951
753 685
303 599
704 750
533 348
173 655
396 215
37 201
399 854
351 111
318 615
464 716
251 987
133 20
240 625
182 562
848 770
236 757
291 716
2 811
971 362
557 173
122 132
665 388
708 337
707 137
466 536
443 980
861 496
111 981
116 10
95 534
609 350
672 302
243 424
388 574
241 860
265 249
848 880
482 276
17 690
455 649
403 293
190 130
464 161
894 298
691 964
100 292
175 22
485 774
307 501
793 708
747 503
667 35
982 556
259 382
11 411
314 627
482 781
909 101
357 511
649 828
480 974
37 777
576 602
118 278
343 153
293 550
111 187
286 18
916 215
127 265
70 119
528 12
380 286
978 861
45 187
173 251
771 302
802 340
368 669
305 435
39 664
387 949
119 903
546 966
963 207
813 545
722 835
417 967
605 238
267 256
829 228
232 726
445 425
188 868
285 974
377 735
552 401
343 954
584 54
754 562
542 168
112 973
569 481
430 423
839 948
710 36
300 957
650 661
7 202
590 447
138 740
49 772
461 97
964 92
111 376
173 796
130 884
834 722
225 347
949 409
981 145
385 787
557 905
509 274
395 132
727 413
67 597
671 792
604 5
730 150
443 74
66 964
841 884
339 907
509 994
960 429
775 124
804 782
412 882
302 89
652 320
729 229
687 631
994 251
580 426
312 274
128 129
417 9
595 195
538 492
622 668
161 829
872 603
138 952
977 58
837 443
1 230
783 228
566 222
113 755
967 52
160 31
907 285
764 509
53 580
647 733
799 388
52 635
818 107
438 490
438 859
192 193
80 704
794 552
72 83
375 768
133 306
991 444
681 594
487 783
547 24
831 50
669 298
233 517
808 365
404 632
270 739
203 912
370 515
56 333
996 140
181 723
433 911
472 323
356 163
35 814
244 931
80 830
2 201
718 286
960 482
768 509
775 659
693 376
144 481
458 503
634 697
136 527
895 361
211 486
995 28
430 954
151 264
467 505
965 46
759 861
13 507
769 850
932 751
942 617
731 24
922 413
198 952
304 338
29 890
789 591
707 675
827 164
651 616
339 291
133 827
208 433
973 315
83 39
772 721
846 631
763 730
855 688
303 94
739 722
814 374
443 235
631 941
863 997
366 813
519 656
132 17
982 937
207 176
567 959
821 417
183 872
355 575
741 897
135 571
451 893
334 947
717 359
55 71
504 543
258 563
896 987
623 12
900 113
98 880
906 499
268 325
879 633
599 965
884 602
500 287
435 723
341 918
165 588
841 345
101 357
323 721
528 523
876 226
421 742
5 97
312 133
878 260
158 132
787 870
209 433
965 431
273 636
283 526
198 652
971 838
331 96
596 255
268 700
359 233
791 102
623 890
702 31
319 83
374 514
382 20
678 73
203 817
189 683
516 933
810 314
64 288
21 80
217 967
323 26
996 17
696 542
137 411
129 348
841 789
176 516
834 25
796 137
257 205
678 794
845 445
834 749
520 89
237 10
551 871
353 32
672 583
782 422
93 18
365 525
576 466
859 596
816 946
67 773
28 346
794 325
647 259
199 949
904 376
364 564
602 617
599 398
338 177
295 402
352 339
711 634
875 589
636 445
686 633
711 14
7 193
861 256
203 706
516 104
468 421
372 232
446 566
756 156
255 296
82 663
904 545
783 17
679 554
525 73
92 450
323 723
177 294
391 997
725 627
687 261
619 364
738 358
882 337
190 987
602 983
569 738
611 225
538 114
294 604
805 0
682 579
465 30
861 850
118 313
308 899
628 262
324 317
185 270
600 448
87 660
233 304
9 497
276 777
374 87
557 897
692 817
594 218
915 569
823 587
306 362
382 385
838 944
820 54
40 28
485 663
523 994
847 296
60 501
89 138
498 770
475 636
501 270
43 486
592 969
144 551
234 677
672 416
23 171
368 160
534 342
611 740
423 231
847 247
601 686
131 547
31 5
232 389
202 640
74 438
729 417
944 817
332 949
676 210
428 174
871 296
639 753
358 60
74 568
668 364
134 664
506 143
421 720
345 905
745 702
541 956
729 728
906 176
765 840
407 894
512 320
581 382
293 429
552 82
787 788
655 362
47 252
782 960
705 939
959 861
928 661
430 68
830 643
421 868
909 428
879 572
872 698
455 981
488 177
520 634
248 555
889 939
324 555
939 883
817 370
152 545
890 475
649 368
106 505
646 527
268 710
240 205
819 119
301 856
816 819
248 499
436 374
294 805
265 18
524 347
600 594
481 614
0 475
658 155
41 164
826 130
728 762
919 394
808 872
468 824
616 31
485 973
527 879
900 493
573 691
45 469
144 325
590 827
66 920
685 723
484 962
526 966
756 807
976 159
934 567
406 32
988 24
914 42
796 915
517 948
330 704
596 116
482 892
321 250
607 280
45 246
235 910
503 663
594 488
571 68
35 437
224 211
922 409
191 727
378 260
884 106
10 351
514 194
295 971
262 152
992 164
442 404
282 964
202 431
372 573
101 123
716 288
316 813
975 862
452 39
501 633
534 52
746 514
437 458
370 239
4 203
179 894
284 369
813 670
247 215
623 944
624 202
668 75
806 610
240 333
71 558
387 615
479 329
810 196
320 623
93 215
708 406
390 416
360 71
96 117
157 418
95 248
29 868
396 470
249 520
600 504
390 375
548 57
452 515
284 858
913 47
114 263
716 614
879 390
930 12
276 970
592 432
454 482
613 465
873 94
4 576
803 763
695 211
308 481
404 853
668 625
515 34
57 346
373 271
924 498
272 442
749 890
740 391
110 207
962 819
97 76
38 798
290 115
187 806
472 627
253 454
612 413
345 822
618 202
797 140
317 723
71 694
974 539
726 488
580 825
131 328
179 437
895 836
443 144
316 151
252 896
530 896
313 353
562 336
673 240
565 400
596 598
281 503
925 879
864 232
628 872
697 658
508 662
879 129
17 172
90 410
377 298
621 437
15 830
712 653
102 277
462 342
697 862
859 87
146 369
11 22
435 951
224 861
600 597
205 776
285 905
977 259
855 913
525 874
814 340
603 523
957 279
143 504
630 772
550 850
501 171
697 148
417 883
456 407
651 325
696 624
621 287
965 971
914 63
472 583
802 435
368 820
948 104
403 863
329 83
489 212
298 45
242 938
68 659
770 206
960 237
236 166
387 722
937 222
92 59
937 507
811 924
541 141
892 885
829 462
621 733
552 414
341 801
434 471
724 208
241 680
991 900
473 648
80 443
902 960
688 290
415 123
312 549
901 972
673 189
215 273
847 352
719 889
31 278
137 995
175 429
548 523
698 388
117 35
789 440
575 559
328 377
718 12
348 426
890 816
473 821
630 869
837 542
637 904
260 632
98 247
124 607
415 107
75 167
337 172
692 313
570 655
461 417
836 318
101 428
676 961
976 765
428 686
218 292
907 528
553 73
154 696
238 81
911 258
951 545
887 358
300 822
462 702
661 169
716 363
93 114
965 375
781 57
634 747
249 541
86 760
868 710
786 796
624 458
837 531
735 339
21 862
223 482
135 313
230 983
923 357
178 967
848 314
109 87
730 216
239 180
312 987
428 648
209 573
600 90
456 349
601 825
275 301
275 189
458 108
223 218
923 778
375 954
913 536
538 904
753 959
636 42
915 436
505 212
272 682
530 504
851 641
745 230
836 426
307 757
83 727
383 136
820 960
693 174
400 373
538 286
696 583
805 61
240 644
194 778
573 671
200 403
374 834
198 895
656 686
151 819
468 504
359 116
601 454
75 641
567 14
258 644
792 581
355 51
928 484
774 335
701 158
188 404
49 801
111 510
620 600
967 362
270 142
271 218
466 547
408 488
474 201
363 298
86 388
240 506
349 583
17 663
243 909
379 582
467 119
644 522
460 486
475 574
228 280
242 850
156 922
228 461
80 129
204 98
911 988
242 423
448 34
9 247
35 663
413 494
659 931
555 740
110 224
654 661
49 271
235 224
819 375
43 178
412 341
794 332
436 377
635 154
55 533
364 584
258 469
80 652
838 710
914 203
291 70
360 4
923 966
383 728
663 898
527 997
497 414
408 317
195 594
47 482
597 905
333 273
237 355
704 387
777 418
683 64
469 18
291 539
553 137
686 433
359 166
563 678
259 979
815 740
176 938
905 792
189 43
481 431
720 139
906 676
729 781
174 34
461 175
204 86
85 612
634 538
621 391
350 364
958 942
740 335
497 361
243 346
702 580
835 205
732 680
271 887
614 444
437 845
236 372
576 870
887 53
820 385
391 655
323 451
209 569
763 869
280 191
174 966
421 286
642 636
337 537
338 776
213 701
632 17
594 785
97 918
385 175
141 515
116 624
834 506
4 40
587 352
304 543
765 465
156 971
742 187
574 383
653 576
746 1
865 51
430 665
410 618
919 9
341 766
577 776
477 333
645 157
680 388
402 967
379 204
759 128
468 6
425 800
111 390
234 132
554 3
601 143
342 294
970 569
756 581
377 13
757 650
782 34
249 838
630 826
144 525
824 330
443 409
338 593
247 314
601 648
800 837
39 306
918 343
43 763
876 900
42 376
827 476
202 231
482 306
114 634
878 175
907 460
91 557
739 646
373 962
34 61
177 689
801 516
564 660
527 957
703 715
14 152
629 725
968 165
671 641
5 760
600 68
738 836
8 502
206 417
969 740
282 55
905 380
242 836
23 290
311 587
33 974
760 963
662 954
25 78
491 867
80 992
110 196
688 921
800 434
776 461
836 16
208 540
321 916
498 882
833 784
890 563
979 152
919 950
706 666
103 924
357 321
875 963
728 53
985 860
57 632
838 205
591 617
32 604
325 539
616 803
203 970
505 776
684 5
150 119
18 74
251 800
372 820
451 967
650 480
662 825
147 905
762 843
808 995
257 952
339 724
669 297
420 665
991 399
621 495
524 382
358 849
506 509
443 352
464 177
773 916
224 307
328 469
793 570
544 686
143 992
735 506
883 754
34 628
238 703
91 189
502 743
830 985
153 538
245 955
354 256
158 483
456 285
673 460
342 209
697 308
586 23
991 559
530 994
302 745
309 489
401 808
981 445
989 668
600 307
335 501
34 660
375 141
101 324
381 246
970 408
754 33
642 135
337 236
470 54
995 686
383 834
18 438
788 105
617 30
613 189
896 367
887 491
365 107
68 54
450 341
838 767
406 858
550 628
218 34
236 414
979 528
699 814
228 900
471 439
687 38
85 558
382 8
905 918
844 811
968 272
96 273
309 705
756 571
73 816
966 118
379 886
421 465
881 377
377 364
913 391
125 47
471 194
258 543
342 451
985 959
132 162
872 152
566 471
768 601
726 383
500 263
490 798
869 338
492 476
787 558
276 511
534 404
461 331
480 647
571 663
476 410
837 413
145 839
878 77
475 208
139 865
218 172
609 341
607 774
753 421
234 865
41 250
400 482
378 992
734 370
827 340
316 287
791 295
764 242
428 94
875 208
375 783
498 380
483 694
243 165
716 75
251 339
56 291
6 292
931 103
987 212
342 528
227 811
86 692
639 20
582 642
943 328
704 138
354 895
234 791
218 490
302 164
595 299
279 290
808 287
34 0
759 838
825 783
154 980
542 850
185 789
821 121
509 899
372 448
340 541
453 996
439 250
471 679
323 192
118 812
583 25
214 848
635 676
693 525
326 300
46 643
783 397
753 372
797 468
579 858
214 692
482 252
116 734
700 701
537 510
215 711
255 310
564 516
113 173
755 532
570 452
978 146
971 595
943 51
456 977
71 574
740 554
339 127
374 509
831 547
756 176
801 266
441 423
945 794
318 463
326 443
286 35
577 116
290 444
394 593
650 331
358 271
20 624
88 926
276 386
542 470
128 915
238 355
561 115
281 309
941 678
412 974
387 419
361 972
871 5
525 49
401 231
878 539
103 490
902 689
749 391
639 630
103 387
915 907
186 287
37 393
822 318
736 120
208 375
757 598
939 975
597 38
631 642
119 674
843 886
143 618
646 583
869 613
83 445
764 543
308 918
936 440
882 832
405 701
882 284
227 775
987 15
727 149
12 642
23 432
99 598
891 949
314 424
154 924
883 164
923 818
906 55
524 742
843 393
968 982
378 338
809 295
183 643
911 370
89 284
931 760
788 803
785 804
45 373
320 632
907 591
9 586
652 787
232 946
260 893
301 409
603 143
438 300
326 36
333 256
242 86
41 275
13 478
369 689
913 42
931 25
731 622
363 67
240 474
634 698
769 345
546 653
621 833
775 322
391 399
286 317
89 642
265 923
494 729
18 627
554 568
892 354
884 229
455 737
30 840
656 880
138 458
429 590
46 88
108 788
301 463
36 4
795 374
359 48
873 836
580 484
88 759
375 219
708 675
375 795
814 565
757 837
15 496
138 255
880 841
793 936
231 131
744 968
500 414
47 981
248 462
881 358
611 287
435 65
45 158
846 707
780 917
150 138
470 993
122 801
282 850
603 880
288 516
493 752
559 702
25 547
313 789
995 353
634 926
574 557
935 516
753 483
838 938
25 977
768 449
794 999
470 703
759 919
280 595
579 137
611 422
137 706
369 443
466 469
871 249
167 354
512 347
355 952
706 146
444 144
293 635
98 201
930 753
370 464
579 192
927 372
12 873
82 43
721 304
271 665
274 323
848 365
453 876
845 273
268 538
161 263
438 888
340 252
488 116
411 556
775 122
416 216
616 785
70 358
791 710
423 597
204 516
308 140
645 161
612 237
261 789
30 556
902 782
446 945
327 894
375 35
827 551
409 474
136 581
821 888
254 431
404 829
992 278
102 37
660 247
273 855
645 166
416 232
711 544
860 235
157 802
170 723
531 629
147 966
485 427
733 623
640 844
706 531
149 730
970 239
652 958
656 548
376 462
121 48
906 234
692 975
183 167
427 85
67 784
150 610
414 30
480 64
316 436
868 57
313 314
563 554
656 718
797 664
897 866
249 170
37 963
830 153
635 311
610 299
912 853
849 591
251 288
846 850
425 31
214 821
685 972
935 781
991 342
995 496
260 828
791 399
334 132
498 657
187 653
222 716
243 710
840 289
168 517
4 126
956 192
108 939
193 162
571 145
857 373
780 562
918 771
777 219
906 161
72 510
885 726
702 568
442 628
833 760
384 911
638 448
644 486
191 136
566 641
169 531
544 34
931 512
293 394
99 18
375 475
98 94
74 356
402 685
165 522
113 256
727 245
639 173
996 245
608 706
412 368
351 733
919 461
210 629
915 719
202 33
634 282
772 434
485 343
566 964
137 237
623 896
805 46
840 37
874 365
574 942
711 55
242 792
696 267
561 339
369 195
746 73
575 126
159 599
241 978
215 368
679 882
381 509
876 665
393 590
330 655
875 196
903 194
928 42
961 316
313 209
446 834
545 496
232 274
995 49
826 809
669 630
134 747
632 744
291 766
920 718
827 398
598 203
937 68
49 111
386 129
794 691
107 172
851 955
243 642
362 222
951 656
215 581
741 278
95 982
959 167
303 704
193 831
707 978
458 721
454 930
449 911
427 99
529 703
205 631
863 230
253 388
214 233
684 114
967 739
775 785
171 619
231 785
479 497
564 446
565 125
403 424
354 398
342 908
816 280
133 654
817 254
348 920
598 926
928 210
228 684
823 121
529 881
875 671
638 578
143 266
850 411
854 405
463 191
288 122
166 568
839 459
253 717
177 969
970 190
265 41
671 400
720 649
719 311
757 278
51 347
536 645
770 850
954 540
883 981
309 260
60 0
748 847
470 100
535 897
29 598
123 370
784 762
210 299
123 936
997 421
339 99
784 761
342 915
791 482
955 627
219 390
28 88
890 608
230 626
371 749
722 404
865 230
887 758
897 81
462 704
365 750
199 757
580 994
402 803
269 430
396 868
550 308
479 811
309 852
312 834
75 625
346 226
376 49
13 972
301 356
847 139
490 927
636 78
634 543
802 706
210 628
520 643
572 460
781 265
548 631
882 559
753 602
916 554
685 97
714 364
795 461
951 403
243 260
105 54
961 116
630 289
193 852
73 784
927 786
652 237
874 213
819 34
853 548
100 523
287 659
149 416
451 828
975 247
757 203
716 864
357 424
258 45
436 418
583 500
240 297
952 119
352 11
175 52
490 917
542 682
677 394
272 501
679 717
870 37
473 800
680 174
634 764
250 204
635 411
859 50
346 461
92 207
552 81
243 460
180 99
269 172
500 838
541 996
281 395
126 867
48 540
499 209
615 164
800 203
775 883
216 488
733 926
50 934
792 294
515 775
68 336
287 918
128 483
303 872
501 897
907 901
746 578
667 981
945 590
111 989
722 863
737 494
408 247
973 61
628 301
382 651
44 194
41 794
528 806
517 28
834 370
585 58
530 226
640 232
478 103
188 846
233 870
238 330
374 365
687 874
462 359
904 255
461 972
901 271
425 299
971 43
172 868
59 852
665 329
936 208
721 535
142 193
76 760
553 970
907 863
105 890
884 350
144 872
593 397
247 281
938 175
163 548
582 446
211 357
126 783
229 703
846 684
829 968
712 122
692 442
833 38
125 953
477 600
314 372
593 540
967 813
240 178
155 892
295 989
3 393
954 698
362 908
687 635
690 843
632 374
776 410
510 310
332 46
356 770
115 184
537 36
649 541
185 107
408 443
882 548
836 55
836 798
444 814
961 442
200 522
131 855
392 774
40 738
224 393
675 688
499 608
810 414
363 129
752 763
616 254
612 942
456 673
118 806
460 41
42 256
371 113
519 990
115 152
957 295
621 583
953 406
518 731
669 302
803 406
12 216
384 488
342 947
45 735
124 989
517 90
548 833
916 21
533 617
467 681
177 391
833 788
940 911
551 311
985 458
155 243
11 806
50 383
450 265
763 480
535 802
22 135
559 275
909 244
657 408
935 421
968 276
288 765
133 352
727 364
205 56
445 112
540 83
946 535
333 262
688 455
967 424
707 892
143 71
454 796
499 740
834 227
459 367
756 824
691 44
121 334
104 406
709 97
204 485
662 218
945 623
989 697
393 647
544 285
349 998
887 469
199 93
244 829
669 597
518 732
185 968
522 557
301 837
530 255
514 943
745 112
658 216
738 781
665 878
944 897
159 10
10 585
597 927
531 701
822 249
570 922
39 798
977 698
547 394
998 313
697 261
868 829
313 781
596 59
625 93
918 985
435 413
183 832
429 686
491 83
781 549
95 114
402 468
421 530
706 306
238 297
618 482
2 242
78 871
743 448
194 730
419 275
197 625
116 263
798 29
206 431
394 520
359 442
337 617
649 592
677 887
881 857
972 358
614 369
176 112
556 320
635 106
636 778
439 596
929 697
416 267
942 744
682 492
142 262
58 641
165 350
84 966
455 816
44 370
298 870
646 557
512 199
513 251
508 867
214 666
72 608
227 9
672 362
814 238
222 261
78 424
266 965
164 696
305 298
604 610
777 922
84 64
651 796
589 228
970 445
354 480
232 636
502 42
59 324
247 668
183 305
498 339
586 691
708 695
106 788
565 928
994 37
522 975
894 507
979 232
60 288
426 903
595 386
88 682
28 618
923 201
355 699
167 653
390 816
99 10
960 899
507 467
659 20
119 455
237 900
981 373
485 319
994 321
630 632
562 778
196 247
149 176
835 802
773 700
951 930
657 842
729 684
702 174
892 878
337 978
247 584
915 186
412 820
288 807
0 605
372 138
800 333
586 638
69 813
519 959
241 381
153 621
313 532
340 517
181 186
56 231
744 803
738 27
258 337
761 964
237 121
140 280
621 382
941 896
725 234
70 380
482 162
152 533
456 408
387 126
999 56
549 991
144 215
364 520
921 658
290 280
396 89
14 252
289 796
301 495
824 107
68 434
80 272
334 565
591 337
871 339
585 146
704 374
838 855
941 727
299 738
34 160
946 213
544 287
573 644
816 155
846 145
508 374
350 115
21 918
722 894
858 228
158 343
268 764
161 24
843 239
630 940
910 762
600 994
602 328
374 550
583 456
87 785
459 132
858 391
810 675
267 688
280 697
748 287
615 79
317 717
730 79
291 789
692 179
294 255
852 531
893 580
954 177
363 738
544 210
371 318
580 223
358 405
421 757
451 314
650 623
291 664
452 999
910 390
754 459
505 489
597 920
862 20
757 175
328 520
30 603
328 448
407 540
289 189
494 316
876 784
713 475
933 61
562 417
657 567
682 956
642 724
669 641
295 600
345 859
158 339
355 274
87 900
913 96
887 523
620 239
891 499
885 137
820 553
923 435
997 400
25 693
298 978
234 212
741 98
476 67
523 5
421 824
867 845
995 382
962 527
348 830
34 430
997 323
3 198
937 269
730 914
696 237
76 907
561 970
344 16
590 222
221 106
981 727
435 379
429 153
472 365
972 351
730 1
978 769
89 997
81 721
658 7
413 917
957 64
427 552
223 374
399 623
745 345
945 805
670 916
202 522
651 807
313 173
37 639
871 505
955 975
913 327
40 157
970 98
221 688
535 25
849 231
933 626
298 286
49 712
74 215
916 437
992 625
40 25
149 46
550 238
195 20
885 609
492 468
789 17
948 393
247 203
30 180
294 548
679 893
220 959
860 997
811 178
703 36
693 517
375 708
328 896
128 603
815 957
698 420
67 878
475 995
25 449
229 886
2 160
286 143
932 53
882 904
175 24
769 673
85 570
138 131
317 581
205 588
124 910
695 900
129 847
116 755
77 806
769 883
238 255
856 848
702 158
743 143
780 618
833 528
787 48
970 222
570 862
106 827
107 96
426 655
209 447
293 231
514 539
579 249
255 422
688 511
442 440
673 858
908 436
248 358
448 654
479 578
186 414
410 614
982 177
979 261
309 519
726 838
238 27
201 208
875 845
611 414
164 241
123 809
978 356
888 16
732 838
31 950
554 193
313 636
769 65
21 769
199 321
164 791
742 68
348 532
717 288
301 614
835 665
110 798
555 869
590 993
603 371
331 670
768 602
442 349
756 867
615 302
810 683
752 906
203 838
922 688
751 86
994 808
473 405
207 663
101 192
627 69
928 24
557 986
629 600
560 323
758 782
255 443
408 469
50 493
108 227
353 748
564 479
132 726
363 284
817 61
420 777
762 576
187 523
981 186
203 869
637 349
905 425
920 420
57 450
332 319
636 786
547 93
158 874
83 380
551 656
626 411
462 25
919 471
82 783
379 837
83 263
42 457
610 365
62 918
744 11
668 928
432 416
729 156
717 537
276 571
99 979
35 240
242 504
158 791
161 515
204 430
82 125
3 866
739 826
558 197
464 230
995 84
393 624
665 72
658 933
681 14
255 331
952 359
203 694
637 836
639 730
364 30
116 91
960 18
827 377
600 687
567 875
159 822
344 75
195 713
568 415
459 868
407 703
492 928
178 729
571 640
795 138
5 782
114 21
476 548
594 730
387 88
692 135
860 307
472 770
469 42
926 885
186 978
691 462
637 958
393 617
27 110
828 519
933 916
170 506
829 811
621 52
442 701
778 272
29 556
517 463
818 298
778 693
764 853
518 620
959 96
132 597
49 539
953 216
255 106
932 660
594 343
582 430
816 974
491 125
26 467
73 359
607 739
896 724
565 667
204 709
541 570
981 285
707 254
563 538
934 581
802 349
866 676
27 11
478 62
603 12
195 196
312 21
947 972
440 528
204 448
153 392
451 169
761 963
129 675
186 455
812 338
186 192
486 965
689 723
114 493
451 731
113 476
30 409
286 228
835 2
169 310
718 215
251 98
14 650
652 441
522 721
324 497
126 288
351 309
685 712
516 259
938 319
825 199
588 217
994 116
421 517
743 166
553 654
811 916
46 863
80 252
35 514
584 127
728 686
398 526
810 147
979 546
696 447
279 652
536 728
47 339
683 643
875 97
813 311
807 302
872 83
499 894
43 63
526 448
696 564
488 909
94 231
824 221
473 413
279 571
761 77
228 825
645 967
393 385
996 999
879 505
251 613
280 372
108 67
539 314
147 440
106 681
741 3
261 430
853 984
184 360
715 557
189 261
517 57
316 533
13 850
380 186
670 43
279 577
766 323
371 827
730 761
34 726
279 117
467 300
732 544
973 994
539 807
451 143
421 948
572 403
787 305
579 444
900 398
496 575
446 278
886 782
240 765
696 987
265 214
809 933
337 395
302 640
554 623
72 768
817 598
687 548
151 373
502 557
42 39
539 338
849 551
432 195
500 803
706 860
205 213
262 236
737 474
845 935
27 19
548 675
426 42
218 71
228 868
220 23
779 310
844 738
183 598
652 338
580 480
241 185
693 726
111 677
676 883
186 78
507 293
636 125
300 349
927 164
658 506
526 391
260 112
851 619
519 325
74 752
347 978
117 869
65 809
611 767
328 336
321 710
772 122
59 728
774 952
745 544
419 96
219 680
948 230
922 37
588 326
198 175
543 542
314 662
753 601
760 142
185 753
429 181
445 912
436 263
347 686
217 753
824 307
392 710
710 627
582 986
638 72
561 175
646 784
581 584
724 963
286 556
338 823
230 974
184 582
159 131
228 155
360 140
994 654
85 777
60 836
742 908
223 357
701 94
931 944
975 192
712 476
134 550
429 169
307 57
767 803
605 655
994 987
93 884
337 694
377 996
401 354
766 448
682 686
130 652
983 990
625 894
723 860
740 985
635 613
738 329
207 97
370 585
882 396
635 19
776 714
297 358
774 570
729 43
107 438
997 502
439 376
669 303
62 420
498 0
20 44
681 231
5 484
815 482
86 604
826 844
325 734
283 534
958 170
953 944
16 629
469 683
266 991
935 365
499 392
815 650
931 806
621 818
320 385
552 541
404 116
567 77
961 505
812 931
181 652
100 420
527 201
432 838
288 285
249 8
503 972
865 858
228 121
668 500
764 407
327 612
767 80
624 724
15 650
347 650
693 594
199 728
741 616
532 666
683 982
854 867
110 561
30 182
90 918
350 887
348 280
980 933
151 800
983 34
103 262
787 158
349 762
564 407
92 881
187 696
766 6
97 762
612 551
893 972
522 366
670 611
216 504
143 592
557 421
312 861
721 244
997 23
655 417
755 133
684 695
797 609
58 888
476 451
483 784
983 830
715 895
415 696
378 725
990 383
949 926
423 189
461 160
376 68
163 83
263 852
157 159
763 608
266 589
452 249
146 54
735 530
174 179
990 865
563 861
966 179
958 544
699 772
835 132
174 184
443 833
488 951
156 477
159 166
227 79
362 250
919 131
252 455
773 539
566 466
113 681
814 319
711 806
197 879
754 467
990 650
586 297
65 491
329 106
871 16
566 421
481 92
645 529
915 101
3 436
212 578
84 980
745 707
624 69
948 239
866 502
447 855
547 502
429 630
651 685
260 522
1 831
228 480
725 801
816 327
109 966
329 133
542 660
963 982
970 615
258 940
469 784
358 562
554 631
246 744
183 178
14 906
307 371
142 728
937 849
647 698
23 174
283 662
927 316
234 157
196 41
745 52
737 528
649 252
852 608
115 242
433 15
666 120
9 911
390 114
340 285
763 287
635 929
77 857
983 933
725 519
667 71
546 135
604 399
740 574
820 347
842 154
175 184
425 833
126 10
533 36
201 140
940 524
642 54
397 656
21 941
619 259
143 559
664 608
418 301
294 36
740 783
231 627
744 485
159 25
44 549
756 979
716 152
256 891
746 460
440 430
855 730
793 132
143 303
688 210
157 586
147 776
489 934
618 267
378 328
300 77
210 821
443 670
533 596
254 741
79 872
492 834
919 955
373 686
110 982
20 271
110 687
727 516
428 935
90 644
66 60
984 772
89 898
586 632
265 196
207 49
913 697
143 138
715 978
468 410
147 992
683 623
931 220
859 239
939 158
356 619
453 158
706 983
660 514
711 275
64 179
106 874
798 738
657 263
509 71
784 870
595 198
899 626
81 92
275 167
274 63
363 639
540 572
133 48
33 641
498 105
460 709
775 419
81 768
813 843
181 271
910 410
66 372
994 61
52 217
535 680
166 595
366 917
44 84
851 627
584 62
884 662
35 408
725 216
147 264
321 45
641 319
456 266
424 311
212 503
240 544
613 126
103 555
158 822
382 511
550 382
913 972
191 982
411 774
191 348
460 622
442 224
499 719
458 660
943 642
224 921
876 543
352 38
195 568
830 299
909 674
568 884
909 633
688 422
905 878
54 205
469 58
564 18
730 65
957 879
799 42
931 653
70 317
268 310
446 937
332 754
831 156
559 935
384 852
594 838
423 783
315 617
759 694
459 706
292 490
833 826
403 492
854 252
87 60
661 595
247 394
354 367
991 147
874 782
76 928
368 790
774 786
981 266
759 382
53 966
433 702
712 938
436 38
832 78
448 125
711 364
950 492
213 234
791 191
520 213
710 382
527 834
62 87
861 258
48 436
811 167
580 283
161 974
274 908
180 921
257 427
62 56
12 19
674 816
481 98
35 854
209 48
377 576
424 832
890 744
927 174
678 662
805 886
610 984
422 939
712 413
244 195
526 43
415 21
130 661
535 867
591 55
248 992
721 469
126 334
105 340
839 570
183 890
357 960
921 890
478 514
244 178
249 845
951 332
190 716
46 591
517 352
327 787
690 112
309 169
720 134
737 197
545 729
427 579
991 276
971 267
868 475
155 280
950 476
397 234
200 704
550 400
221 324
466 718
395 965
743 802
548 626
742 463
649 182
999 275
819 430
579 440
282 360
565 325
252 427
751 817
836 819
385 333
985 964
822 322
439 334
286 300
310 765
260 845
186 291
542 186
10 926
591 654
327 293
36 34
331 849
530 500
669 620
989 566
0 589
605 440
543 109
102 917
595 652
216 518
605 844
873 774
482 810
859 418
335 812
907 19
643 539
121 705
699 305
310 47
73 193
475 187
42 108
460 790
175 682
970 128
520 548
428 894
193 477
697 268
971 731
865 210
59 890
335 965
813 228
989 37
424 573
743 871
56 230
742 293
538 855
271 154
523 561
804 2
795 246
659 368
153 536
323 147
821 476
375 741
453 978
550 704
514 877
966 681
697 31
833 931
250 474
492 683
51 360
460 904
57 752
615 368
553 445
445 587
886 682
680 910
610 921
622 425
844 801
715 61
726 397
749 977
911 834
120 904
908 239
41 423
533 591
786 147
354 602
225 289
146 140
334 167
856 113
967 931
72 67
923 828
768 317
133 872
925 94
591 274
167 41
107 264
517 863
208 846
335 882
492 854
498 651
104 269
204 795
140 293
15 130
559 670
412 871
310 669
351 149
253 816
328 519
184 606
206 52
78 18
487 973
257 228
832 600
91 376
900 960
713 909
460 574
269 345
204 182
198 31
968 400
812 704
256 39
141 560
56 227
543 526
844 639
216 466
826 440
506 737
259 850
266 371
290 259
999 489
409 365
637 26
843 262
31 234
927 202
305 732
281 240
601 533
669 58
232 52
867 886
974 573
683 450
416 496
401 75
332 54
749 182
58 429
25 962
95 458
418 413
888 396
516 315
191 666
249 493
916 742
960 912
892 529
412 685
837 440
661 157
736 585
390 815
206 144
935 494
203 29
343 330
436 98
625 749
836 273
81 45
625 86
561 203
891 938
340 406
722 304
116 153
203 887
197 790
582 937
400 378
873 889
323 109
735 726
201 736
168 329
78 538
872 453
688 245
213 821
316 733
279 406
971 235
502 535
751 391
648 187
649 28
120 254
203 855
407 95
467 361
793 948
94 677
215 464
895 681
923 854
355 744
485 408
118 670
589 894
201 184
469 972
936 224
745 725
8 775
329 616
347 862
583 119
386 839
976 442
816 347
203 615
240 586
583 654
178 373
997 457
938 665
636 447
460 65
897 752
332 734
776 771
264 247
468 174
356 305
291 201
754 844
122 259
542 890
547 111
819 61
156 474
35 889
271 903
515 550
357 478
995 112
546 189
957 417
133 497
877 739
240 395
195 276
204 620
193 766
838 251
862 935
798 508
437 757
759 422
851 404
826 819
842 826
245 749
449 324
721 700
363 780
691 959
50 561
621 506
837 563
695 262
795 343
594 965
662 333
531 709
645 153
402 280
526 934
186 553
188 239
255 730
435 118
600 288
689 380
797 579
290 554
731 416
353 220
898 413
848 894
978 935
395 85
732 761
713 183
461 362
780 174
930 53
613 481
701 369
840 759
108 342
759 138
388 376
326 287
954 45
582 665
710 511
53 209
705 252
685 756
40 826
514 916
636 888
691 540
46 337
116 332
826 44
427 271
903 911
665 647
3 448
187 171
245 774
427 96
25 49
692 142
255 932
7 25
913 340
822 92
722 137
275 130
323 810
36 738
249 411
378 441
118 477
296 952
456 60
319 637
725 935
498 310
640 552
433 688
844 414
261 100
610 565
73 52
769 201
985 962
949 7
320 642
220 859
644 301
497 82
526 854
724 733
876 278
509 884
842 152
384 17
666 102
915 922
317 388
391 457
845 683
172 256
843 570
93 781
320 565
306 964
824 925
88 359
438 359
844 919
303 640
727 61
435 89
573 670
336 734
920 472
228 730
468 784
689 488
607 639
679 416
589 989
114 332
509 814
680 830
177 291
229 544
394 413
631 98
194 809
43 428
997 434
252 174
187 953
352 301
841 978
320 272
144 846
513 857
862 74
568 205
194 526
579 550
464 554
956 590
112 862
405 177
313 561
123 778
887 414
20 975
639 232
800 655
684 523
739 584
734 539
701 770
665 707
255 498
81 421
498 465
300 204
314 556
263 419
354 201
84 963
364 205
384 346
503 743
547 332
513 495
665 157
541 922
205 730
915 456
712 661
356 545
294 116
69 784
23 320
394 918
185 628
199 851
356 711
784 37
82 205
610 282
152 524
187 115
11 501
639 842
216 771
608 413
994 953
240 188
0 54
938 584
539 468
865 100
774 234
807 834
842 561
9 86
529 180
151 517
166 231
258 925
279 226
268 320
93 123
304 947
524 213
692 217
482 747
176 624
349 727
429 259
988 958
945 449
50 358
133 966
805 75
961 918
407 490
340 143
696 5
891 959
2 819
557 807
167 609
203 219
36 976
880 407
628 363
624 264
835 306
335 149
88 750
592 236
762 305
953 367
253 275
39 61
75 333
838 501
81 880
401 945
216 399
115 528
187 997
789 657
639 347
88 233
497 755
943 571
850 591
688 12
139 365
452 703
300 265
259 871
118 27
255 807
223 564
214 944
611 62
504 822
387 850
923 946
508 593
433 524
799 788
25 314
149 467
255 861
811 472
679 541
281 10
163 641
24 549
440 70
311 755
799 667
700 417
967 844
86 648
393 410
237 850
936 841
424 593
459 286
142 831
117 813
717 399
320 368
216 403
136 315
129 645
942 805
31 727
615 551
770 492
929 290
315 953
446 723
597 34
146 655
865 651
533 943
892 335
790 647
270 766
192 798
137 971
721 269
46 134
3 914
53 533
783 348
498 257
758 914
858 566
804 138
97 57
831 911
710 16
736 740
493 940
458 19
441 968
349 193
376 915
343 614
996 987
371 200
164 546
365 514
480 357
256 136
930 758
846 892
345 202
428 385
229 188
371 508
155 507
497 5
100 540
464 113
471 503
485 904
143 345
485 982
156 869
721 412
781 609
283 162
600 159
464 584
340 338
150 997
212 333
973 627
746 467
674 376
648 528
868 203
200 828
252 268
952 206
251 935
609 247
644 286
786 977
5 342
767 244
131 659
625 20
779 568
879 751
543 467
336 580
441 338
190 150
510 611
429 257
621 200
161 178
661 819
650 195
330 716
67 421
570 321
787 254
109 74
609 453
944 518
379 570
904 444
904 19
154 829
946 602
449 141
449 389
722 623
975 548
476 230
663 707
574 531
662 902
572 272
498 555
193 178
858 596
879 496
687 262
23 634
66 684
529 24
654 274
257 749
146 586
486 787
510 622
8 557
458 729
206 167
229 293
28 581
38 924
17 319
857 914
880 518
802 811
335 808
726 567
311 943
265 842
142 21
384 585
35 995
518 116
299 701
770 198
731 488
98 324
29 722
798 467
291 93
81 205
831 845
4 194
319 342
784 456
897 642
529 930
362 549
643 343
376 237
327 236
600 776
597 697
815 567
233 946
140 401
112 715
790 303
47 234
736 157
256 212
163 279
589 783
241 800
216 352
25 904
304 726
924 838
361 654
953 749
993 668
996 357
408 206
642 332
878 649
362 266
746 352
950 425
67 79
849 99
335 841
51 236
324 450
933 734
686 757
960 205
284 354
20 566
852 311
991 28
786 288
721 154
468 414
326 823
229 539
795 279
525 354
383 168
202 709
307 833
469 309
-1 -1 -1 -1 -1 55272 -1 15248 -1 7842 -1 -1 -1 -1 -1 -1 -1 -1 -1 -1 -1 4287 24573 -1 -1 -1 -1 -1 -1 49619 -1 -1 -1 -1 -1 -1 60665 -1 -1 -1 -1 -1 10113 -1 -1 45276 45706 -1 24409 -1 43215 -1 -1 -1 10512 -1 5973 -1 -1 -1 -1 -1 6658 -1 -1 -1 -1 -1 -1 -1 -1 42956 2417 21781 -1 -1 -1 45340 -1 -1 -1 -1 -1 -1 59933 -1 -1 52789 -1 -1 -1 41579 -1 51369 39212 -1 -1 -1 -1 -1 -1 -1 -1 -1 45470 -1 -1 -1 38395 -1 -1 7323 27930 8337 -1 -1 10800 -1 -1 -1 -1 -1 -1 -1 37935 -1 -1 25374 50281 -1 -1 -1 20516 38755 -1 7562 46409 16836 -1 19798 -1 -1 18153 8950 28497 -1 -1 -1 -1 -1 -1 -1 11140 -1 -1 -1 -1 -1 -1 33431 -1 -1 -1 -1 36632 -1 -1 -1 -1 4012 -1 -1 -1 -1 -1 -1 -1 -1 -1 -1 -1 -1 -1 -1 2090 -1 -1 46283 -1 -1 -1 -1 63715 -1 15171 27404 -1 -1 -1 -1 -1 -1 -1 -1 -1 29469 6856 -1 -1 -1 -1 -1 51521 25637 -1 -1 -1 -1 16756 10505 -1 -1 61864 -1 19696 -1 -1 -1 8272 -1 -1 -1 -1 -1 7775 -1 -1 -1 -1 -1 31353 -1 -1 47091 -1 -1 -1 -1 14723 -1 983 5018 -1 -1 14950 8724 57485 -1 -1 -1 40819 -1 -1 -1 -1 -1 -1 28124 -1 -1 10678 -1 30232 -1 -1 26062 -1 -1 -1 -1 46613 -1 -1 -1 -1 -1 7408 -1 -1 -1 -1 -1 54292 -1 -1 -1 12283 -1 -1 -1 48115 -1 -1 9196 -1 -1 43459 30237 -1 -1 -1 -1 -1 11110 -1 -1 -1 -1 -1 -1 -1 -1 -1 -1 11507 -1 -1 -1 -1 -1 -1 -1 -1 -1 19353 -1 -1 -1 -1 -1 -1 -1 -1 -1 -1 61128 -1 -1 -1 -1 27594 -1 -1 -1 -1 -1 -1 -1 -1 -1 -1 -1 -1 -1 -1 13512 -1 -1 57580 -1 -1 -1 45324 -1 -1 -1 55378 -1 -1 29696 -1 -1 -1 -1 -1 -1 35887 -1 -1 -1 -1 -1 -1 -1 -1 -1 -1 -1 -1 -1 -1 -1 -1 24451 -1 -1 -1 -1 -1 24681 -1 -1 34317 -1 -1 65474 19812 -1 -1 -1 -1 -1 13099 -1 21661 -1 40131 -1 -1 -1 -1 -1 -1 -1 -1 -1 -1 46027 -1 -1 -1 -1 -1 45015 41795 7565 -1 -1 -1 -1 -1 -1 -1 60742 -1 -1 -1 17975 7892 -1 -1 44694 -1 -1 -1 -1 39947 -1 38636 -1 -1 -1 -1 27092 -1 -1 -1 -1 -1 -1 -1 52150 29584 -1 35857 -1 105 -1 60108 -1 -1 -1 -1 -1 -1 -1 -1 8715 34185 -1 -1 -1 -1 -1 -1 -1 -1 -1 -1 -1 -1 -1 -1 -1 -1 -1 -1 -1 -1 -1 -1 -1 -1 -1 -1 -1 -1 -1 8349 -1 -1 -1 -1 34657 -1 -1 -1 -1 12788 48130 -1 -1 -1 -1 -1 7799 -1 -1 -1 -1 -1 -1 -1 -1 -1 -1 40685 31117 -1 -1 22071 64938 37141 -1 -1 -1 -1 -1 -1 -1 -1 -1 -1 -1 22936 -1 63111 -1 -1 -1 -1 -1 -1 -1 -1 -1 -1 -1 -1 30583 30152 -1 -1 -1 35765 -1 -1 -1 -1 58728 -1 -1 -1 -1 -1 -1 -1 53030 -1 -1 -1 29474 -1 -1 65380 -1 -1 -1 -1 -1 -1 -1 -1 -1 44615 -1 -1 -1 -1 -1 51411 -1 -1 -1 -1 27251 -1 -1 -1 -1 53942 -1 -1 62464 -1 -1 -1 -1 -1 -1 -1 -1 -1 -1 35555 -1 109 58544 -1 -1 12791 -1 -1 -1 -1 -1 -1 -1 48602 -1 12896 -1 -1 -1 16583 -1 -1 -1 -1 -1 -1 -1 -1 -1 -1 33739 -1 -1 -1 56631 -1 -1 9640 -1 -1 -1 -1 -1 -1 -1 -1 -1 -1 -1 -1 -1 -1 54706 -1 -1 12190 -1 35685 -1 -1 -1 -1 14765 48382 -1 -1 -1 44955 -1 -1 37075 742 -1 28830 -1 -1 -1 -1 -1 -1 -1 -1 -1 -1 -1 -1 -1 -1 -1 -1 -1 5396 -1 -1 -1 -1 -1 -1 -1 37129 -1 -1 -1 1481 -1 -1 -1 -1 -1 -1 -1 -1 -1 -1 -1 -1 -1 7811 -1 -1 -1 33325 -1 -1 -1 -1 -1 -1 -1 -1 -1 -1 -1 -1 -1 -1 -1 55092 -1 -1 -1 -1 -1 35483 -1 -1 -1 -1 -1 -1 -1 -1 -1 -1 -1 39974 -1 -1 -1 -1 -1 -1 -1 -1 -1 -1 -1 -1 -1 -1 -1 -1 -1 14238 -1 -1 20026 -1 -1 -1 48400 -1 -1 -1 -1 -1 -1 -1 -1 -1 -1 -1 -1 -1 -1 -1 -1 -1 -1 -1 -1 -1 -1 -1 -1 -1 -1 -1 -1 -1 -1 -1 -1 53163 51403 -1 -1 -1 -1 -1 -1 -1 -1 19791 -1 -1 -1 -1 -1 -1 -1 -1 5476 -1 -1 12946 27693 -1 5567 64331 -1 40817 -1 4375 39028 49062 -1 -1 -1 -1 1874 -1 -1 4718 -1 -1 -1 -1 -1 -1 -1 -1 -1 -1 -1 -1 -1 -1 -1 30724 -1 -1 -1 -1 -1 47071 -1 -1 -1 -1 -1 20195 -1 -1 -1 -1 -1 30609 -1 -1 63106 29761 -1 -1 -1 -1 -1 -1 -1 -1 -1 -1 -1 -1 -1 -1 -1 57716 -1 -1 -1 -1 -1 -1 -1 -1 -1 30738 -1 -1 -1 17941 -1 -1 -1 2324 -1 -1 -1 -1 -1 -1 -1 -1 -1 -1 -1 -1 63205 -1 -1 -1 -1 -1 -1
9
1 500 4 545 3
1 402 2 597 5
1 264 3 858 10
1 705 2 954 5
1 522 15 20 2
1 477 15 777 4
1 525 3 151 15
1 351 9 919 1
1 348 0 303 3
