1000 5000
398 270
935 230
963 622
972 976
876 933
736 566
135 56
611 800
888 124
800 302
303 538
605 368
856 519
782 284
149 820
565 714
119 789
956 756
578 370
745 859
343 558
939 87
156 688
311 622
788 449
873 173
323 574
858 445
183 893
376 823
378 536
803 116
445 494
441 745
944 475
973 990
112 261
890 729
906 983
123 905
204 857
880 178
532 715
261 190
443 2
613 170
812 584
26 244
203 294
264 773
242 547
155 736
629 98
973 737
73 566
168 887
433 899
117 27
809 758
767 496
817 502
179 855
473 830
109 435
30 554
989 621
420 446
132 891
36 584
624 790
898 388
219 141
220 666
389 893
839 38
807 143
319 588
563 818
474 49
839 662
886 693
63 744
848 549
307 980
219 384
382 899
669 477
428 218
735 884
9 769
346 110
828 342
814 583
412 966
611 75
618 154
838 731
836 176
863 374
659 609
482 944
677 722
36 284
860 755
641 946
482 747
490 927
539 727
712 992
632 310
702 699
573 511
184 494
242 122
793 267
899 90
440 0
107 789
610 776
225 774
741 766
676 32
104 553
428 982
723 398
891 237
928 44
301 775
594 571
508 116
842 944
350 401
122 903
628 716
971 916
363 882
13 2
532 486
222 996
145 956
586 943
780 756
558 739
942 386
330 199
657 619
703 850
232 399
770 994
969 372
148 169
903 368
925 407
956 376
493 498
669 615
106 178
492 162
261 757
810 817
279 363
848 926
202 305
912 968
513 624
229 755
793 807
533 825
61 461
428 854
173 846
316 167
559 961
981 66
360 976
972 904
524 718
231 983
274 333
78 46
697 183
981 153
473 765
540 24
778 947
560 632
5 666
417 226
568 347
549 239
352 884
580 269
802 22
600 487
153 502
43 196
409 899
470 612
993 229
985 313
291 30
682 834
713 824
964 613
699 770
876 402
943 210
565 237
413 649
900 458
754 962
973 619
549 515
218 858
339 889
77 867
161 404
10 774
223 664
969 611
740 532
542 278
293 219
331 29
503 700
308 77
924 744
567 799
571 473
241 141
89 22
625 904
337 659
543 200
354 450
242 734
444 397
289 376
489 119
662 247
620 415
869 896
463 102
382 481
190 289
55 420
213 750
573 730
437 214
987 749
609 947
603 933
131 796
872 821
62 454
709 422
582 404
18 72
140 937
452 785
746 338
533 665
665 493
939 973
325 681
781 405
622 932
459 280
323 155
76 583
466 203
46 543
435 99
320 575
499 235
562 334
707 565
685 832
764 115
880 667
91 546
755 722
620 553
397 147
82 509
274 484
766 819
593 887
544 699
107 387
184 66
122 495
642 163
582 614
853 932
554 631
873 569
378 556
733 220
301 391
346 852
871 664
358 678
273 362
617 645
623 10
559 426
830 307
571 427
140 32
600 666
114 301
28 392
246 898
114 688
640 813
676 58
957 994
364 266
216 521
661 46
453 746
484 673
196 956
743 468
9 211
543 286
60 203
308 38
718 331
430 169
545 242
521 803
413 238
809 235
294 155
902 773
422 980
94 122
15 17
630 171
278 729
13 732
521 523
944 927
765 753
584 175
525 426
461 303
498 75
991 128
575 891
843 768
703 403
909 372
675 187
923 948
863 900
854 279
188 377
153 898
375 908
824 87
237 502
689 761
368 199
958 226
255 511
496 543
911 185
608 32
721 67
63 749
282 832
993 23
690 490
593 387
656 580
905 511
124 789
392 593
424 537
93 372
72 332
104 129
991 943
705 281
626 437
215 241
822 16
732 353
855 907
975 669
280 325
49 279
30 368
647 254
212 22
835 58
748 40
890 876
403 392
980 617
439 299
939 155
423 843
504 769
542 99
245 37
663 655
132 207
338 301
425 423
199 561
871 111
318 868
444 869
358 853
284 987
57 224
505 374
797 457
497 574
861 570
407 338
481 326
457 226
932 632
300 99
275 932
641 289
600 240
984 865
535 605
501 548
802 459
715 520
637 845
847 400
139 168
409 91
177 361
366 750
63 309
737 611
929 273
622 824
262 728
18 861
628 478
634 583
209 929
385 783
118 459
290 878
342 615
247 485
343 930
88 69
593 674
723 700
25 959
145 32
415 0
71 696
26 441
124 984
910 615
668 274
946 545
184 811
175 412
874 14
926 212
232 143
585 776
779 989
547 565
611 697
702 565
355 772
708 527
240 946
193 286
878 633
415 645
406 319
193 459
614 720
12 462
780 875
635 2
456 898
103 660
462 264
189 286
552 651
396 211
982 891
386 663
199 430
383 78
52 864
950 742
669 586
752 704
733 554
751 458
900 203
904 146
65 273
390 990
368 40
840 630
284 171
957 694
761 581
731 147
525 434
387 801
486 396
580 118
655 3
371 357
216 734
115 142
603 181
343 307
583 622
186 584
507 915
517 882
827 677
70 277
573 750
73 668
430 83
479 81
366 799
867 268
299 24
846 16
691 258
763 436
90 321
661 818
284 609
880 5
971 535
895 730
950 538
303 432
204 18
495 748
230 991
30 336
729 827
620 880
214 338
774 250
651 711
475 164
303 210
475 16
373 630
229 363
788 421
640 727
734 339
483 315
972 999
247 622
615 400
436 130
674 526
614 900
309 949
788 608
161 652
271 34
298 985
239 751
730 749
43 5
283 275
968 7
645 565
813 885
334 938
185 84
492 506
562 138
878 111
359 32
839 270
932 903
692 701
655 180
495 365
982 268
734 223
769 416
855 313
437 362
159 873
526 300
749 147
458 759
548 522
421 189
371 196
935 928
693 231
326 607
634 624
988 879
770 340
591 790
18 706
862 834
335 342
906 974
621 938
559 842
613 125
213 463
189 944
423 510
716 214
457 594
706 215
261 95
2 861
245 912
129 288
449 178
985 359
949 149
413 115
217 158
225 417
991 843
121 537
546 756
125 414
645 48
359 445
304 582
66 145
335 196
431 240
893 238
610 429
146 353
420 456
736 682
560 697
722 889
974 796
685 386
123 295
617 31
982 948
879 149
51 426
278 799
642 179
560 267
786 861
102 172
453 131
353 171
798 315
215 769
488 251
765 570
9 510
996 912
747 967
149 571
642 743
294 102
54 106
673 64
120 632
601 591
819 541
62 669
574 170
528 938
122 719
242 402
901 93
162 355
930 348
765 896
899 809
806 934
579 539
872 956
371 49
750 127
816 415
17 9
314 94
170 133
108 744
378 15
769 713
931 575
609 201
168 769
716 94
689 62
25 126
543 382
455 319
607 453
384 275
534 608
988 677
417 79
792 470
414 173
28 95
63 584
591 827
88 929
649 811
253 438
120 496
161 911
641 787
539 987
277 451
287 47
763 994
116 145
237 618
361 560
930 861
276 70
901 102
918 859
244 266
728 614
894 430
964 78
810 871
732 540
327 594
573 654
210 468
425 664
795 749
433 53
814 616
497 664
368 726
405 571
524 109
957 215
340 705
425 698
681 429
159 115
550 891
630 105
706 40
152 376
745 755
33 521
567 534
853 113
876 21
366 137
942 493
652 990
127 469
817 295
698 697
446 190
199 605
407 773
565 418
557 21
676 145
387 140
382 628
991 649
213 947
217 576
334 108
276 132
90 239
589 881
755 882
652 404
867 523
105 76
342 607
19 169
856 509
543 674
18 501
222 356
109 196
168 247
152 739
345 726
182 29
932 159
437 709
315 304
644 32
314 44
42 867
403 194
495 83
893 73
175 831
817 459
617 127
210 599
992 482
792 946
588 744
631 326
871 496
436 443
76 463
941 302
44 947
234 529
361 24
32 245
886 705
679 992
176 735
201 96
993 826
277 466
260 991
638 713
763 316
84 618
423 625
668 382
254 874
486 100
684 217
312 941
80 722
621 584
304 502
176 972
869 306
278 650
485 665
773 972
869 457
371 159
16 482
832 983
302 566
168 780
641 88
848 338
990 519
965 770
529 954
205 847
297 889
166 879
971 433
556 604
657 463
537 514
903 870
86 383
832 357
636 667
322 599
779 197
425 720
484 590
275 647
522 35
650 350
543 302
231 950
858 416
653 997
883 297
154 953
307 472
220 319
138 325
541 453
142 999
259 236
111 321
195 705
33 751
810 326
19 418
920 581
169 76
21 428
142 163
269 229
927 716
694 718
196 577
373 111
628 609
257 976
892 338
476 33
825 385
891 560
802 13
522 213
729 914
812 82
317 942
944 594
229 411
970 683
257 903
200 814
100 369
344 139
744 724
716 994
635 434
723 34
627 433
416 760
808 903
63 130
444 177
275 88
304 753
90 378
954 637
572 736
360 733
793 896
976 903
937 2
56 445
764 203
9 753
245 318
574 772
669 225
155 538
290 644
591 982
15 928
843 387
519 528
906 536
631 179
836 816
122 248
748 429
905 907
458 813
193 917
12 763
717 164
861 380
166 261
863 710
819 72
963 601
798 709
32 627
855 647
421 459
220 182
491 756
151 526
130 723
778 657
2 61
981 22
314 915
772 79
225 215
145 337
835 630
998 879
406 142
37 970
228 625
783 698
84 429
649 131
140 258
937 452
248 960
172 696
259 505
179 503
367 780
66 785
314 749
82 376
651 902
100 652
561 205
819 628
632 427
858 345
228 752
91 694
115 125
462 784
738 701
363 374
713 68
897 673
665 548
398 214
571 655
161 407
471 642
381 689
762 367
313 490
566 153
115 45
429 101
829 344
578 447
726 801
919 826
66 568
361 541
504 13
790 382
364 906
935 331
543 953
678 593
641 625
768 34
726 615
909 238
567 189
830 590
679 54
104 339
361 527
126 574
386 910
426 880
861 80
551 460
494 384
62 643
832 167
913 702
672 271
574 530
45 802
487 585
706 77
650 189
279 250
311 79
265 451
460 108
743 589
789 523
916 823
417 985
419 354
75 947
895 367
875 665
118 58
684 206
264 232
130 806
451 374
344 433
189 698
166 80
430 173
334 47
310 567
56 538
650 972
493 237
974 381
888 418
932 660
275 814
890 207
832 628
335 861
744 498
92 387
349 838
120 865
862 750
426 974
786 446
592 842
390 735
29 161
131 642
719 79
216 11
484 243
813 902
529 604
164 579
982 504
531 15
2 459
708 918
361 232
893 591
723 623
638 601
647 154
796 374
923 705
855 694
111 906
891 540
569 474
823 940
161 947
994 819
378 711
520 709
506 913
819 849
916 470
591 500
745 471
688 816
101 752
614 985
43 270
609 394
748 584
537 642
77 533
589 548
581 425
123 649
961 911
215 893
458 949
562 38
622 633
856 724
514 114
246 104
885 128
159 272
820 993
73 270
767 126
834 900
607 951
284 613
184 396
469 939
561 278
431 194
739 874
608 882
994 279
713 669
137 239
286 254
484 556
936 70
924 832
41 415
914 63
805 78
461 411
820 220
657 261
89 857
260 516
913 113
722 625
311 350
14 601
84 634
588 423
122 165
543 474
199 87
101 136
443 377
623 177
817 232
594 953
817 236
996 118
577 716
541 381
894 228
946 166
731 61
989 210
905 789
642 581
764 810
507 80
599 807
32 565
368 512
763 4
292 856
797 651
339 928
850 656
129 688
656 966
432 599
875 235
693 489
766 93
334 527
113 38
66 663
416 873
602 499
664 50
381 906
179 351
767 611
383 98
856 913
891 551
182 28
17 370
449 376
917 514
377 885
486 222
813 722
548 655
322 680
530 816
534 257
830 225
386 35
144 778
378 242
214 404
717 590
226 247
429 708
458 69
433 814
979 425
587 970
940 628
530 665
279 604
99 958
345 373
728 917
76 7
973 361
237 580
723 549
385 572
185 240
137 752
365 555
293 632
824 73
621 729
898 902
163 528
791 975
479 672
269 558
569 898
986 163
847 285
27 343
704 719
473 166
173 19
250 447
784 919
678 677
934 735
284 93
395 383
14 630
213 317
759 844
34 459
432 148
380 889
718 203
128 276
299 856
21 85
172 282
964 958
155 373
861 535
215 846
585 177
832 2
386 936
867 945
500 639
138 256
824 143
707 679
133 167
462 214
260 145
44 983
620 544
279 887
755 204
807 139
438 498
169 676
722 697
292 704
878 558
648 930
320 621
380 76
51 725
339 598
419 227
870 30
561 729
855 810
961 7
229 129
42 392
998 988
392 795
726 929
673 867
66 689
530 803
73 102
556 362
551 185
608 848
263 383
416 761
333 151
597 350
101 177
876 684
941 40
870 814
469 835
703 457
661 513
642 40
303 918
917 885
183 945
805 87
1 483
132 502
196 6
836 506
822 735
980 6
201 731
598 91
125 758
265 244
987 5
890 990
223 57
539 382
737 16
239 387
637 892
252 749
334 782
35 662
678 603
693 927
234 750
139 19
471 677
460 860
163 554
39 354
490 303
110 68
624 974
493 668
31 842
928 577
239 429
809 109
990 58
200 176
293 190
100 602
369 257
38 982
371 361
941 814
805 267
665 318
651 431
964 103
137 560
37 431
919 958
970 57
23 188
147 596
26 711
929 514
59 451
136 236
195 698
989 930
278 177
929 600
735 541
342 760
457 756
149 93
74 290
669 671
376 584
843 949
992 823
805 250
498 648
607 359
412 28
253 597
439 297
409 79
784 687
377 36
603 437
892 134
121 689
945 741
52 99
243 524
34 830
505 479
989 212
804 984
388 36
532 315
554 369
546 466
926 484
474 437
857 429
178 716
652 781
780 221
399 465
260 39
836 517
824 987
563 905
134 922
705 638
416 723
611 777
646 318
466 103
47 187
735 160
35 482
19 586
622 337
15 455
62 874
600 722
154 870
856 951
104 299
324 304
894 723
120 86
304 750
745 4
95 310
817 976
699 310
612 626
946 816
56 770
494 716
464 350
182 570
183 179
182 662
352 482
636 137
274 993
96 191
895 846
299 320
211 41
429 737
663 602
683 110
332 462
990 96
456 175
966 741
211 594
808 596
85 230
619 645
61 664
445 318
272 934
533 901
389 210
692 912
751 547
601 608
382 489
899 391
152 724
687 601
989 997
308 578
589 886
89 211
417 517
75 294
220 724
192 988
234 808
223 466
15 269
150 887
461 462
144 911
120 964
631 719
769 39
706 287
977 679
582 581
366 594
69 519
459 117
983 874
599 926
563 913
222 693
135 567
287 655
723 998
605 882
729 773
963 593
751 424
845 851
785 893
677 447
611 917
267 923
674 936
517 37
831 488
236 790
151 265
424 617
68 137
832 498
434 93
186 312
905 163
362 557
173 915
15 745
464 457
117 501
945 872
269 611
831 640
230 747
182 720
583 357
602 237
120 611
289 911
425 185
67 387
979 261
690 982
607 802
797 691
998 352
13 130
190 488
286 305
588 827
944 970
154 580
447 504
590 842
223 732
104 215
718 255
426 921
43 740
870 633
458 796
429 306
429 720
126 323
118 15
267 86
421 248
658 866
675 128
603 990
554 934
954 32
703 152
721 81
670 722
846 351
534 417
814 363
69 926
993 531
273 759
293 843
844 884
439 408
328 447
758 307
685 554
542 500
226 681
918 314
388 845
882 887
890 774
487 990
183 559
676 715
8 956
418 314
481 322
655 249
443 16
777 626
630 715
111 275
935 353
421 299
97 369
170 492
165 957
152 545
129 127
702 100
514 225
861 486
294 598
271 373
216 22
243 237
55 586
897 934
362 558
39 246
873 175
204 228
982 816
174 159
316 465
225 133
572 709
931 710
716 349
140 194
924 971
953 377
686 236
217 199
991 116
586 990
322 646
968 314
283 64
391 744
408 278
958 169
595 922
964 463
799 556
803 831
354 548
831 117
874 813
803 487
587 598
943 924
638 342
791 756
407 656
871 852
257 64
106 77
43 642
514 76
243 159
169 602
695 754
806 136
800 164
401 648
701 769
130 757
500 754
212 161
272 522
598 1
5 258
132 98
153 970
968 519
996 981
827 589
798 384
198 571
488 553
426 682
734 748
871 14
952 845
934 726
377 766
237 549
216 868
161 403
901 933
251 123
222 850
480 397
537 671
333 5
174 682
322 20
970 247
125 490
831 529
944 198
543 996
731 539
874 954
966 52
231 616
807 870
746 643
895 934
319 557
470 414
921 20
513 181
574 408
212 778
173 463
594 629
955 483
781 447
98 124
297 644
364 16
551 865
918 399
337 721
943 205
394 565
353 200
305 480
283 594
804 845
798 481
758 692
947 401
57 744
830 427
129 837
732 858
678 675
165 133
632 113
816 504
81 939
148 396
360 102
109 475
251 50
883 550
404 204
8 578
974 592
285 179
15 719
322 864
468 224
242 362
944 709
105 542
119 865
313 780
586 409
70 368
906 67
367 72
775 249
17 511
603 592
312 24
220 156
645 149
460 440
62 462
158 958
44 400
454 320
393 656
33 805
917 922
590 545
826 161
834 581
817 409
959 358
810 261
430 400
410 25
882 198
212 845
447 36
655 399
607 133
968 33
859 382
159 144
199 155
215 916
202 205
273 646
165 625
265 976
223 369
418 72
871 861
329 493
700 850
810 912
419 547
400 993
935 570
365 168
959 710
877 586
291 637
787 600
271 963
506 93
166 643
654 916
665 96
363 253
812 978
962 502
575 116
254 590
456 422
108 417
715 891
794 665
726 276
897 118
999 710
32 791
762 621
93 866
849 382
393 591
387 65
402 849
347 656
926 811
588 893
804 663
916 892
896 436
974 875
983 336
106 959
125 797
572 901
479 539
760 493
289 22
400 93
152 572
120 288
216 302
789 565
720 842
374 770
581 292
169 686
268 585
490 163
151 543
185 724
210 383
673 310
657 30
88 533
657 499
561 222
130 15
43 790
510 893
823 352
243 104
116 989
414 158
290 690
394 784
670 188
777 872
991 133
782 46
560 987
403 591
814 314
823 794
939 389
893 816
607 506
995 298
80 66
402 179
416 528
608 242
122 275
679 674
966 668
536 207
959 877
442 31
850 865
675 450
84 823
830 29
701 161
787 821
695 730
748 19
557 195
631 671
245 709
22 676
740 543
102 944
882 145
791 855
111 898
165 547
757 514
762 540
805 922
818 566
291 793
734 470
539 481
124 997
311 471
285 736
93 411
338 41
527 545
208 383
292 207
369 478
470 480
151 42
450 920
641 299
809 512
495 886
529 981
29 148
814 564
738 837
391 48
128 154
180 347
245 940
373 526
152 792
576 743
501 765
165 735
728 309
75 620
743 465
753 716
115 770
5 214
414 380
952 343
322 2
163 985
73 936
942 806
655 115
317 20
815 352
447 829
503 592
296 261
330 244
635 582
29 410
289 586
242 603
368 902
798 174
755 705
664 14
256 456
413 639
545 470
569 591
54 413
268 712
311 163
742 341
479 241
252 858
211 238
892 779
661 133
840 70
961 744
165 859
512 529
800 953
407 699
344 260
786 164
574 319
192 960
602 586
9 193
160 417
27 679
702 85
142 940
906 665
362 136
587 843
843 675
965 76
60 441
687 693
725 631
599 641
923 627
976 83
990 827
343 359
961 662
896 687
332 839
732 417
900 523
547 656
783 430
8 455
101 843
18 297
181 353
77 727
217 824
473 776
676 847
854 824
384 549
311 856
218 596
720 778
773 648
247 532
493 240
477 165
561 950
217 442
132 797
876 943
550 784
177 47
673 565
65 302
734 313
595 44
673 675
461 485
445 736
353 435
577 566
596 549
843 224
127 974
903 951
636 654
449 114
129 531
41 68
923 685
35 182
377 623
240 687
679 916
819 599
941 897
497 812
725 361
715 998
378 635
26 788
107 434
994 891
798 888
6 770
119 859
533 811
827 655
376 447
664 360
369 504
290 226
475 521
254 677
388 611
523 319
746 758
144 483
112 667
169 145
574 492
815 110
317 202
469 294
941 48
965 228
913 588
885 229
77 232
855 667
392 808
552 580
938 619
555 880
318 913
156 578
248 945
883 774
407 595
589 412
677 485
221 337
852 116
762 318
728 358
352 29
154 144
882 781
583 986
399 985
832 239
724 892
281 433
107 221
523 118
178 260
152 701
282 320
405 219
344 181
321 542
374 258
720 984
310 70
969 195
847 708
756 386
956 30
172 171
185 458
104 422
342 642
462 650
6 557
173 298
435 768
560 348
180 721
13 516
146 341
266 975
302 710
544 839
746 467
834 702
602 548
865 382
14 252
142 53
275 723
746 925
147 651
323 158
123 300
738 952
193 972
850 754
490 554
585 425
352 323
726 229
504 124
213 664
732 548
707 319
347 248
926 772
626 973
144 310
514 87
494 901
413 98
410 914
978 903
155 26
216 553
493 739
6 450
154 245
613 217
906 185
199 618
282 495
603 952
136 471
20 423
785 557
943 72
982 719
64 903
269 231
707 368
873 942
480 348
46 746
456 272
514 219
929 515
315 9
920 210
232 768
387 361
299 602
980 916
314 804
371 124
35 782
270 81
937 252
274 730
575 844
918 799
16 369
714 122
699 348
212 460
87 168
268 543
382 960
29 23
763 335
125 13
164 858
660 184
486 299
246 165
887 679
690 272
956 763
495 502
623 780
114 908
100 981
739 457
770 343
914 647
352 62
699 726
23 871
982 56
659 25
546 911
308 427
79 402
221 430
917 443
177 208
951 868
255 477
333 144
609 202
56 488
275 669
60 971
30 821
297 769
149 488
258 1
676 772
394 899
326 425
580 813
797 184
885 351
585 930
658 435
377 332
411 653
938 616
859 611
62 582
877 820
862 875
553 514
583 535
697 866
206 753
448 817
288 866
672 785
56 620
58 425
975 60
602 873
944 281
417 100
892 925
707 304
454 400
440 151
809 258
389 236
677 965
390 471
278 134
516 660
88 177
230 572
626 849
302 165
805 435
364 130
133 648
664 378
77 456
481 490
143 186
138 213
708 2
682 709
497 306
717 950
687 251
195 439
498 349
158 88
839 875
413 765
371 976
988 20
273 192
413 642
509 980
450 366
423 394
947 644
194 334
258 325
444 219
711 906
595 856
534 912
983 894
618 992
306 243
709 444
335 853
351 727
263 790
319 174
476 309
363 307
280 412
461 78
208 3
528 389
990 436
704 955
647 75
494 517
738 240
115 643
305 522
172 267
554 973
936 242
862 441
556 13
896 315
452 252
248 588
412 174
359 80
533 234
595 69
436 723
775 517
154 725
813 884
477 594
674 703
11 820
993 839
479 617
476 160
846 676
430 392
536 148
973 353
433 556
142 824
799 592
377 863
503 570
36 692
421 953
58 334
511 991
853 735
65 794
237 365
185 468
93 294
502 413
942 155
686 359
705 758
331 936
175 555
407 644
835 642
851 967
920 894
183 441
857 230
639 210
19 755
315 158
716 558
241 192
985 588
570 176
317 136
597 227
877 10
40 834
138 37
329 435
21 746
104 616
698 716
458 279
417 412
384 738
764 378
237 571
70 673
964 77
936 49
85 673
11 916
707 874
642 641
996 344
512 654
998 222
244 958
860 281
341 883
839 619
882 593
397 736
578 199
147 872
823 907
177 195
759 420
27 254
197 820
685 395
9 783
814 220
690 216
275 321
404 790
465 41
632 470
16 247
994 981
249 498
48 144
352 584
834 537
997 974
445 536
547 221
43 220
170 622
213 934
917 86
70 252
198 397
887 249
452 126
559 650
25 211
972 824
123 18
687 608
480 677
465 67
702 754
688 323
481 49
451 645
470 130
791 75
373 953
584 287
224 417
541 881
438 579
324 281
735 478
893 947
517 39
14 205
216 791
230 928
962 500
770 548
193 832
284 391
255 617
657 886
566 827
60 698
268 494
51 500
639 620
727 961
559 269
38 234
482 68
735 159
878 76
496 705
255 934
381 420
854 392
847 603
441 214
861 310
791 871
346 594
137 881
570 427
299 825
128 930
257 783
672 969
74 864
941 382
311 902
670 204
889 176
347 995
580 312
900 781
771 391
413 978
996 788
6 839
822 515
292 477
524 667
727 564
39 359
803 62
905 957
972 544
663 380
81 41
111 3
356 952
911 325
717 969
857 876
290 214
33 198
176 783
37 567
761 152
131 141
653 943
312 116
961 496
878 743
911 774
47 613
481 718
949 838
622 566
814 148
563 141
254 517
413 242
109 938
219 537
809 428
136 190
673 357
442 809
105 915
300 728
372 269
275 965
669 26
840 129
966 379
694 6
287 230
835 621
356 794
927 779
466 831
806 425
396 803
274 858
589 332
260 282
892 227
114 953
390 283
637 16
174 259
253 615
447 957
335 391
530 847
494 695
48 151
990 299
259 735
146 707
78 256
651 109
608 746
54 741
718 356
109 19
718 722
366 718
24 25
53 223
887 206
215 357
134 140
246 581
955 797
406 178
958 455
401 115
520 523
66 709
126 219
989 872
76 574
619 883
522 636
141 510
339 660
570 867
756 136
680 644
537 150
647 230
631 619
616 328
582 697
542 435
95 620
476 196
509 276
363 111
615 772
745 570
89 941
571 251
70 292
73 462
499 197
98 796
456 318
795 804
273 984
69 235
364 99
700 581
187 304
670 944
632 756
972 632
704 322
247 396
606 154
629 828
964 926
789 537
515 405
236 43
643 858
686 906
529 49
878 518
763 554
872 908
340 44
284 443
183 935
965 868
36 769
581 956
85 234
83 817
792 573
59 242
276 512
278 746
723 537
51 475
177 921
848 371
418 973
692 115
590 789
107 608
412 502
262 520
242 306
747 793
279 562
309 707
87 332
685 977
62 573
624 956
843 953
228 830
302 388
598 561
545 519
204 178
864 616
942 928
994 34
742 898
935 327
616 518
842 130
296 509
14 20
807 700
523 110
405 686
779 691
300 947
742 35
567 322
586 838
734 532
352 421
318 1
743 148
80 735
625 452
328 678
199 451
828 326
710 150
271 470
549 569
462 192
777 942
912 403
550 992
522 198
417 208
703 370
696 271
637 420
206 943
813 471
931 426
389 155
340 255
422 968
49 748
227 692
115 222
527 952
364 391
737 967
423 36
2 727
699 645
763 230
915 285
229 396
244 993
320 374
526 811
719 701
26 854
304 710
938 265
248 857
464 363
324 563
627 757
970 902
887 37
593 182
870 79
883 20
39 164
771 841
800 18
832 269
918 812
172 44
840 621
21 299
266 983
969 792
184 884
930 117
645 144
437 188
28 403
184 761
104 39
901 839
23 786
312 896
521 956
130 125
499 176
84 456
853 130
948 91
954 926
788 24
296 39
484 676
438 747
861 409
605 48
348 212
705 573
668 499
603 880
237 994
611 754
546 933
903 47
351 639
20 920
845 658
112 133
519 394
532 183
106 205
783 704
734 472
117 374
613 662
799 748
992 109
564 514
289 49
812 486
687 48
622 588
578 825
13 941
426 827
192 533
859 442
650 18
313 424
679 162
747 837
984 329
2 995
453 659
470 700
532 366
176 171
373 294
192 318
222 620
334 982
916 597
290 345
344 399
805 676
721 899
516 168
276 196
777 658
892 10
198 480
805 888
298 869
173 274
641 108
890 90
870 849
337 494
491 626
558 449
106 752
231 767
396 175
156 392
458 974
729 614
270 403
42 746
912 387
381 328
915 605
767 564
749 742
803 220
523 30
146 820
702 311
568 590
186 955
368 704
601 410
884 325
1 835
437 795
43 708
875 222
210 664
711 867
309 727
847 636
379 238
73 505
698 348
781 270
643 661
35 243
6 133
176 365
952 787
564 979
290 828
81 980
131 628
253 442
204 26
308 193
381 60
295 135
18 696
743 624
493 518
302 461
40 832
431 215
740 584
449 753
875 813
124 462
508 606
405 161
758 730
245 182
592 857
410 618
271 888
154 804
924 278
293 342
156 600
126 531
369 448
877 982
41 844
901 944
28 300
250 760
902 330
30 436
6 41
472 131
924 158
510 612
490 345
583 826
137 442
743 823
875 66
714 553
936 756
952 569
460 412
62 742
241 684
337 718
328 481
737 591
529 73
380 460
246 268
289 323
791 829
504 900
453 429
802 218
894 69
484 788
323 609
27 106
665 209
37 353
429 611
542 250
866 677
288 190
84 888
148 826
854 75
234 370
293 707
648 509
311 337
913 381
954 174
865 344
695 36
282 565
334 407
794 119
169 436
839 173
294 348
685 574
279 594
785 572
224 343
455 351
46 614
832 431
938 496
147 595
719 408
329 94
933 688
422 741
643 796
322 488
503 472
893 647
939 123
191 375
601 727
635 482
303 683
865 954
292 388
804 122
755 290
901 69
47 910
328 306
2 172
908 538
745 561
698 574
516 299
683 320
535 713
987 998
47 223
316 678
271 620
243 619
961 477
763 102
749 265
172 459
395 288
129 769
329 956
572 600
561 928
853 453
609 393
213 142
8 84
150 837
2 774
992 461
846 144
363 480
113 421
193 885
176 722
430 304
463 94
876 143
407 966
903 381
713 91
168 396
818 937
776 281
547 771
439 778
528 475
981 20
990 576
482 362
28 427
568 312
99 880
144 979
160 313
43 563
312 853
774 766
541 959
563 917
835 827
347 956
211 279
842 417
557 336
710 203
923 638
366 250
626 857
787 308
911 12
538 59
753 637
8 163
156 330
850 347
791 750
779 709
507 978
510 414
286 497
726 974
562 728
966 257
213 670
692 517
511 629
509 488
869 490
99 273
171 164
657 117
725 211
943 580
971 298
166 537
732 700
989 365
88 945
973 536
229 626
834 273
801 46
625 803
171 371
648 745
278 363
184 661
251 788
42 255
659 505
635 397
481 452
91 968
979 524
518 113
725 791
112 288
141 428
267 445
426 642
592 879
95 611
906 26
747 800
210 614
899 892
540 269
579 928
468 400
572 491
676 319
939 742
79 374
874 175
85 945
314 14
518 828
430 190
904 554
54 469
235 884
178 966
759 116
382 105
628 173
248 471
258 672
439 452
561 120
720 67
324 484
294 312
24 141
364 625
922 240
497 465
105 28
22 677
614 843
63 140
104 532
848 544
892 455
465 35
609 435
858 999
730 923
687 915
25 683
570 668
364 649
192 39
681 307
895 698
197 360
570 43
384 233
326 605
937 364
909 828
817 493
874 376
645 347
12 862
961 321
347 884
94 292
532 154
713 170
70 83
866 576
726 384
146 535
885 668
940 877
834 391
308 527
36 17
656 214
345 146
80 232
166 501
118 447
992 91
202 455
865 363
829 73
549 624
371 246
574 249
851 322
991 416
830 518
465 97
601 22
444 339
973 717
384 976
929 671
558 27
180 695
377 616
280 298
921 492
740 50
87 126
735 620
428 697
733 890
23 419
991 645
872 332
400 152
569 284
199 226
18 63
732 48
941 228
146 434
55 730
849 835
404 298
644 490
721 542
455 475
463 667
359 301
597 806
10 101
724 417
134 515
329 746
879 462
16 720
218 751
425 980
340 151
248 546
16 786
377 444
666 27
468 110
291 784
834 60
672 979
742 568
436 36
387 66
521 907
556 947
659 619
837 866
337 861
404 281
810 64
346 647
482 84
689 816
597 352
682 435
644 765
74 257
350 449
399 295
752 81
209 780
784 745
839 442
426 862
224 71
779 634
434 81
417 992
212 631
210 421
108 60
881 152
920 29
557 683
874 251
301 93
354 837
227 384
639 107
967 230
274 726
399 89
646 690
686 938
478 288
40 356
816 90
6 794
385 908
607 124
4 98
292 550
933 456
675 581
658 727
563 909
719 121
267 648
728 617
305 904
552 473
148 727
507 351
35 169
687 75
156 114
485 901
881 470
464 343
538 766
816 751
147 256
409 589
890 807
393 574
135 466
76 525
568 473
357 418
186 303
267 454
731 723
787 791
151 846
623 848
16 873
791 702
758 913
623 961
336 24
197 520
310 926
463 242
999 412
709 336
62 783
691 513
271 593
783 683
748 494
444 391
934 765
53 568
209 655
223 662
160 277
855 633
541 666
594 605
319 124
212 318
961 944
481 925
634 943
284 966
423 224
184 505
80 132
306 981
279 747
771 790
563 85
938 602
327 494
747 163
368 157
308 823
571 987
40 30
700 443
494 87
769 484
839 292
67 19
386 946
838 528
209 670
980 956
869 563
421 932
960 581
588 532
819 26
371 355
495 269
696 841
311 539
691 173
637 683
610 888
962 438
410 910
531 924
238 474
80 918
486 425
17 153
889 617
872 785
364 327
77 845
973 13
328 109
212 266
195 823
370 52
342 815
879 865
43 889
711 75
59 862
753 954
703 243
943 255
806 823
203 958
719 183
361 236
831 472
753 330
830 151
115 260
902 179
549 705
473 234
472 978
817 229
594 482
0 117
543 518
758 813
589 66
996 362
126 840
550 767
834 608
49 776
890 520
605 374
739 297
271 528
905 239
338 514
193 743
142 530
732 974
858 332
619 746
988 219
357 225
791 560
132 903
375 842
491 802
576 635
714 393
79 740
24 375
310 847
498 852
445 275
832 428
24 341
836 480
165 846
880 569
568 68
216 802
973 226
106 649
157 435
410 717
769 507
213 740
537 184
264 580
812 538
409 269
658 959
462 868
887 73
414 432
477 668
715 928
1 9
119 862
833 924
14 605
573 596
433 748
973 367
435 592
116 223
344 410
264 549
954 455
872 991
810 748
509 182
733 231
986 846
931 425
431 497
606 127
29 267
418 638
932 162
610 163
814 779
157 575
374 204
64 188
412 115
292 938
534 748
439 828
761 110
745 906
59 796
491 651
333 877
98 447
512 775
209 57
551 360
912 769
723 794
457 147
590 387
598 938
901 848
380 593
744 398
780 186
277 938
835 290
306 575
561 827
514 920
285 110
115 408
697 268
643 483
222 939
59 967
384 760
560 964
966 593
12 294
184 49
579 95
979 152
792 703
334 560
935 699
323 731
175 989
829 721
383 298
969 753
377 325
406 490
341 648
40 506
144 254
355 80
394 331
89 749
575 404
699 694
52 996
689 265
679 188
808 456
918 929
21 141
678 487
49 445
689 247
271 989
714 673
541 39
876 253
975 371
653 939
780 439
867 18
89 161
716 450
507 456
578 330
315 285
638 782
323 62
527 145
431 906
882 730
217 108
166 327
192 509
22 947
63 407
903 464
961 957
700 628
703 571
419 780
265 716
954 659
351 777
381 744
935 352
288 32
282 793
553 453
624 396
547 5
907 442
381 965
823 824
785 48
849 394
801 852
491 500
453 670
444 154
15 289
764 107
186 670
599 679
8 588
229 903
387 790
779 708
959 696
560 590
465 544
155 758
936 838
969 306
12 505
612 939
510 541
960 673
578 273
785 18
67 60
313 157
444 376
956 4
167 520
297 757
914 476
530 765
732 485
122 487
372 517
538 284
702 222
732 185
238 281
361 479
651 356
152 949
510 386
261 344
636 460
409 803
317 249
858 409
147 326
759 784
9 248
767 180
968 109
515 781
280 907
701 609
529 246
492 241
144 9
652 321
670 139
986 33
254 401
129 590
102 973
686 623
888 956
318 229
122 760
69 103
886 898
429 898
470 101
306 630
162 866
44 611
526 201
175 843
493 823
535 947
542 402
415 745
621 224
969 22
686 760
923 835
265 691
706 863
158 100
818 830
565 309
458 649
513 406
303 304
274 665
31 189
313 286
60 257
612 513
212 12
871 252
138 271
249 828
887 376
198 19
31 844
849 118
556 419
636 166
403 399
975 364
708 57
828 542
863 584
456 778
649 321
449 359
46 453
486 228
748 137
102 158
73 857
533 722
798 674
873 610
973 882
563 775
129 280
37 901
382 370
489 886
52 104
624 164
701 603
155 459
717 685
855 90
947 610
284 878
799 71
318 778
646 923
681 802
245 672
720 135
19 445
366 564
585 888
751 847
767 416
950 611
428 859
726 945
661 172
389 914
486 705
666 804
43 475
38 436
528 402
67 358
277 439
374 532
242 211
915 743
962 762
873 428
406 956
744 41
274 972
260 494
474 765
180 40
854 801
468 313
169 144
357 898
870 170
356 574
708 625
296 687
732 764
123 804
79 999
965 834
3 261
113 368
781 454
982 878
350 176
295 651
863 726
244 628
177 70
624 273
822 891
699 827
511 440
194 689
913 558
40 32
638 132
616 870
869 861
779 705
605 948
99 413
830 832
175 480
649 169
833 655
564 942
904 795
306 882
950 673
622 937
599 699
912 181
304 990
960 240
457 43
443 186
193 237
623 482
37 893
769 283
296 407
54 19
931 629
796 438
528 916
816 616
750 922
609 723
426 769
695 516
854 649
514 870
579 441
350 142
483 447
123 248
825 392
864 188
205 796
945 922
835 295
131 545
499 917
371 452
550 650
4 767
435 419
729 299
301 801
483 894
946 348
808 192
556 361
721 768
623 573
639 651
113 337
448 422
748 364
302 452
385 928
280 574
966 925
847 394
284 57
154 393
697 720
479 420
859 913
281 147
280 932
182 289
693 215
133 184
252 450
905 548
697 712
955 778
733 609
939 447
225 617
338 370
551 471
264 524
557 56
365 944
472 836
683 805
72 812
288 730
857 950
110 890
308 616
269 663
925 542
651 445
338 643
158 545
660 805
123 277
361 434
137 917
566 832
902 564
409 196
419 422
111 670
810 913
367 932
444 647
530 567
365 917
5 356
818 382
626 125
113 718
100 207
248 722
154 190
901 213
997 845
125 803
675 263
310 735
6 139
805 954
199 295
882 48
118 873
720 370
377 914
911 174
752 617
263 180
189 153
855 49
225 804
789 964
326 758
558 749
798 753
876 549
960 763
835 502
671 986
629 911
781 249
650 59
396 421
428 57
551 440
354 931
287 589
793 609
459 373
235 862
628 710
181 976
387 884
323 727
60 792
975 90
852 898
577 358
284 240
508 134
19 166
265 775
252 639
301 108
337 407
582 101
486 442
627 343
632 853
706 409
739 397
627 508
687 619
94 777
616 48
422 363
254 619
646 993
123 399
687 921
360 404
884 960
326 245
985 690
88 367
233 785
716 362
413 456
79 504
579 815
790 252
364 339
73 449
317 260
525 597
611 383
977 900
60 383
94 349
177 196
782 826
418 685
339 440
157 699
144 919
640 961
635 64
105 60
311 991
906 163
427 796
91 727
457 938
817 263
572 765
508 300
365 892
932 69
803 204
472 2
798 80
122 92
545 778
468 899
166 568
33 373
474 959
3 349
172 519
259 552
91 792
827 986
367 858
917 22
182 560
392 541
185 90
836 242
472 649
698 649
666 698
155 575
576 409
354 981
950 245
122 479
451 937
634 921
830 441
61 490
318 198
241 56
11 589
560 477
226 980
117 82
92 741
253 741
23 390
764 214
157 659
732 723
548 562
144 53
709 755
916 100
545 419
467 640
118 48
93 917
29 833
760 904
261 222
107 757
933 569
822 208
28 385
334 296
235 517
166 359
238 40
490 566
199 377
458 688
163 43
65 388
143 870
907 416
20 864
413 780
847 31
564 962
388 764
978 962
681 48
519 392
845 76
698 11
155 360
199 814
116 609
399 382
739 629
44 460
548 245
94 187
126 145
862 685
717 657
551 363
977 799
647 135
915 38
706 126
968 826
328 622
778 472
209 498
391 649
190 242
980 642
554 271
115 184
507 718
155 853
164 904
308 324
618 700
630 730
55 262
735 283
206 417
990 273
725 711
791 190
897 833
152 852
960 311
445 602
145 843
800 894
452 449
388 455
472 532
578 785
407 430
185 879
275 299
138 837
868 310
754 312
393 120
879 991
151 173
540 513
808 308
92 618
87 359
812 189
951 543
685 162
402 494
608 582
279 884
383 406
489 295
691 487
495 271
301 941
291 315
146 549
996 136
260 530
778 699
450 12
697 776
58 59
390 541
602 59
792 572
62 69
789 116
362 605
627 845
564 619
736 287
781 63
939 848
31 128
92 571
866 780
424 222
647 1
938 964
891 962
81 994
852 100
935 937
353 32
738 280
98 787
25 486
142 990
623 676
271 207
253 623
996 422
389 28
575 666
247 12
640 100
999 891
150 53
579 129
900 804
930 72
986 234
753 512
525 546
18 763
333 178
465 108
580 353
585 712
221 108
287 812
323 819
546 57
356 322
263 161
444 848
171 945
176 148
327 140
716 222
89 88
664 951
301 38
278 831
263 709
162 211
89 279
583 671
0 695
33 27
552 748
120 378
125 27
760 772
541 165
970 342
410 287
14 670
276 133
467 282
998 933
87 436
950 123
662 334
980 520
774 25
620 760
775 231
422 958
97 558
585 190
391 866
814 792
17 264
473 960
209 53
190 275
503 505
623 759
664 221
432 592
303 185
596 33
345 496
119 415
560 983
290 209
258 60
2 469
128 231
846 744
850 452
605 984
667 545
718 256
548 789
885 994
648 242
909 305
215 204
147 970
337 96
355 856
227 728
326 276
812 677
321 868
410 553
18 427
650 119
865 471
61 160
22 237
768 283
549 636
259 389
910 506
229 889
459 613
720 426
434 71
226 867
81 350
713 698
422 295
713 463
819 508
273 967
695 595
316 162
503 702
9 188
891 558
405 185
269 354
702 171
129 848
118 427
760 386
521 745
881 698
794 518
940 980
497 380
200 963
27 394
530 928
447 228
484 869
904 439
265 56
314 994
905 462
984 590
984 891
849 339
319 395
674 722
516 863
582 940
700 132
227 362
211 339
949 969
52 61
593 837
701 276
737 874
33 989
341 191
832 334
662 161
612 59
355 759
963 82
927 667
325 32
257 697
447 100
913 323
134 679
323 633
341 46
763 251
38 419
889 729
426 313
232 228
824 304
305 158
624 32
67 528
392 505
552 222
537 443
683 56
635 670
712 445
92 230
410 907
948 630
139 267
717 208
690 75
76 725
541 887
879 714
981 906
84 807
654 828
79 620
250 898
622 748
827 848
746 227
273 948
293 22
798 629
778 967
780 820
511 807
647 964
471 501
340 181
564 774
242 891
407 349
172 266
68 869
957 418
529 639
44 494
267 994
365 834
390 216
787 828
460 727
639 50
333 539
479 943
290 869
509 884
41 519
537 249
9 580
837 421
66 427
230 134
193 497
69 410
419 807
267 60
635 111
114 800
383 693
833 593
828 940
868 326
703 165
145 871
967 80
618 434
458 274
691 477
756 911
229 852
299 936
103 105
813 984
871 994
277 255
760 257
570 119
507 164
228 807
986 261
247 296
133 926
594 599
28 724
468 935
398 660
395 149
416 120
583 890
300 318
713 969
509 310
624 312
881 569
413 345
594 294
211 881
70 236
605 562
864 589
748 27
108 306
725 704
953 79
200 26
605 504
898 43
124 215
853 869
17 329
2 375
320 643
63 123
719 828
99 511
462 379
524 530
769 459
549 743
880 762
884 250
171 446
442 773
271 993
963 816
191 372
9 900
443 975
989 115
893 714
883 57
574 736
714 992
209 401
243 870
613 994
870 835
37 710
363 35
727 824
128 959
542 338
26 191
241 634
494 861
736 540
996 700
148 382
506 123
98 395
125 872
743 169
181 111
574 972
604 863
337 211
552 642
846 786
497 586
784 372
919 988
584 55
12 363
160 554
456 283
204 66
689 542
749 499
981 517
553 253
951 416
846 559
369 599
269 775
562 967
13 505
398 147
122 769
57 215
808 506
236 783
396 917
957 344
665 809
322 705
746 513
553 155
15 205
741 965
115 898
612 460
753 708
953 928
178 589
710 948
65 214
103 116
602 709
129 938
764 585
980 269
582 381
521 15
98 575
356 301
492 64
730 262
24 689
527 675
818 683
146 774
733 448
380 52
890 498
359 91
925 988
657 466
770 803
469 893
769 579
955 595
828 845
17 254
530 808
621 337
880 35
517 163
208 918
481 218
767 291
563 828
452 219
102 864
798 969
830 223
529 924
980 262
642 479
128 420
886 463
557 128
111 425
241 784
153 625
782 758
940 144
266 25
89 283
813 928
617 470
133 188
534 609
666 942
174 989
363 31
907 955
709 362
71 61
646 823
96 32
81 606
851 480
156 617
255 299
481 739
154 355
995 661
399 296
357 983
573 353
57 980
747 529
590 185
409 934
92 747
974 209
568 524
531 603
109 934
535 282
350 220
696 107
373 94
230 80
295 981
703 576
520 84
702 536
240 763
798 728
996 82
75 696
146 780
337 581
508 33
102 180
187 845
70 207
632 1
299 830
132 617
82 344
169 379
822 309
580 200
602 243
698 438
755 211
756 442
699 965
445 356
863 787
391 549
162 465
645 304
549 378
660 331
901 482
413 723
260 439
535 224
628 732
990 952
338 723
694 711
490 410
618 336
378 180
755 474
17 446
618 366
813 479
477 546
619 603
570 826
779 180
749 343
872 586
502 780
4 608
698 314
89 480
56 761
956 954
117 439
270 420
620 532
263 297
826 291
315 571
975 850
857 143
151 521
607 303
746 901
947 204
260 684
774 516
367 941
449 367
548 832
589 974
39 896
634 30
748 358
976 119
608 758
151 45
766 688
288 317
83 848
361 848
53 819
860 974
681 617
10 374
10 3
864 120
233 374
527 489
885 161
491 407
853 589
719 239
90 937
777 149
792 322
2 988
534 642
930 200
885 653
414 968
548 971
211 571
821 973
967 903
346 657
669 182
89 240
964 941
127 239
630 289
27848 -1 -1 -1 45906 -1 -1 -1 6875 -1 -1 -1 17632 47319 -1 -1 -1 -1 -1 -1 -1 -1 -1 -1 -1 8091 -1 -1 51626 31183 -1 -1 46268 -1 -1 -1 -1 -1 -1 -1 -1 -1 -1 -1 -1 -1 -1 -1 -1 -1 18697 27251 -1 -1 40282 6166 -1 45244 25667 53551 -1 -1 -1 -1 -1 -1 -1 -1 -1 -1 -1 -1 10869 -1 -1 -1 -1 -1 -1 55345 22235 -1 -1 -1 -1 -1 -1 -1 -1 -1 -1 -1 -1 -1 19591 -1 52773 -1 37608 -1 -1 -1 16709 -1 -1 -1 -1 -1 -1 -1 -1 -1 40622 -1 -1 -1 -1 -1 -1 -1 -1 -1 -1 -1 -1 -1 -1 -1 32351 -1 -1 -1 -1 -1 -1 -1 -1 -1 -1 -1 64662 -1 -1 -1 -1 -1 -1 -1 57876 -1 -1 -1 -1 45391 -1 23946 -1 -1 20597 -1 -1 -1 -1 -1 -1 -1 -1 -1 -1 55971 -1 -1 -1 -1 -1 -1 -1 -1 -1 -1 -1 -1 54545 -1 -1 -1 3074 -1 -1 -1 31811 -1 -1 -1 54340 31778 -1 -1 -1 -1 -1 -1 -1 -1 -1 -1 -1 -1 -1 -1 -1 -1 -1 -1 -1 -1 -1 -1 -1 -1 8930 -1 -1 -1 -1 -1 -1 -1 41579 -1 64530 -1 16089 -1 -1 -1 18346 61567 -1 -1 36094 -1 13776 -1 -1 37889 -1 -1 -1 -1 23620 -1 -1 -1 -1 11481 -1 -1 -1 -1 -1 -1 -1 212 -1 -1 -1 -1 -1 -1 -1 58583 -1 -1 36376 -1 -1 3705 -1 25516 -1 38460 10788 -1 -1 3415 -1 -1 -1 -1 -1 -1 -1 -1 -1 -1 -1 -1 -1 -1 47015 22126 -1 -1 -1 -1 -1 -1 41040 -1 1157 -1 -1 54437 31163 16058 -1 -1 -1 -1 8350 -1 -1 10242 -1 -1 -1 -1 -1 40442 -1 -1 -1 -1 13066 -1 -1 -1 40242 -1 -1 -1 -1 29897 51371 57329 12429 -1 -1 -1 -1 -1 -1 -1 -1 -1 -1 -1 -1 -1 -1 -1 -1 -1 -1 -1 -1 -1 -1 -1 -1 -1 48570 -1 -1 16963 -1 38725 11429 -1 -1 -1 -1 -1 -1 -1 63641 -1 56983 -1 -1 42916 26321 -1 62169 22031 -1 -1 -1 3188 -1 -1 -1 -1 -1 -1 5602 -1 -1 -1 -1 -1 -1 -1 -1 -1 -1 -1 -1 27427 -1 54800 -1 -1 -1 -1 39647 -1 -1 -1 -1 45661 -1 -1 -1 -1 -1 7443 -1 -1 -1 60515 -1 -1 -1 57099 -1 -1 -1 61377 -1 -1 -1 -1 -1 -1 -1 -1 65440 -1 40581 -1 -1 -1 -1 47426 28773 -1 13528 -1 28927 -1 -1 -1 39455 -1 -1 -1 -1 -1 -1 -1 -1 -1 40470 2501 26589 63693 -1 -1 -1 -1 -1 -1 -1 -1 -1 -1 -1 -1 -1 -1 -1 -1 23472 -1 -1 -1 -1 4125 -1 -1 -1 -1 27665 -1 -1 -1 -1 -1 11508 -1 -1 -1 -1 -1 41732 -1 -1 -1 -1 -1 -1 16903 -1 -1 59013 -1 -1 47726 46704 -1 -1 -1 18083 -1 14898 -1 -1 8707 -1 -1 -1 59768 -1 -1 19617 -1 -1 -1 -1 -1 -1 -1 -1 -1 -1 -1 53963 -1 -1 -1 -1 -1 -1 -1 -1 -1 -1 -1 -1 13953 48211 -1 -1 -1 -1 -1 -1 14211 16614 -1 -1 -1 -1 -1 42390 -1 -1 -1 56827 -1 -1 33563 -1 -1 -1 -1 23157 -1 -1 -1 -1 -1 -1 -1 -1 -1 -1 -1 -1 -1 -1 -1 -1 16741 -1 -1 -1 -1 17383 -1 -1 -1 -1 26997 -1 -1 25951 -1 -1 43036 11978 2157 -1 -1 -1 -1 57093 -1 -1 -1 1230 -1 -1 45707 -1 23040 -1 61550 6023 38707 -1 -1 -1 -1 -1 -1 -1 44327 -1 -1 -1 24756 -1 -1 -1 -1 -1 -1 -1 -1 -1 26064 -1 57917 -1 -1 -1 50189 1978 -1 -1 65487 -1 -1 -1 -1 -1 -1 -1 -1 -1 19769 -1 -1 -1 -1 -1 -1 -1 -1 -1 -1 59758 -1 48682 34617 -1 -1 -1 -1 14085 -1 -1 17866 -1 -1 33517 -1 7328 -1 -1 -1 -1 9530 -1 -1 -1 39809 -1 -1 -1 -1 -1 -1 -1 -1 -1 -1 -1 -1 -1 -1 -1 -1 41071 57808 -1 -1 -1 -1 -1 -1 16834 -1 28450 6261 -1 23739 -1 -1 -1 -1 -1 -1 18895 7224 58224 11474 -1 -1 -1 -1 -1 52226 -1 -1 44733 -1 -1 -1 -1 -1 -1 -1 -1 55105 -1 8158 15857 -1 37589 -1 -1 -1 -1 8036 -1 -1 -1 -1 -1 -1 -1 -1 -1 -1 -1 58401 -1 -1 -1 -1 45270 -1 64660 -1 30206 -1 -1 -1 33161 -1 -1 7536 -1 -1 -1 -1 -1 -1 -1 -1 -1 51604 -1 -1 -1 -1 60009 -1 -1 -1 -1 -1 -1 58278 -1 17509 -1 -1 -1 -1 -1 -1 -1 3021 -1 -1 -1 45005 55814 -1 40246 57478 3430 4959 17286 -1 -1 -1 -1 1168 -1 -1 52761 -1 -1 -1 10210 49553 -1 -1 63329 -1 -1 -1 -1 -1 -1 -1 -1 -1 -1 -1 -1 -1 -1 -1 -1 -1 -1 -1 -1 15244 56553 -1 -1 -1 -1 -1 -1 53090 -1 -1 -1 -1 -1 -1 -1 -1 -1 27658 -1 -1 -1 -1 -1 -1 -1 -1 -1 -1 -1 -1 39488 -1 -1 -1 -1 -1 -1 -1 42345 56257 -1 -1 -1 -1 -1 31900 -1 -1 -1 -1 -1 -1 -1 -1 -1 -1 -1 65117 -1 -1 -1 -1 -1 -1 9394 -1 -1 -1 -1 40389 65330 -1 -1 -1 -1 -1 37767 -1 -1 -1 -1 -1 -1 2402
5
1 455 2 827 9
1 781 4 595 0
1 744 6 37 3
1 605 1 723 12
1 327 7 125 14
