1000 5000
589 483
972 865
758 354
324 154
740 737
422 834
824 279
242 945
424 950
820 646
150 168
25 112
73 439
380 205
846 218
507 856
627 323
108 569
514 813
515 588
277 524
735 432
486 350
220 472
443 535
704 189
611 674
550 322
869 832
698 172
640 839
256 278
266 810
537 277
973 625
388 843
425 838
826 944
801 225
444 678
710 832
66 221
57 784
594 310
618 47
598 84
52 131
591 264
447 538
778 913
590 378
114 857
414 440
287 812
284 4
836 462
592 789
936 167
173 13
953 554
72 882
174 89
8 770
73 696
221 211
288 107
68 495
299 797
103 225
570 306
131 267
61 558
998 236
321 36
121 617
86 952
268 636
561 156
806 805
304 823
603 452
531 264
237 727
608 802
521 665
307 300
372 110
758 150
777 307
790 657
765 26
834 562
364 246
891 120
211 429
774 428
24 64
329 244
205 20
576 917
834 786
338 93
246 13
720 536
177 208
23 974
834 334
695 905
712 394
574 131
712 382
535 380
806 505
766 647
274 37
820 390
870 808
945 827
570 670
644 472
10 337
603 13
854 47
343 213
961 704
367 643
27 130
574 269
369 448
464 760
19 233
4 442
16 895
73 575
570 938
43 887
483 144
444 356
984 962
724 583
949 656
393 516
726 534
863 946
168 89
280 429
76 603
703 934
4 872
269 143
580 788
184 699
651 689
813 35
25 623
88 193
356 977
46 912
254 3
563 291
363 647
30 710
51 328
399 103
794 185
997 336
492 367
31 998
142 719
185 288
887 293
444 987
247 778
379 209
25 279
43 864
513 292
774 564
381 236
439 766
755 365
2 868
527 239
325 806
304 167
629 283
646 621
843 192
298 900
926 63
642 959
356 45
674 541
57 377
310 254
838 248
886 514
89 87
31 327
737 377
441 641
70 494
480 4
967 123
666 710
470 543
299 623
44 370
213 883
960 516
648 822
599 477
716 46
524 547
808 379
931 479
325 404
784 991
284 570
789 550
749 812
528 755
562 739
720 262
899 350
805 742
941 447
629 118
708 867
615 599
800 783
566 193
311 657
307 284
344 44
787 990
978 659
472 100
961 813
236 674
196 189
201 613
697 196
465 563
629 421
992 947
213 458
877 367
148 152
923 726
889 590
863 629
840 81
734 779
642 670
765 880
519 941
754 919
227 581
761 26
471 322
916 481
825 744
948 136
305 103
378 891
182 281
998 548
77 474
34 248
65 434
746 898
319 984
410 341
332 639
658 412
2 697
660 703
312 700
311 846
666 897
227 614
53 60
921 54
620 484
468 293
990 261
775 650
504 899
797 192
52 847
778 295
2 478
986 469
758 516
548 397
726 847
13 985
448 962
602 191
279 669
826 389
951 40
958 448
421 130
956 436
697 900
793 373
855 642
167 240
298 686
26 374
416 574
275 540
10 276
491 233
213 544
619 155
755 847
804 298
995 240
672 899
116 330
850 436
36 316
663 114
42 727
287 124
494 402
235 807
260 505
309 796
147 545
619 70
845 543
3 707
459 845
151 593
646 852
340 114
887 849
760 368
697 187
119 262
898 767
816 302
865 367
63 89
32 523
613 910
843 561
860 987
376 855
972 77
243 544
563 970
952 812
15 202
293 583
693 238
893 828
563 204
927 242
897 338
916 974
277 710
297 856
125 37
424 920
972 239
310 105
779 884
272 991
704 458
214 372
16 482
82 644
548 670
394 129
633 43
152 60
336 592
184 198
232 533
404 208
492 956
723 87
273 632
613 640
945 746
423 176
606 685
68 75
36 671
912 939
753 930
57 656
274 77
309 326
95 253
858 272
147 29
784 518
897 78
758 803
671 323
407 569
766 129
10 697
442 9
624 714
591 105
460 595
333 532
52 10
256 833
747 969
740 520
916 810
512 995
424 846
603 678
784 575
135 621
568 33
839 932
878 738
78 506
592 271
729 70
100 897
752 919
957 27
589 281
876 445
741 341
893 477
680 233
557 258
466 664
410 188
202 699
31 859
149 500
294 390
550 288
476 879
483 696
929 231
620 926
524 333
365 450
117 532
113 619
117 81
661 19
318 295
77 199
274 706
212 400
852 977
725 244
180 522
744 177
251 505
769 639
541 982
706 15
813 518
351 100
459 93
38 173
317 337
992 51
9 142
561 888
236 299
129 734
957 667
142 513
506 399
313 412
585 242
683 325
223 619
168 360
941 480
435 997
266 795
324 207
850 397
153 134
366 663
30 653
4 866
134 516
974 178
138 353
579 401
136 971
647 783
782 394
115 460
901 108
720 261
288 844
853 116
398 127
634 967
720 212
688 492
238 332
103 381
648 351
92 76
133 213
913 466
215 965
343 132
571 454
665 384
389 738
249 868
66 334
124 208
434 283
695 589
862 702
79 103
413 205
618 415
968 701
252 906
694 659
123 394
287 597
681 304
49 640
782 121
743 181
485 842
712 438
217 303
684 904
38 574
981 636
315 535
49 80
484 845
14 903
202 745
852 723
677 508
872 534
917 184
699 967
875 504
54 167
662 944
929 480
830 72
13 761
227 223
430 457
977 12
320 536
11 505
415 923
462 555
136 419
358 627
434 216
707 488
399 316
326 463
707 297
372 731
114 88
567 967
372 802
903 953
545 380
286 471
112 668
111 744
931 756
8 865
68 945
861 570
683 10
390 137
70 914
893 401
482 213
706 869
198 132
19 848
291 182
229 131
989 48
727 36
895 771
755 893
353 341
272 914
347 456
129 32
841 299
345 487
679 410
221 850
968 309
315 623
790 924
870 124
912 280
918 492
573 629
830 577
591 774
618 575
924 494
322 858
204 160
102 476
425 17
681 931
190 835
327 399
283 448
900 154
125 647
657 582
316 965
621 951
358 374
100 385
638 168
745 976
666 836
18 670
334 201
184 729
269 360
68 26
379 674
775 171
76 860
428 93
489 0
123 935
259 228
916 933
211 730
62 160
508 139
981 965
127 837
433 872
493 707
823 855
39 835
571 470
441 486
624 347
132 457
472 183
853 223
377 334
352 816
231 522
357 779
710 59
625 226
734 923
456 484
389 105
904 143
854 86
227 814
706 136
288 20
640 205
98 226
415 980
479 95
285 678
263 577
500 930
671 685
564 694
968 617
193 760
692 437
6 321
439 186
67 432
208 500
898 144
633 530
758 187
853 637
55 317
946 914
3 835
243 793
277 679
614 61
23 361
117 361
496 870
801 695
446 962
603 221
820 55
818 739
783 650
280 9
908 397
585 411
942 43
893 629
576 832
900 41
557 130
468 664
342 912
830 378
666 681
973 400
738 521
892 825
647 245
762 520
91 221
956 743
681 262
725 666
234 603
638 682
654 380
389 95
998 771
805 167
754 723
457 904
309 27
902 888
3 560
305 885
808 168
98 918
384 422
112 737
926 743
793 357
988 895
993 335
104 518
532 555
214 98
323 546
24 910
132 623
127 245
674 36
204 822
845 88
102 922
124 64
364 155
872 28
839 281
848 921
615 425
221 52
947 982
506 764
685 812
610 728
494 618
369 985
947 575
786 53
408 843
671 458
570 551
673 774
347 607
982 731
911 302
442 728
502 63
568 240
135 180
886 847
241 466
63 636
387 842
338 386
121 100
253 912
850 68
649 226
437 934
446 967
668 700
783 43
360 917
700 988
271 948
546 889
721 275
889 24
947 818
639 979
832 253
892 53
803 52
404 87
163 402
988 141
292 518
975 672
792 152
483 122
274 959
119 354
249 204
699 985
146 524
346 617
198 518
424 833
176 990
611 360
592 786
872 402
190 266
78 382
988 133
990 598
418 834
601 330
682 697
685 654
246 156
786 44
756 38
565 0
495 595
218 816
923 110
972 198
825 176
463 88
135 618
176 655
855 383
842 426
85 725
564 40
984 565
595 253
893 150
369 628
840 856
986 298
481 66
487 339
600 644
602 642
405 656
570 122
825 976
917 235
672 51
964 258
989 838
244 472
723 306
929 201
272 37
817 992
530 322
388 64
806 79
679 189
372 393
794 858
867 23
815 655
3 369
377 792
23 341
522 28
680 317
727 423
391 73
497 75
617 816
320 198
522 834
963 993
153 306
985 674
160 692
253 686
943 807
698 545
681 97
645 34
947 341
936 701
187 14
372 294
742 941
4 554
553 391
732 901
537 925
291 344
780 440
255 663
841 279
487 161
292 571
788 834
38 222
200 0
667 952
215 488
17 651
997 551
499 243
34 604
746 513
919 685
808 817
187 242
80 920
52 767
467 97
118 702
55 185
958 564
931 923
724 668
143 371
164 219
746 535
371 345
457 109
78 735
275 107
538 274
86 475
513 900
477 922
565 730
952 670
529 140
365 481
31 113
664 558
629 599
115 768
315 912
812 34
166 941
977 341
694 675
22 491
209 729
9 551
982 743
622 305
651 408
165 432
112 105
324 143
793 168
376 764
769 477
283 0
933 211
850 871
817 733
579 220
322 879
378 845
696 982
697 72
513 610
754 463
875 551
601 844
170 677
531 490
101 57
343 79
327 408
264 171
840 901
108 804
941 768
159 502
104 764
573 242
322 92
292 298
923 721
298 716
735 517
441 807
249 453
203 292
195 321
92 249
943 647
766 64
766 724
481 868
161 829
287 50
325 779
583 934
234 837
577 705
870 591
472 659
779 322
354 943
420 45
239 400
603 491
34 361
35 653
935 449
328 865
988 868
904 316
401 628
825 466
327 757
343 353
876 622
526 449
95 560
501 480
478 833
557 257
133 392
848 465
943 832
587 998
336 428
607 162
479 425
351 566
433 443
406 75
649 172
91 38
630 280
582 893
66 155
243 861
271 924
968 432
165 466
745 508
633 22
677 883
470 570
265 408
481 805
751 969
315 876
789 90
100 839
951 889
894 288
398 737
89 125
302 7
195 249
97 915
143 335
597 331
400 83
560 965
100 557
589 737
396 101
881 107
698 739
720 209
164 507
37 997
487 201
740 782
549 399
332 35
527 883
292 4
329 118
630 177
393 770
960 970
845 924
832 116
619 386
329 356
429 312
689 419
775 256
598 586
695 891
522 941
836 493
181 627
792 612
211 52
474 134
970 589
227 385
996 590
531 828
487 853
247 602
271 984
22 84
480 251
673 614
476 982
715 183
524 178
356 176
979 503
566 282
978 535
713 55
245 43
462 545
271 535
200 558
891 704
240 92
161 973
779 612
66 847
570 829
763 291
912 37
609 637
412 167
738 984
346 10
847 149
566 497
473 303
252 602
702 748
743 101
385 684
389 303
876 345
625 798
721 317
495 25
16 549
455 98
21 911
142 448
533 804
681 520
16 268
868 981
276 406
586 464
1 925
995 123
483 810
131 671
781 353
740 285
923 850
352 667
601 174
191 243
350 222
729 636
296 146
494 221
859 107
776 344
974 968
524 24
358 658
604 714
182 732
755 376
259 883
306 49
991 817
143 953
832 561
228 596
498 512
937 500
846 309
753 86
955 538
562 460
285 846
323 294
155 859
58 621
354 595
642 273
844 834
648 65
507 231
327 449
734 519
115 209
575 52
725 972
390 496
760 50
579 533
100 289
912 657
806 807
577 422
702 890
750 780
402 129
721 54
521 352
383 611
520 674
673 946
111 901
227 9
222 27
188 729
885 383
270 521
171 604
986 604
853 89
594 216
688 66
853 208
50 44
994 386
906 199
273 48
2 668
581 351
310 784
19 532
880 953
762 321
782 432
281 362
495 337
77 505
277 11
216 610
658 420
176 964
229 876
967 757
433 310
881 545
830 965
312 82
588 736
109 921
382 927
580 298
150 917
986 892
889 124
55 35
378 465
562 673
553 953
372 425
260 300
657 424
804 167
265 422
930 100
494 569
280 278
362 421
198 4
681 954
236 788
546 260
547 168
739 800
347 401
982 274
92 147
88 800
865 343
312 155
64 632
956 183
187 726
65 731
640 60
756 179
144 90
394 23
668 508
652 256
84 183
843 383
748 836
847 735
3 972
10 170
444 727
746 714
882 86
899 357
898 187
618 132
956 54
812 996
933 642
63 411
632 233
581 840
235 886
788 729
620 684
543 98
726 144
492 80
607 150
336 315
487 684
905 80
934 688
425 431
306 818
228 173
331 445
44 855
54 748
294 845
310 639
978 653
599 134
378 766
669 679
45 222
469 50
824 404
146 538
219 18
929 602
649 812
101 605
180 371
273 612
538 57
355 309
443 253
507 601
157 529
245 185
944 322
521 381
2 862
372 212
471 561
72 678
65 684
64 247
358 146
257 824
227 607
845 48
344 306
83 520
790 421
136 184
12 112
881 118
733 614
420 964
98 836
811 976
188 273
312 504
194 354
543 87
657 949
580 901
218 134
90 785
146 714
977 697
689 12
342 619
386 916
818 62
564 812
235 343
186 954
240 469
902 728
509 451
960 410
827 585
261 402
75 962
987 851
258 333
832 757
259 28
410 449
330 823
14 839
454 123
694 355
517 199
468 109
293 347
341 244
369 177
838 840
563 717
357 196
420 762
64 897
214 295
777 725
954 28
698 52
379 246
557 343
513 956
322 443
331 616
494 247
170 581
704 844
492 502
45 192
502 539
887 243
996 869
449 240
578 506
862 833
354 582
498 262
438 204
726 355
628 879
22 799
817 623
10 426
278 307
180 851
432 789
892 192
103 900
139 277
154 787
110 429
218 67
181 188
905 196
779 528
584 94
365 367
359 198
45 25
215 232
838 164
359 611
395 751
354 806
203 974
223 350
147 656
966 443
246 652
349 107
623 876
337 580
929 810
894 433
136 479
792 885
680 716
613 599
0 791
648 287
147 294
115 523
385 462
809 146
289 301
439 688
109 549
678 329
133 510
161 697
92 850
992 944
79 251
319 877
273 967
870 775
323 639
334 982
168 164
819 906
192 715
13 540
908 610
315 175
33 111
808 975
606 845
187 894
413 577
27 234
725 779
874 583
27 214
701 315
984 361
878 891
61 575
734 443
688 533
900 201
243 968
868 280
861 224
670 6
22 338
614 952
612 654
374 842
261 439
905 710
988 212
741 672
918 838
251 302
984 238
245 167
204 804
225 984
812 837
472 977
992 888
589 412
290 937
43 497
49 791
714 323
185 906
409 310
129 153
443 815
499 765
247 704
503 621
333 145
769 986
496 281
842 329
133 116
910 308
569 968
485 983
56 753
69 656
253 62
806 550
598 617
224 556
887 41
827 10
871 377
439 367
251 284
605 189
457 523
183 238
572 481
811 796
450 266
149 821
933 461
413 614
422 148
395 549
496 829
993 760
792 699
599 538
403 28
196 976
783 976
154 797
838 957
976 838
246 310
864 924
900 181
871 958
799 431
792 80
908 324
816 937
685 171
829 442
448 14
889 177
75 653
7 91
954 293
83 891
383 307
423 545
420 648
289 431
175 704
164 260
35 463
486 471
804 904
567 301
414 607
503 828
369 421
759 16
356 14
416 531
863 864
741 16
528 900
241 969
619 705
425 682
451 172
83 953
635 440
212 504
657 824
183 826
902 233
522 140
52 309
503 491
815 387
568 856
885 546
517 987
642 141
564 532
170 871
798 270
396 567
422 316
596 330
116 127
241 967
960 135
691 872
416 519
516 881
973 749
563 494
195 294
424 287
487 760
2 267
536 893
545 929
435 505
921 677
288 23
814 95
970 56
804 183
496 620
128 837
595 173
379 300
411 976
632 922
5 832
190 15
366 833
932 988
797 796
588 76
91 670
868 452
284 250
41 841
426 208
448 924
947 929
777 56
65 393
365 566
553 376
446 960
509 406
466 538
838 45
133 347
831 315
693 258
830 723
283 530
310 559
370 898
49 188
215 13
470 726
149 617
958 227
921 695
716 556
45 511
716 29
295 142
821 880
137 564
607 555
954 331
559 934
925 343
71 756
395 717
231 208
425 841
704 410
197 990
665 431
67 657
470 740
878 353
158 122
453 188
203 938
524 410
604 338
886 398
323 655
266 842
575 80
189 78
31 764
273 137
614 822
317 153
466 531
626 708
659 53
251 198
621 387
815 57
29 729
773 189
263 470
495 189
803 890
408 626
781 714
618 5
422 591
273 694
20 511
548 983
112 220
54 116
288 266
762 145
81 550
100 46
545 109
403 709
259 943
899 957
946 763
997 407
785 67
70 290
903 766
776 168
648 634
894 874
686 789
476 484
392 662
952 109
51 85
270 953
667 141
731 793
679 381
781 894
668 16
751 20
620 884
279 473
976 853
829 114
946 616
226 596
742 626
749 239
416 655
109 407
309 976
729 986
67 209
466 595
823 339
153 655
427 679
168 424
716 949
611 540
215 40
806 561
581 787
852 284
49 781
700 441
241 874
42 735
303 888
250 206
54 914
359 800
564 426
38 891
158 242
340 723
256 612
570 104
673 95
40 75
553 22
807 508
306 448
615 700
305 751
157 677
638 243
482 849
919 857
103 699
526 954
173 423
680 828
611 535
905 845
697 13
98 975
39 924
62 652
868 721
662 775
347 82
408 173
330 476
554 156
767 143
522 311
346 122
868 740
169 309
114 253
819 443
239 697
824 961
228 470
121 744
534 323
12 924
705 739
554 98
821 493
469 907
423 456
710 231
181 339
929 50
615 754
131 970
61 83
942 345
616 822
773 204
23 654
4 883
892 395
818 832
807 748
48 841
26 281
595 637
497 530
688 573
268 516
467 216
754 444
229 624
983 840
546 431
79 801
90 331
762 723
13 701
894 776
911 187
390 377
679 946
401 257
472 182
430 985
106 666
939 93
825 646
949 765
89 783
914 707
874 504
180 957
932 91
979 676
525 35
336 5
817 400
166 134
745 769
747 778
333 614
517 990
299 937
430 110
369 973
934 136
102 757
272 415
107 900
166 576
231 693
316 717
649 444
554 381
243 602
434 177
42 401
864 720
761 824
821 526
744 985
365 756
165 302
587 425
63 928
444 212
576 346
334 449
635 619
694 262
678 341
459 540
590 204
648 875
841 966
891 449
610 371
607 935
142 952
3 973
703 18
47 13
82 123
932 661
293 812
537 767
839 860
398 140
646 513
400 325
573 480
284 563
663 792
643 623
54 329
688 320
460 911
896 669
85 337
118 690
904 665
94 273
186 113
285 970
565 533
239 386
528 765
359 957
200 951
806 445
72 148
158 251
212 560
296 607
558 138
378 571
720 669
948 378
648 119
528 366
314 834
134 321
845 955
314 98
573 377
32 890
280 849
983 354
795 517
999 980
678 587
320 615
994 63
345 495
515 314
787 382
18 165
167 895
413 622
981 110
754 45
313 562
938 247
804 163
766 864
244 90
650 55
862 771
751 940
366 99
201 441
623 931
885 105
451 880
932 152
899 282
162 984
479 217
483 694
915 963
118 159
610 207
982 942
136 73
284 886
202 365
998 353
308 967
779 826
624 881
799 304
374 476
387 429
725 394
869 866
669 61
440 726
959 378
550 587
508 701
306 86
807 254
204 353
834 13
350 90
209 351
703 773
227 361
863 763
829 881
767 157
172 606
662 997
101 844
950 98
267 657
173 503
702 207
272 304
895 584
532 681
604 79
269 374
312 166
765 887
558 146
264 870
876 643
141 976
30 794
20 682
751 796
942 721
745 256
989 401
906 301
238 798
879 964
145 943
396 331
117 701
53 966
174 650
364 293
859 308
654 781
700 765
732 924
93 6
142 221
10 267
725 58
368 11
956 297
400 503
874 955
907 678
359 105
574 327
882 374
537 210
133 501
152 705
891 56
542 790
822 764
19 191
487 338
323 239
395 507
696 725
888 126
275 215
601 105
803 428
233 812
883 941
327 333
942 243
867 127
56 483
168 278
382 103
895 175
486 189
655 315
683 466
944 250
739 644
85 452
998 520
663 787
950 631
629 9
831 904
144 432
567 780
940 694
420 215
64 690
360 69
544 498
311 51
271 76
230 881
535 398
332 910
284 718
453 637
876 313
424 279
710 672
135 627
980 492
342 348
374 67
960 631
280 15
788 540
559 841
645 916
423 90
526 136
777 316
940 521
920 961
558 174
346 609
550 508
428 870
495 393
1 138
593 320
398 507
680 895
397 518
967 764
869 4
999 836
181 825
80 409
362 644
106 888
64 314
957 93
56 601
183 147
162 840
118 339
216 960
213 350
997 602
951 551
3 508
391 929
282 405
194 118
747 943
584 975
569 548
441 470
827 402
410 405
114 343
483 519
731 723
931 516
283 329
499 708
749 382
542 486
419 539
105 916
294 440
686 63
446 849
717 632
636 574
869 753
623 370
118 344
808 134
917 894
157 738
842 397
438 782
919 158
833 842
610 799
992 169
486 683
750 489
138 373
53 379
294 423
382 877
152 165
287 622
195 500
319 690
820 852
675 436
547 147
554 865
395 96
632 692
56 509
706 736
270 785
904 617
122 281
58 735
579 990
185 443
153 681
106 158
232 343
964 944
348 835
457 371
257 722
268 98
621 896
82 865
539 924
656 666
180 869
773 844
477 552
224 647
960 789
891 918
443 890
418 440
322 400
923 905
725 875
288 785
217 344
156 403
465 403
794 534
484 523
959 111
255 57
470 694
823 621
220 205
81 148
340 983
283 56
324 156
71 474
207 175
305 560
692 728
475 314
906 370
268 79
688 943
958 789
38 404
600 210
722 348
408 281
643 601
7 885
821 373
445 840
855 98
120 525
753 619
311 338
542 481
307 60
757 225
856 636
358 2
92 997
312 746
402 439
539 672
126 511
634 146
317 819
360 488
96 113
310 282
140 538
799 136
979 855
629 62
635 857
173 698
561 997
550 122
790 501
620 579
65 24
670 763
671 235
806 961
488 766
567 286
90 99
26 850
440 562
761 438
601 44
889 997
156 385
900 551
534 82
831 95
256 254
900 18
752 438
910 619
511 101
888 847
709 654
293 769
424 126
280 829
660 466
583 503
660 884
276 484
120 243
660 357
897 636
111 731
279 887
294 994
105 649
733 611
638 524
686 737
13 445
270 657
276 354
76 900
17 275
38 162
413 920
623 221
627 184
282 296
444 533
683 176
406 317
894 847
129 478
642 999
282 634
716 168
401 440
610 493
371 215
591 938
259 368
590 671
835 852
400 439
626 703
190 980
512 911
706 451
669 364
619 13
320 367
659 91
124 180
710 487
164 246
625 816
249 577
870 740
239 877
553 453
247 158
26 12
890 15
547 14
316 772
791 972
981 879
7 110
789 466
552 991
336 995
133 784
442 594
767 130
777 376
95 945
13 575
682 125
557 370
498 899
42 164
154 357
772 100
763 565
656 770
74 550
294 110
447 384
604 482
274 600
474 538
343 500
706 448
478 996
903 627
221 763
482 694
177 938
481 247
129 920
789 559
589 553
715 343
957 935
526 678
111 227
797 530
73 341
165 154
500 148
463 602
970 736
740 564
192 854
863 786
750 965
279 641
75 522
783 311
227 608
834 75
804 143
180 245
911 600
861 369
483 45
93 929
600 156
657 927
226 19
799 591
355 841
454 480
767 708
831 417
790 600
289 688
84 201
58 949
199 780
83 24
707 991
626 545
977 168
849 973
120 914
691 294
4 385
401 532
137 142
135 700
567 954
512 855
511 163
613 47
752 514
976 423
297 487
556 681
736 155
154 456
468 272
680 62
596 841
396 131
294 254
972 598
492 193
550 864
29 476
173 361
394 821
284 790
604 42
585 492
738 243
70 123
700 605
389 550
947 357
225 364
975 498
463 483
240 869
374 764
859 106
273 207
48 930
984 113
812 100
898 321
169 348
738 360
579 667
932 68
817 197
747 89
108 309
554 169
868 869
992 654
704 558
129 659
385 957
357 98
118 922
215 550
825 385
180 270
880 87
338 256
548 689
672 435
799 143
674 296
956 355
847 95
970 928
955 58
642 721
354 478
120 751
123 780
83 130
852 157
97 226
700 137
898 355
594 741
881 651
814 442
822 58
842 606
321 209
357 161
12 0
832 186
593 806
934 526
331 372
53 375
788 431
565 844
121 557
746 164
111 927
293 772
891 448
899 917
989 563
19 978
458 894
371 415
154 496
486 354
915 632
862 629
2 637
872 634
501 298
25 450
774 930
787 524
61 438
27 505
661 37
228 904
575 829
902 933
133 808
470 345
498 795
374 572
956 274
51 333
563 619
948 533
259 755
922 293
443 68
186 673
815 573
73 523
729 129
497 677
185 752
187 938
932 274
467 608
431 492
781 460
985 549
915 2
906 224
559 830
796 445
252 390
822 471
498 880
221 689
289 918
335 262
109 438
81 260
677 518
39 43
685 891
331 560
465 220
844 490
701 229
166 44
373 21
316 348
937 40
282 552
784 702
852 785
31 99
297 236
557 964
250 132
551 375
692 652
723 94
618 18
135 348
387 810
220 817
939 458
525 689
933 521
31 357
614 836
153 360
237 147
903 341
174 978
480 221
986 559
787 882
32 295
649 742
85 789
904 299
900 52
979 101
6 517
994 456
574 775
104 53
808 240
259 680
440 128
342 44
601 836
351 877
514 312
744 961
205 391
368 104
989 876
529 1
862 80
274 450
803 246
894 717
23 511
490 501
123 566
240 515
575 750
437 950
354 548
990 852
174 825
883 151
375 918
171 334
66 985
328 485
888 346
10 484
885 531
361 132
444 57
534 774
100 559
404 775
596 277
976 107
779 162
149 102
355 372
727 916
461 497
629 114
698 764
509 696
70 150
284 134
105 882
821 891
98 871
722 363
560 740
739 127
951 251
675 50
587 469
111 805
446 124
352 781
806 197
208 261
295 905
76 325
506 363
411 55
42 250
418 785
937 467
451 266
731 947
306 996
100 874
225 129
399 930
57 61
169 25
730 216
581 79
459 4
260 985
47 299
541 425
680 914
105 784
668 806
31 846
404 130
961 437
535 36
117 603
592 973
21 182
512 531
837 979
342 8
214 658
631 500
394 801
672 36
156 705
349 19
708 476
951 414
76 593
37 611
208 779
653 839
129 731
328 866
418 38
627 267
197 995
947 118
465 338
946 200
830 478
790 289
672 801
395 476
665 399
88 582
426 617
156 793
355 679
275 509
448 347
454 290
112 842
931 340
350 457
685 92
972 784
810 22
234 336
528 938
305 28
723 985
807 257
416 771
956 125
920 758
259 20
722 114
676 876
727 431
201 480
309 762
604 199
403 138
59 604
878 975
38 149
806 707
825 366
903 861
295 35
574 858
836 862
857 937
524 121
562 684
946 121
165 77
158 489
646 441
702 308
482 874
75 17
24 285
785 130
488 547
549 709
879 318
389 666
805 109
281 868
727 660
974 125
171 822
503 889
195 503
513 827
359 163
58 406
970 39
845 800
591 540
274 632
563 414
848 711
176 475
401 405
865 536
816 231
297 207
211 907
766 445
317 599
498 698
788 78
845 451
41 413
123 232
120 205
8 515
449 304
967 50
15 622
662 459
310 997
139 346
505 412
198 384
233 462
321 394
91 367
113 679
480 282
301 394
185 842
265 13
341 13
234 405
886 788
967 176
340 940
192 832
561 223
467 424
824 927
737 130
323 99
409 617
705 756
168 723
80 441
69 729
776 692
125 240
70 723
450 568
485 819
585 516
525 946
963 155
451 225
782 185
692 826
693 430
842 649
146 387
714 519
680 46
487 819
462 414
101 458
19 680
651 876
846 403
468 843
957 481
807 428
326 72
581 152
370 119
131 512
296 216
683 244
770 981
769 104
653 651
555 843
565 402
826 820
337 443
583 623
127 728
34 743
357 271
378 309
534 591
126 408
188 569
45 645
980 222
708 569
846 200
451 156
593 63
568 767
229 81
593 235
193 924
698 234
137 573
290 162
849 948
773 747
770 870
527 699
760 160
56 809
193 162
381 45
123 450
69 825
318 122
223 321
160 751
113 948
469 859
911 756
270 858
21 193
882 534
159 832
696 165
42 62
600 844
845 69
644 93
902 434
779 97
700 220
535 203
72 513
26 507
215 83
906 276
88 91
139 430
962 649
611 429
672 360
733 84
569 434
874 334
575 913
358 263
275 446
699 561
822 795
856 985
834 376
286 37
734 888
840 741
672 281
306 665
1 295
41 475
506 499
507 795
590 340
681 604
252 804
467 507
779 848
970 520
81 195
481 983
284 959
742 90
49 297
364 585
453 519
991 670
593 187
907 326
880 383
833 172
740 437
92 208
785 228
241 527
584 814
882 649
535 259
669 322
334 139
213 542
123 34
490 470
523 724
250 914
948 804
638 30
13 615
122 161
333 391
543 725
981 790
661 841
808 908
570 937
428 939
124 250
883 607
568 55
747 872
331 984
197 856
913 457
841 420
816 574
252 609
848 125
909 787
931 11
497 386
60 938
18 203
676 287
869 202
976 640
674 842
512 523
815 455
753 914
404 459
198 520
560 845
858 473
431 80
732 693
661 961
200 584
337 642
673 205
447 973
84 262
43 195
258 709
776 57
641 453
281 93
191 20
725 735
993 312
533 641
88 103
473 940
835 890
370 103
805 457
759 45
456 610
8 888
65 223
853 909
134 727
502 46
997 144
798 543
198 774
607 239
245 290
140 413
616 553
667 691
743 325
489 573
438 381
761 714
728 867
709 574
85 101
13 209
899 724
509 409
664 191
407 700
56 220
425 491
82 547
708 958
960 483
950 789
346 460
786 422
91 485
6 444
195 224
924 107
542 868
434 828
690 293
277 489
550 325
575 409
620 629
792 881
413 183
495 830
358 98
202 758
402 773
414 671
737 578
871 682
879 888
681 940
678 773
134 647
172 157
528 112
805 107
124 495
799 380
352 865
717 913
265 289
906 832
919 213
854 60
603 406
704 84
832 219
169 729
218 155
750 85
285 233
32 443
936 947
838 793
865 765
388 206
524 620
230 317
536 587
736 561
355 75
424 659
112 498
478 277
593 319
209 582
711 192
194 428
523 575
369 956
13 100
126 205
64 905
126 740
854 371
821 900
537 914
363 2
314 652
22 60
323 840
471 869
961 162
811 900
453 597
630 14
257 814
266 55
266 939
748 627
505 17
733 138
72 356
15 366
409 165
630 127
87 796
708 985
727 253
951 867
197 148
83 515
222 15
910 923
953 305
503 813
976 578
658 92
485 216
136 625
886 157
929 495
957 439
498 641
220 474
52 586
817 914
872 991
33 373
820 600
685 306
551 681
163 575
233 532
319 458
306 102
516 365
35 441
306 60
462 607
591 439
644 377
343 6
43 379
382 250
882 678
640 493
476 122
92 779
572 65
246 352
644 178
520 804
745 940
189 575
272 855
885 409
459 951
704 249
733 769
532 828
107 26
652 458
702 546
387 738
756 400
944 184
203 530
351 461
13 611
298 18
390 488
231 510
660 88
960 555
964 835
149 63
687 117
772 916
276 630
32 927
778 919
396 7
923 219
69 111
610 516
761 297
303 368
958 775
667 145
327 741
460 975
401 731
10 42
74 629
577 216
855 773
828 29
55 720
247 831
203 761
530 445
489 590
464 248
483 711
675 249
623 504
841 432
647 604
40 689
308 141
515 17
159 677
701 804
122 173
485 303
201 937
457 638
850 487
197 104
31 248
352 983
399 914
962 415
717 779
934 212
791 277
283 974
441 583
813 568
413 342
570 422
675 547
38 391
513 318
177 554
231 673
766 805
862 398
147 96
379 439
629 641
757 746
329 132
301 811
35 147
548 67
334 418
628 564
535 457
715 332
594 842
639 800
99 969
405 906
454 263
92 12
35 718
73 625
716 171
629 883
473 587
569 941
396 200
583 766
77 910
26 403
375 236
717 585
548 927
500 430
258 562
541 629
735 299
297 592
922 308
530 64
454 538
612 619
390 389
836 24
894 130
190 163
519 457
721 464
447 26
682 915
939 268
305 926
180 345
16 222
875 950
144 310
233 617
377 267
638 677
649 455
649 578
124 67
69 261
803 526
351 957
682 111
171 133
930 909
371 464
486 424
644 754
87 516
166 884
913 611
659 362
200 451
611 910
357 988
822 961
610 77
893 596
104 988
233 55
798 69
303 694
159 930
181 233
174 743
639 268
548 355
656 578
884 594
81 896
30 919
723 521
352 159
722 336
826 69
91 607
526 271
708 696
372 32
531 863
386 355
964 231
379 785
802 689
301 87
180 872
677 108
681 450
959 392
5 626
680 768
599 331
675 213
635 737
871 672
919 378
190 44
329 399
547 606
517 743
355 581
471 954
367 936
881 596
740 78
900 198
89 257
727 362
3 653
617 119
237 589
569 983
483 590
9 428
140 842
357 304
890 242
16 778
785 32
835 154
842 202
172 920
812 908
812 477
993 462
133 209
624 926
154 427
965 306
852 118
108 127
228 350
865 558
246 761
701 646
226 739
439 777
378 158
435 747
860 98
560 986
715 598
322 508
446 910
552 457
365 631
974 340
634 743
745 530
236 759
638 823
136 174
479 979
242 186
844 966
825 402
159 22
867 31
930 886
941 91
93 346
230 561
531 661
469 935
755 235
628 938
869 497
579 405
836 965
678 889
853 891
349 205
175 382
812 888
520 647
608 30
259 525
651 112
485 213
538 391
488 606
293 579
177 69
211 471
138 890
869 572
636 785
682 958
862 955
385 895
991 910
400 301
277 18
970 331
423 38
855 182
198 314
372 70
39 846
270 882
596 137
692 387
320 960
916 364
590 219
443 35
18 600
966 583
434 688
51 5
979 935
732 492
706 271
623 581
795 923
933 369
104 499
619 514
932 81
695 143
937 784
421 862
483 193
387 693
871 453
41 359
566 701
607 493
283 510
824 886
306 462
917 310
700 758
583 621
875 29
13 21
754 608
534 518
392 510
770 949
270 863
730 245
517 95
85 161
523 389
777 935
325 42
53 218
323 49
246 608
524 900
419 836
975 651
36 458
977 565
161 708
220 498
391 499
847 391
296 541
605 367
574 171
975 73
731 535
801 519
142 766
163 987
474 149
873 956
60 377
587 240
591 816
402 332
645 51
270 431
194 231
924 630
548 356
893 75
294 104
234 351
814 788
374 805
176 238
170 255
764 624
50 508
723 511
476 255
920 608
976 566
624 405
2 929
3 122
657 728
730 27
263 925
508 706
285 950
454 53
48 239
220 259
603 837
476 619
410 635
743 665
496 844
566 677
683 537
225 978
588 947
924 619
812 611
229 5
204 366
371 106
780 725
855 613
784 359
263 850
713 794
808 112
155 646
211 280
907 291
632 893
37 128
813 647
146 831
821 201
30 927
276 511
67 883
874 617
690 446
189 147
516 238
688 662
157 458
274 310
860 241
368 189
330 805
187 896
63 108
780 10
151 648
643 704
58 613
633 529
542 327
425 583
724 428
278 119
495 650
336 848
476 533
324 921
232 144
937 794
22 229
736 443
203 711
184 258
334 87
272 17
562 507
361 559
934 277
404 318
404 20
139 676
801 290
775 670
782 979
807 925
110 549
766 297
133 474
420 558
266 83
777 728
603 654
574 675
374 91
956 757
46 300
73 219
378 254
444 401
894 152
98 176
671 290
752 205
228 398
65 115
210 618
60 372
784 927
200 292
490 774
773 692
366 875
82 175
743 905
337 193
118 647
966 704
741 246
979 3
107 231
959 362
602 540
802 282
186 646
968 272
946 883
8 787
716 176
839 75
472 651
214 304
548 437
205 672
502 912
248 802
260 349
316 553
379 76
501 466
911 103
946 203
33 860
799 279
560 683
656 148
38 605
806 261
33 893
752 135
873 728
838 180
469 119
739 364
598 7
204 180
778 680
919 545
695 696
250 261
12 479
223 352
718 363
800 205
318 35
787 641
617 788
999 156
275 864
439 749
749 211
807 756
52 502
496 386
84 789
752 214
739 990
315 562
106 835
628 759
175 669
216 820
815 765
129 987
356 427
972 988
232 837
398 51
124 55
774 6
239 408
815 888
56 810
155 607
110 165
680 958
909 652
169 559
82 319
634 14
167 313
198 670
483 841
723 527
783 337
978 607
616 95
19 30
64 109
789 217
198 419
625 357
224 160
559 44
132 794
676 273
540 579
685 350
835 286
222 358
314 613
324 779
783 876
765 975
521 943
980 561
817 926
164 881
308 830
623 884
133 281
601 605
584 506
992 133
232 564
589 784
516 319
216 85
875 496
702 775
678 422
210 742
742 473
251 893
162 8
807 52
396 802
115 60
328 193
94 206
614 6
575 892
301 241
903 420
160 553
778 922
41 842
345 817
788 785
471 117
251 101
487 902
593 144
589 395
685 253
348 460
478 205
954 714
149 499
313 161
605 485
431 698
866 865
436 604
497 860
521 564
260 758
656 432
112 880
127 160
610 675
776 948
857 670
138 45
814 998
911 710
150 757
186 564
774 517
520 502
164 810
657 16
288 264
222 529
253 981
636 924
635 597
558 465
606 773
975 886
806 435
574 343
425 872
880 588
649 134
828 730
337 473
207 897
483 546
527 523
268 282
573 130
251 3
518 140
217 792
634 653
961 604
577 621
122 689
764 657
858 882
273 584
340 938
61 258
606 194
434 671
772 806
893 217
28 77
593 91
24 51
383 7
480 669
97 680
783 628
678 967
505 605
24 98
597 18
443 766
380 758
139 830
651 767
180 813
790 498
710 763
255 868
238 558
631 605
489 416
214 211
363 146
325 231
772 479
114 268
27 122
285 520
744 178
51 876
192 784
712 681
548 709
824 769
607 720
468 795
332 599
216 565
644 350
65 790
506 208
577 512
778 464
864 31
809 265
644 482
153 661
128 918
67 629
796 680
708 612
434 511
379 307
956 904
727 674
509 880
210 750
757 97
505 48
92 248
342 960
29 405
368 517
634 558
643 417
637 581
148 889
343 358
970 121
900 239
159 279
268 650
81 800
886 500
875 645
700 701
686 346
910 696
668 513
158 341
159 342
149 717
511 520
342 545
474 250
169 448
458 761
435 941
166 987
192 605
624 909
573 118
660 484
552 226
703 163
748 26
984 465
740 568
240 226
534 765
930 750
800 446
384 586
47 351
334 921
384 542
991 553
691 527
213 819
375 981
13 397
538 98
789 421
525 125
675 632
453 910
768 875
771 971
352 78
909 132
120 466
198 918
546 151
729 77
937 659
176 462
846 353
663 340
269 695
29 229
23 409
144 602
504 520
680 563
585 888
133 713
795 137
808 123
821 845
99 591
870 84
135 513
194 915
12 916
781 630
732 544
723 376
404 180
928 556
501 564
701 146
533 146
548 942
744 518
707 977
13 868
131 590
128 604
886 882
642 255
752 122
440 572
357 953
730 668
405 441
714 90
455 929
400 901
352 495
871 86
9 320
813 595
188 662
427 705
899 762
976 945
233 51
420 799
568 961
667 549
297 13
321 100
207 302
195 501
107 4
555 562
751 531
526 438
420 822
398 153
428 998
324 216
798 687
236 950
368 670
131 28
198 110
790 207
310 797
971 688
688 506
941 128
657 398
142 81
213 594
104 704
961 681
814 595
296 480
71 480
276 978
269 384
103 463
163 45
27 628
199 404
974 645
552 813
3 359
472 291
193 127
529 870
312 489
715 694
663 636
230 149
494 895
436 398
669 120
864 584
562 961
137 176
777 838
5 505
487 883
962 345
556 879
13 39
981 440
746 51
95 682
474 223
670 894
147 807
540 732
881 809
773 261
373 584
782 770
703 282
305 419
223 90
776 29
536 913
283 465
867 418
151 323
840 107
483 279
36 531
606 849
671 906
306 310
852 108
362 913
519 496
376 364
954 767
693 446
72 413
775 239
31 592
552 682
598 461
810 623
506 984
4 485
337 732
641 698
221 310
749 432
576 400
741 730
881 798
979 4
860 353
348 827
100 303
735 247
73 723
347 806
333 575
913 868
498 854
589 111
147 886
618 920
169 270
148 347
279 924
79 327
448 79
936 372
696 632
624 701
866 681
678 308
995 454
459 862
791 39
543 110
651 564
441 115
991 88
201 4
739 32
391 906
54 324
805 942
155 446
224 549
387 93
956 512
756 568
931 814
942 918
420 21
341 326
650 602
918 983
375 972
336 821
835 259
517 334
968 702
13 510
194 319
693 338
839 660
655 695
553 481
904 747
979 733
151 725
238 683
145 323
148 627
839 610
552 979
392 748
874 210
171 793
729 413
675 661
640 81
454 840
970 346
307 74
294 443
550 103
74 410
565 418
68 33
907 283
307 139
830 437
959 42
268 523
962 764
716 650
792 360
113 624
378 928
431 676
909 655
331 767
663 955
605 565
576 575
704 848
814 670
946 922
963 0
435 281
624 825
768 388
188 657
594 33
601 767
243 256
378 243
531 34
436 328
851 341
504 429
679 696
880 211
16 935
662 977
403 303
156 48
847 198
936 373
774 987
597 283
509 921
908 304
620 681
597 950
867 948
318 774
484 852
495 274
818 848
909 164
338 171
496 627
595 569
778 646
207 703
202 685
667 681
196 268
812 328
955 829
952 412
761 526
793 100
682 317
490 151
553 503
469 258
365 638
600 555
183 563
830 706
272 520
244 5
509 506
168 734
389 278
381 761
137 130
701 849
424 46
998 338
827 825
493 168
167 495
79 508
299 979
677 946
416 17
480 736
931 267
473 445
342 234
309 377
817 109
60 361
857 46
37 863
0 951
960 922
768 916
938 206
875 589
595 115
376 125
753 804
2 181
801 989
923 472
3 224
876 57
339 979
880 867
917 621
245 189
317 254
899 146
60 626
96 249
383 269
838 809
722 364
592 128
180 736
734 131
218 990
621 619
463 567
124 917
402 539
604 469
390 308
334 665
330 83
570 972
335 734
864 919
940 161
507 68
402 275
507 389
561 36
861 882
715 453
115 726
98 250
830 315
553 293
830 334
516 800
404 210
357 527
525 665
700 339
361 914
965 868
571 58
383 755
336 810
837 991
236 536
906 927
124 873
872 495
263 276
319 168
297 749
937 330
738 2
735 616
105 995
444 454
741 326
406 86
756 521
289 256
822 12
55 646
200 710
81 801
765 588
284 78
819 405
842 511
447 521
285 797
551 630
803 674
546 133
838 583
497 969
434 678
142 949
278 78
683 859
972 205
424 537
796 655
598 965
146 262
570 332
113 250
813 407
84 412
901 709
528 294
136 727
812 887
638 318
438 984
155 595
273 999
496 644
870 48
984 657
930 380
753 782
449 169
349 627
367 599
988 118
871 0
574 227
872 964
411 727
269 257
3 940
716 7
439 478
513 656
18 882
236 742
601 941
705 921
809 503
880 911
314 889
203 774
101 640
430 466
518 317
819 433
634 721
106 686
430 28
127 546
254 591
53 901
767 466
512 589
61 165
797 901
219 685
87 11
419 396
606 686
89 857
759 26
517 262
816 407
796 534
588 879
639 89
845 286
678 690
373 802
64 264
942 356
484 39
33 281
791 845
846 560
893 262
236 816
977 288
350 522
884 94
633 636
26 519
473 538
391 697
862 522
277 514
210 322
174 817
541 402
77 923
854 732
862 460
718 629
578 12
444 290
778 994
694 248
75 339
843 956
941 104
725 114
32 438
956 829
415 684
185 967
564 86
646 761
196 406
233 926
816 59
449 972
124 784
826 718
639 553
263 277
946 403
48 720
454 301
710 706
528 874
982 396
49 810
732 329
191 773
337 446
216 452
606 922
412 50
882 857
550 151
233 272
61 99
111 221
732 168
972 151
659 731
272 700
413 138
393 777
445 979
130 122
144 300
888 325
937 801
100 798
42 889
689 958
941 797
452 194
305 38
175 159
677 232
837 487
778 225
285 619
455 938
188 246
154 535
414 132
239 808
196 734
204 134
792 108
397 392
216 656
677 885
171 83
389 163
670 960
767 950
171 361
881 773
492 878
29 156
380 518
79 178
751 548
279 465
372 629
122 593
526 549
23 716
360 614
923 306
226 849
763 341
216 972
683 344
82 714
512 382
650 979
112 684
685 139
660 612
263 661
674 196
965 455
137 474
863 316
32 939
200 774
717 994
291 2
305 699
132 663
923 532
664 987
23 393
183 390
482 420
745 631
696 727
276 475
125 574
717 537
0 546
801 446
401 133
822 957
619 878
508 985
106 932
635 515
904 912
30 728
897 495
478 958
761 876
379 644
939 811
165 425
308 415
627 728
582 528
104 208
44 635
442 476
337 201
734 331
825 547
872 711
716 481
705 995
688 376
99 2
888 912
910 269
285 423
869 859
318 328
410 875
138 436
636 369
810 959
673 710
551 545
495 282
98 589
145 900
839 183
321 621
577 896
61 644
604 28
967 471
344 810
724 429
921 168
138 542
617 80
323 54
5 478
101 71
144 405
449 541
133 973
988 140
972 841
657 628
364 891
107 115
293 149
966 59
988 589
299 113
724 396
549 466
322 325
497 683
17 40
628 296
774 566
735 705
756 811
848 917
799 514
348 640
392 815
338 81
460 524
13 212
929 309
995 787
913 729
809 996
186 705
743 722
252 296
911 836
435 905
871 414
409 739
378 769
725 681
598 182
781 8
370 486
129 548
671 285
750 854
542 572
715 719
8 184
584 408
847 45
686 14
444 844
-1 -1 -1 -1 -1 -1 822 29502 -1 -1 -1 -1 -1 -1 -1 -1 -1 -1 -1 -1 -1 -1 -1 -1 -1 -1 -1 -1 -1 -1 7410 -1 -1 10228 -1 -1 24400 -1 -1 -1 43716 -1 -1 -1 -1 -1 -1 16345 -1 -1 -1 -1 -1 -1 -1 -1 -1 -1 -1 -1 -1 -1 12799 -1 -1 27358 -1 -1 -1 -1 -1 -1 -1 -1 -1 7171 -1 -1 59364 50690 22160 -1 -1 14086 -1 48799 -1 -1 52057 -1 -1 -1 25765 -1 47509 -1 16810 29494 -1 -1 22387 -1 -1 -1 -1 -1 58750 -1 -1 -1 -1 59369 51526 -1 -1 -1 -1 -1 21850 39303 -1 28324 34779 -1 63605 -1 -1 -1 -1 -1 24539 47529 -1 -1 -1 -1 -1 -1 -1 45141 -1 -1 -1 -1 -1 -1 25077 -1 -1 -1 -1 -1 -1 -1 -1 -1 59048 55266 -1 -1 -1 -1 -1 -1 -1 -1 -1 -1 -1 24244 23839 -1 -1 -1 -1 -1 -1 -1 -1 -1 -1 -1 -1 -1 -1 9690 -1 37852 -1 -1 -1 16665 -1 -1 -1 -1 -1 -1 -1 31947 50841 -1 30274 45542 -1 -1 143 -1 24724 -1 -1 -1 -1 -1 -1 -1 35118 -1 23376 -1 -1 -1 -1 23608 -1 -1 -1 -1 -1 19981 -1 -1 37242 -1 -1 -1 -1 23721 27855 -1 15645 26741 35236 -1 -1 4123 -1 -1 3365 32201 -1 -1 -1 31059 -1 -1 -1 -1 -1 -1 61061 -1 -1 -1 -1 -1 -1 -1 -1 -1 -1 45951 -1 -1 -1 -1 -1 34728 -1 -1 -1 -1 -1 45313 48202 -1 -1 -1 -1 -1 -1 -1 14217 -1 -1 -1 -1 -1 1648 -1 34297 -1 -1 -1 -1 -1 -1 -1 -1 -1 47900 -1 45023 -1 -1 16810 -1 -1 -1 -1 -1 -1 59620 -1 33394 -1 -1 -1 34180 -1 -1 31804 -1 -1 -1 -1 52815 -1 -1 -1 -1 -1 -1 -1 -1 -1 47573 37915 -1 14117 -1 -1 -1 46429 27993 -1 50253 -1 -1 -1 -1 -1 -1 4141 -1 -1 -1 -1 -1 15111 -1 -1 -1 -1 -1 -1 12997 23158 -1 -1 62069 44807 25581 6377 -1 -1 54568 54867 -1 -1 -1 -1 -1 -1 -1 -1 -1 -1 5867 -1 -1 -1 -1 -1 -1 -1 -1 -1 -1 -1 -1 -1 -1 -1 -1 28632 44342 -1 -1 -1 -1 31124 17238 -1 -1 -1 -1 -1 -1 -1 -1 -1 -1 -1 -1 -1 -1 -1 -1 56102 -1 -1 -1 -1 -1 -1 -1 -1 41357 -1 -1 -1 -1 -1 -1 -1 -1 23761 -1 -1 29470 61161 -1 -1 -1 48079 40337 -1 27399 -1 -1 -1 -1 -1 -1 -1 -1 -1 -1 -1 2387 -1 -1 -1 -1 -1 -1 16514 24727 -1 37831 3689 -1 -1 1946 -1 -1 59009 -1 -1 -1 62114 58818 -1 -1 -1 22005 -1 -1 -1 37876 -1 -1 35389 -1 -1 56279 -1 -1 -1 -1 -1 -1 -1 -1 22722 3302 -1 57030 -1 18056 -1 -1 -1 -1 -1 -1 -1 8514 -1 -1 -1 28564 -1 -1 -1 -1 44178 -1 -1 7357 -1 -1 -1 -1 -1 21730 -1 -1 -1 -1 -1 -1 -1 24879 -1 -1 26272 -1 -1 -1 33964 19387 -1 -1 -1 -1 -1 -1 32594 58430 -1 -1 -1 -1 -1 50647 -1 -1 -1 62865 -1 27672 63602 7931 -1 -1 -1 -1 -1 -1 -1 49805 -1 -1 -1 37373 -1 -1 -1 -1 -1 62353 -1 33167 11001 -1 -1 -1 328 -1 -1 -1 -1 -1 41619 -1 21954 -1 -1 -1 -1 -1 -1 -1 -1 -1 -1 -1 -1 -1 -1 -1 -1 -1 -1 4095 -1 -1 22592 -1 49325 -1 1182 -1 -1 -1 -1 -1 42314 -1 53839 -1 -1 -1 -1 -1 -1 -1 9838 -1 -1 -1 -1 -1 2061 -1 -1 -1 -1 -1 45405 -1 35878 -1 -1 10961 -1 -1 25199 10817 -1 -1 -1 -1 -1 20608 -1 -1 -1 -1 1643 -1 -1 -1 -1 -1 1120 -1 -1 -1 17381 -1 -1 -1 -1 43958 -1 -1 -1 15124 -1 -1 -1 -1 -1 -1 -1 -1 -1 -1 -1 -1 -1 -1 -1 48 60627 61903 -1 -1 -1 -1 7118 21724 -1 -1 -1 -1 -1 -1 -1 -1 29502 -1 -1 -1 -1 -1 4461 -1 -1 -1 46961 -1 -1 -1 26322 -1 -1 -1 -1 -1 -1 -1 -1 -1 -1 -1 -1 -1 -1 -1 -1 -1 -1 -1 -1 5401 -1 -1 -1 -1 -1 -1 -1 -1 -1 -1 -1 -1 -1 -1 -1 -1 -1 -1 -1 -1 60544 -1 -1 -1 -1 -1 -1 -1 -1 -1 37855 -1 -1 -1 -1 -1 21566 -1 15912 -1 -1 -1 -1 -1 -1 -1 -1 -1 -1 -1 1614 -1 -1 24634 33564 -1 62326 -1 -1 -1 -1 6247 33148 -1 -1 -1 -1 -1 -1 9133 -1 -1 -1 -1 18758 -1 23145 -1 -1 -1 -1 -1 -1 -1 -1 17411 -1 -1 61792 32750 -1 -1 -1 -1 -1 -1 -1 -1 -1 24766 24555 -1 15358 -1 32941 -1 -1 -1 -1 -1 -1 -1 -1 -1 -1 -1 -1 24545 58786 -1 -1 -1 -1 -1 -1 -1 -1 -1 -1 -1 -1 22063 -1 62855 41893 47418 -1 25430 -1 -1 28743 -1 -1 -1 -1 -1 -1 -1 -1 -1 -1 -1 -1 -1 -1 -1 -1 14160 -1 -1 -1 -1 -1 -1 -1 -1 -1 -1 -1 -1 -1 12857 62672 -1 17271 -1 -1 -1 54700 -1 3042 -1 -1 -1 -1 -1 -1 -1 -1 -1 -1 -1 18564 -1 -1 -1 -1 -1 -1 -1 -1 -1 -1 -1 25358 -1 -1 -1 -1 -1 -1
6
1 398 15 312 1
1 471 8 84 11
1 346 12 720 2
0 37 6 14 11
0 805 4 313 10
0 137 6 51 12
