1000 5000
318 389
764 231
521 928
196 948
879 61
827 418
482 688
202 644
514 617
848 173
430 455
612 774
953 688
721 25
893 170
627 274
903 99
861 732
527 757
524 641
363 755
276 741
413 748
895 637
668 844
712 728
498 766
191 532
880 769
236 79
383 287
758 946
311 811
656 702
207 819
965 473
326 747
555 395
222 191
845 433
124 155
587 106
261 406
944 103
165 821
259 189
557 354
796 570
439 44
554 626
154 652
41 878
773 231
343 569
24 893
81 12
307 915
497 346
980 414
585 467
691 923
224 722
632 878
782 850
109 260
760 83
604 32
959 151
632 746
113 148
461 58
255 906
281 309
695 450
540 397
856 44
45 281
439 968
339 607
834 930
466 227
719 522
27 345
630 71
619 434
511 572
782 493
914 578
481 748
831 589
376 174
182 309
4 873
318 946
265 194
847 784
126 917
632 578
751 54
237 66
334 223
783 865
716 930
294 568
897 110
996 305
267 523
258 416
264 454
781 525
787 437
816 430
554 591
276 72
856 887
847 120
367 577
785 387
766 585
510 440
618 318
124 6
40 553
22 228
221 585
223 211
204 749
503 625
208 118
327 285
835 48
851 111
431 630
850 325
111 356
384 536
261 147
754 447
822 431
668 91
656 225
717 242
328 386
738 943
206 813
141 94
193 693
204 199
345 236
220 745
459 235
655 978
778 910
319 462
67 11
835 689
247 973
941 210
818 168
847 639
177 795
798 856
124 766
356 513
606 372
455 607
17 914
326 425
969 773
209 436
29 327
852 433
728 780
743 119
357 56
183 753
36 644
647 326
828 877
841 279
968 17
524 908
246 736
262 101
455 291
433 789
26 447
783 596
853 331
455 299
460 409
180 965
136 304
35 986
899 845
472 993
990 220
656 657
978 841
612 97
872 995
160 949
505 782
270 577
481 960
773 139
496 908
694 23
490 190
470 786
175 915
770 558
433 132
299 695
0 510
194 574
364 246
700 592
893 144
68 877
727 75
491 383
578 416
656 765
906 610
635 152
320 789
227 309
689 101
800 708
216 601
64 370
154 424
856 797
671 35
177 321
185 970
469 307
399 791
118 581
976 203
175 542
613 438
251 698
980 950
227 112
92 524
279 711
281 89
949 327
325 456
370 54
428 111
808 801
789 600
850 639
799 800
727 488
219 30
798 737
679 284
123 988
815 778
781 778
318 186
977 92
483 758
266 51
774 977
304 720
841 689
560 411
729 588
442 51
6 166
408 921
987 173
401 856
651 920
679 814
795 965
590 13
101 663
824 140
763 685
437 4
277 307
692 554
886 530
628 937
970 785
727 4
390 685
114 488
221 188
226 7
11 271
318 653
121 464
580 663
934 980
305 9
489 483
732 598
220 97
26 406
576 3
309 789
761 18
927 238
302 680
432 204
701 342
784 614
237 121
967 228
573 780
999 381
656 852
658 484
291 220
538 168
56 250
790 589
576 203
778 626
496 745
869 24
293 314
732 914
76 93
242 79
726 627
248 413
4 509
740 221
357 100
936 893
963 60
738 105
788 837
6 752
625 257
544 104
513 651
984 483
872 56
890 446
505 66
140 143
621 101
457 839
627 630
59 709
701 16
351 403
646 522
144 877
632 96
476 509
43 762
37 211
689 10
514 548
856 462
694 136
370 671
88 199
44 809
736 24
505 480
262 396
750 170
348 214
444 529
384 642
895 533
840 745
644 388
337 765
507 829
804 232
227 241
338 425
354 764
959 588
467 141
223 965
312 182
285 246
564 156
767 348
802 77
7 831
458 285
174 622
915 744
282 836
400 706
96 712
833 459
922 736
200 914
344 582
360 524
812 393
354 752
265 268
897 788
66 741
362 708
942 546
260 169
764 458
5 315
438 235
766 135
995 340
235 471
678 112
584 749
886 115
388 655
97 763
878 737
395 628
50 326
170 849
367 384
887 354
495 225
175 371
396 311
736 497
796 163
623 313
50 18
710 322
879 672
346 870
271 778
769 90
837 328
1 603
991 523
785 938
394 844
97 379
875 31
837 928
536 238
864 226
327 24
984 564
666 24
955 49
340 915
503 385
769 126
782 128
776 925
119 802
969 549
921 707
919 83
82 738
572 887
340 1
836 957
915 967
224 987
42 394
340 482
886 442
327 99
967 564
130 571
114 856
777 121
338 205
977 337
129 769
610 574
253 751
312 28
294 400
205 642
14 570
979 812
911 581
990 748
718 825
414 40
28 717
8 457
929 107
966 370
855 491
226 820
529 219
645 185
305 0
647 264
192 444
134 289
400 960
905 533
494 170
645 989
675 771
492 958
376 332
492 361
685 333
848 50
577 411
657 129
553 799
979 78
676 567
313 542
553 172
382 760
85 906
942 305
840 769
308 39
558 160
885 197
519 600
393 807
33 231
469 314
219 956
446 994
507 713
75 385
82 484
610 546
682 46
933 487
179 978
192 410
450 71
691 968
60 363
863 880
98 911
116 690
776 656
208 152
907 342
779 548
286 661
477 960
11 71
74 324
243 706
48 202
682 470
286 940
39 86
876 526
637 633
88 684
609 818
561 283
585 447
562 307
654 754
126 111
889 74
775 290
57 695
801 352
118 252
332 638
992 393
217 536
453 113
986 812
348 712
10 857
771 19
726 832
84 308
288 442
183 566
46 56
548 346
209 16
157 958
65 734
617 936
750 728
986 631
406 898
169 401
639 848
928 176
861 512
211 375
811 241
734 253
962 640
854 769
704 281
207 581
57 30
181 697
805 878
378 218
499 882
870 594
172 444
997 107
952 861
804 368
746 229
105 252
373 210
985 708
976 22
273 423
804 132
296 270
482 391
892 356
743 686
301 49
145 973
85 197
268 175
20 82
693 203
937 958
773 896
948 689
691 504
892 623
209 232
587 411
139 394
946 579
985 418
229 765
339 701
663 46
780 666
130 116
174 542
624 244
686 568
445 250
495 38
795 114
816 286
194 972
668 752
602 75
671 274
848 346
350 150
891 759
724 573
644 915
310 475
557 990
843 564
326 581
745 211
297 380
709 973
271 156
638 223
496 506
960 935
268 225
50 735
831 464
252 137
442 87
308 537
90 791
84 48
633 411
737 762
66 377
891 798
859 638
351 261
566 741
335 807
742 316
921 535
942 936
675 697
426 971
767 514
12 438
893 29
725 126
301 925
566 489
132 58
87 952
1 450
25 193
554 781
783 365
947 137
321 326
624 372
599 469
704 618
633 26
864 744
731 847
886 738
287 288
489 60
960 6
533 9
889 561
464 211
46 315
972 420
707 558
546 853
15 228
192 622
280 967
320 740
441 534
282 736
165 570
502 71
284 741
320 399
965 736
582 283
783 981
408 856
786 522
269 649
237 826
761 712
769 852
700 835
510 948
279 34
846 768
143 274
637 916
341 389
205 836
128 531
757 660
704 871
178 449
639 437
769 363
906 119
21 907
612 345
194 39
529 163
931 49
167 432
597 630
722 198
952 701
68 845
569 36
400 796
177 117
850 42
420 252
632 643
217 830
412 71
213 605
515 578
49 453
755 785
535 600
406 154
466 798
407 113
602 680
901 422
283 511
55 468
101 221
188 870
778 490
310 896
471 83
763 265
597 774
340 168
72 413
805 220
999 79
92 349
549 5
865 254
147 823
13 967
289 180
647 837
633 709
234 992
663 571
187 211
785 124
377 173
937 91
404 782
322 640
894 667
276 393
694 659
102 77
425 431
668 408
526 502
643 959
216 660
351 701
765 498
69 187
120 342
208 522
715 856
158 599
692 319
940 9
658 101
775 599
594 807
195 113
62 43
501 335
578 720
854 46
819 530
155 31
581 922
718 837
167 851
345 835
603 95
993 509
599 916
31 344
205 791
554 143
788 755
748 670
350 0
893 466
264 164
396 506
362 615
768 322
118 294
728 208
210 671
76 859
275 760
929 712
286 406
803 706
373 799
202 429
107 329
612 619
669 594
807 669
552 705
749 298
539 574
860 858
487 716
463 646
198 756
967 730
606 343
250 37
48 388
317 865
905 394
112 458
692 369
466 226
423 633
514 878
708 476
881 106
189 197
521 453
452 295
338 376
148 364
826 542
666 141
855 686
995 299
510 517
903 629
590 183
971 993
49 447
356 677
144 263
583 449
376 528
104 429
975 541
406 368
474 509
504 511
837 679
698 981
59 824
547 390
909 350
49 522
956 249
833 316
224 977
633 3
485 114
207 555
410 188
177 638
648 963
718 654
115 121
946 55
835 179
920 207
662 658
657 13
325 871
31 882
845 984
795 884
838 827
998 530
839 862
229 123
830 495
632 485
780 46
627 873
979 849
448 403
896 33
182 325
334 498
147 593
509 319
147 487
727 94
742 267
976 14
809 11
507 422
713 180
55 695
254 278
258 964
826 753
77 910
516 765
22 905
331 19
553 871
692 831
352 727
552 884
985 326
406 47
199 165
797 256
165 994
751 585
748 771
7 998
441 980
161 101
306 807
219 464
833 913
457 411
87 202
582 526
301 758
161 124
791 305
431 608
205 314
347 365
113 515
472 229
819 579
876 519
433 973
465 383
349 20
244 956
469 751
719 502
225 7
79 61
722 614
638 487
724 577
784 878
593 979
84 872
434 848
812 714
379 335
136 396
530 654
836 986
115 560
524 900
897 241
635 723
461 906
193 930
923 750
165 639
810 940
109 654
954 613
324 78
196 426
667 581
522 664
691 656
140 359
188 774
472 823
258 778
539 674
488 394
344 635
618 807
70 683
28 850
674 182
694 306
942 220
435 203
824 773
158 963
108 843
867 342
508 938
258 478
65 384
731 552
409 291
790 371
231 369
289 572
21 226
84 131
987 30
965 488
56 69
764 15
863 855
770 407
929 128
805 455
818 665
661 609
388 322
108 729
855 750
870 238
647 709
829 580
569 374
315 411
661 539
393 762
448 604
539 324
914 203
554 697
680 88
890 743
168 695
870 401
639 96
347 375
194 917
386 247
764 251
636 440
121 53
490 446
383 30
263 963
333 946
125 489
990 54
576 330
313 870
243 957
689 859
317 169
898 711
142 53
362 176
126 524
302 366
441 57
281 21
94 318
181 560
597 709
551 647
674 563
103 154
139 46
709 476
437 349
952 673
219 840
118 105
963 14
400 874
139 340
121 8
156 949
587 62
808 19
956 739
430 419
599 233
174 253
178 45
711 613
40 669
685 999
647 969
587 409
440 966
406 688
993 894
980 393
253 802
662 624
823 916
915 257
631 437
155 421
7 80
898 152
148 173
951 392
609 190
787 9
513 945
233 567
362 807
997 443
280 694
299 374
52 164
516 576
612 808
538 929
600 377
683 3
372 24
146 437
67 536
99 361
945 88
98 915
304 857
509 987
995 108
634 939
19 543
822 775
794 932
596 841
224 168
296 456
701 138
897 364
626 307
893 545
902 535
546 511
138 952
171 568
542 59
964 106
430 203
965 10
495 504
220 302
624 507
692 639
751 639
86 590
375 491
11 865
402 631
340 880
909 980
131 678
829 893
564 439
309 822
964 854
638 553
400 971
758 960
55 139
193 286
728 211
527 847
766 682
267 769
869 780
993 664
396 442
97 892
28 36
376 872
314 458
424 914
166 386
829 151
887 268
322 344
1 497
104 460
845 50
338 727
276 146
445 772
453 984
936 464
349 49
899 237
686 821
868 976
98 73
377 841
554 265
710 431
103 419
391 969
995 22
814 765
826 566
867 621
542 991
243 579
913 649
93 397
151 189
810 948
101 385
880 433
826 396
353 425
308 688
302 659
24 929
332 801
342 30
270 953
954 229
785 679
485 772
960 448
782 516
641 731
380 366
514 888
707 467
775 58
864 88
525 536
500 260
762 308
152 428
913 283
600 385
353 886
801 185
638 740
364 516
124 947
985 937
880 396
157 25
344 558
739 727
888 503
791 713
104 389
652 667
717 411
255 217
261 360
557 51
963 858
438 678
897 440
676 84
678 506
49 454
189 242
595 613
537 252
994 133
39 218
554 572
354 191
306 555
662 392
488 865
9 966
673 82
545 468
750 830
306 296
520 783
88 388
849 718
75 457
443 596
429 36
126 576
193 763
958 330
686 898
71 701
485 725
258 969
304 105
456 619
733 937
732 57
170 741
520 851
708 563
96 586
252 653
117 937
587 470
424 473
285 10
340 489
766 151
996 900
4 917
214 487
603 138
835 276
299 731
205 274
136 898
719 260
549 736
506 585
537 978
169 901
374 266
798 808
522 158
10 933
806 216
204 186
368 66
623 871
529 905
483 437
664 529
97 278
126 516
866 978
215 239
50 136
970 2
500 684
396 181
599 248
581 976
370 791
718 786
153 486
175 581
534 928
753 31
703 293
17 108
368 121
731 495
845 619
497 70
146 339
254 83
752 487
141 873
232 235
620 543
371 450
968 536
948 319
492 688
662 958
92 941
935 737
527 998
463 435
174 16
604 291
684 434
215 776
67 353
726 732
285 798
571 52
845 294
291 375
354 279
679 953
662 538
269 613
991 262
656 847
792 634
382 549
447 641
170 751
798 516
151 628
851 754
401 428
535 984
522 50
406 469
398 383
582 857
734 676
319 139
838 260
304 588
479 435
809 722
379 57
823 977
334 538
560 963
522 634
114 210
181 373
35 543
89 604
481 552
75 145
271 99
702 211
106 330
643 827
212 214
924 691
344 494
430 136
417 624
129 108
519 27
362 124
338 481
457 984
624 983
272 197
542 705
312 498
181 496
917 805
750 674
728 363
439 324
415 220
191 189
431 173
104 976
579 329
80 341
773 861
57 279
483 384
191 263
531 420
379 17
572 943
27 224
445 940
613 638
54 514
638 322
972 234
621 997
944 149
510 257
214 236
247 635
817 24
640 875
888 996
635 644
245 93
243 590
408 124
862 42
804 126
321 139
754 451
557 180
2 435
521 627
886 716
339 909
772 403
780 234
203 891
0 988
17 631
942 135
65 883
308 838
927 117
148 641
287 254
42 785
557 411
232 221
483 503
357 301
183 900
567 181
134 929
926 207
524 966
64 222
799 565
21 734
446 566
815 384
975 508
65 736
603 907
568 910
20 606
30 445
575 720
109 132
373 260
941 256
890 514
961 129
38 809
852 743
532 150
863 446
257 987
836 762
224 52
175 298
537 52
935 270
726 665
90 256
103 119
498 988
684 709
620 493
902 212
829 783
766 323
37 566
807 737
821 425
171 230
373 107
576 469
244 958
839 619
775 954
943 584
130 190
937 714
645 670
794 298
352 316
271 994
956 313
429 734
962 157
493 178
683 272
89 891
721 779
64 848
215 997
469 744
816 507
602 900
518 587
845 161
436 595
474 844
640 609
291 992
885 747
621 281
398 533
77 635
239 64
855 373
58 330
166 799
202 845
870 741
604 627
3 858
458 526
732 222
665 877
67 331
299 26
471 210
174 663
593 33
599 831
634 894
86 395
646 631
42 263
135 756
853 766
941 346
182 661
764 54
630 51
678 890
877 712
598 177
749 854
820 367
572 536
44 704
61 332
722 89
947 591
148 515
977 451
519 577
311 779
894 484
224 753
474 506
822 90
830 482
98 914
466 90
30 787
206 208
2 263
412 650
746 772
825 129
593 960
793 939
883 280
758 719
154 657
166 250
733 793
289 626
391 857
439 340
716 780
38 857
400 614
732 188
244 175
400 541
101 722
672 118
996 915
565 231
988 582
526 205
337 336
715 908
290 930
195 654
740 63
818 769
91 238
179 984
570 810
516 59
983 739
208 127
383 59
721 573
525 51
414 708
657 985
811 698
800 856
355 568
695 892
886 504
643 494
676 4
986 806
113 454
961 577
403 844
609 290
532 773
980 629
243 509
141 551
968 308
911 0
483 731
787 672
415 681
500 930
452 424
105 492
593 87
853 446
816 662
595 695
970 514
156 651
426 164
669 787
817 170
32 148
918 717
231 273
156 137
46 871
749 726
732 455
158 25
204 17
706 61
564 29
475 466
409 643
388 287
883 536
323 16
881 956
942 404
864 788
985 968
816 831
647 175
589 83
825 37
482 402
752 257
753 269
964 143
669 431
236 855
730 835
486 341
28 75
635 483
682 750
323 406
755 933
865 178
187 47
218 526
80 287
584 811
265 390
962 259
813 201
992 6
980 58
389 541
690 283
430 523
90 975
656 137
877 21
751 838
66 818
2 565
403 823
772 923
890 988
791 10
554 109
83 519
835 319
613 215
421 643
495 266
304 631
234 447
920 751
309 51
743 222
23 330
864 842
935 774
419 919
340 477
595 775
786 774
855 499
826 381
827 751
666 53
537 326
580 194
22 237
61 810
327 37
411 980
239 807
672 492
663 260
843 215
646 127
475 70
167 110
92 122
99 779
980 44
654 896
520 304
834 293
438 306
996 853
340 390
109 570
670 962
583 836
54 270
264 936
282 921
856 885
304 537
540 152
831 552
566 868
107 58
538 785
922 904
191 687
1 665
836 879
540 664
984 279
117 802
483 839
410 131
986 435
270 376
304 214
357 979
579 667
477 620
205 469
671 907
994 207
567 245
790 870
530 567
80 978
745 223
522 891
980 175
501 869
188 344
844 632
194 442
838 344
978 665
779 651
436 68
576 897
922 514
962 122
257 700
356 221
870 743
497 214
487 112
880 240
194 659
842 311
133 952
694 581
73 71
544 720
913 557
652 911
574 2
187 378
51 595
987 588
265 353
618 983
801 312
614 942
642 584
703 335
987 959
4 272
976 735
129 311
415 754
749 513
401 641
601 931
92 48
332 821
827 121
419 756
29 429
34 829
756 12
179 965
45 660
507 802
56 205
966 14
140 571
792 55
721 40
160 347
432 924
499 113
121 875
880 260
771 48
940 864
497 952
906 33
522 209
109 684
308 796
998 197
659 488
816 764
586 66
409 464
352 482
579 954
32 104
367 712
388 168
527 284
303 958
968 64
590 125
979 766
543 79
579 534
393 815
898 928
396 54
442 978
316 296
218 923
652 68
204 247
517 525
259 85
783 814
106 170
817 633
699 812
358 155
328 886
583 153
995 156
872 637
628 192
235 911
795 57
478 449
343 212
372 719
197 593
925 952
384 995
431 891
436 644
337 839
439 599
620 700
294 272
25 733
117 573
869 952
56 457
230 602
772 199
867 953
563 430
552 638
786 882
619 286
444 920
882 403
476 733
896 972
764 481
428 559
232 802
358 801
543 556
55 573
826 416
516 724
389 709
145 181
79 874
812 787
548 474
199 603
875 100
322 242
637 363
467 59
105 650
209 698
131 632
591 896
908 964
840 220
652 612
945 905
987 513
947 709
783 720
205 784
337 682
360 864
781 399
780 727
884 389
289 912
831 588
735 265
423 89
813 493
54 454
908 613
612 643
12 709
363 766
725 334
133 141
981 251
152 769
252 886
326 638
742 58
37 270
55 721
120 400
207 570
197 884
832 298
731 340
100 384
891 858
452 678
807 14
146 183
486 283
689 793
147 684
819 213
812 26
618 3
469 978
520 391
904 688
971 94
696 297
9 132
223 970
184 247
205 12
29 480
167 875
683 493
955 417
859 699
775 235
352 249
16 290
643 96
785 457
826 908
734 638
360 490
895 696
728 683
61 430
85 471
780 55
956 39
436 706
218 176
96 973
980 874
839 10
610 244
854 457
729 583
938 686
732 177
760 397
188 685
363 845
963 39
804 830
989 498
314 208
852 629
81 27
399 565
870 954
19 262
76 839
579 289
644 459
337 984
485 427
270 475
248 710
923 304
730 249
635 194
944 814
587 410
798 91
248 78
245 203
6 316
482 109
198 689
965 696
437 16
672 205
558 901
295 620
314 657
184 711
14 26
290 877
424 108
268 768
712 359
300 662
100 771
883 896
868 11
518 969
819 573
150 365
897 290
91 145
676 844
60 440
493 244
913 590
213 901
683 443
89 112
814 149
318 285
851 113
253 211
203 536
548 154
259 244
330 400
34 207
666 197
87 666
103 996
672 179
357 359
958 665
162 470
122 548
316 126
114 602
379 48
335 390
867 250
929 131
953 459
109 662
813 798
618 591
429 191
157 402
936 247
800 99
434 857
479 37
843 904
954 594
497 11
259 149
823 313
203 417
451 695
479 501
913 354
440 885
282 259
754 937
209 413
369 884
230 462
860 633
289 673
387 69
305 824
313 786
281 163
208 526
802 873
643 993
800 641
114 386
298 547
485 367
469 636
939 915
401 791
830 725
766 60
609 715
98 57
410 412
839 264
274 930
264 475
297 559
850 731
875 507
526 59
43 466
642 773
885 732
753 831
128 456
410 935
454 371
374 551
682 338
301 931
970 657
520 167
594 595
659 220
834 342
926 577
388 89
769 330
736 514
426 79
502 323
816 731
915 941
380 152
0 770
742 87
586 130
668 846
936 418
563 961
845 429
720 942
788 292
337 530
26 964
692 792
22 765
537 66
26 606
963 96
759 598
43 584
290 413
689 527
831 107
803 171
699 47
370 486
96 510
690 45
657 516
316 663
358 18
80 590
133 941
381 376
394 25
950 80
984 827
7 573
669 859
410 705
545 932
490 509
35 367
726 105
902 377
688 339
208 742
596 996
75 626
107 935
217 882
436 15
273 578
141 422
862 365
866 406
252 384
358 455
740 131
840 283
786 641
0 596
504 479
189 624
546 733
303 791
479 932
53 0
656 173
45 524
483 793
35 703
152 91
895 602
748 40
891 272
457 379
940 791
679 237
529 228
915 325
389 432
378 391
905 388
542 509
835 864
363 935
14 910
998 306
361 812
97 370
614 540
400 232
172 781
313 627
613 786
701 159
783 766
315 198
881 907
10 812
869 784
583 173
262 538
970 872
50 115
203 436
748 385
749 478
665 432
149 586
650 822
750 407
834 191
662 196
879 441
332 645
259 247
389 957
833 767
119 147
590 171
709 674
155 20
420 174
285 927
842 395
81 395
33 703
1 867
310 490
185 197
944 205
965 782
966 110
187 191
123 262
88 94
838 941
433 309
178 860
623 235
172 284
170 11
873 751
716 42
787 483
533 112
414 599
187 189
64 692
209 68
227 3
446 477
495 583
974 604
456 377
125 552
449 714
686 261
612 252
303 134
787 497
546 430
629 856
605 87
526 72
36 108
239 166
820 822
429 620
421 456
193 14
620 769
249 734
517 775
437 975
232 430
163 689
355 88
522 435
587 460
832 8
14 962
193 84
51 752
287 955
553 640
5 621
459 919
167 324
145 427
405 502
698 305
643 979
370 786
664 145
598 484
762 410
459 616
397 839
17 730
242 592
689 356
247 303
762 709
172 416
717 20
224 755
562 397
871 548
940 5
852 68
112 725
124 833
133 895
956 760
490 952
958 137
788 227
451 917
743 496
721 528
143 501
528 697
591 572
549 609
472 941
132 685
703 106
382 633
520 424
492 556
174 93
208 348
67 995
132 461
417 514
352 438
441 543
442 763
367 102
578 557
833 927
619 928
360 692
960 972
504 73
793 7
64 179
30 388
464 829
977 575
765 466
932 158
728 617
669 199
39 613
173 401
945 70
412 122
602 458
102 36
242 336
850 209
447 747
742 804
657 567
587 422
120 760
65 842
852 343
463 588
564 842
268 105
43 81
352 730
793 687
257 88
264 569
177 482
860 601
989 684
830 862
988 489
591 862
492 252
16 621
692 873
478 602
159 847
548 724
208 564
124 451
437 666
889 284
581 768
593 421
56 299
452 596
396 333
698 998
403 496
161 591
828 953
878 551
68 257
2 331
893 311
499 795
305 70
411 467
18 381
169 762
239 564
4 41
78 889
894 146
42 744
83 128
435 259
26 397
888 816
228 678
180 651
486 725
301 338
237 452
803 304
130 734
180 957
735 459
244 298
224 577
567 428
869 303
927 32
768 987
593 985
905 422
202 774
723 139
502 172
361 883
665 380
984 144
229 555
932 100
325 297
864 729
888 743
954 123
70 520
587 738
285 235
196 671
436 933
275 369
197 730
575 596
821 99
439 606
849 575
566 672
510 602
679 597
462 529
849 871
208 159
22 458
579 360
719 361
920 162
237 399
633 43
652 366
735 1
900 890
658 460
661 423
819 240
931 261
822 965
246 952
520 557
479 974
908 863
764 206
999 437
154 73
454 801
973 723
796 700
121 788
473 897
658 46
395 70
54 664
977 750
235 528
807 829
793 985
149 634
328 791
566 875
120 621
84 321
784 714
177 688
644 907
511 442
550 242
219 443
230 858
410 924
203 31
352 303
104 681
237 313
20 2
59 246
435 821
276 500
609 695
657 444
59 566
894 553
871 366
716 269
884 495
952 47
980 399
791 163
0 502
119 467
41 569
543 584
739 407
881 737
149 440
138 531
523 844
819 843
735 495
882 943
148 451
692 917
283 515
348 310
720 550
811 206
790 116
758 535
182 475
34 0
708 495
276 410
900 903
713 983
128 882
736 623
744 430
663 358
507 588
652 783
843 456
925 1
968 328
610 559
599 302
899 229
616 136
120 580
663 56
983 547
632 875
179 771
725 797
534 854
169 92
616 96
832 385
275 414
923 248
993 27
240 141
388 14
173 225
4 860
30 931
674 612
984 185
433 606
504 90
83 833
750 734
319 290
52 361
49 129
43 778
290 589
569 324
352 264
953 567
636 743
535 598
267 729
794 747
512 317
350 25
496 209
744 391
818 615
978 100
341 846
321 956
902 463
319 222
499 518
807 253
719 117
877 89
857 476
807 678
708 560
104 848
296 907
850 980
551 13
354 10
185 501
501 193
898 498
255 812
2 831
92 835
0 709
417 144
962 331
268 584
914 699
845 200
514 988
236 92
888 6
473 967
227 1
487 341
477 205
38 877
457 867
317 667
294 251
891 585
600 766
492 595
707 936
655 787
249 375
321 438
709 528
394 839
675 875
20 258
266 964
441 593
381 269
907 612
349 787
482 33
943 467
904 57
907 29
315 981
760 687
692 734
20 320
435 679
232 101
847 581
377 435
84 911
708 847
276 747
818 635
856 218
254 860
45 507
206 965
512 316
963 198
107 592
443 412
60 901
68 325
488 413
653 747
864 579
544 293
400 627
630 286
178 93
994 23
856 208
323 147
811 804
70 822
454 849
290 802
749 275
706 312
789 886
832 32
775 503
878 442
87 70
659 528
343 393
525 830
804 566
746 508
808 708
561 327
983 474
411 944
144 625
4 958
816 639
491 421
559 669
579 985
257 94
416 420
584 98
21 562
344 473
867 23
127 429
906 601
271 943
28 604
867 309
751 544
488 377
727 479
464 166
514 907
705 645
446 666
659 474
896 935
384 808
156 786
996 776
719 436
2 455
748 293
170 646
463 907
560 991
866 582
236 510
896 780
475 717
376 810
385 655
575 73
20 422
266 810
902 433
193 48
831 917
309 397
138 99
165 442
517 992
551 566
222 459
817 296
986 121
627 314
358 546
307 510
131 965
579 899
133 765
385 102
969 714
745 181
373 633
26 422
551 900
703 550
81 900
998 708
841 119
791 173
139 833
315 655
863 76
967 917
554 450
888 795
911 702
609 418
127 164
692 954
202 398
386 250
70 249
761 28
956 770
294 239
239 432
507 102
324 247
529 760
450 911
371 565
986 103
638 696
42 50
531 471
421 592
6 296
525 90
463 470
607 10
964 320
718 334
658 375
761 327
647 285
721 408
266 111
290 460
350 956
315 371
637 867
180 616
347 378
23 108
36 591
196 752
193 722
197 314
248 801
838 988
58 841
145 47
226 546
667 197
451 845
237 80
917 753
17 761
640 821
379 352
858 822
77 229
886 937
269 467
778 952
902 591
620 207
154 37
508 561
422 229
442 153
76 964
324 495
675 337
305 399
677 385
494 456
346 254
464 252
219 48
127 29
199 682
68 744
232 62
78 142
419 806
663 344
270 871
605 551
251 245
915 417
153 121
571 545
148 568
174 438
402 426
104 440
662 590
788 494
198 254
215 827
512 937
514 696
760 32
317 490
204 174
296 435
613 780
77 355
281 580
512 364
189 857
389 394
929 380
160 299
722 680
130 450
222 516
708 497
325 111
521 274
743 624
527 884
475 710
994 138
32 1
854 816
578 715
886 482
211 355
687 260
152 482
619 800
979 835
235 985
895 17
443 233
745 836
990 672
637 875
214 85
873 394
850 783
958 412
242 407
423 689
432 40
609 568
973 171
14 303
696 998
32 744
295 679
925 912
921 564
406 941
796 302
498 626
782 511
117 557
843 663
581 773
327 769
494 979
614 934
908 420
771 960
57 722
296 24
323 175
346 78
819 497
744 384
942 224
122 572
397 30
26 495
771 736
849 155
827 864
877 777
798 225
240 894
154 637
915 826
81 350
791 875
602 17
969 29
376 740
385 995
266 117
328 621
201 105
610 349
461 538
975 270
123 625
879 163
294 485
86 672
554 288
589 759
778 596
947 354
476 696
818 900
682 978
480 309
885 708
218 55
937 249
731 715
691 681
322 200
906 790
955 276
587 662
532 282
532 244
161 467
253 562
333 683
868 98
0 473
601 79
218 71
518 303
324 541
577 878
787 17
438 635
127 4
14 469
689 399
393 295
882 924
523 271
228 730
8 405
427 667
606 175
144 892
571 909
778 664
485 516
896 290
667 367
71 107
180 134
935 437
844 887
724 604
216 587
58 252
915 970
742 889
695 736
680 709
577 655
94 304
865 2
893 539
57 994
405 719
174 101
976 288
549 268
197 286
743 975
617 334
56 532
798 543
232 630
956 866
52 102
572 51
365 996
845 776
874 347
842 829
312 8
228 752
309 298
187 661
769 881
688 829
908 458
186 50
100 341
253 728
681 889
491 675
251 348
236 953
719 51
986 255
165 180
193 605
649 473
811 158
830 335
278 288
224 933
562 8
886 740
355 458
912 83
481 205
65 354
920 747
339 153
649 842
16 855
589 366
322 866
332 945
436 54
408 300
431 526
102 967
11 786
72 92
879 184
712 537
767 333
590 282
503 342
577 707
929 56
418 706
334 895
42 816
863 155
237 920
472 49
472 578
823 773
394 720
652 871
103 561
472 141
81 223
244 437
46 202
818 534
530 995
24 891
169 319
827 767
732 609
718 375
565 291
172 879
941 228
714 839
896 921
51 869
594 992
444 868
830 726
101 86
222 530
208 578
12 164
661 671
477 15
772 969
53 879
344 765
559 379
335 160
851 438
663 750
909 935
888 698
955 666
902 388
705 1
595 565
944 406
514 317
510 883
222 787
482 168
773 119
61 761
612 83
924 755
959 889
22 740
172 966
79 756
318 226
138 314
391 705
675 746
754 640
324 184
366 259
476 533
68 571
514 110
79 965
825 516
677 276
754 658
597 609
611 346
93 162
575 688
729 938
195 97
651 957
642 402
219 662
437 455
846 966
437 801
485 318
303 117
849 653
588 206
767 391
277 275
320 60
466 881
482 496
138 670
287 638
109 770
983 742
344 280
553 4
830 652
279 152
964 58
789 15
58 410
819 489
701 790
740 960
313 87
103 962
468 895
91 281
821 746
441 716
291 214
947 437
606 955
637 167
198 170
544 634
57 711
319 320
532 672
18 30
421 740
555 325
795 762
54 509
5 25
709 156
843 667
408 533
997 339
279 19
567 169
873 54
435 324
904 340
541 296
455 413
532 569
625 176
165 882
904 464
246 876
784 928
60 278
715 76
894 415
691 845
236 880
319 470
707 741
969 832
193 462
146 908
988 488
976 691
32 238
484 656
653 966
176 412
802 912
446 582
972 811
851 903
725 212
375 836
431 984
394 818
249 657
54 88
445 788
123 975
190 563
268 152
821 178
970 23
495 629
880 686
539 767
937 81
814 482
471 133
871 290
150 968
196 868
995 825
235 142
924 458
277 640
154 874
850 317
102 751
235 258
176 761
639 512
433 600
490 792
148 894
83 124
459 545
385 363
56 618
426 870
196 296
915 109
791 510
854 467
888 332
274 546
948 168
346 911
360 529
913 285
796 206
800 998
47 755
164 505
320 497
661 299
377 836
138 962
787 180
756 17
844 611
221 430
417 241
784 55
162 714
193 0
675 521
703 807
505 479
940 818
255 443
5 98
300 917
803 13
299 311
567 443
103 269
756 27
471 484
903 624
286 378
425 176
885 887
351 131
845 155
473 213
146 927
400 762
533 487
676 132
144 316
5 158
121 19
556 549
170 702
166 148
580 630
918 148
208 170
997 318
792 841
783 71
16 257
726 770
749 844
145 301
662 384
118 785
442 256
165 944
968 168
859 557
437 331
151 290
678 400
733 637
31 923
332 742
450 651
398 656
501 776
937 556
657 307
233 653
504 255
932 734
355 972
427 225
336 968
794 239
123 923
232 831
123 662
978 339
9 998
550 766
916 610
23 531
868 463
103 49
967 359
386 387
403 707
833 303
818 497
667 103
191 861
95 961
34 588
909 733
242 353
112 570
126 567
903 509
581 96
765 277
637 405
623 565
582 142
303 214
613 795
145 827
619 318
313 70
687 807
160 641
721 588
554 548
228 615
904 709
237 13
355 202
407 736
734 640
483 902
659 147
369 413
28 481
896 35
901 508
491 32
434 612
661 990
518 244
616 355
765 248
33 769
17 150
408 433
626 51
462 782
57 189
748 231
805 513
242 560
84 659
353 33
486 313
524 378
467 373
910 142
650 477
221 261
565 268
604 82
660 115
833 12
570 37
113 409
553 517
619 781
369 365
858 132
0 866
329 792
681 171
260 467
837 284
28 621
857 780
998 945
977 568
823 17
701 928
59 521
975 729
991 791
73 570
978 763
234 46
76 812
498 344
874 32
533 392
964 788
409 501
512 400
698 60
431 474
7 798
868 365
242 143
804 990
251 190
319 35
928 916
202 557
920 150
483 64
878 159
908 769
430 410
716 545
385 310
579 812
366 431
367 302
200 997
125 277
501 417
575 677
930 400
88 356
415 265
71 835
843 656
135 366
826 419
315 128
487 945
674 849
55 7
910 381
148 353
572 752
451 836
402 889
638 294
815 528
384 307
106 286
121 629
519 804
92 622
491 314
450 235
366 213
753 937
931 130
278 703
606 675
853 872
907 609
907 732
608 847
747 830
257 398
685 849
459 417
81 535
753 106
259 99
618 647
119 998
643 898
41 347
521 999
840 509
171 77
652 578
507 910
60 457
513 902
894 2
561 529
436 915
28 440
482 503
517 733
698 930
461 561
836 710
312 44
190 196
821 118
533 698
590 858
327 520
311 552
905 506
851 145
99 723
900 860
219 686
900 385
905 581
752 771
744 621
382 324
172 531
244 137
432 788
559 984
802 634
263 559
98 711
491 233
446 765
812 433
336 853
446 874
664 828
10 186
75 2
555 405
624 457
651 506
791 841
282 35
488 830
870 278
874 278
970 198
894 438
950 405
15 528
691 523
633 92
780 620
906 810
863 695
72 0
419 936
533 139
110 754
673 137
829 3
833 163
955 140
297 418
986 655
378 865
207 806
767 274
847 809
92 196
109 983
871 642
51 999
604 507
830 969
633 484
852 304
459 805
141 386
126 956
986 411
484 362
567 277
291 303
774 922
242 977
63 225
360 380
183 438
40 861
569 460
464 405
822 297
368 887
566 11
497 544
224 724
610 944
757 600
454 987
731 225
53 738
115 49
148 827
948 910
944 107
538 251
56 956
497 262
943 899
903 102
375 923
786 203
56 846
435 87
41 974
715 574
252 547
247 336
660 839
41 295
821 700
916 647
707 821
811 640
663 482
617 256
66 753
882 555
437 930
555 910
260 819
350 761
162 876
832 26
191 699
357 762
564 608
437 145
377 99
569 222
234 201
685 462
638 950
527 845
462 941
335 462
565 174
427 514
575 343
71 315
729 680
479 434
339 904
378 759
872 709
29 963
429 418
62 399
542 50
343 101
884 892
673 556
466 452
240 591
364 503
163 712
729 850
678 513
541 166
785 559
304 757
652 223
766 701
29 635
556 437
661 69
639 484
965 398
948 47
886 323
349 529
700 401
183 668
327 593
873 714
109 124
278 732
224 366
509 955
917 291
80 315
945 363
37 333
718 644
171 418
182 783
81 457
183 817
996 838
639 148
283 99
266 668
490 660
546 397
738 995
766 62
243 862
466 216
628 382
558 802
5 108
325 973
726 938
306 612
605 429
219 524
357 945
728 959
790 529
700 238
728 685
282 475
885 738
236 578
555 891
207 573
203 228
996 433
236 643
741 452
187 508
236 920
415 617
895 429
791 351
676 795
715 760
547 773
725 351
509 547
262 152
731 194
734 860
233 268
253 191
409 900
770 631
547 140
186 157
393 228
212 76
524 503
854 265
929 36
942 496
304 655
212 74
69 925
336 944
870 841
12 62
680 223
804 139
563 815
320 809
286 283
307 225
340 194
118 231
651 718
680 397
551 562
334 439
361 126
120 876
509 255
843 174
965 193
286 138
492 444
146 426
195 20
668 576
609 726
604 689
835 567
967 490
900 601
534 882
925 241
67 146
446 186
762 947
936 574
100 86
801 646
801 698
19 523
82 270
779 139
458 753
889 883
422 582
592 204
490 862
679 794
257 12
430 569
325 841
414 395
737 427
933 582
567 302
690 988
179 754
492 54
887 828
415 858
364 635
502 601
71 903
796 802
547 856
184 307
505 925
374 897
538 908
854 831
999 640
763 208
997 951
568 149
904 197
136 664
845 102
336 832
90 448
986 276
340 377
93 741
127 751
422 949
732 981
726 870
780 909
276 792
729 304
738 63
126 851
738 132
892 478
170 746
175 160
920 481
776 737
925 201
81 420
536 620
636 204
576 528
925 229
42 71
835 66
562 899
509 932
243 886
298 983
155 703
472 228
831 247
576 860
505 887
993 700
92 429
676 469
51 284
197 500
412 731
835 746
397 302
257 226
964 283
81 991
885 170
439 3
575 930
67 467
271 1
701 625
289 771
488 952
320 757
515 422
316 232
496 727
700 664
926 967
525 880
340 383
19 855
855 839
408 43
516 766
995 838
43 484
535 413
70 607
361 332
820 347
72 996
930 288
184 300
364 362
325 577
350 772
100 134
522 672
296 748
110 781
17 180
648 618
419 9
628 223
2 349
891 329
349 505
744 303
697 248
366 887
43 757
214 777
79 552
277 326
137 909
405 841
608 859
428 779
723 253
234 44
230 421
518 212
132 430
524 120
395 923
404 166
203 108
51 523
497 955
773 574
760 439
389 675
18 822
387 717
941 684
358 576
409 820
408 707
493 662
552 304
739 37
972 347
345 614
372 519
475 768
673 510
165 102
477 785
840 680
246 978
728 748
917 285
177 38
353 729
190 420
341 650
290 368
376 281
759 342
547 177
829 740
632 728
374 440
918 304
514 464
532 115
236 821
988 781
746 431
106 159
112 7
99 954
397 862
840 514
87 980
989 620
827 458
938 155
235 519
477 162
682 804
106 284
560 733
471 591
864 296
106 294
734 799
319 56
227 404
955 634
316 130
311 448
132 463
462 753
240 273
383 636
213 229
126 884
216 225
356 592
29 792
711 363
914 156
764 655
580 116
841 218
396 780
511 646
749 27
685 20
686 558
740 586
577 719
997 147
533 369
755 37
123 963
468 938
492 611
709 232
882 576
857 735
495 318
408 998
569 617
986 965
570 540
485 992
946 802
231 820
88 311
264 662
726 740
238 841
616 26
423 692
201 14
25 820
468 339
415 712
860 400
767 836
766 29
41 891
718 500
521 602
334 59
399 698
955 769
879 467
832 731
759 772
600 532
150 339
255 363
925 334
948 140
191 809
702 110
503 864
720 717
538 375
622 263
106 689
472 255
719 496
653 299
642 897
545 894
958 241
392 614
644 414
155 584
887 486
32 451
666 757
349 484
452 316
644 361
790 374
942 318
430 609
771 671
318 719
834 487
457 915
607 473
848 800
227 102
798 746
742 124
291 977
851 342
483 502
720 345
744 367
539 161
443 156
407 282
512 354
705 494
510 818
976 292
664 129
231 698
984 844
5 401
507 390
31 527
218 391
712 940
641 716
383 573
187 208
625 576
704 548
847 908
376 667
79 206
328 434
779 267
865 515
845 164
123 563
662 389
814 12
425 373
902 512
833 263
620 376
152 352
166 670
366 303
301 239
272 706
103 393
799 745
775 259
372 507
285 322
87 992
327 675
945 252
696 569
882 213
988 520
783 639
287 407
554 830
597 320
915 254
754 767
888 951
126 626
965 45
606 724
169 780
900 252
231 575
69 561
966 371
57 828
121 386
925 500
270 611
720 307
907 443
920 706
360 377
464 185
216 278
668 906
620 107
569 516
440 515
231 102
170 415
699 867
946 785
630 750
174 519
218 904
145 43
183 894
998 396
846 927
945 283
69 134
494 718
731 448
760 690
668 477
169 91
16 40
416 150
721 670
530 516
573 27
913 581
520 902
268 912
846 710
278 790
248 701
169 195
53 104
879 378
784 555
6 939
71 584
356 972
964 814
459 268
559 842
323 552
127 21
615 67
821 531
483 189
357 217
226 559
346 857
245 611
911 965
446 387
8 494
736 973
315 343
474 109
266 473
177 917
127 24
316 908
944 983
315 946
300 809
361 73
961 265
730 812
966 475
80 692
470 129
503 642
169 418
245 136
416 26
941 789
473 819
570 23
499 105
213 430
801 67
250 739
829 84
305 123
235 533
803 441
333 390
631 142
801 457
75 513
595 275
815 348
688 335
745 334
10 875
174 470
204 515
598 993
145 712
589 224
626 174
836 427
521 906
227 768
377 36
555 590
256 989
11 90
779 236
584 503
692 638
584 552
710 628
500 873
817 278
676 39
805 149
378 468
253 599
36 630
537 391
933 548
976 959
564 798
165 559
548 162
112 302
464 671
721 207
591 602
493 734
216 679
800 593
402 392
31 215
567 521
785 670
552 893
982 635
195 268
199 884
429 595
809 728
474 345
174 475
432 329
111 639
748 550
239 415
195 820
597 128
234 93
427 291
76 336
290 854
346 391
156 841
550 171
193 409
828 565
75 984
878 909
614 456
144 425
249 455
492 703
237 663
451 565
969 565
22 981
185 59
475 897
409 588
297 758
879 635
799 713
542 544
331 626
124 490
723 445
867 490
636 865
468 910
731 923
239 421
48 261
732 714
733 257
262 153
971 208
352 400
883 206
198 408
895 173
334 826
126 21
348 906
342 137
820 57
550 217
736 793
331 94
532 144
118 94
85 771
35 454
939 941
785 765
198 191
102 895
891 249
310 825
232 488
743 608
313 458
695 351
213 722
706 928
759 300
663 32
133 860
352 380
495 665
766 608
159 646
438 872
530 487
636 831
543 538
43 571
976 186
77 451
655 218
847 942
730 537
547 81
659 952
572 513
499 498
651 968
217 592
912 2
418 777
837 620
438 587
902 431
277 105
395 48
767 714
416 638
751 539
91 637
573 122
360 850
320 313
637 124
893 260
171 350
519 221
270 869
754 295
325 343
467 374
86 581
247 753
717 754
293 667
293 296
825 700
425 11
909 397
586 642
845 292
661 221
24 52
171 817
434 673
460 413
933 579
153 992
257 76
953 400
884 745
888 523
2 975
717 834
965 59
960 884
133 356
635 50
569 621
926 759
146 386
788 277
101 914
987 133
510 831
78 374
163 931
143 336
827 691
528 239
625 357
380 40
63 990
459 330
529 447
915 305
167 165
338 815
12 542
102 566
636 713
203 907
851 46
594 670
22 143
865 736
110 324
258 292
374 938
405 210
991 611
357 309
845 640
453 11
200 455
930 125
952 619
481 604
135 851
123 490
756 179
291 253
869 539
333 571
612 30
449 573
905 897
355 878
538 206
725 293
428 740
435 811
831 974
22 972
877 207
302 910
558 926
835 590
755 790
326 16
45 667
792 409
520 168
402 750
941 814
317 128
557 876
816 945
343 992
393 539
685 495
5 289
86 89
499 618
400 306
16 807
981 122
523 112
473 294
387 835
431 987
273 964
78 497
569 353
761 90
386 976
821 520
851 764
41 797
764 877
268 452
909 239
302 772
607 592
712 748
587 475
847 822
252 456
927 185
478 174
219 240
132 919
481 344
675 874
856 263
143 754
27 90
897 341
78 707
224 581
941 651
389 499
128 461
312 939
965 739
302 162
155 370
737 787
890 312
933 1
745 748
469 417
83 529
681 930
584 475
856 852
595 730
9 823
856 172
928 479
817 485
663 156
371 877
706 384
615 782
682 244
727 97
606 780
393 403
852 909
239 103
430 947
302 765
956 290
614 414
680 179
170 711
641 293
322 470
214 55
863 596
566 825
822 502
554 828
11 5
777 949
537 204
464 808
576 786
417 211
907 586
677 56
696 396
410 253
657 469
58 558
169 377
544 349
641 338
925 145
786 310
746 539
759 739
144 416
626 975
122 567
131 336
374 641
178 872
408 16
357 372
948 43
479 719
550 603
404 745
362 556
428 13
373 5
220 732
618 790
85 329
398 176
794 704
550 611
802 390
402 637
134 768
336 410
373 531
304 666
505 50
-1 -1 -1 -1 -1 -1 -1 -1 -1 -1 -1 -1 -1 -1 -1 -1 60673 14563 -1 41680 -1 44740 2024 -1 -1 23327 60322 -1 49796 -1 -1 27570 -1 -1 -1 55957 10625 34393 -1 55090 3748 -1 -1 -1 -1 -1 -1 -1 22570 -1 -1 -1 -1 59499 -1 21908 -1 -1 -1 -1 -1 -1 -1 -1 -1 -1 -1 -1 -1 -1 -1 -1 -1 9490 6988 -1 -1 -1 -1 -1 49378 21431 -1 -1 -1 -1 -1 41699 -1 -1 -1 -1 -1 -1 -1 -1 -1 -1 -1 10952 -1 -1 20114 -1 -1 -1 -1 -1 -1 -1 -1 -1 13292 -1 49132 -1 -1 -1 -1 -1 29846 -1 -1 -1 -1 -1 -1 -1 16579 -1 -1 -1 -1 -1 -1 15655 -1 21965 -1 19050 -1 -1 -1 43969 -1 -1 -1 -1 30491 -1 -1 -1 -1 -1 -1 -1 -1 -1 -1 -1 -1 -1 -1 -1 35188 -1 -1 -1 -1 -1 -1 -1 -1 9780 -1 62838 -1 -1 1332 10375 29460 -1 53071 -1 -1 38315 -1 -1 -1 -1 45894 -1 -1 -1 -1 -1 -1 -1 -1 -1 -1 -1 -1 -1 -1 25464 18669 -1 -1 -1 -1 -1 -1 -1 56336 -1 1111 -1 -1 -1 -1 -1 51138 -1 11225 -1 -1 -1 -1 -1 -1 -1 50882 -1 -1 -1 29300 -1 -1 -1 -1 -1 25495 -1 -1 45113 -1 -1 46942 -1 -1 -1 -1 61404 -1 -1 -1 -1 -1 -1 -1 -1 -1 -1 -1 -1 1001 -1 -1 -1 -1 -1 -1 -1 -1 28255 -1 29231 -1 -1 -1 -1 -1 14093 -1 -1 38837 -1 -1 -1 -1 -1 16181 -1 -1 -1 -1 -1 -1 -1 -1 -1 1582 15055 17406 -1 -1 33365 -1 -1 -1 -1 -1 -1 -1 -1 -1 -1 -1 -1 21807 -1 -1 -1 -1 11030 -1 -1 -1 -1 38181 53351 -1 -1 -1 -1 -1 -1 54230 -1 36927 9018 -1 -1 -1 -1 -1 -1 -1 12133 -1 44398 -1 -1 -1 -1 -1 -1 -1 -1 -1 -1 -1 -1 -1 -1 -1 -1 -1 -1 -1 43118 54472 -1 -1 -1 61572 34390 -1 4703 -1 -1 -1 -1 -1 -1 62623 -1 16590 -1 27530 -1 -1 -1 -1 -1 -1 51979 -1 30443 -1 -1 -1 -1 -1 -1 -1 24482 -1 -1 35701 -1 -1 -1 -1 44521 -1 -1 -1 -1 -1 -1 -1 45795 -1 -1 45333 -1 -1 -1 -1 -1 -1 5359 -1 -1 -1 -1 -1 18898 -1 -1 -1 14126 -1 -1 9879 35176 21060 31302 -1 51933 -1 -1 17655 -1 -1 -1 52379 -1 -1 -1 -1 -1 -1 58507 -1 -1 -1 -1 9113 -1 44754 -1 -1 -1 -1 -1 17576 -1 -1 -1 -1 -1 -1 -1 -1 -1 -1 -1 -1 -1 -1 -1 -1 -1 -1 35540 -1 -1 -1 -1 -1 30354 37458 -1 -1 29970 -1 65469 -1 -1 -1 4578 -1 -1 -1 -1 3603 -1 -1 33617 -1 -1 -1 26535 -1 -1 -1 -1 -1 -1 20199 -1 29644 18939 43858 15389 -1 -1 45654 -1 55764 -1 -1 32906 -1 -1 -1 46727 -1 -1 -1 -1 -1 23055 -1 51161 -1 -1 -1 -1 -1 -1 -1 -1 -1 -1 64687 -1 -1 -1 -1 -1 56674 -1 -1 57981 5057 40430 -1 6021 17359 -1 -1 -1 -1 -1 -1 -1 -1 5831 -1 53289 -1 -1 -1 -1 -1 19702 4267 -1 -1 -1 -1 -1 -1 -1 33498 -1 -1 -1 -1 -1 -1 7428 -1 -1 -1 -1 46412 21359 -1 9844 -1 -1 -1 -1 -1 -1 -1 -1 -1 -1 -1 -1 -1 -1 -1 -1 5623 -1 33813 -1 -1 -1 -1 34812 11854 -1 -1 -1 -1 -1 57990 -1 -1 -1 -1 -1 -1 -1 -1 15893 -1 -1 -1 -1 -1 -1 39702 -1 -1 -1 -1 -1 -1 -1 -1 -1 -1 -1 -1 -1 49805 -1 -1 -1 -1 -1 -1 -1 8450 -1 24386 33063 39555 -1 29274 -1 -1 -1 -1 -1 -1 -1 818 -1 -1 -1 -1 -1 -1 -1 -1 -1 -1 -1 -1 -1 -1 -1 -1 -1 -1 -1 -1 -1 -1 -1 47200 17192 -1 -1 -1 -1 -1 -1 -1 33931 -1 -1 47181 -1 -1 46602 -1 -1 -1 37431 -1 -1 4222 -1 -1 -1 -1 49816 -1 -1 -1 20529 -1 -1 -1 16914 17650 51539 4209 -1 -1 -1 -1 -1 -1 -1 -1 -1 -1 -1 -1 45305 -1 -1 -1 -1 -1 -1 16323 -1 46264 1225 -1 12490 -1 -1 -1 -1 -1 -1 -1 -1 48402 -1 -1 -1 -1 -1 -1 -1 -1 36725 -1 22858 -1 -1 55024 -1 -1 -1 -1 -1 -1 -1 14673 -1 -1 -1 -1 -1 -1 -1 -1 -1 -1 16029 61315 -1 -1 -1 -1 -1 46377 -1 -1 -1 -1 -1 -1 8443 -1 -1 -1 -1 -1 -1 -1 44099 -1 -1 -1 -1 -1 -1 -1 -1 -1 -1 -1 -1 -1 -1 -1 -1 -1 -1 -1 -1 50916 52113 -1 -1 -1 -1 -1 38281 -1 -1 -1 -1 -1 40978 -1 59780 -1 -1 -1 -1 12799 -1 -1 59239 51251 -1 -1 -1 -1 -1 -1 -1 -1 -1 -1 -1 -1 -1 -1 -1 13966 -1 -1 -1 -1 -1 5136 -1 -1 37038 9596 1071 36390 -1 -1 -1 -1 -1 -1 20245 -1 25074 -1 -1 55869 -1 -1 -1 -1 5127 17738 58454 -1 -1 -1 28587 -1 -1 55759 13933 -1 -1 -1 -1 -1 -1 -1 -1 -1 -1 -1 59307 -1 48280 -1 -1 -1 -1 42486 -1 -1 -1 -1 -1 -1 -1 -1 -1 -1 -1 -1 -1 -1 12256 -1 -1 63915 -1 -1 22555 -1 -1
7
1 50 4 99 14
1 980 11 392 15
1 279 14 111 4
1 147 13 306 14
0 533 5 419 10
1 916 3 818 6
1 476 0 640 11
