1000 5000
426 952
695 517
455 658
264 247
117 322
528 547
643 859
937 312
689 903
537 650
805 641
273 874
859 831
216 282
730 327
726 665
711 393
15 804
324 264
307 883
605 474
229 521
171 338
233 625
659 666
484 456
257 231
978 193
468 780
838 900
512 83
179 502
502 372
810 0
632 404
433 501
734 200
538 165
813 117
940 685
435 269
363 36
934 100
643 23
842 606
193 285
361 27
853 325
405 517
613 970
319 492
266 32
427 745
580 372
655 238
228 292
447 168
369 596
503 145
437 677
501 196
158 954
35 460
149 811
30 908
462 966
340 602
136 347
785 576
489 864
720 873
344 185
50 443
990 621
514 685
771 327
888 12
634 114
321 636
150 471
108 727
302 845
673 35
732 881
26 423
20 162
463 782
365 22
723 371
605 66
944 755
178 264
948 321
48 45
527 129
944 980
92 598
120 661
751 852
125 2
56 585
274 553
812 779
224 127
106 803
71 254
462 91
302 556
882 723
534 66
326 72
421 164
633 21
544 118
559 292
874 791
558 448
876 663
964 623
827 575
436 154
246 554
916 644
338 722
644 997
410 926
368 701
698 790
128 35
398 772
747 678
663 568
729 125
289 706
556 279
498 363
685 242
177 230
23 421
44 717
934 438
123 237
133 121
898 778
910 645
318 755
437 953
138 424
218 581
293 672
151 489
538 929
63 229
861 803
790 132
884 915
921 121
414 684
885 530
860 665
722 199
197 729
683 454
294 65
672 867
478 51
599 275
245 637
927 993
338 286
31 644
655 120
648 782
630 304
216 220
110 586
939 591
362 669
495 723
823 153
321 707
253 603
524 485
584 322
568 435
749 624
149 306
326 786
696 255
665 663
954 482
41 25
825 933
96 710
713 251
729 88
641 407
964 913
745 769
991 987
508 320
833 539
121 221
121 69
879 161
767 52
509 605
111 302
193 706
393 973
862 429
601 881
710 527
70 239
169 998
460 266
218 430
836 807
45 422
155 480
569 875
731 82
976 629
748 316
407 677
966 302
312 721
990 154
876 398
14 912
715 839
66 168
427 731
446 757
345 534
608 35
399 569
917 454
298 596
615 555
193 192
444 179
159 871
120 829
750 737
488 855
627 796
509 833
961 107
410 80
719 3
586 712
24 146
405 334
639 894
548 152
154 889
158 945
646 930
712 593
182 345
498 789
666 712
690 595
210 319
213 391
822 36
423 489
268 91
392 540
625 359
630 629
65 2
290 788
964 881
486 297
847 960
731 399
475 725
519 342
384 646
470 834
999 461
488 61
587 90
691 246
573 841
288 297
891 132
435 287
398 373
31 678
618 960
688 479
134 135
823 584
110 901
3 254
313 801
483 996
132 688
486 765
631 341
434 399
585 110
268 834
114 223
677 596
46 188
887 252
673 302
572 101
729 77
299 775
53 360
385 978
743 195
966 398
464 798
510 219
504 597
34 308
729 903
361 783
698 854
90 859
109 83
313 678
282 79
290 285
665 355
483 237
675 330
818 381
553 839
798 782
837 773
350 414
848 8
887 727
876 936
623 424
128 805
909 346
819 888
954 626
734 335
642 780
478 441
684 377
360 434
484 96
557 172
349 545
641 733
820 636
942 785
14 603
988 344
755 651
811 990
502 605
424 192
783 136
588 707
570 720
480 904
647 171
973 225
855 534
105 330
333 967
310 638
726 790
35 878
364 830
636 728
185 525
480 726
555 261
717 937
562 483
306 945
496 298
827 407
153 718
896 49
63 306
724 505
588 506
243 293
942 725
778 314
677 156
756 838
645 423
963 384
387 532
729 57
717 46
616 840
231 445
185 198
678 668
737 48
867 231
445 491
820 873
38 103
914 720
731 649
540 593
836 104
318 247
320 525
389 114
42 128
372 131
537 543
255 281
203 899
313 67
890 234
758 718
154 584
817 595
131 785
977 524
755 223
189 702
70 621
766 334
243 649
119 700
716 775
687 868
758 453
687 604
263 222
542 948
655 331
950 913
456 244
111 628
536 545
6 174
1 60
380 532
699 302
971 522
446 736
100 669
390 273
757 432
822 895
460 732
480 837
945 897
847 665
134 796
713 356
392 452
858 33
185 177
470 970
531 354
97 227
190 0
911 808
838 805
981 43
377 28
227 255
992 795
2 426
108 3
239 674
468 875
824 891
317 625
82 649
775 634
531 386
157 845
522 658
419 615
86 5
780 388
992 850
551 412
294 312
283 248
345 474
262 206
656 357
801 765
534 723
629 779
62 606
875 723
521 124
692 862
739 760
597 591
362 277
548 716
137 241
479 305
482 928
213 875
2 221
530 252
148 369
124 368
972 494
255 661
5 218
354 179
516 556
180 268
591 267
797 609
594 13
737 167
393 585
108 240
86 501
449 546
484 296
204 510
25 444
585 83
515 20
908 500
450 209
315 335
214 873
294 850
845 175
608 118
557 623
492 191
574 17
413 7
510 409
273 582
951 908
159 597
260 211
678 321
397 624
115 214
585 130
885 334
673 657
494 656
883 907
455 169
491 816
307 299
177 775
599 567
63 65
882 783
191 47
202 55
720 885
439 309
469 841
992 874
347 772
914 320
581 116
245 331
433 454
562 535
707 18
782 38
401 171
27 453
929 287
996 725
635 388
402 894
186 12
974 269
712 280
897 376
581 460
932 823
299 188
903 247
518 389
982 443
194 768
557 360
670 218
887 962
246 142
558 633
268 646
14 288
201 515
856 717
858 271
906 119
689 281
379 269
104 82
3 734
763 509
572 317
120 983
536 663
298 454
924 458
535 906
333 931
364 888
600 815
722 375
733 271
823 336
30 185
57 455
915 329
934 65
89 573
812 605
967 718
704 735
714 688
786 664
190 892
584 850
378 232
713 578
526 899
848 822
149 199
191 740
804 979
161 19
655 321
932 635
514 434
465 498
739 407
152 847
990 170
739 869
902 921
448 961
451 507
244 847
81 508
957 46
457 959
291 181
517 257
575 886
384 753
78 953
893 154
293 158
360 208
693 935
519 274
12 807
710 386
655 136
769 445
758 75
197 368
284 138
710 620
574 912
814 310
78 450
879 228
12 15
598 688
235 428
41 781
872 737
560 281
803 637
332 578
40 942
275 274
739 25
953 4
776 115
814 207
12 752
443 412
434 337
937 185
120 325
359 31
406 363
429 266
335 174
880 920
574 862
914 325
919 850
737 211
969 757
0 879
706 206
533 624
119 844
655 149
786 826
999 226
684 902
469 934
522 908
974 899
750 658
453 932
403 814
173 588
680 1
443 340
642 521
271 228
369 211
171 851
965 106
830 224
395 734
927 860
247 912
300 913
526 729
554 152
723 0
783 113
218 102
761 666
657 108
519 141
640 694
348 960
731 147
705 96
609 345
339 293
248 379
485 59
946 379
581 422
454 634
4 411
254 173
759 464
100 546
819 745
705 198
256 842
306 47
867 811
459 648
341 795
333 972
178 40
321 85
471 956
956 130
915 448
751 915
154 494
481 854
495 950
756 29
834 4
19 752
249 285
423 513
413 592
466 984
116 628
66 498
143 773
36 669
372 506
623 927
661 548
686 93
669 215
194 835
767 537
327 131
56 610
643 336
463 132
67 444
879 156
419 597
406 986
742 463
713 868
230 584
200 306
943 957
421 710
554 988
619 717
751 859
988 417
829 807
429 696
977 643
974 777
12 436
959 33
632 513
517 995
519 103
481 842
423 871
263 751
9 658
399 753
451 428
212 449
135 197
583 379
339 342
773 9
308 4
80 490
590 468
793 960
550 620
88 611
533 22
239 360
828 878
87 412
866 227
457 939
889 26
769 925
725 106
689 264
739 87
32 333
110 422
749 946
230 269
91 295
249 489
414 705
389 146
604 539
978 14
527 338
123 30
263 418
105 913
858 581
714 33
980 110
627 320
379 13
945 131
846 165
329 690
673 710
935 152
421 375
519 629
52 469
585 41
205 594
161 617
989 347
486 993
345 546
15 637
375 691
719 812
559 30
527 693
688 592
796 710
202 193
330 564
896 239
559 409
15 883
900 982
764 296
185 626
347 752
3 56
952 363
653 241
264 299
729 584
704 518
484 526
751 579
709 621
771 789
803 358
528 823
781 396
919 837
504 551
170 634
804 983
605 891
634 845
299 226
919 365
797 363
699 756
621 235
353 617
966 390
191 753
54 463
506 915
662 389
524 713
461 136
482 144
264 196
622 800
323 319
387 941
604 137
388 13
284 260
19 880
877 293
462 465
426 148
43 484
163 154
298 678
717 583
204 233
617 367
151 472
713 396
934 173
87 40
538 708
415 654
976 489
44 278
961 473
788 525
78 434
925 221
87 344
410 991
398 807
348 286
325 494
880 979
432 29
891 668
321 771
267 565
186 928
198 337
87 842
290 643
417 610
999 495
751 944
505 612
398 968
420 39
575 289
455 665
890 324
422 533
985 273
824 319
839 954
675 825
898 716
802 601
455 51
585 755
856 44
936 954
84 8
981 724
43 532
25 659
303 185
891 579
474 602
249 176
106 352
837 529
946 39
932 122
995 664
316 675
912 702
214 357
723 151
933 158
892 252
516 79
118 181
731 983
47 114
923 347
457 172
131 544
826 124
375 964
583 419
157 981
476 791
167 898
476 728
430 103
779 13
727 771
873 410
198 245
426 353
560 293
665 122
741 907
956 172
457 258
747 776
628 696
196 584
77 157
167 446
109 999
142 948
382 193
938 277
801 598
361 174
522 176
296 125
54 359
550 274
306 2
342 558
599 375
278 81
783 384
118 924
803 554
917 519
124 685
132 901
700 846
536 520
147 922
831 22
273 881
292 443
416 127
893 961
245 239
978 390
809 362
205 280
252 850
65 804
84 185
472 453
549 248
578 898
551 740
610 640
835 818
385 425
634 20
975 714
976 148
69 436
397 208
348 990
992 849
517 549
193 530
273 434
322 440
857 126
140 521
503 910
379 759
329 729
973 769
142 850
867 872
513 199
329 37
572 531
180 343
303 263
552 590
549 38
872 747
116 653
611 876
886 223
157 534
924 210
679 396
349 902
999 705
780 38
672 878
324 998
457 42
571 797
784 402
602 620
938 400
983 353
958 605
878 541
424 769
571 472
102 286
658 394
543 468
937 873
36 535
550 845
479 168
145 11
578 308
250 571
534 736
246 354
322 270
40 800
263 232
335 311
525 378
288 964
430 95
214 425
842 921
96 31
112 703
979 872
107 451
352 260
84 990
534 25
894 463
234 22
747 806
13 378
379 459
683 427
313 940
762 734
424 784
431 108
52 133
337 844
663 682
178 863
88 136
119 596
477 924
294 212
770 987
572 243
785 937
46 108
226 222
156 422
194 544
330 156
633 606
628 729
388 785
310 710
380 142
759 505
78 834
765 123
191 364
365 458
129 219
220 586
66 493
963 443
917 698
503 275
684 200
368 79
983 599
215 795
980 468
865 447
208 656
962 177
395 677
351 705
920 523
562 877
967 210
921 553
83 140
58 548
781 402
659 47
12 309
578 828
283 486
86 662
458 896
207 140
429 876
67 291
366 654
766 150
883 678
361 439
208 354
253 764
181 220
423 160
82 781
18 341
45 335
577 630
567 332
722 137
250 772
326 86
723 771
731 718
275 570
75 731
348 379
761 374
666 45
603 503
403 145
55 461
567 67
626 973
988 247
590 399
937 737
772 311
748 234
241 745
792 618
915 812
475 704
341 452
681 698
800 707
724 530
575 616
758 520
312 266
702 756
769 239
776 526
363 939
962 679
333 74
534 359
152 719
49 409
397 301
301 127
870 985
596 403
135 769
913 629
809 831
495 244
516 662
563 167
442 269
423 83
47 293
224 630
626 798
107 1
255 115
654 991
294 272
359 683
768 117
221 254
948 660
290 102
0 806
242 279
508 156
479 152
355 789
394 910
613 464
989 848
3 601
491 654
651 593
900 565
357 724
279 64
897 888
812 969
789 875
600 888
894 707
674 334
984 278
208 104
827 945
993 680
732 137
749 72
859 808
700 143
904 593
606 537
234 903
801 365
407 403
59 135
852 480
204 171
449 568
417 575
688 767
915 236
122 644
965 911
377 197
855 831
94 651
4 845
132 635
539 934
415 283
37 363
427 775
18 650
104 813
460 84
391 284
246 633
292 606
813 612
1 428
869 556
101 943
145 443
949 104
533 705
628 922
288 380
679 478
915 721
435 672
611 175
229 212
511 460
839 797
460 534
84 995
630 960
336 992
577 271
532 542
711 96
858 410
95 760
297 97
648 226
516 984
509 336
885 922
4 639
369 658
727 735
72 705
665 93
810 725
680 479
559 515
819 113
531 468
199 681
419 329
224 593
271 677
226 974
395 776
687 556
613 345
271 366
628 579
542 543
430 132
953 490
271 385
444 200
101 384
598 656
820 719
436 520
962 395
759 854
21 977
280 945
491 472
395 422
793 330
176 258
668 238
506 539
113 124
466 519
723 466
990 238
690 831
807 199
690 372
747 595
857 796
800 67
265 999
90 927
454 984
947 18
794 300
282 641
100 939
37 641
294 603
447 637
706 899
857 335
134 986
91 304
297 595
214 394
270 958
156 482
344 906
612 996
423 180
206 704
993 667
570 825
972 102
906 825
189 661
302 330
679 820
244 261
367 432
703 410
477 449
416 704
516 456
626 380
764 680
196 559
979 659
85 784
372 882
272 730
146 945
817 349
471 631
404 892
817 150
919 145
943 909
594 357
814 675
336 267
420 219
471 374
860 249
360 464
44 751
817 621
90 200
305 346
586 686
185 999
240 283
10 123
81 281
881 96
544 129
92 668
300 697
36 128
276 2
536 370
883 930
65 996
703 88
264 476
425 724
435 236
340 744
948 719
190 167
123 201
638 490
746 573
88 397
666 203
115 90
333 4
665 764
33 567
413 142
116 683
973 53
794 181
65 772
278 761
676 347
526 777
707 908
906 481
831 75
282 697
774 604
899 846
598 916
667 821
328 622
74 721
317 649
369 73
752 806
908 347
167 857
723 365
568 113
336 931
994 184
742 181
127 341
366 22
531 872
413 661
421 774
713 741
659 900
833 736
237 625
972 67
378 721
597 606
792 972
98 528
46 432
633 320
10 690
356 413
887 673
918 523
976 66
220 895
902 672
970 127
981 943
986 485
144 918
510 255
354 91
234 71
110 213
137 118
555 958
738 693
512 603
12 964
391 694
32 334
420 345
749 441
538 980
568 539
425 420
979 585
361 551
505 762
371 237
442 986
825 877
439 15
957 526
720 789
16 633
116 95
126 834
349 405
629 176
996 820
916 738
491 299
803 188
813 128
66 580
74 918
404 77
18 848
629 408
183 432
136 411
561 265
946 786
935 493
236 608
663 999
54 95
393 222
977 702
112 986
664 534
998 286
528 388
787 965
959 413
913 885
504 663
534 744
955 251
958 336
764 468
813 866
451 295
432 175
190 836
552 868
936 802
508 213
695 174
687 745
933 305
530 63
573 0
526 817
911 534
760 330
679 232
968 82
282 916
260 704
890 458
327 562
966 826
245 458
272 112
660 311
30 163
382 610
878 940
462 831
178 460
93 56
392 976
940 262
928 987
474 879
692 50
503 466
614 794
257 163
84 279
977 132
830 48
887 646
144 375
629 681
437 989
131 579
328 75
280 116
191 774
821 153
74 730
157 214
177 471
202 91
308 2
207 389
505 957
42 382
76 986
771 644
883 465
335 778
328 691
790 704
531 813
827 990
670 685
642 812
869 950
353 475
215 193
796 974
638 307
351 87
61 489
810 338
274 409
676 467
818 986
996 342
903 577
934 365
451 631
963 718
421 333
397 772
202 19
143 907
120 938
644 202
752 37
40 296
743 141
280 689
223 942
16 247
125 139
722 557
618 883
928 720
161 139
754 289
764 229
207 263
299 112
569 699
945 45
154 743
296 52
20 310
32 483
347 310
310 947
913 902
624 240
926 890
867 797
861 746
615 412
731 487
914 542
747 822
781 268
560 47
429 990
907 694
851 675
981 562
318 940
795 518
366 602
100 305
153 582
489 346
352 160
50 909
619 922
288 744
248 511
569 965
401 145
344 231
416 97
973 346
118 618
865 883
914 234
255 937
455 171
853 893
532 313
439 656
376 811
428 949
259 177
35 47
198 700
803 831
873 450
567 532
73 785
202 729
910 434
258 798
739 816
528 509
966 82
847 980
103 481
147 283
447 431
188 755
740 418
190 854
684 670
105 319
908 373
297 461
833 462
872 583
439 652
5 196
166 239
172 656
202 147
383 919
561 851
575 683
958 845
76 761
187 952
584 776
419 989
357 777
486 774
573 663
833 140
800 234
110 971
223 415
317 928
825 321
947 65
247 244
763 703
428 197
706 478
234 176
35 964
359 101
160 841
113 747
103 235
868 495
980 991
990 240
154 256
698 337
396 877
791 9
124 883
407 406
145 355
460 671
772 635
867 947
738 447
42 976
662 543
184 297
512 681
1 985
877 65
26 612
203 852
842 954
823 805
590 7
273 71
381 143
538 833
820 773
104 694
93 405
864 975
444 496
315 555
357 992
70 190
123 182
358 93
661 686
931 975
929 149
657 971
587 315
628 633
502 249
406 46
261 934
820 445
532 257
743 444
205 849
377 511
746 827
588 112
417 780
113 724
979 617
711 523
621 828
365 129
356 798
550 609
117 745
722 15
669 681
122 195
703 816
509 574
589 575
571 739
345 163
173 239
425 163
892 606
365 36
720 711
278 362
697 775
282 718
35 903
90 254
607 516
472 204
701 717
910 462
738 867
821 286
696 270
368 528
937 831
635 45
621 781
761 425
234 743
421 996
619 770
345 318
354 491
832 954
770 659
508 868
434 655
993 372
841 621
511 546
864 172
900 241
599 288
438 957
55 78
647 333
884 22
987 495
527 791
557 250
780 702
124 486
930 407
65 389
833 554
503 584
307 711
107 77
849 670
207 586
966 399
620 237
682 316
459 233
185 586
868 973
905 491
953 829
541 841
101 427
44 225
108 250
420 203
99 430
774 322
414 375
631 205
648 107
696 380
335 51
952 636
819 712
262 462
691 865
7 944
177 561
711 332
266 46
491 723
39 132
975 299
291 30
713 816
69 325
12 525
713 164
323 230
844 248
681 748
790 398
718 207
428 918
582 195
621 518
250 721
6 357
37 263
166 610
538 659
429 537
940 826
81 705
262 874
952 682
567 539
221 555
940 35
437 661
123 897
237 614
867 768
861 44
182 890
795 504
14 292
801 292
393 42
854 449
412 714
169 83
201 999
738 263
924 701
279 770
790 319
177 770
132 928
199 962
383 360
283 951
573 303
107 977
965 211
346 385
553 778
815 205
693 463
100 572
82 819
441 517
256 319
367 419
435 319
161 598
897 324
966 523
868 830
158 813
471 265
819 153
819 267
604 721
903 829
742 88
10 330
978 887
558 462
325 184
437 574
609 898
860 872
5 799
783 243
690 679
29 447
76 731
456 299
801 565
609 147
495 483
971 52
120 823
151 821
847 94
220 53
820 453
845 508
536 57
934 301
203 731
480 117
547 431
374 722
367 664
0 482
302 252
520 398
808 33
578 639
225 515
282 14
276 783
561 277
927 922
606 160
423 6
641 73
341 236
200 898
831 305
570 694
357 329
530 901
419 537
177 311
424 515
292 380
557 586
88 486
473 832
198 662
617 468
529 770
298 565
33 216
120 972
30 124
308 791
514 126
48 641
416 324
761 430
384 506
695 93
548 850
761 478
161 373
317 392
677 509
429 705
328 795
549 333
514 644
361 717
108 868
975 271
735 402
364 208
662 363
115 438
859 201
129 177
281 191
377 537
968 916
735 342
743 870
432 28
201 526
226 852
971 611
598 583
156 135
985 709
242 908
578 94
490 807
135 170
630 552
956 837
844 943
783 632
302 374
538 277
467 170
711 645
148 114
966 216
690 24
447 918
584 893
223 604
747 539
805 640
846 83
326 242
376 207
859 33
65 48
81 401
15 270
794 116
496 359
891 285
678 828
175 388
336 50
666 303
865 469
33 497
711 679
282 574
386 718
232 67
971 697
661 102
42 109
11 694
953 603
26 755
388 766
168 29
705 485
615 957
571 806
543 123
49 266
747 589
509 197
739 317
98 603
921 402
883 639
947 108
519 542
936 739
46 524
969 613
641 453
908 793
410 752
537 293
207 780
934 754
236 221
864 760
630 58
153 324
658 950
132 566
416 202
903 136
990 552
761 959
184 643
915 595
192 305
251 94
72 399
405 179
291 319
392 906
453 366
284 660
134 843
304 199
462 481
31 407
354 752
170 532
343 660
987 297
998 690
583 328
947 873
761 497
930 954
883 59
247 640
92 955
455 848
743 113
700 191
160 512
167 767
109 458
999 638
55 539
995 134
316 8
888 222
349 782
554 61
547 905
918 879
498 472
400 694
413 552
992 127
156 580
280 148
966 582
888 741
88 896
566 155
419 772
686 626
312 413
518 589
645 343
50 555
311 356
650 430
992 441
502 123
338 465
271 95
386 922
252 327
486 207
738 424
874 622
399 659
573 98
325 16
94 754
597 98
360 704
821 753
867 275
378 405
350 205
889 893
691 582
702 35
246 470
961 276
471 853
101 279
784 863
916 152
912 585
890 231
283 443
869 641
640 248
712 591
300 625
911 586
38 183
430 282
417 345
479 989
751 776
344 118
856 968
75 349
6 478
638 76
179 982
546 843
926 267
655 610
987 284
589 608
760 462
518 544
627 700
681 91
218 300
922 460
779 341
361 664
906 616
873 436
803 383
600 474
949 297
906 404
128 317
356 912
417 208
690 395
976 256
216 425
889 163
40 849
59 986
832 622
98 124
809 619
221 41
658 141
192 698
78 599
578 583
577 868
881 367
934 256
428 977
474 625
938 904
945 396
937 368
423 144
56 180
509 962
101 385
854 6
792 467
690 275
902 599
716 903
971 938
227 81
609 372
878 769
693 139
721 765
589 491
215 867
692 947
792 454
436 954
618 927
382 404
700 737
617 296
638 273
340 935
185 76
726 554
660 749
637 594
120 44
110 307
631 467
562 225
598 156
873 994
723 733
426 115
465 493
545 949
223 692
942 559
824 212
837 491
427 824
795 831
568 306
77 547
187 177
503 415
488 199
194 64
253 713
950 428
57 66
708 622
683 844
459 667
939 501
95 111
6 300
339 940
24 529
466 960
861 24
277 958
739 349
872 919
974 327
685 881
245 518
375 55
337 870
486 408
648 430
706 844
616 747
918 550
139 676
462 355
238 281
846 806
549 75
556 722
133 181
790 612
982 502
674 756
854 292
214 783
593 716
846 63
892 530
290 258
669 861
698 733
651 140
973 758
188 360
637 405
288 377
414 402
307 437
89 73
180 3
436 851
594 775
538 235
910 541
876 745
504 609
513 447
80 955
730 115
132 313
752 644
212 930
943 344
581 956
808 896
884 229
373 946
328 33
954 327
473 600
92 998
775 81
210 851
180 640
534 15
102 259
659 852
442 612
866 262
213 0
177 464
417 84
739 554
221 422
924 843
931 452
690 460
793 228
370 775
352 94
840 629
413 759
757 176
210 133
768 882
25 819
425 705
733 622
213 311
829 508
100 33
215 876
671 246
787 498
406 419
848 183
102 42
540 486
298 736
603 898
94 57
553 608
347 796
793 930
73 979
157 935
622 862
651 618
860 784
850 917
382 800
865 247
387 489
48 237
813 576
819 984
899 841
706 574
779 872
736 349
859 414
794 348
154 116
928 432
212 427
13 496
524 865
636 763
385 816
881 327
174 409
863 440
290 337
573 127
18 869
580 543
412 131
458 396
917 395
417 250
864 370
692 715
724 186
315 274
219 62
829 331
164 845
844 198
57 695
73 730
158 371
476 398
808 36
521 69
256 103
479 250
909 811
369 480
720 507
703 60
716 668
834 245
77 177
396 22
787 372
692 289
276 215
158 108
584 956
814 84
470 989
995 844
947 912
984 431
646 434
301 52
728 551
852 599
600 411
232 434
868 985
560 640
670 719
223 996
342 840
793 551
686 635
952 206
462 976
930 973
961 387
508 756
795 41
294 518
493 99
575 245
402 163
80 402
40 784
829 546
844 546
136 922
800 414
225 735
454 888
355 894
764 297
440 571
803 450
31 815
574 683
992 516
150 569
626 221
452 701
856 76
917 549
121 486
429 118
413 408
18 738
837 322
650 709
97 689
622 743
204 864
540 572
579 993
646 243
213 125
633 27
831 680
988 803
0 88
763 527
844 8
0 468
207 736
228 39
958 23
164 829
423 783
303 20
390 985
868 353
747 656
12 307
729 916
54 677
315 764
242 628
422 17
858 55
575 326
77 859
608 258
340 280
229 922
547 590
352 111
697 665
450 166
462 19
507 84
521 253
408 66
491 152
757 605
534 160
734 368
439 274
718 971
287 786
276 762
274 518
157 406
159 333
149 368
791 750
402 911
61 234
436 428
244 934
190 99
266 10
678 968
449 394
273 891
501 650
47 325
140 612
247 601
711 158
2 55
886 77
644 953
501 440
706 375
548 561
267 445
734 720
646 703
849 757
4 883
651 410
273 431
298 530
581 996
181 644
225 401
78 757
780 261
191 985
571 64
491 204
918 46
741 892
285 634
577 218
145 670
198 565
120 182
936 32
321 767
101 277
701 276
862 282
458 586
202 866
151 816
789 822
619 106
489 360
631 57
365 448
813 589
639 110
294 922
211 587
451 292
324 501
580 460
569 782
554 709
568 456
889 262
14 596
207 578
660 514
891 313
754 85
493 154
647 37
592 714
607 251
623 387
762 857
90 178
923 118
981 834
364 895
164 514
761 110
475 326
981 852
35 249
687 321
944 972
399 193
425 507
708 795
959 820
260 792
110 346
829 524
61 864
625 370
237 542
677 856
943 866
604 406
555 806
438 149
618 679
572 113
365 14
857 459
620 658
913 345
83 470
324 837
469 496
369 46
17 73
252 939
767 552
913 181
611 926
485 253
331 568
693 135
503 678
733 953
547 600
216 695
334 434
554 200
265 82
828 964
784 526
369 666
412 861
989 236
801 160
227 890
860 471
819 637
879 774
250 584
40 961
816 294
634 405
943 176
461 663
872 24
815 309
256 996
916 963
951 621
647 307
809 827
300 143
629 502
557 989
72 302
850 417
2 499
784 957
453 850
544 273
338 546
343 155
312 225
440 567
235 260
655 901
705 843
348 41
868 858
182 244
832 977
309 506
567 998
652 757
252 752
71 789
72 249
307 394
109 223
818 363
160 557
601 317
364 923
474 369
216 52
860 527
477 258
336 571
680 156
363 668
201 731
958 157
989 381
306 132
435 847
933 518
569 645
785 414
332 139
731 944
561 441
781 870
5 306
579 247
334 361
113 227
537 621
618 683
542 556
709 668
610 915
547 399
768 501
775 346
621 386
868 484
644 711
102 540
185 257
628 797
280 423
60 749
391 598
214 429
200 756
628 57
893 336
965 305
904 747
379 443
633 400
132 997
180 290
26 743
62 988
655 119
530 676
200 330
762 895
662 618
542 862
767 571
478 392
434 455
609 941
941 404
682 999
959 631
691 751
128 542
631 507
698 141
391 862
631 518
69 592
637 782
877 285
594 830
692 845
173 829
383 901
19 478
884 379
790 544
140 402
51 69
646 24
778 734
607 678
961 822
438 690
771 875
115 139
718 696
626 632
142 633
548 297
57 176
493 211
24 560
605 388
474 7
831 995
276 893
882 664
381 358
566 847
121 2
970 201
523 181
254 686
981 4
970 556
593 155
701 956
474 669
106 854
90 466
63 882
722 62
635 977
197 795
208 799
89 501
128 503
839 763
419 124
471 564
949 31
92 529
117 202
245 983
523 547
85 449
233 487
589 291
527 310
154 183
808 772
600 100
690 77
441 916
78 143
245 849
659 691
615 992
72 937
70 599
969 419
206 610
784 255
781 193
122 618
309 264
959 628
54 690
334 170
294 753
587 987
982 142
473 464
250 92
26 828
273 335
968 950
61 182
185 68
993 496
853 346
834 254
659 466
444 810
522 479
164 214
877 569
105 279
614 986
1 905
421 983
673 82
295 783
289 508
723 722
57 699
682 413
487 841
469 63
661 717
883 896
323 799
257 659
935 168
403 670
297 507
623 813
707 115
196 203
441 499
937 83
928 137
676 314
103 545
111 736
287 300
591 518
666 10
965 884
54 263
481 119
257 870
463 838
193 653
776 518
904 612
122 220
117 11
720 609
48 500
788 808
235 123
191 400
44 176
946 591
845 56
564 543
748 503
626 361
420 687
418 883
994 111
22 492
316 129
729 428
170 327
353 209
345 310
741 277
709 369
999 736
786 239
497 988
324 911
452 143
329 583
113 877
898 796
147 603
573 48
602 749
102 623
261 494
578 512
129 601
209 151
735 678
270 964
289 195
948 118
754 660
525 54
446 579
479 53
718 631
233 349
226 535
381 960
544 709
247 398
976 114
332 814
982 361
590 285
778 154
659 645
189 188
579 828
858 922
788 927
383 17
647 708
368 578
854 409
101 746
93 932
198 250
717 469
886 953
621 145
547 124
855 137
885 649
269 867
90 771
446 227
767 635
614 363
545 198
252 861
876 993
232 346
957 363
733 895
213 852
50 404
740 539
399 407
802 117
285 341
709 16
371 359
485 469
764 808
957 22
554 763
401 164
98 683
607 929
672 105
105 551
955 35
85 731
77 89
725 609
928 320
822 86
491 484
691 408
213 381
386 915
438 548
672 647
551 197
799 923
163 274
11 450
317 738
288 647
484 539
595 106
158 842
237 455
426 294
411 843
181 259
580 767
384 619
391 995
300 389
5 342
670 874
945 235
760 429
483 468
304 552
41 346
918 147
669 775
160 850
201 793
914 192
492 478
338 101
863 500
286 509
799 69
374 491
124 606
381 639
241 877
533 426
986 884
119 312
323 580
391 27
590 838
855 447
605 863
666 35
882 609
375 156
880 963
671 894
663 30
600 582
498 839
354 212
983 814
467 315
65 302
388 821
398 16
784 949
887 446
145 878
330 694
964 99
133 622
951 345
95 443
170 795
114 478
103 492
829 535
755 228
564 157
216 959
542 893
816 867
490 898
716 50
43 364
454 540
911 575
160 689
33 533
625 940
782 310
88 126
937 662
991 580
533 496
842 1
637 0
436 246
54 183
97 422
897 621
908 532
786 530
665 733
169 519
828 883
719 309
564 867
72 450
170 289
466 958
906 513
415 790
315 331
590 222
871 990
504 335
173 881
544 633
55 195
882 971
385 267
977 214
107 530
708 118
625 81
937 476
200 204
641 408
824 74
705 313
424 390
304 970
879 947
330 45
898 108
532 953
506 530
732 691
140 54
323 199
19 735
999 844
84 669
467 159
24 300
118 8
914 506
366 620
435 47
493 666
165 92
460 340
972 168
551 744
257 796
288 802
994 973
739 295
890 826
318 212
158 449
263 376
208 172
484 368
33 36
750 384
163 931
23 609
391 5
451 192
557 678
179 176
96 908
11 516
180 623
699 763
784 679
853 483
341 793
211 839
571 512
55 214
111 237
808 845
111 99
834 946
188 169
588 641
726 582
960 601
321 552
373 896
820 808
61 437
697 484
708 43
340 258
772 327
650 901
198 107
288 525
666 630
193 710
806 574
409 324
576 626
151 894
258 188
937 398
717 953
426 214
374 25
137 336
129 852
600 510
328 382
475 123
941 113
571 546
282 790
578 803
532 871
311 463
770 471
493 309
200 106
667 594
742 67
507 460
90 963
885 575
151 787
963 32
359 90
498 729
248 706
668 896
885 389
878 942
314 118
489 519
561 35
734 453
716 29
712 954
429 503
790 587
354 359
260 365
498 845
645 697
382 705
603 419
303 788
522 181
180 463
330 681
192 58
29 86
324 602
423 793
424 468
33 540
421 238
333 1
45 735
278 728
799 68
198 213
430 667
140 342
317 624
891 992
857 234
771 266
644 784
221 43
613 691
985 986
251 756
483 611
818 667
235 105
353 226
187 799
229 58
219 715
705 390
379 304
576 634
784 142
430 451
866 372
992 282
179 379
421 102
427 723
208 720
161 914
469 326
464 569
163 587
933 308
565 772
152 123
616 848
375 907
347 760
803 970
478 892
587 788
742 231
286 612
647 995
657 498
996 299
683 746
525 763
211 195
651 75
213 647
574 309
873 702
327 848
933 271
440 469
391 497
447 66
238 784
441 943
832 835
784 707
678 937
343 270
856 988
281 641
897 95
767 8
232 960
705 926
150 506
469 340
329 232
328 153
143 394
726 648
251 177
620 31
458 708
53 192
64 112
593 995
677 836
367 855
702 220
735 539
946 764
184 794
828 22
289 461
29 795
665 296
578 615
114 728
739 178
567 339
758 232
498 414
787 753
64 678
21 60
467 302
490 616
288 317
815 619
980 603
319 102
811 295
120 302
257 439
438 520
105 693
686 138
867 485
598 974
15 258
523 421
780 799
755 234
237 672
861 959
782 142
852 108
316 993
125 871
169 764
242 527
173 380
460 497
483 263
417 142
248 613
534 789
823 381
766 394
422 754
399 848
562 338
584 650
166 545
147 892
635 511
948 802
563 935
307 601
489 513
767 685
866 887
653 95
278 534
483 66
274 812
988 235
988 296
118 487
205 207
993 974
64 964
385 702
15 403
735 158
380 880
363 509
643 644
544 540
475 933
314 242
302 741
410 927
164 53
741 987
515 199
872 742
536 324
115 515
679 502
643 994
20 338
908 939
71 537
128 223
413 453
438 846
289 176
443 80
487 784
611 105
405 295
598 541
192 160
727 874
696 742
89 831
406 137
42 782
740 22
814 999
112 424
483 626
917 329
142 195
704 151
599 447
211 673
908 607
477 409
885 670
800 897
529 866
833 874
35 962
911 967
580 845
721 585
45 211
24 77
478 738
305 81
917 771
749 734
434 963
600 288
863 589
387 119
181 9
705 791
196 366
522 620
772 236
614 298
165 391
494 892
446 141
745 283
963 136
857 875
222 641
172 590
418 581
364 789
391 928
357 211
660 982
668 283
704 513
54 527
763 182
240 956
47 44
723 774
686 646
858 829
810 792
454 74
345 142
423 796
32 272
896 151
638 649
473 163
839 437
990 101
960 213
757 171
18 385
954 675
849 444
637 793
167 862
643 468
569 25
397 571
596 323
904 148
713 317
615 671
52 397
231 700
617 323
818 619
671 183
328 723
653 341
120 333
421 945
757 462
194 233
143 245
925 486
191 24
664 232
392 978
270 33
406 76
899 380
941 993
832 380
728 685
336 895
731 118
72 701
513 555
773 713
654 826
788 560
111 989
12 482
384 334
673 720
589 387
409 899
145 857
965 216
9 182
621 964
428 440
657 804
981 305
977 625
196 40
290 943
97 525
2 472
205 359
689 502
518 221
162 665
469 916
296 373
802 517
793 373
564 346
96 649
264 75
525 213
445 125
65 356
318 847
804 46
758 659
606 426
994 465
425 524
38 895
614 76
177 815
506 446
40 380
596 71
137 779
687 385
408 177
79 461
900 234
406 396
223 251
937 430
59 185
952 797
845 227
774 841
145 527
851 509
226 483
846 960
916 22
258 365
665 58
665 740
490 578
304 25
345 413
799 924
620 493
431 862
443 423
388 840
671 170
377 189
979 182
414 369
592 244
949 811
971 339
391 913
894 451
615 341
624 145
658 815
825 386
341 580
202 32
554 628
357 174
22 68
155 532
298 909
404 585
802 351
282 129
851 485
674 746
812 8
548 547
334 640
854 548
668 320
107 377
35 61
668 366
429 262
458 787
71 738
618 818
671 794
304 245
585 63
843 989
284 132
249 866
885 36
296 918
262 115
439 524
286 262
210 157
349 391
247 89
479 308
764 38
209 932
29 514
442 627
176 120
540 513
775 8
498 700
128 411
921 322
263 847
214 477
855 659
177 367
946 626
991 110
411 620
850 699
274 888
709 488
879 58
484 48
694 38
158 608
959 827
568 580
186 26
80 393
872 621
289 525
516 208
18 774
54 974
384 726
316 264
169 773
497 397
868 567
415 550
59 242
940 196
654 845
78 86
149 598
385 742
547 414
173 505
938 751
622 544
696 987
936 538
61 624
85 220
376 191
76 586
391 372
475 652
365 122
656 176
239 562
310 322
621 92
54 810
998 849
898 930
462 392
448 551
854 338
195 889
295 986
0 781
149 385
755 819
380 274
155 36
304 902
802 596
160 577
75 672
34 451
217 874
447 857
281 120
729 171
108 406
53 324
491 233
957 166
549 984
687 648
189 316
944 521
803 361
554 74
421 922
971 620
669 656
54 252
761 814
408 907
490 980
769 138
656 499
967 988
621 747
182 825
663 987
413 625
572 836
651 168
43 829
981 634
836 455
151 683
312 606
704 209
239 811
658 938
154 960
161 495
275 934
782 454
646 460
892 457
321 190
499 882
992 404
410 959
201 386
475 607
857 799
442 812
289 76
655 688
618 314
894 863
571 129
682 137
187 112
353 258
873 238
655 286
429 881
427 870
138 779
999 649
977 145
890 306
370 689
144 150
991 164
840 708
572 792
749 821
424 303
614 485
314 256
377 441
367 376
319 403
422 284
52 570
144 230
658 796
824 434
657 493
858 222
347 920
241 377
659 56
311 642
835 310
157 976
728 251
760 857
180 803
249 712
965 714
334 244
407 627
276 684
473 789
463 513
876 122
386 608
490 875
423 46
932 763
743 726
984 186
989 26
234 674
161 676
473 650
811 241
557 411
386 844
358 631
420 863
416 371
125 312
424 943
91 581
748 643
969 965
408 789
428 661
416 954
663 449
744 115
156 249
224 453
421 614
212 672
153 825
112 454
393 433
167 657
263 320
232 114
325 513
484 553
228 732
5 904
141 139
878 439
191 563
67 377
181 172
277 14
66 717
724 772
181 618
121 186
501 250
483 465
263 453
525 380
442 451
379 98
234 864
316 461
76 394
616 550
919 874
427 368
105 664
651 557
517 747
466 379
546 37
847 854
665 447
771 166
646 663
755 334
585 389
145 705
348 645
469 370
456 187
304 655
848 748
290 383
61 983
365 331
561 893
587 312
946 311
176 95
428 930
594 170
623 338
135 273
87 80
99 950
262 886
880 916
401 27
952 59
54 435
485 366
436 897
79 655
677 362
640 917
777 372
86 809
694 462
497 664
849 902
195 838
265 926
115 136
248 383
379 100
951 579
282 416
33 802
244 494
938 517
898 860
100 938
399 859
823 46
224 476
34 392
922 522
461 323
383 946
965 139
712 951
90 420
30 114
504 44
347 733
799 361
438 754
296 621
869 57
739 495
163 898
828 733
774 811
339 545
489 107
110 1
578 796
237 438
59 206
999 159
306 582
852 616
432 378
231 14
749 672
64 438
642 119
711 981
965 199
269 323
880 430
608 680
282 475
920 626
953 0
684 986
443 101
579 797
184 175
155 61
773 316
476 12
459 772
278 146
618 841
439 344
576 105
938 746
199 232
576 394
334 914
46 767
775 365
528 265
161 129
102 786
298 567
413 613
185 369
223 158
184 338
633 589
493 39
993 678
129 106
164 902
757 410
269 302
408 944
294 19
719 758
703 368
184 682
739 726
967 98
153 850
648 856
816 392
937 469
210 204
545 946
477 726
365 486
374 502
973 933
734 491
356 546
16 790
53 462
388 149
28 669
137 237
655 226
531 53
224 318
162 14
976 312
486 900
423 279
824 555
24 395
526 510
714 37
485 670
742 662
706 793
968 138
745 767
511 899
650 420
805 325
932 208
848 168
681 774
218 11
287 627
830 50
841 380
828 485
680 775
14 317
688 234
154 993
244 282
940 1
566 899
36 180
310 990
206 895
642 267
789 461
47 479
888 300
69 72
173 476
321 329
171 637
404 42
904 122
100 376
399 189
396 751
857 623
86 520
306 371
289 839
721 722
292 971
735 767
396 714
434 780
188 62
815 154
340 484
906 500
962 981
747 646
588 720
853 364
692 849
63 108
526 547
87 372
663 77
90 262
68 641
840 107
519 694
920 395
246 977
678 87
584 909
925 875
765 761
674 782
319 684
649 894
367 471
202 588
16 27
682 106
60 490
568 273
372 594
667 790
445 105
311 677
190 792
560 161
593 854
966 759
89 253
586 500
812 782
184 859
351 797
837 137
954 929
674 31
38 222
13 464
444 175
337 341
701 809
636 487
93 266
297 487
643 402
353 330
748 443
35 150
74 653
516 138
165 333
972 802
766 985
657 24
684 618
984 465
731 733
171 916
243 684
301 615
121 378
397 499
406 432
35 357
853 793
233 109
304 79
92 42
985 271
723 420
135 751
53 20
749 706
412 116
395 447
210 103
791 77
445 611
714 467
402 161
205 522
333 391
401 374
61 998
144 594
907 729
159 408
606 258
751 771
439 418
612 979
568 304
722 334
336 347
562 421
801 905
211 24
391 908
838 636
856 13
715 607
783 798
280 232
741 443
653 431
462 551
361 617
523 726
144 276
974 97
488 347
791 727
153 218
608 966
614 778
604 931
808 351
63 590
436 5
322 379
906 406
830 176
108 79
710 431
745 313
385 144
939 97
175 481
674 46
219 565
487 522
487 282
407 908
175 211
52 523
453 920
662 994
959 787
409 298
232 408
446 624
159 912
876 560
249 315
901 681
37 321
833 807
861 593
946 176
751 970
209 641
862 965
765 346
547 979
817 53
789 696
232 41
531 806
503 813
152 728
400 911
604 114
642 188
140 255
393 199
716 136
18 32
785 387
452 756
711 783
759 924
347 900
293 390
244 252
995 268
610 478
971 190
655 498
519 696
938 556
859 905
490 948
867 626
240 164
532 189
693 481
461 634
252 430
478 953
996 337
89 210
984 923
305 598
735 990
955 314
378 923
394 707
55 63
68 251
20 43
233 413
650 75
0 28
532 252
337 32
883 381
637 433
933 46
68 295
8 958
804 393
905 452
993 474
38 882
996 867
595 761
489 407
449 999
786 665
164 161
86 643
824 562
622 9
543 181
466 74
416 511
880 934
495 182
982 995
875 785
70 523
91 932
195 979
475 137
737 315
415 292
516 411
129 12
240 949
927 992
775 627
927 468
162 894
832 331
518 513
834 352
250 363
952 138
107 112
85 346
491 755
714 503
409 226
217 416
377 170
164 20
97 450
287 237
275 229
942 760
931 275
99 554
932 718
209 32
592 774
371 983
51 393
956 644
728 769
233 824
791 977
639 993
980 15
688 360
868 423
156 946
731 818
336 911
916 426
64 769
848 969
712 933
553 108
622 170
463 12
516 640
170 511
219 926
323 503
278 736
296 802
503 276
975 142
797 516
400 33
480 988
844 548
214 396
93 223
461 23
133 791
115 784
167 67
22 955
407 919
666 244
493 506
849 618
439 675
252 91
448 533
41 343
459 99
927 9
687 832
704 900
580 448
80 645
939 452
351 202
877 448
933 928
728 773
786 727
549 622
200 76
88 555
75 593
79 916
575 66
709 627
106 128
468 335
788 753
301 557
22 409
317 984
437 367
631 739
674 592
733 601
620 708
350 135
733 329
35 101
517 914
205 362
775 5
550 621
644 436
895 484
107 458
422 123
209 890
746 732
492 380
83 560
360 457
94 144
582 444
862 101
814 234
748 407
535 464
861 290
256 851
894 592
386 641
737 446
407 604
999 599
866 581
464 376
716 79
25 581
100 55
95 185
575 581
278 538
226 245
989 623
395 22
523 942
596 954
425 428
549 7
462 417
427 757
405 213
461 860
726 40
28 257
488 368
172 856
169 638
440 789
428 346
345 319
680 738
586 293
940 856
557 721
102 934
189 921
180 66
791 929
518 981
421 121
972 676
582 510
804 313
303 780
959 822
12 453
788 520
892 833
295 668
981 541
830 888
118 54
910 809
799 101
814 29
107 755
193 592
201 263
48 430
346 12
989 7
553 44
523 433
376 452
609 213
51 216
123 37
604 977
622 885
298 347
513 229
989 551
620 803
967 922
108 563
475 881
821 939
346 289
142 672
357 415
326 881
832 237
984 512
571 813
705 276
677 844
950 616
756 310
27 870
632 685
643 269
770 347
433 204
55 252
747 217
453 476
616 933
23 38
632 906
733 292
25 802
314 442
966 194
302 772
969 436
129 28
366 655
768 798
699 280
910 256
912 940
221 619
685 660
928 919
649 534
731 726
2 811
558 674
714 805
486 731
334 453
534 403
329 102
614 833
942 520
780 767
155 142
903 849
600 879
343 221
13 3
172 439
924 51
130 189
309 582
739 348
730 590
987 409
200 600
101 74
390 943
261 121
709 512
992 640
421 184
112 530
394 781
424 36
295 572
65 559
413 75
586 418
183 911
330 515
509 859
470 860
289 758
807 911
105 185
554 553
91 793
942 568
589 269
301 624
709 381
930 135
150 261
624 505
294 621
453 530
590 148
639 619
851 672
765 262
951 562
104 195
431 999
613 104
794 80
892 38
344 989
755 836
815 356
842 651
869 969
-1 26318 -1 -1 -1 -1 -1 -1 -1 34133 -1 9016 -1 -1 -1 43340 -1 -1 -1 58361 50500 -1 -1 -1 39497 53966 -1 56071 -1 -1 -1 -1 45377 -1 -1 -1 -1 33781 -1 -1 -1 -1 -1 -1 57055 -1 -1 -1 -1 -1 -1 12702 -1 8502 -1 36716 -1 -1 -1 -1 18654 -1 10626 -1 -1 -1 13250 -1 -1 -1 -1 -1 -1 -1 -1 -1 18562 -1 51053 43682 -1 62514 -1 -1 -1 -1 49861 20823 -1 -1 -1 -1 -1 -1 -1 23900 -1 -1 -1 -1 -1 -1 3163 -1 -1 -1 -1 -1 -1 -1 35926 -1 -1 -1 -1 -1 -1 19294 -1 -1 -1 -1 -1 -1 -1 -1 4980 1189 -1 63915 -1 -1 49660 -1 -1 -1 -1 -1 -1 -1 -1 -1 4750 -1 -1 -1 -1 37343 4194 -1 -1 -1 -1 -1 -1 -1 -1 3451 -1 -1 -1 -1 -1 -1 -1 -1 -1 -1 65198 -1 -1 3757 -1 -1 -1 -1 -1 -1 -1 -1 -1 64369 -1 39902 -1 -1 -1 -1 -1 -1 -1 -1 -1 -1 -1 -1 -1 -1 -1 14650 -1 -1 -1 -1 -1 51481 -1 -1 27095 -1 -1 -1 -1 -1 -1 928 -1 -1 -1 6073 -1 -1 -1 36637 -1 61483 -1 -1 -1 -1 -1 -1 -1 -1 32706 -1 -1 -1 -1 -1 -1 -1 637 -1 17727 -1 -1 -1 -1 -1 -1 -1 23917 -1 -1 -1 -1 -1 -1 35481 -1 -1 -1 -1 34945 -1 414 -1 -1 -1 -1 -1 57725 -1 -1 -1 -1 -1 -1 -1 -1 49174 38992 -1 -1 -1 28806 -1 -1 -1 -1 -1 -1 -1 -1 -1 -1 16517 -1 -1 8438 -1 42864 -1 60700 -1 -1 -1 -1 26758 -1 62311 -1 -1 -1 -1 -1 -1 -1 -1 21744 31440 -1 -1 -1 -1 -1 -1 25128 25989 392 -1 -1 1249 -1 39128 -1 -1 -1 36966 162 -1 14681 -1 35984 -1 -1 -1 -1 1610 -1 -1 -1 42051 11448 31900 -1 -1 -1 -1 63974 -1 -1 -1 -1 -1 53865 -1 -1 -1 -1 3768 -1 -1 -1 -1 38336 -1 -1 -1 -1 -1 55466 -1 -1 -1 3133 -1 -1 -1 -1 -1 -1 -1 21392 -1 -1 -1 -1 55245 -1 -1 -1 -1 -1 -1 -1 -1 -1 -1 12063 -1 -1 -1 -1 5961 -1 -1 -1 -1 -1 34743 -1 -1 -1 -1 -1 -1 -1 -1 -1 -1 -1 15060 -1 -1 -1 -1 16521 -1 -1 -1 -1 -1 -1 -1 64911 -1 -1 -1 32798 -1 -1 -1 -1 44563 -1 -1 -1 15917 -1 -1 -1 -1 -1 -1 -1 -1 -1 52954 -1 -1 -1 -1 -1 -1 46703 -1 -1 -1 41755 -1 -1 -1 -1 -1 -1 -1 -1 -1 -1 -1 -1 -1 -1 -1 -1 -1 -1 -1 58771 61783 -1 -1 -1 -1 64526 -1 -1 29788 -1 46815 -1 -1 -1 -1 -1 -1 -1 -1 -1 -1 -1 -1 -1 -1 -1 -1 -1 -1 40523 -1 -1 -1 -1 7779 7882 26993 -1 -1 -1 31329 -1 -1 60289 56685 -1 12669 -1 18102 -1 -1 -1 -1 -1 49298 -1 37581 52935 -1 9502 -1 -1 -1 -1 14211 2581 6351 -1 32227 -1 -1 -1 -1 -1 -1 -1 -1 -1 -1 -1 -1 -1 14792 -1 36879 -1 52354 -1 -1 -1 -1 -1 54891 -1 -1 -1 -1 34803 -1 -1 -1 58274 -1 -1 -1 -1 -1 -1 -1 15482 -1 -1 -1 -1 -1 -1 -1 -1 -1 -1 29766 -1 -1 -1 -1 -1 -1 48827 -1 -1 -1 -1 -1 10776 -1 -1 -1 56597 -1 -1 27560 -1 -1 -1 -1 -1 -1 -1 -1 -1 -1 -1 -1 -1 -1 17219 -1 -1 -1 51097 56891 -1 -1 -1 -1 -1 -1 -1 -1 -1 -1 -1 -1 -1 -1 -1 -1 -1 19696 -1 -1 48974 48224 -1 -1 -1 -1 -1 -1 -1 -1 -1 -1 -1 -1 -1 -1 -1 32642 -1 -1 -1 -1 -1 26132 -1 50863 -1 -1 40040 -1 -1 -1 -1 -1 -1 -1 47819 13818 53960 -1 -1 -1 42117 -1 -1 -1 -1 -1 -1 44060 -1 63354 34932 -1 -1 -1 64782 -1 -1 -1 -1 52466 -1 37253 -1 949 -1 -1 -1 -1 -1 -1 -1 -1 -1 -1 -1 -1 -1 -1 -1 43094 -1 -1 -1 24632 -1 -1 -1 31107 -1 -1 -1 -1 -1 -1 -1 25081 -1 -1 -1 -1 35673 -1 -1 -1 -1 -1 -1 52802 -1 -1 -1 -1 -1 -1 -1 -1 -1 12851 -1 63206 -1 -1 -1 -1 -1 -1 52256 -1 -1 16827 63540 -1 44667 -1 31595 -1 -1 22037 -1 -1 -1 -1 -1 -1 -1 39371 -1 -1 -1 -1 -1 -1 -1 -1 -1 -1 -1 -1 10010 -1 -1 -1 -1 -1 -1 -1 -1 49222 48487 -1 -1 -1 -1 33499 -1 1593 -1 -1 -1 46442 -1 -1 -1 -1 -1 -1 -1 57962 -1 52943 -1 -1 -1 -1 46535 -1 23220 -1 -1 -1 -1 -1 -1 -1 -1 56277 -1 -1 37353 33789 64033 -1 -1 47977 8117 55109 -1 -1 11838 23088 62034 -1 19806 -1 56989 -1 -1 21260 -1 4740 -1 -1 -1 -1 -1 -1 -1 -1 -1 -1 -1 -1 -1 47398 -1 -1 -1 -1 -1 62572 -1 -1 -1 -1 -1 -1 -1 -1 -1 -1 -1 -1 -1 -1 -1 -1 -1 -1 -1 -1 -1 -1 -1 -1 -1 -1 -1 45664 -1 -1 -1 -1 -1 1969 -1 -1 -1 -1 -1 -1 -1 -1 -1 30471 -1 -1 -1 -1 -1 -1 25599 -1 -1 -1 48444 -1 -1 -1 -1 34112 31163 -1 -1 -1 -1 -1
9
0 739 0 925 13
0 851 8 758 13
1 300 14 88 4
0 563 11 744 8
0 815 13 32 0
1 474 7 859 15
1 399 11 309 9
0 639 1 637 5
1 396 11 363 4
