1000 5000
756 384
99 260
798 474
565 592
88 274
566 535
738 907
559 65
73 291
244 942
829 948
146 746
922 318
614 92
339 543
518 450
434 436
335 454
91 232
830 416
225 696
438 907
806 540
684 57
33 260
617 565
396 769
666 394
958 745
883 588
24 691
166 0
294 929
927 816
622 162
732 37
647 853
782 339
177 260
272 676
573 271
711 489
436 53
395 927
794 621
36 135
607 649
891 106
174 431
887 913
117 720
525 310
143 694
739 372
356 993
230 457
700 28
166 123
885 475
464 810
98 320
420 902
295 692
859 24
886 687
1 635
574 308
431 318
771 789
135 987
594 762
402 599
942 831
234 2
130 590
732 308
553 372
526 852
826 329
213 888
423 609
435 44
571 203
668 412
888 950
686 573
536 372
538 932
412 438
531 239
988 655
967 668
997 41
344 636
635 848
323 27
528 16
460 216
44 860
522 431
220 848
701 823
212 637
414 586
379 5
258 536
603 714
197 195
986 464
892 55
13 225
524 243
772 514
916 510
520 428
111 991
723 848
250 302
938 363
855 871
724 310
742 312
385 459
154 54
315 769
285 557
601 334
783 713
688 215
581 413
856 420
281 65
680 11
305 740
488 743
378 96
200 508
607 356
192 732
277 504
540 548
257 912
508 942
127 525
409 562
725 570
760 557
92 44
970 959
610 666
935 734
810 64
575 524
165 519
363 463
889 795
357 929
775 37
886 282
214 609
741 921
848 809
121 60
44 782
415 267
642 239
78 467
82 803
234 254
38 894
823 109
986 853
714 300
144 466
400 712
897 754
166 806
748 103
734 171
499 998
662 199
599 695
586 303
491 171
506 417
299 768
164 329
279 889
95 81
444 364
605 14
275 219
549 659
709 266
848 662
742 806
967 334
652 184
449 67
878 391
942 168
705 390
451 841
582 293
887 804
545 703
914 474
943 452
10 507
4 798
341 302
27 607
732 791
958 438
73 262
978 200
863 225
13 433
345 100
668 726
965 9
731 10
592 170
815 298
730 132
243 516
808 641
127 805
279 265
393 440
614 992
105 52
587 822
808 299
809 906
602 1
694 402
919 560
685 21
5 753
795 290
537 76
85 645
919 852
133 467
241 198
302 732
776 582
458 745
46 853
83 488
475 957
240 998
230 854
31 19
36 954
93 243
577 411
441 765
404 777
872 672
892 615
502 724
75 597
730 378
587 998
540 629
496 917
749 965
128 766
827 388
223 54
160 753
635 333
996 942
388 153
899 404
765 450
822 505
872 802
234 602
700 129
226 770
790 730
109 65
611 751
368 664
837 529
127 534
885 9
579 95
331 263
139 1
265 681
196 938
332 693
823 504
128 579
648 221
830 449
624 863
225 358
197 894
906 628
282 721
638 434
483 175
468 402
696 104
784 441
727 830
879 272
103 102
689 447
92 289
813 385
479 636
461 243
297 596
825 575
234 305
842 127
254 77
990 189
920 629
639 174
460 644
234 680
408 201
22 805
664 24
614 400
997 239
387 221
89 144
179 21
934 175
222 694
40 201
507 972
637 234
849 896
127 920
209 223
344 914
913 283
286 920
884 503
358 439
663 356
115 565
120 941
220 702
952 7
158 147
532 724
86 31
207 429
1 810
264 57
781 619
551 526
250 759
331 897
122 429
712 102
47 420
51 111
461 575
565 40
74 390
533 518
820 403
266 203
308 679
888 589
242 648
347 704
219 271
78 392
53 60
556 373
677 805
757 901
41 93
769 811
868 81
320 782
662 792
282 965
238 501
703 918
239 358
153 615
92 228
873 703
979 786
356 193
791 568
313 750
817 399
34 921
99 45
623 516
356 449
683 340
998 626
903 128
936 338
146 365
732 43
783 54
449 912
970 977
371 867
123 831
366 122
518 706
307 159
957 238
361 646
506 556
393 9
441 201
427 118
596 496
857 353
4 967
484 37
913 409
629 980
844 421
335 283
527 102
989 911
986 814
460 794
73 366
285 77
113 310
96 116
174 501
550 611
32 298
927 236
562 288
525 466
764 129
584 710
213 181
316 281
844 204
543 142
285 375
582 374
675 44
940 240
972 674
504 317
965 631
550 230
604 503
430 991
22 686
661 977
820 896
28 440
315 525
981 585
667 892
518 50
487 788
611 928
711 305
891 786
888 123
178 614
60 854
632 566
771 8
120 299
13 835
675 174
330 602
389 858
238 446
550 618
403 937
665 876
829 433
160 387
113 262
287 601
470 251
60 376
735 303
21 733
352 249
511 723
124 816
852 429
630 709
356 10
393 595
908 153
557 518
275 353
690 293
499 781
30 341
411 956
182 520
910 193
777 180
841 308
574 515
651 685
327 120
607 146
964 243
26 866
889 683
498 370
361 190
219 390
56 86
94 901
162 50
10 306
22 204
200 36
42 648
101 319
622 226
82 92
187 778
683 25
755 638
608 922
514 512
895 401
414 480
307 764
583 479
69 766
755 125
638 129
643 801
950 41
994 135
304 497
343 311
939 268
831 533
74 797
45 603
819 831
490 745
765 448
639 638
12 589
114 764
873 958
229 460
149 639
478 908
832 747
567 64
567 518
212 613
191 468
684 504
728 45
844 279
150 996
842 303
173 835
797 696
971 587
729 24
301 225
995 49
179 487
438 669
894 29
993 700
350 217
627 862
61 628
748 411
497 536
517 79
682 708
328 38
414 788
76 835
210 819
402 511
878 214
431 255
726 876
593 442
345 855
184 745
349 728
379 995
340 424
913 765
177 243
340 950
174 610
377 119
600 741
114 481
886 154
180 41
314 179
955 339
162 171
635 523
244 520
473 385
352 567
923 149
450 69
91 675
266 811
879 618
122 87
135 671
98 358
120 266
492 721
995 44
578 807
820 583
559 389
732 78
766 485
813 557
866 313
720 748
164 702
300 103
177 549
312 360
675 632
186 896
114 614
428 483
218 277
713 309
678 119
9 394
676 412
391 277
902 272
437 180
500 115
329 952
554 362
187 370
102 671
911 496
602 691
333 720
665 202
988 26
628 601
452 879
994 106
314 798
846 240
933 33
864 521
350 661
531 554
858 190
282 902
615 92
988 252
100 779
661 415
569 859
508 212
665 735
314 683
536 788
137 980
197 438
18 721
280 816
426 787
608 751
830 520
715 444
767 969
467 85
462 139
33 91
553 876
406 843
159 205
789 209
281 546
617 166
903 985
916 99
223 937
706 771
618 691
769 434
818 654
12 2
254 714
269 629
745 324
866 175
535 172
6 568
895 889
612 8
834 770
832 109
934 71
115 534
905 82
599 605
996 879
372 312
904 412
350 781
327 17
458 199
376 653
619 305
221 309
556 587
26 660
535 494
229 139
277 123
942 365
797 647
548 20
917 710
205 494
343 341
534 764
287 403
117 246
750 351
970 319
992 855
124 49
628 657
853 65
443 153
356 699
476 995
727 835
121 738
157 667
317 461
325 978
37 691
45 301
402 827
684 947
832 371
928 793
169 63
765 528
948 466
854 556
591 203
620 814
508 87
737 134
422 757
602 869
244 708
346 864
11 485
499 746
497 838
345 734
410 533
929 35
970 119
898 787
765 168
61 538
614 251
895 621
277 570
4 713
524 184
446 26
469 176
856 178
684 366
477 338
385 872
424 392
416 39
859 293
799 564
153 607
115 376
267 770
961 245
362 675
371 875
815 783
309 254
697 401
55 49
483 230
151 130
174 3
957 730
342 672
399 439
726 568
657 308
652 849
462 126
247 883
620 762
524 391
93 168
382 675
313 594
512 44
619 126
479 312
362 233
325 62
137 128
510 575
100 251
430 306
588 394
602 697
723 494
608 686
79 72
308 596
289 87
516 762
373 195
240 949
921 286
936 706
785 49
222 589
166 91
33 878
879 20
68 625
576 145
646 172
701 137
617 113
773 400
724 551
141 446
945 438
440 546
811 408
933 322
321 252
532 554
182 244
834 536
241 261
763 471
692 440
695 882
719 295
662 832
745 82
923 593
539 326
422 680
463 889
359 103
451 859
52 791
82 776
241 376
365 837
155 595
351 993
526 262
716 926
903 359
397 181
82 224
489 151
33 584
6 720
541 436
137 823
19 933
232 434
364 420
392 909
269 957
352 68
859 343
135 407
170 161
528 870
440 964
378 257
554 37
591 822
60 211
232 118
28 70
869 160
839 364
364 876
599 272
467 233
584 840
214 17
906 286
354 512
819 457
598 959
58 560
394 957
366 589
825 466
596 690
869 663
294 136
291 399
876 65
467 678
440 724
547 281
791 624
456 981
267 573
323 549
721 666
367 106
674 7
558 809
201 560
777 933
481 243
707 854
725 716
629 732
275 374
604 85
699 323
267 925
202 143
306 529
290 421
154 663
347 996
5 796
413 763
327 436
507 727
867 872
159 167
65 23
921 469
272 895
223 99
915 738
901 826
803 349
869 873
879 864
437 381
595 982
893 524
604 313
663 276
640 392
466 834
715 900
202 402
138 472
813 798
266 250
697 74
319 499
111 561
42 532
998 741
532 472
859 614
195 673
960 918
757 104
436 120
903 576
520 743
500 360
593 396
754 140
50 792
934 657
162 86
630 784
217 840
637 97
755 40
903 926
159 355
156 231
848 189
696 566
180 133
564 299
573 298
902 376
177 789
915 810
459 592
197 735
114 380
672 879
753 703
262 0
907 234
248 972
620 129
111 49
15 650
751 850
835 443
852 635
817 702
404 356
237 651
860 284
222 19
513 203
942 654
444 687
796 634
369 200
838 643
699 899
519 646
850 266
50 705
257 209
743 867
755 545
162 751
809 708
894 735
875 542
991 582
974 60
4 881
616 839
219 414
205 952
952 701
339 242
548 652
500 864
948 501
80 215
418 350
601 502
763 200
367 329
957 283
890 466
432 462
413 334
720 829
107 444
230 52
271 843
236 880
545 663
783 684
892 761
533 738
804 39
509 878
378 13
264 898
762 235
252 60
536 924
408 204
795 548
380 874
955 638
709 10
175 997
67 203
762 115
541 768
132 952
227 247
862 362
768 889
870 891
890 241
716 580
970 714
834 354
473 442
190 366
18 717
227 474
180 849
827 442
490 695
858 998
998 236
416 778
215 140
339 900
737 950
744 852
654 926
850 92
999 256
651 415
712 352
376 420
381 282
765 875
501 137
254 818
77 838
226 101
964 576
983 292
965 914
123 227
600 797
566 884
219 101
138 35
797 391
265 731
427 502
637 651
327 889
85 319
417 836
564 146
443 42
918 477
870 123
732 832
802 46
284 252
645 846
758 516
254 648
556 776
752 451
626 71
832 460
720 754
75 790
76 152
760 789
709 382
300 760
960 158
307 49
248 877
951 731
655 103
130 37
258 655
19 694
518 245
387 665
59 19
514 822
95 447
662 856
691 730
10 211
894 61
435 226
67 744
757 78
731 435
649 568
822 902
517 199
362 620
154 896
126 805
208 992
387 271
898 468
40 636
421 782
637 929
148 878
927 727
505 460
462 952
395 399
720 736
141 845
298 601
467 502
991 285
573 938
223 918
630 342
653 151
336 194
997 577
720 523
502 294
80 605
923 474
87 720
47 21
755 784
353 337
928 914
838 87
220 574
56 289
622 558
871 415
783 31
192 845
216 22
64 392
416 544
65 347
992 457
816 972
393 605
243 172
526 546
999 525
971 534
601 500
690 620
316 236
952 167
282 710
920 900
847 934
20 926
283 778
96 843
250 608
141 872
464 287
503 735
476 816
525 52
692 872
628 971
613 61
424 96
52 150
193 470
602 666
38 867
196 850
311 680
305 419
630 171
373 473
473 856
271 14
643 571
23 509
496 578
114 779
636 968
111 365
154 912
305 789
948 149
323 957
110 131
360 643
124 376
270 235
101 446
42 39
809 441
241 622
665 286
710 358
519 497
503 690
110 436
223 435
705 947
51 360
882 534
245 201
134 76
752 950
872 95
911 796
285 419
529 655
889 653
526 941
231 345
647 62
525 155
748 958
656 41
46 445
411 924
790 253
148 960
796 96
25 465
230 917
864 661
781 676
338 138
977 290
874 800
569 402
367 742
760 19
331 502
756 727
867 170
89 520
39 51
278 882
737 997
208 486
226 985
270 373
413 480
914 404
646 461
196 506
718 911
897 292
766 244
366 949
687 787
579 856
618 440
193 339
996 251
556 195
122 147
423 598
914 835
379 327
587 824
992 117
219 833
990 296
794 308
516 930
974 557
617 758
883 696
916 847
569 559
668 78
187 464
310 233
771 63
58 282
105 431
923 263
335 531
738 536
178 159
997 939
41 797
557 586
527 734
748 673
654 895
414 639
350 320
283 235
560 829
117 577
416 177
323 3
53 169
884 177
156 69
35 648
416 901
829 185
454 584
478 6
78 701
125 786
103 823
501 729
142 168
206 400
80 725
219 160
505 371
623 523
656 978
812 709
150 494
503 623
658 875
92 201
557 325
227 949
205 837
648 812
594 737
318 973
206 282
791 482
900 675
77 533
461 449
912 906
406 63
899 432
122 491
825 499
863 142
517 503
383 797
134 774
445 794
995 253
99 218
249 308
387 935
540 411
787 268
423 58
193 499
281 277
931 380
492 602
559 648
156 827
499 173
925 962
349 105
845 93
493 942
389 926
523 945
798 506
769 207
437 234
635 785
490 612
917 607
926 28
270 716
468 415
739 952
599 377
73 65
836 264
598 302
632 528
23 839
718 719
934 5
805 784
471 860
404 213
944 45
280 555
556 682
284 995
824 404
359 512
550 451
581 331
512 399
850 169
767 52
659 337
439 966
217 448
242 866
461 964
127 327
857 737
323 83
348 590
379 669
183 563
495 252
186 242
414 436
624 391
810 756
844 320
536 395
264 598
37 139
589 500
930 721
248 9
489 269
824 470
168 674
303 644
412 801
385 634
525 794
565 539
563 191
176 622
668 573
118 8
26 845
476 977
971 712
406 589
691 10
233 677
234 406
516 129
818 605
479 610
976 452
938 769
304 590
560 258
13 628
769 671
47 162
685 237
146 507
802 834
263 524
834 721
939 839
857 615
420 466
215 481
1 774
150 778
804 541
161 917
603 834
543 941
840 182
269 380
370 399
276 872
546 131
45 491
581 662
993 109
60 700
400 511
621 430
934 809
621 336
339 810
992 813
653 86
289 265
564 337
278 946
512 914
985 832
889 276
921 936
145 494
564 764
302 171
388 936
857 408
879 107
263 641
360 47
182 388
293 117
762 600
585 267
463 98
11 315
34 605
25 43
667 674
321 130
994 103
984 187
448 167
461 731
888 352
37 807
284 949
611 132
789 83
690 626
515 350
704 286
833 824
844 945
264 159
544 574
379 472
782 918
517 36
183 311
681 940
432 453
560 369
230 597
39 380
747 680
562 389
53 879
665 804
315 728
432 209
844 140
171 271
681 74
506 842
898 788
176 633
469 883
793 375
624 735
964 838
471 542
669 256
215 707
843 116
901 577
75 74
384 563
374 97
865 651
781 532
187 564
710 35
793 651
599 802
212 75
312 973
247 949
165 466
981 717
937 541
389 863
538 716
111 964
11 631
51 191
169 581
48 89
541 505
527 710
266 674
846 870
664 424
232 380
195 496
65 891
751 712
396 93
773 263
651 699
603 600
327 596
197 591
281 842
247 950
785 479
539 394
667 749
289 707
672 797
7 73
713 128
805 53
880 231
589 933
132 265
435 262
981 387
225 5
155 437
836 386
362 722
310 769
980 220
740 665
843 60
409 343
5 954
627 347
171 206
289 684
962 154
862 321
260 277
121 225
154 221
634 875
510 100
113 481
196 664
53 353
831 313
605 372
65 703
999 698
765 170
215 251
105 540
418 454
126 383
153 366
864 925
786 493
151 664
336 162
329 418
49 114
829 16
311 673
43 681
327 391
724 524
42 83
722 422
446 124
585 126
401 817
817 350
354 885
664 869
485 903
646 80
304 179
412 580
914 754
424 341
987 205
724 206
207 140
517 347
845 142
514 58
63 891
669 474
107 4
155 346
172 562
753 369
444 752
757 293
825 163
284 189
661 945
637 191
780 667
181 853
886 377
728 607
518 934
348 19
469 779
903 927
21 244
868 249
226 683
216 126
682 822
325 395
488 437
780 756
421 911
429 906
864 933
244 456
685 854
91 943
747 571
103 921
447 327
29 845
118 433
112 909
909 275
705 383
356 761
281 769
198 794
253 757
628 583
638 281
742 373
82 798
567 672
39 931
592 789
440 612
84 81
999 675
901 720
900 844
553 216
529 236
588 262
769 360
784 712
613 457
273 262
960 395
415 339
951 48
312 244
253 425
185 164
195 13
310 814
384 892
203 389
163 423
336 576
868 540
114 517
204 945
956 700
655 407
762 212
954 166
59 633
335 821
457 79
89 625
152 843
306 913
686 836
585 925
340 858
157 44
907 126
131 843
166 965
437 900
524 757
56 461
618 329
761 960
901 565
845 444
314 421
905 71
610 135
659 57
933 118
838 313
298 126
840 306
472 346
277 855
833 706
679 739
954 91
915 932
308 995
122 113
949 234
126 690
457 270
923 732
948 186
241 870
501 341
408 32
265 254
130 475
142 961
542 755
350 573
715 154
938 714
811 293
194 260
455 861
44 601
978 442
200 72
101 291
640 345
0 169
535 561
147 904
303 962
798 679
972 544
818 516
84 391
233 123
573 116
216 272
314 484
711 937
698 153
177 268
707 654
358 548
425 886
327 575
612 263
436 671
437 945
951 925
704 639
340 168
423 575
955 526
816 590
837 248
451 127
657 831
63 941
103 788
917 713
283 576
109 329
787 645
695 718
380 139
650 116
963 118
979 144
617 101
723 950
126 32
466 699
503 964
653 780
307 870
144 216
426 865
324 219
839 705
448 704
85 943
744 860
750 972
378 262
392 471
833 796
412 990
234 455
110 1
113 423
235 756
724 178
26 610
967 992
254 381
987 414
851 766
387 458
474 219
507 880
663 646
946 310
163 284
933 350
232 586
656 598
561 336
300 305
234 816
345 201
544 521
208 933
540 933
552 476
441 617
691 129
725 549
943 865
835 108
613 788
675 915
32 302
468 92
814 178
249 838
613 73
577 606
389 613
367 87
272 75
28 884
361 226
939 680
825 678
594 728
280 82
625 109
469 941
741 996
850 154
583 249
312 891
450 189
10 486
706 953
845 287
456 74
664 167
557 748
582 781
267 559
316 507
827 451
109 877
856 691
663 665
910 270
19 103
992 868
960 740
592 555
275 227
562 580
232 926
263 798
337 654
290 692
706 503
881 769
852 253
108 266
399 347
456 284
672 3
499 898
947 725
292 300
381 859
355 266
144 605
812 388
883 325
462 3
661 853
982 646
903 447
633 239
745 428
147 317
514 714
488 564
799 283
14 215
975 490
507 635
606 196
603 341
268 53
584 664
668 173
496 579
173 596
753 237
126 96
608 790
854 497
403 460
15 903
27 172
28 591
653 879
232 529
166 791
26 85
951 467
867 865
475 176
879 85
680 704
760 386
499 937
492 367
418 738
948 276
664 320
708 644
203 172
379 316
495 11
209 459
489 834
369 36
144 141
868 184
652 596
438 568
964 717
670 644
434 635
354 630
566 626
765 981
711 536
490 260
663 427
971 940
426 249
279 656
106 342
520 644
939 827
592 482
299 8
289 511
233 957
761 152
937 357
691 849
330 93
498 640
487 381
910 282
695 17
65 998
176 791
32 644
552 162
308 660
315 99
942 112
198 423
324 651
89 906
138 961
33 781
556 27
629 817
834 813
957 974
948 912
250 734
977 701
429 69
620 480
5 182
867 572
951 885
558 567
261 711
90 952
840 108
878 574
187 269
220 23
19 855
757 126
596 252
419 585
230 528
691 265
244 39
108 450
607 109
754 773
619 591
767 159
777 587
667 549
556 319
665 750
48 810
981 784
740 387
65 402
700 986
199 850
463 786
295 750
902 360
435 793
673 337
241 137
456 692
427 912
88 387
325 771
535 195
423 706
19 734
955 370
568 371
86 17
316 854
315 110
113 817
405 980
428 262
75 126
254 850
292 21
852 964
808 247
478 991
598 388
385 168
491 108
281 673
508 481
245 817
565 235
385 891
534 768
564 940
907 343
737 938
267 436
109 562
276 87
256 118
84 128
518 58
348 455
756 577
412 334
402 132
568 185
924 44
515 405
649 510
466 827
627 212
841 726
950 798
595 331
787 537
759 815
429 175
147 988
25 931
176 427
671 143
421 533
515 387
72 182
550 46
832 247
684 531
385 483
92 757
485 580
876 270
405 11
825 590
332 609
102 250
227 812
342 318
233 916
265 594
956 250
512 551
574 278
610 23
372 672
154 28
568 871
536 981
579 992
422 934
628 976
537 573
982 753
74 54
392 260
83 318
923 139
908 778
201 641
391 457
120 879
668 72
996 367
574 3
909 925
93 42
530 365
622 384
680 727
125 596
183 551
932 722
640 335
865 546
677 652
600 987
821 860
999 994
485 220
223 586
83 420
803 209
115 987
138 289
904 444
179 107
165 860
391 421
587 362
667 621
316 447
417 483
289 1
478 988
34 393
81 456
962 755
185 5
938 836
213 775
728 412
524 250
288 307
341 349
684 644
92 317
844 725
622 981
576 767
471 821
893 383
410 434
343 62
249 574
826 677
524 134
854 466
455 355
24 258
49 457
165 56
4 686
430 384
812 433
145 632
942 128
911 235
813 853
719 698
928 921
137 345
252 752
304 534
738 544
557 673
771 149
210 262
313 44
912 873
33 963
845 998
558 707
437 878
946 540
924 456
919 933
307 957
965 39
662 682
708 605
871 83
78 103
914 760
517 697
587 321
31 245
252 270
588 434
150 50
820 934
605 495
55 963
905 344
563 11
924 702
283 369
411 132
137 392
72 25
721 126
534 987
194 943
199 604
691 513
58 233
318 578
307 969
216 589
40 370
657 585
122 959
682 250
958 112
993 79
350 535
263 13
429 23
54 45
648 619
362 814
287 626
938 879
947 941
755 257
45 976
177 474
34 432
685 130
370 885
207 344
602 450
103 241
723 645
4 701
821 379
948 342
637 223
129 671
640 619
229 263
493 622
225 532
271 470
307 427
933 941
731 970
523 951
259 533
467 276
370 988
974 87
347 930
449 692
436 406
598 211
697 575
247 992
697 835
808 510
510 935
618 816
25 324
411 752
49 849
246 391
244 897
613 680
843 540
128 757
921 392
207 225
291 545
568 679
449 570
563 980
849 846
472 703
283 305
21 939
29 357
799 380
141 842
996 387
246 815
268 842
808 293
896 466
149 221
441 559
417 893
633 999
933 782
365 64
187 284
924 33
729 732
843 43
260 780
895 92
535 520
247 35
176 170
14 392
380 180
759 570
618 950
189 656
828 158
521 449
776 466
330 79
315 645
706 823
293 144
35 998
691 192
400 147
39 744
646 564
901 792
827 955
358 721
516 994
609 37
466 737
846 444
504 38
141 264
477 749
606 1
18 295
0 180
425 69
244 616
253 587
846 248
626 27
977 813
959 999
910 280
847 169
944 815
593 592
283 593
42 902
95 610
840 189
406 941
675 806
98 95
990 88
620 589
424 989
356 447
680 864
46 311
90 205
48 261
12 328
657 398
990 581
61 105
407 736
758 906
58 639
571 333
608 48
795 981
759 120
266 922
12 646
803 95
315 457
978 641
146 544
307 862
211 85
417 728
396 502
553 410
457 736
438 106
664 957
966 6
263 861
386 152
337 590
841 944
640 815
238 813
846 179
933 703
260 588
240 415
463 751
906 669
539 470
362 592
779 763
240 764
717 851
970 484
233 82
807 484
751 778
675 772
798 552
258 539
715 821
843 872
724 456
179 596
75 753
619 846
462 719
574 519
32 678
505 130
276 753
860 207
2 297
461 823
320 944
140 213
557 239
579 38
180 891
643 619
995 583
788 312
126 201
380 729
143 360
498 184
206 344
899 324
959 196
754 85
294 680
59 927
85 249
519 567
450 447
717 906
539 938
312 96
495 77
694 798
395 114
285 21
237 640
451 90
561 183
319 921
767 66
41 772
744 916
112 131
406 672
905 184
658 519
203 964
242 461
457 634
938 767
77 612
154 600
730 45
932 775
194 309
905 416
357 521
888 832
651 269
415 485
580 84
343 391
4 976
21 505
780 584
706 666
871 454
177 82
197 336
971 743
109 348
344 598
311 109
416 148
376 100
623 557
748 866
903 987
881 84
154 222
535 538
14 946
453 165
834 701
490 482
908 110
185 530
916 707
949 106
692 45
97 134
44 203
193 410
702 526
733 258
164 432
471 116
658 177
910 350
45 323
494 480
452 104
847 452
953 795
982 424
156 715
173 240
129 767
36 970
906 976
656 424
339 920
80 416
464 472
877 781
769 570
10 297
330 683
659 54
156 677
48 262
491 613
442 136
739 110
415 622
839 363
548 666
532 206
538 732
589 109
4 741
89 100
150 708
175 804
61 576
162 195
712 925
556 634
435 649
513 185
272 986
633 648
407 88
436 789
725 740
251 855
483 391
330 743
896 39
51 447
224 389
92 982
299 64
791 303
76 487
104 871
874 452
640 960
731 826
921 974
209 377
194 516
745 74
908 127
715 317
530 575
19 647
402 130
373 423
988 998
788 927
315 509
39 678
360 936
414 538
776 767
909 903
419 977
483 293
693 221
193 473
643 750
752 823
556 52
488 945
31 570
76 901
308 500
36 608
43 373
541 852
799 971
932 350
436 933
800 742
144 960
898 107
13 622
794 957
540 23
868 449
57 543
110 7
100 947
357 97
684 700
155 528
292 156
355 993
621 595
947 620
890 911
46 463
615 495
980 529
904 968
903 767
543 812
215 857
168 753
348 965
637 16
513 413
587 537
556 102
485 625
722 607
61 149
505 471
235 290
971 986
779 308
98 239
531 768
990 675
984 589
947 30
24 537
445 866
702 140
812 341
673 682
845 564
273 431
419 175
376 328
528 369
687 734
785 714
490 997
428 138
322 107
948 971
259 459
900 7
750 668
410 458
632 858
18 522
404 974
178 59
554 981
821 501
806 653
167 887
734 522
501 931
980 800
322 849
966 834
650 986
787 85
432 745
886 63
966 421
454 472
968 958
91 233
463 410
403 681
545 753
688 89
272 880
735 337
292 25
113 405
624 949
631 366
326 339
851 617
585 803
253 408
337 222
335 76
314 369
675 897
743 205
90 4
184 907
797 65
293 558
219 32
932 54
397 760
448 916
803 464
746 555
929 466
705 14
784 187
405 137
768 474
459 822
299 427
649 752
451 325
217 353
288 34
315 921
737 783
637 511
245 99
85 53
139 214
880 524
832 72
296 905
650 90
656 637
352 359
323 986
99 141
543 993
575 121
424 923
839 427
309 559
581 347
242 731
443 808
378 54
207 774
307 416
863 439
970 890
685 352
41 446
636 489
885 739
761 402
691 7
188 492
51 695
456 424
235 816
492 442
400 255
52 870
40 782
441 376
379 88
223 977
783 674
642 377
97 82
790 470
873 890
411 491
924 396
635 546
547 339
493 44
588 392
652 364
599 337
236 994
639 475
32 494
639 928
284 739
394 908
873 918
680 732
335 846
76 408
891 447
173 140
197 774
907 374
38 647
953 859
651 514
8 564
32 411
576 980
13 734
756 241
352 737
580 737
463 311
134 361
525 883
492 934
498 536
381 348
40 36
981 112
511 462
949 690
834 25
710 525
108 70
151 88
369 611
457 808
532 789
691 395
294 520
680 360
819 431
506 975
344 824
115 784
966 670
977 991
791 800
535 75
38 494
212 236
489 827
801 432
742 924
475 864
337 828
402 379
689 593
62 398
607 575
641 3
696 870
577 488
265 161
223 155
620 619
661 272
518 228
429 425
755 809
760 896
176 543
114 987
179 644
334 342
398 226
347 848
92 341
572 955
547 614
804 289
337 956
977 54
97 289
188 78
963 669
679 416
18 80
194 179
386 979
600 504
793 725
420 888
604 461
66 941
65 82
41 183
573 623
391 364
670 836
297 634
434 517
738 591
660 337
846 907
863 353
768 783
629 941
571 905
321 682
444 945
47 905
485 929
42 101
592 503
937 957
273 728
424 571
651 748
478 883
592 816
693 840
699 926
686 414
445 124
649 625
968 997
353 883
394 843
642 250
667 475
18 621
223 3
913 410
961 572
331 900
41 71
158 732
660 93
794 204
736 750
325 816
373 596
324 874
463 6
626 487
321 403
948 430
436 298
45 961
803 143
901 9
665 432
842 872
740 609
187 565
397 337
325 124
281 719
213 1
595 856
903 986
437 314
305 310
185 82
764 831
976 623
829 128
253 34
26 944
942 110
812 297
361 46
581 351
12 619
99 737
127 28
776 492
681 319
893 792
134 274
582 844
68 538
50 360
400 29
520 2
238 585
459 661
279 694
957 799
404 766
842 495
83 939
273 122
970 658
385 135
888 776
776 514
257 607
923 562
418 917
336 980
46 134
291 567
895 389
651 667
402 393
962 943
33 672
996 384
137 769
856 890
728 792
305 860
348 223
994 873
86 817
585 552
449 463
575 474
338 529
327 905
226 47
9 821
769 108
741 156
154 745
656 384
812 599
290 396
669 614
662 732
445 481
438 96
54 405
481 531
110 134
865 842
614 363
229 220
759 969
942 705
857 665
3 495
465 148
758 489
850 566
254 469
192 199
709 844
613 740
450 120
517 242
173 736
553 655
157 21
665 446
529 614
40 43
62 629
798 135
822 701
806 271
56 620
10 41
200 419
238 437
787 665
807 142
178 363
938 950
472 485
690 747
786 571
889 443
339 385
653 414
296 441
181 949
731 936
276 492
576 253
956 863
390 64
425 669
298 668
442 575
505 941
649 945
705 517
218 147
883 927
157 997
954 25
110 551
635 44
425 153
892 278
302 490
280 284
33 205
461 160
936 817
292 332
307 162
740 195
494 279
177 520
307 408
596 359
234 336
975 236
159 667
597 300
600 116
36 966
861 18
467 436
35 860
970 385
573 128
407 180
862 524
662 79
60 527
420 436
180 167
557 522
136 543
839 161
906 886
111 295
763 394
242 62
983 451
289 500
495 840
818 118
269 370
295 800
146 891
228 422
592 575
692 342
403 727
148 241
362 645
535 874
540 323
344 359
529 902
20 745
908 334
609 417
626 150
456 689
972 31
409 59
43 970
332 947
275 670
227 819
396 850
657 31
771 549
268 201
291 226
276 113
235 15
356 183
271 689
315 363
38 576
729 648
667 845
416 672
227 48
338 618
793 52
383 682
439 771
787 736
752 122
316 317
762 585
959 349
342 391
197 955
472 917
934 388
675 136
276 6
960 266
333 848
415 160
520 783
481 684
589 182
268 479
140 401
224 974
365 517
205 860
54 967
356 89
416 59
900 841
462 754
23 115
843 423
343 979
143 846
151 696
693 95
447 780
795 279
420 824
789 481
965 564
844 860
941 627
371 674
215 23
927 665
419 324
522 404
406 340
507 439
985 77
62 144
243 107
854 835
473 134
860 218
224 383
827 806
32 971
769 317
999 287
192 943
408 100
127 946
917 918
905 424
867 922
46 99
884 151
98 100
618 948
61 597
312 605
562 279
128 349
119 327
642 977
242 521
663 273
92 385
107 245
522 252
297 774
213 135
718 652
767 237
599 943
746 965
822 986
398 310
580 955
236 222
742 733
480 694
58 208
761 280
824 310
423 909
979 34
199 346
244 649
748 663
593 683
4 786
993 80
642 585
483 335
95 761
160 28
370 412
595 472
974 114
725 60
140 593
890 14
301 289
258 858
779 416
762 430
34 20
144 554
113 250
689 539
754 896
914 923
279 472
677 918
285 517
293 465
638 485
199 330
789 100
526 960
92 568
418 589
101 687
377 84
668 682
889 793
50 663
16 592
734 925
948 434
939 735
753 257
629 303
107 640
374 555
897 515
140 485
9 228
20 946
30 973
127 857
781 856
760 66
510 492
206 347
466 176
453 668
86 916
500 887
676 574
350 641
376 389
88 813
483 711
229 775
494 523
953 780
283 591
385 69
457 111
91 478
556 934
95 984
248 915
585 496
994 171
800 736
695 250
164 333
655 591
548 171
933 763
536 670
972 849
535 179
781 914
861 112
977 457
642 548
281 816
458 421
961 401
147 205
736 17
281 441
902 370
203 645
633 2
300 90
628 215
375 580
40 411
353 851
313 253
797 4
237 468
543 38
647 596
912 181
874 431
530 739
160 824
186 213
828 268
273 11
500 229
120 380
882 290
152 945
263 615
260 882
334 822
490 438
740 206
467 77
442 964
131 67
202 135
386 723
10 586
741 355
761 641
28 716
61 589
783 786
592 121
584 500
761 408
978 388
559 831
555 5
563 747
862 810
471 691
423 538
771 137
364 528
376 398
949 121
409 191
71 381
248 469
655 786
553 445
783 205
199 114
213 402
928 662
536 946
680 465
221 56
823 18
469 757
417 139
768 364
160 556
980 574
235 349
574 523
619 934
269 541
439 923
807 867
312 828
105 824
934 292
805 821
957 165
720 785
675 374
678 91
251 618
199 762
344 792
886 513
562 633
226 337
560 511
453 892
607 269
815 518
65 927
449 94
60 435
882 553
693 153
322 864
697 532
743 961
79 160
517 887
35 96
856 134
310 355
47 238
877 130
489 811
516 982
556 744
719 762
923 198
825 510
114 884
717 234
638 6
348 699
926 687
681 396
918 382
809 39
89 600
82 914
117 216
499 864
462 555
882 602
458 911
915 219
254 99
624 377
98 540
208 975
785 926
601 4
182 178
822 552
763 262
748 576
103 712
433 14
260 323
486 825
144 47
533 114
831 239
238 339
604 189
969 288
642 681
126 339
47 806
762 146
262 249
263 630
123 99
142 918
979 342
435 762
939 900
254 983
899 157
82 191
930 766
74 836
433 485
481 757
231 376
182 445
814 119
462 636
155 128
493 677
709 99
82 516
404 596
129 839
731 539
294 925
741 315
599 167
708 661
683 131
215 690
709 548
861 463
532 251
274 258
212 622
872 240
606 75
791 691
781 717
659 277
326 587
626 618
614 205
476 663
451 533
977 645
236 99
543 928
128 788
349 275
314 55
158 816
819 59
879 677
177 707
528 160
847 454
943 364
440 18
928 122
757 230
211 738
975 221
153 926
493 767
329 642
46 590
275 293
605 348
999 55
287 478
485 550
332 147
488 545
500 429
454 833
981 854
512 506
235 523
29 398
620 474
125 157
451 726
252 429
21 66
274 124
208 559
677 372
239 570
217 334
502 382
303 81
345 385
295 4
935 94
236 652
79 548
884 293
66 727
336 64
658 309
394 238
629 20
315 361
435 771
637 578
894 523
478 923
851 71
947 815
639 725
51 412
738 930
425 284
775 952
753 66
903 408
150 816
37 26
491 592
343 819
388 494
753 493
663 209
332 256
44 728
677 54
685 798
215 322
218 174
371 780
869 738
437 162
752 501
321 454
278 974
552 414
886 343
302 397
17 645
177 245
78 475
379 767
544 713
41 23
770 218
238 243
769 718
342 818
704 556
464 133
729 5
805 29
953 444
556 566
665 488
7 794
292 805
524 761
853 852
761 482
613 135
169 217
339 198
427 63
469 813
314 553
263 461
45 220
808 218
264 432
241 605
13 881
713 431
304 859
812 351
10 540
323 678
265 559
951 978
66 858
485 668
632 386
118 553
478 863
837 277
258 839
406 326
746 643
260 653
946 334
195 406
8 317
761 265
637 819
684 216
316 443
614 156
457 924
429 341
567 184
12 700
469 392
970 154
551 33
399 368
101 342
44 258
674 32
729 429
128 283
614 431
907 785
150 793
792 623
807 925
790 408
679 70
84 453
90 873
35 717
843 184
220 500
661 396
990 590
202 568
899 961
155 439
29 801
297 67
331 450
945 829
116 607
681 641
270 480
104 929
1 12
294 427
709 149
319 270
891 646
768 943
839 752
988 599
257 90
364 910
852 157
863 175
489 881
895 979
629 371
52 75
612 360
684 429
500 573
581 434
885 399
481 492
700 529
984 299
308 647
45 829
940 992
123 216
465 45
697 152
429 941
593 78
163 698
381 494
689 462
143 145
841 185
658 914
565 585
705 446
38 263
993 959
130 994
651 351
347 803
319 999
143 386
63 288
736 957
746 308
536 636
959 957
595 590
966 877
472 336
548 658
233 518
929 4
49 117
653 846
482 511
342 88
925 383
447 534
813 369
2 243
459 52
63 763
765 781
444 466
996 467
862 993
984 362
675 384
739 662
134 959
392 863
137 462
920 456
487 422
65 316
678 829
972 133
756 591
160 696
225 717
199 978
564 489
265 236
752 46
752 36
3 458
681 566
471 10
139 328
427 989
254 611
484 967
26 346
226 0
397 774
581 187
826 24
945 36
541 428
80 972
839 805
232 331
347 939
322 402
328 26
780 262
726 529
450 370
867 549
349 172
531 352
104 839
259 49
170 674
466 713
328 275
439 652
332 288
412 289
947 874
956 486
469 534
644 408
760 317
573 521
298 149
228 734
390 784
442 415
322 90
69 916
971 969
42 180
51 564
155 234
173 803
714 395
537 307
165 673
447 360
995 300
713 921
711 356
152 278
715 750
643 547
852 863
189 797
381 39
478 114
985 976
513 268
103 787
159 382
470 820
45 542
369 121
66 567
952 223
645 608
801 298
902 476
787 705
184 625
327 620
839 572
157 663
561 146
501 503
671 913
22 843
813 537
890 516
774 507
549 949
639 363
906 441
193 63
831 922
295 799
670 445
857 383
827 561
612 584
848 454
128 915
128 815
337 502
136 88
706 334
785 410
680 416
906 642
597 747
337 797
296 206
406 813
753 925
173 101
361 441
830 526
855 957
768 862
17 460
280 489
560 893
657 634
218 472
857 931
48 966
36 225
523 500
538 467
201 579
396 278
412 608
223 4
624 64
818 736
989 95
976 734
562 305
663 466
178 154
580 155
453 155
671 27
722 654
484 684
837 193
166 507
876 794
65 34
270 44
590 256
651 5
331 657
500 919
232 996
648 297
888 927
867 459
881 663
538 31
783 665
407 702
28 83
12 352
697 413
232 16
542 869
542 103
729 531
333 208
970 986
612 79
311 153
305 24
720 127
373 254
277 41
917 725
312 722
690 256
737 574
990 379
720 641
160 915
712 679
553 815
31 12
211 171
79 458
291 688
519 868
707 727
332 873
452 20
620 736
140 935
900 26
654 260
156 233
409 338
774 253
353 612
831 188
99 656
336 568
157 120
995 357
921 37
216 496
598 726
789 853
398 661
674 487
966 248
702 74
198 879
387 946
947 214
340 127
470 383
165 193
213 944
851 401
962 587
756 261
385 930
717 244
971 546
14 694
100 630
620 883
0 282
808 738
786 254
722 309
102 398
832 295
508 590
286 270
70 551
682 814
773 647
812 690
644 762
850 413
580 115
303 243
753 571
707 766
688 57
724 898
638 175
895 821
777 713
216 581
839 866
708 26
164 939
508 541
745 664
878 357
487 342
896 213
969 819
713 793
192 225
342 525
695 667
96 241
934 91
961 620
917 520
163 687
565 767
495 697
103 984
211 154
287 292
210 311
322 454
787 570
589 448
328 244
706 858
628 208
645 844
180 54
176 855
736 196
351 738
515 583
593 921
124 981
979 120
157 421
482 860
71 589
579 100
60 643
796 103
851 321
836 844
422 353
275 107
635 924
374 522
447 573
338 275
260 778
610 887
646 738
479 909
627 841
664 994
320 830
503 61
145 299
492 189
815 655
978 41
870 792
830 835
238 320
736 610
847 304
174 499
319 854
911 803
60 553
632 19
999 573
76 961
227 802
191 475
898 51
880 24
352 665
232 15
310 341
310 358
971 670
142 448
808 520
422 808
577 217
231 787
308 57
936 621
369 588
976 309
960 482
70 816
760 478
462 352
923 435
36 305
11 519
291 210
436 511
700 323
181 541
298 752
706 40
170 445
131 263
167 332
767 936
12 274
132 240
96 726
59 740
306 39
967 711
745 406
562 868
446 685
324 232
712 216
880 957
463 478
396 534
633 893
590 725
645 212
250 442
88 666
163 253
928 216
534 693
224 27
443 426
935 351
576 925
884 2
706 737
539 918
484 770
616 710
369 166
470 680
332 295
460 775
440 33
10 828
398 667
271 960
787 518
408 411
580 416
241 899
130 784
370 54
917 174
351 618
182 90
843 718
283 851
248 693
793 145
272 648
893 640
264 296
603 844
677 344
213 506
146 367
537 499
202 408
567 101
13 151
338 689
693 528
248 299
632 402
627 190
748 223
783 696
645 37
712 955
613 163
973 500
779 583
563 493
66 821
244 903
592 274
721 321
896 122
355 560
957 458
880 196
822 839
30 769
106 544
991 420
744 161
697 269
830 704
259 979
250 318
624 411
228 214
791 894
711 389
420 886
139 473
289 427
315 668
842 216
91 466
775 411
811 312
268 399
747 413
713 3
263 801
834 794
622 441
14 452
14 10
115 532
501 331
314 845
502 279
152 844
954 774
587 923
819 642
210 84
645 260
73 573
739 43
721 884
286 414
247 570
310 599
208 712
801 150
183 789
163 634
731 185
89 311
779 30
67 284
85 200
459 842
78 698
996 257
817 895
41 547
186 55
97 160
960 756
383 861
384 91
949 666
409 337
272 496
236 64
452 585
399 505
614 335
817 665
887 619
421 399
784 900
168 924
106 670
100 217
937 716
320 777
324 971
482 850
565 601
597 844
705 663
274 920
227 56
625 468
338 902
619 743
966 612
240 453
358 832
439 884
268 149
809 709
725 560
127 933
349 819
427 949
369 176
15 970
919 959
176 160
659 89
190 368
899 541
664 843
71 474
505 44
981 59
623 319
844 375
203 181
937 24
52 785
537 123
193 59
297 710
533 682
445 887
981 546
927 24
303 494
590 850
889 331
430 214
154 564
574 754
812 596
965 221
356 914
632 128
716 916
867 89
225 730
359 358
5 442
955 664
728 976
688 71
53 597
366 328
716 912
569 602
646 914
79 49
849 255
373 115
477 251
477 472
41 983
617 856
797 60
979 385
384 210
954 136
619 50
659 524
409 579
982 717
635 146
126 525
853 896
956 321
564 818
379 983
770 177
996 344
610 425
114 300
185 403
510 717
938 979
36 19
110 60
616 455
662 935
440 352
907 116
334 580
383 234
233 0
532 654
95 529
913 22
796 631
50 847
982 253
630 360
474 124
465 479
796 875
865 553
906 880
20 129
510 201
783 534
69 326
964 70
195 513
740 424
842 878
44 52
830 13
420 540
265 934
993 301
258 963
610 272
482 68
957 831
219 887
992 347
517 389
291 690
390 499
185 183
556 734
328 404
933 793
979 301
823 399
589 972
645 313
498 708
564 984
776 500
106 258
797 262
506 815
455 481
971 974
816 837
278 44
517 66
586 143
145 468
312 661
292 978
766 665
117 892
737 502
525 728
866 898
125 706
539 878
894 610
83 808
9 365
579 7
128 745
148 422
499 348
571 569
528 349
611 449
263 600
74 715
570 481
863 607
121 339
650 171
143 535
111 396
632 213
357 485
623 189
753 918
549 519
765 85
635 988
863 164
593 784
226 751
849 238
689 852
190 839
409 881
933 446
280 967
991 338
150 237
697 667
405 336
742 850
557 609
699 962
532 999
820 451
299 934
693 344
720 740
517 551
840 497
462 641
163 937
977 795
721 906
764 498
793 351
17 750
920 430
647 791
382 558
529 876
609 782
306 343
950 880
264 83
881 946
918 112
19 390
49 153
91 989
102 319
13 668
788 67
915 186
881 950
160 935
419 48
33 476
543 275
940 598
916 442
654 711
972 697
216 515
557 461
461 99
838 36
895 467
381 890
380 195
906 686
807 372
321 753
914 963
514 809
330 257
772 233
188 265
879 545
872 675
119 985
846 634
292 548
218 63
264 894
692 654
595 847
843 252
497 573
645 207
484 117
449 822
763 529
861 381
607 457
514 886
165 422
939 91
436 938
576 3
213 953
320 904
752 209
272 4
488 961
444 842
188 291
912 793
330 314
663 562
723 251
842 181
146 510
90 974
786 260
443 44
170 60
598 837
600 492
223 420
545 528
162 557
188 771
997 688
114 589
296 216
859 310
809 267
847 768
369 516
38 66
923 940
970 835
350 222
556 463
776 672
754 267
303 262
804 596
332 437
303 665
460 56
218 875
862 135
343 845
856 550
103 139
721 423
407 538
258 121
564 362
87 43
472 125
977 385
943 639
128 77
846 125
482 693
104 538
416 684
717 185
419 675
309 415
658 241
499 142
588 71
816 996
796 854
313 440
122 780
591 813
515 577
874 389
763 155
196 433
338 171
668 748
907 9
98 862
29 498
373 951
922 998
69 691
329 707
631 213
541 904
942 975
737 272
26 516
324 938
135 528
439 602
605 882
742 131
574 779
909 132
8 503
467 189
632 472
926 89
55 602
25 976
123 622
507 414
736 314
674 843
164 729
322 201
504 287
640 479
392 274
357 416
935 198
53682 -1 -1 16786 -1 -1 -1 -1 58792 -1 -1 -1 -1 -1 -1 -1 -1 -1 -1 -1 -1 -1 -1 53419 -1 -1 -1 -1 -1 -1 -1 -1 -1 -1 -1 -1 -1 -1 -1 -1 190 -1 20895 -1 -1 -1 27774 -1 64643 -1 -1 -1 -1 12799 -1 -1 -1 -1 37114 -1 -1 -1 -1 -1 -1 -1 1637 -1 -1 -1 -1 -1 55110 -1 -1 -1 50097 -1 -1 -1 -1 -1 -1 -1 35534 -1 -1 -1 -1 -1 -1 -1 -1 34397 -1 -1 -1 -1 -1 -1 -1 -1 -1 44637 38001 -1 -1 42878 -1 -1 -1 -1 -1 -1 -1 -1 -1 -1 -1 -1 -1 -1 -1 -1 -1 -1 -1 64342 -1 -1 52469 -1 -1 -1 -1 -1 -1 -1 -1 26435 -1 -1 -1 -1 -1 -1 -1 -1 -1 60592 -1 30132 32826 -1 -1 50036 -1 -1 -1 -1 -1 10835 -1 948 -1 46838 -1 -1 -1 48797 -1 -1 -1 -1 -1 -1 -1 -1 2999 -1 -1 -1 5352 -1 -1 -1 -1 27240 36275 -1 -1 -1 -1 -1 -1 53583 -1 -1 -1 -1 -1 52 -1 22857 -1 -1 49587 -1 -1 -1 -1 -1 -1 -1 -1 -1 -1 -1 -1 -1 -1 -1 -1 20247 -1 -1 -1 -1 -1 -1 -1 -1 -1 -1 -1 -1 -1 -1 -1 -1 -1 -1 -1 -1 -1 -1 -1 -1 -1 -1 -1 -1 -1 -1 -1 -1 -1 -1 -1 -1 -1 -1 -1 -1 -1 -1 -1 -1 -1 -1 -1 -1 -1 -1 -1 -1 -1 -1 -1 30677 -1 -1 -1 -1 -1 -1 -1 -1 -1 27952 -1 4664 -1 -1 -1 7942 38395 -1 -1 -1 -1 -1 -1 -1 -1 33706 -1 -1 -1 -1 -1 -1 -1 -1 -1 -1 -1 -1 -1 -1 18797 58186 -1 -1 -1 -1 1476 -1 -1 -1 40506 24945 -1 32496 -1 -1 -1 -1 -1 -1 -1 -1 -1 14834 -1 63018 -1 -1 -1 51604 -1 -1 -1 -1 -1 -1 -1 -1 -1 10299 -1 -1 -1 -1 -1 -1 -1 60632 31737 -1 -1 -1 -1 -1 -1 33087 -1 39416 -1 -1 -1 12347 -1 -1 -1 31708 -1 -1 -1 11768 -1 57269 -1 -1 -1 -1 -1 -1 -1 -1 1276 28477 50753 -1 4938 10138 53324 -1 -1 -1 47414 13233 -1 -1 -1 -1 -1 -1 -1 -1 -1 -1 -1 -1 62608 -1 32947 -1 9332 -1 -1 -1 -1 19888 -1 -1 -1 -1 -1 27239 -1 -1 -1 -1 -1 -1 -1 -1 -1 -1 -1 -1 -1 -1 11689 -1 -1 -1 -1 -1 9555 8741 -1 -1 -1 -1 -1 -1 -1 -1 -1 6227 -1 -1 57758 -1 -1 -1 44012 -1 -1 -1 -1 -1 -1 -1 -1 -1 -1 -1 -1 -1 -1 -1 -1 -1 25375 34156 52482 -1 -1 -1 -1 -1 -1 26728 -1 -1 -1 -1 39935 -1 -1 -1 -1 45301 -1 -1 33754 26367 -1 -1 -1 -1 -1 -1 43862 11918 19761 -1 -1 46049 -1 -1 -1 -1 -1 -1 -1 -1 -1 -1 -1 -1 -1 -1 -1 -1 -1 -1 -1 -1 -1 -1 -1 729 -1 -1 -1 62476 -1 -1 -1 19532 -1 -1 -1 -1 -1 -1 -1 -1 12313 -1 -1 -1 -1 -1 -1 -1 -1 -1 -1 -1 -1 -1 13728 -1 -1 -1 -1 -1 -1 -1 -1 -1 -1 -1 -1 -1 40918 -1 -1 -1 -1 32121 31828 -1 -1 -1 -1 -1 28173 36917 -1 -1 27535 10552 35987 -1 -1 -1 -1 -1 8877 -1 -1 -1 -1 2653 -1 -1 44401 -1 -1 -1 -1 61539 -1 -1 -1 -1 -1 -1 28886 51363 -1 64893 -1 -1 38252 -1 -1 -1 -1 -1 -1 -1 -1 -1 -1 -1 -1 61101 -1 -1 64548 -1 -1 -1 -1 -1 -1 -1 -1 -1 -1 51329 4707 63968 -1 -1 -1 -1 -1 -1 -1 -1 -1 -1 -1 51507 39971 -1 6816 -1 -1 -1 -1 7876 -1 -1 14131 -1 61403 -1 -1 -1 -1 -1 -1 -1 -1 -1 -1 -1 -1 -1 -1 -1 -1 23060 -1 -1 41695 32849 -1 -1 48840 40746 24864 -1 -1 -1 58214 49509 -1 -1 -1 -1 -1 -1 -1 35140 -1 -1 -1 -1 -1 -1 -1 -1 -1 9804 -1 -1 -1 -1 -1 -1 -1 -1 -1 -1 -1 -1 -1 53837 -1 47660 -1 -1 43963 -1 -1 -1 -1 -1 -1 36251 -1 -1 -1 -1 -1 373 -1 -1 -1 -1 34043 -1 -1 33761 -1 -1 28372 -1 -1 -1 -1 48976 786 -1 -1 35734 -1 -1 -1 -1 -1 -1 10366 -1 10876 -1 -1 -1 -1 -1 -1 23327 -1 -1 -1 -1 -1 -1 -1 17145 -1 -1 -1 40964 -1 1964 -1 35966 -1 -1 28925 43905 -1 43004 63752 -1 -1 -1 62048 -1 -1 -1 -1 -1 54137 -1 -1 -1 -1 7949 1501 -1 -1 -1 -1 -1 -1 -1 -1 -1 -1 -1 -1 -1 -1 -1 -1 -1 -1 -1 -1 25464 56841 -1 -1 -1 23588 -1 64911 14480 -1 -1 -1 -1 -1 -1 -1 -1 -1 13647 -1 -1 -1 -1 54512 -1 -1 -1 -1 -1 50911 -1 33544 49245 -1 -1 -1 -1 -1 -1 -1 -1 59217 -1 38066 -1 44265 50928 42850 -1 -1 -1 59937 -1 51092 -1 -1 -1 -1 -1 -1 -1 16940 -1 -1 -1 -1 -1 25266 -1 46931 51542 19276 -1 -1 -1 -1 -1 -1 18382 -1 12813 3505 -1 -1 -1 -1 -1 -1 -1 -1 -1 -1 -1 -1 -1 4392 -1 -1 -1 -1 -1 -1 -1 -1 -1 -1 -1 7997 -1 -1 -1 22570 -1 -1 -1 -1 47047 -1 -1
1
0 178 3 273 14
