1000 5000
962 500
752 468
906 581
201 971
442 318
612 84
65 151
685 428
719 701
879 748
883 17
597 578
954 871
346 854
612 490
409 158
357 646
348 296
73 380
465 702
925 669
920 387
851 478
770 975
485 312
139 885
231 853
941 609
787 937
77 750
207 835
72 983
62 101
213 850
519 821
551 50
278 709
932 345
222 581
988 58
837 149
78 573
873 939
980 155
583 623
237 183
241 273
491 766
270 985
149 916
803 576
339 939
186 628
476 370
387 854
548 865
825 480
388 572
760 537
656 277
748 148
935 916
408 148
119 206
354 52
820 920
558 349
501 544
708 991
674 58
417 710
89 551
814 172
102 860
249 5
506 752
154 593
847 139
236 484
960 948
681 557
494 601
607 704
350 495
772 155
417 954
310 353
211 450
512 482
967 347
430 222
255 535
994 104
115 171
52 181
813 931
898 669
314 397
655 815
960 763
441 727
74 841
941 511
32 685
35 404
363 415
369 168
257 293
749 367
187 586
617 386
22 103
552 307
305 493
240 318
151 896
27 111
997 556
276 249
243 553
984 526
149 793
823 860
210 451
174 356
699 903
456 665
502 608
253 883
37 239
285 224
13 50
293 408
261 610
897 940
749 15
892 313
962 232
475 547
628 77
697 994
28 167
45 969
494 595
629 473
577 472
225 53
788 169
612 695
956 992
817 406
843 404
725 435
644 993
343 348
74 429
399 380
691 335
452 691
477 125
804 487
992 504
317 217
974 766
253 424
33 323
184 762
714 679
513 41
885 556
558 915
296 944
497 536
287 416
337 868
753 374
871 160
494 761
723 984
483 562
640 996
347 580
225 330
230 379
334 664
423 254
712 535
260 724
199 44
969 489
277 264
916 639
371 219
842 25
473 225
590 917
582 576
655 550
137 179
112 331
598 107
242 454
151 537
88 591
391 141
245 70
351 684
717 685
399 634
313 368
8 172
793 377
159 867
551 651
455 523
756 59
108 215
731 101
163 343
189 2
639 442
295 874
925 907
858 50
827 340
206 985
498 846
556 467
550 671
679 851
974 657
69 435
58 914
582 362
198 666
231 814
331 842
222 44
152 791
317 896
883 429
15 130
1 160
309 241
819 290
72 100
589 717
230 463
389 856
521 14
863 300
487 314
488 238
439 650
779 713
776 759
304 391
719 265
165 468
890 625
255 152
524 967
63 981
957 638
345 841
410 512
332 347
643 672
862 43
50 394
72 821
739 275
380 535
276 642
877 373
336 56
690 796
641 8
586 33
633 540
177 322
745 493
202 615
646 271
597 65
589 777
271 518
637 189
713 565
213 725
238 642
171 239
246 829
639 601
208 437
301 144
4 952
176 271
994 918
735 353
592 461
920 877
756 585
959 587
724 287
468 622
28 379
969 360
235 657
945 265
414 905
37 118
208 653
214 911
756 676
319 589
130 606
863 240
544 95
996 204
821 318
537 540
658 181
410 716
205 34
220 773
114 49
604 218
146 134
332 756
89 285
251 190
852 308
429 857
539 294
384 861
856 657
704 397
520 839
836 314
947 418
246 170
998 940
543 374
444 625
909 224
781 958
653 649
602 134
169 761
871 227
775 787
794 889
409 868
800 63
518 903
302 972
389 647
323 991
20 781
282 505
996 4
784 463
629 585
476 519
884 532
131 86
281 784
796 91
762 248
842 841
14 811
286 829
287 163
145 628
322 277
115 699
577 765
296 896
197 166
789 705
607 64
268 771
619 3
952 737
596 401
496 348
869 289
209 620
648 526
298 863
957 952
885 855
449 487
310 825
891 293
417 202
322 429
327 277
147 645
200 259
786 830
540 782
751 991
554 425
726 854
914 260
196 382
796 584
980 230
996 660
805 223
81 658
197 171
981 505
372 737
286 831
380 271
96 306
568 20
112 570
527 377
171 602
717 595
841 878
190 92
786 452
849 995
438 471
729 111
570 162
101 838
420 630
515 584
854 647
196 366
646 582
694 824
116 385
569 828
91 920
514 597
595 1
31 513
820 644
610 306
875 42
582 243
3 74
890 650
272 89
196 15
428 559
170 164
847 375
504 155
234 239
684 871
14 381
272 188
173 554
959 957
840 156
248 293
623 25
960 973
920 414
436 326
576 372
461 358
998 539
827 981
387 562
886 644
216 182
190 16
804 905
825 354
135 639
823 989
41 68
346 598
242 919
589 16
984 332
827 217
765 958
106 324
629 317
854 646
989 906
811 37
375 137
920 154
786 529
869 636
344 838
848 600
236 106
302 602
476 731
131 273
589 569
573 347
93 124
591 478
712 220
76 692
631 666
695 428
700 109
648 464
929 430
75 705
198 928
702 589
924 887
160 60
419 709
820 992
243 848
362 29
433 211
431 802
794 42
334 818
764 658
600 754
368 345
459 35
229 55
695 698
512 570
809 851
640 371
906 688
79 944
690 0
96 254
655 909
959 64
567 94
364 98
782 162
795 500
61 157
981 510
835 581
686 242
80 454
546 65
760 697
903 133
250 339
693 868
186 959
446 1
751 937
995 599
80 620
97 898
259 256
899 286
385 557
833 460
441 620
969 816
408 778
232 784
916 621
492 551
403 939
133 207
868 453
821 334
271 822
945 994
641 469
52 367
596 437
135 561
473 779
930 595
765 508
573 764
8 592
118 414
818 153
113 678
434 99
444 150
49 4
28 183
641 122
273 757
991 427
475 563
264 695
122 603
793 642
216 343
113 4
196 283
634 890
149 881
215 576
874 776
349 594
191 831
778 234
8 885
69 822
982 294
783 267
872 403
312 640
8 258
599 537
27 951
111 783
762 91
880 929
221 312
643 396
96 321
928 969
219 82
769 674
613 752
76 628
233 984
947 722
330 370
422 959
243 130
467 610
660 408
852 125
853 305
125 771
371 455
829 608
67 393
988 279
385 711
894 1
284 410
249 627
146 629
257 881
215 304
272 593
201 965
844 285
719 622
677 660
598 357
468 126
438 855
682 244
199 325
213 306
481 646
379 152
864 206
630 134
101 874
425 312
221 177
972 172
481 861
172 452
543 953
396 751
122 741
729 95
607 531
691 620
51 270
781 166
315 321
978 954
382 386
194 642
388 635
304 755
753 278
858 16
665 718
979 839
111 715
634 273
10 194
466 493
597 688
779 514
519 947
135 986
373 253
178 677
874 587
154 699
243 171
355 473
775 932
689 656
545 550
248 864
192 752
578 793
468 800
900 162
826 966
166 844
176 960
436 579
299 127
697 1
137 26
182 364
269 516
130 628
966 923
517 951
528 507
8 70
112 211
842 537
567 469
673 902
613 647
943 462
321 87
266 203
55 287
111 773
677 104
809 105
704 239
592 559
226 914
521 75
493 502
842 172
316 168
828 414
148 410
909 249
551 530
113 526
92 920
545 70
5 802
441 211
281 546
68 787
796 4
634 298
877 131
242 746
451 175
496 8
662 130
489 26
872 22
865 985
786 93
917 339
771 120
917 114
164 431
428 438
710 109
873 378
9 115
495 900
359 758
204 582
247 310
178 654
245 35
198 165
510 658
387 63
828 384
794 813
966 362
390 647
602 904
123 118
850 360
39 294
355 468
499 87
372 202
963 80
553 413
611 175
313 385
863 708
166 755
858 718
684 674
348 652
21 925
174 541
790 414
301 196
280 951
837 969
782 206
910 567
852 725
619 221
266 931
109 773
74 327
302 359
791 948
686 551
944 375
356 897
938 209
539 19
129 172
924 982
699 864
264 471
505 163
714 905
827 292
298 473
362 866
121 81
855 23
32 697
949 154
856 533
312 534
327 484
362 554
963 859
457 352
636 829
588 767
727 749
133 460
476 23
676 691
18 774
998 84
601 98
976 438
213 904
3 863
869 140
455 863
164 511
771 347
69 360
938 616
81 263
614 100
730 164
612 752
434 385
677 785
827 63
9 531
844 394
729 374
384 328
348 673
227 907
400 391
952 829
358 290
481 692
537 647
852 393
717 157
812 455
623 953
455 683
707 472
99 476
260 958
609 216
622 207
990 313
623 255
230 413
925 471
118 854
644 894
686 618
19 190
930 819
934 811
104 193
339 669
63 796
661 819
407 605
843 861
643 181
528 686
750 704
94 884
725 921
34 357
516 801
921 975
551 952
739 46
985 147
80 8
172 995
808 685
581 322
555 169
487 43
432 278
315 389
280 233
800 896
981 582
310 32
928 756
882 64
145 936
372 963
880 468
32 422
546 155
233 870
815 342
341 186
700 287
163 784
92 463
725 942
41 675
763 773
186 76
465 725
175 706
445 677
32 255
134 228
679 982
434 173
160 703
916 82
517 626
16 336
380 816
592 257
221 409
397 667
687 430
275 829
823 654
481 534
510 160
186 420
771 460
233 560
582 880
498 436
845 993
730 494
227 37
255 92
671 93
848 519
80 505
807 993
842 971
806 952
151 932
395 559
9 596
958 768
860 113
340 697
541 941
522 196
211 413
928 251
262 596
99 725
182 130
408 631
935 798
230 497
983 997
647 186
567 246
587 453
105 589
449 179
160 722
638 755
17 794
671 899
735 629
584 540
234 69
852 241
602 928
127 556
55 913
144 433
616 549
803 763
927 455
889 243
549 191
217 252
219 544
629 306
233 253
457 958
673 753
389 257
462 192
810 718
531 277
360 273
690 118
932 664
405 939
855 638
966 603
750 695
192 329
172 879
356 265
570 347
497 68
927 733
159 315
566 830
259 776
966 656
342 340
562 443
163 771
695 66
145 267
786 292
350 745
804 624
229 689
997 259
691 408
664 14
489 810
517 311
248 386
714 883
538 19
347 502
781 917
388 423
64 559
962 803
798 231
655 734
256 442
191 104
855 968
110 133
686 95
187 418
944 285
72 207
163 388
116 623
96 894
611 417
120 584
206 840
53 229
779 886
77 242
343 50
159 111
104 726
899 321
37 966
986 87
504 860
447 747
880 26
352 114
190 740
723 7
69 584
564 607
842 130
935 840
22 232
781 273
659 478
101 552
298 586
975 750
141 503
267 318
783 942
920 533
813 301
812 431
550 572
658 964
611 911
445 63
995 724
51 948
832 145
186 266
412 315
506 448
710 426
443 463
183 697
957 410
944 735
966 82
370 34
714 29
999 737
665 817
427 359
336 927
624 287
502 823
334 313
198 778
602 683
482 165
558 451
142 236
195 828
329 93
91 33
379 110
281 873
482 68
319 299
381 572
737 199
800 948
820 510
756 658
130 893
469 573
587 136
548 175
436 856
677 849
427 227
189 417
849 505
161 812
402 991
385 508
34 696
89 318
505 213
669 413
859 608
373 826
704 608
547 13
247 595
147 220
952 645
306 501
745 802
435 933
168 318
249 824
796 820
98 756
741 786
656 472
920 629
83 338
380 689
64 889
134 772
651 130
850 585
182 429
496 938
532 750
512 104
580 54
728 436
923 629
453 570
629 76
894 175
378 237
650 682
154 645
480 568
50 896
975 955
11 76
653 527
532 430
644 390
938 957
683 686
426 191
709 108
473 191
67 899
292 570
154 12
379 325
998 610
34 736
326 542
516 202
684 480
173 68
179 412
18 193
853 920
490 835
561 500
600 492
559 739
745 939
781 494
495 698
221 817
577 193
55 471
798 251
805 772
694 906
685 237
512 383
721 723
773 668
195 173
460 509
906 440
191 65
640 68
209 760
388 484
667 632
231 801
786 621
130 787
333 414
258 281
19 517
282 928
420 149
608 487
217 826
683 866
575 260
977 879
846 122
202 329
435 676
369 391
130 348
771 452
184 735
994 862
567 812
278 857
591 416
479 793
508 412
451 778
916 327
709 64
398 721
46 931
480 511
209 652
705 767
83 504
912 135
142 53
528 193
172 25
786 163
951 535
275 220
766 396
332 816
99 604
785 195
177 625
808 263
656 990
888 891
15 131
170 374
504 389
390 28
150 787
532 133
114 74
649 512
781 794
311 516
642 216
174 279
731 97
256 729
470 698
486 455
23 535
287 635
113 798
525 285
132 472
745 107
550 479
586 962
796 804
984 972
823 368
321 948
2 582
662 537
340 711
421 269
195 873
937 12
713 858
586 774
182 717
262 795
802 227
253 226
108 946
110 516
586 137
580 550
685 435
625 896
228 631
660 954
561 498
703 663
425 274
884 4
992 97
366 820
867 641
290 373
597 249
326 487
268 401
4 848
926 930
293 760
438 586
707 669
948 469
738 256
186 106
6 431
628 44
162 105
393 352
777 478
685 874
716 97
734 382
748 990
282 138
829 21
930 801
311 715
714 259
543 671
26 821
244 597
470 735
640 530
690 367
210 893
45 539
447 595
163 155
901 144
994 788
318 521
938 678
6 479
698 531
344 366
61 77
463 300
342 366
223 38
872 775
523 155
703 478
829 985
953 674
214 91
38 856
724 998
155 513
821 467
176 721
234 988
200 565
271 519
76 85
538 623
345 686
138 60
537 997
828 38
896 404
125 3
502 77
827 328
151 321
444 900
38 739
206 946
853 613
531 733
16 525
588 224
128 653
14 737
9 667
747 356
743 381
157 2
504 940
134 125
498 426
888 537
72 125
640 444
492 305
620 261
864 930
655 857
74 256
193 429
475 623
120 938
168 870
515 569
193 248
258 82
500 405
117 705
936 871
728 594
277 967
254 389
850 793
691 204
784 958
430 905
951 813
870 490
663 50
699 793
476 343
988 411
503 477
788 735
800 345
44 683
437 813
463 459
315 437
269 743
750 761
575 721
635 575
512 784
454 712
749 609
678 283
522 221
947 681
56 276
818 177
18 328
632 499
232 709
665 191
692 920
960 949
385 796
364 984
382 225
804 483
251 12
543 189
522 568
440 862
226 500
354 423
989 937
136 381
245 910
803 619
24 510
872 304
58 112
98 743
62 732
402 993
396 545
218 682
894 235
409 572
412 777
262 624
312 477
203 502
773 82
766 983
157 505
326 799
454 526
490 811
13 807
138 411
401 580
533 227
409 915
411 433
204 290
968 363
85 415
1 754
130 773
437 867
770 321
234 570
71 422
416 465
281 765
689 676
914 379
872 798
473 524
651 522
421 807
658 537
771 845
459 615
482 559
82 658
901 36
472 485
57 782
656 211
912 935
896 397
868 554
741 318
941 992
723 812
628 381
819 268
236 30
563 290
474 707
779 553
607 31
555 564
281 545
477 698
910 921
858 832
759 838
789 918
371 272
815 742
582 354
670 104
138 627
137 445
683 765
356 860
22 808
958 581
788 684
731 698
106 670
813 368
17 787
741 980
38 886
829 501
394 413
63 978
363 709
70 108
733 244
351 723
536 359
819 183
849 934
895 778
956 997
2 576
926 183
953 599
804 768
726 664
648 58
84 623
262 582
360 212
488 884
119 407
44 731
738 789
715 281
550 625
780 821
38 692
390 741
34 519
462 261
42 491
301 475
924 286
657 195
262 613
164 33
948 720
872 819
990 89
892 873
816 278
895 906
645 538
469 805
391 44
579 767
819 179
605 773
431 784
839 672
118 208
42 874
762 212
421 307
271 22
31 53
267 313
71 592
527 505
120 177
237 93
101 498
684 840
478 583
893 830
799 274
791 401
10 416
872 44
669 111
571 525
265 902
221 788
914 791
492 857
722 254
819 831
934 771
687 236
338 630
94 445
176 669
950 202
769 97
226 4
671 450
364 481
301 630
331 154
153 254
836 778
295 93
238 896
229 308
283 117
842 216
647 322
419 82
61 862
858 288
670 656
656 620
757 737
408 271
355 635
39 974
120 394
282 524
970 888
669 32
869 462
933 344
964 461
747 674
228 128
156 640
556 633
870 215
431 485
869 107
302 23
80 800
363 600
257 231
947 572
375 403
867 935
5 997
388 99
97 673
703 854
920 143
566 271
875 710
647 313
204 619
998 802
64 62
671 170
426 71
458 486
33 537
508 595
926 21
76 587
0 368
24 567
189 852
840 727
247 453
864 973
569 145
453 798
229 523
772 220
126 585
595 277
875 631
97 636
736 580
193 463
301 852
187 282
535 489
102 929
84 409
193 794
471 320
224 570
468 562
93 330
405 309
642 542
684 258
577 16
292 981
578 989
800 720
452 906
773 280
172 823
855 649
251 974
996 806
525 640
400 816
869 24
214 508
186 658
698 298
76 633
546 348
63 144
335 30
509 539
658 62
69 658
145 417
510 61
720 717
123 799
794 3
14 156
887 885
786 970
889 395
353 161
468 714
781 717
925 943
319 953
277 666
195 37
742 523
586 664
194 878
298 318
636 211
390 619
293 938
431 65
871 142
49 924
873 165
386 36
166 831
920 574
385 535
786 63
394 18
297 892
978 51
318 175
25 251
51 196
490 360
267 651
600 362
365 822
597 510
287 47
322 856
971 639
36 931
933 376
675 863
976 398
983 746
456 834
740 763
610 159
553 756
885 704
699 884
195 849
1 546
570 233
210 852
985 700
160 504
584 950
897 149
842 660
263 69
459 386
523 94
994 848
596 539
135 492
238 546
535 67
888 269
299 413
936 241
938 443
226 847
487 848
382 246
199 773
986 701
398 650
507 205
76 109
776 231
737 240
141 128
537 913
564 168
812 304
537 706
357 212
134 805
368 390
676 915
455 388
542 431
984 806
329 71
75 954
265 664
611 339
943 983
691 484
243 412
399 376
359 753
932 334
198 910
375 790
6 43
156 86
8 555
688 569
773 361
976 298
899 436
701 372
146 58
944 421
487 660
872 717
41 222
653 832
89 39
876 46
273 921
403 522
124 163
895 233
344 525
342 44
644 814
175 397
147 807
431 305
479 205
891 712
965 399
676 670
243 101
114 660
869 328
273 967
235 846
189 583
362 40
871 863
596 127
966 739
208 869
680 821
519 217
936 269
334 752
772 935
399 966
207 159
792 79
19 825
808 963
607 344
894 521
497 650
482 287
45 423
358 533
74 44
586 336
330 435
122 774
829 492
590 523
143 799
377 374
447 75
364 904
32 721
258 308
181 547
622 202
295 311
604 645
423 569
281 854
528 57
52 498
652 632
425 812
120 53
530 192
352 661
537 100
111 96
878 24
954 17
293 30
537 512
589 50
452 888
311 891
823 811
35 853
934 865
992 755
258 627
522 164
903 952
590 876
942 257
513 242
128 976
263 472
619 161
149 288
869 547
930 949
778 976
334 623
122 933
702 772
914 420
162 742
703 892
29 435
81 565
545 715
941 733
172 720
730 58
163 317
826 626
946 845
564 688
352 346
799 453
512 731
207 16
679 403
280 595
930 146
318 455
995 555
227 451
987 959
503 827
1 149
730 634
970 874
280 485
393 11
500 212
221 85
724 317
33 88
476 111
164 751
847 239
760 109
641 846
821 395
783 68
958 654
697 369
7 248
140 959
10 246
834 120
393 370
607 183
487 878
159 454
515 835
940 139
458 971
486 544
451 561
580 619
354 220
435 370
36 703
388 374
751 859
996 569
786 524
91 252
785 282
170 771
567 802
548 620
450 594
323 92
361 87
120 554
489 718
131 787
339 27
750 982
964 730
149 633
189 245
123 367
888 315
877 10
917 204
350 655
896 197
945 962
537 551
808 651
316 51
872 974
350 780
42 557
368 411
453 662
719 386
974 799
588 477
76 189
620 200
601 672
355 242
358 948
110 279
349 825
243 726
646 230
721 296
839 301
654 211
371 922
360 353
433 207
89 487
783 809
237 697
383 904
572 324
531 560
659 268
186 322
914 335
157 123
75 576
927 731
197 544
255 80
109 848
387 571
633 926
208 61
582 314
52 641
797 346
512 133
510 628
551 113
848 161
622 194
880 414
318 138
903 164
404 686
256 121
754 419
139 174
108 142
911 645
891 884
367 697
856 384
258 444
374 812
910 449
945 540
846 247
393 518
47 112
876 383
364 76
814 613
893 836
117 398
374 393
23 165
122 502
99 203
93 621
30 221
142 4
187 728
362 87
548 686
5 464
27 989
426 293
348 134
250 886
957 385
364 528
61 726
737 266
768 941
975 347
819 76
881 321
569 370
250 920
852 230
290 37
670 107
799 461
481 206
596 719
457 808
184 395
564 712
691 727
563 809
769 892
807 638
405 625
371 586
801 394
226 687
538 416
21 409
156 31
178 743
215 201
996 320
84 645
992 84
951 502
748 707
137 196
585 461
749 994
156 84
88 397
793 547
326 1
528 731
530 158
26 251
909 266
529 975
246 287
31 559
218 640
860 32
719 764
287 407
537 784
448 58
192 133
780 412
773 842
713 780
674 14
348 927
581 257
114 994
636 744
766 460
212 347
971 293
879 274
554 912
381 787
476 910
933 441
595 505
711 396
140 109
268 189
865 492
545 720
575 740
899 972
661 161
357 319
51 171
537 121
918 454
246 773
360 974
899 768
730 678
820 628
13 134
192 492
69 251
133 132
613 20
364 472
184 859
367 707
691 223
890 306
532 868
255 840
891 206
519 325
301 710
557 55
866 891
41 174
151 128
693 719
738 180
551 184
839 634
900 386
108 134
190 839
350 784
847 201
554 414
898 740
357 268
847 942
420 809
997 741
929 438
185 491
759 950
611 615
207 798
575 48
956 198
593 763
912 843
606 906
854 578
452 862
288 100
665 292
694 923
977 923
423 788
866 569
375 295
614 291
142 41
362 869
383 815
426 138
206 300
854 628
426 575
80 263
879 404
211 533
284 254
796 478
536 380
167 68
543 528
982 624
304 535
836 826
766 732
545 694
486 765
61 324
961 654
966 542
408 285
449 476
172 685
471 192
243 542
24 618
704 688
501 606
5 940
17 583
971 188
302 95
131 882
315 876
564 343
705 822
52 686
395 133
200 76
666 205
887 724
458 741
303 865
352 559
667 430
231 707
788 473
914 741
208 868
162 911
35 711
979 847
218 418
855 996
340 574
612 216
178 693
514 233
119 490
187 644
155 171
312 729
94 417
714 639
752 944
211 893
636 573
78 389
692 487
61 590
985 168
154 689
853 760
237 593
362 61
734 311
946 12
689 805
556 514
660 696
634 123
718 974
539 639
333 513
355 524
647 584
101 621
417 314
690 700
711 58
40 980
807 666
465 96
168 672
0 10
35 868
49 567
492 606
315 936
46 903
411 85
326 111
911 114
190 865
13 147
92 470
125 346
583 167
978 766
690 911
419 444
454 307
249 741
195 566
214 925
490 892
686 815
736 650
837 781
744 548
398 81
332 843
65 910
29 956
235 40
566 7
304 515
117 811
0 751
171 663
103 824
888 648
683 17
674 263
950 511
63 34
901 308
868 467
628 118
536 943
303 523
601 401
540 140
78 485
304 999
846 459
793 769
582 699
153 974
289 410
555 145
597 3
755 933
62 267
878 251
33 353
837 459
162 936
69 361
444 995
417 537
768 755
535 298
54 643
425 806
776 461
989 715
332 718
736 490
569 835
45 159
650 288
666 359
171 120
560 886
365 351
652 696
207 71
602 498
812 193
757 895
372 713
793 364
635 605
738 173
0 509
291 492
29 779
461 253
764 42
811 385
586 34
168 799
507 697
420 266
140 201
564 922
662 343
320 400
79 389
894 173
683 562
153 689
768 404
433 241
622 74
445 738
328 843
715 518
77 807
132 894
935 973
510 786
895 7
621 78
98 691
131 546
728 529
324 523
593 423
334 329
816 280
771 953
824 386
996 503
745 664
637 175
113 283
671 761
549 273
507 285
338 703
167 600
259 973
725 680
143 201
849 958
470 348
519 341
419 603
477 775
158 793
219 596
200 856
943 663
664 979
744 231
963 561
430 267
317 526
896 37
294 805
53 488
703 816
374 69
192 317
339 495
717 66
252 461
164 545
46 853
537 188
619 621
244 160
695 770
588 269
939 388
113 772
379 902
146 907
929 351
964 405
957 793
762 94
348 622
50 937
152 967
254 260
127 476
235 950
761 427
620 467
475 91
743 678
536 570
580 908
166 128
885 271
458 511
38 825
313 301
994 126
291 38
214 874
440 563
920 431
600 474
7 730
113 793
897 292
45 138
925 952
570 767
179 472
905 251
667 727
503 528
617 3
605 675
710 887
864 364
119 898
27 254
660 168
153 158
79 665
219 697
529 178
31 446
53 287
821 856
955 999
945 236
732 761
128 355
81 619
400 895
162 897
50 103
992 179
823 535
54 801
560 457
11 709
463 846
603 160
633 810
553 430
139 956
559 189
813 123
474 564
911 860
842 647
69 819
405 170
385 548
953 986
684 631
813 873
960 268
996 28
508 916
999 583
462 985
150 963
70 828
661 105
407 644
712 174
588 795
171 992
164 40
203 163
143 250
673 354
342 842
633 897
484 113
160 26
292 666
530 733
229 163
736 125
581 169
762 506
748 912
172 745
385 504
550 330
917 162
440 477
20 796
503 934
501 607
407 804
291 177
668 471
164 357
355 752
452 844
110 162
917 734
189 733
193 132
167 985
226 346
999 942
294 842
762 32
975 935
489 638
694 250
345 340
716 142
617 525
977 205
313 401
406 409
801 299
595 543
936 465
189 878
600 556
922 445
591 149
56 827
685 686
319 320
456 962
46 615
24 348
328 715
874 684
407 271
910 987
890 232
772 744
787 56
835 90
581 342
240 275
159 679
6 272
658 616
503 577
602 724
513 920
958 80
948 746
257 959
473 764
262 464
847 403
335 297
142 524
316 197
156 658
766 8
40 102
596 379
369 87
89 626
360 607
885 710
853 106
167 330
716 736
344 370
141 483
367 529
762 429
273 545
361 144
197 725
236 755
256 237
99 205
926 278
692 574
340 997
513 158
839 286
514 88
982 868
12 103
98 4
352 164
125 104
310 952
740 424
577 316
515 862
543 523
889 783
565 258
840 850
205 571
422 49
296 180
161 815
722 918
397 806
639 495
0 661
999 761
515 776
643 184
885 416
946 143
861 959
361 324
484 252
622 24
788 589
804 821
270 163
129 748
839 578
797 80
803 467
909 803
299 15
675 443
233 872
63 432
13 210
383 526
228 899
897 399
625 399
257 684
325 241
566 824
428 625
231 432
994 301
642 322
984 849
758 535
190 557
108 507
707 425
457 828
124 178
821 218
357 992
554 978
552 436
174 378
9 30
716 653
976 682
44 999
18 216
433 157
846 132
935 386
379 513
643 263
135 566
274 834
491 895
179 784
923 377
70 872
291 215
78 532
133 768
435 145
48 563
305 38
926 486
429 595
611 553
893 651
401 443
85 229
60 92
83 430
973 394
359 777
514 269
904 896
742 18
872 905
474 249
221 857
459 618
473 63
31 997
368 600
678 864
534 988
624 862
2 751
180 668
916 108
859 796
355 80
639 615
13 419
797 750
496 274
433 223
220 663
639 937
26 271
586 425
245 531
876 109
741 2
399 591
237 897
858 999
221 368
265 978
327 319
660 656
750 948
247 793
386 639
276 110
721 433
743 63
23 972
193 98
726 583
696 399
154 734
206 722
850 928
850 651
755 868
128 280
200 106
187 190
113 286
944 243
267 831
795 122
469 43
77 681
689 434
790 647
567 67
393 380
463 410
501 458
401 519
229 941
66 644
24 919
413 177
56 743
501 911
580 633
525 774
389 945
83 996
535 756
121 492
857 589
557 962
728 643
293 148
291 152
440 670
543 217
268 82
628 216
898 904
862 864
963 922
783 789
891 195
937 211
601 113
815 549
812 140
97 393
594 104
679 342
676 549
966 36
961 998
691 528
428 505
515 553
279 107
895 716
527 732
788 856
473 51
51 365
218 87
2 394
648 661
503 463
693 344
287 319
922 66
636 715
443 626
729 635
366 905
860 753
830 437
952 215
577 427
780 344
362 693
473 125
315 192
673 100
124 956
606 848
55 874
690 975
638 296
275 940
331 354
569 843
654 167
79 705
333 461
534 620
541 625
362 824
32 934
470 612
407 147
742 377
449 234
363 875
928 294
254 351
906 742
654 376
862 110
319 877
730 264
958 696
835 409
40 948
218 695
99 789
934 196
740 613
642 562
231 753
929 957
977 478
926 292
436 502
808 282
680 245
511 81
806 652
942 509
817 939
527 928
278 255
434 960
254 263
956 890
330 185
440 659
967 502
618 86
488 830
422 822
284 653
528 33
961 873
288 472
949 699
97 689
869 434
574 580
526 9
204 910
927 992
479 149
993 564
273 1
673 272
644 825
105 185
158 585
450 405
903 209
98 603
158 880
503 711
336 171
647 966
437 943
396 949
901 656
247 470
473 27
255 809
374 517
5 259
132 288
491 773
933 173
826 787
303 371
622 6
466 89
212 924
875 689
826 387
428 146
762 885
425 394
281 182
975 428
186 720
625 589
652 643
804 520
637 944
643 446
831 434
782 249
17 691
804 556
892 857
371 570
338 645
702 61
685 180
830 615
664 779
145 230
719 766
933 901
630 99
750 736
425 27
38 100
116 944
979 844
522 647
264 915
232 410
633 653
879 270
513 7
980 27
987 270
625 736
594 321
746 546
817 451
789 852
336 822
898 788
792 654
587 150
608 925
563 829
84 24
855 542
119 510
265 119
45 176
744 538
943 152
525 321
536 402
337 314
493 799
261 154
692 824
323 173
545 308
682 372
280 174
410 712
583 516
653 87
268 818
253 658
823 544
722 379
143 190
924 695
288 523
583 705
935 842
550 209
882 764
49 757
836 575
358 909
679 339
600 307
196 590
415 615
820 719
431 488
806 166
262 14
352 871
801 850
819 438
483 797
884 75
153 529
348 309
554 83
285 59
772 613
50 923
785 499
350 438
260 132
392 265
485 119
523 382
374 249
771 392
423 907
386 620
694 341
241 895
881 758
524 85
132 856
902 311
401 687
690 848
373 584
520 442
793 918
256 610
161 758
200 470
57 644
74 394
434 881
643 415
685 730
440 475
506 985
199 688
460 280
34 171
214 932
236 105
593 992
745 523
800 280
546 795
142 131
110 566
691 550
986 64
146 837
318 184
194 548
572 749
89 431
803 203
734 512
505 413
911 783
411 859
571 429
336 714
701 288
213 513
731 917
359 596
472 589
14 203
568 0
386 120
327 705
845 165
948 997
282 949
56 507
92 629
636 392
82 204
737 960
865 825
582 616
641 468
977 583
650 343
25 732
1 460
68 910
695 925
473 820
140 616
351 529
689 257
587 428
151 524
265 900
371 883
612 529
510 278
583 83
127 67
104 853
516 922
929 64
847 749
420 995
378 84
893 43
758 409
994 177
242 667
551 154
171 405
506 285
720 676
327 622
128 125
991 353
248 430
264 25
227 919
69 901
316 360
699 665
515 255
22 282
590 793
862 387
573 880
419 634
582 727
366 942
717 252
907 204
161 203
503 427
508 44
42 723
883 443
34 400
640 924
680 924
97 53
386 916
242 535
621 13
179 515
938 248
235 133
640 267
638 408
492 206
456 376
232 747
992 771
40 366
412 22
311 79
950 677
12 608
132 581
480 305
517 173
25 58
343 644
235 219
922 569
214 596
139 262
375 973
947 68
996 988
955 429
79 548
677 352
369 740
90 162
661 357
956 709
683 871
211 123
160 870
851 334
343 806
364 855
806 429
869 489
256 430
167 90
540 960
797 752
248 360
136 361
591 537
565 978
827 367
927 240
290 740
139 949
186 925
373 725
77 717
638 724
140 628
228 767
352 80
275 146
200 643
621 233
922 399
343 862
854 653
855 318
485 538
19 901
385 682
87 897
899 331
977 355
637 100
748 699
370 510
303 687
688 518
582 330
489 365
981 60
800 59
427 733
867 419
933 360
159 991
326 859
384 314
631 433
612 63
82 897
141 670
179 913
803 734
407 286
611 183
629 913
364 570
945 27
898 520
252 55
135 915
776 469
6 401
17 715
433 618
874 85
259 494
462 404
514 891
622 209
391 762
617 221
96 922
517 161
823 764
897 169
402 97
419 839
158 404
178 768
413 741
461 169
30 934
293 765
908 362
449 680
198 121
878 832
97 648
709 74
649 711
330 824
693 570
96 478
778 540
60 310
173 869
885 957
709 188
86 39
241 86
642 641
330 87
201 519
780 507
959 27
654 350
77 128
217 219
198 490
353 758
443 965
665 845
491 482
169 107
473 119
479 651
826 720
349 53
913 47
631 562
57 117
999 593
528 108
804 714
275 574
440 342
403 957
97 655
678 491
864 329
715 886
914 204
553 964
471 490
137 638
658 250
464 154
174 822
441 784
453 107
941 382
847 559
466 701
520 285
90 416
393 423
858 210
844 133
569 118
456 948
125 50
233 315
471 160
816 701
147 207
390 678
949 797
484 157
214 218
428 9
251 270
656 905
117 147
373 810
301 707
78 527
658 462
126 284
262 642
160 961
793 717
600 102
321 19
854 630
750 565
385 896
451 130
80 247
36 38
558 949
267 997
52 993
376 248
811 342
183 584
636 290
251 512
391 445
695 385
783 966
483 299
637 695
727 638
419 104
18 966
75 757
142 336
984 880
964 491
636 356
298 737
509 72
547 791
25 350
237 305
899 895
983 928
936 796
843 298
9 318
457 73
738 933
687 807
267 213
901 352
172 330
64 593
901 282
260 552
461 944
806 939
524 761
584 881
137 996
649 74
841 768
175 353
745 199
346 524
434 180
921 370
806 79
755 664
631 243
116 8
3 286
357 535
170 884
323 249
949 513
718 473
615 233
642 636
605 274
106 712
514 731
283 101
172 758
266 444
380 228
192 891
512 794
362 251
148 636
527 558
957 76
50 783
984 208
19 536
207 504
810 728
83 192
450 292
402 87
425 150
547 858
648 726
742 216
773 986
609 284
462 117
887 330
785 31
691 336
138 450
870 748
200 862
396 124
873 22
855 806
882 701
308 226
220 441
671 124
602 168
299 988
631 614
320 385
800 552
192 341
37 6
344 914
777 756
653 461
890 648
927 179
725 382
610 939
85 876
999 77
596 531
883 936
185 295
614 877
529 50
372 606
929 108
559 900
237 647
755 366
979 276
553 944
636 663
51 636
446 648
504 24
488 789
963 584
915 917
529 510
591 370
335 348
188 280
844 191
190 746
627 667
714 297
884 867
955 366
647 560
55 149
613 974
493 185
296 313
800 338
357 214
738 915
255 981
656 85
424 587
637 74
212 417
579 446
72 462
964 490
126 761
551 40
96 921
556 749
464 893
206 439
238 998
709 129
324 300
941 932
58 51
119 576
849 460
126 170
31 657
358 47
187 639
46 190
346 591
157 180
216 488
601 730
104 407
500 132
856 682
205 953
788 364
586 339
351 277
523 282
488 93
731 336
67 51
937 622
812 427
930 979
881 159
34 383
26 44
116 754
514 542
413 103
843 7
461 623
895 3
996 711
654 478
206 35
547 554
131 469
620 38
227 145
972 906
255 440
33 880
422 581
159 844
308 484
187 257
450 94
216 187
339 368
922 61
462 612
475 624
453 159
799 610
918 473
212 822
352 574
327 358
75 96
184 234
604 106
985 321
183 600
770 475
170 550
953 13
730 347
437 693
933 422
61 812
315 112
859 967
713 416
751 772
449 235
778 650
506 690
439 327
162 560
187 166
189 226
231 83
700 750
2 910
460 467
500 142
805 510
455 508
147 622
640 818
15 119
514 930
205 949
171 102
688 601
652 670
326 172
414 633
747 874
794 310
538 646
573 561
465 332
582 524
895 287
654 383
943 609
35 937
91 251
970 513
950 56
17 531
886 380
906 661
489 565
476 565
432 240
785 471
213 664
212 20
0 638
147 708
56 406
476 87
560 243
822 93
375 905
823 866
153 746
67 303
140 454
538 600
921 286
688 639
408 314
474 527
493 482
972 258
952 545
454 626
137 211
936 44
773 469
347 958
119 230
813 694
960 378
29 892
232 876
577 529
190 686
990 857
151 743
367 990
486 405
849 675
616 329
777 960
186 255
317 753
534 628
448 317
41 51
693 896
555 820
939 856
625 540
545 32
971 743
832 458
310 503
369 58
916 419
797 272
262 370
978 296
314 560
26 209
266 571
742 88
47 330
900 491
638 548
809 7
71 969
97 480
68 890
748 488
700 15
993 788
60 380
922 906
565 626
457 365
343 225
192 949
675 961
563 481
281 503
430 845
336 958
956 46
300 813
578 969
504 867
703 784
903 662
83 101
952 101
177 273
874 403
88 141
11 84
355 13
999 139
465 257
785 987
879 997
360 884
894 430
56 32
778 699
296 760
681 649
599 385
795 958
293 322
148 824
672 324
10 562
411 495
295 896
31 283
773 335
941 504
209 170
107 953
690 944
735 892
470 289
170 619
866 46
606 124
613 407
888 967
357 743
478 202
127 595
994 352
286 367
3 71
364 82
859 624
144 213
875 46
561 165
641 619
162 71
170 506
950 247
0 885
784 404
511 59
170 580
270 279
752 917
961 869
408 20
50 543
461 249
49 554
828 436
856 29
254 216
923 10
820 813
225 710
912 208
292 108
464 410
208 394
591 417
68 152
905 938
120 22
40 658
970 298
590 952
995 113
408 489
995 106
76 909
477 764
661 73
682 519
767 60
594 120
570 879
828 347
417 248
84 353
716 90
410 602
391 980
90 912
613 112
7 142
601 457
526 427
256 981
868 769
395 34
356 493
111 240
283 832
518 642
78 273
305 778
401 473
824 810
713 721
991 788
707 906
512 261
314 294
52 577
129 289
165 234
146 518
894 650
710 410
627 178
625 564
101 461
916 544
580 531
295 302
801 11
825 269
949 525
885 677
199 625
722 212
467 739
871 689
632 878
868 719
393 111
252 637
192 398
520 552
208 50
739 703
22 463
640 729
488 15
156 748
998 589
551 491
944 893
926 412
644 16
0 764
986 142
198 163
229 932
511 176
100 558
267 999
539 7
903 779
970 515
367 469
458 204
262 972
633 357
796 13
972 802
316 609
630 727
301 872
99 93
654 177
839 867
867 249
726 888
789 35
772 928
529 705
493 18
404 618
772 71
57 366
14 818
514 373
4 440
973 22
45 933
764 699
245 359
135 596
717 598
889 635
96 567
516 351
978 790
15 9
681 692
923 816
736 764
891 401
514 620
453 323
696 97
34 721
19 313
496 951
786 373
459 154
410 902
999 15
792 316
341 531
565 260
861 879
400 617
486 963
743 383
228 925
482 344
33 56
131 99
336 829
29 466
772 655
955 108
468 6
66 422
670 64
907 644
552 870
759 518
576 804
56 188
423 623
272 727
7 774
884 115
963 645
25 681
12 360
272 960
903 82
372 586
961 244
498 745
183 647
673 542
249 865
97 73
25 270
226 866
364 936
662 294
658 471
98 984
602 516
819 161
565 281
595 862
940 873
150 122
135 477
419 893
888 663
318 249
623 940
111 411
303 176
425 170
782 148
546 455
972 829
998 832
389 454
86 34
678 130
106 21
964 551
7 461
254 566
191 437
504 606
385 720
907 991
185 499
995 904
745 108
256 598
54 720
986 333
466 862
758 262
6 490
703 70
546 202
898 874
853 82
826 637
811 128
439 912
452 848
125 639
278 140
106 386
140 953
550 233
560 814
863 943
379 635
109 868
351 210
246 618
88 851
856 438
258 557
116 84
782 558
909 309
24 62
253 401
433 892
193 125
146 846
256 464
49 288
153 953
136 684
849 668
807 356
484 8
687 982
924 584
891 640
891 58
592 918
251 694
611 558
160 54
682 482
937 57
362 741
667 820
807 488
363 962
671 416
699 784
352 214
583 136
415 773
506 557
812 396
712 777
206 721
642 16
803 260
901 793
604 804
453 48
545 474
51 475
826 48
122 247
551 835
924 90
198 461
612 879
8 651
121 160
847 848
792 575
459 284
736 670
68 393
793 667
343 543
9 633
756 212
212 445
662 870
156 884
385 412
168 863
403 451
318 677
456 798
962 119
46 519
520 538
341 371
566 775
183 828
738 634
476 409
571 463
807 66
547 324
308 853
723 579
120 438
112 722
184 39
234 889
940 8
419 884
887 874
735 160
234 206
698 517
866 870
301 529
298 700
287 660
124 184
64 632
312 134
548 259
343 773
144 507
914 117
270 631
73 361
536 435
864 192
669 447
567 881
946 527
466 272
660 590
735 443
181 131
839 510
181 223
373 210
912 447
306 817
135 864
316 590
138 172
424 840
49 630
20 969
994 516
535 486
219 711
728 815
593 117
39 467
757 482
263 670
110 817
24 900
760 60
253 714
68 442
180 743
543 715
347 802
707 565
485 195
639 104
41 1
167 14
298 220
245 565
617 921
792 217
994 539
746 805
140 677
157 675
392 497
259 840
659 276
992 689
970 645
140 415
481 852
106 442
203 208
717 398
978 838
0 895
348 790
106 507
646 341
238 24
717 267
553 521
250 173
612 398
405 388
90 332
787 5
484 670
927 544
40 286
237 671
773 449
663 114
573 748
135 710
448 72
459 561
288 845
345 563
594 819
611 659
152 734
822 266
244 271
617 742
793 602
684 188
450 505
690 400
964 720
406 467
572 467
415 871
557 981
398 869
641 124
936 625
859 831
642 915
835 168
706 762
376 753
384 466
532 188
658 775
469 444
218 734
22 777
919 753
482 576
103 197
187 965
482 26
203 738
986 995
932 538
216 191
663 760
121 405
489 330
302 615
628 297
48 301
659 446
771 263
175 917
781 342
978 341
190 599
323 220
195 572
65 478
525 692
691 446
504 908
881 499
493 773
884 425
288 0
315 694
867 426
980 993
840 44
459 860
699 610
85 843
804 992
577 707
502 150
573 41
592 633
163 687
440 762
499 345
45 876
515 790
677 308
762 494
538 180
905 215
935 390
290 968
254 643
997 75
806 208
240 99
544 688
110 7
787 533
951 168
239 705
361 154
951 835
747 588
127 784
864 877
997 541
375 629
787 991
670 134
214 115
962 541
868 479
22 391
364 568
292 904
104 604
366 529
610 676
338 455
390 200
778 409
929 659
234 228
329 317
335 796
184 895
756 637
243 25
392 248
899 181
595 882
73 113
596 134
766 430
114 668
359 965
142 652
3 393
344 886
882 498
946 454
591 514
355 735
446 636
82 756
379 911
113 141
908 27
218 582
200 71
756 817
1 956
618 619
733 211
959 373
463 161
15 339
752 417
183 868
58 250
598 760
951 783
456 193
339 158
399 556
844 582
759 968
181 546
553 583
498 235
857 425
304 287
559 30
508 674
176 528
923 802
809 612
514 311
173 785
174 81
535 650
686 144
770 269
476 379
46 192
300 164
178 554
314 369
226 774
88 891
959 310
427 945
108 284
774 529
907 38
902 36
474 64
376 214
312 781
418 82
893 415
525 266
769 641
499 770
164 798
684 22
758 651
318 64
813 729
673 689
941 20
367 501
821 578
131 529
387 885
312 573
935 46
67 762
778 416
630 966
486 347
651 136
476 95
453 391
573 757
569 679
51 394
260 669
687 668
646 865
468 487
516 462
421 106
182 212
922 593
27 820
855 826
641 68
239 286
292 61
474 701
328 202
792 46
642 603
99 706
896 0
344 613
370 182
470 298
157 738
541 716
445 262
76 126
945 701
473 825
510 45
994 627
482 879
263 368
865 238
792 532
774 578
747 342
203 653
142 698
977 656
983 62
793 124
738 2
223 715
221 97
199 731
165 191
381 147
36 154
524 778
752 762
770 455
420 876
207 176
558 851
221 422
89 740
292 630
213 770
453 692
925 353
965 571
160 280
320 678
753 723
694 773
570 534
491 910
307 134
953 412
906 687
440 746
472 556
324 179
290 77
717 784
381 388
567 709
395 496
587 965
755 221
38 599
492 621
581 617
136 602
612 217
892 679
333 578
329 62
76 254
357 456
306 927
661 842
971 790
555 941
884 495
657 246
308 237
446 700
192 998
151 776
128 619
259 921
233 389
469 420
980 550
289 528
275 820
113 465
489 178
551 512
730 284
267 18
948 856
369 215
594 200
888 792
718 328
869 575
104 695
913 371
256 842
878 332
415 836
583 134
61 898
837 87
802 50
565 963
96 772
735 791
497 839
507 269
961 266
784 821
583 74
922 810
727 126
968 705
564 832
241 834
475 832
156 366
404 755
573 443
942 272
950 957
963 807
221 636
691 99
471 117
347 232
276 303
466 864
405 387
839 79
630 684
234 548
597 342
708 461
164 78
133 363
984 46
503 164
236 348
573 422
577 501
0 814
111 926
905 845
431 59
179 732
393 16
655 741
500 14
455 446
721 354
320 5
988 671
242 885
67 284
375 869
564 446
678 887
9 198
720 850
26 416
165 321
417 181
728 166
258 742
691 521
985 577
272 121
629 547
973 181
94 802
663 266
730 130
734 604
539 74
273 30
217 169
553 204
254 647
301 588
915 494
712 668
725 559
751 442
256 899
158 141
425 452
357 613
758 647
930 174
595 561
287 103
567 262
754 426
271 129
671 320
546 474
84 406
129 570
955 907
306 136
610 317
314 895
561 503
550 295
576 433
400 440
830 713
733 282
189 930
501 135
251 497
391 341
593 417
376 759
263 173
474 492
136 115
149 63
61 681
197 591
294 829
829 573
364 28
999 356
509 880
173 710
761 422
196 473
85 109
831 947
629 150
43365 -1 -1 -1 -1 -1 -1 -1 21064 -1 -1 -1 -1 -1 -1 -1 -1 -1 -1 -1 -1 47209 -1 -1 -1 -1 30950 -1 -1 -1 -1 -1 -1 -1 -1 -1 -1 -1 -1 -1 -1 -1 -1 -1 45706 -1 -1 -1 -1 -1 -1 -1 -1 -1 -1 -1 -1 -1 16227 -1 -1 -1 5851 -1 -1 -1 -1 -1 -1 -1 -1 26947 13523 25185 -1 -1 -1 -1 41268 -1 -1 63568 -1 -1 -1 -1 -1 -1 -1 -1 -1 -1 -1 -1 55654 38423 -1 -1 14397 -1 -1 -1 31317 -1 64626 -1 -1 -1 -1 -1 -1 50414 44098 -1 60660 17302 -1 -1 -1 3083 -1 -1 -1 -1 1982 44301 5629 60041 -1 -1 -1 -1 -1 -1 -1 -1 29767 -1 -1 -1 -1 -1 -1 -1 32621 -1 -1 -1 -1 -1 -1 -1 -1 34229 -1 -1 61336 -1 -1 -1 -1 -1 -1 -1 57729 -1 -1 -1 -1 -1 -1 -1 -1 -1 -1 36037 15540 15519 -1 -1 15831 -1 -1 -1 -1 5538 8029 -1 -1 -1 -1 50888 -1 -1 -1 -1 -1 -1 -1 -1 -1 -1 56060 -1 -1 -1 2332 -1 -1 29272 -1 -1 -1 42195 43764 43967 -1 -1 65337 -1 -1 -1 -1 -1 -1 14534 -1 37226 -1 -1 38025 -1 -1 -1 5639 -1 -1 -1 -1 -1 -1 15530 -1 34376 -1 -1 -1 56392 45765 -1 -1 -1 16642 -1 -1 -1 -1 38 -1 -1 -1 33472 -1 -1 -1 -1 -1 -1 -1 14957 42957 -1 -1 43908 -1 -1 -1 39869 -1 -1 -1 -1 -1 -1 -1 -1 -1 -1 -1 24017 -1 -1 -1 -1 -1 -1 -1 -1 -1 64746 -1 -1 -1 12173 -1 -1 50740 -1 48559 -1 5564 -1 -1 925 -1 62204 -1 -1 -1 -1 -1 -1 -1 -1 -1 -1 63090 -1 -1 14197 -1 -1 -1 -1 30297 -1 54224 5433 -1 -1 -1 -1 36629 25213 -1 -1 -1 -1 -1 -1 -1 -1 -1 -1 -1 10822 -1 -1 -1 -1 -1 -1 59937 -1 -1 -1 -1 -1 -1 -1 -1 -1 -1 -1 -1 -1 -1 -1 -1 38142 -1 -1 -1 -1 6665 -1 -1 -1 -1 -1 -1 37093 -1 -1 -1 43462 -1 -1 20086 -1 58122 -1 52105 -1 -1 -1 -1 -1 -1 -1 -1 -1 -1 -1 -1 -1 -1 45947 59486 -1 -1 -1 -1 -1 37197 -1 -1 63799 -1 -1 57543 -1 -1 -1 -1 -1 -1 -1 -1 2661 -1 45401 53269 24690 38771 -1 -1 -1 -1 -1 -1 -1 -1 -1 -1 28775 -1 -1 -1 -1 -1 -1 -1 -1 64976 -1 -1 -1 -1 47304 -1 -1 -1 -1 -1 -1 -1 33285 -1 -1 8160 -1 -1 -1 57161 -1 -1 -1 -1 33735 21910 39671 -1 -1 -1 -1 -1 -1 -1 -1 -1 -1 48708 -1 -1 22963 -1 -1 -1 -1 -1 -1 -1 -1 -1 -1 -1 -1 -1 -1 -1 -1 -1 -1 -1 -1 -1 9281 -1 -1 -1 -1 -1 -1 -1 -1 -1 -1 -1 -1 -1 -1 -1 -1 -1 -1 -1 -1 47852 -1 43522 -1 -1 -1 -1 -1 18224 -1 -1 -1 -1 24566 60545 -1 -1 -1 -1 -1 -1 -1 10586 54151 65388 -1 -1 -1 -1 -1 -1 -1 -1 37780 -1 -1 -1 641 2799 -1 -1 -1 -1 -1 -1 -1 -1 23881 -1 59992 -1 -1 -1 -1 -1 -1 -1 -1 -1 -1 14048 -1 -1 -1 -1 -1 53498 -1 11599 -1 -1 53677 -1 -1 -1 -1 -1 -1 -1 -1 -1 -1 -1 -1 -1 -1 -1 -1 -1 -1 -1 -1 -1 -1 -1 10543 -1 -1 -1 -1 -1 -1 59484 22556 63035 -1 -1 -1 24525 -1 -1 -1 -1 -1 -1 -1 -1 -1 51586 701 -1 -1 -1 -1 -1 63371 -1 -1 -1 -1 -1 -1 -1 -1 -1 -1 -1 -1 -1 -1 -1 43723 -1 -1 51995 46556 -1 6143 39877 -1 -1 14810 31085 38168 -1 -1 -1 -1 -1 25066 -1 -1 -1 -1 24804 -1 -1 -1 -1 -1 -1 -1 -1 -1 5956 -1 -1 -1 -1 3754 -1 -1 -1 -1 -1 1054 -1 28772 -1 -1 -1 -1 -1 -1 41340 -1 60618 -1 -1 62876 -1 -1 -1 -1 -1 -1 -1 -1 21166 -1 -1 -1 -1 -1 -1 -1 59066 -1 -1 -1 36760 -1 -1 -1 2087 49404 -1 -1 -1 477 -1 51455 -1 -1 -1 31787 -1 -1 52831 7667 4749 -1 -1 -1 -1 -1 39003 -1 60501 -1 -1 -1 -1 20995 -1 -1 -1 -1 -1 -1 -1 -1 23420 -1 -1 -1 -1 55394 -1 -1 -1 -1 12757 3862 -1 -1 -1 -1 691 -1 -1 -1 37149 -1 37654 20592 -1 -1 -1 -1 54179 -1 20590 -1 -1 -1 -1 -1 -1 26631 -1 50112 11105 -1 -1 -1 -1 -1 64009 41254 15247 -1 -1 -1 -1 -1 -1 -1 -1 -1 -1 -1 58889 12845 -1 -1 -1 -1 -1 -1 -1 8141 -1 -1 -1 -1 25249 -1 -1 16992 -1 -1 -1 22660 -1 -1 -1 -1 -1 -1 -1 -1 26177 -1 -1 41316 -1 -1 -1 28166 57777 -1 -1 59714 -1 60975 -1 -1 -1 36260 -1 17716 -1 11892 -1 -1 8143 -1 -1 -1 -1 52541 46162 58774 -1 -1 -1 10620 -1 -1 -1 -1 -1 -1 -1 -1 46477 -1 28974 50026 37028 872 -1 -1 -1 -1 -1 -1 24764 -1 -1 -1 -1 -1 -1 50966 -1 -1 -1 -1 -1 -1 -1 -1 -1 -1 -1 -1 -1 -1 37833 -1 -1 -1 -1 21623 10536 -1 -1 40618 -1 36666 23776 -1 -1 -1 -1 -1 -1 -1 -1 -1
0
