1000 5000
669 840
158 529
775 278
419 504
989 553
73 623
881 397
68 316
770 490
175 484
695 814
694 78
978 869
921 973
970 712
466 844
310 74
429 275
346 904
963 209
558 88
320 657
594 937
604 980
643 352
24 466
832 734
153 252
732 274
785 605
722 365
448 99
975 939
793 718
592 497
331 915
31 128
738 719
237 818
656 638
948 89
105 416
697 423
21 36
483 590
428 273
905 555
589 597
409 312
793 543
893 704
399 123
538 837
527 948
138 410
682 475
168 895
554 421
316 491
589 731
521 13
401 690
855 796
461 43
920 560
455 722
373 157
30 818
940 337
427 904
975 284
988 221
333 942
336 704
910 154
996 262
624 446
631 493
651 826
871 981
139 798
195 834
881 640
675 441
109 64
192 157
486 149
993 755
553 997
428 186
895 737
860 403
761 421
960 828
157 290
403 502
53 887
989 352
308 736
123 629
669 295
576 657
615 242
212 494
530 379
498 799
298 176
915 990
996 545
133 309
999 618
53 977
488 654
510 806
938 766
576 6
159 343
857 340
297 939
156 586
816 755
216 142
972 66
739 218
524 894
337 162
829 200
488 820
707 999
20 890
482 805
355 684
461 480
626 64
490 80
41 619
203 153
682 897
422 975
497 424
508 916
679 795
474 826
570 170
908 815
936 494
52 539
266 658
765 788
900 473
397 11
112 427
877 132
788 955
302 881
658 536
959 407
510 369
904 569
946 623
889 840
101 423
855 692
990 503
474 57
993 942
794 745
235 431
167 758
310 338
425 668
130 753
924 218
813 159
506 903
344 715
783 293
347 208
677 936
571 407
560 2
206 618
521 920
882 995
110 946
15 698
910 15
800 139
36 238
721 561
336 793
515 347
161 729
358 424
832 470
301 711
122 203
780 878
109 22
0 507
268 265
690 228
996 0
346 684
102 782
630 506
848 94
672 998
52 103
732 602
56 517
183 291
141 691
6 252
960 689
149 678
117 127
458 680
673 503
597 969
178 763
212 281
50 400
194 398
604 647
74 89
951 236
836 572
45 313
981 668
154 679
664 754
245 411
326 653
660 506
486 424
447 671
145 918
583 585
660 817
419 966
599 241
928 868
403 831
66 85
139 395
504 951
417 483
621 887
304 906
663 636
797 471
320 250
365 546
438 774
160 31
610 600
449 941
467 464
535 764
276 750
953 331
567 583
837 500
996 489
66 523
823 47
485 948
580 245
604 545
376 463
887 347
597 953
39 3
842 531
549 629
735 537
42 128
33 871
515 507
48 182
956 579
217 9
317 971
448 71
55 869
594 883
707 567
649 254
530 68
946 699
902 644
317 267
902 480
826 404
571 617
0 260
551 318
451 428
736 241
978 142
496 501
247 804
963 872
561 90
846 869
762 671
568 620
629 170
76 588
908 115
722 15
513 889
19 617
482 226
250 586
191 912
455 311
899 831
799 600
273 343
914 938
983 915
163 562
69 994
229 60
489 612
641 183
603 24
400 127
571 543
562 238
470 403
484 555
136 694
227 898
127 332
133 146
18 424
863 710
777 161
648 658
267 653
572 287
726 159
42 998
235 800
430 68
749 806
392 278
736 103
721 223
685 524
791 189
460 44
301 97
632 424
351 108
445 509
50 996
686 458
544 375
815 79
336 398
916 368
644 999
963 626
696 36
349 809
31 583
314 733
121 488
690 814
144 969
835 706
144 958
666 178
61 266
622 470
928 602
976 928
683 382
387 402
941 985
720 677
804 149
950 933
517 691
701 975
550 374
823 429
293 684
304 105
368 479
512 802
891 853
824 562
130 345
946 289
376 897
55 754
304 961
93 785
664 72
244 180
912 665
883 950
7 535
198 972
865 259
294 19
891 423
621 619
180 4
789 247
48 173
736 490
484 300
683 600
234 252
51 17
996 804
754 337
101 14
827 940
876 683
108 954
851 975
177 284
84 922
517 555
581 798
851 629
94 826
593 259
961 1
702 205
927 133
720 485
734 252
25 459
284 649
931 967
258 713
340 990
164 737
498 545
683 379
8 20
584 301
865 731
627 304
344 832
736 345
624 615
27 429
939 91
452 98
592 362
513 544
28 277
150 358
56 18
424 556
682 694
464 953
467 780
754 242
844 411
623 781
425 605
441 366
546 763
901 702
467 388
999 639
881 663
713 20
189 322
471 653
313 948
899 354
69 382
561 102
461 674
539 444
441 648
11 293
949 451
261 974
190 4
757 621
510 700
863 484
355 707
715 145
819 947
296 869
711 420
685 638
493 320
136 959
743 317
469 365
245 515
809 307
682 243
136 792
380 690
489 946
291 557
479 226
329 767
335 11
458 180
556 602
583 846
944 220
253 957
491 569
440 124
796 1
950 977
41 192
383 917
99 669
69 800
109 845
693 21
842 641
613 597
244 143
802 400
600 391
642 953
896 581
289 942
430 928
144 789
374 420
159 503
414 9
527 758
375 856
903 479
695 779
987 672
561 841
833 325
437 758
891 761
267 215
208 531
266 96
175 178
738 324
685 331
578 289
305 863
348 358
283 689
314 241
238 539
263 1
781 739
843 336
756 952
316 559
426 279
424 450
211 555
4 130
76 150
282 640
284 815
765 835
928 754
493 128
474 154
607 719
412 561
488 350
978 344
658 895
937 137
517 396
925 4
930 290
608 799
755 267
887 545
220 999
466 875
8 896
924 901
604 519
557 439
526 907
934 894
271 776
867 372
615 800
685 38
882 982
367 605
789 134
491 322
394 15
770 38
767 88
795 399
637 521
758 849
485 326
114 745
135 153
943 680
300 456
625 797
112 442
409 851
782 292
127 294
37 698
303 500
26 425
982 248
649 592
173 525
817 411
331 583
623 958
207 837
401 572
167 175
83 331
209 660
544 795
488 261
65 889
826 367
823 890
553 620
270 439
600 76
959 820
312 905
559 754
7 894
812 732
253 399
873 193
617 375
670 315
627 923
174 991
482 997
131 620
943 468
99 880
397 268
565 290
192 685
922 963
392 409
344 885
362 388
216 7
614 219
346 865
438 400
871 298
805 202
747 686
831 384
335 733
540 100
405 916
858 700
720 507
950 951
221 741
724 840
944 173
44 337
151 924
176 382
768 814
165 441
617 746
369 650
195 966
861 943
839 376
404 967
290 482
920 818
563 142
769 567
100 555
276 985
828 954
736 13
692 478
649 971
719 439
968 206
981 268
859 437
233 531
9 589
748 366
840 428
871 898
486 764
13 830
308 778
353 469
782 858
205 907
781 814
988 230
949 466
177 929
326 28
534 928
297 877
663 793
649 289
439 741
625 770
103 792
379 689
690 403
233 913
126 415
209 235
560 495
83 483
373 714
831 10
6 953
396 933
287 858
844 982
138 325
260 743
958 152
242 489
73 650
3 400
398 210
420 231
277 569
695 268
804 930
639 754
223 164
824 699
197 30
19 507
920 498
997 888
870 62
446 48
435 119
59 223
720 240
546 895
736 961
740 744
827 449
581 333
468 497
764 501
174 793
697 234
891 890
587 159
206 470
168 639
698 937
637 405
3 915
174 75
275 918
164 416
334 831
124 182
69 17
410 186
243 340
404 913
185 289
241 551
344 168
190 477
152 557
851 377
636 256
745 48
53 452
112 432
429 946
507 989
885 703
124 863
398 283
666 647
321 508
937 471
846 465
707 486
843 699
214 173
888 185
670 712
775 206
369 106
932 832
591 88
10 745
803 349
804 333
584 281
484 673
851 213
205 256
227 110
279 628
941 68
525 587
61 188
681 47
917 250
195 36
197 121
79 10
491 527
802 414
454 923
923 845
402 817
402 111
48 329
319 512
760 790
836 272
460 425
39 75
669 875
185 255
67 993
392 25
824 968
841 596
0 68
899 377
595 747
926 742
314 183
810 186
431 234
452 847
936 474
643 755
83 871
549 71
856 98
835 825
407 897
678 294
16 735
16 199
807 260
185 682
690 615
437 875
207 597
185 981
439 765
312 574
633 179
389 170
835 687
54 352
74 145
799 640
361 156
750 821
875 344
830 80
29 147
619 844
377 600
43 44
909 420
486 967
934 910
895 553
762 494
705 111
471 846
478 620
960 709
395 474
7 315
89 170
523 169
554 506
17 367
67 529
80 287
628 762
14 777
69 238
316 450
447 389
960 505
678 698
435 782
151 594
892 843
928 687
446 129
171 442
456 381
559 180
377 54
360 26
58 92
47 75
40 81
164 684
238 8
87 270
690 784
972 519
114 550
827 647
880 729
867 608
251 884
163 725
959 387
744 183
251 294
516 117
14 216
413 444
889 878
390 51
136 119
889 285
551 898
913 44
231 325
335 339
943 293
217 959
296 244
254 219
577 568
407 877
675 431
379 627
371 351
235 549
575 673
422 826
314 188
328 797
753 495
117 432
336 873
268 849
882 761
457 187
395 172
943 235
835 943
586 304
290 791
678 390
162 338
120 126
478 121
598 822
441 250
222 264
775 749
915 907
475 548
827 365
294 352
32 6
927 841
163 320
968 668
681 382
534 588
59 611
116 56
732 365
647 96
852 619
791 931
314 818
925 156
973 455
114 272
822 199
17 413
149 462
22 84
622 371
808 901
405 617
587 80
351 858
377 674
765 269
837 725
399 496
625 111
318 571
174 464
418 232
467 973
360 813
898 465
350 879
479 294
822 519
900 696
234 358
196 443
155 381
885 119
898 981
539 742
824 11
552 180
83 330
82 796
500 525
725 59
112 509
250 304
875 940
773 497
207 936
941 375
537 831
617 980
595 941
141 563
312 146
535 987
340 169
908 191
461 997
844 624
358 781
514 276
396 724
122 837
845 879
726 96
472 400
579 167
241 460
879 647
342 936
740 909
203 40
460 292
737 855
232 774
72 125
497 757
39 521
675 735
270 849
572 982
231 775
637 628
163 619
914 92
581 165
359 678
140 890
329 477
861 554
302 333
553 59
815 546
696 593
211 451
68 310
995 27
211 94
893 347
638 294
63 574
575 99
460 239
187 293
612 633
611 20
133 803
235 692
10 709
287 936
217 600
809 434
493 582
310 950
301 652
288 409
251 959
672 830
635 295
476 669
947 869
768 994
741 177
372 232
269 285
815 478
823 503
301 248
193 334
846 503
49 210
603 258
411 282
212 823
705 513
857 331
849 975
473 700
434 547
436 152
289 508
780 867
109 90
893 833
777 47
800 272
550 293
644 970
564 780
653 837
376 707
208 426
734 614
194 155
82 930
729 544
929 68
38 356
143 448
505 641
823 523
253 640
9 213
37 571
486 624
859 104
552 258
802 524
247 130
693 540
377 810
134 464
393 736
541 779
386 993
901 957
578 669
349 156
163 651
742 160
561 334
375 647
853 176
131 69
229 592
803 186
967 226
109 124
314 24
654 640
141 545
141 823
835 352
700 838
165 677
287 314
248 663
344 501
532 336
783 829
83 192
662 696
459 725
988 610
826 71
221 666
30 667
770 960
558 741
33 741
583 790
499 412
243 204
270 500
890 35
731 103
527 956
397 37
755 304
839 253
861 791
245 556
773 551
418 719
41 651
608 297
192 720
216 659
202 696
135 28
637 371
356 712
787 218
94 856
293 506
94 521
43 875
655 777
174 648
156 9
233 980
732 387
289 598
74 839
744 26
452 380
64 179
387 813
105 327
237 72
55 469
967 569
967 890
597 561
163 464
288 242
653 978
253 464
505 653
699 775
185 247
396 902
163 574
275 174
626 328
668 3
275 240
902 107
879 220
228 555
221 590
157 334
393 255
908 447
298 348
374 900
434 965
597 20
416 310
168 335
497 474
796 79
653 107
404 629
283 228
526 482
35 452
496 772
170 324
74 904
501 361
135 967
997 489
396 247
574 454
273 89
174 171
754 54
358 22
279 470
851 492
777 389
158 612
816 293
48 721
249 54
433 314
733 352
265 747
522 102
647 804
744 207
65 471
533 9
565 134
886 957
22 591
271 908
145 717
331 128
484 299
700 924
267 9
754 289
475 733
769 784
399 65
626 639
88 470
371 821
471 35
790 230
180 261
398 906
14 743
771 977
880 613
875 23
209 217
703 716
3 603
162 542
677 79
55 468
828 487
915 9
20 812
321 84
937 505
107 287
564 178
226 951
340 151
266 0
305 625
484 648
849 317
750 693
227 109
698 596
684 281
395 636
977 883
677 706
735 729
680 409
569 70
853 318
498 772
137 69
185 933
520 684
914 205
295 843
802 855
656 803
698 700
877 193
829 671
170 218
188 339
743 563
141 915
842 540
980 607
177 399
815 486
744 5
412 659
577 862
508 642
954 998
477 334
438 581
762 970
438 184
367 691
499 673
201 155
577 374
627 977
477 391
656 362
56 574
761 991
216 960
124 116
448 573
725 947
441 518
310 746
516 628
380 881
46 246
837 377
74 692
775 554
936 54
953 398
975 748
572 933
148 814
793 551
200 518
269 648
862 860
801 215
163 113
38 331
128 288
237 83
492 439
988 719
626 757
112 61
943 429
151 746
770 273
253 609
229 180
176 745
339 161
450 269
605 470
392 141
711 965
445 516
234 380
623 557
811 724
429 261
271 683
590 968
7 146
128 241
124 698
60 142
534 250
484 787
825 308
925 97
536 995
576 810
688 979
725 338
751 103
330 435
167 69
137 342
995 376
880 960
695 887
607 555
969 180
356 674
802 920
193 901
830 758
479 590
402 999
422 768
330 884
192 186
794 482
710 483
512 524
69 565
295 588
99 773
500 575
704 376
397 893
409 576
458 859
380 925
150 728
402 908
896 645
544 560
973 201
332 102
521 855
891 51
650 465
155 387
671 941
296 680
555 459
136 556
32 364
753 848
341 183
813 132
67 755
482 154
908 796
467 756
918 70
919 739
574 420
363 423
711 369
550 924
645 633
70 858
110 369
718 448
713 633
650 204
417 314
323 961
691 36
892 209
752 830
255 345
690 580
289 743
374 325
635 595
826 996
803 649
779 318
620 482
385 460
37 256
149 347
745 295
448 974
140 771
33 493
541 664
226 486
686 548
67 461
366 235
479 503
227 462
631 373
476 853
358 853
708 468
537 998
225 91
708 482
276 610
981 737
884 539
663 590
935 998
190 220
90 851
777 858
104 112
600 460
308 937
888 101
813 119
847 551
449 626
216 406
483 132
259 639
433 447
443 794
792 744
982 997
74 965
858 654
927 204
824 517
264 912
530 739
785 707
649 621
137 470
317 892
214 927
879 764
518 213
469 741
529 605
780 343
266 81
265 514
972 578
24 600
341 131
363 953
654 976
458 464
186 135
559 156
192 515
896 728
918 341
257 328
742 993
189 390
380 638
190 568
400 224
151 576
443 123
981 304
755 104
834 144
251 591
180 770
482 681
12 46
401 167
195 589
273 728
808 176
196 343
953 168
249 763
820 529
886 216
472 299
12 286
63 251
640 431
34 284
618 617
347 135
851 735
468 516
606 839
769 517
653 540
527 731
961 780
487 830
706 759
923 62
15 884
120 862
29 208
843 305
636 378
154 418
124 28
265 22
238 773
989 302
80 328
243 297
290 41
754 115
410 807
143 892
128 935
726 868
595 736
554 618
157 162
925 654
970 813
744 527
481 699
15 732
93 78
715 73
101 779
712 629
660 969
522 793
362 969
385 641
69 492
438 905
917 297
306 222
876 864
492 746
902 187
754 581
210 352
34 881
537 499
576 828
691 972
242 177
228 94
234 460
68 25
623 652
910 26
961 919
355 690
235 769
810 624
284 44
553 501
87 599
472 847
968 445
436 367
306 542
256 7
777 19
967 175
887 384
23 173
96 805
997 504
18 958
88 885
611 981
118 170
589 756
360 141
277 366
112 466
966 955
584 50
941 877
711 909
549 204
114 902
236 677
577 602
862 600
92 729
48 809
446 720
289 738
938 668
197 177
995 918
151 33
36 414
699 570
694 398
89 367
491 411
57 728
147 410
701 346
74 983
731 884
824 980
647 254
532 119
51 668
170 959
581 204
147 870
309 594
615 34
853 728
966 571
838 388
571 544
828 496
413 410
8 341
730 426
148 343
442 513
107 940
921 797
409 320
638 363
708 47
472 243
716 377
502 367
969 768
368 71
449 470
764 720
668 673
979 358
384 506
257 570
716 324
608 489
198 710
883 8
377 863
656 826
154 176
571 162
181 984
400 300
484 853
252 656
510 391
11 591
948 307
185 870
256 362
988 686
463 439
899 480
552 5
733 137
438 236
953 152
529 46
813 765
542 757
883 698
562 184
9 118
863 927
148 205
137 41
39 112
276 22
440 75
536 871
2 9
438 319
559 543
498 760
327 564
191 218
142 676
541 133
666 980
597 687
128 626
465 99
128 420
343 454
306 633
548 669
375 215
121 424
156 163
500 277
77 111
785 421
548 340
63 906
318 384
253 568
804 638
587 701
421 717
246 19
703 20
416 816
608 22
285 684
611 847
303 668
852 299
408 503
411 906
489 79
391 574
911 684
76 901
787 457
285 544
86 66
472 704
188 695
946 570
789 248
980 732
720 432
977 589
324 197
169 706
408 822
811 780
71 176
946 571
356 801
856 379
868 530
503 498
276 347
936 631
525 328
122 519
221 996
238 296
728 762
258 846
402 250
503 617
458 571
738 76
167 192
62 793
69 227
430 871
577 735
282 835
480 520
86 576
980 103
82 555
673 738
16 660
183 65
762 649
993 600
1 677
218 295
915 620
927 669
958 143
53 500
962 391
119 933
28 846
272 175
991 4
373 663
879 887
577 814
300 198
737 990
488 883
100 731
493 863
438 277
927 791
374 15
637 581
180 573
884 681
609 215
41 559
686 725
845 60
340 89
481 552
999 931
46 726
757 321
934 421
182 373
932 310
348 98
9 575
644 910
106 674
103 903
990 578
271 255
240 636
953 827
514 598
456 177
819 654
658 65
377 314
489 293
644 973
940 228
331 200
206 321
501 397
280 225
708 39
460 502
526 323
40 105
235 945
271 731
742 255
821 762
390 943
986 318
919 307
580 577
229 141
648 961
216 986
92 504
747 440
917 331
820 334
45 890
285 201
534 806
375 761
261 330
396 793
160 948
469 154
583 521
647 425
179 740
136 432
504 65
877 396
171 292
543 598
95 425
176 321
803 45
167 629
413 669
527 903
8 866
845 906
956 699
643 427
873 835
386 3
279 227
602 316
703 53
178 979
410 952
154 488
908 877
544 568
327 249
174 235
250 164
556 104
971 208
396 906
839 733
46 124
862 963
899 640
805 134
772 911
688 670
46 625
272 860
516 231
611 813
113 348
76 453
345 809
444 941
732 771
13 654
191 186
572 146
983 812
300 570
218 62
386 397
200 668
403 602
144 498
94 857
701 188
811 695
864 237
966 5
687 674
468 239
498 394
669 835
272 597
945 859
444 983
773 802
210 285
117 668
463 308
280 15
992 16
681 461
493 108
362 831
733 400
780 435
967 557
517 960
473 187
567 796
545 69
47 904
139 634
450 833
398 961
682 947
757 8
498 200
941 101
290 444
47 560
384 659
590 301
221 829
860 734
932 604
686 429
623 470
206 55
425 908
60 815
846 731
993 990
363 535
816 399
115 509
92 590
497 412
728 763
377 186
981 840
929 805
176 652
389 228
178 609
761 732
510 886
489 678
471 772
516 83
324 754
674 785
543 292
671 399
193 38
761 849
646 645
691 653
735 270
607 74
387 274
408 911
564 856
22 994
786 257
640 416
505 928
273 807
464 19
865 12
167 269
238 569
937 151
854 956
273 742
344 511
7 538
180 659
833 153
735 700
762 934
847 543
245 302
264 789
885 764
863 248
107 144
516 43
563 448
475 59
480 673
446 945
133 207
268 478
551 143
744 919
167 661
547 848
305 2
655 21
846 451
9 484
995 922
611 823
382 634
940 339
54 683
358 387
807 557
706 313
72 64
376 923
503 1
334 504
663 278
20 482
797 996
363 74
64 186
117 45
771 854
39 252
112 334
998 194
782 361
536 314
661 184
457 754
711 794
159 706
857 125
886 70
4 734
249 52
18 893
394 214
895 690
496 499
70 15
117 172
931 296
676 45
92 388
899 706
952 862
783 646
250 149
741 505
441 713
882 2
679 622
391 885
350 780
239 423
525 821
846 350
544 608
516 97
239 745
735 977
841 332
272 638
304 633
463 797
423 53
923 600
58 894
400 552
854 321
280 473
668 264
294 134
809 808
537 194
853 82
659 845
153 873
506 350
643 829
536 620
837 240
166 650
300 513
69 614
787 411
345 445
12 464
524 836
218 275
522 262
444 458
217 697
632 93
656 604
797 807
362 780
990 152
777 540
964 578
844 949
699 29
640 680
325 279
305 535
640 584
953 274
29 148
882 112
423 163
734 908
923 934
747 299
473 323
398 553
761 670
553 425
14 253
994 395
641 5
911 239
35 63
264 780
806 28
710 116
366 821
929 627
522 783
418 604
940 601
317 659
108 220
723 885
583 119
828 535
954 353
754 401
641 996
442 441
675 719
356 965
377 350
275 95
282 197
14 23
587 480
52 416
713 84
122 478
717 345
637 3
131 943
419 459
597 641
723 272
25 648
802 997
546 216
607 219
739 253
999 929
69 226
156 857
710 1
615 300
120 144
710 601
223 362
427 976
529 162
681 759
418 621
123 916
207 396
30 400
947 654
569 259
311 692
64 108
43 278
323 398
143 793
14 215
35 565
656 311
687 712
53 10
418 10
456 939
87 369
979 765
323 59
716 839
810 18
496 197
576 396
72 960
791 509
793 286
902 793
958 257
373 165
529 511
441 692
588 495
583 111
250 548
442 826
136 411
838 501
465 275
517 561
841 110
408 578
635 985
671 809
217 849
671 924
931 643
911 205
188 340
721 887
969 376
579 400
305 812
465 135
241 574
184 668
6 18
599 420
788 178
976 568
151 860
230 310
201 85
614 20
734 139
501 626
68 755
806 433
69 556
33 340
855 54
722 179
687 794
94 928
773 382
485 813
719 591
725 926
669 621
445 620
41 102
313 542
71 589
177 988
613 384
782 955
61 396
462 826
318 894
244 221
646 43
115 809
810 305
799 594
183 624
817 255
936 127
750 558
234 290
646 123
546 422
672 763
454 117
841 921
226 373
695 896
225 370
517 400
481 68
289 467
395 676
12 878
933 412
970 601
845 126
264 62
516 329
872 978
887 129
81 787
430 897
473 759
165 653
479 615
397 577
920 209
120 765
867 828
831 372
114 67
921 983
206 364
530 7
345 11
932 487
644 905
242 713
649 19
764 405
147 177
46 506
340 781
370 925
226 410
931 203
513 450
668 234
352 559
442 21
463 834
163 897
787 555
886 298
4 83
777 267
85 535
364 849
241 580
536 605
522 721
566 706
218 77
315 982
832 978
296 980
695 883
150 641
515 489
13 779
956 9
163 805
392 161
650 457
201 169
365 128
596 546
219 970
195 678
925 66
204 314
440 437
342 384
983 813
698 445
33 28
499 795
188 838
592 982
777 515
54 154
282 401
838 19
764 292
450 699
307 46
508 176
735 623
968 923
39 283
161 699
677 855
299 228
278 128
129 847
503 278
181 974
872 838
230 464
214 400
312 736
214 251
688 750
909 759
551 37
617 380
265 37
90 690
398 344
791 651
911 447
46 360
965 530
826 19
996 647
371 13
905 89
188 46
416 614
14 228
952 159
974 662
936 337
6 239
677 609
342 231
473 288
760 422
157 933
42 801
201 379
688 116
510 685
665 867
535 70
973 412
876 943
607 326
932 269
120 719
12 939
313 505
690 540
944 915
664 17
774 811
573 854
272 317
369 523
109 319
7 316
432 827
48 459
293 415
511 503
886 602
556 686
611 51
353 581
129 972
487 275
687 428
699 466
707 271
210 548
241 709
351 428
373 642
214 990
815 422
545 859
767 983
521 403
251 84
945 825
664 584
989 884
576 178
578 832
805 416
367 266
920 55
805 794
949 313
527 557
946 128
300 761
743 982
987 606
29 146
469 895
94 750
169 72
555 164
737 376
349 343
112 161
918 56
551 546
852 722
753 472
21 893
266 274
154 819
352 712
654 86
408 14
444 199
448 817
49 367
125 929
576 507
377 850
546 228
193 787
237 636
887 872
771 972
817 853
667 67
195 598
946 614
190 768
359 675
183 905
62 8
390 477
493 942
75 640
681 729
535 405
942 73
166 265
430 465
149 215
635 516
700 521
141 363
373 957
749 596
300 44
932 871
471 792
941 236
546 124
68 985
514 358
965 696
990 483
98 443
842 701
762 604
208 357
653 795
746 338
783 334
439 316
41 213
732 546
842 215
886 142
831 945
259 481
154 581
463 803
727 383
953 212
131 390
801 67
288 355
169 942
315 592
863 343
274 1
831 467
994 433
418 243
82 66
549 400
809 526
92 81
873 86
500 345
417 279
49 835
653 696
433 309
188 964
331 884
417 341
608 870
964 861
423 185
791 415
636 826
875 190
354 111
644 940
498 590
306 296
742 600
756 631
966 426
707 242
15 426
73 933
238 438
47 250
588 821
841 938
478 360
777 42
929 368
300 975
466 381
745 420
839 418
657 519
629 143
872 664
291 538
397 812
81 430
524 503
925 935
395 815
12 156
40 27
730 579
142 188
860 856
819 843
347 472
379 414
862 532
179 715
805 151
80 616
344 998
581 737
97 135
245 905
560 276
812 741
558 409
644 205
877 253
711 47
587 366
610 921
880 579
226 36
483 92
473 880
999 297
60 271
355 727
757 484
253 505
331 541
345 854
137 328
393 223
231 479
864 539
141 132
204 822
356 700
712 993
31 233
730 622
846 703
215 160
301 10
222 737
991 777
106 280
338 367
686 980
523 550
588 415
955 767
628 540
875 508
714 640
614 542
686 39
494 155
530 365
496 669
710 12
11 149
861 555
406 529
310 520
124 449
699 267
857 146
200 921
858 709
698 505
529 614
508 40
608 555
697 834
261 556
709 591
679 517
977 694
424 559
573 657
537 841
752 79
193 266
72 450
663 535
513 105
494 973
182 451
204 837
604 449
362 835
275 798
248 887
938 969
894 690
262 727
95 848
631 740
50 391
164 917
496 989
305 626
921 608
946 6
629 964
571 378
697 16
509 370
322 57
64 538
11 773
716 518
705 249
237 38
355 581
497 635
936 301
626 633
667 512
768 94
989 379
536 594
76 135
892 129
396 379
992 826
101 48
637 168
410 744
368 465
849 87
733 619
274 627
809 267
539 952
691 104
114 656
938 794
184 249
232 108
442 85
150 115
809 632
394 925
89 577
80 725
910 747
282 520
599 650
376 392
917 781
75 821
316 672
788 726
467 390
172 234
637 542
83 739
488 47
752 256
404 985
97 724
786 886
639 544
524 761
133 775
517 20
181 510
132 609
115 361
988 452
846 349
295 498
835 590
927 155
690 876
251 737
871 930
130 306
780 659
450 804
317 127
745 649
633 766
982 835
109 137
967 870
995 538
184 77
981 167
971 231
988 616
711 652
151 409
581 772
327 137
361 96
279 818
779 573
467 634
130 436
824 849
854 977
292 862
120 882
462 673
449 412
564 935
783 934
972 472
703 463
250 881
905 150
299 133
420 408
797 187
643 835
686 734
20 833
706 559
886 573
425 753
55 731
333 808
367 253
330 99
422 798
465 269
944 509
214 352
555 881
395 29
720 965
301 26
532 615
720 480
559 972
904 434
293 590
533 399
95 67
749 147
81 999
218 707
390 429
961 344
536 893
498 796
985 236
515 486
431 692
560 15
786 632
259 293
247 525
667 708
733 695
524 575
719 124
954 39
941 324
985 377
994 217
685 953
232 977
683 848
189 316
681 466
459 705
170 636
987 473
500 375
555 55
662 136
30 488
294 839
306 121
229 182
438 638
771 484
156 73
554 127
837 91
489 798
19 960
516 209
965 39
430 458
491 219
48 522
903 548
894 24
132 838
675 130
501 911
972 715
363 825
925 700
765 990
700 939
390 404
144 41
565 937
978 895
687 91
323 313
433 659
125 162
732 872
691 949
605 741
743 444
750 675
152 970
178 744
938 228
417 458
289 881
695 614
211 713
428 836
814 432
731 298
113 474
262 703
643 637
752 381
921 640
855 980
322 558
394 137
141 706
159 993
836 625
693 12
702 937
450 125
140 716
121 188
802 287
674 180
600 540
788 64
552 685
824 947
843 590
351 96
598 848
392 67
791 967
719 659
697 408
388 655
585 759
868 161
721 582
526 150
5 68
620 943
541 521
426 289
712 508
656 631
203 278
413 323
276 29
504 537
54 969
712 273
75 526
11 133
567 847
750 906
234 305
344 833
388 265
34 127
705 400
284 663
15 969
493 532
492 727
308 212
978 214
861 549
165 721
276 642
570 820
281 132
37 853
84 41
315 497
224 976
84 592
769 43
553 246
687 409
544 63
19 397
972 130
862 702
786 169
434 88
905 663
575 445
809 211
166 201
107 259
960 918
319 891
536 225
746 517
717 261
970 498
78 778
777 211
535 829
798 959
714 710
331 116
779 410
278 943
241 499
950 528
776 883
523 61
76 497
284 484
637 897
235 111
946 159
148 530
363 657
130 624
981 439
897 722
24 883
578 595
267 434
497 324
20 627
954 795
41 481
351 618
105 104
445 864
153 690
525 211
692 602
191 570
385 109
481 905
145 179
143 942
451 409
416 203
409 926
246 247
302 248
246 479
935 359
930 404
366 265
652 292
923 471
802 354
808 573
572 202
131 165
153 85
416 686
452 700
848 262
603 48
139 905
637 53
168 972
900 523
563 31
163 613
404 819
760 930
744 847
995 251
867 920
16 938
230 102
914 185
846 926
457 771
71 482
561 794
807 877
943 298
6 740
810 919
963 746
718 48
234 81
475 781
442 665
933 67
986 527
240 420
344 783
413 436
703 0
664 284
768 579
729 250
553 158
266 221
607 471
781 446
787 820
736 126
194 598
25 663
711 338
112 889
30 407
617 952
689 547
64 271
578 143
990 189
13 331
476 213
237 719
239 752
658 624
479 106
907 982
968 665
56 159
835 212
165 566
333 591
988 636
243 448
82 736
926 531
427 203
752 177
689 701
102 47
552 320
78 535
655 241
492 62
176 775
885 409
367 957
746 743
795 394
756 514
613 799
204 286
572 87
976 43
365 471
59 707
936 236
137 482
421 111
890 144
494 118
550 338
245 976
745 753
119 419
608 568
197 919
406 173
86 867
897 409
750 968
915 24
121 503
713 67
300 348
406 807
908 808
848 785
986 976
779 236
394 729
502 259
319 893
393 45
612 204
666 42
634 338
491 137
815 133
585 275
103 803
120 32
422 902
401 345
857 751
196 163
473 508
833 108
714 152
144 844
225 413
864 195
934 836
696 197
926 257
688 120
604 713
542 20
828 951
13 675
211 324
535 490
556 697
896 107
340 938
216 671
681 845
36 888
404 873
188 951
11 266
528 529
590 945
959 224
666 605
229 183
515 165
684 271
582 324
842 917
113 172
18 63
353 234
348 63
239 495
725 442
78 80
750 837
405 697
661 695
892 897
461 214
366 622
44 430
930 915
676 360
899 944
267 103
250 607
566 583
264 226
492 493
925 774
145 726
256 234
970 205
739 810
219 649
495 465
796 770
968 183
522 512
849 7
789 306
321 251
932 727
394 115
32 196
764 151
542 825
586 366
628 617
520 516
292 108
105 446
255 868
970 776
894 251
912 900
692 298
760 379
621 62
738 943
111 170
236 331
510 845
662 308
17 777
590 501
452 354
333 786
751 551
926 380
850 131
211 63
572 631
321 655
108 832
817 785
674 325
84 512
606 863
212 81
371 865
184 621
386 589
864 376
788 32
74 832
781 925
43 184
552 72
44 969
695 629
500 781
205 343
120 911
177 237
173 818
107 308
225 8
123 368
542 126
790 260
786 341
730 570
589 533
945 362
473 658
91 397
618 141
242 44
435 615
542 245
990 251
893 259
807 229
869 683
894 605
238 781
260 925
275 422
120 374
185 878
178 319
948 863
664 3
587 852
411 842
180 349
3 86
498 363
15 488
272 265
193 393
823 505
627 591
26 365
957 423
568 175
324 619
696 246
219 94
116 523
652 8
203 896
285 97
72 80
957 637
731 287
972 54
385 372
332 319
879 665
949 494
399 46
429 843
238 136
484 854
505 736
664 641
839 718
725 749
975 424
724 211
496 760
990 780
416 766
91 137
736 596
540 524
430 561
409 604
926 572
202 588
237 457
622 114
118 717
511 452
246 420
637 227
37 206
490 649
50 576
496 862
575 364
405 691
221 984
45 36
642 566
462 280
169 484
887 59
268 800
15 618
690 494
788 891
130 356
425 649
267 57
416 865
898 787
553 331
439 739
163 114
69 538
247 256
887 232
154 810
505 976
722 998
414 50
314 769
629 840
639 82
519 491
933 166
15 369
892 972
925 586
2 76
951 449
146 427
560 932
448 826
884 130
26 677
120 200
230 951
299 181
393 404
707 794
500 970
452 162
620 710
26 420
745 816
391 726
590 96
754 792
763 483
429 266
609 219
196 144
493 892
442 983
838 608
982 673
81 580
610 86
171 274
894 935
409 17
140 602
334 592
766 608
308 94
461 441
958 613
575 114
932 507
578 440
161 637
837 271
31 368
137 828
809 723
429 133
935 581
495 738
30 627
762 504
429 295
779 261
389 140
950 770
465 287
292 256
471 959
565 91
963 880
904 296
223 146
844 986
585 375
963 92
818 131
870 316
128 710
808 93
784 901
454 356
530 104
155 40
821 336
755 416
831 888
719 937
248 784
76 99
778 345
256 316
152 204
37 203
162 216
943 454
589 436
241 247
583 594
64 459
662 238
246 295
751 536
651 48
891 986
288 923
268 77
447 550
752 581
136 161
710 640
584 479
432 809
192 872
43 931
665 815
450 407
454 191
166 57
323 105
681 791
983 298
576 800
479 436
56 83
608 10
689 489
607 914
717 84
927 703
864 15
317 693
493 692
465 264
536 938
9 588
805 323
158 834
990 260
920 678
592 775
655 684
918 170
837 933
131 712
556 543
543 76
581 681
333 730
70 539
457 608
773 996
940 493
779 943
203 699
946 73
430 682
420 729
650 425
118 163
827 261
991 649
617 122
256 22
393 385
35 608
522 125
979 603
654 543
207 827
17 7
513 402
640 771
589 650
542 262
571 197
455 27
902 368
555 166
832 455
579 95
642 757
513 586
573 19
175 351
107 692
805 22
35 131
86 262
286 296
105 711
867 786
768 403
675 632
717 772
294 766
825 494
622 983
440 298
233 685
379 897
488 100
270 505
188 795
660 560
433 592
554 520
478 554
979 454
163 325
96 950
753 74
1 925
292 390
877 338
333 944
171 915
176 858
900 184
618 102
619 674
656 732
60 516
300 290
553 510
203 313
240 514
699 343
809 446
493 551
157 51
404 555
417 697
325 61
464 95
886 894
53 48
446 172
833 957
643 977
158 283
327 463
890 517
570 252
788 978
216 210
404 467
292 575
379 575
653 454
163 529
590 75
131 201
180 560
561 392
950 254
33 529
418 184
546 555
505 356
445 748
843 604
378 878
427 164
270 107
947 238
21 217
635 86
255 84
936 691
832 187
981 362
713 922
328 745
237 980
601 374
346 438
491 721
168 484
721 766
786 502
786 12
311 904
456 732
569 157
107 249
96 615
992 940
989 649
887 168
558 668
388 369
940 558
296 835
618 824
745 695
389 974
818 447
322 727
740 166
369 485
696 155
217 636
800 848
830 900
636 64
282 659
224 981
447 755
838 70
240 492
718 736
558 212
756 72
497 7
686 73
297 130
787 99
409 501
910 537
793 820
371 954
231 947
585 552
521 888
460 678
112 693
792 117
903 729
846 328
1 813
875 653
820 974
85 128
388 968
192 414
685 317
521 965
987 499
335 103
584 916
73 887
610 28
889 191
798 382
480 122
180 932
49 398
646 420
494 121
438 820
575 447
494 325
5 501
465 67
609 877
830 902
877 519
787 968
843 126
352 342
467 553
456 171
127 751
870 74
398 684
326 431
179 409
50 72
633 369
829 721
546 790
42 223
412 27
57 523
828 100
654 220
869 11
414 730
663 182
546 441
506 54
777 236
475 641
763 400
438 32
975 652
337 176
822 900
507 485
868 239
591 431
18 646
599 936
2 121
439 869
260 872
152 733
186 169
404 848
105 391
236 591
457 710
187 857
75 61
320 331
500 285
98 410
953 216
154 31
629 628
907 363
896 93
53 568
745 356
559 881
457 969
697 458
446 726
156 571
682 584
444 472
467 586
610 946
695 413
304 745
202 232
468 278
934 903
147 187
168 594
457 564
365 932
116 362
849 484
306 605
779 887
436 870
376 882
406 620
335 738
912 17
490 469
77 839
897 599
900 779
555 596
755 74
538 48
596 247
404 925
475 28
643 642
133 354
492 403
80 570
823 129
106 608
482 26
331 967
816 465
503 353
258 409
140 470
775 227
906 594
134 732
401 636
611 406
180 677
561 931
464 839
288 0
657 289
854 792
485 289
207 907
770 171
331 894
923 922
588 213
807 113
365 289
655 872
672 855
204 745
439 279
283 803
421 937
744 852
390 652
301 533
934 665
729 337
711 485
758 510
854 560
86 184
622 159
800 76
804 56
723 579
11 466
125 854
17 58
283 812
694 278
494 971
399 698
68 177
559 943
800 929
69 888
447 675
510 318
859 882
109 507
930 576
421 873
486 126
979 562
216 727
19 494
826 526
890 203
94 141
713 247
279 102
924 405
998 895
867 574
171 384
511 660
902 663
941 428
653 289
432 349
526 943
177 339
349 648
54 771
256 29
294 654
513 565
653 547
924 432
263 730
148 3
724 977
48 323
653 244
552 146
839 493
746 42
353 770
750 87
53 56
40 964
495 994
777 152
90 402
283 231
141 869
473 899
80 834
533 644
224 503
115 48
627 90
998 642
685 462
65 778
316 686
762 622
181 382
267 865
512 967
597 124
582 550
152 138
681 795
745 64
287 658
492 229
800 670
242 241
995 392
96 933
587 762
254 176
538 15
756 547
740 949
568 404
860 925
220 200
729 479
950 3
224 149
807 13
885 407
693 125
436 165
499 403
160 910
35 723
686 37
606 20
121 549
629 785
217 484
545 858
522 733
40 69
695 458
595 473
647 885
200 782
149 353
430 256
439 219
169 677
897 679
680 901
220 247
891 356
223 25
177 345
988 969
473 182
344 809
410 470
975 417
920 21
554 848
565 245
911 659
865 327
150 656
362 949
588 319
707 852
850 806
200 751
765 178
117 862
660 4
680 384
774 440
204 2
392 911
845 821
444 501
27 388
689 499
536 281
33 252
954 657
331 72
34 149
113 385
991 667
618 50
189 869
859 878
887 895
459 922
463 312
105 121
459 336
200 838
979 53
740 492
351 256
569 769
506 298
101 139
456 481
592 432
191 270
214 521
120 659
447 987
938 128
645 776
815 787
861 939
495 678
138 6
83 973
712 580
837 165
219 127
812 847
205 776
819 66
226 70
498 910
860 529
399 770
251 641
76 889
48 801
856 65
7 688
209 565
421 412
219 619
784 143
29 387
991 634
89 779
80 431
994 779
298 251
638 158
398 877
523 489
180 783
994 86
20 238
990 886
525 746
124 570
656 952
905 646
716 389
918 271
325 649
566 120
155 319
131 150
14 806
716 751
27 476
953 582
614 900
950 811
529 782
66 689
201 185
80 188
276 341
513 532
300 150
382 405
694 652
221 994
968 766
45 639
935 313
908 79
888 993
446 316
41 739
462 736
214 448
619 368
391 535
98 318
166 257
621 165
373 24
167 583
701 670
288 910
245 222
329 404
614 922
89 608
681 931
163 678
376 621
566 272
171 57
345 637
788 396
582 643
376 623
80 849
413 681
846 564
742 267
451 592
188 596
487 140
107 989
843 58
84 472
701 386
914 713
212 785
565 939
28 812
289 941
340 51
977 792
530 17
965 84
558 614
766 539
934 609
652 223
311 433
845 763
545 655
438 782
778 85
791 138
891 617
779 224
15 158
575 352
946 47
359 401
234 453
123 946
645 173
125 644
528 733
796 240
885 688
251 554
247 598
854 505
432 69
881 117
53 839
295 782
329 410
687 506
979 205
903 322
440 894
690 836
468 651
366 659
300 409
857 831
102 3
85 202
589 334
115 531
505 411
877 191
138 64
422 168
614 267
3 912
321 282
577 145
110 188
290 699
817 838
277 415
185 937
577 507
224 714
405 247
637 851
32 128
280 53
985 489
515 697
867 261
154 49
908 120
759 254
259 8
837 425
90 859
300 836
151 485
863 459
145 321
634 251
726 890
771 596
980 970
749 61
926 938
26 872
881 221
488 388
317 666
959 190
95 75
417 939
86 116
813 299
323 998
958 733
442 372
47 672
188 198
140 373
379 999
30 833
237 1
984 778
886 831
915 966
447 24
944 170
985 865
13 708
207 338
336 110
47 232
557 34
778 20
441 327
35 79
425 200
153 369
232 373
634 876
62 922
314 721
225 583
304 778
73 388
823 233
847 523
562 519
645 424
834 462
934 508
638 318
824 4
196 290
851 583
672 441
767 21
133 888
527 884
239 134
871 29
648 134
30 335
698 368
640 434
714 287
42 89
136 918
131 578
665 451
330 398
958 660
450 167
612 625
438 86
134 374
345 552
781 133
500 512
482 839
361 695
898 411
352 288
880 240
950 338
615 314
198 936
127 690
273 459
373 96
269 829
483 329
637 257
492 726
706 240
754 858
880 870
426 221
806 350
697 962
941 596
60 691
366 783
555 784
236 975
91 433
260 239
97 147
437 933
637 538
564 799
923 439
348 230
498 569
106 773
245 705
643 470
540 433
795 545
329 808
957 862
434 397
786 820
501 287
549 510
910 217
607 545
634 760
909 16
828 921
189 425
192 403
758 585
73 518
901 492
397 735
144 159
475 535
62 288
389 304
146 535
572 251
739 19
120 223
187 289
397 934
361 942
237 395
499 813
138 447
987 856
829 586
713 522
615 550
69 684
260 497
810 894
584 939
654 675
473 180
542 341
112 670
325 677
69 585
527 411
603 429
683 8
795 532
451 419
236 956
304 769
828 749
603 708
643 84
314 407
754 696
933 719
519 395
412 593
588 478
829 365
395 547
73 591
113 568
710 321
1 769
683 299
696 936
190 770
486 383
369 921
1 595
353 123
853 434
709 834
533 873
960 935
386 479
804 9
976 290
558 329
148 50
620 257
807 74
748 655
557 435
572 743
467 23
156 345
836 240
380 657
10 386
728 402
110 29
974 471
208 77
592 5
594 401
226 238
437 309
231 743
354 998
91 649
367 717
895 808
55 430
701 421
479 697
910 356
439 38
463 389
975 814
636 861
766 591
546 694
249 749
566 866
483 998
171 812
231 23
734 456
68 372
400 397
423 211
585 936
141 235
62 439
105 702
867 537
637 132
93 214
636 63
368 61
205 24
49 592
595 397
515 290
225 104
137 577
785 525
339 759
635 561
923 97
562 867
907 975
90 425
357 710
405 293
257 136
380 848
993 814
854 387
497 17
716 943
122 109
303 317
495 314
110 508
576 417
99 624
186 792
166 735
332 532
527 0
817 801
91 569
571 558
419 463
353 912
846 361
363 565
773 939
887 394
488 168
261 317
141 399
25 464
261 975
167 656
949 137
522 501
841 209
254 538
848 49
315 389
716 330
306 474
297 611
533 655
907 341
427 754
530 121
154 189
400 687
162 291
565 288
397 286
872 499
135 623
855 718
233 63
523 393
642 849
201 622
603 933
173 130
626 266
858 509
953 314
802 123
682 21
713 992
642 434
711 326
309 980
759 378
273 927
252 543
404 876
570 247
900 579
835 512
71 0
799 843
365 564
404 998
978 208
223 973
357 600
748 156
917 183
477 494
702 870
754 919
671 172
765 270
200 856
41 504
33 594
499 162
937 691
668 479
211 27
632 575
58 927
104 298
400 97
794 39
997 780
579 570
642 159
113 605
158 120
865 461
561 106
181 618
693 850
509 441
720 712
557 940
317 875
230 641
882 951
262 718
953 930
759 814
907 927
147 941
360 203
179 524
544 660
181 734
202 77
47 210
72 827
467 333
706 277
441 859
936 53
490 293
985 570
466 444
757 592
984 681
893 457
997 264
579 878
45 599
482 927
912 263
973 308
134 318
242 727
976 63
662 672
64 497
67 785
988 852
899 803
275 502
889 227
146 86
231 558
722 787
127 532
693 854
24 470
434 557
381 788
231 31
310 79
406 995
857 229
26 912
455 776
773 233
42 749
892 970
912 845
9 744
660 138
418 561
102 613
507 867
161 544
586 144
91 15
501 605
889 105
481 780
463 627
746 773
984 543
106 320
343 393
69 278
397 649
872 79
124 862
350 725
542 213
492 401
117 161
853 471
346 248
559 702
322 27
366 916
234 617
786 54
515 406
519 266
995 264
201 798
492 201
468 469
625 517
89 371
559 707
24 367
165 516
631 917
856 297
259 881
410 600
185 456
-1 44504 47601 37377 -1 -1 -1 -1 -1 -1 -1 500 17696 -1 28177 -1 -1 44738 7014 3754 -1 -1 -1 -1 4778 -1 -1 -1 -1 -1 -1 -1 -1 31883 -1 -1 860 7770 44624 -1 -1 -1 -1 -1 -1 -1 3998 -1 29844 -1 -1 -1 -1 -1 -1 -1 -1 7069 -1 4940 -1 -1 -1 -1 -1 -1 41325 -1 -1 -1 43531 -1 -1 -1 -1 -1 -1 -1 -1 -1 -1 -1 -1 -1 -1 51901 61672 -1 -1 -1 -1 -1 -1 -1 19648 17258 49471 51461 61941 -1 29531 -1 -1 -1 -1 3857 -1 -1 6814 -1 7268 -1 -1 47196 3372 11427 58762 -1 -1 36559 -1 -1 -1 -1 -1 -1 -1 -1 -1 -1 -1 -1 -1 -1 -1 -1 43886 -1 26619 -1 -1 -1 -1 -1 -1 10959 -1 -1 -1 -1 -1 -1 -1 -1 -1 -1 -1 -1 -1 -1 27480 -1 -1 -1 -1 -1 -1 -1 -1 -1 -1 -1 -1 -1 -1 47337 -1 -1 -1 -1 -1 -1 40093 -1 -1 -1 -1 6793 -1 -1 65200 -1 -1 -1 23957 -1 -1 -1 -1 -1 62165 -1 -1 50546 -1 -1 -1 45263 47188 -1 -1 56540 -1 -1 -1 -1 -1 -1 -1 -1 -1 -1 -1 -1 -1 -1 -1 -1 -1 -1 45469 -1 -1 9057 -1 -1 -1 -1 -1 57141 -1 26821 -1 -1 47462 -1 -1 -1 -1 -1 62503 -1 -1 -1 -1 63459 -1 -1 -1 -1 -1 -1 -1 -1 -1 -1 -1 -1 58853 1747 -1 -1 -1 -1 -1 -1 -1 -1 -1 -1 64365 -1 -1 -1 28056 -1 -1 -1 -1 44787 -1 -1 -1 -1 -1 33114 -1 -1 51006 -1 1511 -1 -1 -1 57381 -1 -1 -1 -1 -1 -1 61787 -1 -1 -1 -1 42974 17171 -1 -1 -1 18633 -1 -1 -1 -1 -1 -1 36950 -1 43880 -1 58839 -1 -1 -1 -1 -1 -1 -1 -1 -1 -1 -1 -1 -1 -1 -1 -1 -1 -1 17218 60382 -1 -1 -1 -1 -1 -1 -1 -1 -1 -1 -1 -1 -1 -1 -1 1464 24586 -1 -1 28014 -1 -1 41045 6367 8108 -1 -1 -1 -1 -1 -1 -1 -1 -1 -1 -1 -1 -1 -1 -1 -1 -1 1146 -1 -1 16133 1785 -1 -1 -1 -1 -1 12020 -1 -1 -1 13835 -1 -1 -1 47757 -1 33486 -1 -1 -1 -1 -1 -1 -1 -1 -1 -1 -1 -1 18618 33934 -1 59481 -1 -1 -1 -1 -1 40907 -1 -1 23632 -1 6079 -1 4938 -1 -1 40378 -1 -1 -1 -1 -1 -1 -1 7033 -1 51603 -1 -1 -1 -1 20757 -1 -1 -1 -1 -1 -1 -1 -1 -1 -1 -1 -1 -1 -1 -1 9061 59117 -1 -1 49921 -1 -1 -1 -1 -1 -1 -1 -1 -1 -1 -1 3852 -1 -1 64426 49412 -1 -1 -1 -1 -1 14473 -1 -1 -1 -1 20 38183 9175 65047 -1 -1 -1 -1 -1 -1 -1 -1 -1 -1 -1 -1 -1 -1 -1 -1 -1 -1 -1 -1 -1 -1 10430 9627 -1 -1 -1 -1 -1 -1 -1 -1 -1 17954 63518 -1 59358 -1 -1 -1 -1 -1 -1 -1 -1 -1 -1 -1 36794 -1 -1 62039 -1 -1 -1 -1 -1 -1 -1 -1 -1 -1 24448 -1 -1 63365 -1 -1 55434 56666 -1 -1 16160 -1 -1 -1 -1 -1 -1 -1 -1 -1 -1 -1 -1 -1 -1 -1 -1 -1 -1 -1 -1 -1 -1 -1 -1 27044 17074 -1 44788 5722 39139 -1 56267 4882 28467 45180 -1 -1 -1 -1 44231 -1 -1 -1 -1 -1 -1 -1 -1 -1 -1 -1 -1 -1 -1 -1 -1 -1 24038 -1 -1 -1 62151 -1 -1 -1 -1 -1 22155 6293 -1 -1 -1 -1 -1 40435 -1 57689 -1 -1 -1 -1 -1 1578 -1 -1 -1 61278 -1 -1 -1 -1 -1 -1 -1 -1 30815 55684 -1 -1 -1 -1 -1 -1 -1 -1 36424 -1 11114 -1 -1 -1 -1 -1 48614 -1 -1 -1 -1 -1 -1 53746 24161 -1 -1 -1 49361 -1 -1 -1 -1 -1 -1 -1 -1 19125 -1 -1 4879 41583 -1 60480 -1 -1 54889 -1 -1 -1 -1 21197 -1 10682 -1 49483 -1 -1 -1 -1 -1 -1 -1 -1 -1 -1 -1 -1 -1 -1 -1 -1 -1 -1 28339 -1 -1 -1 -1 -1 -1 -1 56368 63918 -1 -1 -1 -1 -1 -1 41001 32026 28730 -1 51429 -1 -1 -1 -1 -1 -1 -1 -1 -1 -1 -1 62312 -1 28365 -1 -1 -1 -1 -1 16898 -1 -1 -1 -1 44388 -1 -1 -1 -1 -1 -1 40546 52654 58577 -1 -1 -1 -1 -1 -1 -1 -1 -1 714 -1 -1 57928 -1 -1 -1 -1 -1 -1 -1 -1 17744 -1 49239 -1 37002 -1 -1 -1 -1 -1 -1 -1 -1 -1 -1 51231 -1 -1 9872 17769 -1 -1 -1 10788 -1 -1 -1 -1 -1 -1 -1 45812 -1 -1 -1 59176 -1 -1 600 -1 -1 -1 -1 -1 -1 -1 17209 -1 38636 -1 -1 -1 -1 -1 -1 -1 -1 -1 -1 5241 9857 38271 -1 -1 8957 -1 -1 -1 -1 51499 -1 -1 -1 -1 42982 -1 -1 -1 -1 -1 -1 -1 15260 -1 -1 -1 13088 -1 -1 -1 -1 -1 -1 -1 44570 -1 44864 -1 -1 -1 -1 -1 29791 -1 -1 -1 -1 21727 -1 -1 -1 6655 -1 -1 -1 -1 -1 -1 35111 -1 58488 -1 -1 -1 -1 -1 -1 -1 -1 4719 -1 28405 -1 -1 28140 -1 -1 26796 -1 -1 -1 -1 -1 -1 -1 -1 -1 -1 -1 -1 -1 -1 -1 -1 -1 -1 -1 -1 -1 21638 -1 -1 -1 -1 -1 -1 51119
8
1 541 10 385 0
1 906 10 254 10
0 228 5 27 14
1 945 7 615 13
1 714 8 817 13
1 602 14 559 5
1 815 9 563 10
1 556 5 139 11
