1000 5000
390 988
870 624
394 907
993 439
993 321
567 301
620 735
866 349
3 812
339 18
526 989
292 773
8 953
483 554
734 610
910 352
353 592
857 856
458 342
549 127
521 200
571 58
29 175
190 822
490 573
770 138
675 551
74 38
312 504
424 317
860 831
998 118
408 532
41 160
542 95
549 737
122 884
775 10
70 828
689 758
93 27
639 516
669 256
261 7
456 264
848 385
387 19
323 56
161 569
869 291
990 756
3 117
857 674
508 88
62 158
422 511
341 566
255 331
868 250
251 493
48 261
333 187
792 142
899 364
250 945
166 656
172 914
604 490
679 964
726 19
348 770
27 757
661 494
182 849
214 869
298 343
756 94
936 489
519 617
970 465
15 6
79 962
299 724
605 892
614 115
299 527
353 365
676 466
816 399
635 655
272 965
827 280
847 321
848 111
208 841
31 551
786 392
364 688
154 289
3 263
678 559
417 240
481 925
729 482
450 669
79 920
774 624
177 925
337 730
419 631
167 961
979 36
906 180
873 757
565 171
239 127
684 948
853 223
907 796
570 530
897 847
700 533
63 496
147 276
317 991
489 358
22 498
920 956
966 897
175 550
270 374
566 58
156 825
382 737
339 203
759 508
60 137
289 471
744 706
820 955
136 808
976 790
117 552
284 134
286 782
289 782
248 666
451 37
731 81
542 277
648 563
214 587
379 746
837 267
754 218
177 851
703 621
774 947
538 825
656 81
462 144
856 785
635 924
900 279
217 407
599 887
402 869
457 755
293 341
220 190
317 863
79 730
987 337
689 264
455 610
526 45
266 657
293 67
217 598
956 847
519 568
72 288
106 198
903 900
38 683
269 42
799 194
796 883
783 249
295 756
770 266
543 70
354 967
990 319
848 21
206 124
119 608
444 364
112 854
219 63
252 702
339 235
419 101
293 185
942 247
177 67
378 725
332 483
84 138
43 977
633 697
816 306
291 837
773 301
192 563
131 539
799 424
230 442
9 825
740 45
178 426
648 460
275 702
177 558
917 925
537 709
191 273
662 369
252 466
808 949
678 227
285 193
994 481
792 44
26 216
360 442
475 283
207 562
496 982
311 457
431 395
215 465
762 357
958 135
399 498
571 106
828 254
5 483
352 877
945 319
120 179
794 610
527 521
183 673
153 189
462 280
986 143
326 247
351 54
104 546
41 130
912 715
138 311
992 16
311 61
267 521
184 220
266 154
621 920
558 220
481 596
633 133
582 883
588 161
131 303
475 613
243 600
992 216
705 64
683 100
732 540
630 461
975 712
533 149
307 366
866 19
805 707
363 422
946 850
310 908
85 459
605 523
347 450
637 658
623 566
494 146
500 337
124 331
339 486
896 544
333 970
85 811
79 362
26 477
363 338
386 366
357 56
407 531
57 733
564 163
322 924
175 663
756 455
585 250
220 86
417 738
791 824
201 562
166 879
7 235
904 725
409 886
352 891
645 178
930 673
202 593
239 499
849 399
391 613
248 201
688 878
57 834
483 909
971 249
285 47
993 407
827 859
284 425
448 663
540 69
718 334
739 569
84 320
889 29
769 303
205 609
856 379
512 570
101 99
554 100
66 356
601 992
980 888
470 980
745 171
873 133
812 216
32 54
542 570
344 32
313 403
412 267
582 294
298 545
650 696
470 730
430 336
151 596
617 358
894 166
685 611
696 580
905 967
839 150
787 197
496 247
709 65
672 511
192 785
109 381
746 134
317 905
877 540
892 872
376 903
100 324
70 169
160 503
530 903
757 946
964 248
405 997
142 788
430 464
691 349
577 721
897 61
237 64
539 159
398 900
45 293
140 629
556 492
409 189
740 562
32 251
972 782
610 140
450 984
448 44
58 45
29 656
904 408
654 247
897 743
58 214
2 957
769 526
984 413
951 855
33 2
336 856
133 276
20 189
59 338
699 348
313 460
748 611
169 84
839 569
43 920
148 59
754 227
42 374
112 933
584 534
450 828
509 872
916 757
126 840
841 206
31 594
909 281
776 385
974 434
636 723
722 803
97 313
824 40
452 353
7 928
236 688
191 334
249 71
904 410
806 466
699 590
417 229
170 699
381 126
600 849
137 181
343 796
709 448
299 626
148 633
177 663
226 891
687 357
356 637
533 112
208 530
136 449
854 150
273 467
580 993
592 389
966 303
590 722
926 505
775 297
902 851
96 890
478 538
969 960
887 975
256 123
168 533
196 399
570 343
736 634
369 108
30 894
596 373
89 579
261 441
25 188
534 81
269 40
806 618
227 28
369 6
756 180
560 889
187 451
542 276
147 381
832 535
819 939
141 939
46 728
120 980
339 908
774 414
259 31
840 362
345 369
716 47
175 859
144 794
394 165
856 82
948 623
814 616
572 51
219 531
467 718
523 684
480 728
421 296
702 738
11 472
799 165
442 453
463 402
153 889
687 276
152 405
917 177
125 856
135 299
4 396
205 201
358 622
477 658
9 384
148 393
730 607
9 765
882 432
393 997
157 720
796 805
856 520
816 621
606 397
456 970
335 650
225 543
836 187
479 902
202 633
760 157
95 528
315 854
986 303
790 184
913 775
928 443
225 805
177 400
634 812
247 725
549 558
148 386
9 554
535 414
364 297
963 620
147 271
652 609
287 794
914 529
311 26
515 139
416 672
712 576
114 891
379 444
85 571
889 845
557 349
579 506
0 182
365 348
164 229
39 678
571 930
819 397
324 624
656 373
471 110
757 70
511 75
855 318
443 85
737 845
3 582
102 804
602 999
511 146
315 63
492 364
664 404
103 487
911 353
136 189
235 579
74 461
994 689
548 732
850 318
258 375
879 79
953 124
456 341
118 468
142 860
232 183
683 896
471 457
643 513
597 836
69 560
521 935
572 875
943 166
675 386
484 289
493 420
156 164
458 562
755 830
169 808
213 868
259 808
795 941
510 959
716 406
840 130
708 678
303 919
467 341
41 259
378 874
802 968
969 953
541 627
465 104
942 126
905 54
124 494
806 334
681 834
285 710
57 277
801 538
245 352
421 479
110 35
826 600
595 788
262 868
4 421
54 258
438 138
445 337
489 888
522 752
183 324
456 172
12 458
355 904
290 935
885 195
594 961
502 296
484 947
717 910
4 149
547 605
718 814
131 931
333 712
382 458
554 10
336 753
149 511
351 785
280 934
545 746
155 398
214 602
247 259
896 816
301 459
997 404
779 21
254 465
817 514
899 515
204 474
477 159
302 904
510 202
498 63
354 819
132 49
544 243
690 893
913 450
69 600
4 59
300 83
199 573
759 641
434 351
341 106
260 520
198 973
796 170
799 91
950 207
929 804
268 31
406 75
536 249
12 949
176 924
110 620
476 726
679 192
102 613
165 921
71 43
657 901
490 741
50 844
753 652
265 280
355 93
347 403
779 622
807 25
145 296
265 100
68 123
271 41
962 819
948 289
29 275
206 643
806 125
24 177
368 331
539 93
997 268
131 338
690 196
129 317
105 391
235 719
80 286
904 593
681 535
815 743
921 546
148 844
68 185
176 224
11 732
472 973
197 426
756 857
559 460
729 414
275 601
556 178
537 448
287 689
74 909
902 325
930 372
373 645
629 495
865 649
341 587
908 664
673 522
732 234
634 800
432 186
933 444
57 486
387 578
215 163
299 597
963 543
94 17
955 234
37 632
899 361
295 565
227 772
315 931
377 493
74 14
703 397
455 534
997 955
895 1
382 210
275 276
827 946
914 326
136 737
36 396
476 482
17 235
967 170
314 614
471 638
872 35
237 25
188 777
64 401
744 80
961 329
209 541
597 58
484 286
717 349
334 101
53 561
149 942
560 962
115 675
520 308
67 495
248 483
749 730
372 477
772 268
940 22
831 380
691 515
262 786
244 374
232 858
869 295
755 614
742 158
512 624
186 105
983 136
562 791
564 76
674 384
508 904
11 67
230 106
325 748
307 657
976 18
666 433
318 611
443 103
594 507
544 700
686 248
313 95
861 687
492 786
293 583
965 219
853 452
989 611
370 79
48 464
740 695
212 222
775 412
520 633
790 233
427 211
363 303
180 552
795 325
652 683
389 671
837 654
427 913
579 170
221 294
596 329
393 981
317 370
555 15
617 823
826 311
93 316
257 670
124 886
533 565
889 801
573 816
870 887
68 812
987 360
418 111
690 870
219 286
567 340
480 664
409 402
269 486
107 75
643 282
534 289
573 784
871 364
3 958
593 977
526 636
922 352
220 968
405 253
329 530
768 826
946 691
538 424
235 426
558 132
525 924
600 413
719 914
483 706
229 796
93 392
108 287
625 643
806 917
389 363
400 61
637 587
269 261
807 54
178 548
643 45
196 735
89 984
104 67
94 465
642 361
25 862
581 878
169 518
296 313
18 211
713 655
123 846
263 968
387 376
850 302
259 290
961 227
370 991
406 325
994 749
115 887
293 667
175 342
834 188
973 98
184 140
328 80
137 685
800 62
740 179
459 720
576 959
772 153
242 481
37 60
84 556
217 368
686 957
783 292
456 304
874 807
499 271
37 407
283 35
866 732
743 792
328 620
58 653
155 437
958 545
400 275
458 271
788 60
66 211
712 71
886 313
679 210
338 386
333 873
42 303
594 615
536 672
305 357
779 709
773 493
21 772
367 544
860 466
108 918
354 203
439 521
988 887
205 446
722 411
6 927
235 947
721 208
242 542
274 494
986 141
885 662
579 623
50 793
154 278
806 464
645 442
386 661
603 733
513 787
305 343
997 502
511 288
129 503
289 735
579 449
697 201
97 15
985 367
867 255
266 238
186 542
773 887
684 908
96 698
55 596
592 464
555 33
862 163
348 965
998 894
425 230
944 468
703 405
745 698
568 643
765 687
81 582
867 126
917 800
655 630
380 158
40 423
121 50
479 726
524 310
407 605
361 313
636 216
908 769
445 580
746 570
663 710
112 878
463 662
885 208
699 252
479 106
860 892
498 82
561 315
367 505
678 33
483 454
947 900
578 129
107 789
915 304
807 713
907 923
157 392
11 637
998 618
966 292
489 703
771 173
485 765
723 615
638 485
883 217
970 33
247 141
935 817
397 221
498 324
29 483
133 497
571 70
655 734
270 755
589 892
637 162
369 225
761 711
921 642
535 347
965 862
558 608
377 611
478 311
483 768
316 866
388 836
127 174
210 81
652 85
481 965
755 804
232 920
280 515
795 947
912 38
582 689
297 292
950 217
451 715
889 283
924 963
264 112
461 865
418 853
822 159
227 159
704 627
799 762
436 538
44 584
146 884
102 538
804 992
953 237
459 750
718 805
223 774
202 907
970 542
680 190
938 994
393 18
95 526
902 396
977 733
540 581
97 395
450 947
994 34
10 22
673 654
880 449
962 713
933 248
429 129
262 895
617 155
230 756
858 576
610 802
94 97
819 5
78 49
148 755
9 462
2 734
529 151
761 737
103 835
602 741
370 987
611 442
635 62
990 873
182 894
258 729
529 81
689 597
240 944
914 210
363 903
498 499
755 277
358 961
224 598
142 742
926 922
995 755
90 806
280 680
574 80
613 371
847 428
27 364
323 541
83 347
973 196
459 63
155 544
473 16
144 41
541 729
717 160
777 272
305 186
210 910
153 786
492 915
399 218
418 152
962 320
869 137
867 147
92 251
129 474
579 611
685 187
884 810
519 289
566 199
689 513
545 415
817 926
623 256
941 8
398 825
511 263
172 345
896 993
124 251
898 166
660 131
131 647
922 751
258 40
561 705
509 356
391 796
22 6
468 866
961 19
763 191
520 51
796 834
601 451
703 626
518 900
538 477
399 627
567 221
64 55
535 509
267 260
79 288
955 261
78 767
58 63
588 72
120 878
9 801
982 466
727 546
525 905
723 631
551 387
759 642
766 286
67 362
205 941
850 247
762 601
856 307
724 74
374 849
113 327
600 61
88 634
490 743
497 43
495 841
621 431
420 271
855 146
8 498
249 369
91 923
526 685
552 647
190 318
893 927
681 455
967 8
508 528
339 637
553 947
255 176
844 97
796 277
630 603
247 169
708 470
433 947
271 86
93 198
282 447
960 63
400 80
969 483
282 791
546 884
929 806
617 739
158 950
396 286
667 26
152 53
396 326
576 449
552 353
43 154
671 352
129 75
66 348
686 477
58 820
302 383
705 734
774 881
631 282
399 43
458 720
617 355
60 103
665 255
306 893
65 475
290 595
23 334
900 927
765 55
546 658
100 281
671 564
825 414
928 407
933 798
70 833
397 89
963 917
2 248
810 386
383 993
18 577
410 375
945 901
929 726
682 711
456 21
997 447
795 71
779 839
718 308
670 561
815 36
876 474
221 762
461 329
60 144
621 144
362 847
392 243
170 741
748 27
933 725
806 526
585 720
927 159
536 263
99 93
504 23
207 243
782 419
594 283
412 479
264 185
886 221
850 704
880 689
543 659
958 547
59 691
928 181
706 375
589 586
806 996
625 513
350 323
716 868
614 150
530 113
514 293
933 808
117 422
72 97
489 425
130 823
183 283
938 568
493 181
85 385
844 500
676 174
482 178
828 180
479 857
810 864
105 81
91 315
423 256
336 380
806 282
171 23
831 461
302 658
71 694
327 469
412 824
288 123
49 357
491 17
945 629
463 239
751 865
375 487
935 853
81 637
861 368
179 316
808 98
373 137
119 652
461 859
121 790
301 579
472 781
207 629
701 598
684 146
14 184
54 42
305 631
864 980
357 308
716 313
977 730
602 881
419 304
239 144
720 705
500 31
218 80
611 607
174 904
398 119
187 317
906 239
31 613
900 111
486 669
260 251
253 930
156 638
346 292
122 273
682 529
893 548
317 504
423 463
684 662
280 121
27 954
491 7
742 199
283 743
207 362
947 488
590 993
53 15
564 350
952 64
218 817
988 318
775 550
80 767
209 501
423 412
69 441
16 925
631 654
319 257
193 684
282 581
517 243
382 975
716 709
566 735
36 953
195 149
28 5
214 985
753 607
825 189
864 809
293 86
734 388
256 50
640 664
97 110
284 612
854 897
181 26
214 640
809 90
448 209
477 31
148 985
288 949
805 287
914 898
44 428
171 85
63 604
497 577
87 103
967 138
989 433
563 286
211 197
495 954
91 642
819 12
129 281
785 205
853 567
477 736
6 332
786 174
355 693
48 528
541 488
720 850
123 822
478 330
204 177
325 378
508 954
453 693
784 10
465 39
572 950
374 381
543 322
341 430
255 308
508 439
722 815
140 982
479 203
592 140
410 485
59 767
902 996
230 693
207 726
623 745
20 2
418 848
222 766
318 87
0 336
52 135
566 838
517 288
580 78
510 481
594 555
276 415
201 132
350 316
457 292
524 274
504 114
185 958
691 405
487 691
953 64
475 363
554 425
890 931
709 869
447 386
302 110
113 728
241 910
896 559
734 309
234 571
453 260
460 641
746 449
330 760
780 320
410 497
835 488
332 995
524 219
998 533
659 150
572 207
687 710
689 652
231 96
799 940
700 153
658 54
981 558
851 412
630 964
435 279
397 796
292 90
935 766
925 570
802 535
329 39
850 103
631 707
833 556
842 175
284 117
392 595
417 917
357 317
130 702
997 494
374 835
278 175
782 964
23 760
384 605
858 202
815 384
341 383
507 210
591 932
190 715
796 744
761 53
853 6
954 978
80 151
189 497
287 286
335 803
458 685
394 182
237 117
621 13
594 295
814 419
810 64
4 27
867 222
904 194
966 480
272 931
665 670
433 24
165 114
288 948
143 245
655 201
848 830
461 487
573 145
929 230
213 981
57 322
457 918
489 293
727 267
276 837
419 300
463 891
759 652
953 819
569 478
694 844
514 758
213 592
268 642
54 284
562 53
313 288
611 695
845 885
669 311
556 573
703 810
616 693
889 576
11 191
377 540
974 339
765 324
4 687
467 947
44 99
952 965
34 763
958 225
439 308
912 335
385 586
129 856
658 471
566 39
94 658
987 145
254 982
263 362
824 796
903 435
63 410
603 218
88 231
733 406
459 185
588 83
926 270
933 516
571 780
236 892
955 884
365 230
73 293
764 402
453 285
649 224
914 332
321 976
112 31
363 773
179 122
307 837
414 659
237 458
71 308
795 500
134 472
542 776
726 157
408 702
669 239
682 380
681 775
197 410
620 622
982 20
23 158
471 84
721 124
119 684
330 406
430 305
871 418
372 578
693 20
629 393
695 393
234 765
521 657
621 3
518 332
317 434
723 671
476 418
142 4
213 521
316 630
536 579
753 941
174 597
119 505
626 354
781 688
862 162
199 386
916 956
583 474
924 658
911 426
896 718
587 137
822 690
364 426
270 370
223 955
279 323
313 146
961 816
658 360
84 937
253 33
656 774
76 600
454 663
634 715
468 535
329 230
241 344
127 883
764 831
521 116
191 766
924 90
733 295
402 641
489 341
441 629
147 951
690 185
980 732
549 266
921 638
489 75
63 80
440 286
822 555
938 715
550 851
911 777
504 681
385 805
138 142
878 540
582 636
140 376
934 53
121 868
389 689
585 54
415 445
257 575
514 81
317 218
418 42
363 179
845 626
588 203
511 949
431 367
294 334
531 66
46 605
213 339
812 808
304 757
868 444
518 842
678 784
224 744
51 97
903 736
981 738
865 189
234 137
28 958
341 763
605 214
810 844
406 199
111 183
803 531
669 40
784 246
492 508
715 514
420 70
878 336
198 856
479 703
165 136
664 269
117 219
355 870
680 653
52 109
121 595
703 360
866 941
253 777
396 541
966 912
277 414
30 675
918 14
703 832
921 491
443 824
266 935
970 722
364 295
181 166
231 918
534 946
184 414
914 443
629 740
241 606
574 327
939 816
582 543
126 577
791 609
679 849
900 919
716 574
570 781
522 920
130 729
906 408
113 473
717 21
168 800
978 322
101 68
158 176
714 662
207 999
289 306
595 93
482 125
120 192
100 540
949 398
745 245
438 166
584 935
52 904
37 568
450 953
765 891
523 482
239 405
988 580
560 175
102 160
461 177
216 966
965 980
282 201
238 633
67 152
509 80
166 544
114 389
258 171
739 949
480 328
105 56
241 141
516 666
885 550
54 254
144 844
728 736
73 893
52 541
724 8
545 702
86 128
661 940
225 340
354 204
356 197
564 862
132 641
356 357
340 291
267 227
419 225
598 980
814 876
255 209
994 676
651 758
889 734
334 826
35 42
884 711
982 252
20 555
468 329
828 919
676 840
628 986
286 343
516 18
728 49
112 673
322 175
275 660
992 854
169 433
629 252
422 650
463 449
233 942
844 208
668 157
576 200
572 206
484 748
436 97
110 514
268 511
45 197
718 312
268 261
754 149
344 949
689 698
823 398
751 411
708 170
859 960
519 548
195 398
523 245
726 124
606 795
454 370
34 945
356 6
10 60
844 886
141 270
816 431
586 75
304 187
872 444
832 950
647 150
338 587
595 346
256 836
481 715
627 112
867 978
75 236
901 740
726 518
557 163
82 323
415 65
251 933
585 837
212 661
563 583
863 390
943 404
354 454
6 544
181 617
63 851
148 966
762 415
471 100
840 451
738 399
578 403
753 342
201 940
526 531
74 61
657 925
191 541
514 571
47 882
120 951
995 480
946 21
118 377
604 673
538 965
870 498
376 567
883 62
848 871
909 377
187 433
964 874
199 591
643 770
450 376
800 150
349 66
395 358
625 478
621 483
201 687
528 457
364 613
801 988
387 630
406 326
49 285
936 230
922 70
523 567
788 638
487 881
817 270
491 772
486 837
689 545
364 640
182 364
332 436
378 182
437 698
799 43
567 760
154 71
810 29
888 43
773 316
243 68
407 776
944 210
542 672
96 166
790 324
340 859
854 481
858 531
539 566
989 980
569 247
990 549
84 519
906 851
105 699
959 452
894 259
393 107
703 663
798 698
227 582
589 763
760 242
179 404
656 231
629 120
354 712
448 918
666 332
353 616
974 727
150 239
990 534
487 674
465 358
613 619
139 828
792 129
910 940
25 254
994 410
327 974
845 762
622 892
370 241
552 738
566 580
998 721
84 786
31 212
74 19
691 162
172 401
365 97
422 579
874 127
847 426
354 583
845 113
216 450
751 925
755 263
416 847
752 793
705 583
584 970
602 918
894 230
240 10
308 904
740 393
71 984
360 143
536 949
870 276
654 23
425 764
283 631
734 779
391 233
615 117
118 594
393 420
304 411
624 328
295 193
949 1
34 537
525 193
347 890
860 953
136 319
591 702
247 245
225 20
722 309
678 561
138 790
465 927
55 472
310 419
149 646
68 43
357 285
652 40
924 984
556 478
351 24
628 391
356 851
270 111
386 628
710 704
274 710
789 616
767 675
407 771
336 446
538 430
958 741
843 555
993 448
102 677
899 453
206 489
871 768
718 973
539 836
96 304
405 586
935 848
510 508
265 930
411 798
274 397
572 425
326 182
944 89
663 111
671 728
254 888
374 672
426 190
209 49
7 9
93 226
900 440
798 479
866 827
404 552
590 698
443 504
148 546
147 277
744 320
152 615
94 535
286 24
864 133
420 357
318 220
987 179
881 575
289 15
778 527
955 523
643 294
808 519
130 788
793 107
760 857
761 767
78 33
791 648
935 526
172 442
954 640
23 433
126 317
658 770
436 939
393 543
40 313
447 759
368 604
561 496
570 219
3 214
546 952
223 325
505 49
805 570
532 994
388 191
100 668
969 613
294 730
847 673
971 241
562 483
521 370
985 132
688 564
889 238
332 360
179 922
937 547
856 120
701 930
573 370
290 433
799 312
625 468
375 316
414 954
594 168
34 964
258 31
155 944
941 183
967 485
482 651
686 83
480 251
810 18
745 630
605 642
382 58
59 551
101 654
84 950
278 777
539 252
312 25
559 172
694 450
454 967
441 977
610 767
243 205
530 325
413 500
732 520
526 134
579 153
607 9
372 132
706 821
632 81
32 669
330 27
861 736
327 596
642 335
99 991
582 137
669 344
629 146
606 524
994 248
138 611
844 980
662 131
189 942
833 28
360 567
396 967
994 356
478 765
195 51
938 414
429 338
721 86
692 774
15 931
131 514
514 655
12 42
562 410
342 709
958 251
533 220
62 322
829 853
561 898
148 163
82 163
481 798
770 871
532 602
80 206
277 86
437 671
991 387
34 167
278 936
892 374
221 706
933 179
31 717
141 389
20 886
529 878
610 526
783 344
571 654
926 943
411 183
146 528
581 144
561 286
842 333
974 484
476 386
712 137
48 712
459 57
609 600
401 143
609 903
387 332
330 717
854 558
976 364
816 956
94 854
624 160
464 881
599 278
276 995
85 451
584 129
770 492
39 978
392 142
543 341
232 251
682 818
176 121
872 498
612 145
266 357
270 620
405 741
57 793
565 119
466 433
956 25
441 352
939 397
158 551
453 467
479 491
354 105
465 800
119 860
571 1
689 755
571 115
6 149
567 141
901 548
445 13
985 946
605 582
768 450
305 148
87 936
363 510
45 999
708 237
881 535
794 928
209 850
12 83
395 533
858 306
909 164
273 34
305 371
956 820
685 265
456 414
788 253
358 644
265 287
640 115
163 823
544 130
214 385
586 939
916 516
104 336
911 476
893 238
310 967
573 79
310 96
384 600
481 594
732 208
469 871
72 889
279 176
18 812
525 773
240 30
924 998
453 166
749 741
914 917
601 662
693 433
451 873
443 767
817 379
838 463
915 897
864 314
775 46
237 887
822 774
608 167
821 430
529 910
402 144
580 757
879 450
47 941
908 514
576 899
197 114
413 429
992 54
347 885
333 356
996 769
47 466
427 481
742 259
493 703
636 657
507 468
324 230
120 97
932 647
303 207
374 836
917 545
608 333
371 288
900 268
604 202
359 243
160 204
619 654
814 255
301 83
241 729
418 682
937 238
464 684
454 154
295 445
452 140
531 562
574 384
128 97
657 253
748 394
281 958
798 254
812 250
319 325
620 425
327 123
826 574
538 439
571 845
431 998
807 50
744 548
202 598
867 746
84 231
681 32
705 91
628 342
460 856
648 110
371 591
350 400
551 827
9 324
614 278
747 28
800 668
943 951
962 279
969 870
379 479
328 293
979 936
912 750
699 658
662 825
529 777
428 640
918 773
647 748
926 493
429 795
899 396
919 17
591 549
133 583
585 725
948 525
369 348
217 371
708 967
549 67
173 57
619 76
265 176
5 125
761 872
527 79
866 721
849 712
726 283
9 691
555 170
544 532
343 906
161 374
243 907
329 106
685 819
392 30
747 908
590 100
139 730
829 634
269 382
982 354
243 840
684 147
126 532
789 675
759 15
935 292
742 588
586 836
654 597
133 678
205 346
714 327
258 887
697 566
720 354
158 651
572 706
243 362
421 636
277 545
138 968
558 600
309 145
538 242
953 541
786 822
888 117
787 715
523 590
680 508
779 480
700 386
203 425
889 719
904 25
882 313
958 112
653 548
306 113
305 32
827 654
502 718
760 931
212 760
887 822
96 916
742 640
903 851
722 70
144 935
980 177
264 256
966 74
952 330
519 304
458 952
808 131
13 285
779 492
273 762
232 951
196 404
53 474
992 486
80 382
275 715
374 671
190 751
789 981
7 764
164 337
501 382
902 590
992 545
376 793
178 124
555 435
369 125
689 783
231 427
358 63
843 852
614 834
513 994
68 467
405 631
821 803
326 124
627 175
113 231
478 112
582 386
925 64
288 294
16 223
504 690
308 692
779 537
825 45
581 288
182 464
402 559
742 725
639 946
861 684
67 814
628 419
663 745
629 260
481 835
575 389
858 555
99 113
44 853
536 288
39 855
223 639
980 444
34 774
968 801
575 370
850 66
590 408
47 504
248 296
147 417
232 334
659 881
677 962
878 279
568 675
671 202
161 892
124 75
855 279
666 560
539 306
127 505
176 765
795 121
799 360
460 712
299 11
634 595
358 640
187 165
876 557
580 96
254 715
693 354
819 482
767 929
220 150
265 825
2 656
879 404
235 135
741 719
229 22
6 729
313 884
490 553
616 989
294 405
839 310
117 973
588 667
337 261
927 394
893 851
694 293
742 335
160 443
647 50
659 281
351 336
313 540
379 473
520 951
464 512
687 518
446 141
101 80
475 626
149 682
161 221
183 874
266 680
971 371
165 427
248 868
839 128
824 318
529 3
393 24
150 38
367 191
735 40
235 312
553 462
400 673
889 428
676 366
374 962
97 809
888 716
154 988
714 955
877 241
648 299
646 265
880 903
789 650
934 589
887 370
39 81
949 183
960 930
559 691
990 158
194 455
588 582
635 510
350 176
27 378
365 626
533 889
407 980
591 282
273 118
223 764
369 717
21 62
864 274
172 190
610 218
104 451
184 482
295 620
906 337
684 73
634 828
615 867
294 136
63 913
650 22
400 405
684 287
527 660
409 692
981 767
820 628
877 348
764 838
371 987
934 697
302 764
78 618
688 685
338 134
978 872
634 384
162 830
643 106
598 255
635 921
868 741
10 101
892 357
143 446
500 106
498 393
650 873
238 259
370 907
847 365
19 758
232 851
686 766
50 893
714 628
616 517
810 741
609 951
608 42
765 207
879 361
774 614
370 630
123 258
926 272
754 268
916 693
367 656
270 919
865 608
270 393
982 223
486 272
809 419
872 879
373 905
791 15
975 452
438 27
333 553
258 65
937 634
500 384
171 890
951 815
816 484
507 432
820 400
451 157
819 865
509 954
488 932
612 304
850 187
809 200
674 977
584 897
665 121
756 834
825 452
680 410
235 407
45 869
42 781
257 494
789 796
98 660
946 561
303 956
691 889
971 389
736 848
574 671
929 610
433 111
73 483
589 290
286 619
676 310
391 563
611 489
603 212
128 569
186 608
151 575
430 525
508 443
148 830
922 544
358 654
954 575
143 916
531 37
705 516
355 158
447 276
66 330
384 547
28 489
184 350
456 446
725 624
528 336
21 522
383 833
191 272
303 438
905 459
11 532
372 902
352 570
376 386
326 58
562 929
357 751
196 653
733 580
681 264
533 506
263 138
504 655
667 958
256 246
429 38
350 496
677 341
919 933
906 627
254 300
505 269
996 311
665 73
155 141
888 190
940 114
970 276
169 702
345 299
776 362
518 390
677 69
116 281
789 803
190 97
388 587
19 124
775 24
749 71
758 665
639 971
71 226
961 726
400 509
164 63
402 942
287 922
809 456
843 796
178 690
350 396
106 716
937 170
630 933
370 168
387 333
364 570
481 883
647 630
375 895
450 80
959 856
727 800
277 608
461 618
984 710
904 543
33 747
64 203
724 261
704 904
884 518
671 361
325 83
722 989
374 666
303 576
44 115
99 455
129 92
91 999
185 829
597 925
104 833
356 906
401 350
793 654
722 858
150 810
230 708
423 665
365 865
572 415
6 90
638 875
697 820
806 267
691 68
484 461
336 514
217 840
709 259
804 644
678 287
788 797
376 635
783 246
494 779
514 903
190 165
727 868
843 797
327 88
755 573
18 907
820 2
615 725
738 568
444 429
715 927
560 605
143 315
733 931
326 85
196 943
532 694
617 605
803 687
766 47
884 46
840 313
425 156
232 966
819 677
211 136
201 113
252 751
191 931
344 209
965 970
744 858
5 654
470 38
14 910
919 565
71 31
199 478
917 115
179 961
119 44
714 287
988 535
358 240
816 988
258 926
397 857
846 75
313 26
643 456
166 493
948 86
392 919
179 146
941 195
307 298
565 614
770 708
74 640
122 587
278 587
192 581
919 897
268 326
334 784
63 795
927 463
776 813
506 310
978 28
997 979
895 114
923 317
930 589
960 232
872 222
484 659
162 985
913 921
290 804
540 149
637 206
105 243
480 883
20 776
653 172
449 757
64 105
61 944
357 252
633 426
765 813
889 774
192 442
72 952
883 144
810 262
348 419
364 205
527 290
234 897
544 984
415 510
17 155
83 891
846 159
523 93
209 201
147 774
75 631
803 978
574 144
630 142
955 658
45 139
90 15
547 765
577 195
783 754
133 668
335 39
95 779
673 734
146 105
1 539
350 2
224 800
163 293
731 441
392 693
115 267
618 517
647 123
869 114
156 775
880 44
49 526
607 227
622 738
354 300
320 57
53 961
339 277
304 13
541 482
594 408
79 129
775 755
578 140
38 160
12 453
141 396
815 878
518 372
887 170
160 446
521 72
666 563
536 197
698 112
265 684
60 583
709 498
203 924
218 526
875 542
874 685
80 742
930 813
376 669
923 645
774 69
571 734
268 984
817 101
699 85
96 12
545 35
655 865
522 489
17 603
104 608
936 774
234 922
91 508
238 86
679 55
991 343
384 177
124 826
492 212
82 870
930 906
89 265
526 550
32 767
368 28
5 619
59 819
836 805
150 955
324 766
882 714
106 892
299 393
113 386
492 992
3 241
476 816
305 811
485 206
622 705
777 980
539 970
684 637
764 229
552 538
9 257
624 114
267 809
254 14
308 283
751 580
364 123
685 699
239 475
6 243
136 264
480 703
619 143
111 739
587 974
689 438
202 823
612 175
213 782
941 978
185 553
951 305
895 506
58 696
457 335
389 958
684 616
993 37
649 786
622 988
170 95
213 595
846 110
493 467
29 628
101 315
897 942
311 519
50 307
547 643
601 379
390 336
660 944
861 909
736 752
526 52
650 890
516 620
32 851
317 278
722 457
945 40
974 694
231 56
903 816
47 139
772 810
168 139
235 839
369 129
523 747
719 346
745 621
178 857
125 397
877 330
311 774
811 257
932 455
476 981
76 536
183 442
150 769
712 930
834 340
176 291
896 658
316 844
916 815
616 332
927 308
217 215
172 359
351 494
59 720
201 349
948 685
209 815
15 812
951 994
817 95
833 709
160 891
366 126
560 740
723 664
753 810
453 983
913 697
253 218
901 573
222 715
809 449
245 427
80 2
498 12
885 370
183 715
77 204
9 70
411 555
55 677
316 731
735 292
294 913
330 697
250 893
841 736
960 347
468 236
53 196
890 864
833 712
675 319
555 919
873 633
162 524
961 723
631 752
695 77
16 108
981 385
375 651
905 922
763 0
341 750
743 391
527 411
433 53
432 818
926 99
838 360
773 992
416 485
193 177
80 803
754 972
28 499
944 107
933 266
370 6
557 278
958 146
776 401
655 393
612 933
990 923
601 400
71 447
739 655
614 239
510 506
339 67
156 796
732 249
144 978
904 480
639 919
40 266
415 946
119 880
928 908
963 275
94 604
268 528
636 762
115 747
645 356
389 586
563 607
740 644
485 721
420 279
923 956
196 986
805 679
207 992
692 559
550 664
676 32
651 527
968 148
375 916
414 904
647 343
932 497
749 783
599 384
794 425
56 612
437 20
125 832
801 879
789 909
219 532
241 382
896 483
974 532
460 705
661 689
985 136
721 821
503 318
625 282
471 223
544 907
892 586
515 498
751 350
907 815
343 7
592 626
979 546
9 383
945 915
190 898
935 128
118 930
40 772
877 143
955 172
639 888
427 363
780 74
288 306
752 471
38 476
768 268
696 618
868 988
394 934
633 766
266 532
966 137
667 201
661 764
44 437
160 461
351 488
66 763
874 460
351 587
542 135
313 602
245 519
261 893
367 767
890 816
581 787
341 153
960 367
244 680
351 381
587 381
43 677
370 814
18 781
56 207
258 147
440 23
927 525
791 718
355 154
509 877
914 190
994 408
185 542
191 463
151 863
959 481
353 169
655 82
27 538
695 391
49 623
48 706
516 187
364 588
423 294
522 403
132 101
722 862
977 309
729 923
628 614
310 905
471 932
215 943
592 905
555 874
731 663
895 518
418 947
28 963
147 142
889 175
935 367
666 44
786 863
978 447
705 672
556 101
526 44
636 491
219 815
832 350
549 504
750 320
677 674
202 479
36 129
613 937
44 501
436 415
8 49
954 656
584 731
455 533
65 920
641 467
65 878
216 200
231 481
100 652
478 854
32 663
12 944
413 421
391 536
40 826
987 956
487 979
706 245
908 685
216 96
962 690
150 46
987 520
580 362
253 600
870 652
353 998
686 799
905 167
471 35
904 738
484 421
788 107
531 342
373 976
950 434
385 25
86 755
490 539
379 140
480 525
520 316
0 742
455 568
245 680
756 645
878 644
759 603
946 70
299 757
237 716
956 888
36 265
990 739
730 761
335 899
956 187
375 384
905 170
631 219
554 518
920 141
876 808
364 977
910 657
166 892
647 65
366 160
255 312
930 729
579 76
167 252
865 394
977 970
943 185
479 348
723 958
456 454
875 71
132 490
670 431
532 478
435 844
50 509
618 521
713 304
235 112
774 143
282 163
8 618
152 443
717 709
822 566
502 445
344 124
220 302
701 915
295 93
336 819
851 790
908 998
214 621
618 263
946 919
745 936
300 673
561 332
737 646
504 840
960 451
23 266
419 992
320 80
561 46
854 385
720 689
265 109
523 597
630 923
894 141
761 366
999 86
782 746
723 861
537 123
967 444
358 141
887 124
674 96
265 486
292 34
47 846
615 84
423 465
400 188
969 33
181 428
580 923
672 60
498 199
131 382
379 630
42 900
113 190
970 987
26 210
841 753
651 965
465 861
468 478
122 659
486 594
76 697
533 646
718 217
620 96
603 975
749 293
541 463
194 79
929 146
721 116
407 431
666 891
181 377
678 782
492 290
324 565
395 816
302 797
757 188
661 683
367 312
619 962
930 261
3 223
610 32
423 362
459 734
786 387
777 561
671 409
495 265
601 289
818 39
497 648
988 621
819 296
838 579
15 771
694 389
937 739
278 645
947 686
841 84
991 977
375 279
253 431
968 546
712 296
816 683
759 778
107 79
370 982
276 746
297 674
90 882
930 532
360 657
275 547
417 550
288 110
205 143
80 930
529 465
694 478
964 854
463 839
684 261
774 202
651 583
16 83
919 401
951 676
52 851
260 706
134 948
89 641
50 393
825 796
271 190
46 527
794 475
653 104
711 967
934 493
159 6
792 147
561 977
87 557
280 399
259 129
644 189
209 772
79 485
863 599
667 418
622 763
750 74
429 793
426 920
828 416
339 335
713 624
370 277
458 158
26 321
944 758
47 847
293 458
193 523
781 386
978 9
932 467
464 997
160 758
277 85
277 780
637 396
362 314
633 339
502 142
62 175
903 263
179 374
645 811
865 395
646 150
468 601
631 872
701 443
345 613
241 144
340 282
261 543
670 735
555 173
614 655
794 117
146 145
315 253
131 292
366 475
526 210
824 638
10 145
332 974
734 337
347 574
293 178
165 645
296 69
938 542
436 993
216 186
371 656
844 329
224 914
962 321
416 911
820 927
308 998
128 972
738 903
209 124
636 794
528 258
938 115
683 101
4 619
68 910
21 722
854 188
733 479
665 626
289 51
955 294
6 926
512 353
856 365
88 495
653 764
245 375
208 136
712 485
81 559
99 998
886 975
722 149
459 232
484 740
870 175
193 439
585 22
659 81
623 171
923 486
882 552
974 506
96 174
366 7
848 884
952 377
651 130
842 105
41 565
778 339
290 934
548 521
940 476
535 827
145 100
760 831
783 517
240 124
444 381
642 768
525 956
815 400
675 731
729 244
34 305
24 601
975 242
928 261
188 473
532 130
51 291
223 810
266 953
742 498
975 503
664 872
829 766
980 793
437 609
31 358
12 11
803 781
987 680
982 530
372 869
600 720
138 931
601 615
276 957
285 520
762 914
877 536
13 762
668 793
174 31
552 677
298 402
593 324
466 190
973 8
301 861
788 110
925 13
13 738
340 715
813 590
789 516
807 572
718 184
213 781
803 557
818 762
887 363
205 717
604 914
684 165
967 567
124 100
80 261
215 992
940 809
840 583
602 173
889 133
816 298
748 495
131 963
534 38
441 308
981 161
506 73
462 858
831 534
637 542
143 443
99 194
211 957
798 113
72 810
588 361
169 4
50 990
273 927
719 168
372 416
195 331
22 205
624 195
141 705
438 16
531 921
76 412
498 713
391 88
822 223
976 729
166 58
878 539
342 949
893 120
343 489
375 477
86 811
634 466
25 182
480 852
343 200
620 405
883 158
301 864
773 89
508 820
524 763
927 183
746 718
292 514
582 986
974 117
402 918
957 524
47 581
156 201
461 956
920 83
480 954
514 373
822 642
945 145
376 982
383 182
589 439
253 363
660 608
706 77
787 22
547 615
809 875
995 453
321 244
913 131
131 542
338 657
473 104
953 171
332 855
98 213
93 599
740 998
375 998
220 305
639 455
730 253
203 724
816 469
461 769
93 96
719 293
583 881
493 697
258 842
755 468
54 822
58 350
472 340
73 474
835 802
485 656
342 291
320 287
889 28
750 637
776 346
4 499
479 987
688 726
817 531
608 372
26 515
972 723
763 366
843 754
60 190
245 164
864 262
878 703
800 264
727 240
275 98
385 234
121 186
316 132
472 247
884 44
43 937
196 568
180 431
732 612
402 245
576 625
136 1
462 687
867 375
661 25
56 516
578 376
849 878
733 85
307 5
402 363
462 558
601 428
3 45
605 469
325 404
485 694
262 211
81 483
596 491
858 272
431 223
350 908
406 93
39 210
777 906
4 29
44 368
598 184
495 978
259 69
642 566
267 663
324 487
844 343
202 611
343 969
339 101
551 403
352 697
793 303
247 122
105 648
44 596
591 956
607 830
57 720
510 586
662 441
106 461
178 206
920 250
273 133
613 540
116 68
414 725
58 224
312 192
533 974
583 329
240 440
13 312
749 586
373 661
843 956
46 828
756 46
448 408
754 857
104 514
433 189
674 505
247 144
998 14
686 213
17 40
207 745
6 199
643 678
441 626
168 763
541 852
434 392
40 822
669 132
5 23
472 905
272 928
194 851
429 222
569 404
381 89
493 315
956 886
319 629
689 464
273 409
488 716
559 478
225 658
949 686
273 214
734 663
871 579
385 745
900 337
159 751
597 953
793 150
481 903
125 565
630 758
594 668
596 320
896 462
212 896
576 761
494 84
333 355
477 12
899 846
12 56
807 764
571 515
134 396
360 790
944 735
46 942
794 167
851 382
314 773
496 412
869 305
52 41
122 695
601 641
832 734
256 23
222 926
73 859
534 822
533 536
178 234
133 789
833 808
226 120
551 233
5 564
986 655
647 880
859 14
702 36
510 915
509 447
543 917
706 265
920 772
811 807
609 410
47 736
979 187
928 362
374 267
962 198
908 819
339 10
693 60
979 124
193 42
513 179
818 810
549 873
164 69
94 249
185 578
837 577
760 689
678 900
208 576
146 373
600 463
365 275
702 119
92 837
577 712
571 848
767 719
791 714
94 715
224 398
345 159
882 62
114 308
328 842
960 776
745 538
681 417
837 456
399 912
707 795
873 457
564 227
135 754
322 152
90 127
26 129
293 316
854 142
704 884
857 687
214 465
386 153
448 908
975 998
607 729
461 763
884 105
356 388
550 824
873 411
385 68
358 195
987 235
587 987
702 398
746 556
303 913
912 85
709 191
197 77
417 388
99 823
71 894
967 706
164 652
281 387
297 55
449 573
34 202
910 589
205 612
171 259
578 880
838 228
911 929
523 97
478 329
782 757
536 388
988 322
96 159
388 218
391 974
482 725
970 933
154 905
508 100
130 979
396 457
844 560
857 423
156 388
647 879
470 231
843 958
729 147
426 60
160 841
231 783
390 561
463 584
610 311
897 797
350 864
560 679
73 654
332 72
456 337
425 882
796 311
929 140
261 715
218 236
409 226
945 765
214 667
784 197
471 124
809 999
256 986
704 925
185 810
752 723
714 133
867 777
919 903
912 336
978 997
259 411
668 718
66 614
960 49
978 366
318 616
284 38
35 59
207 37
983 903
580 39
847 300
58 69
1 388
865 234
132 997
718 988
957 497
960 244
853 216
121 29
411 407
561 533
622 219
958 914
396 722
588 251
606 902
711 675
209 962
879 47
20 723
326 348
5 616
123 684
494 451
395 182
388 179
533 896
38 992
310 134
77 478
684 459
716 24
306 417
916 204
866 372
619 364
280 321
936 510
940 174
502 605
884 821
791 433
338 603
740 889
129 37
981 975
877 560
425 816
659 554
7 385
261 250
859 909
945 730
411 923
976 205
423 388
753 912
905 928
662 420
419 962
80 257
501 490
503 643
427 440
14 256
979 962
54 359
852 525
750 751
265 196
463 138
161 311
403 15
503 905
248 799
94 622
583 120
67 971
585 950
618 565
98 602
980 525
182 98
643 659
116 289
80 822
218 662
2 528
409 795
556 442
995 151
260 436
173 160
819 136
544 445
98 948
125 624
603 980
853 236
799 784
923 868
22 903
975 908
698 469
445 120
110 157
266 274
686 583
794 344
422 44
580 721
31 161
15 524
429 794
747 507
138 200
237 372
988 233
791 167
908 117
840 651
162 186
694 15
901 460
828 418
245 177
943 569
339 47
354 885
228 74
317 807
680 737
355 262
375 745
395 226
490 623
214 890
784 532
426 51
769 659
20 951
364 687
326 410
97 735
678 473
278 756
925 764
180 739
241 282
171 886
854 131
435 97
327 98
465 31
626 558
145 991
212 123
904 83
201 518
600 812
9 659
163 621
553 980
808 791
572 368
910 21
206 616
799 673
402 5
380 14
600 60
82 406
714 757
439 529
249 906
54 701
297 63
131 975
11 862
592 754
10 125
2 837
997 731
199 574
290 101
599 318
198 363
789 121
497 333
315 544
903 889
655 672
736 486
263 784
140 325
706 32
703 382
615 609
17 89
67 111
110 267
560 626
700 379
689 443
52 915
133 54
546 656
631 623
2 945
807 46
202 646
731 396
296 105
215 170
955 329
44 108
434 798
151 851
93 351
232 405
407 197
79 809
364 842
660 239
630 546
316 809
481 988
796 633
900 836
1 349
272 467
507 205
274 462
489 163
881 485
866 967
198 681
230 833
916 417
491 405
243 825
274 547
32 317
896 408
994 711
979 48
426 818
518 256
719 374
330 87
695 176
413 845
52 459
651 301
999 494
426 642
0 348
471 64
823 492
136 26
162 675
23 47
265 948
670 17
979 502
460 751
921 335
61 556
413 987
416 305
991 236
38 205
785 260
205 955
401 973
244 362
786 888
936 315
196 977
769 312
850 232
980 586
694 215
983 435
618 866
715 52
58 198
953 954
115 743
85 341
613 262
637 374
224 251
403 340
42 941
937 300
70 303
628 325
485 642
356 243
210 647
287 72
782 593
296 932
885 317
508 266
240 425
33 541
80 883
240 558
674 814
829 883
221 18
373 847
143 174
768 134
341 794
106 772
360 898
621 884
870 923
206 914
186 10
527 308
322 319
313 214
603 546
186 388
42 351
943 258
792 213
323 657
683 510
566 232
2 221
182 228
165 411
306 973
290 698
981 857
938 353
512 195
339 600
34 898
542 516
205 696
42 306
694 144
988 924
491 541
232 427
182 171
192 802
514 766
679 302
259 706
529 260
277 525
519 269
243 989
947 941
291 513
261 823
892 67
955 648
806 701
1 883
732 899
734 508
504 597
829 723
895 109
860 903
395 189
284 902
818 784
566 526
127 54
100 364
-1 -1 -1 11793 -1 -1 -1 -1 -1 -1 -1 12308 -1 -1 -1 -1 -1 -1 -1 -1 -1 54642 -1 -1 2222 -1 -1 -1 -1 33750 -1 -1 7360 43795 -1 -1 -1 -1 -1 -1 -1 -1 -1 54969 -1 5194 -1 -1 -1 -1 -1 -1 -1 17520 -1 -1 11885 -1 -1 -1 9238 -1 -1 -1 -1 26033 -1 -1 -1 -1 -1 -1 14747 -1 -1 -1 -1 -1 -1 -1 -1 -1 14358 -1 61754 -1 -1 -1 -1 21405 -1 -1 -1 -1 -1 -1 -1 22057 -1 -1 23328 -1 -1 -1 -1 -1 47955 -1 45228 -1 5954 19308 62838 -1 -1 -1 -1 21600 -1 -1 -1 -1 -1 -1 -1 -1 -1 -1 -1 -1 -1 -1 -1 7597 -1 -1 -1 28172 -1 -1 33618 -1 -1 -1 -1 -1 -1 -1 -1 -1 -1 -1 21959 -1 -1 -1 -1 -1 -1 -1 48083 -1 -1 -1 -1 -1 -1 48126 25574 -1 -1 -1 42575 -1 -1 -1 -1 -1 -1 -1 49952 -1 -1 -1 -1 40044 -1 -1 -1 21011 -1 -1 -1 -1 -1 -1 -1 -1 -1 -1 -1 -1 -1 -1 -1 -1 -1 59262 -1 -1 -1 -1 -1 -1 12818 -1 -1 61028 -1 -1 -1 -1 -1 -1 -1 -1 -1 8355 -1 -1 -1 -1 -1 -1 -1 17954 31185 -1 50942 51118 44743 26498 -1 -1 58157 -1 65118 19419 -1 -1 -1 -1 3134 2029 -1 -1 -1 6603 58820 -1 -1 -1 -1 -1 -1 47103 -1 57610 45253 -1 -1 5851 -1 -1 44426 -1 -1 18774 -1 -1 -1 15594 -1 -1 42308 389 -1 -1 10545 -1 -1 -1 -1 -1 -1 -1 39555 621 -1 15461 -1 -1 -1 -1 36053 25418 -1 -1 -1 -1 -1 -1 -1 -1 -1 -1 -1 29008 -1 -1 -1 -1 -1 10317 -1 -1 -1 -1 -1 -1 -1 23211 35270 9545 -1 -1 -1 -1 -1 -1 -1 -1 -1 -1 -1 -1 61343 -1 -1 -1 -1 -1 -1 -1 -1 -1 -1 -1 -1 -1 -1 -1 54457 16143 -1 -1 38065 28521 -1 -1 -1 59388 9829 -1 -1 -1 -1 -1 15021 -1 -1 -1 -1 -1 46901 -1 -1 -1 -1 9792 -1 58141 -1 -1 -1 58816 -1 -1 -1 -1 46454 -1 -1 -1 -1 -1 -1 -1 14201 -1 565 -1 -1 -1 -1 -1 -1 -1 -1 31655 -1 4942 -1 -1 -1 -1 51000 -1 -1 44958 -1 -1 63329 -1 -1 -1 -1 -1 56852 -1 -1 -1 -1 -1 33597 52506 -1 51070 -1 57832 -1 -1 -1 -1 -1 -1 -1 -1 -1 -1 -1 -1 -1 -1 -1 61079 -1 -1 58235 -1 -1 -1 -1 -1 47574 -1 -1 46686 -1 35689 -1 -1 -1 -1 -1 52956 -1 -1 -1 63614 6565 -1 -1 -1 -1 -1 -1 -1 32983 -1 -1 29058 42435 -1 -1 -1 -1 -1 -1 -1 -1 -1 -1 27384 45255 -1 -1 -1 37198 -1 -1 -1 -1 61217 49423 37658 -1 -1 -1 -1 1988 -1 -1 -1 -1 -1 -1 57471 16887 -1 -1 -1 44761 -1 40835 -1 -1 -1 -1 -1 -1 -1 -1 18858 -1 44516 -1 -1 2982 -1 -1 46996 -1 -1 -1 -1 -1 -1 -1 19209 -1 -1 -1 10131 -1 44078 -1 -1 -1 -1 -1 -1 39632 -1 -1 -1 -1 -1 -1 -1 -1 -1 -1 -1 60625 -1 -1 -1 -1 -1 -1 -1 3962 -1 -1 -1 -1 19096 -1 -1 -1 -1 -1 -1 -1 -1 -1 -1 -1 -1 39097 -1 -1 -1 -1 -1 15675 -1 -1 -1 -1 -1 -1 -1 -1 -1 -1 -1 -1 -1 -1 -1 -1 -1 -1 -1 51545 -1 42176 -1 -1 48858 11891 -1 60648 -1 -1 -1 -1 -1 -1 -1 -1 21343 -1 45027 -1 -1 -1 24428 -1 31430 11950 -1 -1 51535 -1 -1 -1 -1 -1 -1 -1 -1 -1 -1 45504 -1 28477 58874 -1 -1 15931 -1 -1 2307 65166 -1 -1 -1 29184 -1 -1 -1 55906 -1 -1 -1 -1 -1 -1 -1 -1 -1 -1 -1 -1 -1 -1 -1 -1 -1 -1 -1 -1 -1 -1 33685 22400 -1 -1 20931 10975 -1 -1 -1 19462 -1 -1 -1 -1 -1 -1 -1 58289 22735 -1 -1 -1 -1 16820 -1 -1 -1 -1 -1 2952 -1 30497 6652 41980 -1 -1 45851 -1 -1 -1 -1 -1 -1 -1 -1 -1 -1 -1 -1 -1 -1 -1 -1 -1 -1 -1 -1 9354 -1 -1 -1 -1 -1 15072 44836 -1 -1 27937 -1 -1 5043 -1 -1 52773 -1 -1 24087 51107 -1 34045 -1 -1 -1 -1 -1 -1 -1 -1 -1 -1 -1 52977 -1 -1 -1 -1 -1 -1 -1 -1 -1 23278 -1 -1 -1 -1 15996 -1 -1 24734 -1 -1 -1 -1 -1 -1 -1 59344 -1 -1 -1 -1 -1 -1 -1 -1 -1 -1 21313 -1 17704 -1 -1 -1 61810 -1 -1 -1 37706 15354 -1 -1 -1 33786 -1 -1 64224 -1 -1 -1 -1 -1 -1 -1 -1 -1 -1 53571 -1 -1 -1 -1 -1 -1 -1 -1 -1 -1 35533 -1 -1 -1 -1 -1 -1 63386 -1 2583 29422 -1 -1 -1 -1 34525 -1 50536 -1 12887 -1 -1 47838 -1 -1 -1 -1 13866 46528 -1 61519 4366 -1 61543 -1 -1 -1 -1 49142 -1 -1 55463 -1 -1 27792 -1 18560 -1 -1 -1 -1 -1 26593 29473 26250 -1 13971 -1 -1 -1 -1 -1 -1 -1 -1 -1 -1 45843 -1 2025 -1 -1 -1 -1 -1 7153 -1 -1 -1 -1 -1 4012 -1 -1 -1 -1 33655 -1 -1 -1 -1 -1 -1 -1 -1 49332 -1 -1 -1 -1 -1 -1 -1 -1 -1
3
0 314 7 890 3
1 38 0 231 0
1 710 6 860 11
