1000 5000
184 253
716 425
191 896
680 735
182 304
7 245
100 250
927 136
797 703
111 900
719 350
889 538
416 797
845 301
508 896
974 900
390 600
981 497
408 937
419 311
892 832
812 226
901 62
225 209
34 54
883 288
69 790
645 884
54 854
946 21
514 930
485 147
716 235
512 259
449 402
589 768
481 296
834 439
634 28
502 133
714 745
8 869
825 200
307 695
97 240
88 603
372 859
571 874
695 130
757 60
627 537
881 949
97 952
103 979
778 698
459 410
635 57
48 796
647 650
915 309
809 740
890 869
354 187
261 537
713 289
638 809
841 899
565 496
724 713
664 803
766 861
155 835
349 94
524 705
998 610
643 464
237 137
74 359
61 588
896 698
635 5
538 349
680 801
887 117
7 620
946 652
273 459
286 986
763 243
318 265
486 258
781 974
81 148
386 969
174 902
941 876
510 91
391 946
696 710
463 495
51 53
394 814
4 462
388 582
311 843
102 624
537 296
52 415
573 91
134 287
102 492
961 789
895 37
211 784
767 310
729 369
696 791
308 24
842 22
281 172
200 895
195 470
540 762
598 421
519 115
478 360
689 732
60 552
135 635
191 649
41 307
57 976
455 128
164 683
670 205
542 506
822 879
51 884
969 804
721 497
592 556
109 122
199 7
405 914
531 209
839 251
163 239
820 39
646 347
84 191
952 759
196 401
719 430
563 882
401 664
975 451
887 660
167 666
192 528
114 150
99 254
170 703
71 877
292 747
128 576
704 914
200 49
762 122
532 469
986 106
117 159
447 589
543 251
447 995
742 11
872 184
350 610
510 739
241 338
860 589
869 966
637 292
305 323
721 131
163 804
292 298
453 751
93 288
879 858
669 764
357 890
868 290
852 466
676 137
122 843
835 148
44 232
103 396
440 113
437 157
39 585
940 735
57 317
345 947
567 322
331 34
553 808
270 807
797 1
392 411
919 168
111 916
719 609
67 920
784 471
346 363
978 68
713 452
690 803
55 985
114 169
824 463
492 236
839 813
634 700
636 556
695 892
501 649
136 703
582 178
157 302
90 918
629 412
417 807
297 34
795 57
805 508
867 90
281 909
659 899
112 277
80 920
643 184
513 303
63 79
464 705
496 539
490 756
922 142
786 341
399 486
600 366
286 745
358 965
5 74
131 365
73 431
748 859
418 64
623 809
978 549
125 536
769 63
596 791
539 304
308 612
101 942
237 673
132 578
989 176
371 928
602 520
588 195
857 329
419 1
120 961
513 285
647 979
371 594
796 316
798 592
437 925
703 353
698 646
44 549
238 71
274 521
623 738
4 469
810 678
510 537
311 666
939 52
917 728
443 847
985 433
958 787
756 626
400 872
412 415
457 273
919 148
556 194
436 423
610 35
366 402
796 739
654 426
552 701
336 788
352 21
548 479
450 835
149 790
823 42
776 146
160 353
333 390
95 865
721 876
172 389
638 58
282 628
261 628
68 695
448 809
131 472
978 233
4 205
32 625
305 200
602 836
478 145
817 737
808 570
478 47
938 949
461 175
224 487
472 249
401 674
462 445
312 307
418 702
331 104
744 6
311 473
848 316
30 877
206 373
940 596
416 431
14 202
822 440
331 315
433 587
177 809
988 87
917 977
71 313
464 193
987 834
759 827
501 35
844 302
133 529
783 479
664 100
407 602
116 94
682 259
409 262
430 162
659 692
220 73
885 857
664 45
450 345
271 604
502 732
332 105
849 534
898 97
557 763
241 258
146 13
75 552
969 147
842 719
178 561
997 306
326 307
190 702
85 378
881 870
569 312
561 700
511 722
951 811
252 213
907 579
848 159
678 626
243 872
70 9
706 464
614 891
818 557
915 265
161 874
874 448
354 321
474 395
299 262
215 873
912 286
810 569
983 714
520 275
200 86
275 650
541 1
796 557
646 101
7 735
498 15
325 959
84 982
510 470
991 490
874 940
547 528
579 258
946 214
793 239
430 900
368 854
64 464
554 840
95 632
413 347
15 463
55 71
658 882
935 867
297 72
98 482
166 171
308 133
742 268
480 154
760 498
466 986
628 634
848 365
912 953
825 532
947 986
485 347
715 227
51 369
506 263
496 203
468 875
379 547
801 835
460 227
361 582
870 58
414 279
225 64
331 170
357 242
260 843
442 704
236 903
666 187
24 365
237 608
817 20
99 60
847 57
864 350
559 700
143 825
897 912
568 181
886 593
207 993
391 325
367 23
52 539
833 832
720 441
74 797
155 851
111 904
446 793
489 204
804 10
456 698
263 908
922 336
291 572
549 983
365 994
389 745
967 910
971 737
788 549
794 803
976 88
467 102
140 551
762 200
879 802
527 384
323 509
742 211
158 82
205 773
332 606
959 734
643 532
323 563
278 136
723 895
807 566
397 317
733 200
644 176
82 579
39 100
82 593
195 552
510 797
338 212
260 700
155 393
42 511
647 629
392 250
961 564
87 552
438 823
217 541
767 84
530 72
614 260
850 847
463 101
436 746
122 516
679 462
456 85
590 554
238 650
835 200
587 480
270 606
239 48
762 695
388 391
172 738
362 830
753 355
964 222
102 54
695 938
221 938
69 218
392 916
328 243
230 817
463 726
293 869
376 325
222 101
335 679
12 770
398 336
963 909
341 782
206 771
937 874
91 105
820 951
107 533
394 452
328 96
482 486
356 310
473 747
956 591
682 128
0 281
21 886
16 407
874 613
332 230
325 30
389 810
694 663
775 211
341 876
639 385
657 48
720 216
793 485
899 855
737 459
150 487
695 309
722 167
429 782
140 104
322 515
330 325
590 744
195 519
22 715
214 79
654 164
574 355
499 766
853 273
916 569
502 358
594 809
38 736
740 301
433 697
601 837
728 868
592 243
518 758
650 789
8 109
849 731
965 699
334 358
426 369
797 551
444 173
342 366
774 896
599 592
258 95
452 271
292 832
597 640
842 158
447 180
190 993
995 827
275 304
486 435
363 141
915 969
950 370
887 833
92 504
60 961
949 836
427 553
468 912
426 397
323 478
80 134
328 259
747 705
569 560
792 830
480 694
828 669
195 234
329 753
813 777
935 389
776 826
20 322
560 304
895 953
200 550
211 525
152 104
138 765
100 789
513 194
207 396
480 12
770 124
698 130
753 591
802 704
483 635
916 24
723 143
558 632
654 59
664 368
999 546
112 65
669 709
169 20
412 764
432 224
891 784
591 552
505 625
54 831
69 640
889 8
752 883
610 568
64 145
608 264
113 158
235 706
60 32
778 113
216 739
245 646
727 794
509 438
346 24
639 514
8 408
793 997
97 888
843 863
137 302
376 336
59 556
807 530
19 352
180 574
431 132
694 748
151 430
777 503
804 740
248 444
574 916
985 888
242 154
949 930
441 186
442 515
23 723
806 760
144 946
130 777
971 932
289 173
894 360
754 507
260 939
297 176
926 777
564 105
276 135
344 366
599 997
512 241
901 254
724 249
453 639
238 615
230 350
793 490
774 323
14 945
386 881
309 667
718 610
548 459
21 13
777 650
90 409
842 5
759 924
693 212
344 841
69 895
12 475
412 270
265 313
564 236
944 433
179 483
850 257
10 519
717 179
609 410
293 400
679 68
657 792
213 529
4 780
7 748
534 751
761 549
639 324
565 337
724 108
575 365
372 991
812 219
352 673
715 168
72 387
743 238
628 374
148 322
706 611
184 272
1 835
558 391
480 108
560 776
418 357
512 252
722 455
269 263
379 997
88 268
945 413
406 895
754 922
649 77
483 80
196 798
550 785
987 892
325 294
74 73
849 198
0 350
810 806
617 59
352 967
102 537
874 79
968 273
290 205
54 492
662 755
714 129
667 764
588 219
349 200
747 988
948 185
227 869
601 982
111 816
244 661
803 191
266 818
761 569
78 233
111 319
982 279
449 71
563 700
435 899
73 184
68 120
101 349
818 466
600 843
362 751
632 70
295 690
155 567
279 453
190 313
252 228
718 958
176 93
117 175
740 376
885 643
809 309
124 468
973 896
7 701
463 55
68 574
477 105
917 418
953 618
450 832
910 939
79 408
53 820
202 357
267 268
494 58
33 642
752 723
387 577
834 0
136 438
494 145
707 734
181 905
192 736
779 973
839 479
814 98
453 873
980 448
362 591
110 983
48 861
453 901
805 751
813 301
701 453
10 152
228 736
326 258
145 63
387 17
148 536
327 657
203 383
865 483
993 351
615 538
981 483
31 293
273 763
662 326
453 77
475 916
248 612
28 601
279 333
549 532
441 273
655 720
208 582
489 155
825 798
398 411
314 671
562 20
559 589
686 101
377 208
804 910
520 801
853 201
930 491
797 411
392 383
216 45
814 640
182 140
102 131
85 581
542 864
448 550
944 219
946 45
680 110
143 72
407 801
59 234
758 986
289 471
120 288
911 690
607 392
598 833
112 745
604 45
860 41
693 162
354 949
984 213
861 853
50 105
429 146
252 743
698 984
866 973
569 788
507 587
903 153
339 868
547 595
82 827
494 473
356 206
17 519
186 451
563 953
221 963
95 405
914 785
671 488
272 951
495 319
883 75
972 84
23 230
298 166
734 523
345 446
740 352
770 219
744 65
541 951
209 727
985 412
530 783
824 188
640 775
556 379
391 639
539 596
594 722
469 386
542 669
150 911
722 110
821 306
268 479
299 723
508 741
497 621
351 161
336 234
842 648
710 938
762 636
857 534
776 537
49 506
905 686
658 724
299 416
123 444
684 481
62 805
175 462
767 197
976 557
397 4
84 914
455 763
300 996
676 607
766 973
505 748
124 500
182 535
797 312
410 906
669 981
374 825
661 325
445 261
359 54
136 574
914 147
813 886
453 145
899 868
171 669
455 465
379 154
117 892
584 519
882 79
583 512
477 719
140 255
202 330
858 44
824 569
64 263
797 417
653 909
38 876
182 185
33 840
520 345
853 56
542 666
877 346
603 387
672 52
274 470
247 854
329 34
147 64
921 571
35 130
81 92
264 846
772 346
783 940
71 192
848 740
631 947
347 851
550 938
97 159
392 521
69 363
513 758
852 508
519 544
966 59
797 763
235 555
202 933
703 195
466 822
4 722
159 322
781 329
800 566
18 159
160 545
394 124
417 592
663 8
133 533
994 649
539 794
327 503
45 206
384 945
254 371
414 323
739 837
677 743
359 186
497 699
279 481
456 18
44 78
404 406
940 827
641 524
991 883
248 642
975 760
230 392
375 329
664 75
612 867
124 713
433 810
407 211
612 722
504 600
87 7
869 863
221 565
763 791
552 894
366 216
807 154
906 710
358 238
470 584
506 105
700 963
623 992
970 51
476 390
398 878
792 343
265 711
68 164
856 939
849 798
630 638
773 298
903 811
913 3
781 462
690 741
727 643
40 241
904 235
132 304
244 199
211 519
492 278
568 349
845 336
882 613
556 656
364 9
67 938
934 325
606 742
219 705
858 869
297 962
859 884
632 333
989 45
428 346
673 860
131 312
88 89
659 436
949 466
999 463
866 474
157 546
10 442
420 495
79 301
490 683
585 915
106 928
642 406
470 46
77 896
727 622
353 244
516 312
233 207
563 600
383 916
504 696
749 593
597 257
341 447
269 718
126 463
476 757
799 75
140 15
127 189
849 348
239 881
216 536
836 165
512 686
473 437
442 290
710 988
932 498
450 685
630 115
474 335
824 945
829 562
765 927
42 619
535 689
729 445
969 893
226 944
872 849
530 920
230 812
492 461
916 950
141 105
981 229
233 568
453 679
711 102
498 79
943 902
819 418
93 890
803 790
312 127
378 197
6 825
500 654
523 685
380 435
295 98
619 66
326 928
660 54
203 288
92 870
735 239
718 287
589 734
572 646
365 510
208 119
324 685
82 0
731 246
734 332
860 361
236 691
172 632
770 469
497 464
956 462
725 738
125 686
27 666
762 761
792 970
604 834
205 156
663 347
884 201
151 324
212 941
171 524
709 838
337 760
805 389
560 645
684 613
784 82
397 164
622 823
725 703
29 412
198 534
518 988
381 590
526 773
432 397
409 781
70 139
438 0
801 146
210 288
749 859
256 597
793 691
979 550
336 458
476 971
837 643
771 86
871 681
300 381
897 403
469 721
2 399
138 939
521 35
723 802
965 521
928 229
831 400
805 864
863 416
644 293
528 417
887 363
711 954
723 340
229 289
76 595
186 188
216 183
67 611
303 431
857 522
989 203
222 633
708 47
38 418
362 744
184 763
386 585
978 57
50 123
915 296
499 785
968 90
77 363
340 446
678 946
167 605
654 714
409 387
952 711
246 956
106 701
308 759
422 562
63 707
703 553
287 631
386 701
504 536
153 726
176 474
492 903
85 484
587 719
801 671
214 956
753 210
77 812
415 295
68 296
317 125
420 807
308 844
28 116
552 224
327 100
347 926
413 245
489 551
272 537
978 641
343 720
858 979
132 706
696 765
570 573
945 933
721 692
171 850
925 785
744 946
928 734
277 667
30 424
338 312
952 550
240 785
605 539
117 838
143 53
262 248
132 630
547 363
318 944
938 505
810 25
776 591
739 222
899 863
753 240
728 28
808 243
449 926
52 314
464 345
273 951
284 599
194 854
769 701
752 996
991 470
173 576
224 328
501 932
463 487
624 93
569 305
263 451
297 599
442 730
93 839
244 931
559 47
467 826
38 398
928 675
569 547
368 670
127 666
994 75
675 335
114 581
209 321
328 417
70 253
985 903
211 33
319 100
736 339
465 569
583 588
753 949
658 844
107 286
6 975
408 489
749 361
655 783
12 910
680 249
307 576
392 765
42 497
992 199
1 889
688 544
112 637
419 343
23 26
774 218
634 734
656 660
578 485
962 34
802 274
661 871
473 432
423 320
357 208
819 249
718 644
856 103
404 588
486 905
60 679
4 425
412 261
756 315
182 800
444 596
228 92
848 84
493 803
558 318
837 23
180 370
902 189
438 507
842 529
490 415
748 85
701 85
764 92
932 677
172 508
803 700
375 821
775 309
705 1
709 512
21 682
453 613
16 892
609 715
300 27
978 36
690 464
692 898
466 867
778 877
650 598
789 941
488 259
270 79
104 94
643 600
428 271
910 5
891 157
924 670
444 488
570 480
294 371
667 683
179 92
138 877
579 765
145 383
780 108
403 489
156 721
230 389
751 738
816 895
128 429
502 429
96 761
537 895
760 349
985 19
612 994
695 757
689 447
762 160
620 642
262 507
99 47
854 421
797 270
270 576
327 520
182 0
465 23
297 41
153 397
465 154
629 803
419 448
790 848
614 307
233 931
726 593
491 831
293 27
240 145
933 607
553 488
313 891
214 812
475 421
563 733
410 13
479 321
884 846
14 33
290 537
924 784
621 878
991 26
303 744
692 906
98 492
156 692
460 340
414 377
678 386
754 226
820 594
667 54
600 73
921 322
532 707
551 675
93 219
550 160
585 903
418 488
742 959
702 624
772 255
53 201
477 862
992 796
824 869
977 605
209 925
96 62
957 430
19 24
390 314
216 34
532 721
940 316
907 729
743 918
169 921
139 413
421 557
314 760
475 513
966 630
899 284
740 335
602 41
454 543
726 667
253 654
241 366
129 820
54 617
282 842
178 388
881 129
911 884
894 522
244 649
608 532
731 956
283 930
823 359
878 675
104 965
807 500
813 881
464 285
834 535
500 561
941 826
931 48
451 250
365 979
279 152
435 250
330 919
83 404
362 568
335 331
64 222
616 982
825 74
344 221
643 260
456 54
909 715
626 647
932 134
498 759
992 585
113 910
885 730
667 138
405 246
130 106
510 811
18 394
5 907
179 64
591 551
120 710
79 685
788 444
728 181
336 594
791 421
2 262
716 458
322 589
191 608
803 52
994 82
353 1
362 152
798 597
397 64
82 520
170 611
688 916
429 513
319 172
426 188
109 939
246 45
761 830
602 236
586 585
331 426
609 615
181 889
371 566
325 457
172 30
509 36
303 602
209 433
347 809
787 120
123 397
72 943
492 216
836 37
389 364
724 603
992 595
829 974
257 846
287 339
408 556
117 766
355 409
13 91
868 794
518 273
758 115
283 973
692 184
76 846
986 552
981 993
793 421
942 418
590 454
392 940
851 561
167 916
961 369
394 365
74 719
303 362
966 248
605 17
38 651
132 986
151 775
718 107
305 652
423 640
198 56
810 662
361 629
965 805
124 892
87 722
616 453
487 320
540 694
631 621
989 509
210 888
264 509
845 793
651 529
332 557
49 70
576 521
43 726
970 379
672 528
11 136
126 797
883 669
40 44
791 437
296 83
883 15
892 439
464 404
48 401
370 353
646 177
476 797
795 414
489 36
631 928
281 671
321 676
358 407
990 133
814 104
130 394
400 792
169 84
554 19
298 498
779 0
357 343
565 326
61 200
491 876
632 610
300 755
73 119
580 150
774 581
16 622
423 24
926 805
265 834
636 291
913 661
596 64
844 698
268 323
184 957
102 116
504 747
604 308
6 374
439 839
414 117
922 635
821 954
435 28
215 404
758 448
35 959
570 538
350 716
184 973
982 300
917 921
903 703
547 423
887 937
745 906
72 151
155 218
504 614
836 171
832 233
428 174
573 833
900 992
127 175
356 850
513 726
162 307
816 808
584 684
67 70
252 364
998 870
552 66
554 940
594 499
755 363
14 785
247 449
931 673
226 413
351 868
434 789
154 32
541 130
983 146
37 519
157 259
727 185
329 890
766 963
952 713
604 868
210 746
417 918
451 726
879 794
872 581
9 555
2 313
474 462
281 398
115 576
360 180
885 156
448 801
396 778
517 905
383 466
876 446
996 930
836 928
104 33
564 694
500 892
681 634
389 350
562 482
939 842
553 323
325 980
782 410
282 195
69 865
247 337
2 874
918 922
745 220
425 740
968 526
970 754
222 23
743 686
512 243
508 766
561 249
627 854
371 698
175 283
667 358
151 683
596 399
162 999
536 192
533 874
749 200
54 803
851 604
169 515
141 976
897 283
801 496
814 72
497 587
564 175
96 852
557 236
233 426
941 743
56 824
458 256
388 376
419 339
999 636
508 625
178 737
541 324
500 202
231 531
620 568
665 441
509 580
332 322
465 589
229 145
348 899
315 651
637 647
373 145
907 128
601 100
875 682
141 155
647 517
85 169
383 447
933 37
532 565
381 882
697 247
113 458
868 488
188 809
104 813
161 248
6 666
774 241
542 514
259 490
953 777
990 389
915 901
810 164
635 547
582 730
505 90
903 368
623 562
440 395
595 926
470 169
809 959
406 831
493 572
932 758
403 438
23 301
99 181
710 521
829 802
53 368
935 671
640 906
859 705
426 524
55 18
376 382
774 247
982 254
445 109
953 602
836 942
401 314
484 38
702 861
781 604
403 435
62 254
813 337
637 549
393 147
24 731
712 277
379 575
660 287
431 931
570 854
31 849
792 679
726 610
999 255
202 114
755 638
422 195
767 769
361 140
771 723
818 223
313 361
830 81
498 814
814 412
468 195
875 150
509 642
176 492
481 13
953 679
509 722
978 822
30 146
714 296
761 747
301 537
7 14
567 703
852 822
174 18
488 786
964 656
398 848
871 414
803 698
630 315
750 963
133 203
496 543
62 918
520 736
856 394
519 290
563 950
339 416
692 778
938 628
156 454
288 253
879 204
9 230
917 226
19 961
920 119
770 122
636 322
430 347
836 824
649 693
477 637
904 627
76 855
654 850
626 664
101 251
381 32
950 126
169 686
778 152
572 721
26 898
961 341
852 817
405 140
291 713
61 921
193 52
963 559
112 987
728 743
773 984
802 995
898 220
901 629
176 578
867 117
829 471
861 91
313 909
604 273
115 539
418 856
283 349
14 212
784 400
485 92
147 547
888 974
984 264
955 468
346 244
230 530
264 985
434 739
235 785
11 64
85 858
566 315
717 978
887 434
125 731
89 787
511 201
720 29
72 253
118 455
40 378
503 135
751 418
76 617
310 126
280 372
243 722
551 151
430 670
159 495
157 909
121 352
737 447
722 970
836 544
384 507
546 160
106 303
293 475
164 783
259 275
924 156
568 319
971 217
448 86
189 634
101 515
169 426
711 301
334 260
507 323
632 419
87 11
257 799
128 710
925 213
639 710
637 312
765 433
831 698
883 567
159 664
332 427
467 771
676 719
423 895
157 223
158 329
650 42
676 115
728 131
256 600
431 966
126 439
94 611
279 119
500 689
18 603
926 38
373 215
923 993
472 882
203 419
444 904
494 688
887 653
591 268
150 663
706 389
177 374
242 953
693 146
132 155
626 483
884 877
496 5
45 166
914 964
732 515
812 784
673 170
201 12
969 463
192 210
770 819
514 112
983 759
655 970
170 597
297 387
630 945
177 283
365 417
199 31
362 799
449 447
88 705
405 173
150 732
522 929
289 669
918 785
747 182
922 387
492 758
546 928
630 535
966 724
474 35
187 429
694 923
227 344
61 969
219 862
990 692
379 185
393 277
192 577
467 433
63 376
167 124
677 598
261 388
823 590
900 187
319 67
952 578
698 346
180 422
66 653
554 820
735 304
352 428
418 736
866 614
769 696
628 332
583 593
260 705
703 227
862 835
606 660
425 148
458 158
575 637
570 262
14 401
190 547
904 567
726 45
566 481
998 319
951 17
386 58
853 841
858 738
657 861
652 585
414 556
921 71
867 570
505 64
949 272
922 34
770 24
444 201
574 652
929 717
389 910
907 198
97 172
613 18
387 19
231 125
984 739
479 511
263 513
400 46
96 820
476 223
415 607
397 679
917 649
861 588
959 438
119 721
483 594
849 192
183 758
166 560
992 78
468 317
241 767
699 553
673 177
511 1
863 321
201 268
969 589
469 747
710 744
699 539
361 915
827 432
677 363
910 772
369 276
210 35
733 85
529 236
170 227
325 29
75 385
938 995
995 11
513 680
436 382
110 864
34 737
353 654
543 887
680 75
810 405
507 676
948 628
579 741
12 722
98 641
529 877
451 716
294 349
815 277
985 215
10 558
815 343
969 380
536 559
340 409
531 713
929 796
747 455
441 589
385 192
856 787
244 754
141 284
923 631
104 87
566 655
188 302
104 818
650 941
184 109
622 316
362 792
893 457
854 363
76 977
861 629
817 915
567 302
618 792
819 501
370 603
892 539
113 735
172 464
748 137
318 162
877 935
296 636
640 563
33 932
685 244
658 775
845 401
330 637
146 498
671 807
936 715
135 9
623 286
177 73
963 517
476 704
143 202
646 550
96 699
887 585
619 764
77 523
364 922
792 122
550 187
104 576
656 378
60 124
684 453
192 865
134 386
666 635
24 141
121 134
190 316
177 320
272 299
101 635
408 661
837 485
152 539
938 652
245 97
554 752
781 364
33 636
127 843
633 401
193 413
45 482
411 372
136 148
852 607
942 546
709 195
616 318
959 932
705 76
981 798
690 288
364 208
275 656
607 56
806 327
961 787
623 585
307 648
472 126
439 14
486 899
886 724
943 429
647 163
247 269
331 160
972 427
944 852
286 994
777 839
669 718
195 333
175 165
502 958
769 540
475 620
774 809
800 608
357 854
489 749
280 963
142 995
252 376
334 524
441 383
546 142
907 201
15 419
637 617
263 937
840 446
676 698
195 815
54 259
890 298
189 709
810 357
402 389
98 863
802 663
389 411
20 874
761 417
307 866
507 919
692 57
698 828
20 964
83 775
849 261
413 258
441 16
478 175
932 245
548 841
482 892
328 805
710 845
807 902
747 938
364 998
867 699
204 380
803 839
221 142
548 286
713 59
605 232
474 332
770 233
282 712
67 479
91 295
809 143
880 757
125 603
971 296
757 863
141 460
506 45
637 678
642 37
698 370
269 829
66 65
646 507
707 885
905 940
477 271
447 131
439 772
544 769
168 775
800 215
532 476
132 782
763 174
986 600
421 966
451 605
230 493
585 3
874 17
509 692
764 857
167 999
918 897
445 98
25 697
209 316
459 198
720 218
225 554
357 217
934 604
27 741
771 837
376 542
376 626
871 560
108 690
889 726
940 492
334 628
390 224
213 563
362 345
462 778
356 659
853 600
201 51
611 415
102 141
352 523
252 643
401 871
384 31
919 465
573 662
757 415
968 310
150 547
461 395
802 393
622 490
898 663
975 725
807 206
672 551
367 398
346 848
681 568
454 647
345 90
786 458
837 968
839 189
519 455
419 994
876 693
400 935
731 152
272 587
429 191
371 978
526 501
195 134
521 906
765 317
600 423
614 121
262 185
370 200
457 237
760 151
153 472
454 591
222 521
299 278
851 169
765 908
885 721
761 106
264 62
580 650
234 279
265 992
887 267
155 128
695 819
329 658
273 854
801 730
350 408
141 201
316 108
782 444
436 504
203 251
483 591
607 718
668 783
148 568
886 976
73 976
43 101
785 375
685 976
292 905
824 704
370 102
664 524
28 152
394 184
255 574
592 300
188 944
670 529
747 466
858 6
533 627
459 939
196 893
304 97
672 81
295 276
392 595
192 417
564 537
851 231
839 288
177 444
286 351
853 644
592 805
386 156
357 441
856 10
908 916
890 238
777 585
601 937
897 434
95 656
429 890
983 167
384 747
779 439
22 970
492 400
553 838
199 930
536 953
82 899
695 114
586 984
398 221
35 660
798 550
722 685
445 926
19 350
825 33
836 104
583 556
263 912
765 674
998 559
354 157
187 223
249 581
483 674
241 382
32 619
453 630
627 492
692 185
264 446
419 789
872 820
472 664
934 252
334 533
108 5
764 761
74 271
919 972
160 380
101 291
792 525
192 276
750 13
182 451
772 62
242 982
962 923
580 677
881 657
765 16
732 512
891 829
241 964
764 588
610 547
398 608
295 808
120 791
220 307
295 745
494 34
576 401
927 405
714 840
366 839
409 445
352 763
74 417
411 791
231 972
601 368
972 647
349 753
799 484
421 384
576 635
234 508
524 102
194 942
209 909
941 863
847 309
711 634
805 699
580 721
729 806
733 887
288 967
135 666
483 141
552 809
652 149
330 247
300 72
9 592
734 118
481 251
207 595
932 566
936 945
455 262
405 741
850 662
306 231
250 807
427 560
91 209
823 525
759 128
214 239
72 666
961 430
417 425
481 674
848 426
830 256
194 660
908 403
652 828
708 576
148 823
125 81
811 2
262 214
73 272
398 702
13 970
700 282
279 70
792 980
356 960
301 615
60 721
744 142
168 614
189 609
626 90
423 65
503 90
132 883
935 745
872 464
414 840
566 360
301 230
902 251
460 505
291 236
583 766
953 849
475 641
980 122
690 337
607 692
161 887
587 995
530 318
24 818
76 840
21 382
580 176
358 466
352 265
620 123
900 381
567 901
519 785
989 413
97 261
350 843
927 820
501 623
26 958
109 985
789 840
756 984
366 899
161 96
175 507
229 618
330 383
415 925
812 102
109 18
313 912
829 273
65 161
299 779
868 938
886 760
211 270
186 830
198 945
946 163
295 863
28 971
776 196
721 904
675 484
666 442
306 703
219 17
570 98
354 622
456 720
108 345
551 826
936 895
826 106
703 550
837 529
803 376
993 681
657 374
390 872
428 907
894 400
352 229
891 204
155 445
503 902
17 973
394 87
701 767
209 301
400 203
877 457
507 343
98 652
217 773
296 187
232 335
262 919
204 694
218 996
289 694
47 678
802 238
184 638
859 130
895 800
744 83
25 34
855 430
66 236
327 971
933 918
39 761
811 344
7 596
673 445
682 648
495 688
519 179
339 60
338 168
755 684
662 532
912 413
629 474
473 733
360 369
460 661
590 541
149 521
548 3
197 462
116 811
494 157
35 303
395 481
834 840
368 691
761 676
642 117
209 895
590 803
768 367
346 987
384 544
266 948
934 846
267 218
953 617
655 68
268 383
599 444
181 457
774 319
843 306
381 936
792 773
223 535
759 794
528 702
100 117
735 965
861 729
824 153
654 754
672 132
386 893
593 896
757 92
117 147
808 679
23 664
919 604
389 387
43 237
973 876
681 691
849 689
608 331
92 947
416 598
867 805
661 680
760 493
867 618
167 387
621 697
578 769
443 926
807 933
592 192
473 324
609 550
453 806
18 785
647 393
856 50
827 575
947 630
552 942
148 297
687 119
354 642
264 525
888 29
330 638
81 867
334 230
89 949
612 483
33 223
152 346
231 514
883 570
930 724
789 182
397 688
801 560
487 627
376 773
74 931
660 799
173 42
424 296
312 431
163 128
532 475
857 481
111 964
435 66
507 690
589 781
747 8
786 143
709 971
406 111
685 875
979 542
487 437
270 264
556 107
889 622
871 749
297 366
503 131
160 172
721 251
499 298
510 921
796 877
430 159
725 304
900 229
905 682
793 613
969 517
485 559
336 544
72 979
940 755
366 315
0 919
530 287
860 130
547 702
983 258
979 120
889 560
320 690
811 590
207 540
855 399
709 841
48 982
225 974
900 584
310 873
566 92
170 141
978 908
713 438
192 644
134 947
139 798
634 747
682 591
90 662
886 64
383 240
486 25
891 973
989 849
740 565
953 383
733 854
722 505
866 17
767 21
860 690
256 593
94 663
197 69
765 164
159 989
969 749
116 231
294 351
74 256
680 138
827 986
619 778
331 445
929 133
484 921
413 66
348 832
485 939
41 329
106 158
807 188
781 912
867 407
61 774
654 884
738 823
241 672
173 669
706 886
257 957
395 809
705 332
477 615
767 336
383 867
945 399
303 600
825 367
15 817
345 812
786 462
709 354
467 774
893 595
444 294
435 965
485 412
108 151
429 883
906 451
170 525
716 580
747 412
203 696
781 104
819 60
850 72
139 113
552 264
192 661
857 30
159 583
346 87
505 787
559 692
821 462
726 145
528 282
421 313
661 935
357 63
474 848
601 687
846 968
319 909
640 100
665 962
677 357
129 291
948 459
854 15
996 816
875 42
738 940
239 694
399 804
198 453
555 306
622 341
793 549
931 758
755 9
739 670
48 124
470 629
793 592
838 203
309 925
308 285
181 800
840 285
40 733
807 967
556 561
93 713
62 276
448 328
309 559
249 865
651 440
607 325
51 697
483 503
567 477
662 875
645 521
618 49
226 364
73 517
542 734
523 68
849 175
487 884
751 355
523 94
125 221
107 625
665 846
285 891
516 871
962 428
235 73
264 586
391 831
68 246
647 326
749 634
305 922
298 140
403 2
953 792
262 691
155 84
836 839
281 96
59 726
511 332
302 990
653 931
851 663
377 196
497 349
29 634
329 747
301 572
789 570
670 480
167 450
127 393
38 795
62 51
165 267
999 81
512 505
899 630
442 97
689 241
396 784
552 634
681 975
975 567
524 2
988 279
23 243
70 458
771 35
796 287
340 712
903 796
738 607
915 892
895 197
151 824
258 369
442 168
332 256
174 674
840 247
534 628
327 901
696 308
648 77
731 8
220 122
444 419
373 403
901 805
495 648
737 420
934 514
934 58
193 482
885 776
265 434
244 986
896 945
898 858
685 978
408 815
610 221
843 895
541 680
263 6
334 27
383 438
524 325
929 475
815 524
225 782
957 635
672 494
944 458
507 280
312 959
166 362
494 825
699 831
787 421
703 617
245 718
80 553
867 903
946 753
157 388
431 721
959 298
691 391
132 908
42 416
811 18
789 165
597 966
468 572
953 873
644 243
49 58
254 853
251 684
703 945
849 508
418 305
544 413
484 562
717 820
523 501
919 351
259 685
605 87
800 656
870 999
982 919
897 97
734 699
77 616
908 966
426 695
718 171
206 678
20 649
701 795
919 372
499 370
773 890
354 215
453 698
442 981
104 567
484 833
272 365
799 929
60 186
750 157
717 701
850 469
273 83
867 273
572 427
238 343
794 851
396 237
859 865
724 133
387 140
597 789
979 189
310 283
363 988
799 14
426 619
30 584
604 616
596 81
571 753
739 344
192 915
623 837
718 520
727 455
18 9
796 885
265 537
331 78
301 262
633 774
622 503
364 309
405 229
61 515
716 326
759 757
715 918
313 366
382 736
813 554
673 65
236 285
330 763
725 461
450 297
729 459
645 972
482 363
453 31
910 417
740 313
713 978
536 899
203 179
118 376
229 453
422 641
655 333
676 914
236 231
275 23
764 769
743 55
487 678
747 226
32 798
427 468
576 175
412 669
435 878
518 840
142 258
414 785
473 459
384 41
781 738
602 384
537 929
134 603
153 697
934 933
466 579
934 746
538 873
157 107
744 955
445 758
215 330
315 444
719 347
50 558
719 744
901 235
916 40
554 721
231 177
811 484
259 833
576 419
288 625
933 4
781 807
19 836
907 511
500 457
415 841
515 934
712 149
180 58
276 143
978 513
692 933
949 227
550 744
121 622
566 192
428 234
50 498
955 724
199 710
475 401
843 662
867 810
109 522
826 294
111 812
683 919
481 835
667 749
668 545
935 486
274 674
465 285
577 850
32 528
210 527
242 650
637 671
786 586
221 756
323 479
931 906
43 266
487 124
379 586
359 616
771 311
814 561
995 624
205 637
277 617
727 197
260 621
733 344
612 203
488 718
907 777
364 123
279 438
58 241
60 52
42 161
644 267
426 432
187 574
850 778
8 429
67 418
647 97
721 931
831 915
389 771
133 777
862 971
923 312
94 367
545 494
487 16
217 316
245 615
498 323
746 270
54 251
83 271
204 868
600 102
99 368
171 741
201 174
47 475
733 734
330 557
903 223
479 567
93 29
899 810
274 149
251 279
711 895
747 855
295 84
740 834
57 664
450 118
888 593
983 908
877 703
31 716
702 601
749 403
240 888
841 249
348 528
732 862
76 898
88 898
308 124
990 463
272 871
856 920
13 671
410 820
149 207
374 284
496 863
992 597
883 495
259 912
75 386
288 973
471 796
556 56
894 477
902 739
238 919
871 48
551 825
653 749
977 476
183 387
580 740
537 295
787 406
300 744
621 900
185 748
503 491
58 24
943 925
660 596
160 793
439 438
530 966
851 677
179 605
38 888
189 481
0 41
257 140
909 252
364 141
868 95
277 406
875 247
601 875
749 34
0 876
966 313
289 804
674 860
59 698
618 942
792 905
614 239
189 733
54 600
12 59
120 351
98 83
97 956
341 300
980 365
141 638
384 948
63 11
326 871
115 731
563 711
786 555
154 808
508 894
562 991
141 629
114 154
297 555
193 61
778 170
609 557
350 332
72 986
790 752
481 213
613 421
907 424
541 909
756 189
221 701
52 420
809 689
409 395
758 846
44 20
431 830
924 855
591 950
621 35
932 436
273 581
217 936
345 679
593 916
919 442
772 610
100 975
421 404
774 313
119 983
979 368
354 875
321 226
44 103
62 624
764 42
235 906
790 718
351 170
820 318
416 604
163 624
167 494
8 115
401 180
446 661
566 161
477 539
158 877
919 941
556 584
406 882
581 149
773 696
559 656
223 93
247 976
325 832
891 276
316 514
713 995
962 380
789 759
546 182
490 377
506 714
578 773
71 401
501 515
474 284
497 373
485 670
117 921
441 634
757 218
248 137
733 158
245 855
868 150
902 255
818 759
337 709
4 296
369 349
155 731
106 845
724 944
761 304
934 605
632 792
907 485
655 822
138 839
465 282
909 218
960 211
885 335
972 325
54 606
357 579
45 625
135 199
908 590
530 686
224 872
287 168
203 236
982 255
369 945
424 96
760 338
685 169
587 803
2 225
797 28
531 159
276 569
892 611
407 713
89 586
436 435
521 188
872 993
191 793
541 816
574 450
768 695
903 972
561 338
3 82
564 584
61 664
174 527
450 53
963 386
339 188
302 487
436 85
695 134
894 158
457 296
803 960
334 976
975 782
677 152
920 617
344 427
590 250
332 704
382 180
39 158
324 962
610 491
55 89
958 702
311 560
963 614
516 80
987 910
139 568
641 798
914 256
626 730
580 476
706 320
232 492
556 320
802 71
478 957
17 952
119 344
547 246
328 459
715 892
562 547
177 180
43 176
43 208
447 568
327 742
949 778
661 424
91 332
927 307
961 943
154 562
475 185
895 73
983 211
196 792
75 343
111 22
731 361
294 230
658 967
833 68
561 133
541 437
770 915
643 610
542 383
7 789
3 810
71 108
547 751
303 973
370 333
189 371
236 183
742 201
713 933
263 539
170 203
168 107
401 276
721 215
397 420
294 535
570 952
3 591
391 880
240 697
813 937
415 1
903 726
229 861
342 142
531 119
778 110
35 219
304 677
663 906
940 479
661 934
481 908
335 499
338 177
714 123
391 552
569 517
515 42
204 107
18 508
399 453
744 993
411 423
859 897
873 259
111 142
112 29
938 173
677 703
490 213
453 849
196 775
778 268
237 357
945 909
752 164
363 170
518 783
955 186
906 882
766 178
732 565
143 920
495 197
172 957
52 757
634 804
982 179
121 695
862 401
360 170
488 723
309 595
628 649
936 645
942 363
210 702
842 830
721 948
974 585
465 698
469 891
954 408
966 725
645 992
750 549
343 969
36 614
807 832
141 421
69 653
835 419
958 403
395 410
275 758
17 611
194 145
855 763
714 836
274 916
935 951
606 60
270 960
677 381
351 641
910 775
673 234
886 666
989 658
57 804
717 51
903 544
479 635
885 392
983 684
834 263
84 369
851 171
170 970
641 215
346 422
897 199
639 970
783 642
809 992
345 467
601 569
301 732
189 343
41 517
845 899
629 426
673 706
53 189
771 533
438 151
246 827
664 409
575 998
831 584
329 751
296 936
844 953
284 695
196 652
769 69
21 888
263 494
71 511
617 312
143 509
376 580
864 204
412 918
185 916
300 286
185 51
822 584
99 487
231 485
95 130
755 58
726 906
809 124
894 11
877 728
743 749
606 106
295 558
916 339
786 324
20 867
574 608
918 424
573 115
122 377
570 821
12 404
169 734
51 480
433 951
750 304
65 363
78 905
822 520
16 867
418 239
42 918
437 464
883 285
214 448
573 700
173 619
837 926
386 8
259 53
716 238
789 817
996 740
145 912
701 304
216 18
784 888
406 562
128 465
732 668
166 116
120 463
345 914
699 802
719 304
440 352
923 108
336 228
784 255
475 891
417 174
0 878
413 495
217 488
384 631
275 526
951 934
573 904
328 477
108 273
487 492
349 648
615 761
683 144
712 454
223 353
656 214
963 770
755 170
205 188
473 670
717 436
65 643
376 604
396 200
739 263
798 187
180 169
740 13
443 857
189 226
318 583
428 57
33 779
339 542
851 674
736 174
348 309
840 418
361 819
587 64
953 324
716 4
113 409
238 146
192 116
583 826
825 645
480 975
262 719
245 140
729 613
342 566
243 42
614 35
128 713
820 101
39 548
424 168
121 740
85 296
673 224
254 118
935 985
793 859
266 422
631 72
134 141
821 373
600 380
212 617
401 544
230 393
446 796
908 76
855 295
777 935
320 679
578 789
83 749
734 438
863 950
992 302
731 271
613 690
796 841
327 181
180 347
329 929
501 361
296 304
657 202
97 680
279 57
184 527
284 277
126 420
940 957
527 485
696 44
286 188
782 420
321 316
867 154
502 137
323 634
146 216
832 40
923 560
843 722
416 354
541 132
856 48
935 308
297 573
602 75
361 298
30 979
598 976
395 931
695 286
809 569
457 562
187 115
624 352
599 81
113 355
760 862
519 841
869 776
176 435
489 949
688 671
569 471
461 958
405 222
633 43
521 312
782 198
820 292
91 990
358 567
938 575
128 936
15 888
4 579
288 135
626 162
294 831
170 36
393 833
845 818
581 464
646 707
506 6
287 396
814 709
619 206
109 345
848 855
842 509
563 682
54 538
243 61
657 123
217 465
36 55
551 3
528 389
899 45
310 999
408 50
752 271
450 231
143 578
207 126
483 602
60 568
750 632
423 709
270 971
677 206
898 916
23 639
451 636
292 141
584 286
964 800
116 406
997 133
559 300
572 752
374 485
812 128
959 332
161 989
592 726
677 67
308 702
448 201
552 928
843 65
231 967
833 365
734 631
689 533
45 12
625 730
420 640
895 489
464 111
744 101
155 730
922 279
177 943
167 259
690 898
521 354
253 961
631 108
144 47
47 174
708 955
722 578
184 793
873 748
119 46
450 659
559 982
822 346
609 213
286 236
595 87
860 380
468 27
487 36
581 436
352 982
180 910
420 627
890 369
284 254
667 62
329 403
387 467
183 187
30 526
670 11
522 622
355 52
154 11
3 299
125 635
963 984
147 295
257 681
415 838
117 542
986 39
898 574
470 97
325 924
229 134
946 532
58 770
286 82
95 422
252 205
492 193
642 286
256 83
635 609
842 457
100 610
893 121
72 287
993 739
785 147
684 47
365 107
904 942
638 135
154 739
909 876
690 274
437 962
639 207
52 54
554 391
171 296
81 487
956 503
100 359
7 530
482 439
187 721
433 171
982 882
531 786
187 295
767 906
591 517
842 336
736 283
277 636
10 109
923 831
904 539
993 11
365 531
212 472
20 112
161 431
64 185
375 690
427 725
394 2
954 928
112 602
59 353
92 456
347 569
273 893
358 923
560 785
750 361
21 47
145 289
834 330
474 542
965 597
134 237
82 725
34 597
706 760
635 329
663 9
44 519
263 220
12 407
142 932
99 267
426 311
470 603
143 639
688 602
879 588
502 432
45 145
602 274
167 972
869 380
905 966
226 685
721 557
490 398
617 743
488 380
299 471
291 559
29 344
498 890
865 15
237 956
847 633
840 624
902 155
901 115
212 188
566 137
823 2
610 528
427 310
514 839
882 277
201 22
592 569
409 46
478 379
274 262
4 599
108 136
636 752
496 122
864 754
999 624
507 268
39 666
771 550
722 789
479 829
263 393
743 494
383 207
499 55
289 149
10 939
329 283
132 945
480 27
833 242
994 461
243 880
881 169
443 289
130 181
32 896
834 977
775 173
139 209
647 22
343 752
285 912
828 51
457 309
387 295
608 197
512 523
40 530
723 606
456 576
144 377
197 863
790 15
233 503
347 425
651 593
506 156
666 962
923 860
848 461
965 337
4 185
386 413
488 532
338 672
69 476
402 409
833 984
922 230
410 709
124 332
873 68
408 196
580 950
760 966
175 680
722 318
876 177
233 371
684 707
684 471
670 461
725 864
445 512
776 394
487 762
641 846
461 254
651 640
980 340
806 451
674 489
658 164
763 244
238 670
519 180
546 944
578 746
329 176
518 577
647 26
578 214
973 337
171 263
575 69
106 302
677 827
760 998
217 62
570 868
652 603
263 413
300 397
35 5
762 689
743 454
102 772
818 704
629 701
395 796
413 755
73 269
808 603
179 738
655 619
598 642
276 970
97 209
453 231
886 763
58 444
36 943
704 801
309 73
124 216
954 442
151 140
473 366
429 677
485 879
863 480
166 692
606 348
290 167
220 507
953 18
932 767
718 691
888 341
587 540
984 359
123 647
673 330
456 146
618 435
419 387
71 456
354 761
794 419
40 75
872 716
145 699
488 489
916 434
853 711
642 700
704 374
217 253
966 452
353 899
535 582
527 477
240 229
449 282
147 113
753 516
366 253
172 342
184 348
9 638
335 433
968 360
648 751
6 938
160 277
424 696
207 893
511 88
227 594
995 997
528 826
891 557
441 190
789 427
947 749
823 778
122 997
568 825
668 733
162 218
241 593
594 514
643 755
178 438
877 586
106 539
261 343
36 760
17 487
783 388
980 918
222 514
807 74
686 945
924 510
565 693
497 253
756 650
159 461
647 658
736 854
717 453
761 525
780 63
767 871
62 844
400 420
142 45
126 745
476 511
607 187
63 608
498 672
962 984
985 592
268 358
405 490
100 112
142 522
652 909
712 51
974 663
935 103
561 176
921 195
54 776
980 848
923 270
735 476
221 562
112 53
635 754
785 592
137 914
188 414
385 81
563 261
286 714
540 289
519 162
161 216
734 111
293 406
232 191
613 167
85 86
327 106
599 923
562 447
864 151
549 670
987 940
384 604
391 625
743 172
850 752
925 56
651 671
565 376
445 858
592 969
540 603
944 920
880 743
234 659
978 359
436 851
783 528
393 472
57 668
41 250
164 605
151 776
988 285
637 642
863 61
88 821
749 115
247 209
629 363
581 572
793 881
891 569
866 167
887 670
92 759
387 585
689 81
44 473
966 554
126 886
559 839
25 42
733 356
14 672
482 784
267 220
483 117
278 260
663 238
626 133
911 44
573 62
512 242
412 657
822 940
798 6
537 483
596 959
501 527
461 508
940 2
183 930
395 428
210 46
134 975
106 666
761 317
487 625
367 902
926 566
532 275
466 491
992 391
208 750
968 617
79 502
716 362
263 113
19 368
271 711
14 390
332 868
649 234
992 847
726 107
658 586
426 824
874 400
467 537
180 523
206 18
684 318
514 493
371 948
113 678
872 434
294 857
622 44
594 448
73 970
790 320
485 723
345 224
884 274
704 121
636 711
415 257
591 568
972 100
559 623
684 762
155 646
391 541
863 882
505 474
51 815
187 508
729 210
728 499
869 425
536 708
703 918
114 300
961 749
409 575
409 698
27 509
579 974
714 104
20 574
338 664
984 552
783 218
-1 29217 -1 -1 -1 -1 -1 -1 -1 -1 -1 -1 -1 -1 -1 -1 -1 -1 -1 63917 -1 -1 -1 -1 62103 -1 -1 -1 -1 -1 -1 -1 -1 29504 -1 57606 -1 6605 46861 -1 -1 -1 -1 -1 -1 58424 10033 -1 -1 -1 -1 -1 63454 -1 -1 -1 -1 -1 57755 -1 -1 -1 -1 -1 -1 -1 -1 -1 -1 -1 19818 -1 -1 -1 -1 -1 46706 -1 -1 -1 -1 8966 -1 -1 -1 -1 -1 -1 -1 -1 -1 -1 -1 -1 -1 -1 52354 -1 -1 59558 20364 -1 -1 -1 57727 -1 -1 30860 25277 -1 17766 -1 -1 13762 -1 -1 -1 -1 -1 -1 31829 -1 -1 55919 -1 -1 -1 -1 15284 -1 33275 -1 -1 -1 -1 40742 -1 -1 -1 65086 49261 -1 43732 52723 -1 -1 -1 47665 -1 24549 -1 16043 -1 -1 -1 -1 -1 -1 -1 -1 -1 -1 -1 -1 -1 -1 -1 -1 -1 35848 -1 -1 -1 -1 1030 60674 -1 -1 -1 -1 -1 -1 -1 -1 695 -1 -1 -1 -1 -1 24980 -1 -1 -1 -1 37383 -1 -1 -1 -1 -1 -1 -1 -1 -1 -1 -1 -1 -1 -1 -1 -1 -1 -1 -1 -1 -1 28414 -1 -1 23140 -1 41239 25078 -1 23873 -1 -1 -1 -1 -1 -1 56323 -1 -1 -1 -1 -1 -1 31436 -1 59479 -1 -1 -1 -1 -1 -1 -1 65522 -1 -1 14164 -1 -1 -1 -1 -1 28670 -1 -1 -1 -1 -1 31008 -1 -1 47117 -1 12882 -1 40225 -1 -1 50723 -1 -1 -1 -1 -1 40280 12327 -1 -1 25632 30398 -1 -1 -1 -1 -1 -1 -1 -1 -1 -1 60014 -1 -1 -1 -1 -1 49372 -1 -1 -1 -1 -1 16936 -1 -1 -1 -1 62544 47299 -1 -1 -1 36104 -1 -1 -1 -1 52244 -1 23850 -1 -1 -1 -1 -1 -1 -1 39517 -1 -1 -1 -1 -1 -1 18440 -1 18779 -1 -1 -1 -1 63519 10890 -1 -1 -1 -1 10049 -1 -1 -1 63446 27120 37286 49071 -1 -1 -1 -1 12792 -1 -1 -1 13489 6426 28535 -1 -1 -1 35755 -1 -1 32330 -1 23342 30217 -1 -1 32763 -1 -1 -1 -1 -1 -1 -1 -1 -1 -1 27974 -1 -1 -1 62223 -1 -1 -1 -1 -1 -1 -1 -1 -1 -1 -1 10758 4048 -1 -1 -1 -1 -1 -1 -1 -1 -1 -1 -1 -1 -1 -1 -1 -1 60929 -1 -1 -1 -1 -1 -1 -1 -1 -1 64085 -1 -1 24747 -1 -1 -1 -1 -1 -1 -1 -1 -1 -1 -1 50761 -1 -1 -1 2327 -1 27448 -1 -1 -1 -1 -1 4925 -1 -1 -1 -1 -1 -1 60333 -1 37596 -1 -1 -1 -1 -1 -1 -1 -1 57202 -1 -1 -1 -1 -1 -1 -1 -1 -1 -1 -1 -1 -1 -1 -1 -1 24889 60894 38091 10837 16872 30572 -1 -1 -1 -1 -1 27588 -1 -1 -1 -1 -1 49219 16574 -1 33464 -1 33679 -1 -1 48632 -1 -1 -1 44329 -1 -1 -1 -1 -1 -1 23140 -1 -1 -1 -1 -1 -1 -1 -1 -1 -1 -1 62404 -1 -1 34644 4196 48873 -1 -1 -1 920 -1 -1 -1 -1 -1 -1 -1 -1 -1 -1 -1 53662 -1 -1 -1 -1 -1 -1 -1 -1 -1 30107 -1 21721 -1 -1 -1 -1 -1 -1 -1 29167 -1 -1 -1 -1 -1 -1 -1 -1 51504 2741 39612 -1 -1 26690 25516 -1 15708 22381 -1 18322 -1 -1 -1 1150 -1 -1 -1 -1 56621 19769 41287 -1 -1 -1 -1 -1 -1 -1 -1 -1 -1 -1 -1 -1 -1 -1 -1 -1 -1 -1 -1 -1 -1 -1 -1 -1 44712 5576 -1 -1 -1 23577 -1 -1 -1 -1 -1 1260 -1 -1 -1 62222 -1 -1 -1 56527 -1 -1 -1 -1 19787 12208 77 -1 13212 46795 -1 -1 -1 -1 -1 -1 -1 -1 26655 -1 -1 -1 -1 -1 -1 -1 -1 -1 -1 -1 -1 -1 -1 -1 -1 25755 -1 -1 -1 -1 -1 -1 -1 -1 -1 -1 -1 -1 -1 -1 -1 -1 -1 -1 -1 13867 -1 -1 -1 -1 36407 -1 -1 -1 21681 64130 -1 40139 -1 -1 -1 -1 59929 -1 -1 -1 -1 -1 -1 -1 -1 21646 -1 -1 -1 -1 -1 35696 -1 6891 36799 -1 -1 29087 -1 -1 31161 -1 -1 -1 -1 -1 -1 45362 49925 42730 -1 -1 -1 -1 41959 -1 -1 14313 -1 2873 -1 -1 -1 26741 -1 -1 -1 -1 40564 -1 -1 -1 -1 -1 -1 -1 -1 -1 36175 -1 -1 -1 -1 -1 -1 -1 -1 -1 -1 -1 -1 -1 -1 40879 -1 -1 -1 -1 -1 -1 57060 53850 -1 -1 -1 -1 -1 11426 -1 -1 44569 -1 -1 -1 -1 -1 -1 -1 -1 -1 -1 25225 -1 -1 -1 46408 -1 -1 -1 -1 -1 40813 31848 -1 -1 -1 -1 29569 -1 -1 -1 -1 34789 -1 -1 20596 11922 -1 -1 -1 2549 -1 -1 -1 -1 -1 -1 -1 3042 6003 -1 -1 -1 20566 -1 -1 -1 -1 2425 -1 12602 -1 -1 -1 59849 -1 18169 -1 -1 40456 -1 -1 42467 13239 -1 -1 -1 -1 -1 12043 -1 -1 -1 9513 -1 -1 13473 -1 -1 -1 -1 -1 47408 -1 -1 -1 -1 11209 -1 18763 59171 -1 -1 -1 -1 -1 -1 17347 -1 -1 26014 -1 -1 -1 -1 -1 -1 30799 -1 -1 -1 -1 -1 -1 -1 -1 -1 -1 -1 -1 -1 -1 -1 -1 -1 -1 -1 -1 6346 -1 -1 63282 57377 -1 -1 -1 -1 -1 -1 -1 -1 49278 -1 -1 -1 3131 -1 -1 32109 -1 -1 -1 -1 -1 46443 -1 -1
7
1 990 6 113 11
1 283 2 748 10
0 802 5 720 4
1 931 3 974 0
1 401 2 210 4
1 243 12 142 14
0 320 7 67 0
