1000 5000
743 348
628 994
214 501
345 384
34 645
411 580
900 210
211 595
659 943
581 957
75 950
111 672
930 343
582 192
44 5
177 464
509 85
66 515
617 131
104 323
536 111
992 973
825 140
699 241
704 973
700 620
577 165
686 655
192 5
802 17
402 990
392 651
814 721
113 327
331 584
947 12
332 177
328 475
838 426
950 659
565 178
170 25
799 213
849 477
631 28
652 406
598 458
496 959
234 105
927 792
783 603
196 173
565 183
219 100
514 449
726 855
901 804
580 714
750 26
69 644
830 56
351 448
670 550
960 312
884 420
355 431
952 520
801 179
801 963
330 457
262 176
78 206
798 563
642 517
577 381
483 871
71 507
820 402
402 109
902 693
779 554
140 853
200 919
123 1
257 470
480 208
747 559
15 559
477 766
364 802
212 370
269 152
727 724
14 964
240 509
976 91
819 174
894 267
525 719
409 570
923 688
683 725
357 545
604 136
156 73
510 441
955 799
287 644
292 108
582 363
671 40
47 244
410 193
482 999
567 331
17 873
560 673
111 763
566 741
291 448
993 703
386 872
146 318
174 958
818 978
205 373
472 955
918 757
182 551
321 917
881 610
394 914
760 83
501 222
356 749
725 104
382 171
599 808
389 652
376 650
979 113
401 78
927 350
744 260
199 740
792 908
725 515
465 323
340 305
306 981
910 953
351 953
158 917
791 248
344 877
122 425
336 197
122 331
239 127
613 994
267 738
406 501
623 156
179 486
87 265
169 741
429 72
461 859
679 259
646 606
823 101
972 571
308 325
612 449
13 258
174 706
811 466
769 152
695 177
391 440
868 766
279 581
19 172
8 145
482 271
805 106
334 955
828 347
111 760
647 692
527 708
344 223
983 567
84 572
64 44
439 351
751 596
338 722
740 708
496 155
883 527
600 229
959 194
210 802
813 927
985 442
782 213
918 418
145 742
910 507
744 652
666 856
137 726
211 372
888 691
643 800
769 399
145 569
674 316
267 55
946 457
927 962
70 246
855 371
572 420
189 496
892 245
261 649
244 590
519 75
607 672
365 53
307 320
536 984
270 792
258 773
690 418
824 313
328 458
591 914
780 905
160 502
981 11
589 476
3 775
168 845
222 32
628 517
262 265
446 227
141 559
760 498
421 784
701 665
838 277
202 702
641 282
815 610
187 196
638 742
926 230
808 927
851 28
487 244
465 188
273 329
855 988
343 836
333 761
449 39
97 294
260 478
719 843
464 978
46 712
953 461
684 928
264 239
569 769
847 413
495 890
108 688
252 916
791 162
593 13
158 973
301 422
820 691
22 800
91 847
813 787
883 254
786 710
477 447
889 339
457 143
62 38
25 244
185 357
200 745
771 895
132 634
650 658
539 590
157 213
618 928
312 187
565 599
399 523
679 812
895 940
866 42
455 144
637 860
252 949
5 861
966 253
722 335
224 194
661 392
293 183
965 312
977 579
814 658
780 725
761 268
377 611
895 238
434 150
68 457
650 729
942 735
554 224
540 757
379 17
627 263
720 827
213 797
976 230
575 208
117 472
56 968
621 136
605 161
994 986
238 291
627 927
996 988
324 182
858 608
570 129
691 940
474 298
50 48
33 942
827 365
334 106
366 701
28 465
778 889
92 397
982 554
131 424
486 812
279 505
74 978
857 835
429 378
710 518
338 998
992 324
136 616
945 289
437 198
150 105
253 789
950 794
613 96
849 358
281 633
372 305
358 79
499 581
760 754
316 769
862 558
284 402
956 564
707 203
876 975
408 269
623 594
701 4
382 818
91 204
407 729
759 872
334 897
585 333
267 328
565 664
245 891
813 891
146 349
405 612
503 284
232 419
514 592
305 402
158 345
170 286
555 98
696 681
819 149
293 211
676 32
821 826
558 103
989 204
851 380
421 272
385 453
26 293
306 252
777 257
476 809
716 779
431 264
661 800
339 629
556 788
115 497
581 404
315 361
124 20
166 945
513 21
993 631
121 284
843 408
191 729
988 606
994 236
886 882
225 290
276 179
940 557
532 248
551 119
880 690
640 956
501 704
919 368
941 204
611 220
808 558
592 282
678 212
86 373
290 192
832 258
452 19
409 978
112 6
349 517
636 853
537 311
96 197
707 148
247 337
495 726
320 991
908 181
593 346
502 40
546 773
378 894
727 19
309 638
219 558
619 974
834 389
95 478
405 981
302 403
31 658
141 196
722 725
728 326
991 30
839 715
150 222
470 191
943 888
887 391
622 176
491 835
31 810
472 422
689 626
111 29
968 517
179 592
351 575
597 296
525 622
652 81
863 582
28 812
970 737
167 455
915 560
220 235
698 542
268 57
781 305
556 191
721 329
344 480
160 842
349 298
288 163
856 547
272 55
759 274
905 988
474 31
243 0
378 300
389 102
315 730
634 759
596 228
562 747
532 732
343 965
549 268
86 472
507 697
1 665
368 395
124 906
821 636
451 837
810 315
557 543
703 188
6 963
328 534
36 347
398 70
198 57
113 139
999 330
790 119
585 536
240 368
265 322
530 573
813 429
405 21
355 586
534 953
335 620
490 891
818 342
908 599
862 884
194 482
189 455
249 779
170 907
577 265
224 556
594 933
25 860
675 368
13 717
513 820
54 390
351 645
122 918
844 802
940 659
219 465
631 636
609 256
304 261
388 760
688 611
360 452
150 592
260 706
374 370
646 877
332 14
973 299
692 485
60 692
490 202
698 507
327 110
242 392
933 409
898 237
755 110
237 245
928 86
34 138
139 350
950 65
389 478
372 205
482 440
409 34
55 846
139 231
472 50
381 160
60 769
753 998
222 555
387 340
669 512
541 443
736 584
500 535
850 92
389 653
755 721
75 663
594 880
326 922
412 26
410 672
942 191
307 204
807 385
805 125
545 106
469 397
470 278
927 375
415 103
105 812
712 52
393 578
52 733
544 203
172 141
385 381
820 999
514 163
907 665
13 767
102 961
220 8
506 709
428 760
147 927
94 194
540 195
435 900
777 304
643 86
627 523
977 604
687 222
876 225
118 318
639 634
891 463
972 485
633 556
666 681
291 661
343 469
341 328
611 500
270 683
15 736
239 16
870 970
548 824
83 907
816 729
176 670
465 820
102 193
965 832
560 783
577 280
160 384
802 642
753 669
220 697
408 606
343 65
22 963
230 67
261 652
317 404
976 471
622 218
489 118
702 463
432 925
425 448
454 965
392 192
390 129
414 689
836 493
796 849
320 498
120 933
810 132
245 355
437 409
356 754
66 19
194 392
274 764
74 781
305 840
952 135
448 861
71 955
536 625
786 269
595 367
903 420
545 815
33 845
876 120
325 123
754 587
867 59
208 175
225 817
367 513
292 860
955 266
243 273
394 87
929 222
384 428
305 10
696 882
319 279
399 327
452 197
556 193
30 583
113 49
817 709
224 433
615 927
11 719
883 346
649 712
557 754
102 954
8 251
187 907
252 186
8 424
249 74
615 482
938 783
175 500
457 399
925 521
468 453
717 365
615 544
240 879
117 232
271 721
935 177
284 784
918 748
267 582
930 970
594 372
17 228
268 618
625 215
502 22
885 356
936 97
422 584
395 373
27 109
30 611
412 618
847 955
838 959
504 961
879 561
536 66
606 840
297 203
486 511
721 687
829 865
551 408
368 516
375 852
737 367
605 421
738 410
295 758
356 852
76 901
243 517
756 150
364 773
173 102
309 128
110 83
603 246
947 955
384 718
984 63
216 976
795 769
209 204
227 222
556 994
588 360
676 368
340 298
325 97
939 734
856 863
396 727
668 813
36 264
491 315
836 759
940 670
885 424
317 941
678 500
178 280
90 255
646 613
531 860
538 833
512 135
122 75
689 574
546 108
829 528
848 169
632 796
905 853
460 190
882 856
725 247
839 903
553 701
864 691
673 270
55 65
387 448
406 38
835 539
3 663
77 602
68 489
688 963
359 990
706 815
71 616
695 687
222 285
154 233
764 986
954 42
297 311
721 645
918 367
355 606
884 290
21 851
994 392
843 816
411 255
293 673
526 498
691 213
834 137
88 127
475 665
344 507
874 798
790 48
942 345
295 333
681 88
230 374
840 167
380 37
729 368
852 963
184 381
698 719
666 171
232 762
180 364
847 774
334 802
618 63
294 30
261 38
385 543
970 47
154 710
491 192
985 521
742 882
856 993
405 165
941 990
324 94
399 848
828 561
797 483
13 4
732 86
708 116
573 467
774 501
792 99
652 910
185 548
613 662
196 621
859 311
870 733
599 584
774 206
898 11
704 548
247 525
195 625
694 495
24 203
422 750
985 238
858 872
903 949
109 746
170 512
524 92
378 92
771 518
415 767
530 184
644 163
958 112
984 738
329 155
431 879
268 461
644 734
537 393
520 359
577 442
500 551
224 908
224 753
247 70
154 882
490 538
364 951
947 726
440 545
807 936
707 961
175 833
624 430
734 11
582 874
139 251
236 780
204 678
689 655
583 37
44 307
579 347
322 45
821 981
661 80
9 823
382 372
928 482
677 345
196 571
109 74
631 750
923 704
494 258
258 621
292 123
617 585
103 371
797 169
555 284
133 652
710 491
412 652
530 191
189 107
63 800
135 386
196 362
406 523
982 43
444 993
1 390
345 224
732 106
355 437
951 534
824 370
909 284
618 595
844 592
261 234
933 514
36 646
748 775
883 173
291 811
951 708
772 750
55 232
477 102
435 491
686 804
85 363
212 528
695 756
290 345
561 47
52 665
712 754
691 314
769 600
748 686
297 314
412 376
277 876
643 2
607 967
301 902
868 594
971 733
499 352
633 275
910 860
353 176
749 52
485 208
857 893
53 14
234 776
269 254
201 337
142 57
471 561
821 290
458 820
962 822
502 196
34 267
7 709
799 835
575 987
378 500
368 410
996 477
350 814
779 206
160 377
652 250
164 540
138 277
64 394
215 888
80 910
954 444
44 888
472 373
342 364
216 892
83 322
315 268
548 722
481 905
796 865
364 965
734 39
805 225
552 467
332 984
905 168
606 200
435 606
297 891
311 54
766 519
466 253
484 887
730 476
563 39
406 867
306 124
836 370
87 737
388 315
410 266
317 708
980 775
440 464
94 727
534 422
325 96
263 159
797 855
625 559
907 437
921 92
194 483
370 551
707 670
694 816
712 948
190 549
856 379
412 935
599 668
831 99
334 204
820 232
683 762
101 751
13 207
220 516
336 984
927 638
855 84
320 41
47 625
474 745
671 112
667 822
660 13
719 340
879 366
913 996
775 25
120 433
987 127
136 198
3 399
264 638
63 745
803 395
527 991
788 862
734 695
36 74
138 166
466 843
555 894
815 452
912 695
305 946
739 53
429 321
477 427
393 603
529 331
554 622
734 747
807 309
211 951
877 998
972 588
525 396
332 793
475 558
856 556
957 241
547 533
936 431
224 272
271 615
523 262
581 868
68 110
378 973
191 745
196 253
568 954
523 786
478 556
801 563
618 9
363 426
206 8
295 652
707 360
8 61
320 789
231 155
285 73
237 48
382 898
654 26
924 612
436 121
253 87
930 883
474 364
720 927
403 963
276 999
296 604
395 766
576 671
486 461
676 163
55 651
464 543
903 826
355 202
749 201
528 308
566 541
103 146
293 653
542 494
74 589
3 236
123 974
242 874
923 44
405 892
814 732
198 859
204 416
83 500
371 10
223 683
17 567
688 107
430 197
379 623
107 744
219 476
282 692
491 996
330 71
250 827
217 406
682 518
670 554
260 75
295 709
287 589
53 746
706 417
809 901
38 480
782 9
85 327
906 132
251 675
491 581
752 371
892 116
987 900
241 818
55 923
219 610
334 390
926 140
68 844
944 292
122 240
946 76
453 322
935 28
218 510
313 705
359 948
160 295
55 122
194 126
737 235
402 14
752 173
587 904
423 277
247 307
798 388
153 854
54 275
438 783
237 183
117 429
406 972
355 284
246 247
564 213
239 527
722 962
919 127
487 421
304 805
543 886
613 400
625 994
50 864
821 802
746 985
691 363
166 318
651 814
156 569
941 349
255 649
132 500
614 569
437 226
818 452
508 299
873 182
553 499
488 899
777 431
505 613
116 561
951 270
286 970
739 943
636 85
147 252
368 517
947 822
382 404
8 259
817 62
884 935
891 329
860 954
728 190
124 495
551 283
528 529
711 584
697 715
994 534
209 435
546 216
455 370
645 363
438 685
259 715
692 721
212 930
555 748
760 24
643 948
964 214
89 891
501 499
156 282
919 640
194 466
31 883
10 996
461 579
866 308
210 518
49 814
811 1
791 944
531 981
664 190
78 217
327 684
119 493
957 236
230 795
732 227
46 112
251 887
173 697
362 715
732 241
178 766
958 173
9 536
55 753
885 929
344 513
678 161
488 170
678 940
395 527
70 980
6 156
496 788
551 954
504 205
74 138
47 359
920 91
391 539
661 87
649 113
427 158
199 689
691 947
716 488
834 296
524 627
444 645
407 696
153 437
427 927
940 413
184 374
45 585
621 994
458 857
416 513
826 22
424 786
350 809
813 367
483 51
28 784
522 233
266 61
323 86
547 220
402 412
763 782
614 439
398 18
134 239
654 166
323 784
442 594
44 103
384 628
117 866
724 929
616 699
138 930
162 278
975 210
139 168
63 410
486 559
612 626
90 334
531 346
286 208
147 537
314 272
412 416
825 235
58 894
226 877
854 766
814 485
138 397
823 259
515 172
673 931
755 592
124 942
884 693
271 198
563 447
360 694
831 500
384 167
770 789
145 57
47 883
536 843
296 226
964 807
842 97
528 168
992 640
849 941
305 481
264 274
700 561
43 508
100 713
581 732
276 268
786 976
636 827
933 491
492 143
995 692
477 526
56 390
326 595
443 581
443 437
272 898
423 751
695 187
42 899
967 778
572 314
607 515
727 946
398 720
172 287
985 564
285 618
961 112
656 17
450 262
481 956
676 567
176 971
900 880
144 654
600 612
818 332
391 102
736 463
317 861
122 743
268 367
589 23
732 553
179 963
711 413
126 991
118 504
747 546
427 728
478 689
491 357
822 239
524 552
24 44
501 194
839 629
121 469
489 460
27 432
159 672
10 870
180 529
84 862
557 634
901 935
712 757
885 455
816 775
704 924
69 229
185 28
170 916
118 3
872 49
901 313
887 877
219 94
431 281
415 695
926 540
742 530
596 69
246 149
861 874
860 31
448 588
867 370
543 333
658 279
168 790
12 357
337 542
726 496
767 43
76 850
395 435
250 556
349 267
517 529
335 33
487 451
781 457
350 556
128 268
819 694
241 283
663 601
584 902
664 15
637 325
618 294
932 736
850 547
263 265
260 322
222 695
312 546
778 898
936 996
205 887
980 881
193 779
673 291
910 341
91 526
647 399
303 888
852 524
687 964
837 495
469 552
158 191
922 686
57 296
991 982
454 640
721 963
505 12
638 511
332 544
332 416
356 407
276 523
341 639
532 340
844 470
372 323
104 159
514 410
384 164
220 805
350 110
109 796
478 157
491 728
414 715
650 684
945 312
228 367
274 629
92 926
887 729
741 641
514 428
410 170
898 345
200 108
218 885
37 957
360 678
774 505
522 762
493 367
148 536
33 989
792 378
162 269
80 877
763 990
712 810
148 825
645 815
433 953
446 897
574 155
380 12
780 439
250 332
157 645
719 237
556 780
530 182
708 999
365 953
820 891
913 649
829 765
150 716
786 797
538 358
817 422
390 12
637 7
25 884
33 883
408 175
718 538
372 437
851 187
577 228
822 869
744 697
701 555
327 824
676 172
843 771
412 768
515 632
305 38
104 870
152 633
208 44
957 248
80 996
433 802
336 123
578 653
526 466
87 559
711 439
905 408
920 858
406 621
880 456
32 748
630 639
95 301
361 138
94 802
242 438
946 631
225 484
889 946
873 465
587 46
512 346
791 821
895 186
174 144
110 434
830 502
27 815
996 303
591 400
368 340
248 93
322 507
649 262
830 634
146 709
320 446
328 459
964 992
864 477
469 986
599 45
352 812
11 265
845 2
17 818
352 687
157 325
263 637
647 863
452 117
60 67
333 927
249 840
721 873
901 973
694 908
114 259
541 978
369 467
160 779
163 426
517 555
859 690
165 350
160 585
49 226
853 897
136 644
570 694
770 923
28 434
736 410
382 783
438 794
16 705
651 660
554 386
178 114
502 366
44 868
767 461
957 524
723 578
921 812
432 592
196 753
907 837
664 862
752 573
909 826
138 822
375 915
686 773
683 879
349 314
208 350
455 795
49 467
983 74
945 197
199 551
334 914
259 607
587 311
343 752
878 745
402 957
145 637
352 105
540 88
29 819
458 648
461 552
458 537
607 485
299 564
5 182
264 173
95 793
286 908
261 707
418 146
57 695
199 678
430 196
952 470
187 24
967 763
338 168
537 733
7 895
190 418
169 110
9 705
102 344
909 15
837 16
6 957
503 630
590 348
992 710
205 682
448 625
578 392
784 27
105 197
641 593
809 781
640 841
202 12
221 744
774 364
943 185
321 966
413 68
17 427
979 478
659 323
796 828
118 121
76 616
910 425
455 305
722 471
915 453
232 405
267 79
194 273
694 444
636 548
778 589
965 919
860 840
614 571
520 173
908 388
878 400
232 455
437 629
41 300
526 430
964 678
451 249
115 629
424 168
991 365
166 756
168 631
48 187
799 763
1 171
612 237
390 804
743 424
634 548
147 130
681 900
894 973
88 234
606 304
812 769
909 580
660 744
545 620
204 64
263 197
54 800
577 649
745 851
59 170
557 163
35 128
208 527
734 627
741 803
918 954
282 807
534 221
262 291
875 269
915 599
135 535
794 107
960 563
234 887
944 275
221 402
28 650
87 107
890 876
630 562
882 646
959 704
327 107
609 670
14 295
778 286
519 679
167 610
63 481
792 732
296 409
905 471
735 110
227 233
844 975
525 356
779 164
548 409
144 840
880 898
259 39
370 591
507 62
34 728
421 457
183 196
630 667
883 747
40 265
810 652
949 840
824 332
238 938
463 389
923 249
282 496
59 341
364 998
658 384
433 19
219 131
117 942
129 632
652 297
931 487
823 986
927 193
907 804
540 240
347 105
457 705
94 709
594 231
835 115
969 415
771 405
632 214
974 542
134 546
897 960
144 272
332 278
884 501
755 187
657 220
403 397
684 740
39 365
696 774
926 356
716 708
795 936
580 303
586 97
833 387
516 841
382 186
388 286
447 538
646 442
435 261
245 861
653 856
752 809
164 992
34 263
823 110
708 352
683 700
318 343
268 788
923 264
212 224
557 388
208 443
221 8
720 368
455 834
468 82
255 846
781 958
65 909
581 494
496 174
409 848
640 757
490 583
21 461
275 541
251 64
644 236
496 679
147 713
465 491
791 817
453 158
717 220
297 676
77 100
541 372
63 447
642 923
156 134
988 325
408 648
904 608
605 30
866 645
358 452
138 741
753 273
762 704
539 317
634 262
338 922
101 542
911 467
195 55
948 117
624 643
923 591
258 430
415 330
785 892
376 171
740 306
309 906
764 692
269 808
674 842
585 747
600 771
858 309
461 649
819 631
240 626
230 250
546 566
318 260
507 535
417 862
275 228
711 455
542 98
533 191
508 118
256 41
937 925
218 85
226 639
841 187
469 230
17 767
915 626
804 17
119 197
965 283
587 389
852 57
461 920
327 301
331 437
723 212
494 830
497 516
889 537
626 384
369 257
110 168
685 145
489 962
335 648
468 608
537 373
313 854
131 204
970 903
794 159
27 243
384 735
604 142
649 338
995 513
331 143
434 274
791 716
899 814
989 263
697 872
728 952
288 808
911 331
168 900
329 517
917 400
120 922
217 253
828 72
511 798
414 256
245 281
794 664
69 855
239 350
774 693
922 287
989 766
574 748
515 943
224 293
3 584
363 876
713 569
255 7
859 24
728 434
208 164
260 135
666 319
780 702
627 81
183 656
141 59
839 142
171 483
783 905
575 884
551 19
245 441
618 559
204 286
351 954
949 324
291 343
343 567
619 260
328 828
701 909
931 233
473 416
962 100
688 572
807 499
534 721
772 255
27 961
510 235
425 400
162 320
214 962
902 900
91 989
782 209
919 187
923 165
284 236
644 289
362 46
980 168
339 937
881 391
669 309
983 575
784 138
825 816
400 300
994 656
916 823
643 914
930 908
834 960
892 796
812 523
433 816
210 988
760 160
976 17
210 736
380 116
947 437
16 798
435 25
848 66
351 523
744 307
215 31
336 213
47 680
917 748
921 438
581 771
28 759
157 247
248 431
515 597
312 77
717 433
415 283
752 746
636 901
669 284
658 116
65 865
452 979
113 377
655 480
804 228
473 259
932 500
556 209
422 757
809 494
33 134
116 525
526 842
347 335
136 410
390 822
347 350
46 49
856 572
163 682
31 707
632 270
73 264
121 474
754 392
161 31
289 227
889 512
355 140
223 3
484 450
637 890
770 0
117 322
695 263
499 879
897 36
815 299
381 859
920 866
435 343
517 66
884 721
637 799
791 115
873 667
833 709
28 214
462 50
962 564
435 909
515 882
930 581
781 152
661 560
252 5
757 628
158 127
556 302
642 720
737 569
167 999
890 739
817 825
248 171
195 896
457 904
353 90
466 984
465 738
898 590
76 784
255 501
603 230
858 176
774 230
388 314
523 674
968 202
708 144
677 463
756 292
764 96
288 968
600 676
101 576
716 481
941 209
354 639
144 49
134 57
655 513
45 301
107 256
515 264
821 789
336 783
572 157
251 331
579 319
288 570
554 214
882 375
778 970
843 307
786 144
84 230
244 43
283 637
879 958
820 721
151 353
321 887
256 530
565 410
665 487
164 96
770 682
46 925
253 700
860 384
897 879
848 177
589 97
120 382
25 104
713 424
474 63
571 636
781 850
920 73
660 852
374 854
210 320
257 712
994 190
103 89
642 115
981 609
470 711
149 921
455 593
816 282
334 89
372 702
350 444
276 462
239 101
182 390
444 201
913 101
142 347
29 784
9 676
244 59
395 133
347 304
40 190
282 587
288 42
422 819
976 344
616 923
648 360
344 504
808 211
585 962
461 808
905 496
404 642
568 899
411 262
222 346
846 241
483 813
948 880
670 966
905 924
309 997
607 748
283 991
606 521
430 584
97 737
908 427
565 215
576 313
92 286
580 996
568 377
436 124
844 836
168 718
0 897
673 171
926 412
21 672
974 922
597 456
46 592
687 545
376 398
568 41
815 688
18 492
377 785
908 907
705 887
157 815
653 968
332 579
769 517
128 933
854 548
726 0
823 784
484 7
718 604
292 9
546 270
277 752
2 754
351 251
965 575
818 651
360 217
345 535
148 324
81 529
768 203
300 656
933 205
27 529
116 326
774 748
114 243
967 283
27 46
438 291
207 624
39 999
39 574
296 994
601 347
705 250
377 230
74 391
955 747
913 779
855 871
556 646
735 96
986 537
439 860
290 402
945 451
496 219
238 538
41 398
6 677
14 306
414 215
470 886
883 70
741 610
461 256
295 667
665 246
720 11
656 84
876 233
213 601
311 848
230 321
303 967
405 211
91 891
34 892
79 823
146 874
418 33
519 762
976 37
55 853
273 673
610 39
854 227
977 300
982 868
352 662
416 731
371 66
161 415
248 866
458 664
153 191
824 385
988 239
584 604
881 681
691 574
837 3
563 363
793 533
11 335
564 538
663 695
742 586
812 946
463 987
499 814
767 200
142 178
47 266
890 386
26 987
20 881
216 27
932 101
198 618
229 461
331 115
440 567
117 260
650 496
947 315
241 828
433 958
412 765
997 97
65 211
159 543
89 112
815 78
366 669
471 810
678 140
674 423
620 848
485 132
750 153
34 112
542 509
357 676
261 36
763 786
815 55
144 132
243 140
469 56
818 119
665 549
646 671
837 39
394 356
204 892
833 706
732 880
767 579
79 10
153 70
248 340
661 875
188 616
989 736
570 645
229 948
718 910
549 176
64 485
505 728
99 191
143 167
619 983
909 561
380 43
358 723
632 153
519 984
329 958
747 11
194 703
176 304
734 133
588 96
55 140
814 931
322 39
632 729
867 277
936 387
291 423
137 799
268 587
326 581
847 505
552 438
598 963
225 286
697 742
719 875
325 864
0 768
100 73
89 267
655 781
76 600
582 584
457 244
178 688
134 837
760 758
722 436
296 544
494 80
418 613
356 513
650 225
55 686
743 933
703 390
888 976
251 46
751 931
279 840
747 355
977 620
524 849
842 21
887 379
108 680
406 472
461 754
275 686
44 717
788 660
246 948
398 182
66 617
58 855
278 973
497 658
577 66
455 395
137 475
885 821
84 641
313 475
574 348
449 291
836 866
713 120
746 403
653 307
156 183
588 601
360 598
342 765
381 986
394 307
880 326
175 676
274 925
106 833
330 374
84 986
856 224
668 722
894 498
907 661
992 622
571 473
709 637
360 631
667 606
781 47
46 887
820 527
684 377
233 480
4 889
725 900
124 668
817 977
16 380
156 138
186 151
271 492
676 36
428 590
645 436
648 159
568 405
408 924
553 699
544 718
993 25
929 254
96 260
393 269
286 359
998 701
961 26
706 348
371 965
24 872
407 252
490 35
106 320
754 29
20 781
516 66
530 967
77 546
632 622
271 170
195 869
109 939
849 801
514 157
16 569
662 158
902 365
698 231
711 293
348 709
812 328
661 169
165 691
378 964
532 224
874 674
830 839
377 824
779 411
384 889
264 906
351 509
817 406
221 974
910 987
50 59
876 667
364 958
380 808
893 901
647 76
159 317
561 436
50 797
423 286
738 581
518 88
55 625
415 175
929 504
223 392
725 14
594 539
4 99
853 894
120 447
651 588
86 613
664 624
910 343
909 977
719 817
676 744
295 51
610 201
383 62
656 31
657 769
411 773
315 821
68 478
608 103
930 339
352 997
968 275
328 327
280 743
151 461
830 607
367 273
556 713
20 768
172 851
597 130
120 883
832 266
821 868
334 587
169 99
846 156
429 963
301 108
960 646
735 432
61 797
276 850
60 650
681 998
172 307
383 58
409 621
285 242
9 961
323 779
80 325
530 810
60 528
441 582
270 528
886 923
115 354
478 24
935 577
427 41
207 198
672 331
977 785
6 713
45 853
674 132
427 543
535 217
558 570
111 410
822 90
85 307
553 433
133 555
73 113
373 535
305 358
274 631
178 448
512 227
627 2
664 742
534 232
29 371
103 804
794 538
434 936
283 100
138 781
225 854
419 657
984 34
900 302
442 83
238 939
664 44
537 275
985 735
720 273
228 49
456 571
597 65
162 871
646 652
359 720
408 760
917 958
308 833
492 235
105 359
598 125
976 968
469 285
130 707
791 48
946 94
870 375
240 650
557 906
540 534
136 967
731 923
299 885
931 726
663 912
759 553
288 724
54 769
719 406
558 24
784 935
114 721
393 732
225 447
839 930
391 979
803 236
657 474
590 608
341 246
465 537
975 948
507 513
179 375
463 446
68 793
680 952
655 198
493 972
14 80
825 32
806 365
577 378
153 483
901 912
118 269
11 995
79 706
469 368
178 833
778 487
565 695
330 583
327 645
717 404
29 964
736 311
479 990
185 99
303 392
825 420
22 781
464 21
579 742
33 109
393 453
652 364
214 865
903 958
450 333
357 971
542 425
327 763
169 619
139 848
861 109
955 252
855 563
107 626
983 320
806 249
61 180
809 475
886 913
606 211
479 457
311 365
607 595
963 16
158 260
607 963
573 895
287 719
214 343
306 522
578 720
748 603
810 787
185 971
584 397
427 785
598 751
66 244
883 973
578 37
506 586
119 311
94 993
596 492
817 838
606 999
122 643
967 853
267 44
285 261
932 968
712 365
584 408
360 17
26 966
277 188
553 969
205 540
44 326
880 686
161 703
399 390
246 229
579 219
421 350
425 688
783 766
525 811
185 502
641 285
771 981
727 355
44 402
135 225
141 524
281 555
783 267
318 922
246 453
292 630
410 233
213 50
452 112
708 958
890 271
569 306
899 715
535 744
827 467
607 221
472 59
586 312
532 432
616 642
764 602
956 908
97 620
722 353
94 580
91 178
11 480
509 751
593 287
175 730
86 975
985 624
499 713
450 472
327 203
570 953
241 459
796 712
653 460
967 316
893 799
574 237
319 254
944 783
592 872
229 961
571 915
426 97
977 729
855 393
726 4
59 211
40 774
38 166
286 45
287 34
61 751
256 269
64 32
251 663
269 55
356 166
304 470
95 810
95 223
874 420
526 28
674 246
98 685
63 441
964 101
900 470
443 809
733 800
66 287
337 159
361 114
788 569
730 282
1 980
481 596
658 778
804 504
297 842
482 34
888 552
996 334
26 954
27 758
949 70
834 148
454 302
707 27
750 112
2 250
119 874
612 11
479 704
944 904
377 404
535 863
477 271
372 111
727 745
419 586
360 160
349 723
409 717
616 873
831 150
741 725
812 50
714 988
630 123
798 50
225 929
267 874
840 496
756 694
875 771
441 945
726 911
214 379
928 838
984 174
192 637
655 246
9 530
710 113
943 855
146 484
226 677
276 31
415 521
618 539
882 592
289 448
642 546
747 464
244 518
128 598
132 224
987 815
752 662
830 903
550 253
915 112
900 568
808 686
292 489
650 704
353 1
47 522
562 457
272 814
661 315
201 994
939 917
101 418
582 634
333 715
969 569
609 468
784 579
316 599
914 205
113 522
743 846
339 611
714 237
876 999
683 693
583 843
736 244
242 915
772 635
88 684
982 987
118 774
183 997
52 595
987 928
857 492
878 250
863 866
772 920
268 194
548 34
769 832
20 277
724 84
715 323
92 694
221 289
595 204
205 508
630 653
291 338
103 978
17 755
644 481
68 733
362 586
215 954
467 606
754 723
466 282
181 709
871 411
821 84
542 890
345 717
338 549
23 887
692 89
998 321
204 81
505 514
210 169
821 161
428 682
883 596
391 263
854 963
345 703
131 495
898 117
937 741
680 301
373 235
900 106
443 57
990 331
977 640
701 179
981 237
814 676
290 358
549 186
873 295
723 235
177 182
558 328
278 864
655 578
484 431
534 973
926 614
378 324
318 936
721 422
971 715
647 268
996 539
756 316
372 271
636 339
62 359
702 561
42 549
915 738
312 806
378 426
719 270
428 817
745 303
64 785
811 154
411 640
418 63
11 307
96 904
626 595
69 26
104 998
346 591
768 985
870 69
221 443
868 527
925 895
133 658
858 239
537 107
767 297
131 522
145 5
264 150
603 651
858 931
617 898
99 564
112 979
641 152
5 343
803 441
131 488
532 451
598 826
372 506
194 954
547 471
543 490
988 408
506 470
870 230
525 77
139 937
552 719
7 641
569 973
141 792
835 674
479 752
475 180
146 504
51 869
525 977
219 639
840 684
742 262
611 154
817 378
840 169
345 151
158 614
729 389
563 876
943 580
51 502
359 978
682 32
646 667
956 451
691 123
540 521
12 714
446 806
855 96
604 175
375 196
535 278
979 715
836 853
637 472
161 950
553 876
285 62
992 700
253 612
727 297
283 323
753 686
339 35
969 30
127 989
433 80
985 318
236 921
607 130
495 666
655 438
272 306
802 312
994 867
691 462
911 47
543 798
598 425
599 694
813 573
317 276
244 30
573 405
675 453
924 945
288 358
592 738
551 172
185 209
341 288
358 918
805 529
923 678
788 51
275 959
602 134
650 811
635 276
180 813
22 459
435 92
120 347
303 631
492 894
581 965
215 464
393 417
790 367
32 305
595 803
593 762
112 144
717 173
849 881
674 282
416 600
76 155
77 792
292 952
692 767
860 330
929 111
714 28
272 600
814 725
540 792
373 213
109 811
64 293
869 480
604 783
863 756
55 147
794 230
569 853
888 989
322 726
215 926
186 680
404 23
762 219
896 464
125 906
516 977
617 917
361 523
291 75
752 659
141 21
115 745
674 683
688 972
303 250
160 541
905 963
477 672
119 618
961 345
104 687
215 244
690 213
901 523
554 98
394 254
715 97
24 379
486 422
291 925
847 720
928 447
237 261
280 467
654 894
61 256
979 13
912 549
899 375
449 647
422 541
429 468
945 937
107 391
878 583
948 216
913 712
514 688
576 948
518 935
733 772
647 366
794 516
785 68
408 882
263 941
210 648
481 989
263 220
844 217
615 817
472 688
292 395
549 241
537 305
906 350
694 505
42 711
636 167
310 235
6 49
999 909
279 496
639 785
935 914
249 342
117 161
733 789
285 861
860 613
411 120
642 429
518 125
562 418
163 318
704 934
136 443
151 501
807 925
840 12
249 438
691 267
809 725
602 590
778 101
562 402
377 687
174 750
331 270
514 964
917 800
102 815
861 17
977 294
667 685
302 745
25 555
221 151
155 542
325 251
451 237
996 862
742 333
489 419
304 584
734 995
167 964
916 314
245 172
304 734
578 238
621 850
572 844
354 315
770 636
799 706
693 475
67 602
744 518
699 50
238 611
942 679
715 942
202 749
763 152
248 451
348 737
5 150
933 117
770 380
913 462
277 893
413 42
110 623
727 991
486 689
225 164
474 118
196 876
0 836
309 606
264 318
572 794
829 615
779 557
326 103
752 874
354 465
396 482
34 904
743 279
570 994
860 42
675 818
600 472
518 757
573 496
892 614
670 814
557 525
188 593
605 272
972 974
975 663
359 731
161 875
137 977
702 217
828 524
858 587
65 886
689 473
268 930
738 979
16 59
832 348
431 729
606 239
96 94
448 601
931 130
697 883
92 729
405 716
92 155
662 849
188 568
312 150
176 912
823 840
461 563
415 700
317 324
831 950
532 645
203 14
636 900
324 409
312 396
726 19
903 171
892 577
923 345
421 324
753 468
693 509
952 683
240 723
248 557
262 632
288 365
373 2
416 124
887 714
704 947
611 715
694 641
827 698
892 338
439 502
510 1
173 714
15 108
890 119
597 474
222 816
506 6
972 778
142 408
975 161
31 211
591 820
684 594
586 566
892 637
268 633
406 765
468 383
557 164
898 729
245 400
518 320
3 807
444 768
132 449
965 743
964 166
428 115
667 937
1 298
692 142
506 237
730 220
708 813
193 715
853 460
145 41
839 419
278 373
357 304
59 355
996 557
668 833
220 570
184 186
890 142
780 72
453 755
162 814
487 598
322 844
474 804
795 173
887 785
983 835
717 360
54 614
632 141
619 422
513 885
262 83
368 837
490 698
233 914
119 701
516 297
145 810
725 181
648 541
188 782
788 21
156 758
44 806
87 503
571 916
492 711
370 21
709 134
624 663
736 252
892 37
473 510
988 352
246 235
711 289
4 640
864 790
92 843
294 699
970 947
761 13
702 767
278 117
230 14
617 412
443 243
765 246
661 288
539 258
125 940
908 659
473 542
529 660
659 667
96 840
806 277
131 207
611 29
822 74
484 396
368 938
863 312
13 435
289 39
169 821
436 406
51 955
373 633
189 146
430 382
468 346
149 959
573 407
295 346
661 70
972 259
278 200
791 745
10 909
297 915
53 693
544 151
369 993
3 790
425 540
59 913
232 748
683 317
771 162
692 456
89 218
787 966
327 410
658 568
679 972
133 356
295 475
937 243
128 805
275 470
768 263
248 581
350 483
550 602
657 570
891 934
537 203
957 573
99 105
910 221
685 830
464 916
622 757
337 633
736 702
654 246
881 871
186 835
738 879
657 269
775 243
504 588
996 28
404 85
743 387
270 237
505 344
899 162
115 30
562 467
220 42
143 763
215 822
270 15
327 135
338 627
336 752
985 970
749 370
21 835
871 200
815 113
986 643
659 335
440 644
624 242
42 504
39 975
243 696
89 532
143 352
260 699
660 55
915 96
744 149
599 792
829 884
456 831
937 206
815 65
150 806
155 53
297 911
533 571
604 673
964 851
394 305
540 599
181 756
190 66
445 24
306 273
485 565
288 446
908 24
777 922
968 112
924 898
604 298
335 899
175 33
388 625
730 465
23 106
773 419
544 309
108 343
18 601
209 217
328 81
947 137
230 659
806 714
879 603
52 555
81 2
248 463
560 881
707 28
209 720
5 763
764 844
934 641
284 64
879 300
127 754
518 528
183 162
368 994
627 257
969 665
986 696
415 396
367 528
70 923
264 279
823 133
445 176
210 323
889 88
582 747
95 942
854 890
683 611
524 29
762 677
388 439
940 230
560 11
401 632
452 581
805 221
612 695
171 267
340 816
612 82
270 631
875 841
805 224
437 885
897 52
519 813
495 675
580 494
327 664
306 168
945 630
163 308
984 617
814 458
970 445
815 694
206 107
604 781
803 783
83 113
300 496
135 492
117 840
922 374
841 8
343 443
265 534
593 956
624 909
686 180
613 214
661 96
886 193
33 126
951 389
196 832
678 90
968 190
727 190
779 424
38 853
784 633
830 769
710 703
261 868
612 758
10 592
466 372
253 851
922 6
682 651
607 964
212 949
339 553
985 671
317 471
688 288
835 194
139 790
567 27
679 606
2 182
606 779
342 219
935 413
583 172
818 874
828 535
303 395
436 438
904 647
777 550
892 913
736 604
668 864
699 804
534 320
145 563
68 152
225 569
784 410
110 141
945 112
120 965
865 109
404 926
715 171
264 965
941 702
705 635
273 907
249 632
60 550
599 349
234 434
344 180
944 575
676 284
661 736
99 68
264 961
517 414
517 599
487 745
852 968
533 738
920 46
314 940
507 951
958 890
134 157
566 83
765 761
67 759
298 725
305 167
692 464
694 639
878 72
590 14
939 702
694 838
346 934
824 592
169 41
590 921
734 336
682 286
342 845
283 895
363 626
849 571
286 782
742 64
640 765
515 705
914 675
369 788
155 127
336 53
493 35
988 392
977 438
359 456
20 800
645 279
671 56
841 382
846 990
825 747
604 264
330 516
50 110
502 736
155 396
761 103
844 748
151 833
857 238
98 512
758 103
600 635
561 159
75 901
487 548
515 896
449 383
46 476
670 372
822 610
287 716
488 751
940 471
516 812
498 351
770 298
656 123
627 82
955 113
40 78
495 126
447 829
660 706
844 734
538 803
228 796
253 40
167 90
404 968
215 303
633 932
670 635
861 420
156 559
547 12
876 795
287 585
77 56
876 198
268 783
6 97
914 625
615 969
330 284
95 435
490 781
733 887
652 431
265 346
661 348
317 364
109 317
198 866
349 326
643 552
317 361
668 195
478 19
341 258
183 931
588 41
752 989
150 255
31 675
145 438
391 123
444 111
53 153
486 687
360 553
227 265
338 694
205 583
975 475
319 560
913 471
274 130
329 448
19 371
162 352
173 68
7 853
838 420
838 692
86 358
444 738
781 409
698 107
116 718
780 405
535 482
735 170
523 275
849 117
673 773
838 265
41 785
569 73
974 497
990 755
920 998
486 178
595 315
56 723
736 786
996 309
715 607
615 966
841 720
246 747
815 639
421 407
976 665
427 189
944 643
801 265
130 300
756 73
499 699
990 442
687 608
759 392
663 457
913 265
507 800
133 113
404 169
549 215
711 845
108 234
438 811
490 753
711 73
146 332
846 917
234 568
551 482
795 514
704 875
36 649
119 646
741 977
757 928
203 376
181 523
648 539
928 980
720 696
278 176
112 312
143 471
886 905
782 360
468 607
481 215
471 641
541 263
347 121
694 26
737 791
518 360
32 270
642 183
770 338
468 274
714 17
496 377
181 426
231 832
855 759
205 323
715 36
95 51
467 783
571 924
802 50
763 755
718 555
133 856
199 816
740 673
301 208
757 13
916 691
393 841
824 530
457 685
797 216
731 605
362 864
385 487
539 217
811 789
957 305
150 155
291 835
907 717
287 850
186 342
889 663
880 914
825 777
378 675
608 828
40 128
281 561
240 953
704 717
963 181
918 734
150 223
932 144
852 53
137 320
723 780
769 650
641 719
323 188
586 758
630 742
701 696
679 573
224 308
421 159
130 688
576 449
139 920
821 420
475 214
82 177
614 449
343 705
246 748
534 360
35 520
401 708
902 444
737 710
944 217
519 358
631 199
979 292
267 351
604 130
325 541
735 242
417 952
993 439
204 245
440 608
163 199
40 395
991 802
864 167
391 687
364 89
583 522
903 622
493 432
351 919
701 285
728 686
491 447
118 184
35 911
912 555
206 759
191 541
28 290
915 838
586 161
418 944
864 440
675 444
304 564
773 373
795 330
370 815
781 912
918 158
736 611
349 885
729 310
277 216
683 664
850 181
887 910
162 744
995 699
157 84
658 606
276 506
92 454
47 744
379 54
733 805
626 963
344 211
662 826
318 248
684 751
47 221
360 650
990 373
47 837
82 33
951 117
703 739
405 762
652 725
618 324
817 731
987 929
804 39
437 745
860 148
670 447
827 606
315 687
800 863
281 925
841 268
892 579
407 113
821 897
680 798
867 618
29 340
536 607
761 232
198 945
576 782
763 408
350 713
264 568
707 765
903 822
713 855
123 785
488 196
333 323
374 691
412 928
371 793
455 958
5 471
689 45
511 766
469 756
401 288
996 7
328 969
728 897
402 840
309 198
832 45
870 612
436 105
161 174
115 124
506 451
115 141
403 699
742 790
658 532
64 435
350 70
626 252
805 268
719 741
839 595
441 296
609 59
952 232
521 55
648 72
362 123
722 571
258 487
807 646
533 420
373 82
481 124
654 764
885 660
0 863
425 627
177 161
140 387
290 697
112 686
531 283
138 86
26 63
323 37
459 80
795 782
418 799
403 507
12 736
880 998
877 673
810 225
676 385
184 519
218 377
5 315
129 630
864 227
680 954
187 698
117 229
815 910
765 788
435 935
981 537
288 649
362 925
732 853
554 911
819 938
177 655
48 672
992 418
860 919
28 79
400 366
760 601
366 440
383 512
303 420
708 714
896 68
574 209
825 447
630 415
775 673
944 764
948 693
180 735
899 508
761 126
81 103
541 818
194 347
316 380
892 199
567 997
10 36
851 588
277 339
580 312
645 730
603 397
753 622
621 204
239 661
226 922
346 249
362 612
981 419
229 833
13 531
295 217
589 577
955 590
724 755
838 10
850 247
851 740
734 493
849 259
874 562
823 139
659 273
417 771
428 10
389 89
255 84
595 249
178 774
510 285
9 163
288 497
366 572
299 942
597 419
701 437
32 318
60 339
76 625
97 658
948 876
418 486
133 988
542 244
213 917
119 5
987 129
921 571
719 328
883 753
507 83
941 480
838 654
461 875
339 831
393 876
192 410
664 982
848 249
823 221
547 701
972 758
686 351
686 360
283 393
520 297
674 666
844 641
620 964
6 854
548 445
104 155
280 883
138 905
221 614
368 267
380 524
754 185
582 356
266 906
916 98
716 565
646 607
285 327
372 803
762 407
80 942
686 519
491 109
114 565
47 673
454 874
911 351
131 821
651 407
964 343
443 454
221 510
990 451
780 760
842 612
990 630
786 239
144 902
882 822
339 851
207 571
817 72
815 416
925 346
963 182
660 604
849 135
727 842
232 94
152 501
280 369
144 19
440 874
482 835
800 845
548 632
493 226
659 462
286 595
984 151
549 125
984 522
719 37
867 465
154 490
879 859
37 740
693 648
849 137
884 255
319 413
384 362
668 176
628 458
394 549
975 705
893 663
143 536
277 981
360 161
53 539
69 627
591 693
161 468
821 492
844 543
699 448
412 614
811 231
688 591
468 954
914 124
404 34
726 738
839 178
724 924
566 558
994 482
260 832
661 588
937 611
345 747
834 219
128 920
437 321
416 534
280 33
160 110
427 457
740 620
555 220
307 60
231 750
232 180
835 477
906 705
363 357
810 966
9 505
148 913
144 256
238 100
148 455
279 219
952 199
698 123
93 80
537 510
397 37
289 704
586 392
761 174
855 383
292 112
414 918
327 265
535 462
21 797
387 820
275 767
469 978
561 12
447 336
435 533
198 310
266 252
36 589
506 561
815 82
183 200
245 517
94 813
40 807
435 257
221 742
276 532
938 985
676 384
72 187
691 754
595 890
176 400
938 292
642 856
591 104
333 212
36 199
16 320
432 767
369 362
321 273
314 317
599 569
124 284
298 101
261 670
233 528
175 55
613 952
884 211
802 723
603 580
480 819
738 274
215 127
7 801
875 610
289 821
121 133
943 604
924 17
830 449
279 57
376 478
722 273
69 409
465 276
225 116
12 883
121 273
736 549
698 883
633 829
72 401
240 336
230 710
639 915
817 807
993 876
222 1
734 196
669 798
743 911
896 352
849 837
300 767
554 968
463 391
356 872
958 125
826 379
793 16
239 652
601 410
604 470
656 756
396 937
111 438
134 168
813 391
486 931
651 978
536 982
769 791
859 27
533 301
650 662
599 419
743 900
116 605
639 287
943 378
268 629
359 402
955 401
257 344
985 226
154 591
581 675
612 853
795 363
467 551
709 944
771 947
417 112
810 381
795 321
440 245
745 713
979 70
464 842
565 269
92 509
813 377
142 973
570 804
911 834
808 258
998 623
885 19
918 372
917 30
713 466
627 851
397 381
246 120
704 27
101 135
35 501
127 226
105 287
-1 -1 -1 -1 -1 -1 51769 -1 -1 -1 -1 36065 -1 -1 -1 -1 -1 4626 -1 -1 52262 19851 -1 -1 8950 -1 -1 -1 -1 -1 43233 -1 -1 -1 -1 -1 -1 -1 30215 -1 -1 56344 11995 -1 -1 11561 -1 -1 -1 -1 -1 -1 55308 -1 -1 31978 -1 62197 -1 -1 -1 -1 -1 48957 -1 -1 -1 -1 26988 -1 -1 -1 -1 -1 -1 38495 -1 25632 -1 -1 57791 -1 -1 -1 -1 -1 -1 48314 10557 -1 -1 -1 -1 -1 -1 -1 -1 -1 -1 -1 -1 -1 38289 -1 -1 -1 -1 60227 3443 -1 -1 13479 -1 -1 -1 15120 -1 -1 -1 -1 -1 -1 -1 -1 -1 -1 -1 -1 -1 -1 -1 -1 -1 -1 57034 -1 -1 56834 -1 -1 -1 -1 51465 -1 15970 -1 48701 -1 -1 10292 -1 -1 -1 -1 56807 -1 -1 33912 -1 -1 -1 -1 23839 -1 -1 -1 -1 -1 -1 -1 -1 -1 -1 -1 -1 59688 57871 44149 -1 -1 -1 -1 1638 -1 -1 -1 -1 -1 -1 -1 21926 -1 -1 -1 -1 -1 -1 -1 37027 -1 -1 -1 -1 -1 -1 -1 -1 -1 37482 -1 -1 6556 -1 -1 -1 -1 -1 -1 -1 -1 -1 -1 -1 42217 -1 43051 32066 -1 -1 29286 -1 -1 -1 -1 -1 -1 -1 -1 -1 -1 -1 -1 -1 -1 -1 -1 -1 -1 -1 62092 50666 57982 -1 -1 -1 -1 -1 -1 -1 5905 -1 -1 -1 17414 -1 -1 -1 -1 -1 -1 -1 -1 -1 -1 30838 -1 -1 45815 -1 -1 -1 -1 -1 -1 5676 -1 -1 59518 60888 -1 -1 -1 -1 -1 -1 -1 -1 30974 -1 -1 -1 -1 61615 -1 -1 -1 -1 -1 -1 -1 -1 39152 40735 -1 -1 -1 -1 -1 -1 -1 -1 -1 -1 -1 -1 -1 -1 -1 -1 -1 -1 -1 -1 -1 3914 -1 -1 -1 -1 -1 27302 -1 -1 -1 -1 19717 27587 -1 -1 -1 -1 -1 -1 13594 -1 -1 -1 -1 -1 -1 -1 14909 -1 -1 -1 -1 -1 -1 -1 -1 -1 13124 -1 -1 -1 -1 -1 -1 -1 -1 17964 -1 -1 -1 -1 -1 15666 -1 36996 -1 -1 -1 -1 -1 -1 -1 -1 -1 -1 -1 -1 31483 -1 4724 -1 14398 -1 -1 -1 -1 58778 -1 -1 -1 -1 -1 -1 -1 -1 -1 40316 -1 14085 -1 -1 -1 65076 20842 -1 -1 -1 -1 -1 19393 -1 -1 -1 27803 -1 -1 -1 -1 62974 -1 -1 -1 -1 -1 6134 -1 -1 -1 -1 -1 -1 -1 -1 -1 -1 -1 11837 61027 -1 -1 -1 -1 -1 -1 -1 -1 -1 32398 -1 -1 -1 -1 -1 13982 45725 -1 -1 8943 -1 -1 17334 -1 -1 -1 -1 -1 -1 -1 -1 -1 -1 -1 -1 -1 -1 -1 -1 -1 -1 -1 -1 -1 -1 -1 33724 -1 -1 -1 -1 -1 55255 41086 -1 -1 -1 -1 -1 14683 -1 -1 -1 -1 -1 -1 -1 -1 -1 7120 -1 -1 -1 -1 -1 -1 24099 -1 -1 -1 -1 -1 -1 42994 -1 -1 -1 -1 -1 -1 -1 -1 18699 -1 24149 -1 -1 17270 -1 -1 -1 45621 -1 -1 -1 -1 -1 -1 -1 -1 -1 545 -1 -1 -1 -1 -1 -1 -1 -1 -1 -1 -1 64477 -1 -1 -1 -1 -1 55618 28144 -1 -1 -1 -1 -1 -1 -1 -1 -1 -1 -1 -1 -1 -1 -1 -1 -1 -1 -1 -1 -1 39352 -1 22747 -1 -1 -1 -1 -1 24349 -1 -1 -1 -1 -1 -1 16389 -1 31122 -1 -1 -1 8889 28949 -1 58892 47060 -1 -1 -1 -1 -1 -1 5564 -1 41159 -1 -1 37523 -1 -1 -1 -1 -1 -1 -1 -1 -1 -1 -1 -1 -1 -1 31190 23510 -1 -1 -1 43463 7284 -1 -1 -1 -1 -1 41216 -1 -1 -1 -1 -1 4814 -1 -1 -1 -1 -1 -1 -1 -1 -1 -1 -1 -1 -1 -1 -1 -1 -1 -1 -1 50459 33168 -1 -1 -1 -1 -1 38246 -1 -1 -1 -1 -1 15458 -1 -1 31734 -1 -1 -1 -1 -1 -1 -1 -1 -1 -1 -1 -1 -1 40737 -1 -1 -1 -1 1229 -1 53429 -1 -1 -1 38430 -1 -1 32232 -1 -1 -1 35477 -1 53967 -1 -1 7842 -1 29390 -1 48535 -1 -1 -1 -1 -1 -1 -1 -1 48606 -1 -1 -1 -1 -1 9764 -1 -1 -1 -1 -1 3766 -1 42988 -1 20978 1786 -1 -1 -1 -1 -1 -1 -1 -1 -1 -1 -1 -1 -1 -1 -1 -1 62415 -1 -1 -1 -1 -1 -1 -1 -1 -1 58007 -1 -1 -1 -1 -1 14702 -1 -1 -1 38094 -1 -1 -1 -1 48591 -1 -1 -1 -1 11101 25280 6925 -1 -1 -1 -1 -1 -1 -1 -1 -1 -1 -1 -1 -1 -1 -1 -1 28941 -1 -1 -1 -1 -1 23981 -1 -1 -1 -1 21939 17217 61196 -1 -1 -1 11587 36043 -1 -1 -1 42599 -1 -1 -1 33756 -1 -1 -1 -1 -1 -1 -1 -1 -1 -1 57656 -1 -1 -1 23953 -1 5098 -1 -1 -1 38028 -1 43732 -1 -1 -1 -1 -1 -1 -1 21069 -1 -1 -1 -1 -1 -1 -1 -1 -1 -1 -1 -1 27680 -1 -1 -1 9742 -1 -1 -1 -1 -1 -1 -1 -1 -1 -1 -1 -1 -1 -1 -1 -1 -1 -1 -1 -1 -1 30426 -1 -1 -1 -1 -1 -1 -1 -1 -1 -1 -1 -1 -1 63560 -1 -1 1018 -1 -1 1851 -1 -1 -1 -1 -1 -1 -1 -1 -1 -1 -1 -1 -1 36680 -1 -1 -1 -1 30915 33737 22869 -1 64603 -1 -1 -1 -1 -1 -1 -1
2
1 121 3 161 1
1 7 4 647 11
