1000 5000
235 877
42 993
242 734
465 334
497 666
490 479
410 492
816 579
902 574
52 507
741 431
609 254
979 206
773 250
211 328
44 272
193 168
911 236
329 416
802 956
306 705
588 912
96 336
448 936
421 709
239 198
510 604
925 487
697 482
936 268
463 774
232 537
277 467
933 6
318 309
846 537
944 38
340 751
919 886
35 482
257 601
760 879
805 364
119 720
336 412
968 923
230 148
986 308
189 43
371 85
939 684
876 758
553 538
722 452
988 432
518 271
754 801
471 991
604 879
329 97
398 427
253 5
784 72
44 225
416 495
690 979
14 410
22 212
230 309
167 710
113 122
1 162
24 385
729 224
184 634
896 943
943 24
665 801
50 198
872 412
180 74
713 426
487 465
41 800
68 55
357 764
430 400
379 841
936 951
750 998
916 638
695 0
780 118
224 329
396 145
861 454
794 707
726 410
322 94
601 872
416 64
927 973
205 899
200 344
851 634
868 326
332 489
371 290
316 173
735 33
673 20
925 13
14 418
320 109
216 977
169 961
763 175
456 56
119 473
147 844
75 408
33 541
409 384
467 880
804 530
716 373
887 32
370 855
522 263
16 389
884 118
896 822
664 790
344 111
240 375
446 277
892 239
555 539
396 271
113 375
899 369
421 344
105 780
412 865
314 842
214 699
821 422
473 434
199 641
853 525
81 838
958 127
441 957
192 396
501 528
687 649
736 685
386 636
307 408
559 954
280 942
270 164
176 380
467 736
798 631
206 4
491 412
469 480
480 334
137 722
613 689
393 855
310 244
444 917
165 4
723 444
324 469
145 370
154 674
448 739
950 736
429 840
466 499
706 533
236 825
384 97
35 124
114 345
959 398
701 763
25 281
651 964
879 159
812 248
742 117
545 679
322 220
472 226
263 218
227 930
480 619
994 591
200 517
124 801
655 45
848 911
942 670
847 359
780 256
93 520
626 318
800 624
154 958
818 173
188 566
129 813
532 178
162 495
455 287
507 456
939 613
499 979
50 568
924 157
352 796
71 78
760 870
366 456
729 5
629 462
958 182
729 459
335 827
175 448
426 697
684 344
259 621
779 375
273 982
423 856
456 218
135 58
518 857
893 592
615 431
379 898
551 437
72 414
655 207
491 111
532 258
580 507
972 858
739 556
173 844
194 576
810 59
486 289
314 392
430 650
174 662
517 637
141 970
232 52
627 772
891 358
547 373
700 370
911 79
466 473
694 976
625 476
312 741
152 757
677 672
886 965
875 302
17 164
995 261
300 193
416 172
984 881
578 186
744 851
10 479
553 515
902 438
133 642
690 72
785 18
103 226
851 339
170 532
724 295
182 633
688 952
700 175
197 692
751 799
717 794
375 450
49 181
607 261
457 126
341 713
234 740
492 601
212 314
346 968
919 229
430 280
413 661
638 315
356 405
541 108
522 487
553 669
411 916
871 518
387 415
776 668
871 606
686 786
105 816
956 647
316 737
776 294
720 407
714 974
213 948
25 872
959 368
808 944
94 539
79 33
0 451
119 292
364 859
761 755
108 806
252 101
537 959
451 864
120 498
78 228
283 176
699 245
957 193
990 740
99 239
567 869
812 765
791 863
112 349
747 850
606 887
534 737
404 298
305 921
85 424
16 810
934 949
521 947
324 70
283 979
20 166
744 409
214 913
14 52
38 488
784 895
402 732
236 566
476 660
519 257
275 461
480 505
120 320
554 586
990 323
445 310
33 265
91 58
794 558
283 641
833 213
753 397
708 686
37 398
823 812
650 829
848 351
834 919
584 87
121 95
441 284
880 874
601 224
175 250
495 552
624 692
117 804
585 885
903 337
930 946
786 176
225 692
105 630
219 571
162 167
966 281
307 162
926 763
674 511
344 923
773 913
318 296
360 259
889 832
317 534
126 932
389 589
750 506
273 549
121 186
363 335
859 306
184 392
358 913
786 817
293 71
726 209
276 188
827 409
471 736
185 355
836 195
410 641
445 522
865 911
952 339
841 494
50 268
614 391
359 305
79 221
38 303
963 603
475 934
587 329
211 962
13 646
183 854
133 230
948 40
377 54
93 917
727 664
48 265
706 694
894 792
891 405
788 387
248 890
565 780
174 335
252 99
555 689
405 45
651 101
278 484
336 991
935 508
225 873
313 491
138 579
790 75
377 783
175 345
752 901
854 180
581 357
31 204
756 583
828 470
166 103
704 853
847 580
844 852
715 177
910 933
523 910
887 107
785 162
153 947
284 346
93 87
760 416
162 243
224 221
540 173
34 608
55 84
387 436
581 55
372 843
388 161
685 700
881 82
763 370
418 477
505 462
517 207
863 456
932 617
322 866
431 496
296 924
117 713
278 140
988 305
784 736
227 289
246 44
591 769
718 712
775 991
17 578
236 913
875 654
155 733
125 472
325 843
22 313
192 395
270 177
408 283
732 706
61 791
728 112
385 830
735 632
974 789
802 296
799 617
10 798
268 969
398 139
753 562
533 13
583 283
147 708
281 455
577 363
214 438
147 388
779 731
443 318
671 597
929 355
522 427
646 974
678 144
380 946
894 424
732 930
821 292
670 817
514 416
500 689
259 980
763 290
144 365
72 935
594 398
944 383
474 972
155 50
405 304
586 583
353 778
136 430
869 791
619 303
703 887
365 589
745 469
832 729
759 722
836 256
234 887
303 983
433 797
357 347
222 149
671 710
420 303
731 573
127 583
885 475
827 574
754 813
896 712
656 361
180 7
23 454
639 359
153 47
636 356
497 184
116 151
71 610
121 760
46 531
825 482
489 233
339 826
639 594
814 18
386 861
559 445
680 483
788 281
790 802
903 10
257 476
340 985
145 246
888 102
577 766
575 211
40 505
562 889
98 84
321 253
124 194
728 859
684 822
802 787
579 743
830 328
504 287
361 853
269 95
839 454
277 642
677 924
631 985
850 327
312 907
536 491
766 548
403 13
728 348
627 668
570 424
472 449
88 840
44 557
326 870
734 48
130 158
204 781
238 250
325 739
808 725
880 248
518 469
669 47
772 545
129 893
815 864
378 989
887 100
322 64
217 599
65 237
32 830
226 38
501 897
714 143
117 83
224 857
574 823
698 644
199 473
676 216
74 834
895 486
751 199
828 362
320 331
645 286
774 705
774 618
881 571
385 816
656 300
351 383
946 322
800 512
724 454
126 652
231 203
866 255
243 783
141 473
961 71
94 211
286 599
337 661
678 535
174 628
630 338
674 817
823 282
641 196
748 305
352 696
179 903
491 804
620 867
309 937
791 433
553 592
332 888
918 878
221 633
150 547
269 227
529 257
210 277
857 178
476 648
474 339
596 753
714 719
932 55
819 610
527 614
630 241
646 925
479 998
780 682
444 364
39 309
128 575
146 110
808 864
399 4
658 520
937 682
398 885
511 638
797 803
417 923
538 963
540 255
354 479
634 178
875 491
921 84
771 549
304 41
38 576
385 689
719 131
163 447
284 722
986 262
799 310
29 3
832 751
612 467
441 564
290 952
132 779
384 553
995 435
627 727
328 758
176 64
675 618
134 432
123 618
149 979
445 756
477 767
40 634
899 673
52 825
367 829
645 575
74 965
769 244
189 36
527 636
634 740
210 908
805 820
693 996
159 962
806 363
70 915
914 415
220 107
487 387
735 234
503 661
394 265
413 641
464 187
651 835
647 909
877 907
67 598
807 99
69 601
106 399
25 405
411 568
837 999
72 236
483 960
398 809
352 270
881 278
267 919
121 107
655 561
469 36
410 30
443 475
854 967
286 152
566 615
662 730
243 183
162 621
120 510
896 155
628 171
809 965
45 238
901 427
790 910
97 716
666 212
931 153
383 261
866 312
367 859
239 539
36 349
204 286
623 98
354 679
848 40
359 142
498 3
16 219
436 225
528 761
800 996
816 590
131 817
267 788
529 136
981 812
634 229
262 345
325 67
457 976
602 907
287 54
649 854
741 742
692 780
976 705
131 769
984 199
391 376
107 913
793 105
498 784
525 948
237 766
783 700
407 138
507 555
869 517
772 157
371 631
144 706
716 468
919 669
249 429
472 246
889 502
400 585
828 185
578 55
895 376
49 361
424 86
252 888
600 479
820 726
463 579
79 145
13 429
842 192
629 310
483 967
564 606
654 611
486 375
75 94
428 628
806 749
487 415
864 710
266 658
420 990
428 474
858 199
290 450
63 344
190 80
998 600
316 150
369 325
794 841
280 201
103 231
722 467
94 550
700 7
54 995
728 644
592 728
378 0
589 821
627 884
846 944
139 251
339 600
536 125
556 194
308 555
241 295
356 230
689 192
235 845
236 239
798 383
297 377
138 463
998 551
960 111
515 870
196 272
98 564
280 487
627 817
631 520
912 665
206 431
36 457
762 59
668 693
835 529
937 966
456 655
283 935
366 676
719 924
716 440
231 67
733 72
921 848
476 226
918 88
442 147
832 591
82 514
283 387
905 128
309 632
743 988
375 693
37 515
606 783
882 27
642 190
205 257
839 22
674 535
503 881
554 270
622 162
397 576
460 533
239 65
713 801
129 531
114 893
833 516
518 552
220 339
88 873
178 975
767 355
457 553
440 114
744 247
114 578
960 433
386 648
140 420
501 244
28 303
796 898
577 789
980 919
127 609
503 328
865 330
310 556
670 373
744 152
916 313
439 653
140 293
466 458
136 95
413 676
105 850
548 483
307 321
678 106
630 729
382 18
738 103
911 741
85 554
207 285
324 591
642 168
797 256
993 827
494 638
101 423
288 648
605 65
692 523
622 403
523 107
165 912
786 459
306 341
283 26
701 428
896 26
153 7
577 678
460 849
418 694
899 991
619 74
176 748
675 863
964 944
406 292
458 656
254 855
618 672
849 378
281 141
201 540
696 386
814 757
362 981
133 20
24 779
989 634
755 352
904 813
819 676
285 306
919 624
234 723
132 366
592 821
519 143
355 936
229 330
788 154
359 47
226 77
101 868
473 868
72 613
30 153
991 725
489 284
543 955
803 567
257 83
947 330
107 322
85 249
676 305
300 95
694 863
795 550
397 350
10 21
155 799
80 916
531 262
342 556
681 581
401 544
101 479
757 457
493 906
722 162
696 321
760 737
672 957
653 60
775 76
969 398
196 12
989 864
173 138
540 566
492 162
324 749
377 482
35 69
464 243
347 653
705 205
351 44
280 702
90 430
231 745
699 36
495 249
906 929
88 78
212 754
131 922
962 97
672 949
155 39
905 587
774 496
71 362
70 639
597 183
211 306
300 974
927 848
706 173
938 571
666 545
795 941
657 488
992 517
957 146
601 1
397 175
468 914
439 77
748 267
978 649
389 75
489 461
670 751
796 782
668 520
949 637
273 483
631 553
672 804
567 90
636 970
108 62
626 858
411 312
756 598
202 46
468 533
210 903
50 463
573 148
850 917
637 138
285 862
44 405
991 645
763 528
344 889
322 570
153 635
671 817
401 279
119 949
704 189
552 23
306 878
801 150
180 438
324 917
573 936
473 570
640 421
640 210
394 752
114 169
53 343
807 168
928 694
488 257
173 761
38 557
855 601
392 658
298 822
629 613
747 856
944 762
518 21
347 473
274 497
781 962
785 943
62 416
561 358
405 51
160 257
822 627
80 81
629 644
98 295
949 679
326 88
392 713
558 265
619 30
189 0
46 564
300 763
813 354
893 804
364 198
254 2
820 991
175 262
423 632
915 119
267 322
726 736
649 890
325 723
727 87
607 541
84 6
673 458
896 728
980 202
849 868
256 76
259 341
62 666
281 448
657 537
459 556
169 74
366 254
520 509
94 593
587 36
931 722
977 497
94 301
689 103
135 855
234 308
845 908
69 980
846 935
6 997
200 948
605 18
12 853
132 237
84 515
176 27
29 953
842 932
766 787
687 330
724 168
481 127
109 784
491 311
230 797
3 60
107 270
736 621
876 555
91 427
519 466
348 65
475 834
586 287
670 142
69 676
888 239
844 515
845 164
594 159
33 815
189 170
642 751
84 391
731 289
13 985
42 636
736 681
858 888
644 885
508 193
348 337
188 115
504 36
35 246
611 965
496 629
789 28
414 306
926 52
762 507
10 347
721 190
963 802
582 772
275 958
728 575
875 7
517 591
816 137
23 509
598 777
681 999
217 102
436 235
938 333
758 668
52 310
522 619
510 932
163 633
464 148
456 126
985 817
375 448
325 254
615 267
896 14
813 401
202 388
616 697
72 632
263 452
620 675
400 813
762 946
589 362
590 354
733 771
348 312
357 267
599 496
533 277
930 729
386 582
796 645
205 289
110 66
768 714
368 527
454 441
625 948
304 172
889 805
87 171
312 397
209 329
306 898
293 632
351 222
328 81
939 563
626 177
182 975
94 228
201 533
397 226
718 447
287 793
43 141
223 325
29 646
843 911
437 895
510 368
193 20
495 15
314 154
781 194
408 739
861 520
479 216
429 380
742 597
581 31
890 138
880 563
117 559
98 296
22 964
503 137
840 440
179 936
243 529
222 29
302 385
948 423
391 505
745 60
327 933
562 137
485 515
374 509
91 662
680 106
745 784
350 439
549 670
634 143
739 274
45 520
135 594
56 595
850 964
72 410
431 376
727 345
931 427
579 532
662 794
873 170
643 231
383 446
980 912
881 115
90 404
585 107
289 510
865 923
788 181
132 578
590 492
884 224
542 65
633 830
34 871
456 607
794 489
613 665
842 152
20 814
980 31
168 508
176 524
742 804
753 126
647 683
963 840
940 955
492 675
871 718
232 962
172 724
732 557
903 285
909 409
269 233
146 159
622 195
273 297
488 821
203 345
158 141
67 414
796 7
605 651
158 689
518 129
276 934
779 224
725 558
874 67
568 435
723 899
691 92
281 156
575 752
384 15
431 832
960 806
701 503
187 985
508 442
156 432
919 319
99 837
246 124
177 229
105 959
576 837
267 354
903 908
862 437
140 776
843 134
879 698
341 780
761 894
487 384
473 615
602 761
18 107
795 58
152 548
178 453
344 524
649 907
533 22
903 371
376 171
236 62
107 26
856 957
281 816
538 318
293 471
551 39
647 258
395 139
890 381
134 642
895 118
739 384
579 661
996 186
870 678
198 38
339 265
233 449
165 858
217 842
350 472
911 26
325 918
735 329
364 22
148 499
845 897
286 384
220 336
113 948
153 658
136 111
234 222
974 566
477 332
333 587
858 164
109 888
498 437
144 933
125 622
973 964
89 36
231 923
915 780
379 54
275 41
708 480
77 847
823 897
120 545
636 241
455 762
538 507
877 886
334 96
234 201
61 711
471 473
104 516
328 132
627 298
666 424
194 82
401 219
563 348
384 738
907 593
899 503
765 807
582 229
286 616
581 418
86 823
201 913
402 101
697 421
987 16
372 388
906 850
419 808
517 898
783 338
674 638
889 485
157 428
584 708
408 583
320 793
285 702
350 829
631 272
847 379
534 524
636 214
955 4
661 139
515 192
142 409
23 718
122 415
359 897
496 151
206 378
179 375
217 290
41 458
500 708
772 222
409 216
128 18
947 730
454 855
448 322
904 983
273 499
444 267
699 15
649 291
542 418
705 709
874 716
727 641
832 376
983 779
473 679
690 842
199 911
215 657
806 867
347 341
884 762
219 826
903 203
915 923
774 548
551 638
234 606
862 715
835 279
93 117
225 179
487 11
676 183
416 470
870 63
366 519
360 844
196 23
502 916
510 543
305 681
295 261
622 486
196 854
75 233
141 71
911 695
944 547
150 631
929 647
333 762
707 87
257 166
266 40
901 279
772 463
327 914
16 723
833 19
872 386
966 40
64 157
961 379
480 28
314 621
198 414
989 691
398 206
743 374
449 606
290 560
277 110
602 938
197 745
676 298
703 884
342 706
888 406
166 820
338 9
328 967
229 179
490 674
408 369
840 278
286 877
213 820
721 502
769 334
342 611
679 714
238 204
667 33
701 101
272 502
891 515
345 948
176 716
107 78
888 696
256 420
6 72
786 295
962 291
26 319
148 5
652 910
874 346
353 450
638 179
127 680
696 694
891 1
279 849
415 188
197 128
399 289
872 861
156 721
730 385
535 949
83 686
462 66
803 473
261 0
130 687
923 474
179 86
873 834
691 439
191 185
946 7
133 81
479 672
224 473
310 986
178 191
612 831
513 148
810 800
855 187
793 53
611 793
362 115
19 240
133 242
475 487
775 243
147 557
184 712
460 779
328 497
777 457
300 618
790 671
417 232
899 190
245 422
82 633
91 109
404 908
889 338
255 778
295 835
599 368
5 182
662 457
653 501
139 603
908 370
630 57
803 698
831 883
359 158
434 571
816 393
891 243
842 355
915 466
41 381
725 847
425 397
277 495
932 521
826 627
229 401
190 490
485 555
436 752
767 438
794 23
401 546
213 124
285 696
187 636
201 600
472 681
891 774
408 77
160 213
599 92
259 887
445 486
910 271
98 587
191 241
242 551
870 37
272 279
691 554
633 357
172 829
613 864
701 311
499 690
812 970
718 644
776 476
502 470
821 302
401 461
544 167
164 772
782 655
746 829
526 267
449 961
52 654
944 807
808 771
55 683
543 223
135 643
85 441
45 529
559 497
123 969
279 822
498 320
336 65
933 312
43 621
61 857
547 929
545 340
322 649
984 775
700 481
986 531
433 727
772 771
736 453
861 739
912 675
885 742
373 991
385 109
881 690
25 342
240 876
352 96
204 269
184 894
100 975
899 100
116 3
236 994
33 853
755 215
943 746
382 523
484 449
889 607
366 597
530 866
718 947
209 695
606 999
98 117
265 693
158 615
934 983
195 680
689 789
431 900
279 228
815 254
905 730
874 612
521 651
741 567
276 78
727 273
475 198
608 349
875 529
280 644
914 693
826 57
605 676
534 336
672 371
929 469
234 943
46 11
75 882
282 503
187 845
345 220
776 888
713 744
740 905
623 941
602 221
939 369
443 718
807 473
333 44
332 990
116 787
423 108
989 612
811 413
342 738
59 677
826 51
845 623
887 940
459 600
742 913
757 179
298 830
867 655
81 147
162 665
126 368
697 690
634 561
140 441
822 303
91 255
889 593
491 886
76 675
545 915
175 343
605 228
484 290
185 790
640 647
926 509
825 610
186 545
241 354
216 21
942 644
270 536
121 956
528 52
815 558
936 629
846 849
249 804
14 350
72 135
708 54
227 709
226 273
39 414
835 927
366 110
330 435
406 431
323 326
310 16
900 286
292 526
668 975
610 32
889 656
409 896
818 561
413 346
723 988
348 665
853 353
395 724
746 619
433 48
997 775
728 725
933 806
236 252
161 864
494 937
113 261
40 69
901 876
325 374
955 188
452 748
496 875
14 231
58 366
225 555
859 767
310 118
779 213
196 61
639 532
999 426
866 559
690 193
867 724
74 928
517 900
23 542
665 645
904 447
778 18
197 314
213 182
995 694
378 149
295 946
297 35
220 22
175 123
462 444
511 741
408 473
788 304
350 720
14 886
717 525
589 1
343 977
623 47
663 170
80 395
77 61
88 463
898 707
45 253
50 306
610 319
325 495
872 481
475 523
975 163
569 197
560 429
229 938
701 477
823 761
191 370
425 709
877 623
690 190
155 798
342 610
134 79
312 940
379 421
995 922
778 216
785 536
422 770
645 673
264 167
821 347
774 50
418 265
936 624
290 326
607 394
491 368
119 547
148 40
793 286
120 835
55 800
535 351
189 661
204 773
393 484
635 785
709 326
34 290
856 923
609 459
743 232
968 300
525 958
57 672
750 271
427 808
231 222
610 591
781 89
335 267
430 152
706 880
692 73
361 930
960 438
256 481
684 166
895 720
518 574
532 460
262 414
720 522
404 140
324 113
76 761
622 203
909 893
703 702
496 446
331 912
180 205
967 680
622 501
348 443
528 50
246 438
536 264
383 427
390 770
401 232
62 90
257 306
890 251
443 111
315 577
963 702
675 580
293 242
243 154
2 261
487 562
527 989
206 927
649 194
656 755
215 336
599 946
469 542
778 435
436 643
93 510
964 502
453 371
194 801
887 659
412 63
278 70
849 793
623 929
280 650
684 562
631 813
149 787
176 706
335 412
942 770
497 102
33 382
148 236
198 3
157 669
778 206
698 657
974 89
362 112
47 196
142 814
230 855
243 470
9 424
552 713
235 951
161 634
165 115
0 736
686 606
762 105
163 49
537 946
249 479
71 715
130 412
175 564
389 895
626 134
662 505
894 885
743 434
797 222
375 615
18 708
833 70
868 866
649 744
889 284
134 796
331 963
901 34
43 335
16 15
754 51
757 526
662 800
263 981
716 789
538 587
367 556
811 511
779 958
953 925
575 658
162 691
961 886
192 627
497 252
14 796
931 621
396 816
264 950
390 978
233 480
321 492
201 302
933 166
160 131
92 426
504 406
854 859
289 149
994 812
155 346
739 291
277 402
752 448
949 254
221 568
146 707
793 988
779 0
563 112
979 543
242 695
385 900
334 488
635 737
89 280
638 24
550 646
497 82
338 237
841 921
244 329
523 497
627 631
37 535
603 526
918 398
434 251
651 901
781 350
186 820
809 404
21 206
880 363
694 510
8 481
130 542
417 437
98 556
671 223
678 171
214 680
241 510
558 636
480 603
718 90
512 994
284 554
166 455
530 871
135 911
14 85
616 117
421 47
622 804
27 444
840 360
620 524
460 696
237 260
76 768
84 420
927 594
473 184
920 258
686 955
40 532
51 253
941 436
81 835
862 994
260 588
687 995
964 939
873 455
177 529
176 567
446 366
623 384
74 675
15 393
12 707
863 446
105 702
505 365
826 238
915 528
822 517
836 391
2 109
255 781
468 793
307 755
118 332
217 656
764 528
596 608
501 860
279 216
452 696
190 24
442 163
443 51
98 281
950 996
482 557
733 343
368 343
377 177
578 822
720 775
967 102
972 382
736 263
665 538
688 618
956 821
923 853
104 560
820 475
110 1
119 224
890 905
422 713
890 389
40 637
157 573
997 9
922 97
295 782
785 767
36 733
356 55
589 807
75 912
601 550
508 67
284 438
393 881
575 612
294 357
275 125
161 586
915 754
109 917
872 973
93 968
583 447
730 576
293 340
540 315
194 507
638 569
721 49
886 176
907 937
984 124
928 500
377 928
745 486
650 952
83 542
485 456
30 959
989 632
117 410
698 544
140 586
481 980
625 453
894 946
988 13
655 395
302 380
325 155
758 406
430 570
94 626
770 734
106 387
552 624
18 60
749 634
106 228
667 347
629 312
973 643
978 330
819 470
807 85
20 634
571 57
689 161
968 498
877 771
954 831
473 957
536 329
803 599
245 777
839 73
26 848
37 337
144 882
485 898
942 928
539 250
435 470
685 83
465 264
161 716
23 623
261 157
600 382
531 705
912 79
639 5
297 719
942 352
416 459
668 209
836 116
198 697
302 846
375 898
548 138
569 668
893 245
177 156
766 259
373 964
389 693
745 678
345 751
668 797
521 831
165 296
778 738
495 379
548 58
738 523
392 882
602 113
528 561
937 497
756 18
590 504
546 104
140 720
859 139
946 273
866 334
244 27
694 810
504 119
129 295
856 116
601 103
481 746
457 630
519 376
131 388
214 963
822 133
52 893
967 732
483 228
593 564
854 40
402 522
612 565
122 843
265 237
74 673
164 648
85 505
348 997
878 937
167 565
467 693
42 612
159 52
810 235
511 320
196 935
628 352
439 79
797 969
209 321
670 677
171 215
883 280
385 384
465 864
798 417
249 920
952 912
121 27
66 538
367 930
220 914
701 426
15 117
945 475
421 955
341 743
261 609
140 87
459 405
969 421
302 448
925 8
287 580
630 824
561 294
974 28
560 465
799 941
760 976
702 413
570 743
76 997
694 113
926 425
62 208
211 656
130 786
72 459
895 131
360 23
230 794
610 834
65 784
501 386
682 852
92 81
155 35
80 931
126 180
448 872
690 228
405 913
699 720
252 978
146 566
207 221
233 930
991 272
845 617
256 391
615 817
554 425
52 74
543 172
220 192
690 790
118 87
882 610
695 287
518 424
72 838
113 522
365 913
14 198
197 113
329 654
133 957
710 150
255 62
950 120
689 110
987 804
449 917
188 37
890 622
274 75
850 235
803 601
635 864
337 372
355 702
82 461
671 87
563 788
87 519
48 569
116 310
351 996
843 622
177 835
606 743
712 163
991 234
451 129
990 266
55 963
371 320
378 580
686 654
909 64
813 573
176 69
228 298
431 30
22 992
309 580
681 286
74 933
289 792
615 234
319 17
288 297
19 229
370 614
382 240
622 765
127 395
420 552
979 316
444 411
105 565
998 119
190 898
83 357
132 151
451 525
556 661
290 700
844 317
789 751
925 660
355 285
811 329
719 796
182 404
29 833
828 972
522 520
288 626
898 814
863 93
775 938
149 510
392 440
202 302
841 974
673 63
56 196
254 467
321 934
505 356
43 184
537 839
927 960
623 738
989 940
585 621
612 166
398 600
658 638
46 207
782 910
171 458
166 383
227 448
177 199
706 952
375 798
325 833
709 692
109 919
319 353
128 737
924 855
787 95
747 95
438 289
27 328
248 496
814 458
328 213
249 748
133 74
824 39
259 493
321 43
96 521
413 40
475 112
499 938
298 633
282 669
228 521
722 495
476 485
895 851
894 11
524 647
43 256
752 116
808 392
735 506
672 714
22 746
28 519
223 819
552 948
580 116
381 601
552 6
661 116
228 294
370 273
140 815
158 482
175 610
191 607
211 464
493 128
909 485
626 785
392 227
379 73
288 220
19 450
343 775
521 403
879 908
566 216
267 244
159 35
911 340
681 538
405 824
670 426
26 112
968 713
548 986
638 314
554 534
348 514
334 976
443 365
177 870
21 820
175 714
267 938
348 358
789 881
809 135
53 174
209 940
869 824
581 540
334 974
551 795
200 263
922 476
396 101
378 178
951 670
286 673
10 192
855 299
359 759
803 680
986 442
282 766
333 809
754 558
731 587
107 140
10 95
622 979
115 555
216 833
261 292
961 301
964 98
756 384
517 629
941 389
488 377
759 738
567 577
406 309
21 466
289 778
246 863
961 550
312 136
890 842
601 781
68 335
155 911
77 445
770 531
823 728
487 995
763 97
986 105
134 703
546 825
555 241
618 620
919 253
321 461
759 324
776 243
430 336
251 744
761 743
128 141
435 848
943 582
819 705
621 455
768 907
242 904
507 578
346 749
902 932
850 803
377 62
504 848
752 493
332 693
625 32
71 448
699 941
519 412
974 347
67 482
882 458
668 637
240 713
940 143
780 28
252 820
353 625
322 152
942 288
41 307
514 769
982 741
824 109
172 438
180 300
273 507
726 942
873 997
260 467
728 14
962 246
317 709
938 151
816 594
281 546
467 394
663 211
537 304
701 417
452 236
538 132
236 623
421 9
505 348
33 656
290 561
896 589
346 306
348 526
945 256
555 961
609 488
513 785
74 740
184 995
279 466
972 936
275 718
580 397
365 96
633 616
692 655
641 264
720 72
460 320
503 274
831 763
470 745
399 378
208 179
670 946
924 481
460 579
509 701
71 837
906 792
262 503
523 47
445 391
702 801
548 684
976 905
479 621
147 79
377 836
405 30
461 16
690 184
806 604
799 911
326 506
7 547
527 459
101 602
380 415
495 102
440 737
903 632
412 828
275 431
197 153
429 786
594 416
992 464
128 947
553 294
558 765
670 913
553 942
173 518
610 17
167 151
24 99
308 511
630 497
684 526
99 943
109 397
429 499
628 204
490 271
66 875
78 129
584 862
681 463
905 862
444 297
266 497
450 10
168 129
100 881
834 418
639 388
738 142
654 219
323 144
917 554
726 290
598 513
94 906
723 59
723 498
619 293
340 40
732 622
991 491
916 749
663 561
606 170
912 962
234 106
436 804
792 895
937 162
525 917
30 388
510 410
972 712
900 470
424 723
252 770
291 801
325 830
774 996
601 847
348 613
243 49
731 619
604 131
668 896
736 502
544 650
836 982
162 936
919 415
759 320
126 990
346 233
151 653
490 295
521 873
761 626
839 678
656 613
402 934
341 521
752 679
109 405
705 467
613 166
417 991
502 344
896 580
667 231
280 377
898 157
650 719
41 500
491 794
429 854
159 568
251 417
644 483
331 929
220 253
409 797
691 46
737 122
260 326
87 618
50 363
208 125
705 157
704 259
307 318
466 603
522 269
514 350
175 462
547 992
183 264
147 971
25 335
941 194
391 726
590 612
218 155
967 522
795 171
477 29
359 237
617 390
427 230
435 473
28 316
57 835
378 275
648 621
289 447
216 136
150 449
883 570
364 599
870 931
974 913
779 315
549 345
31 822
374 252
305 987
34 528
138 781
98 989
669 241
193 627
719 176
159 340
113 627
760 178
111 845
894 6
368 970
416 486
112 905
989 971
400 792
223 833
109 473
989 124
192 370
888 287
610 216
430 653
853 657
823 159
818 500
494 130
691 506
54 562
752 640
29 862
746 324
516 837
613 610
637 743
673 281
963 248
961 601
842 680
989 307
50 690
726 796
470 740
242 106
511 259
651 841
778 186
916 614
209 65
342 46
120 670
265 225
490 448
763 36
370 407
325 824
766 295
763 824
962 939
436 291
965 502
237 860
269 398
518 692
892 54
147 959
687 536
443 272
974 977
891 346
876 19
851 789
721 54
757 832
244 768
815 583
602 495
457 336
506 845
190 329
33 602
800 272
372 62
871 380
866 597
965 853
692 321
39 513
889 515
369 770
180 86
46 80
752 342
906 934
750 838
85 577
831 756
444 840
64 698
2 351
148 479
456 360
60 108
758 673
442 36
799 105
730 768
361 615
899 677
662 464
564 158
384 923
654 562
948 265
836 208
837 677
259 191
378 357
862 133
669 572
683 373
215 41
166 320
36 9
88 915
934 366
808 219
470 506
526 994
486 732
709 763
850 137
724 487
391 588
334 499
667 303
804 778
675 885
233 769
378 280
797 782
359 540
48 108
503 255
272 764
323 639
317 272
775 940
331 514
805 911
610 455
43 146
872 352
428 450
753 974
942 289
157 665
681 280
433 935
686 589
801 340
915 523
100 488
638 693
980 293
340 347
524 236
612 690
399 164
187 545
585 814
273 711
711 991
164 886
859 944
493 526
492 903
47 872
579 281
436 904
701 507
409 813
574 139
433 295
583 733
641 232
390 251
344 352
725 286
472 689
528 748
299 49
532 126
191 412
41 126
337 940
353 726
912 816
973 808
695 112
729 133
664 987
936 625
531 538
515 130
980 862
108 567
11 964
26 587
226 833
796 934
193 864
872 675
86 883
967 58
549 134
539 688
315 976
45 292
808 921
659 100
260 676
337 791
589 431
837 737
160 887
868 718
5 608
345 269
959 44
466 500
119 991
805 988
333 802
754 691
561 546
95 475
293 869
580 834
413 457
797 535
675 970
988 143
755 512
151 577
924 878
449 357
182 570
749 90
124 430
12 674
374 293
886 939
583 103
94 458
758 522
600 673
112 189
225 183
859 397
163 379
767 549
33 690
959 283
579 892
959 67
209 165
309 923
76 509
913 671
27 156
501 206
484 307
796 311
139 677
572 716
617 530
985 173
799 484
822 888
157 45
189 177
235 532
701 237
984 708
212 121
519 411
404 92
979 942
691 183
51 170
366 224
437 866
720 449
840 733
766 969
188 51
485 564
254 516
561 735
445 876
200 856
236 171
103 865
792 840
476 314
908 664
588 546
81 218
52 353
115 920
867 830
293 919
949 356
726 380
777 421
581 289
708 146
404 306
293 7
689 52
375 116
791 90
360 509
402 210
468 290
161 223
438 849
222 217
912 210
58 375
150 88
579 365
784 494
919 454
891 325
620 716
955 853
341 245
925 294
363 489
712 84
786 177
917 652
711 21
595 50
263 23
769 176
312 919
849 686
687 841
643 161
657 955
346 64
30 145
839 461
830 882
645 367
604 145
598 900
862 929
874 875
538 197
930 957
530 349
568 242
534 505
583 469
455 462
695 117
70 808
44 857
430 491
408 702
357 695
875 21
19 617
884 335
592 221
101 234
752 19
625 895
245 915
22 952
127 578
66 354
788 647
474 239
39 388
390 184
106 507
664 58
157 7
704 852
123 282
368 195
892 813
677 834
185 741
341 101
296 422
727 834
202 890
529 626
49 537
76 767
558 831
819 471
5 691
764 134
103 695
789 424
880 385
233 616
815 354
503 0
233 256
447 165
813 19
180 379
959 951
325 787
104 827
951 974
67 391
417 40
796 76
459 678
277 993
716 378
511 438
671 816
810 408
431 526
569 21
801 349
648 946
515 96
896 427
346 986
560 962
106 807
461 482
166 26
706 693
848 224
581 69
491 615
880 246
149 481
44 444
111 501
75 786
766 924
694 796
426 630
245 401
55 405
985 733
233 15
369 875
749 743
331 891
172 640
319 495
775 200
303 730
718 625
824 21
643 219
199 108
15 693
87 950
321 165
237 892
293 478
895 533
716 178
246 955
229 89
912 451
780 598
566 521
574 634
492 326
390 607
262 996
961 678
224 663
235 555
651 261
499 786
296 92
410 914
880 979
798 179
80 2
191 518
437 534
906 57
312 612
826 914
563 952
623 650
792 961
262 38
322 790
934 187
671 729
404 65
747 831
712 3
942 666
232 381
204 377
801 247
111 636
686 725
549 927
58 915
14 21
5 604
111 933
205 375
470 996
471 134
778 8
858 564
487 611
623 621
810 125
307 835
505 349
385 176
29 27
104 221
882 120
685 947
668 581
234 120
865 1
330 716
944 802
262 912
749 277
43 555
668 839
663 758
37 14
870 275
877 994
479 656
408 490
389 813
387 365
430 543
333 628
232 634
596 977
883 959
523 242
970 229
378 648
421 925
558 387
878 304
362 172
760 797
857 860
584 285
43 861
624 879
572 622
755 344
480 837
960 265
71 278
75 535
943 819
736 557
576 583
714 643
449 765
630 196
235 744
335 933
530 571
651 37
559 27
490 900
777 209
905 632
568 226
522 220
605 968
20 363
913 154
593 561
882 107
301 926
780 626
449 46
749 917
516 577
392 285
984 3
949 794
425 984
926 750
708 426
273 642
281 748
162 967
806 562
134 603
440 188
476 957
532 381
9 966
207 910
973 250
87 547
897 679
553 834
261 350
26 808
403 129
980 134
87 278
210 486
466 542
425 728
579 928
828 654
857 338
375 525
612 836
656 732
673 473
297 902
487 233
487 680
326 491
51 196
660 705
355 890
696 251
143 226
449 21
907 570
690 846
264 73
968 531
862 112
524 26
94 584
274 523
760 598
64 853
840 335
227 366
567 559
738 281
828 392
966 103
383 670
523 897
406 760
14 445
112 191
632 190
918 901
93 783
358 48
51 524
913 486
140 466
220 720
664 667
262 77
629 761
541 764
572 353
771 33
761 99
358 668
780 775
159 80
883 585
247 889
326 427
608 229
753 569
494 931
202 117
918 47
54 778
4 317
605 211
163 339
871 796
273 218
274 819
730 38
557 437
97 693
364 421
844 767
31 885
465 271
955 876
100 783
208 983
469 46
316 451
132 699
564 320
460 201
695 999
144 351
855 662
427 822
305 580
92 490
954 556
851 161
673 173
662 871
970 490
226 519
516 199
879 137
128 6
594 325
236 887
905 460
768 914
737 53
851 416
83 162
698 939
338 376
16 951
74 988
640 159
457 173
888 297
917 92
861 83
802 175
396 498
849 190
385 606
127 915
184 556
775 481
73 393
761 258
626 590
875 465
394 460
742 55
552 201
253 324
798 537
268 11
49 411
53 480
598 213
957 910
298 538
27 459
912 21
217 478
153 970
442 789
768 665
227 35
33 824
449 230
772 846
20 70
489 206
216 322
666 922
357 625
304 383
259 307
724 448
346 631
867 609
207 693
361 542
883 385
298 991
308 432
863 477
205 821
262 605
246 174
281 252
635 941
846 996
206 416
383 794
700 789
648 148
274 542
531 820
24 664
184 739
111 292
663 550
497 698
529 686
123 870
760 622
299 876
998 499
704 569
639 735
533 910
591 85
865 464
939 915
265 274
584 276
733 781
822 628
160 998
496 959
156 476
662 608
346 825
96 256
470 590
79 353
372 579
351 195
79 86
671 236
667 203
263 693
729 21
907 129
810 247
693 632
493 101
338 493
334 162
482 519
46 703
236 486
966 398
849 389
44 258
450 62
586 886
718 56
529 752
290 487
12 555
491 192
637 725
584 35
426 169
419 22
52 19
117 153
250 224
364 257
927 62
250 843
228 214
972 299
394 857
146 463
96 518
938 456
970 54
678 476
977 236
798 137
327 145
350 353
350 655
716 919
848 341
393 761
296 391
823 517
415 296
50 387
943 118
996 253
353 732
731 489
817 366
896 741
738 395
513 438
248 728
465 310
994 299
102 498
252 459
16 298
903 136
676 925
962 607
737 146
227 317
580 144
696 647
572 275
805 544
687 108
782 142
45 855
836 177
120 604
612 402
473 958
726 621
294 758
861 679
168 350
816 73
328 133
734 612
919 186
492 912
989 428
691 972
178 327
377 843
298 343
206 723
202 176
781 941
818 597
348 916
780 985
469 394
851 51
991 337
272 238
365 572
52 638
932 832
169 333
724 403
427 748
502 564
86 698
187 610
620 688
605 742
32 342
473 415
442 912
130 337
592 753
736 548
238 219
762 847
30 11
315 149
286 405
238 641
141 170
847 761
524 462
852 295
72 208
203 164
183 554
339 683
736 279
407 547
621 839
181 657
130 908
548 565
884 613
306 872
315 120
734 434
481 893
408 206
932 771
258 219
131 116
165 225
238 981
382 384
619 868
43 661
422 595
299 209
907 383
284 628
802 234
855 98
800 639
953 819
145 447
1 700
13 24
466 634
799 501
923 800
992 888
827 155
339 405
716 574
915 761
60 670
655 750
306 324
634 113
913 826
760 137
815 478
265 874
75 412
426 507
55 49
189 620
587 344
636 966
434 262
649 906
512 31
96 907
24 836
506 423
176 733
526 854
210 853
641 63
238 577
944 711
940 91
903 204
858 707
524 155
937 970
243 160
23 644
496 786
5 746
768 791
483 395
67 293
428 284
956 723
961 992
596 413
369 112
144 764
431 500
150 826
925 200
389 725
52 72
209 903
793 855
110 461
41 557
473 550
371 54
795 359
437 477
247 893
127 399
163 683
454 571
327 804
266 963
206 694
816 186
847 233
463 217
651 597
671 575
114 309
234 685
832 296
396 427
74 356
790 662
20 568
607 928
569 113
478 947
994 285
954 256
180 970
542 148
908 871
371 330
301 118
895 303
232 217
688 62
36 770
371 199
809 694
593 519
610 595
839 249
6 455
558 873
557 992
964 994
146 51
218 124
199 186
786 395
541 355
293 676
527 188
764 319
995 956
463 612
302 381
365 19
321 465
370 323
718 833
965 294
168 634
250 495
907 860
713 490
536 611
328 705
559 175
34 11
861 139
675 623
980 654
893 947
65 398
308 651
88 864
78 566
366 419
35 182
339 787
696 536
271 663
190 164
228 767
270 656
437 920
275 722
446 827
130 105
263 958
583 368
491 350
762 820
400 780
277 679
424 406
246 844
965 51
441 986
560 610
639 227
694 60
838 568
586 874
204 953
641 209
349 918
923 369
834 467
252 940
417 905
594 179
535 812
749 604
2 573
799 859
503 647
48 208
277 967
824 150
83 729
49 28
595 152
110 755
605 213
353 250
640 240
743 995
395 303
166 928
781 49
185 597
266 37
371 151
744 845
487 814
751 683
294 993
37 408
258 311
158 824
23 785
478 685
252 590
125 598
948 556
653 905
414 172
98 823
363 136
671 906
35 704
973 146
625 302
450 339
855 120
160 630
490 734
187 250
492 604
766 918
833 865
726 421
743 455
412 599
222 874
537 761
70 68
820 114
19 110
185 233
628 629
919 507
420 283
584 19
76 577
66 125
722 512
123 119
344 423
205 129
648 214
993 278
883 811
14 843
109 591
532 627
221 418
422 449
958 686
39 202
655 906
143 829
42 601
605 856
976 871
452 327
681 983
964 473
777 785
662 538
551 324
421 358
353 922
660 698
910 550
228 970
663 415
447 359
219 996
74 640
93 476
676 244
408 749
104 354
207 279
839 847
897 131
378 912
469 43
144 376
945 260
928 767
502 276
322 996
182 786
948 912
654 102
825 766
902 266
382 110
312 223
577 120
2 629
925 843
924 760
24 756
575 438
983 627
401 96
323 959
84 533
221 161
814 542
762 734
901 201
74 626
337 255
341 820
43 465
365 508
486 723
368 934
829 525
643 887
68 460
130 31
351 440
484 281
282 359
52 428
992 924
578 327
388 761
84 52
231 760
947 46
135 498
217 583
856 174
458 64
845 208
567 710
891 280
788 183
415 391
467 687
515 910
291 476
594 420
534 309
361 658
243 195
223 301
825 68
425 560
222 893
741 588
114 77
958 666
50 799
520 679
290 645
922 218
79 919
969 301
276 370
403 764
804 110
559 574
818 261
142 665
406 635
95 816
266 901
284 402
84 776
232 683
976 462
931 32
251 914
862 604
642 121
599 543
207 382
467 748
770 490
174 988
346 17
203 736
752 361
54 909
210 700
645 396
214 546
835 425
560 997
830 902
175 594
860 776
641 391
963 665
295 73
147 488
866 549
607 244
88 406
684 664
941 132
532 873
480 111
890 893
37 185
604 588
600 428
357 614
375 1
770 44
666 509
826 562
787 502
605 91
504 606
992 163
893 44
780 114
791 421
329 525
58 874
447 419
411 483
270 96
458 427
715 412
366 245
572 49
598 659
494 266
8 178
549 305
957 969
36 532
446 484
942 37
77 699
822 914
138 455
940 928
525 723
245 88
148 647
931 112
689 412
146 769
515 472
726 826
239 16
255 220
131 271
292 277
112 755
520 337
561 4
131 52
595 573
977 65
44 539
768 278
522 799
241 524
717 124
254 12
880 334
632 512
549 274
384 717
676 623
205 453
947 822
722 516
627 361
472 926
330 53
985 900
986 159
136 484
133 108
129 84
659 253
24 129
70 751
387 5
569 517
930 160
570 752
766 77
427 713
928 40
363 306
909 925
971 416
920 427
185 322
468 542
746 520
88 198
603 685
577 796
352 271
506 299
594 178
0 501
571 365
323 178
48 747
76 369
146 210
853 547
609 684
870 495
614 348
985 161
792 897
612 282
430 104
174 303
837 921
574 746
699 585
504 338
587 213
737 250
811 360
8 253
941 12
953 709
408 15
3 972
742 397
441 945
286 878
855 570
228 25
435 781
850 4
457 783
146 981
86 925
283 369
656 250
321 382
730 44
913 820
364 400
836 782
142 423
769 394
142 96
100 391
340 662
350 212
883 362
207 420
898 792
490 777
355 700
280 374
876 118
611 924
822 433
587 890
228 914
256 894
838 405
997 487
201 702
651 878
679 973
465 533
133 209
310 677
444 852
813 457
530 45
442 178
608 797
330 24
358 444
249 794
25 970
432 123
877 507
384 760
414 356
731 444
433 523
605 893
683 281
69 661
247 111
574 400
648 766
509 471
478 281
859 550
561 114
468 310
972 673
893 89
386 491
154 530
703 541
557 863
329 483
900 491
168 612
573 36
340 586
641 995
857 313
104 225
670 430
373 69
53 531
373 243
949 778
738 477
90 328
825 777
723 165
372 289
907 997
136 533
499 109
266 604
772 801
68 585
787 318
630 605
159 135
835 129
449 958
967 121
291 320
596 882
982 813
920 770
964 423
795 308
757 145
356 544
896 460
516 899
908 470
72 836
826 602
865 437
566 14
823 357
360 294
438 3
226 535
441 590
941 196
345 746
804 270
374 593
667 678
72 101
444 489
228 852
18 582
443 698
923 20
816 514
99 241
528 728
368 989
232 554
683 526
431 494
960 89
220 497
621 940
654 741
119 668
299 324
465 578
968 801
174 691
689 38
280 940
282 130
806 614
617 13
165 632
385 949
696 951
966 566
274 575
882 692
764 902
517 754
326 433
535 621
776 973
783 995
400 326
759 805
195 754
982 205
178 585
174 466
428 111
848 101
899 500
510 443
83 877
660 490
536 281
343 28
546 767
467 785
333 175
678 509
942 180
511 346
801 298
274 290
107 83
479 454
44 750
75 127
656 563
404 240
282 23
828 187
560 79
6 356
475 679
633 651
747 310
75 204
480 346
755 794
681 131
585 934
147 301
711 539
978 354
7 404
62 767
537 628
822 220
93 48
341 265
501 730
594 447
852 57
875 159
153 767
174 639
916 514
889 329
393 479
311 393
57 372
196 84
647 445
635 303
84 520
650 517
765 99
793 39
609 726
594 553
402 251
318 956
952 843
983 661
984 994
660 78
959 25
615 406
815 614
224 772
191 772
856 940
224 205
478 979
178 348
185 560
796 290
154 343
690 953
871 267
445 673
107 222
729 389
988 489
328 263
582 187
270 230
217 112
923 287
671 391
752 248
560 354
616 861
136 726
392 579
757 64
867 126
772 258
921 700
343 411
701 323
5388 -1 -1 -1 -1 -1 -1 -1 26973 -1 -1 -1 -1 -1 -1 -1 -1 -1 -1 -1 -1 37902 -1 -1 28032 -1 -1 -1 11050 -1 -1 -1 -1 24450 -1 48487 -1 -1 -1 4372 -1 -1 -1 -1 -1 54510 14494 -1 35264 -1 22484 -1 23338 -1 -1 -1 -1 20182 -1 -1 37263 -1 -1 -1 -1 -1 -1 -1 -1 -1 -1 -1 57474 -1 -1 47304 38514 -1 -1 -1 -1 -1 -1 -1 -1 -1 -1 724 -1 -1 -1 -1 -1 -1 -1 -1 -1 -1 -1 -1 -1 -1 -1 -1 19807 11307 61654 43475 -1 -1 -1 -1 -1 -1 -1 -1 -1 -1 -1 34449 -1 33664 -1 -1 -1 57444 -1 -1 -1 57354 55630 47537 -1 -1 -1 -1 44220 -1 -1 -1 -1 -1 -1 -1 -1 -1 -1 -1 -1 -1 -1 63818 -1 13340 -1 -1 27694 -1 -1 -1 -1 -1 8929 20683 -1 -1 -1 -1 -1 4819 -1 40562 -1 -1 -1 -1 28166 -1 -1 54458 -1 -1 -1 -1 -1 -1 -1 -1 19251 -1 -1 -1 18546 -1 -1 -1 -1 -1 -1 -1 -1 16611 -1 -1 -1 49046 -1 -1 -1 61287 51758 -1 -1 7538 5525 -1 -1 106 50885 -1 -1 -1 -1 -1 -1 54566 -1 -1 -1 -1 -1 -1 -1 -1 -1 -1 -1 -1 -1 2117 -1 -1 -1 795 33297 -1 -1 -1 23560 -1 -1 -1 -1 -1 -1 -1 -1 -1 -1 -1 49521 -1 -1 -1 65452 -1 -1 -1 -1 50352 -1 -1 -1 -1 -1 -1 -1 -1 -1 -1 -1 -1 -1 20330 -1 -1 -1 -1 -1 -1 -1 -1 -1 -1 -1 -1 11457 -1 -1 -1 -1 -1 9336 -1 -1 -1 -1 -1 -1 -1 58865 -1 42484 -1 45777 -1 -1 -1 63741 46831 -1 -1 -1 41492 -1 -1 -1 -1 3483 3209 -1 -1 -1 -1 -1 -1 -1 -1 -1 -1 -1 -1 -1 -1 33659 -1 -1 6332 33197 -1 -1 30328 -1 -1 -1 -1 -1 -1 -1 -1 -1 30475 -1 11600 33024 -1 -1 -1 -1 -1 -1 -1 -1 -1 -1 -1 23510 -1 -1 -1 -1 64116 -1 -1 -1 -1 -1 -1 -1 -1 -1 -1 -1 -1 -1 -1 53067 14320 -1 -1 -1 -1 -1 33788 62049 -1 -1 -1 6696 29198 55500 -1 -1 -1 -1 -1 -1 8944 33374 -1 -1 -1 31089 -1 -1 -1 -1 -1 -1 -1 -1 -1 -1 -1 -1 -1 -1 -1 11670 -1 -1 -1 -1 -1 28866 6205 -1 -1 -1 -1 -1 -1 -1 -1 -1 -1 -1 -1 -1 -1 41348 -1 -1 -1 -1 -1 -1 -1 -1 -1 -1 -1 -1 -1 30218 -1 16609 -1 -1 55172 52624 25690 -1 34417 -1 -1 -1 40291 -1 -1 -1 -1 -1 -1 35685 -1 -1 54308 -1 -1 -1 62231 -1 -1 -1 -1 -1 789 -1 -1 -1 -1 -1 -1 -1 -1 -1 -1 -1 -1 -1 -1 -1 -1 -1 -1 -1 -1 8564 -1 8906 -1 18264 25673 -1 -1 40409 60278 -1 -1 -1 -1 -1 55815 62887 -1 -1 -1 -1 -1 -1 -1 -1 -1 -1 -1 -1 -1 -1 -1 -1 -1 -1 -1 49989 32086 -1 -1 48494 -1 2163 -1 -1 -1 -1 -1 47431 -1 -1 -1 -1 -1 -1 -1 30718 26247 -1 -1 -1 -1 -1 -1 -1 40514 -1 -1 -1 -1 37463 -1 35997 -1 -1 -1 -1 -1 -1 -1 32176 -1 52396 -1 -1 -1 48523 -1 -1 -1 -1 24928 -1 -1 -1 -1 -1 38379 -1 -1 -1 -1 27635 -1 -1 8118 -1 -1 -1 -1 41467 44351 -1 -1 -1 35138 -1 -1 -1 32311 -1 -1 -1 -1 54219 -1 65336 32859 -1 13921 64840 -1 -1 -1 -1 -1 -1 -1 -1 -1 -1 -1 -1 -1 -1 -1 -1 -1 -1 -1 34982 -1 -1 -1 -1 -1 -1 -1 -1 -1 -1 -1 -1 -1 -1 -1 -1 -1 1039 -1 -1 -1 -1 -1 -1 -1 -1 -1 59212 -1 1162 -1 -1 -1 -1 -1 16739 -1 -1 -1 -1 -1 -1 -1 -1 -1 -1 -1 -1 -1 -1 59649 -1 -1 -1 -1 -1 -1 -1 -1 -1 -1 42023 -1 -1 -1 -1 -1 -1 1729 50390 -1 -1 13048 -1 12052 -1 -1 17923 -1 -1 -1 -1 -1 1182 -1 -1 -1 -1 -1 -1 -1 -1 -1 -1 51451 -1 -1 -1 -1 -1 -1 -1 -1 -1 -1 -1 47070 -1 -1 -1 64253 -1 -1 21170 -1 -1 7979 -1 -1 -1 63083 -1 -1 -1 -1 -1 -1 33003 -1 -1 -1 18025 52648 -1 -1 -1 49085 -1 -1 -1 -1 -1 52396 -1 -1 56391 44926 -1 -1 -1 -1 -1 -1 -1 -1 -1 56609 -1 -1 -1 -1 -1 -1 -1 -1 -1 -1 -1 -1 -1 -1 -1 -1 -1 -1 -1 43276 -1 -1 -1 52725 -1 51706 46631 -1 26636 -1 -1 24103 -1 45555 -1 -1 -1 46639 -1 -1 -1 -1 -1 -1 -1 58919 -1 59267 47271 -1 -1 -1 9303 -1 9223 -1 -1 -1 -1 -1 -1 -1 -1 -1 -1 -1 -1 -1 -1 -1 18446 -1 61552 -1 -1 -1 -1 48698 35693 31299 -1 40614 -1 -1 -1 23778 -1 -1 -1 -1 10970 -1 -1 5207 26830 5504 18967 45084 -1 -1 -1 64893 -1 45985 -1 50095 -1 -1 -1 -1 65389 -1 41741 30857 -1 -1 -1 -1 29111 -1 -1 -1 -1 -1 -1 46123 15535 -1 -1 -1 -1 -1 -1 -1 -1 -1 -1 30159 -1 -1 -1 -1 -1 -1 -1 -1 -1 -1 64599 -1 -1 -1 -1 -1 54837 -1 -1 -1 -1 -1 -1 -1 -1 -1
1
1 401 3 676 14
