1000 5000
704 328
132 447
546 409
557 10
230 783
76 155
507 228
206 971
130 568
464 375
409 758
577 376
500 567
845 125
217 840
800 865
593 140
657 513
655 256
534 276
154 158
801 43
139 559
553 714
837 410
284 9
297 855
413 885
391 988
301 767
847 33
670 605
604 423
261 871
952 55
831 719
522 732
645 556
725 179
552 943
309 52
478 291
335 949
542 651
149 731
758 693
637 344
662 408
321 398
251 534
593 395
890 982
297 226
979 852
174 724
797 261
952 511
737 228
679 191
497 412
750 499
864 778
659 275
490 880
23 452
190 395
474 166
567 860
289 820
158 303
244 52
588 374
663 339
650 332
535 658
727 433
595 194
117 677
62 819
147 399
58 494
476 561
451 53
902 909
77 632
791 647
707 558
794 191
961 411
550 39
905 710
984 87
226 91
163 69
83 513
353 737
642 826
896 914
637 174
281 782
437 986
146 135
394 423
833 591
767 849
15 475
490 989
686 250
769 482
486 834
700 131
521 802
28 463
996 999
783 476
376 276
466 545
616 275
327 470
916 72
138 573
445 610
585 296
132 949
928 746
178 791
590 56
941 847
869 69
850 5
488 377
17 696
609 14
69 450
115 793
587 267
724 339
224 636
400 967
13 65
920 972
385 544
981 65
537 905
216 150
530 101
149 631
262 185
634 311
115 833
420 19
375 849
755 5
698 955
226 50
337 329
780 918
136 652
838 586
52 629
364 603
35 601
311 671
709 587
259 804
228 406
935 288
924 524
325 114
593 750
329 786
5 314
975 59
276 87
337 423
547 991
823 533
29 156
965 194
866 55
218 830
457 358
116 360
225 298
384 194
188 938
865 475
900 849
311 757
734 314
708 841
592 546
157 314
16 827
981 883
307 327
219 383
623 865
251 147
370 524
316 201
164 658
241 4
608 199
730 534
624 114
51 550
6 211
524 781
565 347
241 898
490 945
285 877
712 149
912 967
605 843
43 863
169 597
765 908
870 138
475 32
624 878
679 98
802 300
147 941
706 661
471 917
604 977
176 700
722 125
29 317
603 88
12 38
731 623
112 77
410 374
470 113
319 660
275 480
701 296
664 838
827 325
101 764
165 853
989 383
295 62
300 962
752 242
201 477
351 315
677 500
81 277
992 757
701 503
46 759
407 712
727 520
279 876
27 457
300 526
902 168
22 271
768 212
933 419
710 268
199 67
532 173
386 832
545 337
286 929
541 316
436 675
133 106
887 482
979 450
192 595
55 124
444 937
70 583
795 354
635 161
307 511
969 568
495 279
240 405
750 872
325 749
115 176
758 669
685 777
47 378
384 794
149 951
983 770
361 458
704 655
67 667
336 504
995 122
427 385
889 197
855 168
236 731
62 23
452 538
806 266
919 223
804 756
943 171
300 495
947 734
304 410
897 511
421 255
485 588
467 516
632 586
783 838
831 423
939 255
210 872
805 755
3 779
430 401
914 467
406 857
361 156
748 79
878 24
558 979
569 455
703 366
466 518
952 271
856 651
376 618
619 720
231 310
466 425
798 600
572 647
835 703
272 730
573 853
606 213
148 273
567 264
130 173
503 166
149 491
815 849
326 152
849 514
363 618
711 16
123 740
757 821
258 204
698 491
249 963
838 565
220 134
173 563
217 35
639 547
231 64
51 240
333 339
201 390
407 895
608 679
322 184
18 24
395 364
418 246
976 726
821 480
480 332
199 141
842 276
282 178
826 120
674 235
874 755
449 726
958 44
855 799
128 687
327 726
541 594
790 825
257 376
440 90
218 847
286 629
256 396
700 719
823 663
408 658
566 476
704 710
597 25
756 503
98 892
899 805
575 271
18 739
650 951
459 346
0 85
739 92
418 692
901 485
336 232
719 174
121 85
723 186
650 0
957 61
900 555
84 482
671 147
663 654
651 347
592 755
650 19
821 879
289 407
219 189
185 882
919 616
723 325
291 599
7 401
789 601
49 283
733 69
543 900
330 362
983 216
946 964
246 774
330 912
383 766
693 799
144 952
124 132
547 660
941 63
157 505
565 259
350 904
519 457
16 556
95 509
272 509
497 15
779 718
244 743
437 403
299 88
43 778
389 823
7 560
131 25
413 884
322 708
921 923
660 48
727 248
332 760
531 46
395 573
174 359
928 396
334 468
250 668
970 515
176 342
527 855
591 242
22 132
650 388
58 240
258 618
845 181
145 961
227 363
913 695
906 554
374 640
490 905
44 279
405 279
982 353
223 472
337 255
860 818
556 107
547 389
190 709
209 399
512 607
451 785
946 253
345 660
931 131
250 900
777 408
830 13
172 354
256 786
635 589
5 958
854 751
96 549
152 799
984 388
499 233
133 560
303 780
787 443
929 302
645 911
582 989
213 26
857 926
441 382
209 128
694 675
163 744
24 278
344 936
296 898
552 212
938 241
619 842
983 733
309 487
620 607
538 448
344 68
207 778
922 881
980 685
432 807
816 392
32 704
971 218
70 752
15 979
432 136
516 78
182 697
393 63
231 790
939 637
506 635
778 196
741 410
396 134
809 532
743 262
124 734
15 460
982 194
576 770
87 370
387 747
381 108
659 687
619 500
89 259
532 206
497 901
422 401
664 818
509 712
310 180
674 908
133 287
515 414
302 477
594 385
397 377
24 43
961 968
830 921
449 886
892 523
627 369
763 722
915 768
842 517
231 982
783 396
456 978
583 52
370 394
964 932
209 93
987 715
758 20
910 672
714 526
291 816
258 148
679 956
574 315
590 985
865 827
671 573
970 33
981 758
640 207
950 706
576 550
55 675
802 980
268 936
164 616
925 970
247 681
58 747
583 636
193 626
148 379
747 776
723 295
858 658
11 86
574 512
450 674
24 244
719 250
639 934
670 365
931 187
545 21
715 30
611 130
208 216
714 506
573 336
444 746
721 499
919 543
691 462
95 615
579 473
264 765
696 979
458 649
929 398
173 823
960 885
638 76
103 679
411 921
726 490
453 455
297 10
213 682
930 545
746 439
49 562
509 747
53 980
674 935
411 15
732 826
379 65
173 76
749 477
263 525
245 308
580 38
530 117
547 39
554 281
888 930
948 337
288 763
345 354
86 259
350 304
297 646
524 393
183 623
627 180
500 571
928 230
34 717
374 586
412 250
489 710
748 581
144 701
872 811
583 729
834 517
69 944
796 313
57 776
149 962
873 618
445 111
583 426
115 440
707 519
396 758
572 981
95 94
856 145
4 280
369 207
683 506
161 472
349 961
417 366
36 906
330 416
359 181
993 197
217 124
360 232
969 523
868 265
230 913
8 135
580 159
543 548
747 672
646 852
498 124
852 792
502 616
395 522
969 77
909 799
418 238
369 935
383 906
421 882
72 691
701 53
25 624
348 552
457 717
120 391
546 440
775 293
818 902
284 986
179 89
193 146
37 564
987 893
87 893
557 214
189 46
561 335
611 322
551 895
512 483
612 327
362 176
359 670
33 770
274 675
305 506
16 788
929 34
423 321
347 341
6 684
610 554
147 236
976 367
691 658
216 163
461 104
687 144
791 732
920 455
673 147
585 461
792 846
214 788
239 341
209 313
607 195
433 417
800 451
156 493
284 4
272 449
727 660
494 870
573 335
891 989
925 333
37 952
984 770
909 214
926 742
102 187
328 566
600 935
285 953
805 591
213 568
498 732
315 904
436 541
34 219
886 111
714 826
541 269
302 805
202 241
68 509
134 385
905 501
887 266
536 286
914 925
374 197
182 205
965 288
828 314
767 438
300 458
548 463
164 996
996 438
523 980
461 947
834 199
637 0
671 585
814 569
90 600
987 347
334 887
638 881
143 78
890 125
145 621
840 218
263 93
830 313
742 941
784 916
400 179
697 454
647 228
44 939
727 240
210 676
446 255
608 8
411 817
695 200
762 958
866 395
508 945
963 714
493 180
851 697
453 780
321 537
600 762
610 292
369 529
135 673
822 188
569 47
64 287
124 151
735 326
168 115
303 389
626 657
519 437
405 849
427 49
75 908
230 771
681 479
134 838
615 659
257 867
698 149
841 631
682 677
940 344
337 388
237 323
78 291
393 936
494 922
153 988
308 962
829 498
68 332
741 812
7 68
622 792
639 371
599 601
87 44
871 285
626 607
170 53
218 487
804 157
609 784
900 495
113 94
406 630
440 399
563 63
903 183
519 348
162 504
165 900
546 325
467 148
440 228
276 594
887 359
676 300
960 454
677 39
817 61
304 783
659 425
343 420
787 980
700 736
38 783
562 860
786 742
191 978
734 700
769 941
127 680
889 370
178 926
146 37
738 369
458 124
772 171
321 365
312 567
926 8
389 340
256 748
160 390
41 881
903 192
174 782
498 393
167 793
380 857
412 27
983 433
970 216
765 239
146 891
99 794
888 81
468 910
322 512
759 627
91 412
817 902
124 554
211 190
916 210
896 123
709 518
118 341
335 974
788 426
590 6
376 356
867 24
741 236
951 714
927 395
527 508
827 758
119 741
814 216
763 325
204 165
855 836
386 807
100 494
260 309
134 268
325 483
251 865
128 759
619 621
119 952
416 759
784 373
804 51
735 147
997 31
963 17
933 839
526 218
17 86
108 429
391 668
708 556
41 851
175 264
808 494
308 944
947 320
88 432
812 255
985 819
678 430
517 529
466 534
469 830
454 146
418 788
710 190
445 626
673 381
350 214
137 388
837 364
900 632
495 476
757 104
727 130
789 701
150 13
952 807
402 879
459 785
739 292
307 291
250 987
213 11
690 60
149 975
550 545
37 17
82 305
851 188
31 945
266 842
780 212
949 867
723 630
694 576
704 536
553 844
45 330
379 278
111 721
379 500
717 802
196 303
598 83
8 361
919 120
964 794
167 513
183 462
440 537
863 185
620 552
280 527
253 875
161 801
602 964
867 643
769 664
298 209
272 714
566 552
668 747
229 83
992 216
513 719
211 531
412 857
693 267
576 744
246 826
701 237
177 574
342 766
19 709
340 61
450 391
363 877
965 50
941 350
809 169
929 872
560 540
81 701
40 165
757 520
811 836
739 30
15 613
820 871
316 931
370 657
266 727
899 215
652 523
427 170
209 679
98 990
960 552
885 202
332 116
335 315
982 492
987 638
695 554
204 13
200 482
132 932
545 952
803 937
599 673
730 277
333 113
765 120
665 378
251 652
131 352
202 372
425 679
709 372
197 963
299 380
63 66
436 605
813 345
695 789
52 739
670 932
998 396
598 822
263 199
886 485
758 209
922 197
966 104
87 918
492 915
620 757
390 109
547 358
849 327
809 576
793 402
589 419
507 768
31 118
370 54
580 126
495 489
895 564
894 233
632 278
581 933
708 357
316 206
587 775
126 165
795 840
857 629
787 276
272 425
292 742
203 568
646 317
842 405
772 979
295 708
255 925
837 827
341 26
65 876
131 632
171 214
475 560
271 273
377 604
255 138
530 284
880 456
208 473
94 371
397 195
460 191
308 921
190 235
747 773
886 722
453 827
551 896
371 174
100 442
604 595
554 863
981 126
151 522
540 46
672 147
715 996
91 508
968 372
380 489
472 155
853 84
76 404
965 5
731 40
278 548
602 851
417 199
169 610
317 676
966 55
476 458
352 629
677 549
226 689
67 994
64 367
719 946
768 997
687 620
29 48
725 163
759 714
177 455
872 297
840 496
315 353
477 528
709 393
13 224
788 161
339 90
758 909
495 448
666 927
624 619
218 718
86 657
664 275
821 633
716 266
787 0
883 485
949 284
931 390
755 623
721 646
374 643
705 134
697 602
541 254
849 371
542 53
785 280
152 715
195 43
56 906
497 399
228 141
324 544
737 777
961 904
845 363
465 476
527 684
855 921
487 463
351 292
166 298
490 868
829 98
961 380
157 4
774 614
636 141
298 47
987 350
425 706
818 873
595 310
640 375
625 827
854 883
153 965
979 469
17 72
204 489
494 160
19 523
216 766
939 899
37 380
445 570
581 625
888 436
865 110
339 486
138 661
358 325
536 907
327 150
323 853
975 468
383 40
878 912
58 667
491 137
516 722
254 606
971 259
53 247
689 852
84 586
587 506
685 310
126 43
472 418
905 711
279 633
317 901
458 64
356 93
647 726
946 466
13 871
412 273
572 545
907 315
645 70
975 750
400 182
745 607
359 205
712 616
611 81
160 920
283 968
367 230
350 543
313 375
808 245
400 954
629 785
40 601
834 104
969 220
658 746
19 21
196 104
997 476
111 605
503 907
374 501
716 267
719 22
137 577
139 900
531 949
887 859
833 321
232 609
58 445
40 264
395 721
981 867
822 61
943 961
327 852
37 797
357 110
401 383
296 316
258 289
606 654
968 311
989 141
843 615
6 755
250 690
438 277
635 72
535 805
118 734
633 452
32 61
98 675
940 612
622 14
361 325
156 314
79 721
861 652
883 964
459 708
325 563
477 760
774 986
101 468
166 3
732 806
703 404
110 778
802 677
620 254
496 142
874 466
381 92
183 467
515 488
626 148
226 491
133 654
347 493
146 336
703 313
95 426
885 540
214 440
516 525
353 769
99 695
215 173
427 271
656 74
937 897
950 873
234 99
147 6
230 902
58 8
198 464
873 741
851 260
889 690
228 874
307 600
729 486
390 533
141 111
641 97
366 838
506 233
395 454
525 300
461 767
310 21
966 920
829 432
489 486
752 696
733 331
693 966
302 570
372 364
776 816
875 181
382 376
330 39
265 501
955 466
459 45
856 449
106 173
332 565
645 928
56 337
66 937
404 58
341 56
140 970
10 955
194 329
781 243
153 262
960 830
590 878
663 337
721 54
628 65
176 217
823 160
558 333
980 446
178 233
579 603
267 724
55 505
64 828
650 68
516 114
593 153
262 481
653 203
230 376
130 346
908 391
81 787
415 344
255 891
150 94
334 601
529 146
879 70
153 196
136 381
16 91
182 915
902 511
796 563
572 848
471 164
863 600
613 732
734 731
681 274
31 398
193 359
884 962
752 555
460 290
390 913
50 925
624 779
431 342
200 880
778 317
724 640
757 477
19 762
222 215
660 242
743 215
531 914
476 73
775 160
181 903
355 791
330 378
843 99
130 138
551 132
340 231
590 135
295 698
298 247
2 696
515 520
611 603
109 624
602 856
770 275
564 814
788 396
233 700
895 310
305 863
475 933
769 721
546 460
494 786
748 174
98 267
278 239
441 602
864 785
218 834
367 18
605 377
176 451
270 620
554 738
369 829
123 474
215 968
515 224
975 761
563 738
136 636
49 504
93 922
120 981
368 933
318 789
895 83
795 80
575 187
120 134
573 822
959 400
176 4
918 64
964 13
456 734
256 308
101 791
47 736
622 974
812 626
112 229
107 965
779 760
969 868
174 181
865 181
663 395
940 773
491 848
57 978
361 354
187 823
406 60
965 257
203 143
910 754
10 390
153 896
894 610
604 870
70 294
524 545
690 470
765 960
164 364
840 855
219 334
526 320
651 971
983 768
376 241
198 765
986 365
539 584
129 600
588 62
654 204
358 910
889 165
308 405
542 235
0 976
339 680
954 14
166 814
677 624
15 23
746 836
652 484
52 181
567 904
438 514
169 394
508 51
781 256
249 572
587 988
368 873
373 586
251 868
279 267
811 118
596 710
690 768
121 285
883 27
719 905
165 221
858 959
120 580
957 442
154 404
792 660
947 304
447 123
692 408
312 484
513 515
716 131
121 184
47 893
166 787
151 73
253 714
492 912
513 484
868 898
976 272
29 746
360 272
922 893
12 91
311 554
233 545
4 385
294 833
229 868
672 487
593 105
924 938
851 609
310 565
112 900
577 719
544 365
383 65
25 62
466 209
483 381
246 365
984 843
750 664
527 845
536 54
319 631
813 332
303 651
113 799
950 414
345 420
679 817
877 17
816 50
60 66
763 260
686 160
939 1
515 574
430 696
655 72
256 433
538 701
709 733
335 234
387 257
30 337
275 727
28 624
531 24
337 293
116 755
573 399
973 618
537 23
15 397
734 335
666 448
538 223
567 670
985 80
620 498
37 601
925 764
965 319
489 597
893 175
634 76
915 535
450 85
748 272
168 234
605 183
474 733
724 919
84 639
798 404
495 875
23 976
706 777
775 961
398 968
328 102
518 840
909 219
991 793
179 720
266 280
755 937
795 985
422 362
302 753
711 399
72 517
553 381
786 592
981 515
11 682
292 557
491 942
650 983
120 213
625 26
600 587
97 953
713 566
501 29
891 39
302 7
822 131
97 416
66 147
209 413
714 119
852 476
930 268
597 116
995 474
98 390
615 26
824 833
908 839
642 506
655 264
115 649
774 658
305 482
982 397
107 130
272 701
796 311
572 795
759 584
852 675
96 896
458 575
783 203
756 180
761 65
242 616
236 810
1 28
131 267
986 494
423 575
592 440
352 184
833 250
609 765
507 238
563 625
608 725
937 990
619 601
108 985
925 832
166 883
322 447
308 414
481 523
739 942
429 859
178 256
842 884
5 32
738 749
861 376
809 281
969 656
531 740
828 156
278 619
669 888
869 962
963 546
201 514
873 104
433 836
237 632
526 575
612 460
815 559
825 377
536 264
802 581
913 357
965 713
933 68
486 371
430 456
440 731
638 425
687 782
763 648
824 678
641 36
864 71
246 732
565 25
76 532
316 537
385 525
571 387
483 492
714 93
630 250
42 69
472 326
293 743
880 353
778 170
264 933
279 261
365 919
424 241
171 730
816 846
597 976
379 836
376 642
24 125
821 435
264 424
75 435
913 591
788 529
117 168
171 17
448 704
526 944
450 99
457 384
0 293
45 951
990 784
43 825
451 143
181 831
148 669
305 78
79 169
715 946
993 301
302 898
358 494
751 29
697 15
290 677
986 688
408 823
322 226
635 854
390 505
54 294
571 201
856 202
925 89
650 177
127 193
858 797
682 412
653 379
984 171
6 382
87 779
255 62
205 650
95 774
50 32
976 412
654 622
528 502
433 302
230 349
744 402
498 702
646 482
881 527
273 438
11 470
398 593
827 179
597 378
556 301
472 700
793 551
315 138
351 213
111 68
428 131
401 75
79 593
583 64
426 0
920 72
657 740
560 612
980 220
63 738
681 220
113 974
178 3
452 113
375 444
591 71
71 599
3 168
364 211
478 226
974 629
597 676
614 526
706 430
850 445
144 365
582 199
315 952
216 753
664 724
763 127
625 720
873 612
111 760
798 295
478 799
445 273
952 770
721 77
285 917
156 478
589 2
199 716
541 571
699 746
443 357
848 9
775 649
964 585
576 38
662 381
810 51
720 39
149 630
112 62
776 725
534 461
834 877
893 810
534 380
197 66
765 690
381 525
460 763
866 496
862 58
843 560
430 645
876 640
83 89
866 498
157 68
284 213
970 785
738 983
110 285
58 382
477 244
739 296
596 277
648 54
746 649
367 388
296 588
708 409
772 401
172 200
273 933
774 553
828 346
662 839
225 40
819 113
770 737
959 346
433 670
67 539
738 298
534 170
702 24
145 864
858 442
371 947
241 360
40 959
253 903
601 973
840 111
664 46
346 233
556 762
362 829
484 934
422 482
83 469
425 286
252 977
481 832
180 759
349 103
525 606
521 280
244 287
131 655
312 395
631 69
432 469
515 662
331 590
50 603
720 115
802 972
115 501
783 517
826 848
660 66
971 393
665 48
1 453
490 888
827 253
325 78
885 676
286 187
985 382
19 477
83 232
990 338
528 19
766 31
424 23
772 933
935 946
436 281
916 980
939 56
547 641
149 114
583 287
415 813
975 237
625 826
892 117
132 558
276 911
507 258
265 974
276 775
129 160
759 479
173 577
702 394
725 749
136 221
241 693
576 944
372 38
642 464
528 357
438 85
686 222
170 797
463 404
699 16
668 651
694 763
832 977
202 468
55 702
806 439
693 107
69 331
464 648
149 10
302 556
685 766
694 516
125 662
23 786
837 397
339 133
423 939
955 620
162 581
751 8
865 818
384 502
972 238
59 747
642 191
816 833
601 627
624 801
881 375
178 516
404 809
95 336
990 582
484 597
697 946
993 70
593 702
587 198
687 196
963 741
518 993
352 30
658 678
110 145
747 626
573 518
511 782
753 507
966 616
88 384
394 117
797 575
991 16
568 587
40 18
904 68
800 144
214 220
901 114
120 600
77 624
496 404
317 506
917 797
600 15
291 569
709 811
116 390
221 682
377 182
978 641
730 769
961 328
934 54
399 788
296 906
44 573
373 931
773 608
821 357
362 933
84 347
776 429
190 911
822 821
617 996
58 262
54 427
41 922
614 782
275 413
431 529
206 628
503 856
837 262
817 639
333 682
378 1
812 668
502 277
589 88
504 318
816 319
173 830
56 619
235 351
133 71
61 462
437 375
75 429
929 981
955 684
578 526
303 991
500 789
999 149
815 952
867 172
74 702
314 721
972 376
333 828
867 191
11 519
331 516
981 146
30 191
901 141
724 458
232 183
641 270
281 260
107 455
239 17
152 622
62 444
308 754
95 565
857 534
418 747
6 991
833 852
42 237
278 525
817 117
314 872
928 680
159 809
692 379
569 64
378 148
164 546
121 464
864 1
507 90
516 209
406 596
599 388
475 831
389 122
477 318
909 22
497 265
498 264
125 432
587 348
750 348
439 157
802 263
805 848
685 246
840 786
404 894
196 206
917 201
673 173
919 354
971 611
530 803
646 409
617 262
498 627
594 553
777 764
710 414
519 994
753 848
864 847
96 655
704 34
391 578
339 875
317 278
485 570
601 197
689 863
936 584
429 418
36 248
635 131
414 392
790 307
119 645
563 149
669 629
961 675
540 569
976 124
204 706
555 479
485 350
104 421
116 431
784 551
281 32
110 773
404 321
452 647
495 989
824 51
826 453
759 873
533 217
345 440
913 520
824 671
812 717
15 372
76 190
525 372
758 350
752 189
560 93
575 179
191 613
525 577
26 481
595 103
699 636
236 969
427 39
743 219
892 151
256 955
856 282
885 985
975 432
12 329
863 251
130 417
416 507
165 436
22 595
606 522
984 94
832 647
179 974
253 962
96 492
350 963
71 156
177 485
326 598
357 587
673 480
981 182
853 30
842 193
516 22
445 730
349 359
364 802
651 81
759 84
861 537
193 712
857 419
770 949
840 646
500 381
190 592
476 901
708 146
121 273
37 838
691 488
683 794
824 858
295 653
234 191
337 141
142 277
663 536
893 311
379 217
144 246
534 130
233 562
493 665
120 513
314 21
564 521
495 674
343 89
20 753
567 474
465 345
603 441
778 88
502 454
882 929
413 314
213 526
681 36
124 152
87 580
260 662
801 233
635 802
658 990
746 847
79 511
356 783
173 530
640 579
296 355
806 750
999 222
24 961
627 719
217 645
465 233
92 385
929 149
470 850
652 779
18 235
961 438
805 345
608 841
494 535
526 36
641 796
224 205
767 741
645 428
66 371
765 297
519 318
424 905
44 530
51 264
409 63
505 288
420 75
302 162
149 3
599 578
828 587
617 958
228 426
365 199
324 590
911 439
993 528
573 140
546 137
52 296
736 34
44 753
559 696
987 698
526 513
249 29
728 595
150 148
507 608
728 394
400 276
314 900
550 751
988 365
126 469
836 802
580 773
191 374
990 23
718 20
31 76
458 440
684 4
54 457
206 651
466 120
528 663
686 178
263 632
299 213
822 655
644 3
749 456
375 873
890 490
44 391
449 280
113 821
111 633
431 950
835 671
783 363
971 176
706 293
403 730
668 343
806 689
620 18
49 846
284 214
782 757
259 560
844 521
972 734
358 497
328 565
310 466
190 289
96 100
807 286
967 776
394 328
301 952
540 722
83 52
652 729
628 981
459 948
569 948
824 492
300 916
277 67
139 952
512 827
385 944
937 707
373 399
7 767
644 836
435 906
500 319
838 647
745 302
27 423
785 549
347 837
117 385
148 86
878 323
151 649
101 59
707 844
225 669
621 513
422 8
199 106
168 791
195 404
872 794
599 955
682 15
462 586
444 399
352 146
307 879
897 778
35 693
382 270
467 819
558 881
715 343
839 882
285 328
384 82
495 914
45 255
688 646
11 432
736 415
857 506
458 663
697 18
439 93
839 35
113 111
216 610
693 889
384 715
96 108
321 990
84 990
712 418
178 527
579 574
632 165
362 979
820 501
199 108
76 979
67 947
480 654
33 226
910 987
641 468
27 107
678 887
278 452
273 834
629 441
912 860
391 727
733 48
37 976
304 949
594 153
388 842
276 861
445 461
37 393
555 884
682 526
64 756
562 419
894 160
733 370
542 746
815 146
440 102
194 990
176 657
197 43
970 473
308 105
76 148
691 33
706 605
274 477
714 642
376 771
917 537
689 985
941 603
798 197
310 591
975 855
375 97
496 762
30 968
650 76
460 915
941 9
714 57
490 12
264 286
223 446
709 416
254 756
428 345
53 44
831 363
772 984
195 180
920 719
263 666
58 529
313 317
972 110
433 575
816 957
349 125
483 474
523 851
566 0
211 359
321 386
506 85
338 597
617 483
356 748
653 283
540 522
734 133
771 34
740 628
509 36
633 53
150 868
618 474
992 528
91 974
372 6
630 572
308 216
902 321
765 309
264 55
59 569
424 492
19 843
347 74
208 861
482 79
927 407
864 618
552 655
14 686
329 354
945 121
822 152
388 589
760 57
394 371
541 853
139 377
881 328
434 270
21 979
751 284
830 429
452 580
631 254
437 93
307 702
554 182
478 992
188 671
546 106
213 763
964 112
851 62
793 898
803 173
431 611
818 798
357 711
865 770
498 876
94 736
1 131
968 369
7 925
662 610
534 773
629 848
61 476
62 36
850 157
553 377
9 404
406 212
977 409
376 910
280 397
63 694
374 582
568 60
132 846
224 185
909 385
798 282
420 374
939 889
273 314
199 95
738 490
834 17
391 424
505 646
526 739
423 170
605 781
596 914
33 688
18 302
797 632
369 654
452 648
204 651
73 844
869 816
881 688
316 909
406 532
825 774
349 4
851 148
900 168
160 551
304 981
924 64
789 877
356 124
584 666
780 864
18 758
21 30
730 585
272 206
576 460
993 261
866 223
981 876
105 798
129 765
480 955
889 438
302 982
633 602
171 528
212 652
201 443
229 46
593 336
946 612
112 65
163 804
411 975
690 333
527 293
628 460
953 450
875 74
122 623
979 53
387 271
508 989
822 337
13 567
669 229
559 155
962 937
491 634
745 689
723 362
145 409
988 811
288 471
164 962
157 727
340 975
883 863
591 442
518 199
889 32
313 356
695 716
611 697
790 434
937 503
832 150
766 204
502 628
603 246
166 624
687 723
595 493
215 772
968 580
549 170
539 257
255 886
383 911
95 621
82 27
850 205
31 791
183 92
354 907
502 875
371 150
743 996
911 282
874 398
361 160
824 684
650 629
598 241
950 599
341 381
291 224
686 929
585 945
809 849
633 636
289 222
163 148
111 298
502 422
749 866
405 51
428 433
19 140
124 474
734 838
293 678
874 176
670 70
185 534
591 718
629 983
483 487
502 948
627 938
541 392
627 255
987 813
512 307
788 493
177 10
199 133
949 807
376 228
428 716
553 409
888 388
156 312
198 46
237 474
514 106
546 322
908 664
366 482
507 471
90 121
264 965
881 433
736 903
815 64
718 521
181 789
612 494
130 151
39 75
18 550
96 124
232 411
596 376
181 649
128 754
56 896
140 707
97 285
811 823
804 836
449 851
469 203
98 937
591 225
48 848
113 355
127 142
731 93
685 216
242 270
58 878
340 326
806 728
460 344
101 878
611 135
999 761
406 863
350 746
714 11
343 20
131 903
118 365
677 982
502 805
904 379
320 333
149 514
701 51
617 739
801 903
807 270
831 204
929 776
55 327
466 18
25 456
874 117
735 760
704 967
920 305
607 996
860 292
593 204
486 896
550 973
769 853
200 907
267 978
829 731
281 792
135 503
766 718
937 351
365 451
615 89
503 684
575 84
285 490
246 763
132 665
988 410
884 951
787 87
305 624
489 686
77 487
313 782
490 817
257 764
995 921
569 249
487 345
907 735
409 68
631 586
390 778
568 822
957 967
604 569
27 405
828 457
0 962
666 766
22 526
848 953
890 37
577 827
113 132
246 43
14 515
244 280
460 31
292 521
65 433
117 262
673 292
51 233
865 657
546 14
931 10
362 369
431 755
717 79
735 893
613 164
433 270
501 186
906 464
998 498
957 585
428 910
830 622
389 724
873 491
576 685
521 824
621 527
387 630
870 56
125 660
306 856
300 203
289 721
963 426
850 631
662 908
440 37
151 367
774 493
249 202
851 977
461 231
940 121
239 67
546 973
17 959
561 516
700 357
769 432
554 137
210 613
60 272
515 693
212 291
582 359
745 337
913 619
569 182
752 73
899 734
847 402
222 865
704 66
751 455
219 394
662 349
253 956
487 233
142 362
425 766
60 78
753 738
802 527
354 335
771 544
862 105
696 890
364 988
412 137
550 15
834 242
303 980
359 64
602 120
612 549
369 588
735 677
316 266
615 371
180 752
32 314
320 550
835 775
406 810
471 25
232 886
501 495
531 680
718 203
151 365
825 517
404 324
738 959
377 578
652 927
116 928
886 611
608 376
173 333
389 507
918 668
915 690
128 768
89 241
821 274
632 222
776 288
909 427
179 110
247 499
74 695
289 77
479 693
733 897
254 671
322 648
667 571
755 784
253 241
157 583
435 440
756 232
737 397
717 355
845 626
970 397
183 660
180 871
309 392
285 971
574 454
724 382
512 219
672 449
69 188
127 22
657 165
542 702
757 576
418 645
311 717
646 764
465 568
822 224
988 60
894 480
789 876
665 291
397 299
984 354
174 678
719 582
320 156
170 971
777 66
89 408
430 861
298 478
145 975
796 204
632 982
527 84
886 502
110 17
159 300
668 823
188 574
645 986
860 981
106 769
534 110
750 283
669 432
311 808
71 202
7 713
57 290
114 244
667 214
748 805
639 244
880 930
692 831
114 132
57 166
803 131
670 61
798 950
672 507
766 270
838 240
81 401
194 359
714 480
958 761
689 950
335 20
883 12
138 736
512 959
81 761
50 420
654 239
111 618
496 119
284 695
587 24
522 714
327 354
981 193
950 307
907 835
837 546
46 557
712 640
336 195
263 911
492 397
942 965
99 605
391 262
870 333
812 552
711 850
253 136
127 399
662 964
854 54
286 687
508 341
349 455
371 450
650 591
11 383
410 145
380 801
594 855
560 526
304 375
607 509
448 754
765 977
814 552
187 13
788 74
946 430
94 48
791 332
819 427
850 176
175 582
347 845
456 567
2 732
222 535
760 179
245 45
670 192
550 430
924 583
881 800
574 745
212 385
12 186
660 510
120 335
532 351
170 207
847 183
16 210
806 464
669 29
381 594
121 509
315 699
924 770
848 705
552 870
162 325
996 502
594 937
340 497
977 856
127 870
830 192
292 729
702 624
107 977
391 244
953 949
992 656
866 869
326 136
849 713
850 958
893 63
358 781
587 939
521 102
725 33
574 958
318 108
114 502
730 833
557 631
692 66
457 158
841 324
321 68
136 277
991 626
898 532
485 773
94 369
138 398
555 245
989 354
833 40
746 635
75 731
84 948
244 991
974 266
497 318
289 769
492 237
79 58
973 206
111 392
854 594
177 699
983 551
680 404
871 217
761 696
839 848
955 188
921 24
650 702
56 802
212 43
528 260
164 561
254 699
791 382
521 663
920 576
699 683
429 157
433 579
722 326
540 651
581 929
498 997
886 989
566 698
465 821
405 451
468 238
828 541
904 421
149 956
162 138
818 268
321 921
402 417
95 442
579 173
162 617
627 95
299 78
850 251
233 481
739 691
110 732
148 227
445 441
513 37
659 286
274 774
358 765
503 900
360 212
769 416
864 471
35 81
607 782
964 586
266 47
153 90
693 320
701 155
773 979
90 346
850 114
619 982
589 195
542 906
108 34
935 147
949 248
579 543
497 22
106 382
452 10
913 753
844 717
500 957
188 761
281 321
610 904
650 545
58 671
762 536
337 80
528 505
725 637
15 247
177 234
118 446
174 991
18 139
222 47
319 148
32 532
75 572
753 717
383 544
848 892
124 563
46 796
250 694
191 688
252 13
471 957
69 52
710 832
441 290
853 880
147 20
906 729
591 948
281 728
860 466
599 484
171 726
315 679
706 635
472 474
271 121
343 938
788 378
126 851
56 641
8 939
587 172
244 445
199 612
241 665
112 303
764 152
809 518
431 176
122 589
217 408
331 874
812 630
89 40
889 961
567 912
511 921
804 968
345 618
700 355
133 211
145 740
855 687
126 467
177 621
168 767
995 773
823 387
213 980
10 234
696 176
166 536
870 734
786 194
669 507
136 223
76 88
815 237
824 516
574 840
297 874
164 496
528 785
764 753
734 528
626 701
340 945
215 960
894 67
870 863
111 784
499 348
161 523
279 547
781 712
935 772
767 787
198 483
291 880
138 722
966 974
163 766
929 126
336 210
11 787
976 298
927 780
72 808
672 378
567 532
789 175
986 636
920 821
815 93
365 292
325 414
671 425
554 406
939 51
287 201
159 278
735 538
844 730
378 383
635 211
372 52
799 465
117 980
606 377
799 156
678 396
297 414
231 22
188 269
465 714
962 94
556 249
976 983
896 189
675 750
520 155
256 186
956 502
487 150
283 177
192 180
126 91
904 793
703 870
880 102
372 80
662 106
165 246
49 785
749 483
171 693
78 54
958 713
952 455
14 423
625 767
304 25
6 757
565 456
555 367
383 431
900 358
862 454
605 693
744 598
534 875
622 247
587 58
424 349
730 85
58 681
476 43
798 711
64 339
712 742
227 437
994 32
906 527
199 96
240 610
583 348
358 83
806 219
665 495
179 455
984 228
871 429
379 18
276 681
139 476
220 471
529 806
164 98
973 416
303 194
558 927
623 470
223 61
273 677
54 62
654 89
984 449
762 73
0 738
272 752
860 808
935 78
15 889
191 890
554 812
343 910
385 460
832 769
955 233
703 820
958 848
897 676
664 603
577 712
335 588
389 759
512 909
113 331
931 51
875 355
626 442
685 898
697 228
283 37
63 374
975 448
552 495
379 614
317 318
607 551
313 661
227 98
977 294
834 875
330 533
227 795
536 573
714 819
118 322
655 476
525 252
53 734
726 734
912 516
179 849
641 217
250 773
607 329
755 954
202 869
618 624
350 852
657 229
647 499
379 976
343 255
851 167
798 698
550 68
430 361
66 932
148 181
858 298
302 763
301 793
574 996
942 210
780 569
738 89
939 385
831 68
590 285
29 770
709 611
596 426
886 188
481 310
892 601
234 213
991 645
92 349
850 162
483 877
829 975
712 716
156 116
331 964
135 650
3 793
878 453
302 665
909 382
999 917
816 10
381 207
223 621
266 553
439 225
255 159
388 717
531 349
212 95
254 728
296 802
918 331
906 886
694 118
932 437
619 998
163 637
372 726
920 196
4 543
215 182
460 745
995 729
956 830
617 180
177 514
542 712
269 338
775 887
789 555
835 8
160 883
163 296
840 436
626 281
145 151
818 910
521 639
433 320
276 635
64 616
738 416
976 815
76 505
544 210
221 107
589 869
292 896
851 151
421 461
213 235
729 189
380 384
864 845
511 717
432 145
550 303
701 169
294 688
534 743
48 705
728 214
514 821
806 848
857 415
264 566
835 567
507 732
735 962
21 920
74 626
740 877
977 891
619 846
88 339
34 404
617 487
109 666
877 490
814 20
751 973
799 955
784 48
997 453
902 110
833 906
160 211
169 529
510 484
134 658
173 371
463 774
609 887
399 606
319 945
735 101
929 467
684 30
410 921
917 838
635 563
552 486
41 117
903 803
559 16
480 565
583 958
133 319
744 79
761 946
418 437
114 308
370 495
619 852
422 578
809 72
354 317
516 424
901 395
752 343
494 123
570 742
657 646
997 893
630 273
732 367
826 151
65 308
345 615
696 135
508 730
75 469
178 823
48 941
683 485
707 898
975 27
710 253
380 890
199 631
36 870
850 81
248 204
623 288
507 110
352 452
458 5
914 41
518 576
950 255
360 596
263 766
517 22
572 269
225 305
207 459
143 232
593 195
22 539
879 216
122 998
91 848
498 169
152 731
710 309
529 960
511 80
806 892
421 733
763 707
116 639
103 28
270 647
932 730
54 824
335 383
643 230
571 720
802 691
844 946
900 689
364 382
172 687
606 535
285 449
205 648
102 861
660 414
559 508
418 376
300 740
305 375
9 660
182 185
41 439
677 98
798 666
475 285
900 308
955 291
513 857
911 337
921 789
880 953
592 754
802 761
996 511
453 981
10 272
562 418
770 439
383 265
442 637
134 115
757 466
634 207
824 600
937 413
1 198
425 119
952 950
576 82
902 386
629 978
929 234
890 393
297 787
176 795
806 943
505 846
397 329
461 632
515 53
761 725
696 685
411 382
356 27
674 190
271 734
827 407
84 516
730 977
131 666
979 366
42 523
379 779
914 194
734 419
342 418
26 334
456 848
786 66
48 273
430 784
27 569
730 991
349 102
509 872
804 268
821 888
227 857
925 820
616 216
308 17
616 409
36 653
896 607
528 434
331 545
625 346
155 827
536 119
96 945
222 137
183 82
13 462
938 393
466 824
615 711
760 572
12 952
923 286
850 70
776 129
743 10
870 398
679 835
902 524
53 164
363 720
405 9
724 529
269 608
368 583
178 532
758 984
7 766
855 135
111 349
431 492
158 442
577 417
136 961
850 753
256 865
365 871
630 987
107 674
378 711
342 691
309 677
238 567
863 872
663 182
551 997
867 8
739 35
540 208
515 375
449 528
614 944
262 97
121 364
576 210
865 873
699 713
718 266
980 445
65 686
519 746
186 197
702 778
775 1
355 240
141 582
308 162
852 176
716 434
677 143
644 509
231 53
489 412
847 45
883 637
418 983
419 631
776 788
463 737
95 653
899 741
944 347
107 644
399 764
433 717
949 618
13 702
885 720
855 177
883 941
542 128
416 737
274 408
195 546
910 845
245 318
711 828
374 608
509 741
807 329
698 261
252 452
760 483
129 850
270 873
15 584
663 451
15 384
989 677
681 113
67 35
679 620
743 27
450 231
794 273
181 93
262 174
913 895
691 824
340 805
916 287
581 827
398 790
251 312
60 885
899 743
122 261
471 495
958 259
966 576
533 68
248 962
328 52
166 718
471 671
137 657
876 784
201 724
289 706
937 837
61 796
395 819
766 187
939 190
810 689
994 837
388 985
641 926
90 2
117 960
524 765
531 83
386 833
906 594
477 258
755 155
212 58
470 99
125 869
118 474
276 97
579 851
849 109
927 11
424 151
578 471
756 106
824 50
365 9
494 113
526 727
816 133
837 319
659 654
605 428
426 202
772 532
741 15
914 465
348 113
306 582
534 786
93 564
679 486
883 204
942 947
998 934
461 294
539 825
51 135
534 392
209 720
679 342
89 389
912 844
722 247
801 7
371 919
747 153
422 560
265 613
400 324
319 36
709 849
334 869
681 679
522 25
946 531
87 804
500 757
292 664
668 771
662 45
207 765
208 189
333 756
552 663
355 819
772 303
7 450
775 647
92 838
624 626
726 713
888 174
698 153
29 287
361 374
649 702
794 177
416 821
410 566
323 732
324 37
641 261
693 963
165 8
531 518
578 829
859 597
187 569
344 792
772 212
107 638
970 492
487 455
873 920
647 429
13 453
958 384
2 100
539 503
408 160
492 659
790 619
240 379
49 385
648 163
311 640
250 863
241 978
861 483
909 805
644 401
115 481
43 1
750 694
11 705
361 546
514 103
850 836
346 1
337 921
674 490
500 498
313 266
201 306
958 523
175 24
749 653
761 594
208 337
357 750
838 609
407 146
176 746
453 477
179 299
656 184
292 113
180 144
245 260
273 717
712 26
133 472
422 794
377 220
720 446
261 680
185 76
146 198
144 772
334 625
605 430
849 587
370 803
981 765
528 437
922 629
141 515
962 461
865 344
870 796
54 435
665 904
848 445
357 903
959 813
178 20
596 838
909 873
781 16
961 609
607 112
526 123
697 124
384 77
790 250
961 11
30 102
210 602
761 639
719 259
999 931
551 250
289 752
317 777
236 961
995 405
216 936
139 266
19 517
237 227
424 570
668 472
968 863
544 369
518 664
650 807
747 819
882 598
262 865
684 485
659 203
546 898
705 916
154 78
535 607
615 662
669 325
883 297
977 100
938 501
60 602
286 340
769 876
932 105
305 106
188 584
885 268
442 969
723 275
511 208
851 919
358 954
540 424
672 149
648 371
238 691
700 84
164 390
593 82
393 201
287 863
899 439
896 726
132 105
591 305
658 507
565 79
759 386
667 153
383 188
373 944
685 403
142 607
296 6
26 775
533 854
534 603
121 650
963 846
53 830
578 586
76 188
120 205
922 456
516 720
225 571
506 326
60 470
76 382
218 719
440 773
313 65
648 874
347 748
130 715
667 89
778 974
280 519
60 344
850 121
211 702
476 831
230 138
977 769
449 284
817 998
626 591
462 636
295 780
417 595
253 141
871 859
267 26
629 129
894 896
437 2
124 577
762 890
740 196
127 26
497 79
520 645
424 278
880 491
885 908
877 44
154 144
581 755
855 612
786 609
519 857
809 34
975 106
589 17
807 260
904 547
473 944
856 482
23 303
561 35
838 113
299 385
89 674
122 278
112 424
826 672
413 559
129 25
727 89
866 697
37 883
463 194
595 377
135 297
327 134
4 206
320 425
774 188
83 32
318 206
168 895
122 313
274 270
986 946
669 721
639 281
487 141
317 496
132 258
724 578
543 643
882 518
827 638
612 398
16 3
665 834
982 446
227 217
117 367
583 676
2 22
920 30
88 282
979 176
269 797
182 39
331 227
135 917
892 731
217 534
227 410
643 394
247 138
829 349
396 76
205 327
672 183
181 584
847 626
984 38
606 9
666 80
687 3
700 205
240 491
505 849
726 510
149 422
681 385
468 642
861 517
915 637
914 776
273 822
223 142
169 944
132 561
208 683
194 788
798 803
446 985
576 386
321 961
594 217
25 861
501 546
47 20
722 435
345 168
961 860
433 833
71 668
587 10
116 688
705 836
405 414
345 170
221 86
337 683
640 506
554 153
452 594
268 590
861 348
382 349
650 817
865 486
278 642
796 296
52 805
614 476
188 196
970 860
110 86
611 827
279 337
923 177
546 1
791 137
230 310
473 994
472 959
44 506
367 378
503 842
700 545
141 963
53 398
921 438
910 14
419 549
736 352
434 336
264 903
868 262
691 357
626 376
242 299
488 84
398 644
529 559
951 679
135 278
78 262
445 556
313 587
533 997
549 116
900 453
945 65
686 746
730 380
641 618
561 43
26 949
73 188
588 686
166 734
846 107
263 33
576 244
14 564
960 488
546 577
156 198
953 44
153 647
819 690
850 890
339 7
668 433
971 95
32 752
983 699
152 571
720 182
680 638
253 254
540 746
734 976
321 728
630 867
828 234
337 478
660 368
986 95
853 556
871 611
199 317
856 257
282 852
553 454
592 195
168 528
61 128
311 451
99 293
350 364
733 915
719 374
902 741
757 703
190 83
468 585
791 948
169 891
718 106
803 507
116 776
403 5
812 952
476 92
305 998
841 972
139 312
467 27
336 189
907 404
564 389
443 77
764 981
195 60
159 48
617 184
367 539
47 705
835 250
35 128
476 82
963 583
639 595
693 911
808 173
424 318
262 259
833 660
628 504
655 721
579 675
658 435
820 704
184 142
692 979
67 205
452 392
906 942
540 548
310 880
97 689
303 253
386 27
429 28
862 951
289 186
611 449
481 49
662 13
963 221
531 297
653 196
102 324
720 149
216 89
79 750
674 732
977 429
977 263
116 668
48 406
206 102
680 295
377 202
690 471
778 826
165 611
456 711
896 48
697 667
744 672
206 284
458 810
776 81
50 895
154 85
663 183
25 441
593 223
291 393
83 573
277 24
492 504
340 558
285 364
79 964
880 905
376 286
693 930
593 609
972 557
386 105
326 654
470 733
13 250
324 776
19 276
91 266
506 342
702 690
909 838
97 371
930 303
155 91
779 519
874 244
180 830
647 983
902 576
110 154
571 751
546 901
649 501
301 878
339 829
616 520
792 822
86 420
163 21
787 603
87 562
441 252
996 10
576 620
761 621
595 970
664 566
789 203
663 546
663 848
774 666
882 746
525 696
193 195
252 224
34 588
626 589
590 22
157 143
520 739
647 33
384 472
454 497
57 327
613 864
263 552
922 412
934 103
481 652
456 396
65 18
882 378
593 577
443 821
842 275
540 603
911 136
532 648
49 757
848 638
447 38
700 88
654 648
104 933
459 583
390 453
611 266
144 306
954 266
963 393
414 649
136 595
242 841
549 576
441 361
655 30
648 128
740 807
310 722
381 766
190 523
742 609
377 655
949 553
447 382
270 914
755 197
586 162
82 354
138 667
231 129
860 348
738 756
139 329
404 777
510 193
279 235
649 760
206 123
-1 -1 -1 -1 -1 -1 -1 29832 -1 -1 -1 -1 -1 26349 -1 -1 9765 -1 46960 -1 -1 -1 -1 -1 -1 35313 -1 -1 -1 9496 -1 -1 61470 -1 -1 6642 -1 -1 -1 -1 -1 62306 61423 -1 41964 56636 -1 -1 -1 -1 9060 -1 -1 -1 -1 -1 -1 -1 38538 -1 -1 -1 -1 -1 22255 -1 -1 -1 -1 -1 56629 56573 -1 19114 -1 -1 -1 -1 37650 -1 -1 -1 -1 -1 -1 -1 -1 10327 26243 -1 -1 -1 6979 -1 -1 -1 -1 -1 -1 17848 -1 -1 -1 -1 -1 -1 -1 -1 -1 -1 63310 1545 -1 -1 -1 -1 -1 -1 -1 -1 -1 -1 -1 -1 -1 -1 46225 -1 -1 -1 -1 47288 -1 -1 -1 5611 -1 30664 -1 -1 -1 -1 -1 -1 -1 -1 -1 -1 -1 10523 -1 -1 -1 52548 -1 -1 -1 -1 -1 -1 -1 -1 -1 -1 -1 -1 -1 -1 12128 -1 -1 -1 -1 -1 -1 -1 -1 -1 -1 -1 27582 -1 18855 -1 817 -1 6400 -1 -1 -1 -1 -1 29593 10366 -1 -1 30399 -1 33465 -1 -1 -1 -1 -1 -1 -1 -1 -1 -1 -1 28890 -1 20466 15809 -1 -1 -1 -1 -1 11411 -1 -1 -1 -1 -1 40857 -1 -1 39155 41678 38980 -1 34429 -1 -1 -1 -1 -1 -1 -1 -1 -1 -1 -1 -1 -1 3563 -1 -1 -1 10782 -1 -1 -1 -1 -1 -1 -1 -1 -1 -1 -1 -1 33868 3766 15963 -1 -1 7621 -1 -1 48044 -1 -1 40730 -1 -1 -1 2578 9120 22702 -1 -1 -1 -1 46294 34449 -1 47974 -1 -1 -1 -1 -1 17215 -1 -1 -1 60401 -1 -1 -1 -1 28504 -1 -1 -1 -1 -1 -1 -1 -1 3575 -1 -1 -1 -1 -1 -1 -1 -1 -1 -1 -1 -1 -1 -1 -1 -1 -1 -1 -1 -1 -1 -1 -1 -1 -1 -1 -1 -1 -1 -1 -1 -1 -1 -1 -1 -1 -1 -1 -1 -1 -1 1320 -1 -1 -1 59244 -1 53767 37101 -1 -1 -1 -1 -1 2755 -1 -1 51319 17069 62291 -1 -1 2096 -1 -1 -1 -1 43578 44859 -1 -1 -1 -1 -1 -1 -1 -1 -1 -1 -1 55728 -1 33712 -1 -1 -1 -1 -1 -1 -1 -1 -1 -1 -1 -1 -1 -1 -1 11891 -1 16779 28736 -1 -1 6459 -1 -1 -1 -1 -1 24347 54676 -1 -1 -1 -1 -1 27860 56332 37605 -1 -1 -1 -1 19142 -1 -1 -1 19101 -1 -1 -1 -1 -1 -1 -1 -1 -1 -1 -1 30705 -1 -1 -1 -1 19464 -1 7769 36294 47949 -1 -1 -1 -1 -1 -1 -1 -1 -1 -1 38315 29981 39024 -1 -1 -1 21514 -1 52624 45874 -1 -1 -1 -1 -1 -1 -1 30728 2027 -1 -1 57078 -1 -1 -1 -1 -1 -1 -1 -1 -1 -1 -1 -1 -1 32108 -1 -1 57343 -1 -1 -1 -1 -1 -1 -1 -1 -1 -1 39354 -1 -1 -1 -1 42180 -1 -1 -1 -1 48346 62222 -1 -1 24606 -1 -1 -1 63335 -1 -1 -1 -1 51584 -1 23371 39324 -1 -1 -1 -1 -1 -1 -1 -1 23095 -1 49322 -1 -1 -1 -1 -1 -1 -1 42250 -1 62154 57955 -1 -1 -1 -1 -1 -1 -1 -1 -1 -1 47669 -1 -1 -1 39016 39181 -1 -1 -1 -1 -1 48065 -1 -1 -1 -1 -1 -1 59891 -1 5921 -1 -1 -1 -1 -1 -1 44640 -1 26993 -1 -1 -1 -1 -1 -1 -1 -1 39361 -1 -1 -1 -1 -1 -1 47644 -1 25601 -1 -1 -1 -1 -1 -1 44395 -1 -1 -1 -1 -1 52825 -1 -1 11214 -1 -1 -1 -1 -1 -1 -1 41029 -1 -1 -1 -1 -1 -1 -1 -1 -1 11440 41308 -1 -1 -1 63879 -1 -1 -1 -1 -1 -1 -1 26671 59326 -1 -1 -1 -1 52858 -1 48275 -1 -1 -1 -1 -1 -1 -1 43479 -1 -1 -1 -1 -1 -1 -1 -1 38696 -1 -1 24512 -1 -1 -1 -1 -1 56595 -1 -1 -1 -1 -1 -1 -1 -1 -1 -1 -1 -1 -1 -1 21167 -1 -1 32743 -1 45088 -1 -1 23967 -1 -1 -1 -1 -1 -1 60235 -1 -1 -1 -1 -1 -1 -1 38868 52326 -1 51509 -1 -1 -1 -1 -1 -1 -1 15097 -1 -1 26200 -1 -1 -1 -1 51912 -1 64581 -1 -1 -1 32998 -1 -1 -1 -1 -1 -1 8453 -1 -1 44538 -1 -1 -1 31636 16784 45589 -1 -1 41818 35092 -1 -1 -1 -1 -1 -1 57958 -1 -1 -1 -1 3011 -1 38273 31743 -1 -1 -1 -1 -1 21453 30845 26174 8202 -1 57734 25317 -1 37575 -1 -1 34545 -1 9931 -1 35794 42756 -1 -1 34420 -1 30192 -1 -1 -1 27100 -1 -1 -1 -1 -1 -1 15223 -1 -1 -1 -1 -1 -1 -1 -1 -1 43636 -1 -1 -1 -1 -1 -1 -1 -1 57167 -1 -1 40683 -1 60341 -1 -1 -1 -1 45541 -1 -1 -1 -1 23640 -1 -1 -1 -1 -1 -1 -1 40161 -1 41671 -1 53380 -1 -1 -1 -1 -1 -1 -1 -1 -1 -1 57937 -1 46925 45047 -1 -1 59825 -1 41652 -1 19634 -1 24646 -1 -1 -1 -1 46154 9099 -1 -1 40511 -1 -1 -1 -1 -1 -1 27947 -1 16467 -1 -1 -1 -1 58606 -1 -1 -1 -1 5058 -1 61299 -1 -1 -1 -1 -1 -1 -1 -1 -1 -1 20407 -1 -1 -1 -1 -1 -1 -1 -1 -1 -1 -1 -1 -1 -1 -1 -1 41430 -1 -1 -1 12535 -1 -1 21436 -1 -1 -1 -1 2987 39765 -1 -1 -1 -1 -1 -1 58825 31270 24268 64706 -1 -1 14433 -1
10
1 439 14 76 8
1 229 15 884 6
1 306 11 839 0
1 258 3 784 3
1 871 11 332 2
1 425 4 765 1
1 679 5 206 11
1 178 11 457 4
0 862 14 487 7
1 717 15 963 4
