1000 5000
762 918
384 926
41 369
812 776
23 425
920 875
359 250
853 981
613 458
172 513
132 559
755 716
667 837
275 444
440 486
574 236
5 784
636 589
127 996
264 402
164 416
796 352
133 832
608 555
272 927
141 23
551 976
872 819
488 441
952 897
843 27
574 178
376 733
760 329
465 347
157 227
500 970
155 236
842 244
911 234
457 537
757 86
83 30
167 221
926 31
515 593
188 73
984 174
743 282
486 711
840 997
404 180
888 523
27 763
789 236
58 608
350 556
94 383
641 88
144 744
16 838
654 2
145 146
148 632
178 720
55 633
162 824
633 862
632 528
921 271
794 773
764 476
268 311
932 425
128 19
18 679
782 316
407 909
0 485
548 261
299 615
943 299
327 228
800 624
688 586
454 140
473 910
619 623
392 253
492 210
179 399
824 449
649 656
528 115
486 283
522 398
88 329
786 320
761 919
28 780
830 460
153 604
553 360
130 344
310 588
289 292
757 174
817 771
559 750
364 144
885 570
515 661
715 37
180 149
658 844
921 210
787 23
975 559
755 277
815 321
200 710
117 174
310 802
617 577
676 350
217 878
13 833
838 478
221 707
262 960
590 24
928 595
765 939
819 947
945 819
174 836
3 906
661 289
399 92
879 777
376 600
215 854
171 607
441 730
255 399
974 821
421 362
968 787
164 905
381 560
570 29
381 928
467 14
591 131
425 91
921 855
737 328
111 443
573 298
408 151
162 998
999 116
533 644
629 457
549 249
24 279
529 690
285 829
352 635
837 556
558 30
402 106
937 513
983 636
538 841
514 935
530 154
714 807
299 381
365 641
293 826
857 89
169 607
928 522
141 172
735 923
68 229
421 410
384 785
684 535
508 415
494 811
498 80
161 170
418 398
829 93
699 61
546 962
395 550
754 211
882 138
465 712
626 639
275 995
327 110
70 767
220 743
183 568
664 567
803 128
740 993
867 5
707 42
806 823
151 870
980 355
251 875
886 436
423 426
161 334
79 33
167 789
750 48
81 429
809 32
179 803
222 19
103 273
122 498
798 894
260 901
399 361
140 799
169 99
975 266
412 534
842 678
725 42
479 437
539 166
743 345
555 601
254 279
589 718
997 148
831 672
394 560
394 422
556 486
601 596
238 458
867 349
599 944
234 457
257 324
762 79
561 862
223 775
564 450
438 384
122 995
573 994
224 96
396 804
998 509
454 733
85 95
625 564
350 546
917 540
721 706
704 670
12 915
727 525
493 468
747 895
873 883
334 427
663 870
923 839
173 830
442 623
643 612
596 262
479 870
97 643
900 648
774 158
581 409
971 286
181 21
886 502
784 7
813 542
638 331
83 600
137 37
714 721
595 303
0 218
668 325
588 672
637 537
292 97
434 331
454 94
107 231
530 515
157 906
370 924
907 575
660 721
861 653
975 283
132 972
461 34
209 828
80 65
728 794
644 835
565 89
584 418
448 295
51 157
710 443
393 158
524 733
85 897
266 918
665 0
169 509
26 472
422 972
128 677
393 500
119 864
817 0
997 487
544 904
971 252
200 26
531 857
671 848
547 42
545 515
131 920
76 484
295 373
276 660
916 728
217 434
789 77
35 966
413 612
369 709
796 224
23 511
974 493
122 924
394 67
533 169
182 95
138 471
13 994
98 314
303 944
741 990
279 241
606 614
414 828
791 187
427 932
495 50
876 725
460 626
769 858
684 397
281 516
906 283
861 371
37 993
467 314
457 419
283 333
345 381
883 729
549 735
448 342
179 824
875 802
801 364
718 972
964 464
919 681
173 814
665 184
375 902
228 60
83 116
11 931
312 277
139 888
689 603
130 939
535 418
603 972
436 175
212 479
954 540
926 176
655 197
605 755
685 915
407 320
309 364
52 776
920 846
614 491
955 461
918 262
524 413
354 22
731 30
635 825
111 693
453 455
99 708
449 284
584 805
457 297
622 428
60 432
215 802
249 71
885 437
377 390
775 74
111 702
284 634
649 821
680 460
887 593
367 98
290 866
485 233
415 379
938 778
89 616
413 856
664 275
283 67
993 586
616 247
229 605
701 773
913 309
424 982
66 149
669 979
213 943
392 420
989 775
38 683
34 300
545 188
924 579
853 791
823 68
209 876
490 985
380 946
343 245
517 131
107 837
290 806
411 440
801 250
943 769
877 919
335 20
696 927
734 299
375 790
443 20
274 670
908 973
274 722
278 260
54 789
77 377
549 611
530 880
917 643
187 699
878 226
998 760
36 537
195 711
497 478
129 901
455 788
538 425
90 334
735 506
254 926
598 688
279 775
796 630
12 38
842 848
144 662
799 21
814 444
897 189
492 687
196 209
418 235
341 936
228 447
32 845
179 704
918 875
130 884
65 625
876 797
211 906
94 493
652 579
993 966
953 197
137 746
287 602
141 647
564 354
677 16
576 850
461 286
312 256
691 620
549 756
109 170
931 857
50 884
527 982
429 659
887 274
511 95
267 765
582 681
637 460
306 705
675 508
781 640
275 881
183 2
68 313
859 40
826 909
261 635
629 25
582 372
435 95
209 147
573 189
398 589
983 320
535 468
316 159
13 782
485 133
617 774
591 390
757 636
745 472
627 380
751 37
331 361
407 778
977 835
447 791
443 910
315 558
459 257
988 30
733 174
892 786
299 825
923 218
772 768
2 599
53 391
115 520
469 20
337 41
671 95
281 151
835 951
863 293
749 540
875 442
824 578
111 859
101 967
380 171
612 194
337 110
708 862
104 509
366 354
86 121
591 827
115 745
880 452
286 895
33 111
359 742
996 939
873 716
177 644
64 47
647 658
818 692
451 419
17 862
55 340
503 845
779 450
917 125
263 810
944 334
711 500
405 971
515 864
85 45
374 507
552 561
211 489
844 306
741 12
766 781
475 303
45 813
852 440
879 440
357 176
985 768
708 641
873 675
433 84
517 250
153 766
662 738
709 644
488 733
151 243
209 777
210 822
396 260
73 683
142 347
435 846
875 247
441 241
713 474
477 748
807 140
886 792
691 584
171 563
679 389
156 378
983 104
580 740
851 943
0 244
525 478
154 737
626 553
126 116
894 8
573 760
695 907
527 537
953 557
200 391
826 625
620 564
559 16
734 394
773 906
9 200
686 82
866 753
616 246
679 860
882 850
700 73
754 773
663 398
142 507
866 211
230 1
774 184
405 69
688 767
893 309
126 175
488 698
13 950
417 199
46 838
276 880
320 287
753 501
839 32
986 384
817 114
138 81
285 775
271 410
190 944
974 92
769 896
280 47
95 270
42 59
167 265
225 75
235 232
842 200
518 219
286 746
583 30
283 800
639 617
989 3
202 132
783 424
199 495
356 398
825 575
842 295
243 960
809 801
68 959
978 416
337 859
867 934
119 929
6 185
852 235
947 269
60 674
330 246
761 375
253 228
131 500
851 16
359 579
870 474
698 539
183 98
389 867
42 984
435 36
420 776
665 50
592 358
936 560
736 745
421 643
886 973
263 568
176 651
495 515
58 475
791 559
552 551
398 698
965 666
783 80
211 218
982 12
475 346
189 992
771 622
316 721
629 12
516 448
204 409
106 564
784 312
718 846
438 826
127 962
25 739
134 81
278 907
965 384
744 20
993 285
601 116
192 263
871 516
352 250
905 635
832 670
873 621
639 866
261 264
891 785
445 699
398 279
228 299
641 750
940 607
809 422
828 263
340 317
561 339
256 213
748 151
458 288
868 854
251 581
185 245
605 820
595 650
133 969
408 578
314 58
468 696
156 869
178 68
116 381
997 383
925 601
309 449
47 133
202 829
372 623
87 704
568 989
409 358
872 127
566 550
23 729
502 528
56 646
783 773
770 300
308 742
330 358
409 966
315 529
596 753
999 660
965 833
443 535
776 177
925 456
967 919
700 811
963 866
827 800
679 935
876 359
188 693
956 98
964 949
592 742
212 426
187 243
941 643
540 155
673 736
241 725
183 152
975 588
522 197
863 186
703 114
212 215
732 28
540 886
912 174
566 275
761 453
539 222
269 92
70 415
109 572
625 684
856 420
6 25
832 60
28 321
841 302
545 390
30 422
49 236
626 718
634 779
45 340
493 45
459 599
445 538
413 449
745 226
458 865
258 495
733 340
743 207
977 526
558 587
931 928
644 310
691 859
847 893
143 982
791 102
800 567
986 146
531 524
968 257
165 287
594 580
95 414
753 639
510 993
965 156
488 405
821 126
79 332
675 227
661 282
252 691
309 250
802 517
803 382
702 857
247 680
518 477
718 260
641 955
557 564
221 202
846 885
55 860
35 41
905 437
71 340
945 999
854 388
509 978
9 23
109 257
49 584
563 325
194 221
420 670
171 891
555 20
427 121
663 141
255 419
289 424
972 573
581 444
311 458
42 766
52 145
246 236
850 264
162 663
799 450
399 562
797 278
776 30
982 616
789 349
447 218
183 427
240 608
887 429
904 375
876 242
288 476
121 61
940 597
807 754
441 235
614 93
321 832
199 397
643 114
626 866
217 837
306 789
64 170
971 757
346 522
638 179
532 872
16 15
604 535
236 782
625 198
725 645
313 607
966 728
808 90
657 276
276 895
151 837
923 438
141 95
609 678
481 386
640 493
466 534
88 862
425 108
447 62
992 130
267 809
318 757
482 881
810 721
345 783
966 615
808 58
982 827
366 849
904 572
133 43
627 858
496 121
564 422
647 996
756 739
761 692
682 260
490 240
963 125
672 490
308 484
93 508
236 684
622 369
494 790
478 291
896 284
610 353
385 872
700 345
518 733
833 426
809 743
214 181
732 222
516 82
801 218
823 155
989 870
465 561
953 665
297 533
970 863
877 85
541 773
553 122
418 268
462 963
885 808
716 703
567 803
834 887
613 884
333 883
261 555
538 687
948 217
763 146
188 225
730 881
354 958
62 303
615 998
568 262
10 570
149 782
123 281
271 228
103 524
557 278
654 146
565 884
430 866
83 278
252 441
5 402
351 382
852 383
235 859
427 460
86 492
702 154
491 508
480 303
727 975
921 425
835 188
978 664
811 851
332 814
619 640
825 466
877 134
594 106
561 535
472 871
199 267
109 506
63 358
92 934
263 306
331 543
248 234
916 915
941 859
836 86
899 172
509 730
854 637
4 996
245 96
453 461
974 397
624 832
981 296
494 381
793 53
223 396
899 657
23 663
64 748
180 428
863 649
587 107
120 101
180 446
738 621
883 742
227 891
145 107
471 517
154 33
999 558
388 773
298 345
311 811
60 726
785 6
915 447
340 963
908 628
878 696
431 832
330 178
24 676
644 1
248 174
189 458
493 163
42 108
699 890
509 568
196 603
659 314
828 35
826 17
173 936
456 119
610 156
536 410
489 111
212 786
783 308
659 490
12 286
619 285
332 167
419 247
192 793
393 426
730 613
252 231
515 952
571 718
235 835
646 857
6 5
726 387
3 658
827 736
661 562
302 555
384 296
699 862
327 315
266 215
145 780
249 356
860 453
493 394
293 316
530 761
427 731
254 293
960 901
897 729
434 722
50 55
876 222
305 90
968 529
777 670
363 931
254 268
883 731
896 204
397 364
193 443
314 880
457 327
321 760
609 487
644 907
775 175
910 964
302 520
684 533
840 890
306 218
832 282
578 888
212 692
742 233
280 314
473 785
634 492
718 508
920 97
893 586
394 675
245 709
204 133
189 127
413 370
411 949
229 857
586 46
216 949
204 598
491 371
938 431
238 15
203 209
815 716
196 552
421 268
634 183
763 881
220 876
972 919
423 698
46 664
516 599
123 535
932 388
780 241
231 186
77 781
271 553
803 505
37 446
25 191
100 329
159 768
866 998
181 251
744 445
520 443
233 489
323 176
673 801
660 870
97 50
627 136
149 956
998 167
881 342
425 489
15 382
813 654
325 970
952 893
888 591
353 931
842 734
605 214
823 723
472 877
774 765
377 486
518 632
343 298
216 854
403 745
297 362
911 572
507 132
395 753
541 230
756 869
448 532
321 621
346 493
26 216
468 893
278 372
366 349
84 417
754 247
551 16
154 280
325 903
252 510
634 832
515 498
207 529
76 393
347 925
344 293
480 11
454 50
926 116
779 481
773 995
775 889
998 434
708 886
936 417
574 239
842 16
838 978
785 114
149 350
261 110
432 925
398 457
583 253
514 749
528 727
88 85
318 122
652 982
104 181
533 100
819 568
601 767
373 168
998 885
339 429
590 798
308 303
738 596
593 384
601 805
14 605
718 197
405 626
552 897
198 837
667 59
41 217
609 273
58 766
13 30
576 324
109 600
576 366
371 402
731 308
416 780
251 908
209 302
955 689
948 307
92 438
241 980
933 730
107 85
139 193
40 3
971 16
697 589
594 323
955 350
775 896
702 373
492 171
634 509
368 126
956 46
123 909
83 341
600 444
835 66
77 373
790 42
770 349
191 178
526 517
797 355
320 514
400 253
75 708
805 600
490 588
890 982
203 294
817 525
725 741
124 488
637 677
527 343
356 151
889 557
792 689
457 126
704 872
286 720
336 275
674 264
324 655
309 984
401 220
703 75
798 596
403 737
964 78
132 283
124 940
255 129
223 893
105 629
752 255
650 61
337 617
841 125
389 838
619 6
871 495
419 468
222 698
204 395
417 944
4 44
734 146
918 32
327 94
387 680
18 727
903 307
351 184
885 200
951 407
31 184
730 384
466 363
700 210
79 209
515 49
897 627
34 965
398 717
37 15
347 486
692 865
821 266
820 323
835 661
618 58
495 855
668 792
192 577
918 529
530 445
887 706
994 782
410 928
29 316
784 146
269 83
237 752
231 82
151 426
104 145
529 902
545 684
362 789
223 541
272 714
618 195
13 446
525 457
921 284
841 337
648 366
427 108
518 678
606 435
531 265
839 519
931 228
701 746
263 207
23 487
254 95
508 324
513 539
667 204
91 522
415 97
471 288
93 962
308 644
643 300
846 879
703 683
79 694
165 908
438 23
626 325
317 927
93 907
191 521
482 426
869 910
630 178
987 780
202 507
559 709
577 0
7 643
822 443
622 31
983 976
276 505
233 239
646 364
19 656
156 777
243 275
307 290
28 689
495 798
283 68
155 577
435 651
86 848
46 130
664 575
593 159
628 994
698 540
850 23
95 155
211 166
471 870
167 393
465 221
46 505
196 495
337 557
588 539
145 242
217 199
296 593
749 788
442 581
24 625
276 732
921 13
532 425
342 339
934 963
16 130
918 330
726 297
327 267
724 87
554 880
0 720
193 836
77 318
115 677
236 320
736 352
495 292
950 940
395 124
622 599
299 22
370 275
66 329
116 149
699 262
492 78
415 918
577 193
597 376
313 984
124 906
935 185
753 796
274 799
277 804
418 923
972 733
673 815
202 434
273 89
725 631
833 797
171 774
464 338
332 98
363 282
716 822
534 588
903 871
226 638
920 707
603 579
438 402
927 990
619 950
360 494
692 510
250 715
654 321
736 45
510 753
287 591
758 164
89 696
224 967
423 168
101 697
451 377
855 940
872 873
61 25
456 309
276 934
371 414
685 433
163 418
351 141
853 622
977 956
270 393
934 220
545 267
459 800
839 419
529 272
76 853
975 171
203 976
47 823
132 466
85 973
504 502
682 753
514 497
401 448
765 169
357 708
718 788
851 841
675 782
652 160
488 846
87 68
918 120
177 44
283 397
267 724
510 533
439 760
717 517
872 61
890 13
550 202
497 688
410 217
181 37
578 557
871 619
105 650
982 724
431 689
277 416
978 717
879 614
789 266
568 883
300 130
582 403
929 221
798 407
857 294
65 3
93 656
532 20
505 410
637 330
90 462
63 724
922 781
974 644
662 807
26 918
993 185
185 528
822 277
789 860
665 43
979 214
724 601
7 625
14 983
908 199
999 228
234 516
554 891
599 5
770 386
759 241
46 846
844 803
970 453
281 697
79 746
598 153
927 980
383 300
867 463
761 273
322 504
188 829
946 140
939 614
47 892
199 696
243 130
561 770
88 428
408 843
426 436
505 772
565 180
250 467
801 79
915 251
809 231
954 532
409 340
563 804
353 555
239 684
585 493
640 382
849 853
405 242
727 39
319 6
589 866
444 845
369 452
934 731
760 255
75 482
88 76
264 951
485 995
141 317
312 397
534 702
451 512
844 78
105 980
478 731
941 879
251 172
940 684
438 637
68 802
854 92
956 617
545 210
663 285
133 6
395 598
517 806
464 263
697 430
867 59
503 499
811 821
369 300
165 234
109 765
47 12
104 517
53 646
557 283
377 109
99 174
77 290
41 773
443 67
593 338
141 676
927 220
616 669
546 361
45 395
549 897
374 136
97 807
793 10
965 845
313 858
893 505
51 129
716 246
27 259
10 474
24 900
514 47
339 950
357 54
69 718
796 664
826 63
497 400
257 363
910 43
276 147
753 973
261 479
814 310
542 910
768 423
411 781
829 767
263 95
189 495
675 161
517 123
844 50
940 403
770 320
926 164
896 751
154 162
433 674
567 544
356 445
201 437
615 681
823 384
46 315
307 451
384 413
199 470
806 417
739 919
441 148
78 104
983 42
835 453
624 65
437 56
586 408
270 422
326 486
493 909
163 38
444 405
248 648
379 579
396 103
175 116
547 696
325 384
654 386
822 389
494 452
878 911
469 359
206 378
952 644
404 751
775 167
655 952
833 579
733 197
459 435
781 21
745 104
531 711
902 416
7 939
620 909
651 848
907 648
602 854
540 427
253 820
638 206
23 360
235 215
496 756
986 951
913 51
97 919
365 593
267 514
444 413
639 690
496 115
908 480
979 416
568 958
487 853
176 970
781 845
917 514
797 982
202 553
649 36
876 931
994 240
681 461
498 979
738 888
512 438
347 859
930 600
632 519
365 569
612 563
745 548
239 890
194 532
569 974
951 210
803 252
456 766
935 612
880 655
862 258
348 841
867 966
298 992
858 973
157 838
40 651
169 971
329 455
819 866
463 802
114 554
182 846
573 396
7 931
813 201
716 655
448 223
396 102
957 979
200 504
111 809
447 567
155 765
761 710
184 580
998 477
397 287
607 950
359 735
574 641
947 742
202 764
513 617
875 63
411 204
39 396
681 773
643 160
269 355
742 170
983 697
756 701
513 120
578 226
258 383
291 969
591 76
559 491
395 913
369 806
414 902
762 345
690 312
78 915
404 736
728 563
909 971
641 79
707 238
161 331
852 938
27 590
739 373
933 658
515 25
232 441
595 901
941 155
198 958
320 413
992 178
330 788
485 292
757 87
567 657
388 436
114 437
390 210
57 424
780 938
557 293
330 739
446 170
1 527
192 316
712 434
898 475
243 293
655 852
19 319
184 852
459 171
448 572
63 623
367 981
878 422
303 35
701 107
706 300
833 418
750 451
833 214
891 663
400 536
327 336
467 895
809 305
772 497
949 948
506 219
653 82
253 878
251 899
613 600
482 743
462 836
648 786
579 414
931 612
774 580
591 576
818 49
438 331
210 236
470 29
980 647
615 734
95 589
389 7
615 802
54 993
587 841
232 115
921 523
6 233
696 108
576 373
173 696
16 438
72 943
488 393
536 526
443 445
805 627
790 768
234 564
712 420
261 191
307 715
914 512
711 735
868 308
815 356
258 113
826 700
541 685
926 963
311 940
790 221
637 455
931 828
797 80
827 887
419 911
457 881
718 94
935 866
699 712
516 274
390 50
94 99
999 583
410 608
552 172
196 577
544 937
295 607
875 954
235 788
769 513
768 293
550 978
721 868
646 695
26 678
924 830
488 548
27 502
856 545
871 941
689 418
812 926
287 609
503 953
812 610
119 267
482 95
385 785
156 970
226 718
822 894
824 278
301 713
973 775
966 167
27 501
935 379
468 603
680 802
306 660
49 550
426 704
853 826
466 162
154 964
791 188
262 353
9 654
889 474
732 212
860 581
153 808
132 5
577 688
699 165
418 747
505 907
520 76
469 27
749 203
153 166
613 500
742 399
362 661
199 817
155 14
233 805
604 105
390 411
738 626
860 605
859 793
144 793
374 258
215 601
967 602
655 619
949 386
550 829
46 218
597 495
938 786
279 199
176 151
157 912
766 558
346 809
747 667
899 601
688 449
276 548
515 327
29 554
142 5
794 734
648 993
322 370
452 516
54 33
756 379
284 990
29 868
699 84
43 824
258 35
436 732
855 276
609 174
102 375
214 815
556 482
444 843
165 442
692 718
27 730
270 299
116 40
141 417
829 772
49 934
515 459
76 493
967 851
398 52
913 571
287 525
970 713
7 634
786 687
130 334
241 566
388 212
879 450
548 322
949 238
717 381
537 880
193 639
347 156
40 823
516 496
844 237
146 726
638 343
930 498
115 925
484 796
904 251
800 513
388 494
934 744
671 636
15 12
199 587
104 128
576 363
736 654
812 655
340 462
640 590
144 660
834 635
257 418
439 81
538 448
819 609
475 950
207 133
310 620
802 453
557 588
440 954
416 568
335 243
647 748
356 82
613 429
787 504
205 732
205 113
283 450
626 909
871 456
943 534
397 134
252 319
626 941
620 284
995 325
552 131
869 904
903 847
786 345
961 667
779 42
580 207
740 319
610 191
651 7
710 151
222 631
344 657
653 445
244 705
535 697
499 476
884 852
470 11
890 287
999 31
132 155
503 678
510 135
348 305
191 238
154 47
113 791
206 139
310 835
258 235
258 857
265 721
239 571
430 631
822 687
168 852
841 488
478 853
96 588
890 821
280 468
339 882
926 586
220 314
285 796
955 771
922 453
427 435
62 321
28 457
231 363
494 59
679 243
487 155
727 775
28 988
345 52
970 87
189 132
743 835
100 898
27 98
958 181
742 722
942 787
817 130
735 986
40 996
336 498
803 493
965 542
191 496
372 907
762 201
2 0
162 383
826 59
311 1
295 674
689 533
782 411
236 953
645 128
597 529
346 429
44 623
10 675
697 886
329 521
884 339
549 683
613 845
476 956
897 464
312 966
764 888
43 590
890 288
737 100
465 572
343 25
735 781
310 810
6 196
666 612
632 32
605 640
742 79
736 73
135 396
802 774
449 938
353 837
244 691
293 76
25 862
260 789
117 128
234 205
38 284
960 122
471 73
666 696
794 973
341 332
667 560
160 36
210 334
126 798
265 670
995 351
88 723
95 630
481 648
280 869
566 130
163 966
915 442
731 539
552 23
730 664
574 971
444 151
540 101
76 352
236 872
952 251
233 275
608 425
867 84
336 1
827 389
660 445
1 804
616 116
609 639
167 676
318 225
842 84
966 260
281 651
814 16
993 139
745 356
225 90
519 17
290 896
789 79
807 789
225 406
255 249
255 879
157 756
449 932
684 194
806 667
895 469
897 605
239 30
198 37
359 656
561 300
181 806
564 852
70 662
698 701
712 491
447 987
590 767
277 191
387 179
578 310
885 416
939 392
74 852
579 409
959 106
375 254
888 572
874 742
432 847
122 696
97 176
693 942
746 440
708 811
693 888
66 115
230 259
672 908
61 76
235 299
63 129
406 629
710 239
266 195
296 440
320 422
64 202
459 452
197 691
279 97
705 942
211 774
38 633
227 292
196 359
289 448
815 399
378 849
289 307
63 162
52 120
144 668
633 800
834 158
550 882
327 459
447 715
483 972
195 489
668 846
618 843
607 954
25 569
25 374
950 951
882 414
248 806
340 979
890 955
179 579
707 285
801 497
440 344
327 628
547 273
652 496
392 161
283 13
569 215
696 268
796 824
623 847
452 449
479 876
691 153
775 490
487 889
118 925
906 121
273 235
792 858
587 520
142 807
972 202
390 477
631 218
253 866
371 885
223 982
342 919
603 947
344 993
887 6
321 184
319 374
337 91
362 346
783 621
740 731
406 741
377 347
899 876
661 350
396 114
5 651
352 39
479 312
353 489
543 794
784 724
803 832
282 449
260 701
653 993
512 335
383 183
195 182
226 693
233 640
192 732
579 812
712 939
815 965
828 316
788 764
560 504
107 600
408 426
565 979
159 170
963 643
956 240
238 131
818 596
28 110
873 535
116 895
555 335
33 459
429 376
111 779
851 902
80 218
201 611
339 998
142 173
663 796
820 266
916 632
287 395
880 255
240 522
230 451
823 208
392 238
639 579
88 795
23 563
721 930
657 713
914 545
307 644
272 956
400 519
571 241
423 40
960 412
855 806
319 557
889 853
282 389
653 990
966 73
791 549
586 65
917 245
660 206
566 89
792 284
956 103
184 90
119 900
335 83
728 157
498 239
192 698
333 169
135 589
674 319
380 47
743 468
288 343
685 762
511 981
921 467
49 548
604 758
427 525
588 281
976 610
971 478
656 374
296 58
456 504
571 992
203 275
198 382
344 44
212 561
472 621
265 635
73 10
243 555
992 118
145 583
84 466
426 933
911 251
997 304
481 797
820 837
491 893
714 681
823 372
927 15
67 364
40 642
234 143
284 458
154 353
838 75
168 66
623 693
827 47
872 710
739 693
903 756
745 352
187 712
430 937
444 339
859 837
615 286
628 10
588 30
917 207
850 78
476 178
636 107
491 635
816 717
424 118
381 163
118 860
722 426
588 231
149 236
371 346
36 286
497 797
78 617
818 199
418 41
499 283
730 43
425 19
475 737
427 546
357 738
54 75
726 964
462 136
185 262
213 370
440 574
695 222
824 496
196 619
373 401
320 266
817 737
55 510
389 762
607 606
350 157
389 170
804 769
667 325
883 975
584 239
891 73
807 958
874 623
850 339
351 641
693 793
76 98
118 593
799 855
170 862
812 339
486 240
258 955
968 417
852 688
680 262
373 1
74 4
768 406
569 185
734 139
430 486
742 403
406 660
969 409
693 812
294 725
363 591
210 490
120 905
903 560
875 74
703 398
489 828
972 15
395 90
540 902
861 342
886 605
511 233
185 566
168 196
333 22
105 416
797 424
955 608
45 723
578 596
277 859
238 245
776 742
315 542
33 991
113 229
856 394
77 101
909 185
816 673
87 498
131 115
259 315
561 776
708 571
558 626
112 682
756 991
119 835
777 622
310 199
705 868
429 677
280 326
692 118
211 800
689 520
949 47
810 607
368 107
720 66
340 834
136 332
300 787
253 814
631 405
630 284
515 993
576 609
760 142
556 95
999 731
471 551
38 327
995 280
730 438
739 266
417 608
919 78
428 980
473 483
617 40
56 613
298 414
607 638
957 327
611 617
827 684
548 406
569 268
762 406
153 456
4 435
450 647
83 883
491 954
875 714
607 243
792 531
837 60
90 833
347 506
562 624
298 325
353 722
853 796
263 329
75 426
513 154
787 532
144 783
600 18
984 171
37 843
922 388
227 966
149 748
68 811
339 793
250 540
401 635
275 903
332 876
95 924
332 462
975 197
274 21
138 583
524 200
488 862
648 581
60 347
558 871
202 758
559 304
177 613
276 215
217 790
228 140
16 607
657 761
237 8
186 762
946 138
357 104
489 330
64 735
495 81
625 423
799 196
351 761
516 220
719 720
458 608
707 392
831 517
464 116
937 822
340 493
90 259
334 279
276 474
105 515
106 694
461 364
994 326
400 296
392 943
846 220
154 174
390 139
112 854
518 648
754 71
859 991
447 104
869 764
318 982
606 7
820 665
818 451
235 79
293 832
72 332
920 285
420 324
159 856
686 587
822 714
327 556
906 154
96 570
860 222
454 300
226 677
411 567
911 178
247 919
567 87
171 363
181 562
759 784
642 139
793 743
73 603
517 830
261 377
590 263
604 851
989 951
343 366
285 868
925 383
905 471
975 543
794 212
625 896
472 277
13 811
921 998
458 982
862 980
965 305
66 983
479 906
541 428
601 731
141 626
276 350
604 532
442 76
469 360
405 210
854 274
702 265
515 40
649 918
170 99
142 100
177 752
622 575
773 227
817 38
271 797
189 177
353 73
255 463
810 769
593 73
493 968
473 245
531 54
211 238
247 411
672 751
424 429
985 290
383 956
571 616
455 289
870 415
774 816
442 728
384 220
228 284
305 367
930 134
625 32
37 277
134 154
293 693
968 446
461 253
112 545
288 900
1 659
292 401
498 268
573 682
877 386
9 45
640 113
794 782
128 419
702 72
634 883
516 960
227 655
651 427
287 783
400 862
344 262
686 189
883 64
512 47
792 66
254 256
25 795
952 932
796 920
561 950
488 314
724 528
915 707
755 752
309 955
994 17
293 265
479 718
257 212
297 562
792 49
744 294
691 127
944 86
227 841
193 132
102 198
176 622
486 245
894 891
778 936
423 829
739 154
255 413
847 758
482 884
104 322
242 411
363 223
28 4
166 197
414 824
804 32
720 855
432 558
291 34
249 33
321 217
754 488
911 494
679 866
647 933
825 822
162 1
121 980
114 564
642 452
454 561
892 739
268 134
925 293
575 295
4 503
223 408
183 541
806 344
87 234
577 66
866 252
976 691
713 789
440 312
657 359
777 824
135 675
349 971
634 229
585 402
715 951
438 136
461 223
531 191
401 467
810 99
753 222
497 789
824 613
515 549
811 41
571 671
106 306
169 810
779 945
286 22
728 791
719 446
821 414
12 199
529 536
886 949
224 89
671 358
687 739
926 935
575 369
499 333
255 613
7 907
898 314
553 193
736 956
930 32
432 21
704 744
216 897
170 146
943 28
390 593
513 422
428 955
435 188
914 784
511 999
655 674
79 207
274 690
898 675
482 696
215 689
19 523
240 931
307 227
460 782
964 211
699 301
480 552
76 217
150 945
460 957
894 549
916 896
825 945
958 55
738 836
925 685
152 402
78 634
878 658
48 774
879 495
135 176
167 580
624 222
391 256
928 947
401 607
130 748
337 157
429 178
136 515
487 407
303 898
458 672
807 715
512 623
95 599
484 594
725 654
372 949
385 814
356 257
764 683
341 691
600 666
62 153
629 460
734 671
537 74
463 606
992 948
232 532
568 856
323 809
69 365
106 18
866 799
197 553
122 164
824 826
552 218
295 380
896 956
407 474
493 157
770 459
730 278
535 430
735 762
441 561
671 828
469 902
561 808
391 488
120 956
805 901
548 957
171 95
368 944
889 105
300 798
28 307
248 92
627 225
799 545
130 346
59 368
59 564
125 791
994 170
16 363
902 657
295 826
427 363
934 298
17 3
97 756
467 648
432 137
995 21
700 824
847 424
930 537
644 220
67 378
621 665
555 88
170 826
765 37
299 788
233 370
287 579
456 404
983 740
509 383
237 200
369 839
330 630
146 840
100 295
687 614
154 476
90 47
255 282
848 128
604 736
989 769
936 58
7 683
191 844
630 576
558 19
801 262
827 82
24 675
930 118
906 518
982 216
433 218
727 957
235 520
509 661
173 170
231 382
561 359
10 47
861 748
728 238
475 560
525 599
578 403
534 968
783 477
630 364
908 354
801 298
251 789
51 105
33 276
981 995
677 864
406 475
546 932
46 646
470 535
630 671
880 415
850 102
128 87
449 969
934 240
315 358
216 891
538 828
635 75
874 838
499 306
551 919
968 485
772 553
170 991
639 86
639 155
96 640
527 35
899 373
95 651
785 682
391 725
422 896
861 98
545 404
131 510
511 503
349 284
640 881
495 980
6 775
861 137
148 697
369 92
119 619
963 76
948 573
397 589
891 953
723 563
380 757
789 468
432 826
216 938
268 278
369 304
426 931
724 277
269 505
358 275
594 107
56 879
579 806
194 34
648 597
824 940
365 826
358 776
453 329
382 467
187 6
284 330
470 966
507 377
58 18
736 424
482 303
923 476
798 192
483 875
236 783
565 154
333 53
647 210
119 538
798 264
70 229
824 621
3 24
298 230
945 713
764 611
325 751
283 281
479 756
77 966
525 107
70 897
294 557
824 164
849 579
237 211
66 590
883 37
320 441
765 188
926 422
127 292
563 590
923 58
647 94
372 238
459 274
16 402
67 451
170 745
320 496
512 144
816 704
875 87
328 671
579 329
862 580
208 483
168 577
133 815
233 245
459 536
15 259
549 210
351 43
694 739
337 222
113 762
812 484
857 676
997 712
746 767
901 907
94 899
575 219
992 661
332 213
734 522
782 626
722 709
832 14
317 795
29 262
858 99
52 563
335 487
525 872
436 807
380 8
0 197
1 347
245 189
739 799
395 929
932 47
438 873
372 740
234 673
18 480
393 485
940 718
144 923
993 62
891 229
733 771
404 377
372 890
481 331
841 961
731 157
658 576
229 300
244 12
770 71
168 719
864 305
91 156
187 846
842 238
341 886
687 70
933 953
783 240
823 387
243 965
115 195
845 784
314 538
463 769
347 189
538 587
757 814
982 994
984 118
647 95
622 796
940 431
888 811
887 425
654 398
228 821
79 73
43 94
278 800
844 502
79 191
776 251
618 276
656 197
10 289
306 682
361 268
234 649
550 447
462 106
747 835
133 726
339 538
127 466
932 522
325 548
326 743
743 477
223 844
368 233
48 651
388 704
939 261
94 97
399 291
306 988
414 462
882 242
754 957
792 274
945 178
506 475
100 502
121 712
871 552
313 953
823 751
497 352
242 541
959 581
70 476
927 706
163 273
904 41
420 858
361 177
148 522
687 963
116 392
44 957
550 318
70 460
406 360
491 275
987 575
168 976
76 543
622 53
104 702
997 565
754 8
938 455
236 533
565 607
611 217
816 201
693 78
671 698
191 671
896 93
502 482
897 634
88 590
138 752
976 312
449 333
403 463
119 503
906 172
52 792
842 537
508 879
481 627
735 259
46 174
637 132
53 858
392 910
927 729
570 865
531 390
941 76
973 617
163 126
279 388
352 496
430 552
928 163
683 782
165 953
713 54
426 567
582 12
448 770
775 556
128 976
49 743
826 75
696 172
670 819
327 361
831 91
80 583
227 280
663 170
443 995
344 332
873 485
570 179
550 455
135 218
625 554
203 9
231 397
378 439
210 876
830 371
926 580
697 706
659 306
984 558
428 749
14 617
290 345
930 213
237 85
167 657
828 407
982 939
785 654
668 49
670 762
325 682
591 149
429 908
741 577
189 414
791 970
987 675
716 471
544 521
963 520
357 871
716 400
724 862
694 919
669 883
728 489
974 260
526 987
398 45
834 779
999 613
831 417
641 781
922 999
602 657
731 0
581 474
697 618
33 655
977 622
521 395
398 690
877 551
592 956
704 92
567 168
276 738
351 722
82 677
575 281
23 77
522 323
604 269
291 553
860 897
885 347
302 969
82 567
717 3
666 594
752 572
786 895
436 166
875 789
321 463
929 506
362 901
248 825
10 847
948 392
381 206
760 1
931 888
293 692
325 931
875 139
231 265
133 300
808 901
846 528
742 708
286 868
394 763
411 622
96 250
390 976
367 799
823 745
52 69
231 780
414 781
801 879
854 762
773 475
47 120
530 462
743 388
747 256
482 148
582 450
902 974
385 286
379 731
711 333
869 617
785 416
303 309
767 599
663 745
842 851
161 641
122 739
10 621
199 633
340 551
298 605
759 995
780 159
364 827
859 789
833 454
610 710
814 913
260 142
87 361
725 245
738 953
570 173
583 846
761 613
834 961
549 431
170 594
627 592
593 913
909 12
961 777
798 963
44 844
694 464
876 136
208 439
620 41
898 927
724 783
513 196
977 413
71 597
341 797
280 101
249 277
669 179
855 212
693 620
742 201
877 817
707 184
540 733
305 394
225 294
521 461
950 447
429 910
451 165
770 265
856 557
56 805
859 818
236 476
129 938
648 430
116 38
509 870
229 595
187 163
26 766
8 645
75 218
126 619
883 305
833 24
153 52
612 275
42 101
831 405
813 186
977 537
332 776
737 942
363 448
464 468
880 838
619 831
96 909
643 737
276 794
679 940
567 999
194 848
180 987
961 167
215 898
418 858
661 714
790 745
711 171
121 545
855 740
695 303
984 611
866 871
387 148
658 451
293 628
370 589
17 22
784 459
399 78
32 876
673 490
889 968
869 624
670 642
279 474
870 516
62 477
904 794
372 0
849 211
864 343
400 740
943 224
934 877
546 868
545 696
435 394
481 913
426 339
102 605
166 645
454 548
0 474
864 785
899 404
112 967
770 855
569 468
683 889
460 573
57 350
991 87
964 113
894 738
611 492
963 334
355 145
143 459
882 268
564 726
784 901
176 19
381 804
532 30
905 601
34 140
697 245
206 200
901 771
961 608
52 160
136 85
272 8
567 490
676 810
461 275
330 316
846 859
531 893
254 182
995 520
367 814
644 420
253 526
169 426
290 393
297 184
367 671
726 377
187 862
611 512
992 563
880 127
941 786
331 729
104 716
547 840
715 396
277 433
754 244
208 411
776 570
903 448
716 298
303 163
783 194
887 559
26 886
421 951
281 406
140 973
478 633
570 725
326 347
475 957
316 900
952 429
431 248
131 45
261 794
200 173
658 384
806 902
902 417
918 431
829 184
868 686
597 83
545 879
642 976
14 483
223 857
24 592
852 722
54 710
852 454
432 643
212 801
73 711
260 487
996 199
980 323
48 716
835 50
315 92
449 259
124 296
123 363
927 735
196 745
480 54
503 978
378 254
78 765
715 460
832 45
570 23
849 883
579 265
319 55
442 533
573 151
584 742
457 569
344 710
919 366
744 984
904 867
13 628
874 291
340 420
651 606
131 240
489 270
769 586
25 293
789 674
344 849
741 690
619 299
157 582
851 705
887 547
246 732
71 48
807 983
582 397
139 927
382 692
428 499
373 652
697 214
693 40
239 337
268 667
51 295
108 821
215 702
314 394
383 854
690 396
206 639
811 258
194 525
563 562
720 439
388 217
609 60
116 399
36 211
483 878
144 813
564 309
508 653
123 840
20 977
591 134
987 160
250 679
193 735
141 277
489 543
636 363
120 838
578 839
868 234
567 122
554 359
183 753
645 86
700 466
525 815
945 129
95 446
104 909
628 371
59 925
834 988
600 760
366 119
125 748
787 134
461 414
919 373
570 117
557 738
487 389
38 869
851 339
234 530
105 552
34 426
427 745
468 894
471 347
185 384
7 779
763 672
958 455
679 799
102 512
735 497
275 540
0 53
39 594
963 390
630 479
478 950
630 10
152 453
909 171
217 693
635 847
341 173
322 359
422 909
737 826
364 89
449 748
112 218
139 997
448 120
986 816
351 409
427 927
819 166
113 563
265 353
898 210
67 138
54 534
758 967
447 71
12 101
996 983
141 380
98 508
653 529
725 475
630 438
426 445
187 54
328 997
258 414
34 135
638 478
137 866
55 874
749 970
741 13
39 881
736 394
348 560
598 538
134 87
930 795
922 913
245 747
68 39
188 175
689 485
434 341
55 94
764 443
547 981
661 974
874 289
607 823
968 869
163 741
895 515
858 23
308 9
128 846
354 342
400 857
995 898
303 216
403 585
178 746
615 820
303 151
546 858
937 830
474 23
281 257
660 341
957 768
855 262
704 696
491 56
145 280
652 471
666 51
600 738
654 954
452 382
488 882
444 269
385 938
600 425
538 815
994 40
748 284
137 946
865 11
741 874
111 522
199 158
2 505
87 640
165 403
827 889
984 267
946 268
574 614
750 235
333 749
872 963
947 858
681 333
133 404
847 345
458 485
932 733
652 742
648 650
317 473
923 718
418 997
673 181
2 859
667 1
983 619
260 766
402 751
164 118
448 778
347 300
520 826
525 123
661 545
251 327
792 76
312 383
717 370
73 462
561 826
366 692
332 719
479 143
720 880
557 720
65 57
27 100
881 622
94 943
151 899
196 710
348 805
171 379
201 896
589 910
645 288
55 730
622 691
60 984
137 779
671 470
307 492
905 522
577 6
215 923
61 110
677 116
881 625
500 686
303 462
860 829
458 753
566 93
393 144
485 759
375 234
526 654
615 463
625 249
942 953
917 0
355 844
75 462
281 274
940 776
458 596
745 84
667 280
585 489
704 959
143 17
403 139
980 708
27 9
45 521
180 444
153 862
205 468
948 872
569 935
370 384
789 330
876 114
775 466
908 269
833 649
475 791
734 24
609 343
435 398
767 37
816 603
717 780
102 805
882 164
871 57
968 476
762 982
734 624
406 21
407 993
97 302
408 671
333 979
302 67
834 605
193 629
466 491
498 360
758 457
22 851
716 701
621 610
49 240
575 196
765 742
24 134
969 676
774 52
953 572
762 111
546 622
42 729
843 152
388 551
133 361
509 709
105 265
335 518
223 97
669 668
186 184
565 171
40 582
767 286
561 960
397 157
874 733
997 865
249 553
984 773
947 758
210 294
908 561
359 637
336 74
799 834
236 535
432 745
664 888
549 2
741 837
761 343
536 171
240 541
762 342
684 74
906 633
346 308
510 667
154 929
332 568
659 647
751 886
494 895
539 283
460 993
374 540
699 751
242 736
537 569
328 573
893 144
960 108
970 429
399 151
354 741
307 650
787 285
450 900
101 545
243 609
887 191
363 379
87 242
540 466
127 807
889 488
595 804
658 284
9 206
972 122
372 979
207 440
652 222
530 79
576 645
865 881
239 183
240 622
220 778
529 729
626 265
302 597
385 281
405 263
453 115
570 79
941 239
785 706
463 691
892 842
73 467
32 957
625 231
402 514
703 435
581 229
126 625
968 724
852 752
876 315
995 688
959 256
373 603
891 455
523 735
109 769
965 677
442 906
875 685
587 669
368 480
914 380
278 304
652 712
600 615
667 575
958 58
921 231
696 957
499 93
805 407
431 195
102 752
183 228
531 1
726 857
996 912
727 860
374 669
247 682
648 343
635 989
629 518
661 333
833 938
367 286
295 56
544 756
796 301
846 957
579 103
136 645
698 552
509 465
13 665
498 219
199 878
605 178
688 956
662 428
340 152
76 429
709 200
202 362
432 879
995 100
194 570
599 169
918 880
191 168
798 718
400 229
823 25
459 833
573 886
674 648
162 171
718 562
170 725
938 83
234 980
847 348
540 631
423 164
828 439
462 890
818 874
951 925
108 93
394 778
733 613
992 893
235 403
107 607
256 669
797 992
478 615
440 973
540 37
709 997
819 29
899 236
307 389
282 221
372 988
778 212
956 110
132 93
554 63
90 440
617 66
652 389
616 378
835 965
535 437
245 279
553 282
892 719
416 161
3 877
436 174
87 495
460 836
119 652
565 680
629 951
394 401
716 964
529 345
73 511
8 393
485 459
26 24
601 297
433 765
922 673
477 509
790 279
378 89
439 106
607 634
595 385
132 885
241 921
298 477
135 162
583 467
555 868
771 777
457 659
358 171
176 254
490 625
486 671
362 313
787 730
791 540
197 937
409 991
172 130
413 214
645 752
514 216
152 620
355 942
899 75
995 783
651 994
462 706
279 171
732 506
412 719
214 223
15 377
129 518
970 685
73 207
855 117
518 235
855 292
954 374
398 829
436 847
527 21
870 705
117 671
128 490
758 563
22 756
346 899
120 680
24 422
690 487
368 78
495 297
201 420
208 461
496 178
351 476
11 183
338 144
499 573
996 750
192 118
782 321
434 752
42 890
666 230
203 734
732 391
425 765
759 988
10 451
376 928
604 463
68 944
139 394
11 721
265 895
869 196
144 541
597 675
323 706
629 410
355 497
34 477
422 964
924 887
370 7
193 645
281 494
682 154
367 482
136 655
673 663
392 629
384 819
381 911
726 721
340 28
307 874
974 876
583 403
975 506
747 106
433 987
231 473
877 129
447 26
884 963
472 808
693 504
159 386
40 218
856 957
976 412
904 657
899 991
10 913
689 454
950 160
742 133
348 52
792 388
597 872
281 263
30 251
976 167
632 62
868 629
189 476
794 860
399 487
584 156
752 864
772 946
270 996
582 371
572 7
541 854
919 68
853 358
491 239
940 737
983 354
892 879
692 626
370 719
671 64
210 483
462 187
757 789
660 408
208 887
944 44
331 50
124 184
67 619
873 994
920 22
638 848
864 81
99 669
373 961
877 679
25 687
565 238
608 76
177 849
642 869
920 518
385 963
895 150
899 885
349 939
132 282
954 243
308 956
55 749
760 626
913 854
699 439
946 983
600 486
694 677
401 37
47 490
56 899
902 790
312 520
651 728
60 669
870 411
628 702
866 477
548 316
950 132
332 221
279 357
218 265
613 200
414 667
361 813
584 326
600 265
518 361
307 637
662 406
680 177
409 116
698 744
905 158
126 929
122 34
653 809
194 609
808 764
326 6
944 410
767 952
155 866
872 735
40 232
495 220
218 929
598 963
312 882
866 401
152 584
883 486
638 411
542 997
525 546
688 262
677 367
674 714
834 135
981 760
72 254
438 629
772 618
653 466
306 746
344 327
508 469
815 264
844 924
456 169
166 108
942 632
497 477
856 110
757 69
233 770
823 349
68 836
695 111
739 470
811 647
901 834
518 435
106 124
945 290
626 308
568 737
22 239
649 624
895 410
694 527
308 724
321 930
430 794
492 442
103 106
973 966
181 326
997 610
677 283
789 776
726 183
989 921
418 487
433 951
790 379
479 944
922 961
306 101
265 339
880 800
956 916
634 97
24 953
820 593
612 242
134 927
160 95
801 869
245 777
319 468
780 254
361 726
338 315
12 867
-1 39365 -1 31537 -1 57607 -1 -1 -1 -1 -1 -1 -1 57315 -1 -1 -1 -1 23263 -1 -1 -1 -1 61888 -1 -1 -1 -1 -1 -1 23764 -1 32024 -1 2137 -1 -1 -1 -1 -1 -1 -1 -1 -1 -1 -1 -1 -1 -1 -1 -1 62446 -1 -1 62279 18546 17542 -1 -1 -1 -1 -1 -1 -1 -1 -1 -1 -1 -1 -1 -1 13646 -1 -1 -1 -1 -1 -1 -1 6495 -1 -1 9221 -1 46917 -1 -1 -1 -1 52128 28735 65438 -1 -1 -1 -1 52191 -1 -1 64642 -1 23058 -1 -1 -1 -1 -1 -1 52619 64530 -1 16193 -1 -1 -1 -1 -1 -1 -1 -1 -1 -1 -1 52643 9837 -1 -1 -1 -1 -1 -1 -1 -1 -1 -1 -1 -1 -1 -1 -1 -1 -1 -1 -1 -1 62506 -1 42565 -1 -1 -1 -1 9055 52622 -1 -1 -1 -1 57874 -1 -1 -1 -1 -1 -1 -1 -1 -1 38355 -1 -1 -1 -1 -1 -1 54236 63690 -1 -1 -1 -1 -1 26316 -1 -1 -1 -1 -1 -1 -1 -1 -1 -1 -1 -1 -1 -1 -1 -1 -1 -1 -1 -1 -1 -1 -1 -1 -1 -1 -1 -1 -1 -1 -1 59605 16634 -1 -1 -1 32583 -1 -1 -1 -1 -1 -1 -1 -1 -1 -1 -1 -1 -1 -1 -1 -1 -1 -1 41648 11901 -1 -1 15603 -1 1375 27302 -1 -1 2636 -1 -1 -1 -1 -1 45617 -1 -1 -1 -1 17665 -1 -1 -1 -1 -1 30380 -1 30018 -1 -1 -1 -1 11239 -1 -1 24837 1039 -1 -1 -1 -1 -1 39653 -1 59806 -1 -1 -1 -1 -1 -1 -1 -1 25701 -1 -1 -1 -1 -1 -1 53254 -1 7734 -1 39690 -1 -1 -1 -1 -1 -1 -1 63631 -1 -1 -1 -1 -1 -1 -1 -1 -1 -1 12504 -1 -1 -1 -1 -1 -1 -1 -1 -1 -1 -1 -1 -1 14953 37628 -1 53901 18694 -1 -1 7988 -1 -1 -1 -1 -1 11261 -1 -1 -1 -1 53049 16588 -1 -1 -1 -1 -1 -1 -1 -1 -1 41917 -1 -1 -1 -1 50750 -1 -1 22340 10054 -1 -1 32743 13012 -1 -1 6079 -1 32453 -1 -1 14458 -1 -1 14958 -1 -1 -1 -1 14896 -1 54629 -1 -1 -1 -1 -1 -1 -1 -1 -1 -1 -1 60764 -1 -1 -1 -1 -1 -1 -1 -1 -1 -1 -1 7731 -1 -1 -1 -1 -1 -1 -1 34883 -1 -1 -1 27243 -1 -1 -1 -1 -1 -1 -1 -1 8394 48698 32208 -1 -1 -1 -1 -1 -1 -1 54280 -1 35771 -1 -1 -1 -1 -1 -1 -1 -1 -1 65149 -1 10008 -1 -1 35467 27209 -1 -1 -1 -1 -1 -1 -1 30254 -1 -1 -1 -1 -1 -1 -1 -1 -1 -1 -1 -1 -1 14163 -1 -1 11535 -1 -1 60402 -1 -1 33225 -1 -1 -1 -1 -1 -1 -1 -1 -1 13265 -1 -1 -1 -1 -1 -1 -1 57293 -1 -1 -1 -1 -1 -1 -1 -1 -1 -1 -1 -1 -1 -1 -1 -1 -1 27812 -1 -1 -1 -1 -1 -1 15553 57087 49965 47230 50753 -1 -1 -1 -1 -1 -1 -1 51905 -1 -1 -1 -1 26808 -1 -1 -1 -1 -1 -1 57740 -1 -1 -1 -1 38305 -1 51594 -1 -1 -1 -1 -1 -1 -1 -1 -1 -1 -1 -1 -1 -1 -1 -1 -1 -1 -1 -1 -1 -1 5868 -1 -1 -1 -1 -1 -1 2636 -1 -1 -1 -1 63722 5969 -1 -1 -1 35721 59297 -1 -1 -1 -1 -1 3450 61256 38132 813 -1 -1 -1 -1 -1 -1 -1 22539 -1 -1 -1 -1 55868 56280 -1 -1 -1 -1 -1 -1 -1 -1 9495 -1 -1 -1 -1 23648 37781 -1 -1 -1 -1 -1 -1 41481 -1 -1 -1 -1 -1 -1 -1 26134 45933 -1 35533 -1 -1 -1 -1 3138 45409 -1 11897 -1 -1 -1 -1 -1 -1 -1 19998 -1 -1 -1 -1 -1 -1 -1 -1 -1 25381 -1 -1 -1 -1 -1 -1 -1 -1 63682 -1 39607 -1 -1 -1 -1 -1 -1 -1 -1 -1 -1 -1 26049 -1 -1 -1 -1 -1 -1 -1 -1 15062 61971 -1 -1 6012 32998 -1 -1 -1 52372 -1 -1 24827 -1 -1 -1 -1 -1 1439 64424 -1 -1 -1 -1 -1 -1 11102 2909 -1 -1 38489 -1 -1 58476 13142 -1 -1 -1 -1 -1 -1 -1 -1 53553 -1 12272 -1 20392 -1 29656 -1 -1 61447 -1 -1 -1 -1 -1 -1 -1 918 -1 -1 -1 19253 -1 -1 57919 -1 -1 5987 -1 -1 -1 -1 -1 17517 -1 -1 9398 -1 -1 -1 54725 -1 43075 -1 -1 -1 -1 -1 -1 4935 -1 -1 -1 -1 -1 -1 51381 -1 -1 -1 -1 -1 -1 -1 -1 -1 -1 -1 39235 15047 41080 -1 -1 -1 -1 -1 -1 31921 -1 -1 13136 -1 -1 -1 -1 -1 -1 -1 -1 20646 -1 -1 -1 -1 -1 -1 -1 -1 -1 -1 -1 -1 53022 -1 -1 -1 13584 -1 -1 -1 -1 57269 18566 -1 53746 -1 -1 -1 -1 -1 -1 -1 -1 25717 -1 20706 39265 -1 -1 49490 -1 -1 -1 -1 55764 -1 -1 10363 -1 -1 -1 25049 1006 -1 -1 -1 4465 -1 -1 -1 -1 -1 -1 -1 -1 -1 -1 -1 -1 -1 -1 -1 48705 -1 -1 61063 -1 -1 -1 -1 -1 14976 -1 -1 -1 -1 -1 -1 -1 3418 10981 -1 -1 40121 -1 -1 -1 -1 -1 -1 -1 -1 -1 -1 -1 -1 -1 -1 -1 48453 -1 -1 -1 38118 -1 -1 -1 -1 32000 -1 -1 -1 -1 21382 -1 -1 -1 -1 -1 -1 39617 -1 -1 -1 -1 -1 -1
9
1 480 11 256 13
0 553 13 380 2
1 860 14 559 13
0 801 0 677 3
0 337 2 147 6
0 904 7 151 14
1 13 13 111 6
1 606 3 932 7
1 522 15 948 14
