1000 5000
732 58
410 664
523 458
697 385
275 174
272 376
747 407
195 421
753 74
466 83
177 429
341 342
662 211
456 282
477 581
77 205
890 495
676 238
592 516
129 661
523 92
406 500
197 378
700 245
11 886
505 774
956 371
531 930
260 220
822 629
962 193
109 191
556 213
720 314
982 766
35 858
637 861
491 514
291 745
632 389
742 385
634 213
367 906
898 878
303 660
223 960
63 45
410 446
860 404
765 738
900 32
468 762
942 611
174 560
238 847
966 523
912 997
507 204
12 316
783 747
265 545
829 651
425 491
522 865
41 444
640 871
976 323
825 940
772 57
752 684
124 702
851 27
257 401
918 485
165 19
386 454
485 3
938 325
530 809
265 592
291 400
707 633
983 853
217 55
762 396
506 628
260 966
172 50
177 979
542 365
821 772
68 269
335 129
675 940
434 397
396 706
504 304
750 472
940 858
192 368
323 368
4 216
92 688
527 907
937 413
742 770
379 400
357 993
991 314
871 509
556 774
831 699
144 520
891 662
27 707
640 53
80 2
755 846
486 30
559 792
742 861
684 29
830 260
958 329
992 357
362 745
580 116
257 688
260 650
297 229
714 546
61 675
251 636
249 574
791 898
236 982
759 360
986 536
960 558
403 50
475 420
790 181
366 757
643 953
763 699
773 299
345 950
471 108
560 291
693 219
857 729
66 331
645 534
833 84
874 966
985 538
757 315
871 330
133 768
389 922
6 283
801 444
108 985
41 921
545 350
357 371
633 145
378 193
817 32
947 95
662 213
851 770
605 486
584 166
274 89
207 776
614 529
289 612
282 539
196 927
748 38
223 774
58 228
674 465
622 293
192 809
652 371
763 619
471 302
314 585
143 77
103 336
493 807
71 525
669 310
779 386
411 531
465 195
533 58
243 431
63 173
680 87
655 626
190 153
786 142
978 409
115 309
372 796
693 972
655 931
385 160
19 356
841 877
601 581
421 899
356 48
186 392
403 591
318 887
721 233
828 743
807 407
176 298
949 806
202 254
690 10
938 756
458 84
204 558
304 774
930 308
342 306
334 781
972 104
121 111
232 218
449 525
569 40
590 495
971 42
913 325
683 520
548 597
402 117
481 581
751 939
151 99
876 575
933 795
939 498
661 590
902 380
723 428
305 144
117 93
818 536
445 899
249 123
296 427
24 298
411 83
876 497
615 407
893 832
441 958
455 539
507 240
302 657
93 52
90 208
366 100
206 827
551 249
161 711
246 447
682 845
56 78
917 63
153 831
230 531
695 48
971 908
426 256
333 189
509 976
220 320
550 867
879 199
390 879
304 821
718 154
630 666
593 895
271 231
697 534
372 352
928 107
303 117
460 462
710 420
239 818
964 135
315 392
694 803
379 707
66 940
183 612
385 551
139 238
400 943
551 141
545 684
150 252
998 694
857 531
271 10
124 13
419 907
480 375
17 668
718 923
748 958
366 257
838 583
210 965
727 597
721 903
929 407
111 703
416 920
615 823
852 79
569 208
149 195
243 843
242 924
644 978
763 879
252 671
750 34
813 6
779 508
37 182
798 520
211 996
881 906
223 974
739 25
799 116
813 24
59 724
490 712
776 997
216 858
553 691
92 336
484 921
996 476
153 954
701 457
938 881
196 820
193 595
719 650
686 171
695 420
235 651
404 271
645 503
121 614
863 273
813 581
302 264
244 827
709 358
665 401
525 573
524 152
455 887
905 712
717 25
792 748
863 287
589 647
257 810
556 724
206 196
111 296
898 893
786 882
298 586
7 705
973 305
493 879
999 561
687 665
486 470
601 173
152 775
132 485
31 309
694 510
55 489
530 847
590 81
403 932
470 953
920 960
906 259
862 652
792 979
429 433
116 683
989 800
278 972
220 429
674 390
91 758
725 475
708 238
242 426
935 388
56 314
868 334
983 194
252 427
262 126
524 148
72 177
951 39
32 84
309 215
352 703
93 277
176 622
395 754
45 987
29 666
22 965
652 359
465 620
521 434
942 288
587 952
738 883
381 881
530 691
2 392
346 96
225 391
263 772
33 373
995 493
152 145
632 772
674 393
316 325
445 712
299 333
577 11
742 31
666 570
717 468
664 736
455 981
102 889
324 582
327 368
921 435
437 382
743 637
994 675
422 941
12 341
383 644
966 131
42 776
29 518
20 480
876 867
746 800
184 622
606 674
38 698
642 843
640 829
785 59
417 57
388 869
942 657
685 553
21 63
417 679
451 943
982 423
859 787
787 872
762 799
81 558
833 342
365 204
223 574
586 98
799 248
920 305
871 589
361 499
305 802
289 965
54 181
446 217
141 51
318 784
434 789
672 378
441 351
264 731
883 910
36 505
310 176
38 515
282 414
576 402
867 76
671 448
770 870
146 208
518 939
836 755
348 296
14 810
61 396
278 463
860 642
700 724
640 305
528 222
556 629
820 513
990 964
653 544
534 627
864 621
544 429
311 697
976 606
653 148
962 532
560 859
465 536
295 444
279 347
920 757
621 846
708 538
548 327
591 919
105 27
141 660
344 847
930 960
665 274
952 99
438 339
566 139
380 811
559 395
464 345
514 242
962 63
500 71
539 270
807 729
973 230
381 14
211 692
884 271
696 259
410 456
972 575
699 765
443 297
442 121
95 182
357 460
751 49
535 701
409 528
291 940
825 872
678 940
983 307
362 56
190 610
9 268
587 40
663 126
593 245
980 763
776 611
951 408
799 304
857 887
689 248
465 589
515 316
412 569
71 430
706 116
326 237
312 502
782 121
638 187
429 830
282 234
471 834
261 945
328 869
971 886
388 666
491 391
781 264
529 855
868 820
453 808
185 490
618 760
49 593
883 979
481 90
906 78
738 478
935 213
785 562
7 484
785 993
97 51
3 496
957 475
877 660
191 392
809 621
67 211
778 627
948 663
154 550
237 946
654 844
52 357
550 998
388 981
151 278
312 29
258 228
658 531
404 437
686 993
251 79
980 968
237 332
956 837
480 188
406 320
464 121
362 257
492 909
876 459
954 861
261 484
105 996
902 231
808 167
549 619
624 869
387 147
257 276
116 637
375 96
906 194
235 217
660 942
317 557
851 987
310 600
304 43
313 588
338 243
310 834
378 707
212 732
714 768
645 382
532 556
636 60
224 293
833 625
463 648
503 711
27 248
372 877
552 426
808 157
567 889
66 818
177 96
474 136
342 375
900 205
236 224
255 83
704 427
781 210
569 304
822 212
376 693
832 71
891 474
680 372
987 575
858 194
865 706
31 563
376 380
68 923
999 2
503 179
115 463
600 913
994 308
767 56
991 762
334 270
713 702
67 395
509 824
425 240
805 244
568 94
270 630
747 335
928 97
682 384
543 218
95 390
361 310
255 9
504 25
397 427
327 252
297 903
510 754
273 870
47 15
710 439
836 676
852 555
424 353
773 780
182 497
278 119
226 63
756 634
132 208
792 923
183 838
264 514
466 8
784 502
331 363
560 620
500 842
756 99
577 819
545 262
980 847
646 586
605 370
447 953
581 835
165 694
268 853
254 783
350 978
331 867
915 864
837 41
763 158
89 967
436 357
611 43
924 674
675 84
598 882
911 677
656 801
346 324
40 851
452 768
560 876
806 960
514 744
280 684
5 918
461 382
422 921
381 837
252 122
285 986
746 335
220 271
230 419
935 518
667 864
772 233
254 173
929 487
182 721
653 735
840 667
171 194
761 354
248 747
409 651
58 961
584 275
770 577
660 861
478 259
445 612
520 142
656 607
992 747
625 926
393 65
896 273
393 404
615 597
531 306
255 734
142 572
980 240
593 502
164 960
509 823
37 454
611 211
317 519
455 609
688 605
387 143
181 229
492 283
879 665
497 816
14 568
99 699
338 525
629 514
909 840
201 733
335 551
212 283
463 345
268 680
136 285
462 68
378 969
399 204
11 598
305 154
27 810
990 757
561 899
393 741
269 901
392 326
390 431
801 874
511 54
947 165
147 717
703 481
480 129
371 560
68 215
199 258
313 666
408 611
982 343
625 259
756 96
68 356
53 486
885 990
743 732
360 33
718 340
956 272
769 20
708 462
276 696
379 241
475 697
768 474
132 946
799 25
252 953
249 459
711 766
95 191
235 857
206 484
600 829
806 822
241 677
991 98
842 686
827 381
452 431
714 413
887 432
617 253
970 661
610 205
651 149
893 823
19 115
909 906
966 588
762 896
703 787
580 392
187 586
587 777
286 128
814 478
749 268
195 882
992 6
692 840
343 371
499 497
844 923
880 401
676 746
821 769
339 858
447 765
856 968
70 72
786 479
873 945
751 885
148 947
925 50
460 305
891 274
265 109
894 284
864 138
665 455
36 40
96 257
517 444
420 300
19 856
689 237
66 294
977 781
362 22
982 198
277 178
656 258
921 862
999 238
269 314
926 608
926 637
292 201
893 618
136 815
923 653
822 651
996 851
62 761
887 593
167 878
558 792
251 583
980 451
569 264
327 335
970 335
383 431
430 2
113 869
658 803
0 202
947 28
988 706
612 0
971 136
286 851
788 259
184 213
958 862
42 743
989 597
823 18
951 630
645 233
423 752
802 665
390 539
780 273
272 726
358 560
940 571
479 843
903 872
907 509
601 658
248 441
137 324
835 460
953 523
208 612
961 430
489 596
390 484
788 128
465 407
589 883
919 860
111 458
881 976
740 815
271 710
44 596
574 169
18 354
491 878
176 992
276 664
913 584
776 423
206 79
924 658
476 600
845 983
837 94
157 615
841 754
665 728
639 674
109 379
559 516
587 778
610 473
428 95
412 709
152 926
615 88
889 969
898 4
862 501
299 868
302 370
421 389
629 789
513 829
874 456
600 264
296 989
698 438
709 75
842 958
385 229
590 156
704 297
4 74
533 922
422 156
315 377
837 453
466 468
661 483
688 901
667 854
245 609
163 219
728 622
840 716
90 698
834 909
369 817
176 911
980 466
68 358
292 789
163 484
257 202
282 179
46 151
506 467
897 117
3 497
540 817
761 459
833 557
855 141
77 928
233 8
773 157
644 503
790 624
45 400
141 408
560 68
532 647
747 860
371 914
116 716
333 750
20 240
240 436
358 484
762 950
160 167
637 672
865 28
45 212
344 632
854 816
688 727
505 686
115 89
297 815
189 81
755 384
535 520
673 605
584 876
766 857
12 480
230 186
872 590
931 469
117 371
324 213
378 724
891 719
841 853
26 40
77 673
532 390
118 412
942 826
181 65
508 704
829 34
479 991
702 14
952 825
61 14
365 121
204 614
987 875
496 559
570 252
35 44
932 269
408 873
66 126
944 605
778 404
527 742
353 794
699 209
406 473
316 744
632 236
86 836
230 892
779 213
642 971
344 971
779 308
911 97
446 787
936 610
45 596
978 175
365 188
42 355
847 949
129 256
884 924
442 794
277 758
8 30
77 470
725 474
902 14
797 164
385 218
470 931
419 24
979 705
76 765
784 6
708 844
877 359
456 663
406 675
80 276
134 222
722 315
523 36
717 5
792 766
485 528
942 468
481 708
241 76
235 883
566 503
182 458
137 480
478 8
286 405
496 497
580 462
710 875
161 211
812 717
896 473
22 162
97 552
778 307
642 192
991 742
235 52
351 598
938 799
866 559
449 448
276 698
823 658
995 433
501 870
793 686
342 544
929 579
70 127
913 49
843 810
443 215
122 681
216 113
202 185
675 530
786 822
530 914
261 653
183 898
327 797
706 241
525 584
535 685
330 870
390 165
532 991
775 491
909 149
218 528
391 995
852 396
43 566
315 353
800 55
100 643
114 826
236 964
172 615
368 905
118 711
730 473
922 539
395 406
620 144
971 771
386 337
697 151
943 52
899 732
524 153
834 328
273 473
479 851
440 155
385 839
70 650
698 682
146 545
449 729
181 120
407 806
610 382
17 696
252 749
490 645
217 633
628 605
739 278
197 799
43 702
174 418
713 410
905 288
296 278
634 106
875 67
440 816
144 980
276 473
989 308
402 395
138 398
944 284
415 962
596 563
685 479
257 990
924 140
973 333
461 380
948 604
893 572
367 14
518 374
274 988
111 516
343 910
22 139
559 330
559 495
220 502
763 728
926 284
233 957
652 644
342 297
493 308
658 559
740 722
596 180
10 133
898 346
36 56
500 793
166 362
399 681
218 887
62 461
416 184
959 699
242 563
516 485
325 340
577 27
662 207
584 796
872 640
238 254
169 212
318 781
441 677
643 529
529 442
597 444
136 776
73 488
459 1
426 963
599 211
401 548
675 659
402 123
330 632
52 803
628 500
122 782
613 348
192 23
269 511
202 151
478 898
90 920
72 670
290 137
397 763
20 348
496 376
208 363
87 852
368 159
917 585
632 718
896 764
247 601
135 31
700 579
725 813
425 297
466 776
128 972
388 239
902 387
452 747
243 38
413 309
289 38
133 416
178 161
788 9
36 490
171 188
112 930
653 930
691 498
62 245
903 92
985 477
889 289
398 716
278 442
216 558
568 862
994 625
869 140
478 962
760 924
917 827
714 116
788 671
199 78
837 230
637 157
566 86
471 92
975 535
274 153
326 385
667 891
737 776
418 964
620 451
985 814
998 195
100 714
973 168
34 199
323 584
640 730
306 915
957 288
894 998
373 129
686 713
135 980
460 508
691 95
286 872
942 225
934 773
448 752
564 686
4 851
373 604
735 857
246 691
671 950
677 902
766 917
945 910
666 104
569 91
979 98
15 210
5 210
23 580
298 151
913 966
832 484
385 454
394 698
251 492
455 544
143 283
323 116
485 408
579 778
62 220
756 705
348 455
682 151
827 88
708 427
86 502
728 67
402 239
379 365
232 65
524 784
170 571
436 566
78 168
769 236
844 238
847 394
550 329
591 475
896 335
50 493
498 172
591 298
595 767
582 451
411 78
952 118
0 480
840 16
744 927
903 597
362 153
631 783
156 386
678 404
562 432
234 811
56 925
789 615
72 930
408 0
419 570
861 375
754 89
968 550
657 852
565 738
578 124
319 417
621 424
284 435
778 67
234 328
241 197
695 327
32 46
826 703
271 190
350 75
114 854
897 638
196 702
918 910
900 858
73 126
557 478
571 333
787 493
747 34
465 227
732 352
830 612
411 761
643 94
451 724
789 947
511 35
41 555
704 907
47 132
631 97
657 333
876 787
527 974
728 864
671 344
406 430
806 577
266 896
344 213
466 392
797 568
69 109
656 742
465 899
631 671
884 417
226 979
768 901
813 7
354 577
934 675
892 159
653 570
645 762
438 511
330 705
240 222
651 275
454 205
856 775
594 712
520 464
728 700
72 931
49 708
190 118
406 660
709 185
368 175
301 7
798 407
147 187
409 525
460 35
764 753
965 829
100 78
476 14
590 321
360 651
231 771
575 614
137 615
352 260
574 806
848 173
910 317
482 574
190 711
912 78
242 582
668 489
993 582
117 810
176 207
364 704
449 141
188 426
241 558
368 576
195 273
724 823
137 50
307 644
682 869
274 318
329 153
289 550
797 850
185 808
907 257
792 166
710 785
501 947
5 863
638 433
230 594
829 843
227 24
480 723
934 119
841 510
745 408
688 958
726 829
405 630
790 774
478 768
849 378
980 957
339 557
559 492
737 422
376 672
261 471
271 520
587 135
122 331
679 993
815 813
282 460
171 638
232 88
572 29
64 483
73 878
84 188
688 849
512 52
625 370
635 749
716 59
153 708
104 631
865 185
93 907
699 40
735 778
994 64
813 562
984 214
123 57
92 747
331 316
263 254
469 3
861 314
35 742
819 565
163 853
179 203
509 327
730 456
685 144
367 98
197 963
469 662
621 574
890 99
654 417
812 401
356 39
546 575
906 134
733 410
171 529
313 712
979 205
665 988
382 596
151 845
514 678
991 270
82 701
480 365
721 704
900 859
925 339
484 213
426 116
846 10
466 963
945 475
395 143
991 271
683 620
579 220
465 691
598 526
832 970
716 494
53 828
820 895
547 101
921 202
640 926
252 196
251 74
667 194
735 582
74 858
78 529
31 394
878 677
249 413
142 26
664 199
836 498
532 37
553 166
726 200
429 5
18 363
882 408
965 438
22 835
700 844
422 545
328 116
186 857
520 42
856 552
957 392
123 166
790 549
411 656
676 466
420 116
42 574
274 522
313 14
86 389
986 949
140 953
103 757
750 758
175 507
495 570
598 479
562 733
968 810
145 195
174 511
416 568
398 882
864 8
537 610
675 658
702 994
431 280
789 297
325 948
857 317
999 906
758 722
892 197
356 874
102 981
526 471
796 872
868 531
871 445
404 883
829 778
718 892
584 954
364 83
451 735
722 310
719 393
544 345
757 629
268 774
161 179
900 31
861 586
469 146
634 905
32 330
430 559
692 619
141 933
733 125
184 22
830 961
486 918
906 711
526 793
547 31
584 951
232 947
382 555
849 909
825 547
313 230
769 211
978 788
844 443
454 641
958 569
928 210
429 812
82 49
911 639
901 610
928 191
37 329
137 211
189 188
911 74
979 928
412 763
648 145
508 33
109 955
342 995
247 180
262 737
341 287
660 89
349 671
315 697
351 278
770 662
779 906
895 942
806 58
615 169
32 626
25 483
345 97
197 23
444 983
274 204
576 620
340 101
574 586
730 137
973 924
101 720
208 155
89 901
327 321
199 930
277 120
91 205
572 546
696 205
584 624
961 887
815 733
305 895
733 34
730 354
800 839
976 678
850 195
275 871
993 659
997 39
569 390
4 23
262 865
382 887
274 164
264 543
512 123
535 641
560 305
540 322
611 794
212 1
245 867
61 204
802 952
728 775
293 189
845 268
422 772
273 255
483 767
279 849
478 94
831 252
442 514
350 395
986 316
104 987
289 109
66 629
102 657
98 464
518 603
570 438
382 78
646 150
632 215
55 234
92 889
219 796
376 452
656 843
967 107
388 340
619 90
269 355
536 79
583 66
868 346
834 86
466 951
600 747
856 222
431 38
968 707
712 70
265 828
902 435
467 852
966 594
389 855
472 720
775 125
25 225
841 647
170 946
41 981
58 346
638 707
125 720
393 51
245 14
215 610
706 319
179 489
146 73
63 302
287 207
92 585
538 576
255 684
6 321
637 893
392 863
720 39
552 380
449 310
478 859
621 236
320 759
544 784
567 48
821 163
992 775
344 408
109 315
7 921
675 833
905 818
332 239
964 420
712 389
501 729
560 328
628 138
692 304
598 177
129 847
421 380
671 878
437 668
523 102
123 186
967 238
73 662
639 879
694 914
130 653
886 834
178 137
680 36
606 403
267 617
974 399
270 604
253 9
693 654
681 204
785 362
99 118
452 118
23 372
972 646
260 574
832 622
128 165
347 123
666 145
367 484
18 288
157 633
815 941
560 19
515 923
150 401
716 619
943 203
81 441
80 713
862 736
71 767
390 427
503 865
552 138
92 578
469 766
619 560
640 415
15 279
895 733
433 705
315 633
562 369
485 550
458 466
431 141
857 779
196 428
203 908
122 657
787 29
973 810
881 634
776 868
150 805
584 217
925 672
637 278
304 171
88 141
912 992
525 502
92 879
370 631
904 177
229 195
593 3
516 627
52 84
553 196
722 841
439 101
561 281
762 629
373 459
319 526
304 170
861 819
398 726
453 62
722 112
200 721
57 152
274 349
818 312
303 532
714 583
351 928
207 377
103 362
450 348
330 182
166 885
170 849
630 125
402 967
683 866
621 486
661 279
909 271
684 396
7 2
881 514
554 173
76 354
948 437
561 813
812 153
171 642
736 786
546 304
119 198
249 93
19 692
577 596
350 794
59 883
257 772
913 251
592 233
949 392
932 581
418 646
763 942
470 878
812 59
528 938
189 99
574 168
103 48
224 914
782 552
678 902
513 296
568 250
368 340
169 587
764 541
561 815
763 304
101 834
751 268
240 442
830 851
677 503
538 265
789 79
515 794
626 874
331 840
20 972
256 367
394 462
442 241
548 302
700 697
869 447
802 940
13 590
443 710
926 142
221 942
355 173
463 975
730 239
565 885
758 349
821 262
861 902
834 425
308 888
462 607
646 54
81 674
250 606
624 871
426 482
805 421
935 71
596 874
910 441
791 448
766 472
611 915
772 664
535 687
48 228
229 574
805 332
140 380
798 763
737 912
293 827
90 115
932 279
843 269
869 179
631 567
682 849
528 566
671 823
829 104
466 119
282 687
920 998
716 994
401 916
923 82
344 872
401 945
15 875
73 34
43 68
436 177
17 699
518 978
626 262
830 101
319 509
756 727
704 757
570 413
321 146
618 962
181 299
520 234
487 673
939 484
980 568
330 516
57 837
713 137
29 369
667 88
570 603
577 704
915 889
224 529
118 366
167 454
289 427
452 678
414 561
729 989
99 89
12 954
741 530
375 483
343 339
641 610
799 778
111 380
583 452
676 222
183 917
71 610
373 582
110 437
816 332
865 885
54 380
642 602
567 283
70 971
765 41
810 794
319 658
88 477
333 545
413 401
78 781
811 709
456 292
166 126
82 382
991 849
318 915
308 862
396 827
737 640
317 962
774 628
687 7
587 885
392 738
752 131
617 198
711 507
182 892
796 604
39 579
175 888
139 310
382 834
574 985
949 477
512 223
538 459
91 614
598 610
471 410
899 693
496 984
141 216
933 654
254 368
978 170
744 511
581 624
766 337
903 768
588 165
720 112
468 678
868 893
423 436
17 315
566 141
772 505
971 32
940 799
685 262
772 820
528 885
383 675
778 849
724 177
623 478
973 471
567 159
43 940
337 456
476 551
595 73
31 568
761 928
890 829
112 135
337 811
305 684
251 53
544 281
475 100
701 524
161 862
673 348
110 804
112 211
278 467
885 698
683 207
690 608
395 956
572 933
648 333
96 509
192 323
227 686
315 373
349 581
751 493
467 702
211 418
955 670
720 928
147 253
990 844
702 411
617 533
429 714
3 239
204 732
691 301
259 413
149 414
204 313
305 158
315 64
831 94
946 185
239 202
206 728
880 136
525 284
99 295
337 849
854 132
401 736
820 714
217 521
496 654
424 374
863 685
489 276
567 953
866 891
39 140
693 309
942 869
927 637
846 297
521 859
872 238
361 355
968 662
41 749
122 543
265 241
668 750
208 177
103 887
857 3
359 357
497 836
808 266
27 852
106 571
438 723
307 840
193 122
35 468
841 624
377 209
835 4
135 395
814 907
389 62
172 950
705 659
640 885
322 695
841 607
712 976
377 417
344 151
327 673
855 312
188 89
643 764
811 501
969 226
632 190
515 419
19 925
776 279
772 163
523 427
951 291
451 496
600 387
621 837
638 478
26 372
238 927
531 323
312 960
99 979
686 759
782 64
814 236
93 299
143 90
699 281
145 376
719 73
349 630
347 464
654 250
666 600
95 769
665 157
126 586
450 167
43 27
639 509
125 339
246 27
230 936
14 303
367 621
391 675
556 230
26 567
940 80
96 958
32 317
482 660
865 814
722 171
923 704
210 311
565 593
975 781
116 496
208 993
879 310
411 367
635 430
851 640
179 165
74 502
622 276
356 282
543 274
65 293
496 383
818 187
41 152
670 984
891 159
98 996
313 675
718 498
229 116
262 630
595 895
376 453
111 61
287 801
832 654
295 663
865 796
659 585
667 612
357 682
63 544
918 425
195 897
927 178
80 887
553 50
808 894
94 637
515 81
256 892
612 875
971 175
637 935
78 75
542 154
330 187
706 349
804 144
622 677
31 250
206 222
291 638
70 510
315 507
476 156
366 194
327 911
580 877
447 537
892 447
224 43
677 79
790 2
729 461
581 422
889 70
440 986
774 121
596 21
508 979
847 625
784 345
404 680
624 731
815 357
918 931
215 665
852 6
604 20
466 216
678 625
538 232
517 33
798 467
272 718
931 37
534 526
126 114
795 579
410 520
936 635
240 537
440 110
266 973
223 144
459 310
530 198
859 454
428 962
286 317
486 813
898 465
880 16
846 687
146 30
982 80
692 11
804 974
347 953
694 824
513 394
147 997
227 741
102 420
510 416
405 646
417 131
192 394
859 816
429 31
946 821
758 310
525 351
523 596
839 510
808 475
902 682
383 197
486 835
199 463
322 227
613 987
88 897
13 903
786 332
904 733
400 624
454 890
728 837
364 863
242 878
58 44
175 47
915 109
768 727
639 453
422 838
661 653
69 389
221 429
463 554
914 15
767 677
64 844
661 376
732 101
665 61
294 798
785 833
359 823
219 395
678 234
658 641
723 913
686 918
919 666
348 200
108 587
768 19
481 468
441 665
914 164
475 397
397 336
377 388
202 2
254 873
649 315
819 906
814 503
703 744
657 10
677 731
915 459
598 869
438 183
756 212
103 364
310 13
888 749
878 610
675 483
36 340
298 805
120 691
148 620
303 136
466 346
160 813
769 100
228 972
863 195
348 46
890 535
260 357
595 20
525 182
449 917
963 569
412 600
511 982
257 304
351 521
456 194
782 630
932 13
191 825
539 114
912 271
789 652
276 32
252 222
449 966
94 231
915 667
912 355
297 375
809 365
342 951
908 743
263 204
833 968
87 441
282 283
296 897
295 163
43 865
164 6
862 954
456 530
591 798
118 783
640 393
199 497
131 690
811 173
324 124
737 997
499 968
603 807
4 307
464 340
231 725
41 438
976 89
517 400
818 455
555 601
446 258
595 824
638 809
189 51
201 49
911 724
651 954
457 707
56 643
686 818
962 809
439 396
629 221
888 922
282 561
307 362
258 777
996 153
950 72
897 68
468 749
902 794
522 867
49 940
919 861
132 969
443 118
364 749
687 384
822 222
433 140
4 695
967 495
74 77
596 79
635 697
632 418
948 89
601 650
475 188
311 476
782 388
281 780
466 150
873 643
762 237
417 842
836 571
959 630
42 672
988 449
319 13
779 35
611 654
274 189
872 748
539 267
884 787
835 665
766 804
945 896
805 786
994 906
189 849
468 157
605 256
31 62
643 400
694 839
877 57
146 269
113 458
385 597
877 304
686 539
611 981
498 333
77 755
239 350
129 343
103 904
542 900
606 880
776 874
986 914
328 920
974 647
432 982
323 461
175 331
649 53
443 473
453 885
468 689
387 184
460 756
973 31
18 2
705 768
928 576
52 878
340 153
11 641
707 168
711 583
179 486
610 229
274 449
654 383
322 666
886 926
38 821
89 675
788 979
717 916
904 961
988 738
814 746
521 236
302 305
783 627
844 874
487 812
604 891
739 429
413 30
473 270
252 183
616 276
914 796
931 170
939 309
664 346
16 91
176 214
577 82
771 433
591 350
273 347
273 663
460 632
784 570
585 101
701 104
472 989
0 240
259 36
976 894
650 412
349 201
501 732
181 169
579 896
282 820
454 764
754 248
397 494
605 321
603 192
577 936
835 823
823 480
101 429
970 267
622 988
268 567
460 697
274 368
384 827
172 366
643 449
906 38
58 285
790 501
96 546
562 510
286 933
704 354
529 853
76 794
661 818
522 928
442 701
591 266
596 384
549 508
255 449
734 21
592 941
372 95
925 603
40 503
65 77
517 39
674 797
290 527
721 793
232 842
490 327
356 254
18 950
382 539
103 659
768 271
438 444
992 290
655 562
86 869
552 827
898 688
986 756
158 638
780 697
760 810
141 401
486 585
313 158
269 419
387 379
353 786
234 826
133 444
765 634
833 259
46 543
306 963
757 388
137 307
163 174
680 356
665 63
461 367
179 519
257 901
51 68
502 717
929 107
911 447
438 320
541 113
923 563
92 960
956 922
397 228
925 511
773 119
748 647
341 898
932 811
135 945
292 929
654 0
594 997
485 880
91 470
430 441
317 510
422 210
969 837
6 188
610 531
597 706
190 219
430 24
304 59
891 566
426 335
279 567
497 846
689 225
209 666
361 433
296 458
176 734
223 494
763 975
448 602
551 822
99 583
413 816
371 806
905 190
785 156
84 842
802 204
182 477
130 660
833 531
531 320
401 798
515 840
383 652
699 124
418 625
174 205
995 671
201 36
353 388
628 855
111 844
154 989
83 513
167 636
694 35
118 488
932 371
320 338
166 727
526 344
531 592
688 571
776 446
758 576
585 294
461 125
226 442
844 650
814 734
366 908
795 789
653 49
774 893
241 341
324 78
763 835
857 479
724 202
861 583
572 202
177 579
933 803
618 145
307 216
715 599
992 285
946 686
918 769
674 753
166 619
329 949
838 939
290 715
290 659
723 770
650 571
396 757
864 83
887 865
169 103
512 79
731 284
588 360
909 684
890 660
120 815
79 872
157 81
82 341
26 115
458 64
734 89
179 99
159 155
912 682
26 90
836 8
695 793
294 400
272 408
53 457
770 970
149 439
836 694
743 635
256 801
952 710
117 194
243 996
469 464
119 421
133 14
905 671
77 90
125 368
134 194
219 76
855 398
361 53
626 984
603 553
815 879
224 53
482 810
315 553
405 47
492 255
283 892
158 174
847 83
341 548
344 224
560 790
992 760
71 665
388 31
72 389
186 290
370 331
6 968
364 872
192 49
826 852
399 371
500 486
685 253
942 254
868 832
36 479
381 249
371 683
355 44
371 507
882 611
904 367
165 685
459 402
792 75
201 372
691 651
381 280
976 465
897 784
277 271
754 666
235 266
861 130
422 242
449 871
820 92
709 933
683 199
161 911
864 729
116 995
255 591
792 614
199 533
92 979
452 440
859 660
338 939
506 575
302 962
977 253
845 90
495 692
652 216
614 508
20 352
762 506
650 742
161 104
572 935
413 427
137 114
144 388
679 117
883 411
351 436
945 169
283 291
628 382
66 962
135 166
184 345
548 374
251 490
822 102
501 99
807 962
325 3
74 6
882 454
796 477
924 711
108 709
70 49
849 434
942 72
353 760
825 901
972 226
874 853
386 612
450 897
979 327
432 983
979 290
383 974
368 299
618 82
478 624
330 804
485 677
695 770
564 817
941 564
165 729
721 32
337 947
795 750
358 114
911 748
479 531
252 247
327 302
834 235
650 919
971 5
743 431
745 983
961 812
220 425
346 900
270 715
407 882
812 235
668 972
556 50
754 910
265 409
147 349
298 338
325 678
143 253
176 398
845 801
587 121
427 785
517 64
664 836
418 438
998 132
760 442
654 165
331 629
872 964
391 611
802 189
958 364
208 878
574 167
440 203
130 16
202 443
446 355
662 327
958 564
143 320
742 998
653 502
979 951
349 963
529 221
538 358
12 581
314 452
526 802
520 543
459 725
67 360
498 879
134 242
997 972
452 528
936 776
554 52
200 692
686 11
325 618
467 953
367 475
493 692
109 372
568 507
74 107
265 792
23 155
676 226
735 145
598 466
147 790
791 488
223 443
649 527
613 786
270 213
225 67
741 965
960 208
566 513
809 693
506 778
919 455
935 137
534 937
135 59
383 304
55 691
324 509
900 350
247 174
111 669
435 893
442 181
662 173
682 824
719 975
637 869
950 129
218 134
873 509
525 973
250 762
6 170
502 946
267 751
293 825
760 94
120 702
57 62
280 878
48 286
427 280
625 696
863 843
253 503
568 298
555 236
814 253
264 308
194 934
738 576
267 811
843 353
179 319
101 467
705 79
378 978
885 984
863 227
725 51
805 545
834 446
554 597
198 906
432 845
376 963
209 36
501 464
338 755
370 93
359 731
790 849
342 172
500 747
69 387
998 365
360 798
251 423
29 889
735 230
832 768
470 220
877 32
262 644
994 258
251 534
897 308
784 980
877 990
882 233
875 37
548 857
483 831
573 517
535 895
825 287
185 564
669 591
108 745
882 86
410 899
386 410
710 992
610 221
254 922
135 846
963 817
683 119
206 249
630 845
780 514
832 225
189 393
658 619
548 241
431 95
50 814
189 498
183 256
94 135
355 503
5 110
562 707
160 446
308 299
298 888
770 194
375 348
105 881
235 562
940 677
723 0
899 766
987 442
357 468
213 623
782 16
769 846
805 941
26 913
608 517
961 463
882 562
920 59
532 126
273 82
806 12
836 257
515 166
261 668
367 965
582 287
820 65
214 178
996 57
785 406
174 433
55 384
228 750
170 99
502 569
271 389
321 574
46 563
360 103
627 799
418 603
193 704
205 946
770 860
196 134
468 400
687 381
87 64
340 197
357 334
750 950
1 417
774 607
537 697
128 506
162 29
791 239
486 451
951 683
302 504
864 363
535 551
450 600
772 134
519 542
723 298
351 329
659 787
727 237
467 678
312 462
161 33
511 814
265 295
387 732
388 810
93 68
682 685
544 752
829 848
771 804
445 184
508 996
869 493
505 223
612 970
385 568
827 181
358 604
199 983
420 865
884 317
678 100
512 64
228 852
126 816
511 854
297 146
681 823
119 507
473 737
251 234
774 72
423 789
149 532
581 182
303 894
626 704
824 822
513 233
391 696
184 265
868 872
18 263
553 411
631 683
229 909
558 527
719 89
143 250
654 180
557 47
893 751
341 593
328 518
111 955
987 3
726 516
27 153
260 545
424 800
496 721
562 365
963 484
62 278
315 443
108 824
362 106
613 252
124 548
19 467
27 550
382 90
181 294
606 142
325 146
577 317
486 854
581 480
545 610
74 777
273 929
188 254
11 948
357 163
430 533
730 358
515 797
107 548
634 739
7 52
406 900
617 366
320 943
978 286
82 894
223 815
361 130
781 961
61 884
649 441
840 824
580 356
78 384
644 544
573 518
581 359
653 543
745 814
184 673
62 849
441 926
277 104
527 981
298 320
35 70
483 245
729 529
466 173
663 201
907 619
125 282
490 35
980 246
911 81
936 823
142 970
97 512
938 332
272 738
566 953
536 645
100 707
170 726
471 504
764 722
158 557
304 82
522 535
512 798
555 923
651 681
33 565
593 19
439 488
175 884
148 326
665 126
264 315
329 570
701 581
750 111
20 473
759 28
231 718
827 813
193 475
524 368
862 3
283 264
12 61
875 340
139 460
410 691
682 248
92 789
44 941
183 955
107 536
105 87
47 208
179 697
704 112
860 933
925 948
259 925
579 517
16 697
724 846
400 873
64 534
433 272
565 779
159 624
304 207
331 930
150 556
410 379
566 320
788 82
316 476
104 48
337 999
99 678
457 279
411 844
268 490
334 566
140 782
871 577
526 318
266 521
178 739
220 869
745 461
202 222
683 122
78 959
167 609
310 573
220 931
187 670
579 396
668 321
644 861
4 861
249 565
867 515
464 797
853 480
902 945
442 7
909 623
407 313
558 326
34 830
906 526
798 534
28 461
548 153
862 179
348 782
284 808
940 331
129 366
255 585
306 810
791 842
634 546
886 235
391 909
58 614
848 265
865 719
565 838
390 927
726 866
220 567
723 882
678 464
286 272
817 715
263 779
405 791
140 370
99 748
332 955
188 199
817 624
390 996
399 183
837 886
942 866
765 593
120 11
141 916
502 434
976 542
509 208
721 353
849 918
223 295
0 150
522 11
108 547
240 403
364 934
516 528
388 790
676 493
614 522
979 628
398 922
283 219
706 281
242 663
554 871
297 501
79 568
608 677
125 394
129 901
272 123
409 570
347 319
207 659
753 559
99 588
189 721
987 314
164 219
609 418
828 515
705 503
230 801
823 312
370 472
223 877
279 523
363 122
503 24
278 929
226 333
241 392
921 604
425 999
560 405
799 339
317 303
984 482
823 164
586 647
604 471
365 496
441 236
916 9
443 718
946 814
667 908
609 326
105 498
754 171
370 262
878 627
329 442
521 195
290 476
969 597
231 114
675 950
987 311
461 783
898 696
103 393
737 901
640 724
412 47
731 192
846 597
739 117
954 568
822 726
353 20
780 347
593 777
576 797
38 353
894 980
271 902
483 283
543 220
101 419
293 233
636 287
961 417
974 420
922 584
811 405
196 817
234 806
169 432
477 90
464 735
49 307
509 729
195 447
294 435
290 210
994 590
584 309
173 632
661 170
992 149
956 370
72 163
98 630
741 70
500 37
540 238
81 876
27 459
146 646
168 150
981 1
435 257
135 911
5 337
519 506
863 157
800 743
786 397
110 470
489 166
314 165
299 147
973 25
678 474
396 975
64 770
629 685
361 195
627 352
482 874
890 499
575 353
155 261
742 337
178 837
715 367
180 43
679 904
591 953
421 774
847 993
918 43
617 21
27 632
760 699
503 621
83 599
835 716
299 717
793 619
443 203
984 197
558 647
124 331
524 985
693 123
610 375
539 451
858 508
41 974
552 883
17 794
719 765
852 714
384 303
344 144
779 758
166 618
916 490
400 560
591 575
415 894
470 621
476 961
742 47
546 735
487 486
231 168
613 734
509 172
665 617
635 244
721 196
715 572
578 175
10 144
832 79
372 451
87 988
75 502
894 46
317 821
324 999
478 507
941 59
89 157
954 771
992 488
36 70
285 692
918 558
554 371
884 697
613 128
116 151
817 751
367 99
727 456
106 742
850 452
166 937
373 289
427 197
246 35
877 129
491 273
166 552
52 783
803 615
614 576
443 535
808 731
192 982
736 832
999 711
224 537
45 713
267 455
180 31
122 21
971 724
632 301
522 846
86 639
913 547
244 884
700 872
643 393
972 252
62 479
125 115
688 102
957 820
478 198
747 64
700 339
177 340
51 960
397 978
293 114
995 657
887 362
480 816
298 26
370 253
374 135
454 412
18 55
773 568
969 676
726 454
536 560
612 654
731 940
177 951
313 220
374 53
214 458
11 395
380 824
268 50
579 538
779 698
376 602
639 557
912 432
896 489
36 350
767 781
947 545
114 847
550 385
762 277
52 307
604 109
782 985
329 772
681 250
410 153
308 399
761 353
280 115
386 435
952 882
571 828
423 280
452 969
888 774
490 781
775 679
625 845
272 356
73 688
322 932
931 815
883 713
347 823
953 325
702 356
29 155
902 270
425 181
146 538
975 303
918 219
11 121
504 113
911 644
741 385
784 315
382 524
227 12
562 737
626 345
675 825
985 988
957 193
119 526
370 771
331 935
822 794
687 825
845 576
8 413
859 432
739 643
268 187
169 168
338 637
120 576
363 805
398 65
614 300
204 62
476 509
770 166
365 855
259 316
833 55
58 261
434 879
557 794
878 371
247 269
206 812
797 692
186 915
387 412
501 682
780 54
309 193
750 627
418 194
997 434
822 366
408 994
767 658
734 143
614 28
348 573
106 656
386 271
444 32
735 274
896 525
150 191
747 342
697 177
32 290
492 93
714 87
221 78
328 660
348 712
584 551
556 738
623 678
881 83
683 111
696 745
604 46
105 882
452 434
887 526
847 254
160 329
296 3
712 394
125 266
927 228
141 688
265 93
998 82
879 801
261 524
423 62
354 832
169 69
479 310
144 118
593 211
525 16
154 19
5 298
979 488
73 613
423 299
51 593
694 187
662 314
646 804
230 779
646 890
610 753
937 301
871 142
664 358
503 396
804 593
429 735
196 629
667 188
583 232
466 368
239 616
133 650
878 209
832 195
507 665
417 438
54 754
467 261
53 599
343 954
244 430
189 208
249 101
969 986
856 85
741 449
286 981
690 101
221 26
509 372
408 896
593 939
671 635
590 465
218 186
210 780
357 689
896 919
815 795
996 28
496 64
865 336
142 99
762 523
234 427
395 611
416 212
630 646
430 222
853 675
199 272
947 154
885 550
309 170
413 445
839 271
119 40
384 87
91 654
832 447
542 485
588 161
52 617
4 14
72 996
991 524
110 952
186 70
547 373
818 587
230 693
149 452
24 943
438 535
321 362
438 245
883 526
601 628
615 102
760 574
960 505
750 475
490 715
127 544
841 749
63 3
102 955
431 234
916 242
440 128
699 585
7 913
812 332
23 996
324 257
986 879
794 559
595 807
223 456
969 543
37 644
494 941
708 880
248 453
59 706
50 410
927 923
659 803
727 709
368 606
206 650
305 11
184 295
377 885
68 900
84 754
400 206
348 159
97 275
193 749
490 206
429 448
194 432
651 620
348 821
290 615
353 339
575 443
30 687
569 633
100 416
335 641
132 327
670 393
747 49
180 412
479 906
890 394
426 50
521 77
645 864
31 551
689 187
648 897
798 66
439 328
419 824
602 603
519 660
409 335
740 541
909 886
455 897
533 70
5 11
652 179
844 474
315 935
480 454
645 377
15 669
5 926
30 383
166 600
324 172
63 232
734 847
23 380
51 129
770 529
91 364
751 759
923 629
214 63
468 919
844 93
676 190
18 765
787 37
102 375
71 76
105 344
721 312
656 869
527 546
388 74
667 582
878 901
115 234
743 865
812 438
715 106
983 264
635 580
807 123
411 223
241 122
91 358
134 846
659 498
541 283
240 186
841 937
761 398
697 873
286 710
273 147
50 64
89 168
478 967
439 894
57 16
550 594
512 432
547 772
720 683
207 8
460 539
613 787
804 607
784 199
242 471
226 371
418 50
171 823
102 890
227 743
506 432
195 838
60 821
454 584
873 378
223 891
896 941
357 829
345 841
945 807
540 911
229 502
242 594
576 414
757 602
267 706
615 390
404 389
819 617
690 475
945 859
876 676
308 817
550 784
517 513
48 684
900 281
603 529
81 528
736 494
828 842
664 101
360 956
122 339
776 23
363 740
967 548
586 860
857 29
442 861
503 838
122 895
991 594
967 721
946 537
857 825
742 406
749 967
392 415
819 228
412 976
513 227
392 374
94 260
927 990
505 318
196 254
458 799
165 620
611 259
660 528
843 518
684 91
335 823
67 575
222 553
863 814
808 857
122 6
28 353
244 820
136 258
274 316
142 122
631 612
597 960
656 173
491 65
627 980
996 887
206 853
69 847
433 202
124 122
451 866
272 778
197 696
40 881
587 545
787 842
994 622
261 511
822 64
389 908
117 236
430 632
97 485
51 532
756 804
141 335
169 193
985 224
16 953
394 229
688 925
76 313
950 384
837 159
372 607
835 39
249 184
539 318
526 23
607 38
757 63
339 821
613 677
560 387
358 392
479 740
198 673
740 700
622 918
639 804
696 787
126 148
170 869
448 412
270 848
875 363
379 547
721 405
470 758
647 18
757 565
898 778
556 525
668 921
801 530
883 950
509 340
237 404
883 689
854 444
988 174
877 714
263 115
976 793
951 265
9 413
878 757
326 717
817 348
270 140
506 258
748 498
613 741
978 419
290 60
128 756
452 695
286 16
124 887
566 720
750 982
942 0
26 490
201 595
462 799
298 325
693 285
268 461
136 11
158 506
718 437
745 628
424 907
358 691
151 402
437 251
929 489
3 555
399 38
89 145
768 171
138 250
251 410
64 193
193 11
4 824
401 752
409 788
104 327
337 714
983 53
773 995
126 244
617 913
926 686
664 779
790 546
372 964
900 78
508 773
814 916
665 526
865 567
951 754
152 167
261 394
257 380
142 988
560 981
497 987
234 430
463 890
377 212
167 798
732 677
690 419
724 797
685 813
860 649
345 319
485 266
653 131
123 0
864 379
136 704
617 625
651 917
593 24
676 934
816 526
589 668
710 259
506 116
871 659
208 200
389 736
343 540
107 234
11 330
597 510
36 61
589 777
242 765
976 951
646 24
578 492
609 998
9 94
602 408
710 867
324 311
809 994
612 539
703 935
781 69
491 826
154 120
60 960
416 984
862 465
826 329
342 559
974 20
732 448
769 840
309 746
952 359
84 28
852 572
618 555
74 110
705 596
61 898
151 851
574 738
18 213
735 60
369 557
974 55
114 580
193 999
984 532
485 9
404 966
627 693
748 26
203 470
142 887
766 330
557 442
547 120
541 592
822 522
491 669
482 240
751 657
129 358
792 134
539 665
528 971
333 130
225 971
611 208
904 929
379 471
31 458
800 20
452 40
410 596
44 947
205 687
521 759
723 957
731 635
753 657
550 493
393 729
891 288
329 709
562 394
606 131
731 150
751 31
420 148
982 311
158 892
34 265
143 111
203 360
110 743
975 73
827 401
346 40
551 18
53 170
723 631
762 503
154 182
155 714
808 571
952 627
581 957
431 42
968 8
412 192
207 305
667 222
650 713
994 32
950 173
955 214
476 50
488 403
263 278
711 642
88 539
619 547
454 852
87 481
585 476
588 528
569 943
207 576
662 875
826 189
54 151
509 496
860 655
73 363
484 981
605 423
201 322
900 745
548 504
648 259
707 684
413 323
161 864
783 774
424 536
916 648
213 38
265 607
242 269
670 684
818 710
232 366
895 56
556 705
906 207
185 642
110 338
463 543
21 997
341 274
858 518
777 463
812 637
948 133
847 758
807 305
997 976
474 373
386 691
488 419
776 567
927 852
527 897
259 580
21 240
296 779
408 222
868 569
244 328
582 396
474 298
950 109
864 46
459 246
789 104
59 875
539 834
407 143
403 211
189 83
509 759
431 541
160 995
373 85
698 981
565 602
915 502
408 793
871 880
921 763
433 32
935 200
129 987
538 74
464 810
737 43
849 427
796 911
332 87
60 909
794 403
375 361
348 165
47 966
585 881
803 436
405 208
920 507
996 293
728 750
970 787
849 701
301 375
864 548
483 369
242 348
699 243
548 449
399 868
612 204
659 367
-1 -1 -1 42693 -1 -1 -1 7568 -1 -1 -1 -1 65162 -1 -1 -1 -1 -1 -1 -1 -1 -1 -1 50170 -1 50194 -1 -1 -1 -1 -1 -1 -1 -1 -1 -1 -1 -1 -1 -1 -1 -1 -1 -1 39114 -1 -1 -1 -1 -1 42947 -1 -1 -1 -1 -1 -1 -1 64893 -1 -1 -1 32098 -1 -1 -1 -1 -1 47749 -1 59171 -1 -1 -1 -1 -1 -1 -1 -1 -1 -1 -1 -1 -1 -1 -1 23407 48104 16508 -1 -1 -1 -1 19563 -1 -1 -1 54561 -1 -1 -1 -1 -1 -1 -1 -1 -1 -1 -1 -1 -1 -1 -1 827 -1 -1 -1 -1 -1 34731 14923 41155 43116 -1 -1 -1 -1 -1 2247 -1 -1 -1 -1 -1 9003 -1 53869 -1 -1 64115 54132 -1 -1 -1 -1 -1 -1 -1 -1 -1 51630 -1 -1 -1 -1 -1 -1 -1 -1 38980 -1 -1 -1 -1 38974 -1 -1 -1 33886 -1 -1 -1 57377 -1 -1 -1 -1 -1 -1 -1 -1 -1 55856 -1 -1 -1 -1 13100 -1 -1 -1 11189 -1 1216 -1 -1 -1 -1 -1 -1 -1 -1 -1 22811 -1 -1 45288 -1 -1 -1 -1 -1 -1 -1 -1 5884 -1 -1 -1 53515 -1 -1 39641 -1 -1 -1 -1 -1 -1 -1 -1 -1 -1 -1 -1 -1 48142 -1 -1 40401 3876 -1 -1 -1 22479 5333 -1 -1 46101 -1 11978 -1 -1 -1 37051 48240 -1 -1 -1 -1 -1 -1 -1 -1 -1 -1 -1 -1 -1 -1 54546 -1 -1 -1 -1 -1 3655 -1 -1 -1 -1 -1 -1 -1 -1 -1 -1 -1 4779 -1 49370 -1 39824 -1 -1 -1 924 41565 -1 -1 -1 -1 -1 -1 -1 -1 -1 -1 -1 -1 -1 -1 -1 1689 -1 -1 40204 -1 -1 -1 -1 -1 -1 -1 -1 -1 -1 -1 -1 -1 -1 28972 -1 56889 -1 -1 -1 -1 25955 -1 -1 -1 -1 -1 -1 -1 -1 -1 -1 -1 -1 -1 -1 -1 21233 64005 52967 -1 -1 -1 -1 53930 -1 12297 -1 -1 -1 -1 -1 -1 -1 -1 -1 -1 46789 20265 -1 -1 -1 -1 29612 -1 3229 -1 37700 -1 -1 5808 -1 935 -1 56572 -1 -1 -1 -1 20284 -1 -1 -1 -1 -1 19692 -1 -1 30618 -1 -1 -1 -1 -1 -1 -1 -1 -1 -1 -1 -1 -1 -1 -1 -1 -1 -1 -1 23806 51334 -1 -1 -1 -1 19136 -1 -1 -1 -1 -1 -1 17174 -1 -1 -1 -1 -1 -1 -1 60363 -1 -1 -1 35903 -1 -1 -1 -1 -1 48895 -1 -1 -1 -1 -1 -1 -1 -1 -1 -1 20905 -1 53067 -1 -1 -1 -1 -1 -1 38226 -1 -1 -1 -1 -1 -1 -1 -1 -1 -1 -1 -1 -1 -1 -1 -1 -1 -1 -1 -1 -1 -1 -1 59029 -1 -1 37485 29760 -1 -1 -1 25800 -1 -1 -1 27233 -1 -1 -1 -1 20741 -1 -1 -1 -1 -1 -1 -1 -1 -1 -1 -1 35557 -1 -1 -1 -1 -1 -1 -1 -1 19132 -1 -1 -1 -1 46511 -1 -1 -1 36241 -1 -1 -1 -1 -1 6786 -1 -1 -1 -1 55748 -1 -1 -1 -1 -1 -1 -1 -1 -1 -1 7691 -1 -1 -1 -1 -1 -1 -1 -1 -1 -1 61286 -1 4032 2359 -1 -1 -1 -1 -1 -1 -1 -1 -1 -1 -1 -1 -1 61165 17989 4202 -1 -1 -1 -1 9574 -1 -1 -1 27353 -1 -1 11504 -1 -1 12080 55132 -1 44952 -1 32962 60578 32558 -1 -1 -1 37898 -1 -1 -1 -1 -1 -1 -1 -1 -1 -1 -1 -1 -1 -1 36181 -1 -1 -1 50129 15559 -1 -1 -1 -1 -1 -1 -1 52329 -1 -1 9263 58271 55640 -1 -1 55113 -1 -1 -1 61832 -1 10217 -1 45337 -1 -1 -1 -1 -1 -1 -1 -1 -1 20098 -1 -1 10698 -1 -1 7554 -1 -1 -1 -1 -1 -1 -1 58115 22276 -1 -1 -1 -1 -1 -1 -1 13671 -1 -1 6961 -1 -1 -1 -1 -1 -1 -1 -1 -1 -1 -1 -1 -1 -1 -1 -1 -1 7027 -1 -1 -1 6570 -1 -1 -1 -1 -1 -1 -1 -1 -1 37346 -1 -1 -1 -1 -1 -1 -1 -1 -1 3514 58010 -1 -1 -1 -1 -1 29533 53628 -1 -1 65167 -1 -1 -1 -1 -1 37226 -1 -1 -1 46618 -1 -1 60671 -1 11923 49836 -1 21259 -1 49836 -1 -1 51758 -1 -1 -1 65343 -1 -1 -1 50536 46341 -1 -1 -1 -1 -1 -1 -1 -1 -1 -1 35102 -1 -1 -1 -1 -1 -1 -1 -1 21154 -1 25282 -1 -1 63931 -1 -1 -1 -1 -1 -1 61357 -1 -1 -1 -1 -1 -1 -1 -1 -1 -1 -1 -1 -1 45115 -1 -1 -1 -1 -1 31515 -1 -1 -1 -1 -1 -1 41656 -1 2499 -1 11003 17068 -1 -1 -1 -1 3415 -1 -1 -1 -1 -1 -1 31863 18054 -1 -1 -1 51579 -1 -1 -1 -1 15199 -1 -1 -1 -1 -1 -1 37691 -1 -1 35051 -1 -1 -1 -1 -1 -1 20741 -1 -1 -1 -1 -1 -1 -1 39913 -1 -1 -1 -1 -1 -1 -1 -1 -1 -1 64182 -1 -1 -1 41044 -1 -1 -1 -1 -1 -1 -1 -1 -1 -1 -1 -1 -1 -1 -1 63333 -1 44057 -1 30858 -1 -1 -1 -1 -1 -1 -1 -1 -1 5639 -1 62837 -1 -1 -1 -1 -1 -1 -1 -1 -1 21900 -1 -1 -1 -1 -1 -1 -1 -1 -1 27031 -1 64616 -1 51489 -1 23003 -1 50279 -1 -1 -1 -1 24507 63576 -1 29772 -1 -1 -1 -1 -1 -1 588 -1 -1 -1 -1 -1 -1 -1 -1
9
0 868 5 329 9
1 850 11 123 12
1 769 12 853 11
1 489 9 496 12
0 955 8 107 0
0 569 12 645 9
1 391 7 658 13
0 243 14 281 1
0 517 12 732 5
