1000 5000
813 668
804 61
843 157
472 451
807 163
165 868
873 869
855 741
750 884
168 399
167 568
892 95
749 613
719 304
296 956
911 336
820 75
883 783
313 743
872 706
773 737
344 863
707 212
646 569
856 175
68 542
323 218
269 865
37 730
145 558
310 785
564 884
434 591
870 32
559 86
472 50
120 387
570 107
374 308
825 801
542 14
211 527
872 883
518 174
804 961
248 114
748 453
27 766
285 374
663 460
410 283
103 145
354 827
136 642
582 512
45 814
469 472
744 929
984 360
280 151
586 52
263 801
254 297
985 512
515 520
280 405
602 228
722 247
354 451
454 297
478 541
19 959
408 691
455 184
641 330
950 132
805 261
235 219
942 586
516 690
195 900
530 909
166 924
340 638
530 567
153 335
201 93
972 980
698 29
295 740
0 5
897 283
398 283
218 328
712 425
308 716
518 594
763 584
711 670
195 928
701 964
139 165
553 602
434 861
734 71
621 236
573 379
871 609
269 767
581 184
562 986
465 723
960 547
392 462
913 299
184 787
828 99
293 141
838 183
889 550
113 594
654 33
779 113
115 581
265 276
760 315
503 933
826 497
1 400
453 243
434 203
245 150
492 268
391 4
474 921
465 413
579 726
806 225
443 536
453 789
65 790
263 547
808 289
246 901
423 340
102 131
616 332
65 256
483 29
901 934
605 542
77 596
563 162
325 310
89 237
808 4
833 976
258 976
496 286
323 276
784 209
696 446
196 601
661 432
494 118
651 607
530 856
673 937
222 981
712 688
89 809
816 465
379 594
84 675
970 905
636 290
549 326
288 486
7 697
295 545
616 827
676 311
920 272
74 813
706 931
396 715
671 386
549 641
680 320
22 165
713 945
228 558
780 518
377 727
392 427
610 440
470 779
395 137
246 297
112 96
247 8
533 162
582 489
390 462
147 83
262 106
175 487
836 449
10 359
663 235
3 634
762 118
288 768
39 878
831 420
609 507
477 221
614 132
444 73
89 99
617 427
340 335
684 485
358 473
550 277
456 395
952 418
123 771
211 881
779 212
227 937
522 433
756 227
903 958
59 896
41 468
690 487
775 209
884 420
598 81
363 984
575 426
702 838
289 528
914 390
351 59
588 106
885 676
66 662
66 46
354 509
274 9
47 328
663 604
538 955
44 866
796 632
962 627
966 957
14 22
489 638
659 779
658 678
726 501
869 704
890 237
392 309
812 855
52 542
633 277
190 219
457 788
214 138
233 788
372 533
142 159
359 629
278 562
35 544
413 223
327 571
401 995
50 341
571 304
852 65
641 383
292 918
78 255
836 598
429 926
988 565
190 360
407 122
635 49
220 182
569 287
572 841
15 627
551 114
452 854
71 675
248 20
663 105
158 663
9 395
639 95
706 847
661 486
735 447
759 771
499 290
458 579
800 293
108 40
104 686
980 750
736 215
459 279
790 393
707 293
543 572
719 584
535 467
744 684
708 815
407 654
839 801
352 577
227 85
231 853
770 892
85 174
860 262
995 167
224 961
791 158
32 961
136 750
910 206
633 168
395 750
544 490
265 692
541 913
937 996
694 205
706 973
178 774
885 461
855 719
484 458
10 286
43 885
707 804
675 209
669 136
128 215
554 849
113 81
81 960
148 719
256 385
136 937
155 909
571 280
896 754
385 74
270 812
765 990
724 82
626 240
381 612
315 705
398 471
143 986
805 6
595 704
719 933
830 751
662 207
905 736
722 982
923 273
302 446
493 381
485 675
468 943
698 770
502 692
628 409
472 692
459 11
911 689
890 589
996 153
132 41
248 77
854 856
248 125
45 939
64 446
247 309
931 539
47 796
246 257
316 194
338 78
632 445
887 385
755 687
988 456
679 508
772 801
604 889
3 348
947 84
563 132
430 491
474 360
918 228
271 580
116 672
798 202
799 289
30 100
130 363
747 400
723 426
187 104
769 259
665 726
483 808
92 811
73 226
473 111
311 448
909 687
692 119
90 948
589 939
991 409
971 562
981 891
102 168
338 180
912 400
449 476
623 109
5 453
549 462
392 879
891 509
847 152
412 593
629 774
879 131
966 562
299 170
908 476
259 801
830 736
133 766
947 366
279 868
226 713
904 732
744 391
389 262
626 102
986 753
916 459
355 589
361 868
899 593
736 162
71 988
613 447
885 503
27 364
26 192
182 325
386 490
517 338
537 399
412 706
951 465
61 333
759 324
811 457
241 623
771 444
249 817
555 613
29 345
403 74
69 906
407 810
138 25
902 114
900 170
229 86
911 304
67 991
284 707
780 395
129 397
755 524
540 232
811 86
766 6
160 18
514 869
671 578
913 600
929 793
290 871
43 604
746 396
473 312
966 235
887 429
532 229
862 498
706 825
247 30
261 925
184 170
158 219
166 520
923 778
4 286
512 139
275 374
176 609
218 556
593 955
22 908
175 189
234 918
377 698
693 386
893 94
902 743
454 577
808 367
434 182
136 374
245 704
225 992
571 214
647 42
630 286
109 366
623 168
89 116
292 57
575 262
625 432
233 903
537 346
340 415
652 937
114 820
650 355
825 866
581 983
529 867
626 663
858 279
992 811
8 759
913 219
529 820
748 816
552 776
43 306
748 656
322 450
747 163
518 377
498 738
985 429
908 199
306 856
913 376
354 52
94 285
269 934
484 415
318 745
372 294
998 773
829 996
520 366
2 689
559 148
405 928
607 35
992 475
289 968
119 504
450 718
70 250
615 558
306 863
162 279
243 524
92 951
694 466
325 354
221 42
253 364
32 286
230 405
849 931
765 273
714 103
885 231
221 359
764 429
800 632
627 311
455 987
65 58
480 997
741 679
111 595
455 520
335 855
988 349
935 185
313 350
576 108
61 971
493 299
46 295
607 908
796 753
136 887
621 363
762 725
58 900
863 632
450 80
59 411
975 92
126 616
216 30
959 971
95 627
328 416
121 129
447 588
857 359
900 398
651 904
856 582
736 257
261 518
851 294
194 358
220 129
78 246
863 69
31 992
532 897
679 778
781 532
604 832
169 516
254 214
762 501
777 746
120 979
221 812
498 102
487 126
172 900
362 288
180 190
543 107
470 168
178 439
359 351
447 737
476 706
417 662
54 636
728 516
915 125
525 753
817 146
48 370
79 592
728 935
461 381
655 119
596 431
176 163
595 720
114 220
824 10
824 736
736 192
552 44
473 59
303 635
955 521
487 738
743 828
258 87
585 600
543 955
264 719
364 643
224 306
714 890
664 400
9 198
761 868
898 614
490 476
471 820
925 470
854 682
38 670
836 647
463 243
21 214
891 863
456 752
859 11
770 513
387 140
868 703
860 661
657 723
427 199
923 210
617 262
35 736
488 960
274 74
676 845
129 13
749 686
537 991
627 283
708 971
497 124
768 335
839 206
32 479
445 387
717 964
2 632
601 812
798 391
419 429
802 197
398 687
193 303
41 741
42 262
850 130
1 467
266 592
52 462
922 560
10 393
618 279
410 652
584 760
866 986
197 158
330 964
16 623
735 518
457 328
679 4
973 140
575 909
276 204
578 452
715 915
884 126
462 575
694 192
561 998
710 436
482 187
276 475
821 833
787 842
606 640
130 487
683 325
431 899
808 310
884 266
682 347
437 273
356 667
323 424
676 312
618 714
663 418
913 400
388 338
156 868
638 239
842 648
750 253
436 891
434 189
437 281
313 649
292 501
823 299
129 849
697 972
374 770
499 660
797 395
1 350
584 742
773 809
953 570
757 167
205 525
623 222
457 435
448 178
391 431
297 315
234 493
347 45
614 509
951 329
460 134
307 573
730 669
599 697
24 737
65 905
82 386
433 648
212 148
254 75
433 620
771 607
596 410
345 98
530 591
454 455
595 529
654 75
985 90
180 375
401 219
344 540
339 158
691 53
169 126
583 351
813 996
719 850
987 940
966 332
444 464
24 850
940 149
674 629
221 90
110 230
421 715
506 582
460 546
927 442
953 458
975 931
672 975
142 647
15 133
786 541
602 380
205 895
523 266
318 455
792 301
444 583
365 653
555 804
932 320
621 258
770 507
612 828
789 954
96 378
227 379
844 215
30 192
526 264
829 777
34 949
313 220
132 482
984 697
245 319
25 669
67 193
921 158
604 575
322 834
214 735
907 465
96 242
894 329
944 82
367 33
158 135
131 802
911 909
549 491
673 478
303 716
651 378
202 209
834 490
65 293
282 966
755 157
122 175
779 714
78 617
223 35
189 638
548 269
974 458
63 300
151 752
192 458
556 641
618 509
454 998
359 938
710 143
997 290
279 840
59 484
182 604
505 645
397 307
854 460
314 989
83 68
317 88
552 419
888 394
845 566
405 457
200 978
415 376
423 20
280 633
241 721
948 284
995 859
813 118
539 981
645 37
476 420
989 148
808 775
606 508
65 150
958 329
793 510
723 237
885 838
904 178
334 455
53 635
448 629
72 840
5 815
575 823
787 382
167 932
460 58
944 843
916 894
950 498
707 411
862 461
430 873
891 430
417 987
575 18
180 133
214 792
811 760
993 850
372 133
281 153
570 935
376 691
451 816
762 790
621 521
578 745
916 566
980 649
132 662
121 981
547 129
569 735
980 293
896 749
267 796
920 438
293 287
59 498
846 923
717 76
440 511
599 76
10 201
440 901
381 267
486 945
867 191
756 261
526 450
931 178
37 231
66 729
108 192
849 600
507 533
834 680
511 139
642 782
265 109
152 986
863 230
927 379
525 863
705 187
973 550
979 129
368 920
390 383
502 702
331 488
465 844
511 430
414 489
305 448
547 125
667 241
531 270
204 701
100 962
577 890
790 928
558 217
296 531
367 818
431 81
70 114
164 377
763 363
234 269
916 498
233 707
471 353
626 251
195 911
881 467
691 716
485 422
894 40
590 641
422 116
862 123
886 344
271 411
500 549
546 173
48 50
175 394
73 505
949 457
183 722
293 242
410 675
557 188
188 391
424 886
622 315
516 734
550 916
525 129
42 126
465 64
176 463
552 862
903 247
687 824
408 140
159 399
734 736
889 652
155 554
563 194
383 131
66 747
237 547
690 532
178 9
75 155
284 181
244 721
757 284
360 268
320 266
401 484
837 220
759 423
879 804
489 944
60 682
208 519
124 831
658 247
822 519
97 821
894 486
89 588
233 139
610 578
726 485
447 665
171 848
231 379
136 870
99 697
721 84
710 299
793 999
694 938
601 23
590 66
378 853
74 374
903 618
717 605
113 470
445 964
372 682
199 407
767 59
599 617
583 706
378 612
127 755
865 152
2 500
128 7
64 403
281 565
992 7
271 195
839 708
429 276
276 767
941 782
339 32
177 50
681 768
225 469
151 15
696 814
291 496
117 768
600 603
811 144
694 564
519 915
670 549
383 941
20 852
851 640
955 706
521 694
522 42
368 225
123 5
91 189
482 464
867 872
182 896
562 913
964 585
293 923
813 398
729 124
908 779
905 297
394 189
803 753
55 202
336 107
79 593
8 485
626 248
882 910
228 127
29 517
596 233
214 313
244 160
986 641
953 684
330 410
252 779
585 978
886 365
309 278
694 150
614 823
484 212
916 397
332 154
38 887
272 844
146 791
56 527
46 197
178 446
838 128
337 275
624 241
67 302
651 668
237 483
319 27
544 388
19 313
728 677
543 621
807 704
477 687
59 624
551 194
850 169
327 81
287 806
341 450
786 378
966 580
399 175
352 43
938 518
118 434
81 120
151 412
508 165
278 436
626 130
753 453
386 833
133 322
43 350
826 380
821 817
670 731
360 124
215 71
802 894
806 876
807 362
329 555
891 668
626 976
777 761
525 735
569 4
907 41
85 497
722 18
470 972
408 716
437 998
976 702
458 698
859 225
862 787
737 314
984 827
764 135
34 213
383 184
55 24
384 721
500 290
955 353
228 516
232 931
20 587
807 550
967 346
967 510
314 260
685 209
467 219
638 545
574 226
228 141
633 407
732 870
746 810
851 740
738 392
17 725
915 750
401 27
937 334
8 147
56 355
424 640
715 462
534 886
666 268
589 10
42 203
831 426
782 477
289 569
643 51
758 203
367 821
471 464
413 279
846 190
602 896
447 125
24 929
268 1
642 716
119 569
998 542
853 885
692 100
425 387
300 30
974 620
384 714
277 218
537 960
820 326
529 419
425 707
904 434
253 316
858 842
899 958
535 59
354 571
266 997
32 336
997 157
37 343
430 976
904 723
61 766
260 275
121 943
722 945
182 971
350 712
595 887
249 415
614 835
188 906
327 85
942 612
334 224
979 844
679 114
688 566
847 117
533 588
695 576
401 330
879 966
596 436
302 321
329 181
771 304
912 308
37 1
893 385
830 703
400 188
654 419
619 367
796 302
544 304
16 236
16 865
364 946
221 729
359 487
929 35
749 579
115 425
699 733
621 633
261 987
714 379
374 46
669 368
266 32
573 935
944 614
764 11
534 684
424 688
769 9
20 605
525 752
294 30
115 515
169 465
212 20
349 69
532 410
106 154
762 396
306 664
99 98
101 87
652 165
174 256
129 334
473 457
108 990
276 551
428 783
338 750
494 610
837 567
44 635
387 819
450 420
892 752
639 9
989 875
819 403
652 559
271 120
286 441
961 527
530 586
952 349
331 515
703 411
533 837
707 783
450 237
856 733
732 233
827 22
306 133
257 94
762 972
789 505
832 339
317 91
543 445
193 985
587 664
325 424
63 540
735 336
90 47
46 45
800 829
341 908
493 160
118 728
414 422
254 656
834 648
727 703
218 165
611 458
797 328
81 931
138 211
359 920
996 492
345 728
361 444
714 916
870 487
890 662
21 751
925 252
602 295
986 588
549 769
432 645
621 928
518 435
943 39
124 568
490 49
754 217
443 917
340 0
468 483
353 307
317 261
542 843
670 708
746 297
385 0
701 265
0 546
884 585
192 45
466 158
608 57
704 499
332 273
824 237
830 871
151 283
444 392
510 819
223 927
286 68
112 931
113 533
323 431
986 925
450 904
451 632
470 280
644 270
484 342
360 638
544 307
288 830
657 232
80 405
129 239
919 981
895 574
657 490
655 201
444 54
151 374
104 135
671 280
731 465
506 531
297 373
51 259
350 44
493 102
656 281
745 690
258 255
49 948
880 698
214 782
738 871
519 845
494 283
39 731
158 616
136 595
205 182
390 415
462 346
464 456
411 111
56 208
998 863
865 139
901 443
961 877
446 5
382 393
698 262
731 358
716 225
679 729
33 819
154 285
846 442
234 697
542 99
773 625
744 888
834 189
632 17
733 853
506 965
497 598
970 513
694 25
498 101
756 529
805 615
29 23
205 942
2 198
734 81
150 134
656 340
200 525
186 581
530 851
461 556
375 161
637 212
498 108
848 395
97 288
85 231
244 46
225 17
540 415
410 63
659 629
130 545
394 421
764 195
65 643
189 641
344 446
147 124
274 633
55 362
126 391
16 596
52 464
88 150
5 55
471 304
6 637
659 492
356 473
548 646
439 719
540 815
836 163
437 887
502 476
273 397
66 668
460 641
963 457
441 844
390 46
14 533
88 314
644 547
190 672
289 566
372 844
530 32
450 699
813 103
461 100
612 432
479 27
597 942
134 136
150 753
659 571
328 306
650 878
139 942
364 632
507 890
176 823
337 763
968 8
328 290
903 696
873 315
624 677
678 305
213 25
583 995
759 167
466 460
569 92
844 176
671 139
788 654
929 107
18 955
490 423
826 159
942 227
358 337
95 783
587 292
170 168
872 761
806 820
612 249
605 227
215 818
552 332
489 783
837 410
623 50
873 422
836 667
210 796
150 563
72 179
871 176
92 79
326 885
931 289
279 731
811 628
214 248
576 435
541 213
770 370
49 945
958 294
563 925
203 868
130 581
653 252
774 274
289 912
231 709
715 31
275 312
31 501
7 408
225 118
792 595
245 73
994 652
65 34
651 225
325 954
142 764
931 761
561 56
983 255
662 262
949 408
510 245
568 822
624 839
514 825
36 861
44 226
899 751
951 242
508 594
83 721
171 395
734 564
491 535
847 697
280 31
616 988
306 65
657 904
914 936
119 473
250 917
703 44
566 861
401 923
680 4
381 81
485 415
592 63
238 31
566 953
817 92
875 932
802 878
716 585
468 897
342 582
335 981
488 482
689 308
323 655
275 28
136 365
794 933
762 951
14 606
744 402
791 632
335 769
163 480
740 794
914 557
728 481
263 239
700 595
150 469
701 120
300 89
35 530
229 750
314 690
617 309
198 414
923 837
342 649
100 711
152 365
306 107
7 191
591 547
181 480
649 473
164 181
942 609
713 108
3 989
968 946
861 987
174 980
832 648
598 301
297 857
746 607
870 107
425 603
199 776
871 50
200 698
805 866
588 551
112 211
742 269
523 709
657 146
624 873
163 156
817 376
907 812
401 802
608 250
330 914
9 930
533 609
702 872
969 508
129 84
308 263
44 372
766 741
106 581
199 550
173 290
406 7
93 746
145 921
440 718
381 955
256 163
85 898
612 36
874 313
331 992
445 106
249 366
255 581
18 114
201 633
47 138
878 851
488 478
839 615
308 760
798 768
357 640
146 487
186 505
659 449
976 957
344 172
224 274
920 255
949 829
923 335
240 729
957 996
359 103
838 30
911 960
341 912
975 777
759 243
680 943
783 620
750 194
490 718
183 432
369 803
179 737
930 996
628 8
454 858
667 119
419 415
47 807
318 718
142 521
940 918
143 173
920 483
757 110
623 581
60 642
265 610
943 97
316 646
757 278
818 67
779 517
204 806
242 916
151 593
693 361
808 944
525 364
513 727
491 71
150 722
323 610
228 698
922 126
124 301
260 2
23 272
773 123
594 140
390 204
878 145
255 699
289 543
375 130
917 60
907 192
211 728
697 915
512 544
960 72
223 594
904 870
95 869
195 34
466 814
238 493
88 459
33 498
229 480
105 305
122 721
272 246
996 72
47 519
348 366
25 841
228 601
889 685
55 302
466 749
916 437
551 109
968 204
853 622
508 198
980 519
674 189
363 581
343 820
463 32
139 438
323 278
732 581
161 581
816 357
728 566
680 421
715 717
861 887
311 231
435 398
423 428
982 953
712 417
186 697
843 652
254 921
999 649
689 27
76 693
217 536
960 595
948 36
483 122
19 602
462 39
102 84
489 739
253 470
356 0
741 963
120 877
802 799
223 317
746 235
995 569
56 57
347 778
633 85
332 642
897 418
419 480
990 482
929 574
902 887
152 149
91 333
381 111
124 722
21 881
696 832
575 125
996 13
741 67
880 496
176 737
777 706
879 210
11 351
760 163
680 993
162 440
226 132
818 843
639 967
470 35
313 73
980 225
738 402
866 468
785 734
339 694
794 636
191 411
273 355
882 341
448 762
148 414
839 730
263 816
823 744
529 968
454 133
535 281
575 515
863 101
765 95
397 621
833 501
172 741
291 568
134 500
954 111
987 529
371 98
310 916
976 353
564 621
953 896
724 644
203 536
581 655
218 93
56 105
919 913
294 650
921 13
277 787
485 919
25 229
704 974
683 209
947 530
639 698
98 410
246 447
249 57
604 253
599 378
687 64
962 463
729 502
771 476
451 705
340 741
312 464
426 146
834 716
668 487
49 355
477 252
780 7
527 882
41 904
715 246
580 199
42 60
830 160
764 278
21 77
562 973
605 606
821 867
650 916
705 120
252 128
984 208
805 213
474 144
430 734
23 459
128 255
601 454
565 137
204 337
273 123
523 594
379 582
174 720
353 468
356 150
168 230
170 551
557 15
817 684
137 88
589 129
37 487
126 326
364 382
224 974
751 643
91 244
257 524
691 528
230 19
98 189
693 241
955 192
277 960
778 278
612 215
834 268
925 627
670 446
824 726
407 877
671 574
644 513
285 318
254 737
885 310
381 251
812 184
789 528
370 318
846 283
633 18
181 702
66 215
640 314
769 564
971 852
740 234
594 647
321 334
478 560
254 613
486 246
701 67
119 39
382 10
753 846
943 898
32 529
542 587
195 364
535 241
384 55
703 146
434 294
198 789
232 122
656 540
40 802
840 844
866 557
91 532
356 871
144 775
241 454
738 796
525 361
986 666
585 428
965 295
387 55
335 689
359 183
310 552
388 547
725 599
321 64
867 629
998 193
580 313
655 747
44 270
649 288
47 624
487 15
700 742
627 6
158 545
621 981
868 249
852 757
587 807
312 750
101 921
344 963
343 358
358 228
184 605
199 91
200 597
209 832
688 60
746 226
349 723
509 647
675 387
814 875
486 101
996 462
155 248
174 585
683 236
469 581
650 300
319 142
396 463
498 131
892 593
148 834
340 397
585 761
281 577
91 48
706 654
276 30
506 68
882 336
374 234
324 400
255 443
525 995
447 504
101 551
979 559
841 230
767 668
294 621
575 556
917 650
292 634
607 603
715 476
284 359
935 730
993 387
463 413
68 655
465 493
550 496
165 337
754 57
597 196
927 257
208 2
129 977
490 494
405 254
786 616
33 41
866 767
58 370
719 179
217 797
36 862
966 91
433 558
108 401
46 578
850 150
293 578
37 615
119 776
503 796
859 361
446 963
427 661
888 666
453 4
357 397
843 246
56 42
176 597
237 919
7 394
754 204
22 117
966 114
828 454
414 932
42 993
417 138
596 624
872 215
74 764
5 958
101 561
687 832
413 254
777 339
419 137
389 813
996 333
360 757
873 221
49 571
876 726
203 594
533 789
680 459
182 309
744 188
192 827
559 27
64 742
707 539
286 806
701 482
172 439
749 230
180 728
427 235
586 87
546 273
490 552
404 94
308 726
751 515
739 35
882 980
904 562
766 185
408 579
802 97
210 390
317 129
455 85
339 789
370 917
165 225
870 308
135 45
795 187
321 575
794 565
496 725
353 982
761 635
144 612
514 23
838 489
624 450
436 614
966 176
96 982
923 292
31 421
490 157
251 880
586 303
667 94
618 756
204 845
639 861
28 674
598 474
253 948
809 336
763 853
728 820
444 424
352 857
29 938
979 220
893 936
630 125
621 646
343 34
799 516
441 503
283 985
102 588
454 893
468 165
207 126
793 725
794 675
856 294
953 595
606 321
690 504
44 432
26 593
173 247
648 304
693 895
45 163
59 387
294 874
906 359
735 764
557 563
182 412
350 790
484 892
593 373
662 900
595 91
115 698
363 412
999 363
842 50
204 731
333 160
382 923
105 88
304 402
258 814
755 287
287 178
524 126
791 803
475 23
446 259
70 118
982 334
658 286
746 862
346 172
194 671
514 229
431 359
680 597
610 442
493 570
829 816
928 611
710 252
715 192
112 671
808 475
342 180
851 448
89 836
91 407
20 84
157 999
777 27
13 282
984 860
526 793
465 832
782 163
177 238
823 24
284 348
415 734
566 187
266 733
660 708
550 883
332 121
594 555
928 275
846 189
634 801
636 856
129 283
857 733
149 2
884 734
487 364
283 865
960 560
174 435
287 429
972 146
18 320
620 408
384 582
920 614
959 259
967 407
327 251
770 217
947 587
343 467
704 116
14 972
137 464
715 429
380 216
447 233
169 897
156 256
974 439
972 824
838 127
844 33
887 551
320 781
912 613
857 200
865 450
148 857
976 632
828 89
81 198
625 755
747 802
552 879
142 783
798 90
742 788
545 898
265 137
470 886
756 445
276 575
801 134
623 30
578 209
957 217
804 146
935 94
154 604
434 417
911 328
363 268
913 237
498 207
354 918
707 569
834 52
283 526
179 858
361 379
359 780
539 751
775 562
286 884
822 442
200 273
66 964
537 894
372 362
250 825
191 903
816 828
23 860
27 405
590 599
285 685
34 786
787 753
602 931
58 453
951 567
487 4
958 755
315 869
868 227
452 861
451 654
618 402
5 460
463 477
43 555
90 670
656 708
423 467
805 124
552 799
769 372
426 336
860 523
424 410
49 960
672 680
888 820
177 249
362 761
77 195
785 739
500 909
58 189
518 49
378 986
83 244
137 764
745 243
78 166
556 549
186 70
63 673
635 26
644 452
554 741
472 963
186 794
838 679
307 534
148 514
488 727
945 65
596 649
765 835
258 556
653 838
11 839
89 440
789 33
924 934
730 266
331 237
603 102
73 103
808 527
253 870
336 701
516 362
813 42
712 553
92 927
34 846
687 129
987 45
196 625
448 272
92 994
457 687
424 2
787 896
80 408
997 296
346 125
275 590
783 314
742 527
555 724
987 781
617 125
176 656
563 101
844 838
597 634
166 923
302 688
89 918
789 720
956 389
974 317
891 343
856 462
505 497
472 572
863 360
691 557
785 974
873 95
861 949
580 792
182 966
47 716
991 104
476 127
636 110
993 278
506 861
314 456
36 409
826 19
716 198
248 816
948 434
725 190
80 999
441 91
711 808
688 680
114 644
205 731
785 193
412 383
473 486
425 303
753 68
57 963
742 764
286 826
281 863
930 818
183 981
996 129
507 951
699 773
918 216
535 396
55 965
187 773
432 374
850 34
864 143
425 554
469 798
602 608
421 796
122 794
319 441
874 371
183 456
613 7
562 155
78 516
228 22
699 872
522 250
551 960
563 684
229 910
463 627
570 898
466 975
455 220
108 716
291 957
349 504
615 279
312 317
393 443
760 482
607 736
695 369
371 890
846 914
954 105
250 439
912 995
446 164
543 811
349 670
462 17
299 158
859 410
206 630
684 727
543 849
695 293
475 943
528 546
871 25
608 225
320 634
995 615
98 712
61 973
205 778
476 15
717 377
826 746
994 158
710 555
684 45
977 929
902 158
19 972
715 567
832 454
808 577
220 950
42 518
418 848
159 604
820 703
894 113
402 761
911 510
277 320
815 586
916 157
131 443
543 731
965 56
304 75
341 285
583 230
122 447
591 409
556 141
240 175
466 420
395 678
96 273
319 167
664 125
637 656
17 728
40 222
302 66
73 110
24 476
633 557
650 630
380 0
742 546
649 933
965 198
572 885
362 498
470 13
111 847
509 331
549 137
203 11
466 88
155 47
883 490
642 21
791 688
917 888
799 367
469 555
101 473
333 14
137 308
384 59
994 952
250 795
375 228
954 607
381 164
236 967
186 307
251 359
896 921
378 519
122 590
253 590
894 580
77 469
480 852
687 114
259 75
984 505
807 215
484 449
556 697
270 210
688 917
270 849
532 284
686 356
654 725
116 538
224 424
194 78
777 408
510 812
522 461
992 166
598 210
694 444
639 959
293 532
885 612
854 273
535 594
363 906
722 99
591 331
800 621
570 150
919 62
263 51
3 706
842 821
880 215
305 100
461 636
334 320
724 876
542 80
931 305
208 731
833 144
200 514
703 686
643 723
903 313
477 26
518 505
833 203
641 308
80 5
577 199
541 179
658 775
517 761
558 948
668 172
428 588
222 336
355 862
725 463
153 511
919 703
111 114
460 35
954 836
24 727
268 929
928 695
418 126
822 362
144 195
617 415
778 51
368 502
817 685
435 960
323 778
145 639
262 400
268 91
254 907
726 812
99 410
447 617
746 805
292 667
193 112
474 484
523 324
327 199
206 894
549 366
294 711
757 590
832 785
181 620
526 866
849 146
363 759
322 205
857 420
623 583
807 298
335 139
190 320
786 67
294 323
534 221
517 781
417 977
249 779
907 814
557 892
172 878
633 65
339 111
510 559
311 962
229 779
859 13
767 76
161 775
887 677
639 582
189 781
727 78
376 540
254 398
310 354
930 939
392 924
35 623
901 879
745 832
19 779
262 893
202 160
880 772
368 717
257 163
685 964
937 596
419 580
756 338
42 16
142 122
0 111
673 566
444 431
484 275
326 577
206 834
6 886
130 341
602 598
181 552
45 862
942 170
443 284
316 971
702 570
733 797
692 296
291 876
564 187
530 373
398 956
147 966
534 560
832 36
144 308
771 415
47 5
263 306
861 234
370 746
548 629
298 350
424 982
618 5
306 429
852 585
949 715
437 323
80 269
829 371
19 509
540 123
896 906
249 374
308 568
523 38
615 870
726 893
515 643
709 602
760 183
619 336
473 937
938 588
574 49
941 919
166 779
191 977
483 964
919 743
356 496
114 132
716 754
827 25
587 929
49 593
567 83
522 529
123 631
67 475
58 857
588 111
867 592
208 660
576 604
14 227
371 31
391 307
508 182
459 28
234 937
337 172
540 956
956 702
983 888
814 860
23 530
109 891
308 576
711 478
90 542
685 516
837 122
399 925
448 429
446 726
477 183
41 740
793 211
990 905
237 251
932 740
805 428
659 101
538 795
985 60
550 150
485 647
49 867
380 902
424 463
558 733
899 295
956 717
625 305
6 291
60 699
230 985
516 74
444 718
871 787
371 798
652 309
138 274
945 587
275 787
70 268
572 52
65 95
190 934
875 539
287 791
605 209
258 918
352 339
965 154
298 189
419 861
282 45
75 294
862 670
779 116
852 380
402 673
34 637
18 608
373 845
757 276
9 4
774 978
187 91
358 715
44 260
559 778
600 153
553 779
222 74
449 599
927 783
728 285
569 722
32 407
740 646
231 458
530 48
149 29
952 877
931 888
768 256
78 941
203 476
805 747
664 224
334 191
395 41
333 49
915 400
455 724
712 161
118 214
992 484
622 369
365 18
408 219
310 797
321 320
205 157
47 435
173 383
843 244
348 154
470 599
872 825
215 425
455 814
177 54
856 802
954 209
667 415
8 197
370 12
283 945
620 527
722 256
962 495
515 35
515 522
359 124
999 101
805 948
380 200
154 169
919 914
312 418
461 165
975 80
879 858
612 203
255 156
543 477
580 556
184 923
320 178
761 848
177 876
719 112
140 993
639 161
964 712
569 669
334 90
142 784
716 362
25 212
210 350
570 472
104 125
893 903
176 814
120 133
160 313
577 331
548 41
335 453
63 798
433 967
688 407
511 129
707 380
584 41
729 525
694 85
246 887
943 334
469 699
406 730
330 941
954 726
479 952
810 158
486 748
223 429
305 228
294 953
351 7
226 608
815 159
178 491
122 564
761 831
733 371
846 221
721 861
159 711
784 74
46 564
864 312
302 536
42 563
330 499
272 864
395 65
168 551
109 649
559 212
806 49
292 322
33 762
772 15
776 896
306 9
778 874
264 410
503 647
442 679
12 778
643 112
670 678
278 965
546 896
147 157
955 34
534 522
927 246
493 851
119 634
633 365
312 820
416 598
496 956
664 837
538 96
528 471
135 694
521 230
433 24
626 199
435 468
970 289
110 622
101 468
484 670
361 306
905 873
938 337
172 386
813 255
685 276
573 714
642 675
879 120
975 674
103 546
970 339
478 514
661 792
669 72
995 420
417 576
413 689
824 141
813 784
87 233
370 139
266 260
647 871
417 497
342 975
326 963
635 297
994 705
718 810
667 914
110 439
898 310
32 312
515 843
782 137
929 126
854 171
353 518
645 346
543 660
834 355
898 205
417 911
667 522
969 284
137 812
370 569
457 85
548 580
763 513
209 692
217 131
99 950
993 269
139 617
455 509
128 479
440 197
248 769
999 327
783 175
233 936
427 645
631 199
730 574
535 299
323 769
881 567
438 647
134 97
397 368
739 715
759 827
148 863
961 772
670 164
653 444
464 187
111 107
86 925
681 190
230 353
894 182
269 157
856 353
65 211
415 377
435 337
652 545
985 47
144 600
543 261
926 213
398 287
80 898
461 515
928 449
871 100
578 168
168 691
817 353
755 402
257 808
802 426
924 263
152 280
116 209
908 304
674 217
142 66
171 549
788 287
566 561
475 300
514 150
786 177
334 393
661 704
485 153
237 524
460 328
761 374
903 870
943 138
655 173
15 427
234 501
725 604
314 629
398 692
265 293
774 549
846 981
749 560
578 96
166 386
571 897
369 264
49 381
810 342
183 682
173 495
898 190
686 9
510 982
43 857
81 874
980 621
561 542
723 567
432 144
705 843
422 474
306 771
470 910
988 48
572 678
223 549
650 198
921 422
7 662
985 533
673 644
125 799
10 13
74 972
977 672
334 504
88 179
892 319
970 538
363 90
21 713
975 754
934 409
342 519
499 951
221 167
38 157
522 928
390 77
672 205
581 516
547 442
934 611
873 745
441 947
928 41
870 77
104 658
446 130
695 224
354 111
896 463
569 758
579 457
923 986
275 546
826 618
110 385
203 499
409 946
394 366
531 203
552 924
867 553
859 419
116 707
872 624
745 147
147 855
407 414
951 819
646 976
814 470
370 581
893 960
255 687
222 90
681 589
941 340
542 693
808 506
271 184
327 928
222 206
468 652
30 209
52 62
44 584
833 577
396 388
129 210
137 519
634 560
827 825
153 107
841 135
611 164
140 319
804 404
111 120
78 75
318 335
566 200
885 520
433 81
59 881
138 158
758 75
778 241
640 384
970 231
71 331
721 136
573 171
259 493
521 225
963 195
543 664
7 344
125 453
483 170
331 812
354 200
863 608
117 264
387 427
664 208
357 798
202 388
834 800
708 878
271 94
859 661
998 116
537 681
267 833
628 270
307 887
724 597
685 319
509 846
272 324
308 69
348 260
257 744
759 677
579 269
420 189
641 700
740 698
600 544
677 566
907 628
925 978
747 909
279 810
15 99
283 762
753 312
313 92
837 207
520 241
268 82
458 915
801 550
389 27
940 364
308 335
762 178
896 365
268 531
561 577
441 291
978 725
340 236
62 226
628 547
925 817
927 652
912 125
708 19
607 381
143 232
504 307
769 640
772 236
122 420
13 328
431 122
292 544
782 862
78 826
53 303
499 982
589 668
792 297
775 186
402 921
558 364
553 868
91 708
344 654
926 886
140 145
4 154
687 356
832 555
528 369
703 586
849 685
573 945
273 667
272 474
437 210
200 235
950 844
850 235
998 228
861 543
509 292
766 169
497 571
438 593
345 106
793 781
940 853
708 295
482 407
69 976
558 183
606 453
910 221
97 744
808 170
571 316
298 884
226 60
593 80
20 944
634 84
852 500
980 347
550 261
255 219
258 539
710 203
780 690
283 715
525 322
606 799
690 273
929 235
442 129
396 13
516 703
874 974
396 998
904 33
850 241
760 702
28 996
49 150
839 0
22 458
438 949
953 884
260 813
948 672
511 705
886 946
159 965
955 454
432 236
881 298
537 270
802 163
742 834
883 794
215 594
157 256
668 798
862 100
103 42
307 785
689 568
588 62
102 973
121 722
855 136
619 764
988 12
977 817
196 19
53 255
350 441
53 772
528 563
566 110
138 80
408 75
834 330
831 171
28 440
15 311
217 102
335 899
981 920
779 265
811 366
165 504
908 639
593 14
452 332
124 290
731 728
381 482
489 425
881 321
691 151
141 913
833 228
864 423
35 529
342 408
801 951
44 455
181 324
415 109
964 552
328 662
669 324
901 482
495 184
284 87
391 513
773 734
313 686
432 418
839 706
597 374
396 870
783 647
431 329
877 204
773 228
954 656
116 23
518 895
570 16
972 944
220 626
147 377
165 58
917 493
946 705
91 834
800 905
310 262
115 610
180 925
722 373
799 431
213 745
919 170
482 843
212 187
445 197
95 905
743 835
567 545
297 712
557 913
668 287
924 268
423 711
28 880
301 634
379 410
943 195
663 284
568 919
654 640
251 852
146 728
492 684
91 326
132 799
543 828
887 6
880 240
469 570
393 849
172 296
223 703
321 758
687 674
208 430
337 720
838 436
837 236
453 982
172 660
260 936
468 813
80 642
299 944
988 348
371 254
783 550
500 991
611 345
440 56
532 501
601 996
235 797
35 155
938 700
290 96
180 555
833 554
66 189
359 191
905 213
44 946
703 131
429 517
657 746
78 151
538 398
386 654
482 909
318 840
964 635
399 736
989 453
559 529
728 230
760 585
840 912
171 522
632 662
521 283
629 890
593 772
639 174
554 731
315 417
859 618
237 968
422 371
743 399
968 418
227 125
246 552
747 116
571 429
603 562
233 323
888 965
11 365
87 67
561 399
797 702
347 32
538 546
779 537
95 872
592 494
26 372
582 45
792 610
568 3
480 111
344 960
11 760
575 537
341 638
448 167
299 631
108 146
331 660
384 123
38 862
123 479
513 992
25 34
333 842
726 352
207 932
960 867
493 976
581 955
370 999
428 111
396 66
522 178
703 662
396 906
876 611
425 494
236 103
389 580
991 913
76 959
966 836
364 935
143 41
999 66
592 485
274 375
150 584
298 456
602 414
132 990
864 725
274 997
911 951
520 984
464 950
956 225
927 671
129 26
568 45
696 939
662 422
402 517
942 871
105 697
638 668
789 301
883 702
544 824
301 632
217 199
432 962
849 180
960 170
466 456
575 610
7 580
482 394
9 42
937 911
422 915
520 946
902 266
397 241
589 908
33 560
395 621
408 922
660 267
898 645
104 197
156 330
432 684
769 692
994 149
8 244
508 920
960 970
106 544
816 573
795 98
683 986
280 204
989 627
389 932
197 774
879 945
131 728
331 899
691 144
486 355
665 830
495 901
158 181
189 759
708 550
302 933
732 988
132 973
962 631
950 967
907 583
212 433
443 193
917 853
120 579
135 152
863 134
724 110
122 929
841 380
639 764
93 112
263 45
429 792
285 653
67 510
645 228
237 248
249 778
600 689
80 580
974 294
593 785
238 827
365 646
936 993
996 745
65 325
928 406
47 872
624 661
205 477
283 180
674 521
472 444
81 352
207 329
55 700
456 659
31 832
554 329
156 693
126 364
210 377
558 129
909 100
509 361
341 363
460 184
455 957
402 501
205 686
644 815
783 197
809 739
930 110
157 588
932 81
796 197
720 465
347 837
53 389
550 611
855 708
916 312
137 188
803 817
162 657
990 958
188 472
116 460
791 400
37 2
630 581
601 90
411 960
429 440
882 615
965 267
783 908
911 111
622 91
798 186
283 616
337 398
508 829
760 568
481 411
567 473
99 817
338 58
60 486
237 4
957 546
666 468
881 926
646 644
18 875
854 797
183 473
169 476
180 476
854 402
629 427
968 994
738 987
144 296
337 900
476 42
932 776
200 454
22 661
654 62
915 973
617 967
412 745
729 364
341 309
846 394
865 821
611 483
34 283
422 249
435 968
276 472
47 43
0 193
173 318
256 953
587 396
993 434
869 351
653 332
123 792
745 834
459 237
296 169
107 894
645 800
445 710
980 511
508 934
584 671
657 265
966 728
182 763
749 362
730 910
709 479
926 756
608 607
105 656
932 393
608 736
442 419
626 942
739 696
35 522
611 76
969 297
846 216
685 778
840 112
913 737
532 732
576 350
901 788
988 894
973 815
981 900
271 888
372 480
161 140
270 900
212 717
594 262
334 832
117 693
129 483
411 907
225 966
325 463
890 378
211 979
670 548
223 473
775 883
322 293
356 702
862 415
622 420
251 277
395 950
111 684
372 594
155 837
143 241
194 143
318 407
76 97
63 553
311 526
962 264
187 94
152 625
205 389
985 638
57 787
574 52
129 71
427 468
865 612
699 69
148 993
699 95
118 620
656 734
298 738
244 856
982 191
406 933
446 986
754 111
987 136
41 320
652 560
536 816
115 849
146 256
93 340
72 242
669 457
969 955
763 764
312 555
117 137
562 4
473 144
533 378
37 809
112 635
889 316
454 680
395 833
358 631
73 344
718 102
738 144
973 829
714 787
562 411
369 887
992 452
728 234
698 73
62 50
452 440
942 490
933 977
121 326
582 472
285 256
153 709
22 158
371 290
395 169
652 416
570 809
939 146
219 349
515 423
279 367
447 791
339 235
332 809
843 139
691 8
799 322
451 261
670 294
859 782
4 439
868 788
861 414
880 774
628 802
455 314
79 327
170 394
895 220
659 41
406 570
848 770
167 430
196 275
218 492
220 701
63 599
546 816
658 123
920 670
321 825
576 589
139 81
508 271
892 280
581 144
137 539
177 979
631 864
750 985
607 883
887 418
372 489
480 758
262 58
956 100
241 577
772 620
150 981
588 199
487 725
498 917
33 425
204 331
369 129
479 550
473 938
191 764
853 169
820 368
6 353
750 882
309 579
829 844
92 315
932 127
161 811
668 13
103 534
85 700
12 645
79 569
225 73
409 432
837 187
0 496
333 661
999 577
31 935
351 41
340 82
26 197
543 24
574 319
469 372
735 101
403 39
491 452
659 358
337 25
648 807
454 152
384 207
944 768
361 876
688 263
601 39
205 140
272 487
935 223
640 527
370 484
786 787
492 814
379 937
851 677
999 807
245 907
927 180
499 971
176 211
877 85
355 674
459 731
179 631
916 835
264 172
655 258
373 774
201 136
501 21
774 622
349 638
512 903
819 233
264 822
762 929
601 51
69 161
825 168
172 758
180 179
431 275
652 620
787 814
911 632
491 80
393 113
116 168
452 337
980 348
258 731
135 374
590 714
446 220
36 940
412 508
441 320
964 652
370 467
391 923
108 35
900 796
609 117
241 498
933 567
690 339
109 68
266 883
593 536
478 196
759 210
773 400
338 956
342 929
57 851
766 954
967 431
734 997
336 794
947 846
518 267
231 323
907 241
639 937
781 526
354 490
215 827
418 497
754 750
443 648
643 639
269 857
136 295
572 129
683 862
349 418
907 904
727 75
384 1
748 924
827 920
879 979
326 546
837 548
633 864
562 382
854 563
380 529
962 84
758 627
943 981
52 97
177 128
192 288
382 976
638 863
745 239
626 971
268 104
22 276
166 106
988 897
752 62
738 830
418 181
361 683
107 359
299 169
237 749
202 370
79 933
668 78
709 894
533 63
440 752
267 637
179 516
315 933
924 243
315 706
403 799
611 390
484 170
847 382
316 529
785 972
1 533
376 759
684 344
310 77
847 146
456 502
260 140
24 403
146 543
254 506
620 494
161 760
633 383
529 328
67 601
127 170
595 228
455 831
77 484
166 378
274 665
1 294
178 565
427 163
511 601
558 362
588 191
909 672
946 388
464 636
472 989
872 662
584 533
837 142
883 22
780 575
733 975
923 916
752 743
206 786
110 839
667 516
884 335
185 308
707 992
445 376
934 248
919 251
223 550
786 507
795 26
42 330
545 748
582 759
661 768
728 914
246 376
839 639
5 614
0 401
833 397
861 968
902 278
40 970
950 642
511 349
785 577
691 280
647 840
933 188
753 781
217 878
655 978
669 734
670 489
599 797
511 284
952 779
37 502
707 705
451 775
471 377
471 508
759 882
271 999
608 82
830 217
918 485
498 605
151 479
431 581
855 288
769 917
746 298
205 244
842 200
730 692
983 65
795 779
427 615
898 784
697 328
317 30
980 124
602 163
44 593
311 404
2 932
825 551
898 59
428 427
950 150
706 607
595 372
510 703
224 638
361 513
837 195
93 597
682 861
888 515
477 429
158 692
970 888
347 618
169 207
328 483
720 531
354 456
35 238
982 342
90 471
466 763
65 238
332 385
597 677
729 29
482 18
483 325
335 495
307 987
353 286
569 521
319 717
647 367
232 56
23 834
141 622
995 142
211 149
577 976
319 538
50 66
217 126
381 751
383 227
482 147
654 390
143 466
449 421
194 289
669 818
598 276
347 602
379 49
108 500
449 196
793 872
271 36
264 71
174 914
13 599
140 779
29 927
761 968
765 814
751 825
353 992
407 219
377 692
137 433
874 900
695 738
358 437
682 200
53 872
836 642
642 30
727 768
899 50
602 990
720 802
729 909
470 635
569 662
147 321
891 996
54 17
68 650
742 91
236 779
176 567
190 57
704 797
730 687
125 242
251 165
729 951
602 983
812 940
185 765
786 617
203 238
974 766
55 31
222 44
88 60
646 537
583 68
88 164
378 444
836 917
33 72
367 535
251 99
618 605
581 972
794 193
25 944
152 403
206 41
464 316
787 489
315 189
921 769
783 934
290 502
103 129
461 847
485 298
444 51
698 334
202 59
906 225
865 609
27 602
28 941
22 842
591 44
567 576
451 9
577 345
909 787
189 104
812 483
659 831
784 586
641 294
865 263
323 475
644 72
281 607
554 687
315 356
721 616
882 798
628 726
669 139
562 680
896 247
69 377
813 776
768 450
43 633
880 517
709 241
921 768
755 734
151 438
745 506
832 784
550 258
13 102
147 171
266 521
999 500
980 865
322 535
343 716
245 196
232 249
775 776
717 853
390 256
763 412
494 970
111 592
844 970
968 568
685 726
481 786
676 350
5 682
2 478
356 38
358 42
396 486
228 92
155 710
341 804
678 127
715 555
688 473
385 765
176 503
622 438
143 187
477 370
440 492
189 594
496 463
846 589
16 20
824 914
247 264
182 690
451 577
56 851
264 98
940 310
100 975
184 540
644 246
344 380
559 274
332 574
616 847
654 21
250 477
320 103
546 833
427 691
479 444
162 474
126 449
922 780
10 374
148 804
476 150
642 916
851 322
122 782
912 699
520 904
4 976
123 211
648 233
514 250
323 708
38 149
457 557
817 512
464 809
661 91
605 354
875 949
437 584
472 279
850 464
164 907
694 252
862 242
150 539
858 456
474 194
20 573
469 631
998 751
343 915
362 678
883 743
706 819
998 420
625 484
313 142
550 842
181 580
-1 9703 -1 -1 44066 -1 -1 -1 -1 -1 -1 -1 -1 -1 -1 -1 -1 -1 -1 -1 -1 -1 -1 -1 -1 -1 -1 -1 -1 43866 -1 -1 -1 -1 -1 -1 -1 -1 -1 6486 -1 -1 -1 -1 -1 -1 -1 51227 43566 26864 -1 -1 45790 -1 -1 -1 -1 15117 -1 -1 -1 -1 -1 -1 -1 36271 -1 -1 -1 -1 -1 -1 -1 -1 -1 -1 -1 -1 -1 -1 49594 -1 -1 -1 -1 -1 -1 -1 -1 -1 -1 -1 -1 -1 38892 -1 -1 -1 46027 -1 -1 3552 -1 -1 -1 -1 -1 -1 -1 -1 52045 -1 -1 -1 -1 36924 -1 -1 -1 -1 45054 -1 -1 -1 -1 52941 -1 -1 -1 -1 -1 -1 -1 -1 -1 -1 63862 -1 -1 -1 -1 -1 -1 -1 -1 33735 -1 -1 -1 28040 -1 -1 -1 -1 -1 21339 -1 -1 -1 -1 -1 1355 -1 -1 -1 -1 -1 -1 -1 -1 -1 -1 -1 47977 -1 13264 -1 -1 -1 -1 20888 -1 20980 -1 -1 -1 -1 -1 -1 -1 -1 -1 -1 -1 -1 -1 -1 56806 -1 -1 -1 -1 -1 -1 25748 56147 -1 -1 -1 -1 -1 64741 -1 -1 -1 43794 53312 43222 -1 -1 -1 -1 -1 46959 19374 35271 -1 -1 -1 -1 36570 -1 14591 -1 -1 -1 -1 -1 -1 -1 -1 -1 -1 -1 3761 59218 47170 1807 -1 -1 -1 -1 21429 29865 -1 -1 -1 -1 -1 -1 -1 -1 -1 64272 -1 -1 -1 15781 54756 -1 -1 59362 -1 -1 -1 -1 33560 -1 -1 -1 -1 -1 -1 -1 28923 -1 51203 32602 33040 -1 -1 42242 -1 -1 -1 -1 -1 42101 -1 -1 51949 -1 -1 55297 -1 -1 -1 -1 -1 45732 -1 -1 -1 -1 -1 16244 -1 -1 52275 -1 -1 23099 -1 -1 -1 -1 -1 -1 -1 -1 -1 57275 -1 9040 -1 -1 35403 -1 -1 -1 -1 -1 -1 -1 -1 -1 32092 -1 -1 57094 -1 -1 36519 -1 -1 -1 34358 -1 -1 -1 -1 -1 11290 31466 -1 -1 -1 -1 -1 -1 -1 -1 -1 -1 46733 -1 -1 36111 -1 -1 -1 -1 -1 -1 -1 -1 65163 25076 51407 -1 -1 -1 -1 -1 -1 -1 -1 -1 -1 2102 15556 -1 -1 -1 -1 48503 -1 -1 -1 -1 -1 -1 -1 -1 -1 -1 37229 -1 -1 -1 -1 -1 -1 -1 43107 -1 -1 -1 -1 -1 -1 -1 -1 29447 -1 -1 -1 -1 62620 6142 -1 -1 -1 -1 1649 61715 -1 -1 -1 -1 -1 -1 -1 64637 -1 -1 -1 -1 -1 -1 -1 -1 -1 -1 -1 -1 37757 -1 -1 2011 -1 -1 -1 -1 -1 59672 -1 -1 -1 -1 -1 3889 16100 -1 -1 -1 -1 -1 -1 35902 -1 -1 -1 -1 -1 -1 3764 -1 -1 -1 -1 33567 -1 -1 -1 -1 -1 27647 -1 -1 -1 -1 -1 -1 -1 -1 -1 39465 18304 -1 -1 -1 -1 -1 -1 -1 -1 -1 -1 -1 -1 -1 -1 -1 -1 24052 -1 -1 -1 -1 53231 9781 -1 -1 -1 -1 -1 -1 -1 -1 -1 -1 32842 -1 -1 -1 -1 -1 14747 -1 64767 -1 4493 -1 -1 -1 -1 -1 1226 49485 -1 31251 -1 -1 61771 -1 23267 -1 -1 45070 -1 -1 -1 -1 63664 -1 -1 49747 -1 -1 62083 -1 -1 -1 -1 -1 -1 -1 -1 -1 -1 -1 -1 16270 -1 -1 59765 -1 -1 -1 -1 -1 43631 49038 -1 -1 -1 -1 -1 -1 -1 -1 -1 -1 -1 -1 -1 -1 39372 -1 -1 -1 -1 -1 -1 -1 -1 -1 -1 -1 17400 -1 52314 36888 -1 -1 -1 -1 -1 696 10102 -1 -1 57510 40723 -1 -1 36098 -1 -1 50234 -1 -1 38299 38160 -1 -1 -1 -1 28558 -1 -1 -1 -1 -1 -1 21432 -1 -1 -1 -1 -1 -1 -1 -1 31699 -1 12558 -1 -1 -1 -1 -1 -1 -1 -1 -1 -1 55941 -1 51829 -1 -1 -1 -1 62982 6896 -1 -1 -1 22305 -1 -1 -1 -1 22231 -1 46168 -1 13637 -1 -1 59431 -1 -1 -1 -1 -1 -1 -1 -1 -1 -1 -1 7107 -1 -1 -1 -1 -1 -1 -1 -1 -1 61157 -1 -1 -1 5012 5194 -1 -1 -1 59437 -1 60551 -1 3377 -1 -1 -1 20181 -1 -1 -1 -1 -1 -1 6311 -1 -1 5528 -1 -1 -1 22743 58427 45309 32203 -1 -1 -1 -1 12159 -1 -1 -1 -1 -1 -1 -1 -1 -1 -1 -1 20800 41202 -1 -1 -1 -1 -1 -1 -1 -1 -1 -1 -1 -1 -1 -1 -1 -1 -1 -1 -1 -1 -1 -1 -1 -1 -1 -1 -1 -1 -1 12645 -1 -1 -1 60675 -1 -1 -1 -1 -1 -1 -1 -1 -1 -1 -1 -1 -1 -1 -1 39142 49310 -1 -1 -1 -1 -1 53656 -1 -1 -1 -1 25313 -1 -1 -1 -1 -1 -1 -1 -1 -1 -1 -1 -1 -1 -1 13300 -1 -1 -1 -1 31902 -1 -1 -1 -1 -1 -1 -1 -1 -1 30067 -1 50437 -1 -1 -1 -1 -1 -1 -1 -1 -1 -1 -1 -1 -1 -1 -1 -1 -1 -1 -1 51344 -1 -1 -1 13719 -1 -1 -1 -1 -1 -1 -1 -1 -1 -1 -1 -1 -1 -1 46107 -1 4591 19863 -1 -1 10120 -1 -1 -1 -1 1133 -1 -1 -1 -1 -1 -1 -1 36944 -1 -1 -1 -1 -1 -1 -1 -1 15637 -1 -1 -1 16574 -1 -1 -1 -1 40528 36380 60329 -1 -1 -1 -1 19887 -1 -1 -1 -1 -1 -1 -1 25727 41607 -1 406 -1 -1 -1 -1 -1 -1 16798 -1 -1 60918 -1 56933 -1 -1 -1
6
1 803 8 491 8
1 12 12 638 5
0 893 5 531 0
0 231 12 330 12
0 129 4 418 6
1 523 11 409 2
