1000 5000
748 938
579 23
976 918
737 760
259 177
445 308
242 763
691 641
422 983
835 588
561 439
571 349
614 885
720 650
964 894
718 485
755 345
520 31
396 362
919 886
112 202
940 206
879 331
979 808
387 671
509 841
334 762
670 145
530 846
477 290
685 273
844 214
64 815
569 992
965 554
963 508
360 0
558 645
804 29
262 373
639 890
571 355
201 841
462 560
21 779
955 639
282 685
495 865
928 88
505 638
356 868
663 618
144 248
90 770
586 827
434 639
282 42
190 24
343 414
439 363
345 372
85 345
778 65
268 674
828 186
65 888
640 556
626 974
683 634
503 817
565 287
513 632
640 727
132 659
353 336
718 663
129 36
564 936
883 909
151 172
268 341
574 994
420 647
115 722
828 556
259 859
795 290
500 726
636 458
859 82
904 360
960 309
745 762
635 7
310 25
972 851
910 92
970 785
948 890
174 347
905 990
838 337
828 750
102 50
376 588
411 594
751 624
178 901
516 829
204 139
760 713
749 233
406 684
903 743
82 241
604 530
206 43
252 82
721 139
507 30
911 359
434 859
773 340
52 831
449 409
446 764
270 803
49 452
738 929
693 36
565 903
869 808
517 943
109 114
32 734
283 989
742 371
369 706
874 494
605 499
749 615
948 489
388 838
38 322
416 477
465 989
427 821
672 270
420 470
373 820
197 362
662 536
197 430
708 719
984 555
278 68
50 185
956 696
536 705
102 804
971 288
977 592
742 357
908 8
959 542
138 320
689 570
674 164
547 489
309 27
330 675
338 305
222 964
695 2
434 518
125 932
192 245
248 634
955 739
111 688
293 835
248 122
139 523
573 261
139 949
836 389
314 390
960 227
634 344
732 991
736 954
485 94
530 543
664 111
486 987
603 586
805 194
893 583
41 287
772 259
917 137
418 719
86 611
863 800
941 665
663 396
831 662
677 564
947 165
515 447
311 986
520 11
453 960
907 306
194 800
375 654
617 666
329 627
260 456
524 143
817 287
987 587
841 829
143 356
253 82
393 435
285 630
2 980
811 687
621 114
489 426
726 293
503 484
32 212
640 709
613 763
871 716
425 925
313 840
733 667
600 697
675 107
228 807
420 944
705 662
272 361
748 489
465 201
290 31
33 877
254 957
37 301
44 693
571 166
456 331
498 530
814 995
412 965
263 973
618 970
957 729
941 977
64 427
353 862
25 138
340 182
682 438
953 847
515 646
845 621
62 330
262 716
109 152
907 756
965 950
992 684
631 398
78 106
698 902
737 145
810 111
48 300
6 76
658 877
327 778
323 438
920 645
321 75
846 251
147 763
164 982
379 515
502 634
633 252
263 339
929 479
62 439
155 381
198 513
328 969
480 717
433 100
327 150
963 981
187 305
82 154
257 725
114 495
624 384
988 579
59 985
881 470
78 465
19 891
948 15
215 700
36 361
77 911
678 81
980 682
860 974
147 861
137 786
509 476
736 643
629 316
234 600
687 318
488 157
91 408
413 545
368 835
752 136
713 776
871 532
908 57
595 742
711 758
141 351
706 340
343 555
755 563
155 802
643 481
995 922
278 387
986 631
714 275
79 743
858 698
40 1
657 587
442 838
14 46
619 942
96 906
172 809
440 938
240 366
203 290
417 458
850 427
91 460
653 442
331 674
282 615
341 769
871 77
288 518
915 31
420 718
965 333
59 409
702 442
325 483
547 144
569 673
730 428
241 609
975 940
149 699
834 293
627 347
359 131
847 643
804 275
11 288
877 452
473 553
638 718
819 707
295 403
741 638
896 138
387 260
587 920
759 926
403 229
32 664
26 944
434 705
284 640
237 489
47 419
145 866
576 396
57 454
374 695
238 743
386 178
276 259
144 550
322 287
686 782
535 809
773 265
436 204
816 20
495 623
218 663
14 393
866 606
7 155
565 333
490 656
22 851
203 596
980 643
832 732
441 67
338 229
648 88
409 87
30 340
955 443
35 302
61 846
702 239
799 540
500 863
148 585
736 844
343 762
371 516
297 950
47 15
197 622
132 252
105 72
691 723
44 184
628 15
349 684
925 775
637 768
600 980
266 931
950 283
736 69
403 274
964 858
484 296
592 919
566 491
653 403
251 81
981 274
463 567
719 447
642 916
709 660
539 98
386 920
662 12
247 173
256 228
888 263
680 583
963 286
706 589
530 799
22 496
244 31
919 250
918 393
689 519
202 472
844 450
363 967
864 808
389 406
963 86
183 228
67 390
906 45
231 817
729 924
477 474
916 414
882 106
170 618
389 225
437 231
225 444
466 391
189 346
858 117
242 858
817 17
915 986
91 130
930 709
970 810
789 294
520 134
331 985
126 913
452 594
988 776
637 365
296 291
605 538
757 47
961 38
484 114
319 833
913 812
308 558
102 632
751 804
339 812
908 127
965 859
10 858
465 282
336 209
920 553
781 274
229 324
896 295
542 104
685 522
754 376
209 459
34 187
617 368
505 834
512 451
630 580
239 934
577 236
700 506
162 62
193 653
743 799
539 557
527 271
40 145
920 145
765 120
665 566
55 59
545 402
737 492
552 566
399 995
967 528
903 996
305 366
869 754
745 530
427 20
956 355
862 339
270 106
880 344
487 553
132 281
623 64
452 487
567 945
179 937
838 591
112 614
798 609
211 587
358 16
856 207
441 897
704 316
416 708
324 227
979 710
852 117
699 253
821 165
152 740
2 392
948 492
981 256
880 159
767 813
927 87
710 128
950 444
243 442
472 660
286 687
759 1
432 541
525 183
470 364
416 959
743 206
287 143
694 948
969 260
589 679
731 116
428 665
707 651
307 176
240 440
769 130
80 570
645 757
841 561
996 502
290 249
283 533
42 586
160 752
960 104
181 676
164 389
225 378
174 795
847 759
0 238
323 876
606 845
45 215
213 148
738 535
108 713
581 624
565 672
35 832
512 374
79 70
393 537
722 665
685 835
101 507
61 697
759 554
621 520
612 836
118 715
1 985
809 542
501 913
379 234
614 449
346 211
41 54
667 325
934 976
511 198
488 916
728 366
99 727
30 629
673 924
351 879
387 908
613 84
658 737
451 887
542 382
710 677
646 170
301 846
448 338
54 335
786 261
188 140
341 789
420 776
420 129
400 59
348 358
163 714
47 209
332 441
891 350
342 139
822 455
690 401
592 19
265 993
378 337
927 273
383 422
462 606
574 535
573 333
77 418
728 358
776 545
72 35
110 133
830 358
607 111
93 622
397 52
333 739
557 166
438 256
999 715
330 856
142 945
536 771
367 188
440 725
76 894
114 826
667 771
838 650
861 493
640 24
438 123
739 966
872 821
744 857
315 220
786 49
189 714
181 641
467 949
68 48
522 921
23 593
112 48
108 633
7 519
738 488
388 213
698 336
110 238
854 905
745 353
785 823
399 212
803 767
562 372
153 11
590 65
289 545
593 238
562 487
32 311
910 894
199 240
39 754
436 28
277 829
981 202
121 766
131 895
407 495
755 906
210 165
393 956
689 697
431 776
509 640
630 708
298 130
974 197
330 938
358 58
947 769
981 708
514 313
527 441
824 339
146 998
13 628
694 491
415 57
460 39
332 418
357 583
200 15
984 616
385 191
878 824
393 941
628 970
627 721
347 842
119 66
396 669
168 998
359 443
98 780
363 910
877 572
918 618
236 227
603 857
788 174
981 857
590 457
796 703
265 161
420 895
765 152
167 46
163 500
330 758
855 912
733 237
193 837
775 351
456 516
413 14
839 287
78 927
682 653
971 343
42 549
326 46
228 362
436 255
898 578
95 305
50 59
918 97
208 855
902 17
329 939
825 339
846 801
714 636
791 967
321 63
694 903
565 257
293 847
844 571
190 745
847 479
111 809
487 589
212 234
783 647
83 737
852 110
16 117
138 528
367 487
857 49
232 157
180 326
285 192
353 10
809 307
436 827
613 764
383 218
435 429
296 960
298 632
115 207
168 972
259 304
92 993
390 859
145 60
855 792
18 773
470 926
786 943
451 667
455 53
304 735
439 849
373 95
34 679
564 897
466 761
500 81
208 752
807 615
792 407
337 822
536 85
575 919
620 974
395 791
733 471
953 798
240 670
347 738
425 260
659 367
237 929
463 187
421 6
621 988
940 616
688 327
153 353
321 603
700 190
641 817
565 209
892 148
664 404
871 656
804 127
33 162
389 539
916 517
272 35
443 531
981 918
472 153
293 910
654 429
35 625
781 293
867 881
610 608
400 317
767 786
131 944
641 721
408 717
124 215
471 945
478 46
644 450
763 74
635 921
20 267
702 992
936 652
596 73
564 142
269 939
478 608
977 608
556 297
826 35
591 698
814 108
37 961
611 681
639 396
620 505
894 265
797 420
479 777
469 338
73 706
521 865
377 457
337 277
768 304
342 27
945 926
116 953
252 504
813 995
398 164
636 778
220 325
226 962
518 266
302 982
587 802
560 64
940 802
297 662
948 449
627 879
165 214
765 173
49 31
225 375
507 34
851 510
118 205
405 385
513 640
282 486
170 925
137 741
280 204
454 225
684 576
870 771
593 78
579 291
713 192
671 744
652 202
366 780
594 874
826 241
140 936
457 812
562 118
671 580
603 389
110 710
703 436
113 118
256 706
363 661
896 480
641 366
797 785
954 168
433 60
976 22
691 340
397 9
940 303
837 838
65 440
140 989
57 700
614 749
649 473
579 298
125 312
402 338
105 522
266 262
525 173
341 417
664 610
254 126
517 857
946 676
906 616
451 539
458 912
834 369
377 264
149 820
502 380
992 434
262 11
408 942
767 683
247 58
709 832
877 378
542 40
32 784
351 744
888 238
69 690
152 41
893 243
921 591
698 387
793 93
372 136
38 907
217 425
591 281
37 153
649 618
243 802
826 834
727 922
406 240
13 794
55 448
443 849
984 592
26 425
929 654
6 326
680 837
805 94
988 429
194 138
885 389
241 822
205 999
237 816
876 442
732 902
519 473
582 415
97 255
649 978
207 279
329 643
891 332
525 18
831 958
22 424
253 911
6 897
663 355
301 654
965 380
661 89
628 456
471 257
259 598
583 510
436 965
64 575
324 80
416 379
737 170
220 602
124 10
63 641
695 562
427 189
428 739
525 880
217 474
670 308
346 457
725 436
239 502
218 877
701 203
518 6
422 64
293 812
542 877
601 865
491 999
935 329
543 514
249 2
231 99
543 598
232 93
442 746
961 665
782 594
807 603
819 586
496 223
37 763
306 395
499 75
358 824
280 327
451 990
913 946
498 408
91 220
694 676
605 940
16 76
746 631
970 677
627 336
586 335
849 841
85 748
355 323
767 546
200 947
414 395
211 411
214 687
71 488
132 185
713 257
198 606
908 479
235 291
86 110
328 770
333 20
334 225
913 392
808 73
66 370
353 377
18 401
329 44
488 744
647 574
867 853
468 773
304 452
21 541
176 914
609 947
526 762
66 142
440 777
821 363
125 435
265 468
502 569
125 481
629 980
91 929
954 453
145 117
827 882
342 540
327 185
965 286
465 467
806 249
15 469
269 13
778 120
260 116
583 395
460 250
187 582
477 447
9 572
436 77
452 251
793 471
901 701
839 481
251 252
559 564
201 650
801 158
737 949
487 747
246 420
15 819
388 438
302 355
758 265
93 956
329 465
431 97
340 358
692 580
855 582
245 946
430 166
240 347
470 742
77 703
393 602
619 663
713 295
930 616
360 466
623 105
632 70
889 796
924 150
45 236
362 240
876 188
503 756
867 394
951 946
67 307
932 0
212 645
176 566
885 672
656 654
655 330
734 970
716 79
940 367
987 962
832 885
200 308
579 22
161 397
796 420
887 817
988 393
836 759
896 136
165 452
23 377
126 952
251 310
798 82
558 672
475 888
970 742
679 25
425 735
737 105
185 681
698 320
821 88
752 642
657 197
752 290
863 726
269 886
552 7
171 388
912 772
759 281
844 553
705 46
134 669
629 351
713 364
221 649
916 181
631 183
926 950
517 357
861 608
935 750
423 426
702 901
508 796
223 674
972 222
949 566
302 972
762 805
874 173
191 263
4 443
303 22
505 423
866 955
406 64
190 405
246 433
578 762
643 441
666 669
706 607
404 12
435 828
811 190
644 30
687 715
489 644
495 684
716 976
655 900
562 572
250 69
406 507
63 299
914 879
355 352
880 534
290 803
358 169
631 868
59 415
934 542
866 392
32 930
698 549
270 159
101 879
42 504
183 59
204 469
221 400
113 15
417 923
919 446
457 429
458 813
486 986
359 110
734 76
295 367
559 48
134 833
675 198
750 700
646 215
794 352
600 699
207 661
946 689
351 708
634 40
354 932
722 210
240 543
535 150
499 518
891 894
34 848
572 810
934 221
397 508
843 562
915 462
102 942
359 235
43 291
736 719
333 27
79 649
914 243
690 549
989 476
807 560
210 268
690 360
816 722
604 615
278 934
127 769
548 59
127 760
533 997
337 552
104 192
761 397
31 269
202 764
892 510
962 270
643 503
277 444
92 370
959 384
154 302
455 912
895 530
123 474
523 325
368 151
257 737
604 277
733 95
176 372
742 979
201 31
912 834
87 223
690 519
368 861
117 827
89 979
56 691
981 61
792 767
37 270
135 935
31 776
524 579
713 62
522 19
465 726
151 554
168 915
501 888
822 480
11 430
102 912
601 889
902 581
948 892
759 982
129 521
453 218
367 366
703 441
958 537
722 389
506 825
890 215
431 962
813 169
367 241
794 915
453 226
558 109
511 361
755 302
751 603
583 952
19 184
727 544
348 181
140 833
253 567
855 105
859 811
285 154
407 386
646 248
36 969
115 564
477 490
679 362
764 703
598 681
103 685
638 21
116 112
406 506
84 870
444 683
935 991
104 38
33 419
919 283
292 332
892 23
734 888
801 445
146 974
215 487
827 265
509 162
446 211
981 865
864 668
719 297
490 125
172 641
423 70
16 587
937 989
156 632
209 724
343 952
237 515
736 206
114 898
759 278
415 985
445 399
537 265
764 181
272 762
545 375
569 223
749 656
312 962
31 550
849 57
411 109
869 798
187 521
774 444
604 379
835 655
135 11
349 921
987 754
239 161
656 541
735 370
719 452
369 143
176 662
326 846
8 443
544 776
181 147
180 40
398 885
729 145
126 491
5 110
62 69
850 243
713 142
758 285
852 794
927 108
634 497
38 215
725 323
802 920
621 653
74 965
187 807
677 852
515 923
895 892
626 693
485 760
720 550
974 473
926 457
630 50
338 680
808 99
382 252
799 141
150 918
297 984
20 947
422 934
354 620
578 833
197 437
916 594
70 213
570 535
736 145
821 128
289 872
945 593
856 24
63 21
775 872
317 194
666 136
664 805
127 955
1 85
890 17
198 229
156 596
649 803
142 344
926 481
395 998
315 154
298 684
178 477
256 324
28 661
784 585
553 441
790 939
257 864
300 187
244 847
875 766
998 267
37 943
874 351
290 103
947 581
191 693
611 377
639 907
128 375
213 730
701 461
257 23
33 278
183 174
509 999
0 562
788 736
397 796
639 524
420 177
296 272
167 948
234 938
839 296
289 288
746 405
214 119
863 655
510 280
317 990
860 564
811 174
562 920
285 893
931 664
829 169
228 145
576 997
241 701
25 551
996 763
825 994
847 694
421 633
632 191
791 510
765 395
328 449
167 502
730 591
856 360
837 284
507 843
770 976
708 225
911 447
872 670
905 867
180 831
551 240
955 909
923 724
648 816
50 706
388 937
24 516
802 469
172 479
8 669
982 189
56 130
428 157
443 748
628 326
797 140
176 514
453 83
674 769
91 539
862 376
688 254
695 860
602 228
739 803
73 31
720 804
404 339
188 862
735 235
10 457
971 136
764 419
0 764
715 842
775 525
20 904
94 876
632 708
962 495
222 64
336 51
142 254
606 601
520 709
111 756
110 504
717 964
475 106
79 52
668 518
48 602
4 317
543 768
878 768
982 821
10 576
828 9
795 11
291 566
357 376
776 166
770 484
285 702
41 596
796 729
853 18
101 129
770 831
178 130
397 236
842 265
56 985
635 775
796 111
16 717
933 983
792 831
853 561
603 890
569 740
428 572
333 920
813 890
149 726
602 879
559 768
315 620
196 443
976 883
80 88
222 739
286 11
830 375
777 298
783 398
693 982
691 315
934 857
696 892
492 379
952 714
141 833
531 330
826 529
600 417
502 517
335 463
455 585
476 28
10 92
804 578
342 562
767 339
118 100
199 8
612 4
895 776
572 234
535 648
409 78
693 83
171 22
409 178
717 949
453 562
261 950
175 216
766 163
720 815
896 943
615 420
351 916
382 693
88 897
879 339
239 253
911 984
808 475
225 290
825 57
388 812
621 415
201 435
416 292
443 47
928 515
273 544
279 732
32 104
339 175
212 911
877 312
229 550
525 46
441 593
517 567
990 80
496 378
696 326
569 667
47 20
840 452
26 892
459 784
710 761
517 431
328 379
415 915
848 974
851 199
636 736
801 893
615 452
128 540
913 309
694 439
557 241
124 402
423 927
912 596
685 355
121 370
727 967
161 81
137 889
153 317
537 946
784 766
434 157
747 741
384 328
172 114
478 631
744 794
104 417
232 762
108 130
9 460
389 386
432 54
200 467
771 662
179 665
747 364
836 541
401 776
596 681
218 150
626 329
933 713
987 216
448 782
517 160
586 475
98 702
323 200
100 746
950 71
194 978
301 953
611 682
562 848
206 932
371 90
143 966
548 559
769 210
205 362
151 306
448 364
503 513
811 750
753 532
854 663
637 471
996 303
211 100
798 776
462 909
77 907
563 843
425 861
183 420
429 966
760 686
491 576
37 496
546 475
749 50
595 543
378 373
635 228
210 794
486 691
556 969
252 539
134 167
25 322
34 178
593 809
515 486
308 883
718 529
27 352
555 843
629 515
738 391
280 815
627 681
902 227
589 278
544 74
76 646
891 614
484 750
184 579
895 913
254 808
297 166
262 41
133 680
131 980
806 126
103 847
822 983
686 331
830 391
611 651
826 219
690 413
492 583
293 425
57 481
610 304
597 683
789 255
443 472
456 218
275 361
23 372
574 528
72 975
452 194
140 950
294 36
432 78
292 907
196 113
802 719
877 216
403 616
137 3
259 422
274 760
248 781
838 647
208 320
204 976
11 964
314 667
758 803
166 916
755 973
228 276
638 330
952 545
488 566
942 280
521 0
932 67
438 873
945 63
114 984
674 435
841 786
160 633
716 287
41 983
361 540
456 600
154 689
139 304
597 795
623 579
739 495
632 714
556 536
106 833
769 633
252 535
556 269
906 885
742 24
395 780
296 330
919 849
320 456
431 569
950 182
305 470
765 296
354 816
522 931
701 28
896 726
593 25
472 169
782 372
886 878
111 904
613 688
167 339
44 187
927 266
334 689
38 797
23 498
519 31
491 452
70 434
124 303
355 524
935 16
149 68
10 543
941 922
120 773
595 285
986 257
584 746
839 430
592 250
71 984
748 901
42 844
21 635
714 833
489 130
294 255
519 287
22 694
543 163
644 300
11 966
697 754
280 42
865 673
224 182
575 858
653 530
942 351
596 113
371 343
198 935
762 839
492 962
182 63
479 977
205 874
896 534
871 154
168 993
837 44
780 77
523 814
93 543
798 307
304 161
174 107
143 965
197 399
504 57
773 34
18 946
939 248
171 152
947 780
802 43
589 394
833 383
264 629
116 50
40 373
771 31
191 110
149 142
238 648
653 273
648 150
756 26
811 743
803 377
190 739
457 766
761 810
223 754
366 370
347 421
361 551
587 31
315 797
369 246
611 792
80 326
30 501
232 805
405 565
418 302
130 224
477 533
74 890
922 207
760 828
753 328
110 421
913 919
396 896
503 522
167 943
240 607
644 16
125 729
794 199
876 915
367 66
227 466
952 621
777 188
302 233
968 870
328 949
313 194
289 830
52 850
904 899
878 465
553 476
186 151
800 469
613 222
961 256
730 823
72 27
570 935
906 129
671 841
306 398
935 291
116 457
966 872
599 725
113 792
137 535
52 23
96 597
234 974
218 2
465 224
789 501
294 395
264 196
118 800
140 768
295 1
757 107
560 529
906 508
190 804
628 468
442 78
517 614
212 633
110 646
988 542
44 109
310 559
710 956
886 616
96 549
83 866
944 248
16 848
207 779
349 492
585 541
970 430
351 106
499 979
60 18
848 313
499 759
13 603
68 201
525 595
7 478
243 391
506 236
986 59
413 520
260 610
279 428
755 203
180 199
621 97
587 637
992 872
668 503
194 701
165 988
170 795
114 204
165 709
286 810
90 457
327 760
203 122
869 766
336 696
689 805
610 384
924 149
213 547
988 313
425 832
654 469
303 284
606 238
962 756
267 812
91 931
892 465
488 966
494 281
531 206
593 162
937 290
178 192
815 477
496 18
325 70
132 264
355 618
754 114
839 209
147 673
89 870
626 212
588 840
28 964
602 144
382 58
414 593
667 844
143 136
645 38
609 313
788 723
597 173
463 681
236 925
185 625
781 355
551 465
485 728
369 74
638 378
770 747
946 706
782 260
14 468
222 211
53 768
82 24
27 258
188 794
959 892
989 824
865 871
993 619
599 2
512 942
368 643
825 240
346 427
405 6
401 174
745 996
456 244
968 142
34 836
414 453
549 942
505 377
263 119
730 895
205 616
124 846
90 249
575 936
465 256
137 364
894 351
48 962
557 964
209 530
608 586
39 371
881 12
266 680
102 134
542 864
815 377
800 127
369 54
982 243
760 703
398 679
453 903
955 658
965 757
883 511
925 120
176 625
50 988
857 258
382 527
983 841
331 233
746 205
65 58
285 887
741 557
106 22
431 565
6 678
667 647
63 590
97 818
408 207
559 319
752 540
533 717
569 732
717 446
508 507
657 437
600 414
570 582
764 845
236 820
32 541
493 637
332 144
212 902
223 692
563 382
376 206
310 566
98 686
349 655
895 250
442 906
214 817
894 678
245 429
41 58
421 870
68 830
841 251
538 502
517 760
659 476
580 243
54 38
76 631
814 471
700 598
599 579
161 664
317 857
791 120
274 631
185 468
643 151
472 46
940 213
291 23
500 945
192 954
1 24
369 179
831 396
460 307
405 830
341 170
745 843
525 126
844 674
662 866
832 981
487 630
435 824
657 322
320 288
906 791
400 442
908 746
43 648
450 110
159 562
787 563
849 248
858 250
742 222
874 425
831 807
747 94
526 974
505 857
37 850
815 785
964 635
969 531
0 316
265 487
728 487
49 707
271 91
407 779
448 584
20 726
92 85
879 453
167 810
79 165
897 653
72 818
697 38
95 945
64 643
459 836
879 558
589 245
896 288
351 856
887 606
285 967
249 732
64 407
70 145
582 885
599 589
982 844
783 70
359 99
881 443
65 276
514 698
566 860
728 543
492 449
954 761
238 629
702 36
108 912
751 613
41 246
433 37
871 348
832 354
599 321
94 822
774 502
319 963
391 252
69 929
705 663
928 129
704 222
476 961
744 271
926 215
402 598
415 551
659 197
784 720
948 535
554 181
213 151
474 131
766 366
188 381
766 164
181 719
778 922
70 739
830 379
789 552
436 430
565 605
370 72
516 582
281 855
326 172
938 587
683 798
592 197
70 386
350 252
254 911
263 411
10 869
97 274
105 845
58 259
147 692
510 864
745 34
706 362
375 775
43 565
571 885
568 647
546 387
459 797
470 198
733 474
908 910
147 201
526 308
309 142
190 882
609 794
74 396
144 722
778 819
722 903
182 822
681 176
752 285
4 179
216 952
93 425
11 437
820 749
654 843
773 358
419 43
494 819
940 706
674 661
171 403
48 902
181 538
938 390
702 957
710 622
524 459
448 913
784 979
842 635
722 764
587 392
425 315
129 942
621 83
422 478
830 148
442 482
578 258
461 478
605 303
189 996
420 574
661 655
90 487
398 874
495 324
886 118
580 163
426 275
953 797
817 22
723 803
749 77
651 849
28 616
501 477
22 955
178 772
232 86
264 818
300 314
943 154
268 278
780 426
545 614
64 138
794 791
245 34
440 71
772 240
777 684
419 17
482 114
309 558
436 693
780 165
353 26
27 873
99 687
394 185
199 837
609 398
711 356
47 16
909 183
171 389
107 425
911 326
84 566
987 454
665 604
338 257
608 100
611 453
771 619
31 739
783 609
261 435
738 370
814 803
545 713
28 346
372 975
262 17
857 68
77 490
798 921
561 442
495 606
312 431
239 251
23 299
893 273
453 367
283 974
558 577
941 151
738 969
767 998
648 605
906 158
762 418
234 599
773 570
785 657
740 292
565 505
285 31
461 914
922 135
515 411
258 829
720 296
387 500
573 790
957 207
571 658
360 115
152 447
284 642
473 287
556 824
794 478
690 374
416 226
714 90
681 780
258 263
869 393
490 777
437 172
957 832
618 753
824 74
5 237
964 101
386 148
501 599
537 498
148 294
196 40
748 832
920 457
422 870
652 664
422 635
351 961
675 469
110 781
404 730
865 441
651 725
757 409
245 949
952 96
260 23
0 908
646 681
336 900
30 43
870 964
682 298
48 351
918 230
243 733
794 518
9 194
848 377
550 284
562 361
227 134
497 651
188 459
519 880
58 239
986 439
383 754
946 606
250 727
739 856
243 801
289 539
670 982
126 161
885 786
851 536
41 189
781 863
471 741
683 372
354 746
174 969
659 238
148 812
593 821
327 113
397 426
908 736
80 624
396 148
343 498
450 237
397 697
939 630
987 548
883 147
988 81
573 408
37 860
734 504
135 483
971 545
569 144
400 356
360 271
386 60
240 614
584 778
480 489
662 105
59 780
595 15
31 111
947 913
16 559
639 985
172 438
25 716
80 979
62 209
688 971
681 537
610 262
902 686
622 238
336 228
556 936
362 837
494 805
833 641
763 430
796 997
597 876
930 557
393 339
131 775
310 781
846 232
279 287
887 594
587 149
344 407
42 787
325 479
460 835
62 646
40 872
397 263
706 879
978 979
969 914
280 573
721 741
332 30
197 243
772 742
793 757
328 978
120 893
613 299
701 464
390 226
850 793
994 534
75 303
585 234
671 962
823 967
744 687
108 217
379 332
997 287
783 373
923 792
756 620
767 989
370 879
167 260
810 558
74 889
689 137
77 405
728 568
156 475
653 356
543 774
428 556
842 524
122 78
269 219
281 181
130 284
340 205
332 936
935 752
197 943
110 603
200 321
361 40
141 308
795 770
553 983
85 445
209 849
452 467
839 16
656 308
753 508
148 97
37 527
579 906
488 464
126 216
988 526
671 55
389 653
756 275
138 924
194 770
359 730
547 280
947 742
846 266
993 720
757 290
164 15
846 686
829 837
593 330
288 442
206 168
406 230
62 866
973 328
840 833
700 163
166 92
656 348
513 663
364 661
496 936
627 437
780 418
125 804
634 73
378 840
367 477
740 60
33 901
374 888
781 67
798 57
213 167
313 569
535 796
442 427
204 915
483 20
307 378
630 89
32 489
220 914
615 618
127 691
404 894
401 955
791 680
891 876
71 823
439 525
527 749
663 877
408 640
354 300
492 928
859 981
124 230
191 662
500 956
880 295
923 358
643 670
533 460
618 449
920 293
757 543
354 710
569 629
835 717
336 11
310 908
867 890
281 235
814 878
895 848
590 9
661 582
37 183
501 867
775 943
545 831
946 612
946 862
582 413
792 61
855 752
883 87
165 462
921 264
52 902
360 919
114 791
679 19
98 422
653 504
815 420
300 792
16 796
963 665
885 873
922 555
659 260
627 918
750 205
799 993
719 387
394 35
624 721
962 271
690 865
369 230
966 200
117 36
589 686
48 913
253 613
368 172
810 868
322 519
86 701
366 15
40 111
528 150
895 907
735 473
210 995
756 381
20 306
946 962
995 981
479 776
982 966
521 302
577 279
490 947
340 824
65 210
293 200
137 446
398 917
799 733
912 943
260 2
190 302
689 592
640 589
678 584
669 918
314 629
843 323
902 807
217 37
31 495
802 723
984 408
740 486
203 658
416 56
532 882
454 731
531 648
854 65
41 769
684 6
343 220
484 553
32 561
847 487
469 789
531 168
620 988
540 508
594 218
420 227
988 167
301 326
7 681
312 469
558 191
990 787
513 391
510 494
889 75
349 637
1 266
941 323
482 220
672 349
265 285
770 993
932 217
333 751
10 732
61 468
209 585
712 68
576 735
564 932
299 996
392 632
794 437
961 789
286 276
893 743
991 466
103 64
631 717
47 50
167 954
799 88
682 511
94 75
412 885
313 866
821 951
17 187
867 5
964 442
400 55
678 394
578 61
884 969
967 492
607 72
242 286
757 60
759 428
910 632
561 227
211 661
812 528
469 740
732 199
664 174
748 951
987 205
134 71
13 110
978 924
726 377
39 435
879 507
652 142
332 470
767 60
471 449
255 947
517 554
551 103
602 381
355 373
492 797
467 450
289 493
544 390
666 793
726 810
763 766
374 611
211 908
555 301
210 864
736 877
934 717
975 709
635 333
280 763
412 12
224 749
283 804
961 104
316 831
886 257
687 738
787 893
666 511
689 928
150 532
911 645
892 355
924 41
388 28
694 122
11 243
41 621
398 555
486 433
614 764
101 270
939 96
824 999
436 841
572 785
879 134
355 741
995 481
447 342
75 470
107 112
368 34
729 532
669 976
8 956
356 664
656 364
27 679
644 965
25 810
181 800
498 342
252 677
580 90
838 548
496 236
200 829
769 750
276 966
112 565
531 639
742 574
648 562
659 680
524 5
989 974
971 997
202 134
257 365
191 767
410 688
806 455
149 901
358 467
601 831
755 286
142 336
557 917
311 737
738 302
435 521
959 698
3 414
16 720
228 680
916 890
8 375
855 541
510 659
485 881
693 380
557 942
425 130
606 223
910 887
766 479
221 588
360 563
630 770
287 930
645 273
613 296
54 494
667 228
596 830
682 657
632 951
884 426
315 247
406 261
542 749
495 946
315 65
41 380
62 386
273 529
673 448
292 334
911 542
161 70
317 841
39 670
143 83
460 412
191 6
307 997
38 572
546 973
53 680
67 703
869 954
808 420
273 7
154 505
91 836
161 825
229 479
956 654
730 464
42 757
656 693
150 955
486 889
65 484
978 904
208 508
332 628
205 889
429 175
612 14
289 689
491 582
26 749
45 132
34 802
256 314
57 913
654 232
472 368
559 166
539 828
58 472
824 922
123 742
679 244
560 972
190 577
748 90
633 28
426 109
413 467
506 64
210 193
406 953
319 750
943 611
931 780
247 561
231 64
174 342
262 579
664 650
888 707
625 475
467 930
331 135
554 758
467 541
506 448
954 10
553 937
577 976
524 3
540 420
443 812
742 566
407 83
335 922
25 264
768 662
0 314
9 156
242 890
874 60
452 823
445 418
398 869
713 743
216 118
854 793
628 716
853 392
554 978
810 6
526 433
523 433
556 172
976 677
385 619
68 579
265 580
463 251
14 701
707 738
878 409
378 374
510 441
789 467
865 379
364 425
865 822
962 206
111 747
614 126
924 219
225 687
923 301
596 32
960 480
275 36
632 680
584 289
568 353
200 39
745 349
279 547
946 470
310 5
766 914
544 321
72 0
586 273
449 586
278 774
262 536
386 252
707 340
439 972
960 239
171 218
181 138
740 45
702 422
55 52
353 818
45 422
534 179
482 532
16 454
156 984
770 811
251 915
636 848
730 149
131 478
674 870
469 504
541 14
84 969
627 35
702 445
283 122
265 730
680 458
880 396
249 558
320 459
893 584
338 189
420 301
942 154
45 19
67 799
6 838
679 384
638 939
645 597
832 707
734 992
819 776
999 125
486 274
347 67
475 471
798 295
823 286
589 905
154 598
615 352
854 772
838 326
942 152
672 950
443 669
918 202
70 437
629 981
415 657
937 833
227 13
676 627
356 25
243 331
212 165
193 919
273 947
277 593
545 38
555 346
365 810
560 427
294 186
11 913
694 339
435 239
963 633
108 664
153 592
930 320
988 389
587 326
174 991
594 813
871 790
776 734
307 974
161 229
348 727
25 831
151 538
284 477
784 65
209 414
939 364
447 58
260 964
981 293
772 298
822 259
737 691
931 237
773 31
191 657
631 686
315 69
144 451
952 286
66 15
191 228
281 148
585 744
45 155
796 544
665 781
199 977
917 491
573 918
612 824
262 680
783 364
164 96
231 689
18 198
345 193
186 558
160 219
773 288
807 627
354 169
548 241
511 380
690 234
877 701
842 577
376 418
17 59
289 295
19 425
897 799
418 571
435 838
713 6
969 833
417 65
356 322
131 19
627 433
338 51
780 280
488 173
669 637
205 106
305 370
609 240
474 688
332 225
314 16
49 722
289 757
533 360
383 955
311 640
251 629
727 387
499 300
573 245
145 572
504 957
494 312
530 617
624 126
885 995
904 2
322 564
835 647
913 579
276 999
603 178
663 124
797 816
886 309
149 171
182 970
195 64
812 181
85 394
836 670
933 946
85 645
594 995
364 684
896 766
469 327
715 563
607 665
585 82
406 302
796 83
782 801
562 987
315 504
853 775
981 48
419 953
298 346
217 140
24 408
463 640
783 418
592 628
183 585
983 72
973 349
557 270
541 385
225 56
545 611
153 703
294 506
360 459
10 648
912 593
286 666
607 308
273 719
395 971
413 720
988 648
501 264
946 683
617 178
750 818
276 937
494 233
979 133
598 825
315 624
488 149
950 45
822 677
116 562
899 456
380 295
764 582
636 911
761 37
445 249
688 78
294 635
450 170
288 940
238 548
920 20
882 371
660 466
610 324
705 701
7 99
53 887
293 195
964 761
187 811
410 782
507 228
470 879
377 212
392 985
968 585
34 51
5 442
345 498
782 915
547 337
687 686
587 667
754 403
172 796
800 582
978 476
141 700
305 396
568 498
676 604
452 230
531 686
197 870
331 67
917 276
770 476
523 336
603 466
17 826
567 364
38 868
268 460
846 128
513 679
13 954
308 893
423 176
528 640
795 217
338 34
242 585
848 582
421 646
781 749
420 527
921 899
793 916
885 898
782 492
218 178
951 622
197 357
230 894
660 882
652 708
672 937
594 209
778 908
981 843
275 850
289 814
361 94
40 450
286 56
755 514
245 276
937 164
761 494
886 939
732 330
959 374
994 232
386 48
740 342
212 0
543 524
172 789
461 175
958 635
308 854
913 20
443 860
279 860
479 11
385 785
167 413
579 444
889 256
489 728
608 447
718 117
97 917
716 563
44 136
587 452
949 55
914 161
305 742
128 924
943 915
74 52
180 142
169 511
165 232
441 491
748 687
439 42
415 893
121 799
889 135
398 901
729 325
543 816
845 234
41 389
2 12
145 992
240 90
937 906
521 982
511 673
405 448
38 130
196 118
104 369
693 401
784 433
598 67
354 796
848 367
652 863
472 483
909 625
898 878
725 581
881 847
663 811
970 920
111 650
757 624
451 322
396 316
733 406
233 397
639 626
590 848
613 85
755 439
896 919
403 588
810 721
952 741
348 629
737 774
541 361
999 513
971 85
234 425
760 883
882 342
589 443
168 675
106 119
636 740
708 777
316 861
275 522
140 932
987 367
356 782
949 343
543 468
408 292
165 414
458 222
869 301
686 900
629 817
429 524
260 484
119 790
18 149
809 78
100 35
789 972
890 710
359 266
998 719
159 822
794 570
620 824
141 86
428 882
689 52
839 569
658 710
135 970
896 83
603 241
616 882
158 524
593 166
992 394
170 762
414 478
304 890
603 638
831 571
351 585
675 90
571 341
238 28
162 120
565 182
416 623
774 221
202 378
294 429
860 575
247 262
331 263
575 816
391 523
512 931
168 268
886 271
670 600
326 835
484 75
378 463
39 37
545 882
399 807
805 67
558 240
378 305
399 366
14 426
523 710
267 131
88 245
507 748
481 807
823 482
757 999
997 930
301 411
317 892
576 399
540 542
100 126
134 286
957 623
497 610
944 493
16 156
823 853
558 970
63 770
781 543
195 981
985 433
54 810
922 293
442 758
450 836
414 318
321 905
835 25
977 694
880 964
446 99
593 122
843 860
44 430
870 203
306 602
103 714
496 566
677 880
844 754
849 788
95 219
635 77
95 346
852 393
328 531
938 68
853 363
696 53
565 42
194 454
781 801
110 618
519 154
665 730
892 17
68 18
827 857
158 699
565 578
622 421
686 302
512 740
517 573
15 148
646 349
178 63
519 850
627 787
968 681
151 992
946 86
279 578
574 472
938 201
172 105
336 761
771 485
318 184
853 255
283 156
722 621
689 417
605 952
395 932
163 764
621 120
653 271
433 777
238 777
100 410
999 358
954 983
730 810
665 35
583 334
325 124
313 975
501 348
171 491
585 407
963 748
46 79
973 971
890 189
337 865
587 785
169 741
199 41
148 898
630 789
612 404
846 502
338 351
892 418
634 23
937 899
288 276
827 850
970 76
511 241
367 777
310 192
581 833
595 70
525 537
297 694
967 482
597 151
685 229
702 415
370 440
317 460
940 917
939 90
0 250
552 228
339 356
295 279
804 704
866 359
696 144
232 923
274 482
334 457
51 351
618 393
632 349
270 675
528 635
562 82
663 572
121 567
144 913
784 182
123 291
351 677
291 193
200 752
260 700
367 337
264 877
702 868
122 717
421 279
677 586
649 373
389 83
44 177
307 240
149 99
372 886
196 797
565 56
82 232
249 514
946 648
572 494
941 314
420 40
2 442
685 805
568 23
343 119
748 312
120 650
159 566
788 209
452 533
510 427
266 548
171 140
357 8
56 679
756 57
828 440
836 781
121 190
559 464
296 962
912 318
416 282
470 456
503 407
917 548
235 423
255 109
941 616
242 445
327 319
674 209
566 381
551 202
716 496
277 36
9 697
792 1
327 744
936 765
285 951
630 472
397 807
133 60
123 320
80 56
277 336
320 468
898 706
425 518
677 867
451 696
700 328
972 273
825 726
255 107
855 190
547 94
702 170
586 27
982 147
320 553
71 766
470 276
475 626
677 178
230 138
515 873
782 565
443 772
476 520
484 559
293 142
588 902
455 677
910 444
548 93
929 917
813 533
248 323
26 95
399 635
943 52
941 102
550 115
680 796
507 881
161 413
504 151
436 273
832 103
314 55
147 905
646 291
922 156
400 503
770 725
608 102
280 760
533 683
80 962
125 794
249 217
683 570
612 663
441 111
931 205
508 549
667 608
884 52
533 879
701 959
926 612
294 7
397 889
759 999
228 18
999 861
344 490
960 74
870 849
231 225
67 966
215 350
632 629
642 614
240 911
235 849
933 712
454 854
248 799
684 225
846 847
979 826
988 592
942 757
135 237
291 317
161 805
664 989
141 599
127 976
586 637
573 259
719 267
219 914
62 176
307 406
888 554
694 561
678 259
999 104
288 470
694 238
314 795
508 584
433 299
547 451
135 225
210 359
753 287
479 444
399 56
357 175
433 668
159 547
926 618
263 908
359 204
334 125
264 287
306 945
412 632
215 732
134 628
907 264
969 512
249 296
434 112
118 176
647 24
189 639
315 733
706 6
861 272
613 302
682 809
530 82
400 642
93 762
723 346
439 251
255 84
88 396
947 786
551 295
49 218
563 632
527 774
572 654
139 293
917 101
119 873
591 805
418 730
532 253
803 577
970 278
622 968
98 771
671 130
842 376
598 877
869 134
166 619
653 814
582 55
91 736
87 6
227 57
34 19
901 485
185 326
607 797
53 364
183 368
491 349
594 632
609 769
632 80
110 739
163 980
924 940
288 358
371 24
428 211
694 634
516 214
625 229
988 192
725 945
450 898
118 848
796 196
389 197
802 753
879 300
91 522
521 242
545 955
817 329
822 567
620 1
547 848
488 740
733 139
299 718
917 596
265 254
567 252
653 401
462 891
822 826
457 662
505 414
597 543
986 42
435 100
832 637
959 475
909 495
271 175
479 527
260 68
49 454
833 881
408 112
375 866
92 313
157 241
399 429
542 442
64 179
536 687
405 266
488 654
852 627
274 696
567 302
831 318
305 789
582 692
657 749
117 94
658 148
432 30
122 456
387 142
813 713
180 778
718 963
268 748
974 852
421 976
766 615
433 781
811 228
451 503
378 280
632 659
626 411
505 379
39 546
722 981
543 18
78 74
578 896
634 821
543 551
195 298
187 204
757 411
619 434
835 889
37 641
526 307
893 859
729 117
946 462
226 286
259 121
203 207
710 228
774 460
758 371
832 489
2 319
225 422
131 654
415 526
100 589
321 966
556 252
469 254
728 602
214 406
753 903
694 101
462 133
902 584
561 308
305 783
562 825
609 945
151 517
180 969
995 603
959 326
711 39
447 682
673 188
814 548
889 955
283 431
865 211
391 708
895 797
425 614
812 72
638 607
784 770
728 350
278 604
165 305
879 323
883 647
997 648
318 268
525 731
133 791
356 975
477 38
349 752
216 420
890 384
861 100
288 534
860 233
984 279
730 246
791 626
529 547
349 37
173 175
853 743
624 613
381 287
130 646
73 755
99 467
915 561
398 28
956 810
605 887
771 334
722 564
636 436
648 429
828 399
400 489
921 596
218 245
696 14
873 446
951 375
604 85
889 391
723 183
898 341
741 624
450 846
833 809
151 642
552 428
254 243
225 857
186 555
448 701
146 252
669 527
155 3
94 799
773 124
752 628
771 146
239 285
53 348
274 830
776 983
856 7
23 387
205 916
112 732
606 166
986 377
816 97
662 918
469 171
984 874
942 122
359 605
579 455
982 432
423 300
980 110
43 885
715 560
903 418
561 206
738 856
163 62
17 394
729 244
943 703
146 121
365 431
400 28
596 828
403 244
140 116
683 550
133 889
773 944
632 219
766 249
801 43
792 404
954 594
632 866
575 248
631 502
816 79
245 397
544 487
721 375
779 687
330 223
135 339
562 945
785 49
101 598
740 608
264 603
913 202
89 375
971 632
193 754
135 616
976 933
468 220
137 411
376 178
496 478
755 743
319 294
536 111
724 327
377 799
808 898
341 881
138 595
171 18
36 454
846 725
252 231
919 460
329 664
414 10
543 145
576 879
566 509
633 684
612 611
541 97
990 671
568 863
955 188
66 174
41 139
637 179
417 942
555 678
542 663
7 118
833 897
142 173
385 282
237 295
816 93
774 824
735 290
787 363
984 563
196 626
796 373
772 201
538 514
110 762
169 773
12 354
52 906
6 168
193 39
559 607
596 846
834 802
492 877
135 758
996 985
49 542
553 502
849 716
921 203
373 951
38 425
722 994
296 677
134 957
46 78
267 979
717 687
916 387
378 502
243 268
708 407
329 687
310 153
953 454
8 885
760 146
790 885
846 55
872 384
982 417
189 123
489 3
487 789
324 839
798 727
210 261
532 169
832 199
569 473
396 337
877 864
262 804
764 92
747 751
247 722
596 27
657 813
858 539
646 201
432 786
480 115
340 975
312 860
31 825
200 64
782 765
925 578
804 755
380 106
449 343
128 883
723 754
557 510
658 305
976 391
869 261
924 210
386 828
356 191
187 670
199 656
609 401
198 919
652 713
627 851
439 244
480 334
235 523
765 201
36 185
795 543
572 277
222 889
431 596
588 354
345 637
618 124
973 708
103 483
867 695
707 311
23 665
437 111
372 427
378 384
232 569
997 302
914 781
402 915
845 617
46 314
807 71
763 720
672 514
889 261
812 407
281 969
596 908
865 177
351 532
355 585
896 978
257 611
775 455
897 936
12 119
620 176
11 319
104 734
674 214
427 111
163 515
876 661
901 52
404 430
374 797
571 158
528 160
381 434
115 52
56 703
406 572
211 828
680 236
578 516
208 720
821 563
570 88
179 978
974 204
246 299
302 726
514 529
855 871
52 471
443 869
810 315
114 14
7 238
631 853
204 158
103 91
833 11
652 763
385 758
4 876
575 909
378 760
783 93
695 583
990 337
426 366
3 848
406 721
899 244
822 246
890 271
453 186
438 349
690 74
456 281
893 463
368 340
428 417
163 162
281 573
516 702
98 750
326 452
44 416
395 151
598 955
956 835
704 469
294 544
465 628
503 630
574 179
893 465
92 881
122 693
76 831
280 351
808 122
570 877
876 727
731 226
412 77
628 330
840 571
693 547
797 981
756 655
289 746
826 215
191 325
986 945
404 760
243 877
620 681
420 927
45 744
895 66
998 138
43 898
166 911
249 65
529 19
831 322
373 184
541 972
639 157
765 669
314 327
294 816
360 789
953 91
471 632
714 124
925 480
160 66
111 409
572 853
718 433
239 510
25 393
784 953
257 705
192 238
38 144
365 895
647 159
373 411
532 690
904 118
471 61
274 670
595 689
160 72
388 196
0 936
313 716
849 592
786 195
52 949
388 683
804 92
762 27
626 454
548 61
795 81
197 92
331 483
48 421
520 25
253 160
919 946
678 155
985 926
154 596
897 503
255 968
738 650
436 96
273 98
53 859
380 469
346 709
162 959
31 733
909 511
572 791
902 889
559 509
216 593
168 535
210 503
124 653
557 722
65 329
823 777
824 442
77 265
-1 -1 -1 35597 -1 -1 -1 -1 28891 -1 -1 -1 -1 -1 -1 -1 49910 -1 -1 7792 -1 -1 -1 -1 -1 -1 -1 -1 -1 -1 -1 -1 15609 39908 -1 -1 -1 -1 -1 -1 -1 -1 -1 57985 -1 48673 -1 -1 -1 -1 -1 33097 -1 -1 -1 -1 -1 -1 -1 -1 -1 -1 6109 -1 42119 9023 45359 -1 -1 16735 -1 -1 -1 -1 -1 -1 62920 -1 39386 35532 -1 -1 63457 23887 -1 -1 -1 -1 -1 -1 -1 35265 -1 23196 -1 -1 -1 12352 50942 13184 -1 -1 -1 9509 -1 -1 -1 61515 -1 -1 -1 -1 -1 45659 -1 -1 -1 -1 65326 -1 -1 -1 -1 -1 1537 -1 -1 40217 -1 -1 -1 -1 -1 -1 45670 -1 -1 -1 -1 -1 -1 -1 -1 -1 55643 -1 -1 -1 -1 -1 -1 -1 -1 -1 14074 -1 -1 -1 -1 -1 -1 27059 -1 -1 -1 -1 -1 -1 19531 -1 -1 -1 -1 -1 -1 61033 -1 -1 -1 -1 -1 -1 -1 -1 -1 -1 -1 -1 -1 16984 -1 -1 -1 -1 -1 -1 -1 -1 -1 -1 -1 49251 11555 23886 -1 -1 -1 -1 -1 -1 -1 -1 -1 -1 -1 -1 53424 -1 41552 52302 64108 25686 6859 -1 -1 -1 -1 -1 -1 -1 -1 34752 56844 -1 -1 -1 -1 -1 -1 -1 -1 -1 -1 -1 -1 -1 28196 16188 -1 50578 -1 -1 38422 -1 -1 -1 16051 -1 -1 -1 -1 17135 -1 -1 -1 -1 46384 -1 -1 -1 26173 53333 -1 -1 -1 33974 -1 -1 -1 -1 -1 -1 -1 -1 11159 -1 -1 -1 -1 -1 -1 -1 -1 -1 -1 -1 7035 -1 -1 8116 -1 -1 -1 -1 -1 -1 44115 -1 -1 -1 -1 -1 -1 -1 -1 36659 26552 28357 -1 -1 19170 39138 -1 -1 -1 -1 -1 -1 -1 -1 -1 -1 36792 -1 -1 35091 -1 -1 -1 -1 -1 -1 -1 -1 -1 -1 -1 -1 -1 -1 -1 -1 -1 -1 -1 -1 -1 -1 7394 -1 -1 -1 -1 -1 -1 -1 -1 -1 -1 -1 -1 -1 -1 -1 61132 -1 -1 -1 -1 -1 -1 -1 8538 -1 -1 -1 16410 -1 -1 -1 -1 22053 -1 -1 -1 -1 -1 58213 -1 -1 -1 -1 -1 -1 52233 -1 -1 -1 -1 -1 -1 -1 -1 -1 -1 -1 3380 -1 -1 -1 50989 -1 -1 -1 -1 -1 -1 33994 -1 -1 -1 -1 -1 -1 -1 -1 -1 -1 -1 -1 -1 -1 -1 5992 -1 -1 -1 -1 -1 -1 7717 -1 -1 -1 -1 -1 -1 -1 -1 45155 -1 -1 -1 -1 -1 -1 -1 46080 -1 -1 -1 -1 -1 43830 -1 -1 -1 -1 -1 23777 47681 -1 -1 27731 11159 -1 -1 -1 -1 -1 26984 -1 -1 -1 -1 -1 -1 -1 -1 -1 -1 -1 -1 62057 -1 58550 -1 -1 -1 -1 -1 14318 -1 51616 -1 28088 -1 -1 -1 -1 -1 5065 -1 -1 -1 -1 -1 37778 -1 -1 -1 -1 -1 6166 -1 -1 -1 4894 -1 -1 -1 -1 -1 -1 44425 -1 -1 -1 -1 -1 63322 -1 -1 -1 -1 -1 -1 -1 -1 9249 20527 -1 -1 -1 -1 -1 -1 48144 -1 -1 -1 -1 48404 35554 -1 -1 -1 -1 55148 -1 -1 -1 -1 19162 -1 4832 -1 -1 -1 47641 -1 -1 35099 -1 -1 39186 -1 -1 -1 -1 -1 -1 -1 -1 -1 -1 45022 -1 -1 -1 36804 -1 -1 -1 -1 -1 -1 -1 -1 47644 -1 -1 -1 -1 -1 -1 -1 -1 -1 -1 -1 -1 -1 -1 -1 -1 -1 -1 -1 -1 2476 -1 4106 -1 -1 -1 -1 -1 -1 22970 -1 -1 -1 -1 -1 -1 -1 -1 -1 -1 -1 -1 -1 -1 -1 -1 -1 -1 43699 47790 -1 19924 -1 -1 -1 -1 57571 -1 -1 -1 48229 -1 65173 29984 -1 -1 -1 9502 -1 -1 -1 -1 55649 -1 -1 -1 -1 -1 -1 -1 -1 55233 50441 -1 -1 -1 59126 -1 -1 43573 -1 -1 -1 -1 -1 -1 -1 -1 -1 58592 -1 -1 -1 4722 -1 -1 -1 -1 -1 -1 -1 -1 -1 -1 -1 -1 -1 -1 -1 35068 -1 22061 7502 -1 59338 -1 -1 -1 32467 23482 54850 -1 -1 -1 -1 -1 -1 -1 -1 -1 -1 50628 -1 -1 -1 -1 1201 -1 12584 -1 -1 -1 -1 -1 -1 -1 -1 -1 -1 -1 -1 25124 -1 -1 40366 -1 38681 -1 -1 13159 25694 -1 -1 8292 -1 -1 -1 -1 -1 -1 -1 -1 -1 -1 -1 -1 60274 12116 -1 -1 14408 -1 -1 -1 6869 -1 54343 -1 11370 3088 -1 -1 -1 -1 -1 28391 -1 -1 -1 -1 -1 -1 11435 -1 -1 -1 -1 -1 64073 -1 -1 58452 48961 -1 -1 -1 -1 -1 -1 12376 -1 52922 -1 -1 -1 -1 6721 -1 -1 -1 -1 -1 -1 -1 -1 -1 -1 1035 48527 39291 -1 -1 62360 -1 -1 -1 -1 -1 -1 -1 -1 11899 28312 -1 -1 26236 42548 -1 -1 -1 -1 6216 -1 -1 -1 -1 51468 12857 -1 -1 -1 -1 -1 -1 44401 -1 29646 -1 -1 -1 25382 61077 -1 -1 -1 -1 -1 -1 -1 -1 -1 -1 -1 -1 16171 -1 37913 41189 -1 38466 -1 -1 36089 -1 46530 58710 -1 -1 -1 -1 -1 -1 -1 -1 -1 -1 63532 -1 -1 -1 -1 -1 -1 24012 -1 25251 -1 -1 -1 -1 -1 -1 -1 57838 -1 -1 -1 44297 -1 -1 -1 -1 -1 -1 53554 -1 -1 2450 43061 -1 -1 44668 -1 32820 -1 -1 -1 -1 -1 -1 58262 -1 -1 -1 -1 30964 -1 -1 -1 -1
9
1 547 11 574 12
1 544 7 648 11
1 782 13 681 7
1 44 15 317 0
1 978 0 576 11
0 156 2 654 14
1 420 8 269 14
1 954 13 912 8
1 888 7 392 14
