1000 5000
550 198
659 270
401 112
24 559
726 906
888 580
553 11
338 180
603 120
25 154
704 143
719 135
194 377
886 207
877 709
230 439
457 526
563 986
507 800
619 999
999 791
806 36
190 518
828 600
400 921
371 321
509 837
690 811
614 451
969 993
106 240
291 334
560 850
340 670
251 635
182 991
174 92
966 821
672 670
718 575
70 328
873 170
434 80
821 714
105 888
967 398
45 493
366 706
609 513
636 618
10 318
595 277
255 563
841 542
329 946
449 937
846 887
318 118
1 447
814 130
559 491
407 378
420 633
666 333
674 966
26 934
451 758
550 724
872 781
641 555
605 24
69 612
78 913
884 404
131 917
238 17
627 996
61 435
831 719
950 591
974 920
480 718
737 437
675 893
494 593
64 892
486 856
333 415
580 502
605 536
846 608
288 966
725 395
79 249
57 672
692 214
71 365
618 80
394 641
672 663
324 140
778 122
126 14
171 779
797 690
681 175
527 268
921 429
787 873
108 679
798 802
113 905
249 892
115 695
570 359
152 763
353 58
984 11
3 235
708 942
678 554
463 888
872 76
135 446
423 300
132 795
918 355
181 25
874 165
907 579
399 491
576 323
389 523
676 550
7 438
72 787
1 818
320 388
994 44
98 992
632 707
735 865
569 363
158 86
893 958
673 153
388 588
570 655
862 596
323 596
462 616
793 951
903 490
263 729
732 793
247 416
204 625
253 679
989 624
699 537
65 605
135 95
768 368
730 17
509 671
918 58
782 80
709 933
537 445
145 676
994 519
236 316
258 302
706 743
892 952
791 754
753 825
637 745
245 977
494 443
959 38
971 150
443 281
119 808
659 861
853 513
224 538
448 492
966 810
354 493
53 612
833 664
696 120
277 617
805 368
96 104
845 897
137 286
584 678
918 970
548 188
477 851
703 129
116 962
164 158
824 412
105 669
602 185
858 507
868 922
589 648
403 793
32 693
518 711
378 370
930 737
154 195
212 596
491 391
728 116
633 782
942 19
956 797
632 539
262 110
201 479
417 639
280 628
125 636
631 960
226 297
423 246
888 221
345 228
388 798
926 823
434 135
684 41
505 769
195 993
837 19
407 508
479 911
716 572
380 958
687 152
175 451
39 749
418 11
802 120
905 590
842 792
377 47
297 803
400 249
62 770
512 519
420 248
870 153
541 231
186 124
626 859
447 149
880 539
943 389
452 801
304 216
386 836
367 623
13 923
904 606
594 937
874 43
342 328
299 749
155 446
699 366
787 676
158 475
191 709
66 803
387 694
576 771
615 408
674 854
886 355
74 787
378 515
485 881
93 649
68 809
131 45
418 952
947 243
109 743
146 716
990 968
959 154
735 458
487 787
825 862
922 260
905 690
444 170
607 449
902 700
565 10
235 187
415 623
275 411
623 493
386 773
390 513
989 528
348 554
708 155
722 97
481 889
935 442
317 779
66 582
542 554
629 108
947 200
195 772
282 852
970 497
119 41
536 448
820 810
367 701
487 857
791 371
182 277
182 453
464 22
783 350
771 813
446 589
678 129
970 80
961 434
791 870
412 268
7 863
589 680
498 670
913 855
89 701
505 463
133 941
454 932
208 455
337 735
922 216
463 407
441 600
344 37
457 963
397 76
800 685
668 67
527 633
953 579
851 899
87 690
545 193
137 342
442 69
501 913
103 353
184 978
910 797
101 250
22 474
958 873
401 539
617 558
45 663
592 534
819 579
548 426
594 411
114 476
561 180
28 993
184 57
659 765
661 433
902 382
868 616
849 572
926 469
661 464
768 242
853 51
83 553
745 812
142 672
639 225
456 260
37 757
826 662
573 498
435 764
685 343
919 862
124 319
670 390
454 820
960 423
918 724
631 101
408 681
933 586
650 855
5 18
570 239
151 296
447 411
658 582
500 244
395 714
47 24
246 256
578 326
325 348
136 882
155 409
879 971
336 636
509 390
492 34
341 186
182 228
601 885
963 991
239 127
148 199
732 53
575 96
881 568
54 291
920 937
467 187
927 296
432 435
422 473
715 136
467 636
834 438
879 969
658 422
715 705
838 860
328 352
876 396
147 420
738 540
950 344
736 315
929 539
550 917
674 53
522 606
904 708
805 802
474 250
845 81
924 79
39 714
566 613
344 809
283 796
284 500
64 451
691 104
75 51
334 829
232 708
709 13
221 293
662 385
878 884
672 385
715 485
578 949
165 748
986 539
248 80
933 843
161 308
348 296
198 211
450 344
738 666
277 500
16 102
315 542
30 678
789 241
760 989
465 894
514 246
742 73
467 379
772 68
46 708
494 260
120 545
325 869
650 174
500 901
694 480
62 968
864 684
467 992
814 497
814 709
149 154
298 343
550 692
988 666
634 862
802 173
952 979
711 52
824 169
983 790
696 551
132 600
743 635
489 905
650 665
982 529
586 494
149 949
945 512
882 706
596 411
524 671
905 491
296 294
575 356
749 884
170 8
684 907
623 451
591 104
246 731
586 606
298 519
366 758
526 323
211 468
800 198
217 538
298 798
327 571
808 700
893 609
422 523
281 270
633 24
869 578
928 265
781 241
221 54
205 530
758 891
839 988
488 896
396 713
27 559
156 554
416 306
763 503
600 202
222 25
466 136
596 305
714 86
175 423
646 649
149 686
773 833
203 515
762 774
257 158
751 930
19 171
573 883
152 255
940 678
492 439
928 712
627 462
533 650
654 318
245 283
803 226
723 124
960 819
178 604
671 121
139 181
453 719
162 720
839 518
537 256
247 161
727 598
769 249
55 79
391 517
439 329
299 548
892 75
721 593
585 871
966 258
269 403
343 375
605 635
786 205
605 949
930 70
424 140
767 351
534 353
340 614
456 194
302 370
576 998
716 310
84 466
164 446
459 987
836 862
768 147
405 241
984 238
23 350
35 343
998 530
291 18
58 20
87 627
668 852
380 543
244 82
24 264
932 751
210 521
774 71
473 399
55 897
758 998
463 113
407 185
577 454
882 205
885 667
740 524
143 859
860 230
198 15
692 664
634 46
204 331
281 644
583 982
624 265
35 841
898 995
237 33
89 448
822 835
998 733
980 777
400 290
809 595
945 548
826 852
799 394
103 870
926 616
902 34
292 655
736 202
665 771
219 922
638 696
214 675
254 14
201 55
529 138
337 572
702 92
952 69
164 500
891 377
572 724
176 960
813 952
293 188
275 721
931 971
851 683
71 895
530 378
744 983
861 421
648 119
690 344
571 278
421 188
444 390
94 933
197 12
991 932
8 31
661 318
735 28
150 177
578 480
504 870
513 194
449 25
991 154
357 147
307 736
42 150
438 34
828 684
477 618
409 82
949 173
13 461
534 254
54 234
826 967
319 325
439 359
24 276
753 337
51 782
571 393
653 783
803 608
757 894
13 454
481 649
251 379
456 793
699 226
378 739
441 126
695 42
418 277
116 363
229 467
191 945
377 681
18 333
113 233
209 62
532 905
976 777
939 841
367 531
860 814
533 843
468 257
862 602
649 912
363 830
988 542
208 927
467 867
105 468
656 829
766 375
463 284
581 510
456 548
440 433
47 45
45 881
148 143
79 672
399 356
251 149
28 888
42 474
21 781
441 848
331 246
723 791
927 232
54 628
338 467
810 947
338 169
320 64
859 877
472 738
67 369
55 35
667 228
979 132
420 906
134 231
247 530
881 110
358 929
627 716
860 302
320 177
917 328
691 368
659 70
14 392
183 961
260 652
556 508
949 367
25 624
774 645
595 260
423 931
474 864
450 981
924 39
873 633
887 285
977 277
183 588
369 325
318 514
752 827
610 926
690 349
540 87
168 823
453 281
581 87
64 144
660 586
305 941
47 698
471 51
250 534
601 984
342 901
672 181
9 734
120 1
927 187
571 385
536 274
227 101
765 841
15 58
266 193
211 176
45 549
818 647
879 145
911 57
640 248
740 835
52 750
131 593
386 332
527 996
940 958
447 557
439 502
755 858
556 254
189 708
574 985
188 145
221 969
370 174
552 96
286 549
566 352
627 539
261 540
909 602
564 125
243 63
635 859
109 118
457 121
522 237
690 929
246 492
797 409
470 482
0 751
690 659
486 103
3 792
858 883
587 551
680 902
587 920
874 445
573 770
294 68
406 171
48 21
295 38
798 439
384 436
245 996
607 609
767 587
115 510
966 890
971 935
539 582
491 752
703 750
547 156
561 320
601 517
789 373
89 329
393 690
613 415
158 846
413 723
393 439
511 595
865 619
995 673
577 116
191 920
987 401
555 899
391 127
114 679
431 336
849 560
928 554
536 817
71 885
767 792
750 263
43 69
922 420
156 744
633 466
32 869
557 335
727 756
603 855
731 363
571 699
530 694
896 867
793 120
46 56
833 946
846 251
93 856
618 857
364 579
258 102
700 573
470 166
759 68
442 618
867 527
485 488
281 260
743 24
877 194
813 918
148 663
141 330
886 726
790 918
210 826
720 353
225 505
674 604
970 833
221 875
167 382
301 820
565 231
682 399
158 146
646 111
761 350
480 760
368 28
318 761
366 784
206 95
307 232
640 847
373 201
74 599
479 516
782 808
51 558
552 620
451 752
424 456
100 45
414 631
109 363
84 868
645 48
261 162
916 17
287 399
702 224
922 440
237 422
525 43
727 572
893 99
537 666
721 868
134 140
638 379
455 985
6 439
887 581
629 358
771 318
442 445
641 565
982 592
877 196
646 537
223 72
144 812
587 671
616 784
462 251
55 610
679 934
662 515
974 38
431 158
111 780
92 590
731 521
289 882
423 334
307 606
76 862
572 573
653 435
275 55
53 800
110 783
705 465
160 751
382 314
778 345
728 487
126 772
259 254
652 668
143 887
406 798
423 109
654 501
10 299
807 757
587 280
511 954
417 138
763 144
212 189
46 339
857 602
630 608
86 522
297 152
544 550
502 88
430 125
944 393
828 904
184 199
165 493
357 193
168 840
462 417
107 699
497 821
878 61
174 394
492 300
396 546
512 135
308 737
369 189
699 269
671 233
209 621
126 90
724 238
989 743
779 870
601 175
595 698
113 546
512 897
418 756
353 839
314 22
855 23
459 804
610 186
530 9
82 223
266 728
916 602
356 407
428 747
793 621
981 879
191 756
455 121
974 973
826 392
194 162
777 27
953 602
204 907
193 957
841 985
633 574
454 517
800 861
253 198
121 195
622 284
31 53
826 218
830 528
899 594
252 274
585 830
627 323
515 231
881 510
280 295
564 521
137 174
762 657
327 279
985 503
141 20
560 69
114 901
199 124
615 866
631 995
900 642
423 229
425 848
619 185
995 360
458 25
535 40
551 529
310 911
397 738
790 300
438 254
730 581
322 727
598 203
334 66
384 185
87 943
5 6
901 192
774 776
889 672
242 396
3 795
716 196
512 987
228 382
900 880
682 765
495 364
46 500
980 43
552 544
0 211
151 245
60 652
703 525
96 223
627 179
889 571
363 541
819 778
611 844
433 993
847 298
413 156
879 678
757 503
904 667
877 451
695 920
746 472
646 187
880 492
544 811
80 478
466 450
591 477
466 531
545 590
676 445
937 470
191 411
67 581
618 749
675 402
518 714
456 83
362 562
778 497
128 396
116 627
169 410
36 947
300 490
884 315
918 465
727 707
917 343
685 839
761 330
244 792
991 732
388 580
189 572
399 66
579 834
374 72
73 799
268 747
420 853
445 297
152 617
322 402
494 989
260 983
444 588
742 333
214 790
777 30
671 529
459 129
840 546
868 280
816 413
505 283
956 990
940 299
342 186
905 302
73 413
777 813
815 67
14 893
957 449
684 600
731 34
372 942
127 564
302 966
974 268
325 893
19 429
451 728
139 331
160 581
387 404
886 430
661 639
922 549
938 255
173 666
277 745
725 143
228 979
272 135
855 51
704 588
915 663
98 137
210 874
939 877
496 658
216 510
662 468
409 884
514 841
372 164
967 530
8 786
989 622
365 480
844 206
72 92
277 564
225 374
424 328
593 451
268 976
118 483
323 505
455 605
783 955
676 974
318 513
925 715
760 371
278 837
770 219
719 639
513 753
324 621
937 757
989 784
753 213
96 997
324 558
18 710
165 940
139 996
951 243
128 350
926 574
484 160
715 578
653 882
165 988
365 862
192 808
217 400
672 998
699 373
702 72
387 329
633 28
517 547
555 575
881 678
101 718
962 315
901 504
606 796
375 135
669 505
43 936
390 480
32 445
732 768
87 638
72 722
903 448
55 46
785 149
318 455
973 830
126 987
99 17
513 654
493 54
327 74
786 226
745 11
167 808
241 255
886 803
117 957
994 33
239 579
361 918
207 996
999 468
956 125
723 796
261 895
150 223
864 333
899 780
429 204
707 471
768 280
648 62
542 473
423 677
997 365
511 982
630 324
790 25
873 521
211 808
495 834
5 417
780 759
107 417
732 827
810 898
601 324
187 268
133 681
64 162
872 779
298 530
329 656
737 231
411 907
192 350
852 550
294 390
954 883
819 610
872 892
596 253
766 122
87 181
782 122
223 227
765 915
924 641
805 146
287 370
251 339
254 863
909 128
736 486
970 226
386 756
332 341
120 563
205 677
856 988
128 950
354 923
293 938
183 478
473 969
421 238
389 694
363 466
890 328
585 213
14 860
448 965
398 390
498 29
274 714
903 379
963 113
849 768
832 867
616 639
793 59
878 970
714 765
295 959
551 687
174 779
765 302
763 367
370 10
790 559
66 492
451 440
527 818
327 277
909 363
998 718
784 979
430 87
115 401
915 802
628 248
173 424
543 165
307 617
274 940
245 815
253 968
445 557
672 447
479 177
494 790
876 588
592 524
821 485
404 875
440 669
431 6
979 656
168 431
489 225
233 621
8 457
378 881
811 727
223 157
923 940
391 273
328 749
739 640
541 371
811 71
999 569
554 558
430 697
417 625
460 743
798 858
735 528
521 611
882 969
437 970
355 45
431 273
603 786
367 945
227 453
905 75
454 837
642 30
294 866
923 707
106 389
177 795
12 881
704 936
644 648
723 139
128 324
213 249
613 136
235 190
769 218
342 28
734 967
131 947
938 260
833 701
409 125
362 237
865 900
885 342
79 868
223 753
503 249
738 344
534 147
658 704
576 213
251 398
262 350
290 748
890 637
975 467
849 697
132 93
592 707
226 103
93 599
46 266
373 215
5 612
723 696
273 988
701 32
245 400
443 97
807 160
265 579
902 478
903 849
718 531
866 334
929 536
725 460
350 566
829 790
635 147
173 767
468 941
295 784
264 309
567 482
553 853
784 459
853 333
258 132
467 223
175 361
889 608
460 876
969 405
587 620
643 951
745 183
840 433
991 121
160 562
949 640
720 548
529 614
468 127
73 563
124 275
560 860
610 575
344 936
578 794
116 484
445 491
893 900
468 506
806 739
50 596
643 166
992 363
114 356
387 140
463 322
408 967
11 251
136 580
454 956
27 678
262 942
189 108
280 948
79 137
747 186
519 486
984 302
485 603
292 938
688 412
633 850
950 642
711 349
348 173
11 70
627 139
693 469
878 546
538 893
145 251
655 416
593 229
682 44
400 802
749 7
375 900
123 878
217 803
948 729
968 43
891 885
225 716
345 841
914 938
948 306
634 307
435 467
496 686
167 963
521 379
257 745
938 200
666 292
959 322
711 380
838 965
796 107
483 340
139 821
424 679
271 637
433 128
776 255
732 698
709 282
272 269
272 90
574 390
794 762
489 585
127 76
473 1
765 926
888 469
857 432
758 471
666 281
15 352
773 144
727 235
277 141
685 547
19 862
401 90
502 94
400 804
325 791
673 592
393 742
574 60
54 946
188 401
106 762
585 877
174 583
530 800
128 251
876 938
771 538
255 59
374 732
476 884
592 108
527 931
352 82
604 923
316 144
314 302
119 982
856 999
148 912
829 554
966 137
169 279
173 943
195 160
157 139
502 284
74 55
895 267
468 937
783 771
560 284
566 829
411 909
404 629
494 668
483 278
694 66
819 977
898 470
648 351
846 7
569 147
940 176
789 992
459 61
422 703
309 585
633 710
534 244
539 491
350 475
387 634
309 595
24 139
641 225
873 692
659 691
803 10
648 410
800 997
0 344
72 892
345 802
219 828
410 808
789 856
221 872
230 337
694 294
726 730
717 156
150 849
262 404
852 285
572 430
187 417
479 744
183 762
872 21
939 343
352 674
499 169
927 655
227 893
606 767
411 221
36 130
558 873
636 239
656 52
371 837
17 984
830 56
365 789
372 222
693 882
112 668
447 370
41 268
484 933
823 771
874 334
467 895
933 700
296 265
977 654
383 531
774 768
838 249
964 648
96 48
260 443
366 138
860 272
212 459
654 633
958 826
351 306
875 134
416 544
966 763
372 658
353 585
252 942
150 50
307 665
166 861
322 951
291 956
486 815
777 67
930 839
811 349
503 931
966 318
740 805
270 755
625 809
863 304
141 276
25 586
806 245
67 937
515 138
40 789
474 872
317 934
702 377
138 29
199 984
535 347
708 573
557 305
409 814
310 999
509 658
571 900
736 578
536 580
390 816
816 754
376 930
102 287
899 982
809 632
79 412
542 107
855 596
21 273
403 362
194 573
669 835
272 297
39 932
518 681
507 306
36 920
622 143
271 904
938 759
73 804
106 771
783 495
111 133
34 423
18 132
471 897
109 556
789 156
859 29
722 736
180 558
318 699
489 136
611 352
884 235
564 215
910 837
30 554
658 123
559 609
540 705
436 878
545 188
341 844
869 398
28 89
730 958
744 674
665 41
975 541
99 557
353 556
230 611
209 207
805 344
579 78
123 894
46 10
478 140
609 493
813 406
938 75
592 447
219 750
122 653
858 96
125 66
811 59
274 197
553 672
83 827
192 916
557 661
268 417
236 417
102 747
934 588
284 606
629 826
229 224
170 269
254 370
680 663
947 978
210 429
863 282
464 46
500 267
963 928
52 539
377 346
222 693
648 41
436 137
204 639
137 622
268 46
702 700
122 900
564 909
863 610
710 137
974 564
907 800
16 436
649 200
810 571
548 77
216 318
570 885
867 835
633 361
802 226
223 490
561 684
840 719
195 287
277 763
447 151
810 867
595 500
227 123
15 318
708 205
969 520
168 434
32 360
648 110
659 409
416 21
964 130
750 126
235 485
626 110
526 748
739 113
492 225
419 646
427 102
257 42
630 470
335 581
468 719
748 540
768 276
907 848
854 44
149 414
897 508
837 533
288 294
547 56
783 932
163 29
80 887
3 697
984 584
117 495
387 302
97 864
218 380
365 263
870 888
628 839
615 266
455 27
717 945
555 979
877 227
235 970
100 591
439 955
372 270
612 960
147 819
233 894
845 115
181 427
473 442
114 791
158 808
82 566
674 473
595 8
594 154
248 564
893 563
542 1
93 900
252 268
589 142
145 233
255 400
822 547
228 692
292 758
435 605
846 441
83 515
701 336
767 420
765 98
161 810
301 477
820 286
640 979
974 231
623 365
553 127
634 643
827 781
302 870
147 159
732 679
646 617
811 885
36 972
894 223
200 934
955 301
759 636
135 533
701 464
597 38
179 440
830 277
263 214
993 162
78 442
666 403
384 958
41 655
420 430
593 433
922 120
428 171
243 890
763 267
866 117
180 329
127 886
349 419
813 830
683 64
394 363
335 143
551 521
718 880
338 611
429 224
656 687
423 971
243 812
455 398
424 735
379 908
631 331
40 99
115 435
799 117
45 989
222 793
29 762
11 623
944 281
130 307
45 237
816 43
751 58
802 913
6 527
223 505
701 204
306 331
890 394
82 890
138 988
353 784
179 453
968 837
55 36
746 923
642 927
946 304
545 529
544 773
631 583
493 434
430 773
540 6
780 676
416 852
694 108
734 189
532 410
170 80
638 278
825 558
783 786
534 636
445 424
957 363
806 363
435 689
619 226
696 855
909 471
787 103
484 923
67 578
255 722
964 324
720 966
42 127
965 372
38 55
723 279
251 404
945 478
343 609
563 780
779 926
295 930
399 366
561 226
105 817
14 199
441 157
105 652
373 113
67 868
744 573
354 835
759 135
257 102
439 48
431 944
637 406
915 647
158 970
779 781
874 575
713 507
934 412
343 953
651 184
568 483
763 342
570 145
873 615
139 280
903 147
997 730
16 544
486 265
795 596
709 444
927 603
437 728
778 563
215 530
130 966
885 13
0 332
881 17
537 50
242 477
900 512
117 786
472 335
257 619
0 94
919 857
574 125
306 479
260 52
796 226
761 605
50 411
827 261
210 754
731 800
9 143
357 194
71 826
705 575
99 180
307 933
993 677
812 754
367 257
451 324
560 477
110 541
829 263
856 105
577 35
279 986
38 922
463 852
681 228
387 627
912 499
310 181
386 849
390 698
947 151
907 24
887 371
899 215
156 50
203 506
437 738
419 139
573 340
692 640
997 814
133 300
523 211
622 99
965 58
641 25
276 9
17 676
484 311
827 104
843 115
98 269
97 904
310 827
578 986
349 202
748 373
135 109
404 741
702 774
282 111
68 919
983 911
159 745
105 101
899 603
48 813
354 572
453 7
713 35
394 71
554 78
8 934
76 634
211 982
969 864
296 669
880 988
579 738
173 403
749 588
747 857
789 600
960 790
300 469
285 383
175 24
382 255
726 825
842 469
14 45
643 458
371 776
551 730
753 296
780 481
979 931
878 428
768 227
508 405
921 21
462 375
824 46
601 559
991 167
317 756
530 762
107 374
456 654
885 354
486 305
350 746
724 422
551 127
723 565
394 300
83 374
897 288
123 481
480 40
132 707
353 212
853 394
258 138
834 572
787 560
576 595
752 978
61 11
459 924
644 798
558 429
689 679
477 969
100 506
384 647
609 268
188 743
389 23
95 568
80 161
122 767
316 71
167 204
447 520
541 185
48 829
814 583
1 214
337 625
584 171
696 84
436 326
872 590
19 131
900 338
595 321
686 726
393 361
992 117
874 602
133 974
279 999
805 374
748 909
647 866
664 957
775 105
342 899
232 106
703 9
407 60
954 22
643 538
62 74
367 97
595 655
143 60
681 894
406 109
0 42
443 851
699 58
144 159
653 682
184 661
893 375
84 561
498 66
408 289
911 853
819 854
378 320
279 813
947 124
302 305
168 773
771 216
83 617
772 273
356 84
901 307
865 400
921 587
873 285
825 838
812 489
263 369
917 398
193 548
860 145
116 334
279 717
801 609
899 773
77 297
896 704
195 751
931 21
732 842
499 53
726 713
88 52
120 774
432 356
597 308
43 446
575 458
21 423
145 41
391 883
210 862
998 844
153 281
538 296
518 794
5 436
588 730
204 109
117 279
278 521
137 619
842 512
68 157
932 159
597 633
828 397
772 56
606 374
87 791
430 41
231 928
647 872
519 982
311 435
777 262
959 365
542 827
203 537
749 185
387 906
263 24
354 594
338 903
578 926
321 384
539 188
168 19
635 591
960 803
756 919
818 226
996 101
306 749
681 316
675 15
565 534
802 513
382 888
876 911
893 827
146 764
371 589
469 720
124 487
856 183
353 388
417 754
149 454
579 775
400 309
147 609
780 992
475 521
914 595
52 665
31 992
198 834
548 558
955 458
655 729
484 266
423 765
826 121
901 800
112 124
626 84
390 817
873 102
788 167
956 865
232 874
889 595
815 784
483 690
385 638
120 291
778 170
645 403
597 617
68 103
938 583
236 213
434 699
621 22
944 307
422 737
473 180
908 334
900 411
391 715
989 218
26 814
316 64
48 580
14 678
351 807
893 751
366 533
898 819
873 748
455 64
316 455
214 99
189 335
174 648
229 230
596 46
727 931
762 829
269 244
68 594
583 538
740 980
849 729
12 4
530 940
437 365
351 92
926 706
708 298
539 212
195 788
740 216
855 171
598 935
678 389
384 810
186 473
966 546
264 397
643 322
578 796
336 968
697 716
712 327
351 933
22 172
566 133
951 528
207 774
612 569
515 718
557 451
283 538
647 629
902 905
131 461
979 572
849 413
123 106
745 80
225 308
832 482
217 234
618 888
843 813
546 771
119 255
383 989
59 109
676 706
421 441
18 851
190 534
66 842
770 478
659 760
878 102
699 244
145 691
108 669
465 292
435 149
272 54
423 693
439 291
685 976
174 322
223 277
167 268
578 993
638 946
84 713
681 394
421 138
637 979
334 834
397 65
150 713
725 331
701 219
566 249
259 825
359 666
5 938
827 244
870 542
828 469
292 740
256 21
716 943
276 63
125 816
356 100
559 289
479 263
931 149
504 461
232 57
218 307
915 555
174 871
197 740
604 308
418 673
596 173
134 130
664 330
722 566
337 160
517 558
153 98
541 368
222 699
394 347
895 964
241 158
128 488
663 873
511 298
33 530
906 881
293 340
645 19
934 259
867 961
395 724
850 175
801 466
630 139
907 607
619 877
383 276
459 981
218 455
142 317
958 420
172 271
168 895
508 247
751 319
626 909
285 80
59 55
970 156
182 139
347 177
569 689
69 709
583 947
129 653
667 989
130 507
544 457
17 34
701 19
258 691
588 493
113 941
454 428
570 291
238 337
615 186
842 643
313 875
901 109
950 550
836 963
124 271
271 221
565 545
257 691
349 294
967 125
926 821
735 54
422 873
368 610
356 237
482 27
639 563
736 778
199 86
118 183
212 274
358 908
150 178
55 241
273 702
211 779
886 266
982 32
320 229
449 57
672 406
444 811
907 705
174 540
770 179
437 989
162 488
387 613
477 148
48 17
448 880
469 241
891 941
246 907
712 923
746 887
608 963
529 262
173 847
995 174
268 662
408 686
306 614
197 763
594 161
928 826
936 860
742 658
232 325
426 865
431 454
86 333
693 233
614 280
669 448
193 27
652 961
43 960
419 414
808 915
629 934
189 574
397 336
457 182
654 552
290 96
969 106
922 70
765 44
396 553
628 648
397 519
344 908
857 885
298 794
603 532
416 340
152 590
725 976
346 48
450 961
685 348
963 11
357 513
386 599
257 156
939 869
967 348
164 63
747 559
587 552
46 101
879 802
335 111
871 450
743 813
945 859
581 663
977 172
799 519
974 649
909 818
50 607
305 432
120 847
465 69
432 81
140 736
645 42
492 471
391 842
36 560
281 979
702 513
459 273
950 216
864 187
14 929
207 603
370 265
211 64
321 773
438 591
4 137
119 482
905 614
713 266
677 748
107 194
754 339
410 441
2 653
524 768
253 734
359 774
187 675
587 704
101 338
52 851
773 926
389 189
975 910
471 458
858 24
271 893
77 193
559 934
683 464
573 657
689 588
174 997
925 100
672 522
910 637
512 226
71 955
183 778
618 54
283 777
682 213
812 999
241 889
173 948
709 34
117 430
506 174
889 25
283 910
685 570
1 267
289 861
308 929
703 851
315 523
280 386
367 284
218 438
969 832
777 884
465 824
52 347
254 692
995 31
837 732
266 129
107 204
773 786
647 341
9 753
874 379
60 917
900 306
738 440
657 612
411 681
539 118
345 53
363 756
800 555
157 449
50 800
947 927
523 988
302 337
238 299
245 781
743 111
546 749
575 845
455 862
923 133
415 20
540 210
589 784
562 439
717 730
157 181
873 739
274 201
520 383
219 269
385 407
348 411
436 817
896 886
753 846
708 588
8 665
859 748
377 345
135 852
500 241
872 281
881 385
172 543
977 370
751 718
752 803
494 826
420 372
974 701
341 957
322 801
808 843
72 725
757 540
355 639
907 414
738 990
492 64
610 37
579 991
161 491
432 830
995 724
758 928
463 892
158 568
935 321
895 858
769 588
704 45
925 817
431 956
436 67
198 611
710 347
749 742
932 222
676 402
696 814
837 307
87 391
357 620
978 141
282 926
724 534
735 712
25 659
685 125
605 749
133 36
382 625
839 303
16 851
243 599
682 437
516 499
900 435
683 860
409 148
113 280
768 317
139 642
751 416
433 80
677 187
640 733
343 221
854 960
802 911
942 664
123 52
660 201
628 192
345 64
214 623
588 590
694 734
404 583
953 688
542 553
533 831
772 158
463 543
544 29
784 772
166 988
25 123
763 737
26 728
872 131
333 526
772 498
73 907
393 0
46 936
343 538
854 516
216 50
601 276
622 513
131 436
947 365
151 236
18 633
977 527
167 358
945 216
981 339
935 142
247 920
543 602
652 64
691 957
744 975
373 480
167 217
950 54
535 404
938 920
268 116
528 78
230 517
214 310
605 960
506 408
699 88
683 479
494 875
82 386
329 621
637 802
34 448
694 235
540 478
770 549
224 842
864 652
128 644
104 25
409 415
453 729
190 870
226 88
75 146
920 143
377 655
622 68
583 223
288 421
783 958
248 355
707 88
271 686
610 641
981 20
584 549
876 118
338 559
820 288
967 270
281 194
566 552
574 312
199 497
327 996
579 6
585 346
327 285
210 147
906 108
978 163
175 552
120 60
318 791
952 694
428 583
997 369
786 944
579 247
117 913
732 966
209 313
439 636
385 489
84 404
460 282
882 177
885 974
490 450
948 883
232 906
379 185
189 247
143 736
894 146
673 165
567 133
480 310
823 367
200 190
659 539
833 584
118 491
901 168
671 176
18 403
563 748
887 14
401 975
538 875
310 262
662 937
667 691
552 961
511 910
568 150
923 46
204 58
110 601
721 259
314 438
12 361
910 82
396 539
467 739
777 260
529 649
901 136
998 400
122 430
50 41
779 695
993 385
203 448
658 76
849 278
382 569
610 193
150 606
842 614
800 631
264 913
696 406
730 99
732 476
572 416
711 457
512 38
395 11
762 880
56 316
832 617
550 440
726 631
940 377
821 910
30 355
96 710
620 844
243 780
855 257
733 41
418 83
728 456
33 596
920 107
301 793
832 965
728 767
416 388
614 762
149 283
293 691
530 78
42 894
637 833
392 614
564 465
699 104
32 503
111 166
577 637
316 558
15 243
615 764
749 866
260 739
594 423
490 174
576 632
865 315
866 593
152 25
318 233
465 541
441 744
846 229
808 389
929 623
255 218
312 945
230 286
936 724
694 889
151 5
248 172
170 278
471 450
683 324
842 211
939 763
669 484
912 135
478 13
168 814
773 540
114 937
669 926
197 480
98 150
208 140
912 602
1 758
961 277
60 461
481 678
674 946
393 210
451 105
441 671
925 676
255 263
995 321
637 854
813 372
36 730
946 977
403 470
828 964
315 103
140 627
537 780
414 80
4 378
736 690
232 557
11 163
888 687
524 699
624 814
454 340
151 746
77 931
339 296
17 228
704 997
988 359
681 328
913 242
251 433
405 762
490 513
858 279
196 73
809 515
391 607
395 863
961 278
515 465
10 646
830 551
425 765
748 757
229 856
618 884
688 33
215 225
392 821
113 397
721 49
593 252
879 2
187 772
226 767
952 19
367 670
354 958
139 20
224 353
343 73
57 633
858 580
86 875
525 312
4 848
372 414
637 247
29 745
186 756
365 239
755 970
4 838
523 890
522 563
777 741
618 407
123 560
790 756
107 72
563 138
771 983
930 480
228 773
639 697
773 188
884 438
507 346
178 306
402 596
112 497
76 339
617 319
48 373
569 804
274 64
139 943
415 348
169 232
648 938
309 258
627 96
359 746
491 462
216 708
769 172
826 518
830 576
142 766
574 317
611 266
144 414
379 524
113 178
532 626
157 920
387 457
936 94
359 855
111 306
400 798
618 221
35 165
689 654
631 851
173 787
905 994
370 111
102 286
561 7
166 300
650 321
710 841
627 217
609 601
700 410
410 248
793 770
225 452
787 206
630 306
623 422
469 138
838 513
4 488
92 225
881 746
340 360
948 205
607 432
588 523
493 8
641 287
861 619
273 920
705 169
15 455
345 65
274 214
500 153
965 297
162 578
259 85
530 872
203 200
633 955
794 132
3 205
103 573
322 755
898 87
358 129
279 623
657 5
397 151
535 625
961 782
881 963
368 458
715 765
192 734
524 67
189 165
93 784
949 143
808 36
245 994
280 811
752 663
408 730
330 607
43 872
14 177
187 662
980 40
24 107
205 866
688 699
88 912
398 483
842 569
756 193
36 47
213 883
542 330
223 117
16 67
352 131
189 398
163 399
18 732
30 340
74 438
135 599
974 704
663 333
147 786
842 551
586 760
2 983
801 636
872 190
825 671
310 696
373 763
664 80
979 739
521 192
548 72
750 154
243 693
276 345
456 119
792 804
561 341
987 446
635 553
516 986
582 933
579 292
818 910
837 309
639 737
16 791
854 770
389 765
232 555
842 223
511 387
82 743
537 833
666 307
457 944
878 995
114 327
629 28
951 887
56 480
49 565
878 181
393 926
670 797
339 10
705 272
224 934
649 560
424 678
432 850
36 691
636 968
2 211
483 979
710 795
564 748
12 636
977 264
257 354
699 40
630 839
840 971
297 848
126 742
780 821
251 155
343 694
750 114
470 444
327 165
619 152
685 466
945 387
983 956
274 588
210 650
571 809
796 934
415 190
503 95
383 753
535 243
144 205
688 950
381 506
304 901
565 523
524 85
179 954
731 119
34 832
6 620
76 499
327 33
228 871
36 724
303 308
310 205
803 122
992 527
894 362
992 532
138 899
187 138
598 137
709 635
91 8
957 480
387 997
929 955
662 715
11 202
594 376
902 750
174 146
947 696
953 689
452 350
315 566
794 927
504 603
688 379
599 570
498 917
834 353
265 355
7 210
779 249
411 883
239 766
616 646
987 887
199 387
594 353
459 514
610 744
501 738
267 520
342 580
108 562
845 255
27 796
975 182
691 878
857 613
735 89
876 632
963 507
944 691
957 296
504 124
487 231
12 445
751 546
720 979
725 635
800 1
474 737
750 838
670 69
79 710
815 934
587 916
338 987
89 216
443 712
383 275
565 393
927 910
350 880
785 638
643 682
386 641
566 203
55 453
944 47
286 472
238 573
867 746
725 447
519 92
159 666
645 67
341 790
824 740
137 741
408 128
392 251
679 790
425 644
29 153
757 26
589 889
748 604
866 689
594 676
887 551
169 15
844 601
471 253
70 106
7 836
843 481
739 689
924 329
520 750
876 672
243 500
284 540
369 657
304 710
629 504
981 410
37 490
298 313
281 687
27 91
445 651
820 899
897 1
925 255
220 609
627 442
389 448
844 419
208 842
617 82
578 882
614 179
4 923
350 682
249 289
301 757
641 718
12 601
147 927
672 400
2 645
319 671
454 348
713 203
147 156
245 222
65 864
887 457
857 620
977 53
125 770
995 473
978 775
820 470
944 482
842 166
619 701
295 609
544 38
681 865
236 703
43 669
155 325
461 922
889 308
636 657
987 873
613 795
174 98
946 399
430 288
850 255
989 314
877 893
392 477
738 202
459 68
846 398
518 253
496 724
553 959
477 172
605 710
704 262
933 456
895 837
697 262
727 196
256 993
382 677
415 850
647 730
115 483
652 934
861 850
133 215
260 122
523 914
826 113
542 413
518 891
358 798
572 435
689 323
678 809
624 128
362 318
875 745
325 50
710 198
246 366
389 376
203 939
114 133
809 982
384 180
19 750
637 23
105 210
689 195
235 753
847 762
608 769
879 823
173 760
987 737
286 987
986 390
867 343
179 372
603 446
506 341
415 526
915 359
613 175
889 881
237 283
489 688
960 33
44 740
224 76
652 225
394 263
239 681
718 596
8 239
770 855
865 222
452 470
983 896
619 178
872 880
25 676
460 473
418 763
858 20
336 877
46 270
108 521
743 108
321 625
277 54
73 107
52 258
913 228
442 83
965 937
101 793
881 309
881 229
403 197
8 146
903 366
357 843
914 703
790 67
390 873
278 520
764 678
468 246
973 185
282 293
685 695
115 917
826 491
925 235
519 873
105 700
594 352
298 390
617 926
723 82
553 181
949 542
352 905
949 972
503 538
448 132
341 680
884 464
699 388
385 709
794 31
151 282
242 186
375 13
204 546
360 88
22 310
62 612
392 632
193 264
464 976
586 778
741 410
82 255
329 661
519 126
940 2
163 230
505 541
110 256
782 904
652 449
433 682
542 23
536 675
362 116
494 403
982 640
953 839
158 725
195 794
5 445
574 743
986 25
931 771
411 452
903 721
364 312
134 71
769 471
157 221
526 549
340 524
431 34
320 309
712 148
865 48
864 572
677 295
757 891
445 430
786 332
534 481
663 376
858 775
6 791
390 649
311 829
407 282
467 758
859 11
50 908
579 717
683 163
385 727
825 674
909 45
837 1
213 12
415 516
505 364
875 319
411 904
976 591
994 763
447 71
448 516
646 478
901 12
764 56
5 720
506 950
776 502
970 582
649 176
846 297
610 238
872 117
359 886
62 394
965 916
51 399
319 859
133 714
206 174
921 81
651 328
815 982
210 660
941 541
331 676
594 744
736 496
459 827
986 551
222 195
36 877
181 510
695 356
601 812
625 31
982 362
701 569
64 90
636 842
441 666
834 912
170 529
350 259
926 92
619 448
31 950
994 373
284 954
556 622
716 812
564 539
599 646
18 568
53 930
221 845
666 8
436 676
433 281
163 607
851 652
287 750
174 126
383 295
222 721
285 520
130 278
448 817
360 203
711 4
976 641
748 448
382 982
189 138
657 384
710 551
44 552
631 35
144 246
795 994
317 592
468 386
406 438
10 892
383 607
126 109
129 614
324 449
969 368
935 517
203 220
360 581
810 474
672 675
924 790
726 628
545 903
878 949
653 400
49 29
553 715
324 997
376 514
998 129
467 103
748 972
710 221
210 493
494 708
425 647
241 322
354 159
984 714
869 686
330 553
595 965
722 701
0 103
705 422
707 765
49 294
174 222
516 679
237 456
456 883
656 247
726 374
607 888
541 308
215 247
410 76
449 893
227 486
854 419
446 429
207 379
237 790
969 971
878 397
679 718
266 262
260 40
512 69
908 298
953 132
564 187
74 866
918 76
738 536
677 61
381 107
335 519
870 390
223 367
943 19
65 840
309 850
657 795
485 332
166 225
441 919
526 130
959 324
526 522
430 595
395 110
755 969
353 110
389 624
555 524
258 609
983 311
390 78
627 381
359 216
4 428
248 469
572 297
346 951
585 915
328 599
721 261
913 474
154 251
534 858
251 319
754 597
41 654
88 162
261 759
983 917
986 501
540 612
383 90
36 987
450 654
96 666
275 9
428 215
672 758
673 434
621 730
284 50
856 534
575 1
836 91
626 503
127 493
607 848
385 958
158 758
677 556
326 461
394 288
629 241
216 368
246 931
775 391
541 267
123 346
978 577
408 202
17 378
514 719
403 539
131 891
552 125
513 0
446 263
709 402
833 763
110 755
273 158
608 795
825 200
481 832
112 947
922 188
553 301
604 379
720 547
135 116
471 991
979 498
139 300
955 713
949 145
138 163
964 872
775 595
396 441
670 974
204 568
956 456
892 92
178 842
511 769
397 661
122 738
979 693
289 564
494 386
831 368
229 3
366 688
794 540
521 29
123 494
289 605
437 221
619 965
254 205
456 808
549 280
8 376
309 357
40 457
750 665
796 187
190 262
86 578
466 208
578 758
312 471
694 314
706 284
665 538
604 623
772 863
356 357
525 496
687 894
463 452
226 395
553 600
808 987
821 399
605 420
105 645
248 883
794 667
585 135
257 698
474 246
228 483
112 397
276 975
425 435
851 595
704 874
969 84
128 4
214 392
685 763
802 165
397 175
321 859
418 289
609 816
598 995
726 625
910 399
291 676
147 494
955 105
898 466
682 590
105 98
746 229
487 477
142 971
733 935
867 348
980 419
173 401
798 657
856 387
686 59
411 829
624 717
976 506
149 885
180 977
195 447
797 103
917 389
951 446
77 115
304 449
764 278
544 974
834 335
280 160
344 419
146 279
351 859
245 871
742 392
609 582
557 216
165 466
172 188
557 246
346 668
728 64
444 623
452 540
604 23
921 324
904 551
414 171
368 284
42 933
653 636
119 256
527 882
197 762
404 214
591 418
639 663
981 922
864 270
599 442
57 496
569 802
52 294
340 151
387 786
108 922
523 411
61 518
126 423
437 236
425 871
246 593
284 491
963 661
998 696
480 840
233 86
210 913
551 297
780 408
413 952
316 177
538 328
380 312
514 448
844 409
517 770
270 990
537 996
917 79
191 427
842 77
490 626
43 339
568 874
709 375
841 728
712 435
405 210
798 744
122 721
415 165
145 784
418 865
245 747
412 95
737 430
675 267
155 190
270 799
675 266
433 958
851 237
58 303
792 709
893 579
553 147
604 327
454 644
706 433
392 357
589 610
355 916
766 423
220 880
419 64
336 100
85 847
844 294
211 639
832 90
601 340
500 926
37 592
402 657
310 765
429 983
713 262
362 543
134 427
111 991
455 131
867 823
437 249
576 749
567 922
848 409
442 342
222 316
168 125
186 930
872 834
287 444
648 554
296 818
991 268
973 704
342 517
841 178
428 730
138 463
606 463
612 789
830 4
724 982
48 906
622 204
181 891
898 993
607 199
615 580
486 371
474 73
391 67
729 461
251 735
400 3
883 37
610 465
33 597
249 720
533 853
589 524
823 828
871 220
564 516
253 665
561 415
286 993
724 68
903 192
920 257
710 295
228 590
14 116
185 543
937 948
306 710
881 559
207 599
622 313
736 173
325 773
481 219
836 933
610 768
851 398
22 466
553 33
133 25
532 783
845 707
356 552
828 669
889 680
721 637
620 66
288 353
217 975
501 255
193 516
455 649
205 16
375 201
754 838
875 323
733 743
423 557
240 867
193 184
838 493
914 353
102 968
253 657
457 264
334 599
481 504
140 638
249 465
177 231
10 206
473 269
212 992
815 256
779 292
332 773
217 316
426 450
635 395
901 688
728 60
668 727
411 18
372 822
588 681
413 792
5 712
414 540
819 215
253 620
439 303
860 245
466 267
57 282
889 594
583 94
704 400
243 177
79 350
202 334
939 95
244 656
187 153
744 33
182 338
212 645
214 742
755 511
528 953
58 422
711 656
116 717
142 218
774 564
439 326
952 75
584 945
36 247
326 59
665 865
348 644
812 310
518 279
983 691
362 788
119 26
911 682
524 793
416 865
156 957
615 311
479 820
276 458
696 397
150 909
477 452
48 177
579 810
742 831
234 764
59 209
808 545
825 434
992 68
324 124
689 313
730 522
617 784
947 438
180 399
698 365
674 819
543 660
606 408
301 34
361 574
472 453
230 645
998 441
487 539
81 459
789 192
29 381
896 684
11 505
299 789
588 272
297 204
291 838
223 449
308 542
101 597
961 843
228 867
697 335
995 37
736 888
208 921
140 626
474 209
519 765
875 449
926 181
48 489
426 54
465 785
772 759
933 266
163 624
118 826
60 649
552 91
260 447
491 469
894 788
639 49
413 783
196 554
234 574
704 835
310 850
263 776
381 613
507 149
307 65
910 121
268 833
373 369
475 298
731 262
238 951
371 370
240 557
867 876
802 862
4 927
575 620
676 963
300 950
480 891
153 408
650 772
388 803
162 992
368 87
633 374
408 122
314 391
872 445
966 815
521 195
370 334
568 101
489 690
112 775
646 210
387 72
267 499
544 496
331 775
565 788
928 396
842 970
471 641
465 84
606 186
278 461
759 438
637 75
599 993
439 691
375 307
233 16
400 814
170 491
250 274
52 547
585 574
738 470
458 333
885 740
839 50
301 261
260 530
280 458
965 290
106 91
700 608
542 4
337 665
527 308
912 852
748 322
880 468
266 300
652 117
532 75
961 662
100 461
413 12
492 885
412 490
533 92
281 922
30 849
664 895
476 405
139 788
544 184
340 126
47 620
924 375
926 94
603 251
25 690
691 331
437 317
41 522
318 505
209 509
373 770
252 996
627 157
905 6
903 841
907 153
355 41
768 902
703 848
358 572
234 193
954 142
658 18
154 29
381 166
228 677
328 929
936 359
490 501
153 661
994 322
50 945
546 276
905 736
178 992
421 360
906 693
689 520
949 463
787 181
307 8
571 707
777 79
756 501
865 439
435 733
667 80
783 101
292 891
328 650
874 849
282 493
81 85
25 924
214 750
439 442
29 937
357 582
361 502
715 728
466 337
160 273
261 793
89 509
159 341
651 37
241 626
603 276
742 912
187 356
430 780
836 260
675 29
739 723
93 103
301 670
663 634
15 659
824 422
856 991
592 360
179 965
279 954
680 451
906 488
857 96
515 88
881 186
215 508
435 939
363 721
118 26
977 829
442 424
983 153
366 634
299 222
885 937
486 270
676 547
258 174
838 968
786 730
630 680
345 833
769 25
197 633
125 760
244 654
872 683
806 421
3 203
985 443
687 799
875 650
861 251
96 846
648 120
830 730
130 746
421 129
815 92
77 407
651 311
535 11
425 666
976 923
136 320
386 621
178 742
780 588
210 174
411 12
387 482
382 213
661 310
704 21
870 287
189 283
748 831
480 886
868 554
961 504
860 739
151 599
50 913
648 153
588 895
433 489
712 653
120 388
185 387
205 571
272 113
331 552
769 73
361 438
8 484
621 854
29 536
83 238
583 15
998 482
314 725
310 957
342 497
744 368
634 792
21806 -1 -1 -1 32580 37755 -1 -1 38687 -1 -1 -1 5228 -1 -1 29947 34878 38067 65520 -1 -1 -1 40503 -1 -1 -1 -1 -1 -1 48776 -1 -1 -1 -1 -1 -1 41054 -1 37417 -1 -1 -1 44859 -1 -1 63345 -1 46107 -1 -1 -1 -1 -1 -1 -1 -1 -1 -1 -1 59858 -1 14108 -1 -1 -1 -1 -1 -1 -1 -1 -1 -1 -1 38587 -1 -1 1659 -1 -1 -1 -1 -1 -1 -1 41081 -1 -1 -1 7208 -1 10743 -1 -1 50811 -1 50250 -1 30386 -1 -1 -1 -1 -1 -1 35406 -1 -1 -1 -1 55098 -1 -1 20391 -1 -1 22983 -1 48204 -1 -1 -1 -1 19435 -1 -1 47927 -1 38096 -1 -1 -1 56435 39445 1784 -1 55862 -1 -1 -1 -1 -1 -1 -1 -1 -1 42426 -1 -1 -1 -1 -1 -1 -1 -1 -1 -1 -1 -1 -1 63624 -1 -1 -1 28690 -1 -1 -1 -1 -1 -1 -1 -1 -1 -1 -1 -1 -1 -1 22493 -1 -1 -1 1069 -1 -1 -1 -1 -1 -1 -1 -1 -1 -1 -1 -1 34875 -1 -1 -1 -1 -1 -1 -1 -1 -1 9678 -1 -1 -1 -1 -1 -1 -1 -1 -1 -1 -1 -1 -1 -1 -1 -1 -1 56663 -1 -1 -1 -1 25943 -1 -1 -1 -1 -1 -1 -1 -1 -1 -1 -1 -1 -1 -1 -1 64962 -1 -1 -1 8096 -1 -1 25825 -1 -1 -1 -1 -1 -1 33484 -1 -1 -1 1675 23609 -1 -1 -1 8281 -1 -1 -1 -1 -1 -1 -1 -1 -1 28054 34348 -1 -1 37222 -1 -1 -1 -1 -1 -1 -1 -1 -1 -1 -1 -1 -1 -1 -1 -1 -1 -1 31136 -1 -1 -1 -1 -1 -1 -1 -1 -1 -1 35569 -1 -1 -1 -1 -1 -1 -1 -1 -1 -1 -1 -1 -1 -1 -1 -1 59159 -1 -1 -1 -1 -1 -1 -1 -1 -1 -1 -1 -1 -1 -1 20851 -1 -1 -1 -1 -1 -1 -1 47544 48168 -1 -1 -1 -1 23830 -1 -1 51154 -1 58343 -1 -1 -1 -1 -1 -1 -1 23843 -1 -1 -1 -1 -1 -1 -1 -1 -1 -1 -1 -1 597 -1 -1 -1 -1 -1 -1 -1 -1 -1 -1 -1 -1 -1 -1 -1 -1 -1 -1 63198 24383 -1 -1 -1 -1 56118 30333 -1 -1 -1 -1 -1 -1 -1 30672 -1 -1 -1 -1 -1 28453 -1 -1 -1 -1 -1 -1 -1 -1 22460 -1 -1 43001 4243 -1 15695 35205 -1 -1 11456 -1 -1 -1 -1 -1 -1 -1 19100 -1 -1 55758 -1 -1 -1 -1 -1 -1 17821 -1 -1 -1 -1 33683 9746 -1 -1 -1 -1 -1 6290 57456 -1 -1 4844 33162 -1 -1 -1 -1 -1 39879 -1 -1 -1 -1 -1 -1 -1 -1 21447 -1 14966 -1 -1 -1 -1 -1 -1 -1 -1 -1 -1 -1 -1 -1 15645 -1 19222 -1 -1 -1 -1 -1 29069 -1 64637 -1 -1 -1 36287 2470 -1 -1 -1 -1 10348 47959 -1 -1 -1 -1 -1 -1 42053 -1 -1 -1 -1 7852 -1 -1 -1 -1 -1 -1 -1 -1 -1 -1 -1 -1 18129 -1 -1 -1 11504 -1 -1 -1 -1 -1 -1 -1 48821 -1 7167 6630 -1 -1 -1 -1 -1 -1 -1 -1 -1 -1 12096 -1 -1 -1 -1 -1 -1 -1 61080 -1 -1 -1 -1 37624 -1 -1 -1 -1 -1 -1 -1 -1 7106 -1 -1 -1 -1 -1 42667 57954 -1 -1 -1 -1 -1 -1 30222 28019 -1 -1 -1 -1 19961 -1 -1 -1 9265 64306 -1 13506 -1 58417 50152 62008 -1 -1 -1 -1 -1 -1 -1 -1 -1 40803 -1 -1 -1 -1 2989 -1 -1 -1 -1 21808 -1 15688 -1 -1 -1 -1 -1 -1 -1 -1 52847 24761 -1 -1 -1 -1 -1 51193 65074 -1 43955 -1 -1 39778 -1 -1 58203 43810 53933 -1 -1 -1 -1 -1 -1 -1 -1 -1 16723 -1 28821 -1 -1 19950 15811 11208 -1 -1 10170 -1 -1 -1 -1 -1 -1 -1 -1 -1 -1 -1 -1 -1 -1 -1 -1 -1 -1 -1 23735 -1 -1 34163 -1 -1 -1 -1 -1 -1 -1 -1 -1 41389 -1 -1 51279 -1 -1 -1 -1 -1 -1 29811 -1 -1 -1 -1 -1 -1 -1 -1 -1 -1 -1 -1 -1 -1 -1 -1 -1 53108 -1 -1 36429 -1 49451 -1 -1 -1 -1 -1 -1 -1 -1 -1 -1 -1 -1 28709 -1 -1 -1 -1 -1 -1 43752 -1 -1 -1 -1 -1 -1 -1 -1 -1 63854 -1 -1 -1 -1 -1 -1 -1 -1 -1 27358 -1 -1 -1 -1 -1 -1 -1 -1 -1 -1 -1 -1 -1 -1 -1 -1 23312 10304 -1 -1 -1 -1 58504 -1 29293 -1 -1 -1 -1 -1 -1 -1 1456 -1 -1 -1 49491 -1 -1 -1 -1 8423 -1 31376 9640 -1 -1 -1 -1 -1 -1 -1 -1 -1 -1 32225 -1 -1 -1 -1 -1 -1 -1 33359 -1 -1 42481 -1 55614 -1 -1 -1 -1 53040 -1 -1 -1 -1 57620 -1 -1 -1 -1 -1 -1 -1 -1 -1 -1 16129 62668 -1 -1 -1 -1 -1 -1 -1 -1 -1 -1 -1 13968 -1 61648 43590 -1 -1 -1 -1 -1 -1 -1 60571 -1 -1 -1 -1 6961 -1 -1 9020 25527 -1 -1 -1 -1 43960 -1 24665 31650 -1 -1 -1 -1 -1 -1 -1 -1 -1 22350 -1 59436 -1 59775 -1 -1 33988 -1 -1 -1 -1 -1 -1 -1 43043 -1 -1 9777 -1 -1 -1 -1 -1 -1 -1 -1 -1 -1 -1 -1 23357 39045 -1 -1 -1 -1 -1 -1 -1 -1 16663 -1 -1 -1 -1 -1 14879 -1 40282 -1
1
0 873 8 87 2
