1000 5000
938 59
456 484
315 420
119 564
79 361
850 794
776 492
457 54
24 723
59 115
713 799
152 552
646 197
859 216
339 876
509 316
904 546
383 893
392 550
330 510
857 443
126 238
565 54
901 919
417 968
385 197
813 527
868 670
979 686
638 245
600 461
19 416
785 541
69 552
233 72
546 345
113 737
836 781
635 527
792 810
224 980
388 759
968 82
255 615
211 174
681 137
147 472
535 368
982 823
469 280
484 591
546 87
947 423
33 520
480 913
30 378
594 862
745 468
772 216
254 210
413 564
899 217
772 348
879 52
180 419
634 52
755 19
347 673
276 69
544 143
555 660
600 300
925 852
255 748
287 724
413 332
328 904
461 165
458 211
448 491
151 383
999 709
622 477
14 57
750 10
695 906
198 569
100 485
969 821
285 108
501 61
71 762
379 973
4 558
267 846
197 418
413 575
981 750
430 420
831 227
268 293
166 20
270 473
303 390
981 537
807 193
583 195
395 602
236 546
824 593
334 698
297 138
275 779
581 155
693 643
906 87
679 149
129 953
938 377
213 509
445 210
381 324
943 567
471 903
321 217
339 768
52 251
471 362
118 890
456 715
495 966
216 760
885 828
899 468
113 918
786 332
856 929
946 547
329 157
369 287
456 546
237 501
894 138
646 259
911 141
920 191
928 195
9 131
743 519
266 151
349 668
192 950
728 463
996 189
921 642
57 495
284 487
189 756
602 137
504 973
324 634
776 747
69 949
243 172
699 758
871 12
702 512
101 855
659 67
30 7
242 262
427 431
120 741
69 926
590 692
394 6
82 135
869 875
722 982
427 627
861 774
806 316
262 22
381 461
848 881
673 99
744 488
998 434
663 984
734 435
290 761
167 203
306 114
254 405
85 780
654 971
841 354
24 430
514 207
380 329
427 759
750 322
769 0
914 575
238 906
880 28
458 665
310 523
37 863
974 609
393 78
193 369
154 47
126 298
567 387
145 384
523 920
768 723
511 279
590 898
285 290
88 108
592 366
696 862
810 374
173 418
882 40
411 805
72 38
566 850
878 175
883 210
442 539
398 37
654 571
209 12
723 677
73 803
724 963
57 771
336 448
660 339
493 969
346 4
683 183
302 442
237 719
575 64
288 777
878 888
316 230
907 703
518 474
82 376
733 918
254 352
600 162
924 497
778 980
358 930
82 331
775 881
515 724
746 870
389 111
471 814
747 633
618 778
387 862
0 419
958 399
875 234
81 351
53 912
922 21
23 884
230 869
289 544
25 803
388 285
948 856
879 701
32 726
694 31
696 604
747 19
885 879
83 216
898 302
825 61
742 928
345 631
640 591
658 196
329 465
839 37
354 606
510 764
252 235
431 763
725 753
297 601
912 477
476 498
798 289
650 482
916 894
718 119
875 953
153 57
239 476
501 201
418 358
339 53
651 391
976 669
221 107
364 113
547 983
585 313
229 40
327 463
871 826
675 770
431 195
446 7
372 135
679 635
733 27
695 826
895 298
314 825
265 766
261 695
784 658
559 166
617 313
957 839
649 316
645 556
662 645
903 933
126 164
584 554
911 872
32 289
984 982
959 36
413 753
781 717
660 459
391 424
649 161
615 735
64 345
283 369
132 897
947 134
31 775
276 606
993 787
114 42
197 315
707 117
236 372
597 734
435 347
975 13
580 758
744 141
751 917
710 770
318 634
978 170
987 696
46 115
911 469
759 571
9 959
479 922
860 680
620 978
67 770
486 481
597 573
312 575
930 785
554 528
377 831
200 760
955 149
238 555
780 596
391 558
236 927
222 330
796 488
323 201
561 56
150 481
739 861
808 155
187 805
790 194
693 901
254 23
36 438
918 156
980 586
947 311
606 425
716 497
236 626
173 549
587 360
579 925
20 635
475 341
576 700
253 669
538 173
148 133
73 869
11 759
758 772
665 773
897 95
384 895
210 471
289 139
755 183
52 753
849 695
750 100
347 633
87 563
546 757
272 876
476 645
857 543
270 787
858 257
271 278
641 37
394 255
531 562
876 639
168 34
126 318
835 446
601 739
47 648
176 150
207 190
1 23
982 946
758 795
946 714
439 993
869 220
676 895
131 285
855 49
489 643
953 970
244 472
533 739
486 238
668 287
404 189
677 48
795 332
854 967
611 827
800 623
589 34
854 5
641 433
657 801
720 600
142 709
866 252
52 238
414 146
319 325
160 773
794 204
48 269
82 581
320 847
119 366
897 311
165 903
877 306
112 375
609 497
962 897
171 819
3 859
273 739
55 406
384 203
68 803
944 324
392 328
833 722
995 955
991 576
862 603
861 884
634 650
372 765
564 751
859 70
90 153
465 292
8 440
629 980
522 654
622 372
918 440
508 189
973 431
841 50
559 41
729 989
716 903
201 101
111 30
825 264
465 33
516 138
728 429
548 941
942 882
883 269
358 107
819 137
265 794
581 554
747 862
753 925
465 330
118 685
701 90
997 413
238 501
419 798
984 805
944 642
25 115
251 435
540 87
20 254
487 918
907 512
124 940
108 462
974 843
471 957
398 939
844 202
200 227
981 595
38 530
291 234
895 762
57 852
544 50
126 789
284 758
969 285
982 754
102 255
292 155
433 52
548 875
315 334
340 443
657 153
386 100
785 939
633 686
195 17
402 908
404 619
322 892
613 261
30 598
472 258
675 118
838 997
442 733
37 801
735 985
713 654
542 89
459 768
228 365
507 662
194 594
908 369
939 692
837 459
752 247
221 497
263 863
297 245
584 758
20 627
339 288
58 752
700 5
369 430
898 393
728 142
776 659
190 63
439 865
173 592
103 765
400 846
724 688
717 570
870 682
4 340
532 675
960 792
51 14
453 895
586 653
494 80
516 443
537 15
153 955
563 96
281 333
504 278
289 737
334 956
264 706
204 401
485 652
367 927
950 586
191 707
648 306
366 878
366 725
75 877
818 81
526 582
644 705
81 621
278 990
871 454
986 760
541 38
315 248
278 777
51 273
696 468
710 818
820 102
663 584
538 871
288 254
31 895
58 653
663 580
864 679
726 207
445 670
364 922
818 964
893 785
76 304
122 459
287 102
187 231
132 238
347 815
258 814
573 746
761 904
330 124
250 68
436 211
941 585
962 556
234 869
448 2
775 294
578 551
979 642
164 890
291 615
63 991
312 688
55 932
419 235
215 340
404 335
706 497
641 222
1 630
356 321
601 929
925 560
669 136
649 733
446 419
945 971
165 863
481 300
295 250
32 718
753 602
527 729
697 976
226 693
787 2
3 427
295 824
131 863
119 339
502 441
441 690
660 429
229 717
69 186
565 773
893 964
422 312
49 903
4 290
470 840
783 573
320 963
859 273
554 573
133 183
774 643
207 926
785 895
112 123
453 55
266 533
682 582
722 177
540 270
67 124
445 932
468 419
998 227
432 604
716 191
767 242
493 516
757 247
813 250
56 503
843 475
355 719
131 768
894 143
62 383
273 22
315 398
974 30
176 780
232 921
664 223
310 297
332 302
62 369
389 316
531 451
100 8
953 807
674 783
494 608
127 424
441 701
910 266
261 605
320 318
430 160
851 270
106 394
266 689
946 288
618 105
811 462
659 47
338 159
870 97
82 299
915 255
807 272
720 959
74 348
478 419
182 572
394 377
293 102
91 581
252 467
801 591
816 67
300 734
432 783
535 153
573 125
847 926
958 117
32 571
675 851
541 928
334 723
464 272
275 598
533 396
643 615
802 741
355 64
984 432
950 757
640 240
322 493
875 492
392 340
648 858
163 511
707 30
759 577
912 15
719 206
595 166
856 809
341 988
468 847
254 412
824 345
218 216
195 781
231 673
42 536
870 783
759 836
903 50
701 89
114 298
488 476
197 996
602 499
603 313
8 438
258 417
115 702
3 412
919 148
757 971
166 464
179 89
45 240
234 909
354 425
906 32
938 73
559 533
960 813
306 322
507 622
848 55
568 20
867 405
102 907
890 646
721 425
985 32
241 453
632 26
465 403
5 869
42 911
379 404
36 156
324 235
382 993
598 620
977 175
356 758
418 618
150 296
312 237
530 586
826 19
696 803
355 178
833 391
470 988
683 825
138 89
65 333
48 382
762 685
421 874
239 553
470 138
92 953
800 29
274 759
661 692
689 648
907 826
97 736
215 617
780 614
45 71
181 399
890 145
252 349
761 139
560 625
177 688
486 370
999 493
812 327
119 180
357 583
149 378
559 420
178 273
466 722
173 542
376 652
526 396
953 719
322 547
282 885
768 445
26 198
47 268
736 735
825 84
434 430
642 170
137 472
349 98
80 178
44 607
349 224
675 197
798 465
329 817
726 115
515 198
492 366
191 904
561 892
850 517
922 572
159 711
290 98
557 608
333 3
305 438
320 72
772 230
835 429
970 721
627 437
121 468
478 261
101 148
21 762
668 281
429 952
287 573
882 440
242 945
965 659
777 696
567 160
32 597
650 199
549 997
677 200
839 70
252 627
760 465
241 357
876 816
672 774
380 310
577 593
750 757
499 485
569 382
448 80
442 334
727 363
99 273
558 68
140 666
972 701
989 71
88 28
106 487
212 992
916 76
8 949
39 785
80 76
321 266
541 83
808 859
982 512
549 541
893 167
29 877
366 790
233 751
589 921
439 347
762 85
265 918
6 363
762 148
753 183
558 879
845 80
122 420
920 928
812 993
321 106
177 564
253 415
272 431
796 252
37 899
98 931
464 263
556 614
2 539
58 756
680 861
855 371
313 301
29 471
478 856
507 444
294 336
229 14
853 617
217 88
579 782
306 978
734 194
823 771
460 1
165 826
726 842
763 241
545 852
932 765
177 243
331 884
442 705
750 130
39 126
555 921
702 429
626 624
881 119
507 89
828 992
786 659
110 94
296 497
612 668
797 282
859 655
896 587
995 857
91 820
21 795
726 292
180 561
716 488
929 624
678 579
600 160
802 327
107 856
707 470
685 790
536 869
381 563
253 801
673 492
213 27
241 923
126 44
908 473
36 256
789 341
489 298
422 216
617 159
916 629
765 456
113 84
598 329
295 148
795 990
571 231
559 177
316 329
771 859
213 347
700 128
802 298
766 394
770 870
947 90
76 851
256 822
406 625
640 340
690 434
892 928
317 702
191 903
331 434
209 6
347 950
555 457
171 801
712 260
278 520
516 261
901 776
756 871
572 221
260 302
510 590
456 481
251 27
701 331
759 709
245 609
167 470
637 622
971 92
856 215
79 704
204 169
972 33
895 313
158 272
461 189
462 567
957 370
682 922
626 426
800 605
697 120
84 729
545 703
177 610
379 566
250 113
971 880
611 445
143 760
735 15
95 259
810 226
942 635
962 150
496 797
316 990
721 432
109 208
450 415
854 758
394 13
231 176
669 814
315 8
700 222
302 445
934 206
508 139
802 708
551 282
765 203
229 336
4 154
338 697
19 663
505 188
444 278
967 579
302 200
401 343
225 995
602 718
200 391
792 86
474 38
502 26
892 834
150 23
977 884
276 49
278 335
963 115
428 479
129 430
178 694
276 4
186 168
166 262
253 363
825 703
647 664
847 755
630 521
899 138
207 143
567 925
391 76
604 731
913 67
415 268
326 64
633 508
660 423
637 591
368 335
293 821
90 201
67 678
10 640
865 821
299 495
559 344
72 85
333 236
176 867
433 888
558 142
385 625
241 978
501 282
69 864
922 469
272 284
61 164
753 227
47 32
4 624
595 67
904 49
72 470
422 471
55 110
316 58
972 906
564 980
309 83
164 568
87 664
797 449
371 438
944 955
497 733
431 664
599 106
653 485
648 477
58 896
170 634
485 679
993 741
71 343
324 495
809 105
216 813
970 288
919 346
653 561
829 179
934 902
86 345
38 316
534 39
699 302
324 31
387 9
903 520
272 547
608 196
235 914
389 169
103 741
539 978
892 952
746 164
712 578
482 717
637 543
814 416
743 618
436 106
190 400
382 509
266 411
299 115
444 136
411 308
106 766
830 170
169 183
75 871
502 762
972 127
269 280
733 617
566 865
44 733
65 204
29 920
944 842
878 292
824 444
178 793
649 465
508 768
818 10
743 723
974 554
150 119
434 581
778 142
525 882
552 837
865 869
366 529
988 849
107 594
724 92
864 122
349 696
280 833
478 389
982 255
572 768
254 143
448 609
391 225
318 225
296 998
224 154
166 967
55 657
101 366
378 230
362 392
776 319
332 774
93 391
635 123
102 114
717 636
225 644
539 784
38 90
616 621
926 586
437 732
627 40
841 140
650 342
36 357
532 175
494 428
95 969
932 173
906 994
479 607
157 539
22 575
354 567
696 542
268 63
927 557
27 428
576 462
537 274
732 70
423 584
950 768
578 83
812 949
125 88
566 974
919 974
120 453
51 204
710 654
731 705
261 765
864 605
590 542
894 632
909 337
650 429
350 714
678 47
608 200
818 169
581 937
496 479
922 554
238 947
349 896
166 400
356 174
367 819
877 481
861 413
212 591
909 191
284 930
769 808
181 82
864 242
64 682
714 425
971 19
840 70
194 402
411 241
401 929
918 628
43 408
218 622
568 434
672 250
182 283
865 417
631 537
102 657
674 716
570 634
210 577
36 708
102 920
477 728
807 408
229 552
930 746
808 125
616 396
295 174
807 259
973 475
699 981
359 825
891 427
610 684
216 413
297 346
274 665
945 18
422 898
321 671
323 882
964 369
587 72
132 719
856 852
488 799
684 659
238 174
269 838
523 625
792 389
982 889
376 170
212 235
548 900
685 956
620 581
127 975
859 12
346 975
639 697
993 765
511 207
515 762
115 42
803 968
273 32
814 393
728 471
396 133
931 231
338 498
266 247
151 551
683 484
293 19
516 452
529 248
905 420
340 49
337 959
139 208
752 961
845 490
615 660
680 221
910 57
713 305
358 995
94 748
952 663
775 602
191 967
431 66
75 901
395 26
727 837
477 138
380 514
147 233
779 805
952 542
229 897
321 867
134 732
499 486
276 146
583 792
760 801
797 545
693 474
320 675
191 320
93 929
24 421
98 48
41 483
64 740
981 296
449 639
865 896
221 822
265 603
509 490
163 640
872 542
666 109
74 861
90 14
939 761
130 549
15 874
930 367
418 867
526 712
284 750
4 487
159 126
897 6
362 187
323 891
584 903
711 858
367 706
537 473
262 592
144 373
886 31
889 17
843 119
263 342
71 537
795 635
132 463
205 386
979 618
311 1
10 251
702 88
864 333
798 733
107 183
795 40
654 778
819 989
985 758
873 970
769 970
577 293
938 499
646 528
879 412
117 676
191 561
143 351
656 818
523 482
584 953
274 755
860 357
647 60
802 844
337 229
648 478
96 117
911 871
723 778
603 636
292 717
899 93
32 890
252 585
340 804
382 528
720 553
690 641
571 40
763 284
301 482
411 541
361 936
640 137
802 736
645 325
617 233
558 236
912 885
658 617
688 482
229 640
232 785
233 694
341 553
859 237
754 370
727 880
191 14
346 908
457 866
987 112
752 270
100 581
537 403
75 21
776 78
400 257
24 406
44 303
702 634
223 252
47 145
262 911
35 176
398 830
166 721
419 854
110 902
794 18
621 758
849 98
733 131
570 819
523 835
741 687
155 866
906 784
881 860
362 986
270 172
239 277
187 854
699 189
106 618
102 323
887 248
21 620
115 632
891 685
578 228
882 766
982 467
106 369
683 332
939 439
986 450
60 631
49 915
641 613
598 81
504 162
9 776
722 402
26 27
702 6
777 421
962 138
726 479
365 898
658 463
44 506
163 253
613 491
75 263
782 927
217 716
967 352
664 789
373 169
605 747
564 494
197 208
387 13
619 632
536 432
801 862
260 462
690 248
886 72
384 967
228 182
502 818
556 604
504 998
159 773
716 241
608 294
664 629
779 236
279 331
544 1
789 419
870 303
515 496
605 474
782 735
511 133
770 345
235 269
771 857
662 914
578 675
302 835
985 860
725 242
208 179
95 204
657 405
562 676
894 953
607 263
353 727
626 493
86 798
360 806
200 967
690 922
150 14
478 169
365 581
433 211
739 904
739 489
257 489
249 619
42 669
128 640
699 6
624 923
521 739
346 386
539 745
556 541
441 493
219 20
531 455
980 298
185 644
953 582
136 162
351 91
121 86
105 61
642 867
753 259
856 210
388 972
291 577
949 940
397 775
397 473
140 341
790 408
228 606
466 163
908 187
360 651
468 220
247 327
216 915
350 800
751 122
14 994
594 592
36 560
588 984
963 884
796 23
783 777
588 130
693 217
218 64
45 786
512 159
666 574
140 138
684 25
233 649
391 714
980 316
305 530
557 773
750 900
566 433
564 21
315 926
606 792
738 868
366 982
104 680
62 470
485 134
649 431
423 196
847 426
406 948
469 839
967 368
84 321
398 624
380 639
359 681
102 454
721 616
110 891
693 661
164 363
463 293
818 506
305 995
533 997
951 247
940 387
275 474
156 442
123 517
590 522
773 224
844 142
762 98
419 212
45 441
889 576
895 17
965 313
728 180
16 795
954 563
100 765
867 281
940 311
79 730
713 555
256 910
267 818
614 472
854 410
303 80
139 369
538 526
86 417
850 191
392 303
797 122
459 817
345 869
440 193
771 97
3 191
975 184
769 201
416 44
247 434
745 812
942 113
650 588
899 823
509 315
677 243
200 502
234 11
129 176
612 591
553 19
482 465
266 596
514 505
250 556
218 73
506 49
150 664
925 604
32 341
602 962
451 367
288 178
22 40
906 422
151 662
290 838
877 623
725 347
431 96
959 314
512 552
10 38
274 454
684 586
970 756
688 173
10 112
519 825
20 794
237 717
179 405
962 777
172 843
561 820
534 634
465 350
984 592
293 262
494 783
872 608
316 170
485 933
859 139
39 224
161 360
583 701
290 508
170 419
545 607
170 118
2 50
915 341
563 241
399 408
628 766
824 244
793 457
805 749
581 141
955 787
633 35
118 999
55 490
25 761
31 119
297 584
231 565
553 669
621 765
451 152
595 883
304 74
561 871
648 876
272 642
2 910
577 410
594 958
971 614
596 821
213 62
942 346
927 370
303 932
455 719
53 860
251 772
763 73
153 392
484 255
407 286
112 757
536 666
277 433
115 283
544 362
873 610
854 56
621 775
529 858
110 466
894 931
652 630
321 874
686 396
535 221
405 547
124 456
11 21
986 957
287 4
387 37
162 140
98 826
623 985
786 982
69 105
489 713
541 226
890 302
643 488
884 916
336 220
725 704
455 792
747 419
455 172
92 223
878 266
730 877
434 378
529 90
634 541
85 621
225 685
119 445
963 158
848 551
604 202
170 947
825 432
690 931
101 155
620 702
643 302
890 18
698 317
666 671
786 142
283 74
218 689
896 33
906 242
768 993
349 613
116 177
70 552
427 407
564 28
491 463
770 781
673 813
859 810
998 942
40 586
86 201
593 628
54 52
730 817
745 341
512 53
549 607
881 402
88 47
877 46
741 61
57 588
52 848
89 86
266 78
440 810
831 571
470 242
997 148
497 235
886 837
1 132
448 436
9 622
303 585
376 281
445 58
657 308
47 977
35 612
42 296
423 424
374 202
500 399
474 618
989 860
892 239
711 106
706 556
23 145
500 202
468 162
532 654
283 376
82 625
283 881
133 848
438 160
708 338
416 406
964 274
174 204
659 545
645 2
294 351
727 561
330 547
169 3
472 219
119 646
550 246
167 309
103 18
327 282
35 279
821 313
52 275
10 931
758 225
929 348
620 329
569 133
211 813
596 142
212 703
345 622
108 216
214 384
825 880
977 574
194 182
324 474
192 824
499 968
691 385
886 870
892 997
894 537
542 772
582 613
16 758
68 725
114 871
170 838
48 944
373 669
758 831
242 114
694 253
973 890
697 349
869 943
536 195
227 792
111 790
659 616
958 55
565 369
90 828
392 759
125 878
612 695
337 94
902 296
186 920
482 282
861 686
897 543
922 196
5 681
295 899
433 425
129 417
331 300
438 273
906 348
50 514
128 688
687 0
485 280
112 835
23 567
506 209
814 796
982 60
542 405
314 763
600 634
380 41
257 104
161 701
390 287
603 444
532 799
561 203
667 260
785 861
270 214
844 936
347 975
194 264
6 543
635 422
244 206
879 743
929 372
363 599
959 443
486 864
869 146
825 996
581 758
158 242
240 99
174 403
483 721
528 394
684 602
626 49
442 235
914 79
364 903
269 352
760 506
415 617
585 605
524 18
184 81
439 324
923 530
908 500
344 640
690 368
434 384
313 132
73 61
528 63
543 741
993 267
521 598
735 566
158 356
545 333
218 342
239 57
389 92
485 987
276 390
435 529
178 153
795 24
998 90
35 848
189 225
220 781
918 524
328 124
804 48
58 801
741 918
796 960
522 108
773 912
557 235
648 927
646 207
428 230
518 981
414 913
508 475
86 150
270 133
405 938
449 881
899 611
594 404
900 713
889 787
250 353
28 941
557 34
172 615
874 899
798 354
537 809
126 984
393 996
570 937
513 659
987 818
567 407
363 678
71 808
711 715
276 891
347 461
252 79
491 444
481 168
846 467
7 572
781 956
851 512
397 770
634 565
4 434
841 458
605 875
893 859
663 884
323 279
735 102
225 111
494 146
67 722
619 136
597 806
145 186
259 793
618 27
182 514
64 380
164 658
917 265
811 345
275 966
384 105
254 983
245 950
455 149
31 718
947 839
778 213
866 251
656 607
719 395
337 676
316 833
912 621
692 28
787 980
516 17
240 266
55 684
738 204
811 90
548 269
344 570
723 57
344 590
414 735
907 797
928 140
270 522
316 419
721 293
712 505
143 415
391 798
833 933
112 808
867 32
396 360
342 500
412 689
643 343
225 954
899 925
384 118
942 467
932 447
358 143
571 135
234 236
357 7
933 934
281 195
226 811
930 183
415 565
751 452
36 351
586 357
427 767
512 864
986 392
484 827
976 6
354 456
760 249
910 378
374 157
294 951
452 368
677 471
521 575
922 430
873 432
251 263
524 467
958 547
499 532
842 926
624 546
929 443
151 113
360 401
756 186
657 716
37 15
126 834
547 68
375 878
858 787
269 692
523 312
447 192
774 630
695 747
933 549
126 459
807 439
826 215
286 922
345 963
709 244
325 515
678 900
796 220
280 545
57 332
896 94
749 932
347 537
273 281
724 551
825 293
964 142
976 536
465 491
471 9
375 860
578 852
669 463
653 26
965 671
287 558
243 222
771 84
595 235
566 596
420 656
613 460
421 975
126 578
735 814
549 458
368 120
931 172
536 411
343 704
810 675
87 31
453 260
15 159
331 609
812 371
466 539
695 323
260 239
313 324
778 332
311 618
9 204
939 295
207 637
168 85
401 573
897 510
362 178
634 183
228 462
891 895
926 553
790 479
704 508
827 314
604 718
491 84
178 146
659 60
0 987
302 376
784 574
865 454
838 808
258 255
78 652
471 497
615 276
806 898
174 46
214 38
142 738
242 830
365 108
851 20
282 884
149 773
14 444
746 547
4 140
478 937
235 712
430 704
937 705
60 128
688 813
382 450
223 254
969 476
690 95
304 647
391 25
381 915
102 209
283 714
941 424
764 450
853 506
234 855
804 191
127 805
42 253
461 970
500 62
455 131
145 270
811 945
155 614
880 181
135 918
758 263
418 876
296 503
288 202
173 506
352 277
179 773
466 980
55 258
237 613
656 196
54 404
885 392
684 876
209 515
738 567
46 686
16 998
419 521
58 324
168 762
897 273
993 592
515 58
999 351
157 866
146 481
267 902
358 66
59 530
450 613
620 27
280 346
500 373
983 657
287 670
582 113
898 531
145 631
466 495
124 11
348 999
379 454
553 208
255 206
57 926
208 173
587 319
740 396
124 818
948 959
929 312
275 288
875 583
4 381
599 879
196 130
114 639
112 851
491 779
724 27
450 469
52 836
755 233
256 712
19 569
863 318
170 403
631 891
218 818
354 154
980 350
575 704
725 842
991 871
662 10
185 28
416 677
473 181
856 495
988 702
860 75
978 276
238 790
137 933
900 742
426 545
501 451
422 478
573 663
286 806
245 972
901 199
216 25
233 633
209 429
893 263
82 702
704 723
937 285
556 916
794 790
414 498
673 10
912 159
812 955
270 11
543 775
224 88
948 372
509 11
765 147
130 163
493 498
351 190
208 85
37 168
825 557
563 479
983 860
130 955
866 532
325 701
163 88
301 708
410 945
453 250
952 631
194 476
929 974
343 280
969 407
235 805
136 170
450 26
519 308
263 635
75 346
661 42
535 155
103 167
770 590
366 569
679 366
746 994
658 133
205 109
379 602
144 6
764 694
751 201
808 476
347 556
688 29
768 895
443 528
298 536
536 663
447 267
907 7
594 966
814 993
174 656
260 689
307 432
910 425
816 479
908 571
299 448
186 251
129 538
845 672
335 122
73 22
640 149
594 561
375 498
391 311
484 965
719 718
867 294
331 23
358 251
307 994
688 307
782 199
806 570
459 745
374 89
112 648
61 271
386 716
128 822
22 18
237 396
270 68
63 678
898 834
804 317
995 23
134 429
917 88
106 743
397 692
541 724
834 342
274 119
249 544
413 780
945 824
923 949
79 771
149 307
667 67
541 189
678 603
799 813
717 828
971 666
307 781
242 837
885 808
652 146
289 848
887 682
20 448
258 281
550 140
68 236
25 370
816 318
470 650
519 424
556 500
324 145
544 382
585 253
309 173
244 915
744 533
253 219
397 981
588 882
518 146
753 318
555 992
29 491
655 369
799 178
606 568
395 891
956 836
911 940
514 29
667 26
65 877
528 446
487 474
720 465
824 736
388 10
152 411
19 313
212 906
179 512
797 256
289 358
648 318
827 783
129 890
674 688
403 5
836 543
114 712
700 876
935 753
453 855
962 34
265 537
913 668
70 968
314 779
49 50
780 528
187 705
264 86
449 831
798 31
16 470
806 23
808 550
926 980
509 266
876 384
445 975
959 81
627 47
725 334
131 225
720 382
194 507
371 886
571 858
801 494
396 919
675 794
725 443
555 496
804 11
983 922
181 363
74 570
867 984
426 484
734 487
614 649
696 875
388 385
751 21
700 451
953 840
237 727
966 688
537 499
143 583
274 423
895 119
894 761
653 543
549 347
594 550
354 890
948 481
667 410
873 181
774 67
813 780
954 190
793 765
877 563
635 850
916 925
935 575
122 947
827 916
951 934
605 569
312 506
560 823
113 966
681 576
821 231
499 202
121 273
594 702
77 70
593 236
857 571
15 96
329 500
46 700
929 541
390 816
673 715
52 865
52 235
879 117
583 536
447 785
534 555
540 281
157 531
637 379
336 634
55 46
391 50
698 570
71 351
216 726
318 772
848 103
631 310
631 530
520 303
8 517
687 568
300 310
32 960
838 975
988 859
855 854
954 981
56 803
84 74
270 598
491 909
790 76
287 923
321 851
94 198
974 748
141 24
306 760
654 951
515 582
373 388
442 578
617 844
271 731
862 18
643 521
989 648
197 651
63 140
702 951
723 671
230 540
925 972
153 194
479 250
52 957
197 218
268 933
988 256
420 637
192 3
418 624
160 463
250 188
945 339
964 478
675 758
746 24
525 226
238 261
784 476
267 729
939 397
380 597
305 976
109 772
148 785
833 386
655 644
484 882
443 870
234 350
613 839
645 727
924 162
267 798
961 164
294 474
608 43
5 423
171 520
518 656
547 459
971 575
217 749
362 242
914 556
846 3
109 854
928 797
343 660
841 25
310 680
610 585
402 960
469 886
810 834
797 347
229 263
8 179
995 286
826 49
270 430
371 544
309 327
544 266
642 753
208 701
708 538
768 470
744 67
585 208
512 78
393 486
86 634
522 31
893 45
606 995
298 501
534 423
404 551
564 222
644 851
208 467
762 949
878 993
46 802
500 729
70 959
173 177
472 497
632 559
297 999
950 941
947 19
788 153
454 329
396 156
535 70
582 7
756 190
742 119
719 598
492 537
507 934
60 405
543 448
775 429
887 836
932 76
695 37
837 292
987 195
227 960
655 769
53 291
414 209
105 902
430 263
299 63
90 509
181 955
766 833
489 706
690 181
363 267
641 888
362 639
103 151
784 504
16 984
160 643
749 51
161 141
397 511
926 881
801 132
819 590
828 649
378 626
436 790
425 825
150 7
384 400
772 279
959 624
834 997
407 739
176 122
866 329
322 320
918 126
756 763
39 612
859 256
137 794
38 290
941 79
229 764
657 49
603 559
964 77
111 372
850 466
191 493
606 482
466 392
411 221
470 291
643 420
506 651
891 425
508 670
696 755
128 358
575 193
426 180
743 774
830 420
551 978
224 810
824 684
512 943
295 88
979 838
182 981
683 771
839 305
466 353
556 633
535 326
53 134
366 71
891 446
124 927
344 875
345 269
6 180
678 529
677 590
970 961
577 803
107 323
191 988
111 341
582 977
358 601
799 75
105 711
269 762
309 789
629 236
329 571
258 251
706 987
338 11
747 802
587 887
247 58
534 491
746 287
994 561
146 95
31 973
962 345
458 915
914 566
560 545
512 180
960 121
645 56
441 699
810 51
968 913
501 691
0 493
937 345
757 218
602 780
869 254
423 935
283 517
481 60
772 528
216 317
210 152
463 405
880 78
363 86
866 877
197 375
773 199
357 356
831 90
446 925
658 690
701 415
899 225
604 944
794 372
561 279
957 369
583 783
714 238
409 239
857 891
717 402
132 603
808 721
26 730
423 226
442 414
779 721
355 338
841 884
523 300
272 980
184 48
660 983
116 712
357 272
755 689
335 52
246 863
554 933
604 708
947 971
491 638
516 641
566 533
232 193
369 863
427 496
419 185
327 74
744 631
932 107
120 754
52 334
243 480
75 120
874 385
727 802
647 342
553 293
93 881
310 185
857 807
763 35
512 945
247 548
433 714
970 822
705 188
166 233
817 741
791 79
869 941
671 954
905 932
48 657
538 650
224 309
772 196
461 842
240 182
596 15
808 297
466 894
9 773
448 416
541 976
469 37
73 916
388 990
751 992
513 428
90 826
651 639
736 751
300 5
830 539
307 251
908 43
422 222
368 720
127 829
91 287
601 51
126 942
176 826
433 551
683 919
729 744
93 540
147 798
968 508
119 414
750 256
547 324
937 108
681 517
805 674
610 600
59 95
444 900
496 906
678 931
586 697
567 809
686 665
543 736
33 888
790 976
880 508
658 636
659 181
137 48
989 786
458 418
232 814
432 222
817 782
289 393
130 138
282 638
846 902
444 522
727 847
815 612
244 737
823 486
721 280
316 648
21 321
581 974
982 899
250 901
91 18
384 489
887 224
122 560
297 259
926 941
292 808
264 845
684 958
285 376
453 234
506 606
712 952
33 756
145 143
0 719
377 656
463 63
170 248
816 415
239 648
200 58
737 855
933 929
616 314
72 618
728 662
116 498
398 771
772 631
776 949
396 121
225 835
941 403
801 955
926 205
752 150
650 18
503 805
390 100
822 351
92 234
822 51
719 993
915 491
755 708
991 97
98 477
80 185
801 215
344 934
366 5
373 898
911 423
191 152
401 114
242 364
837 388
450 175
583 133
552 890
231 67
274 899
243 269
216 865
263 966
389 430
716 895
342 195
358 239
218 655
929 908
931 449
31 245
258 558
697 411
303 16
718 987
704 120
497 168
774 594
639 386
14 809
593 275
833 151
17 750
673 512
275 54
381 690
674 152
131 773
609 401
968 134
651 487
918 965
588 613
355 963
214 799
757 202
169 849
16 40
850 541
651 256
254 513
482 296
809 297
405 658
184 747
138 37
986 250
27 721
787 480
577 314
562 968
792 368
146 384
520 911
73 136
484 147
332 651
421 605
870 191
277 273
607 267
410 733
938 248
710 904
494 47
55 485
446 304
705 2
783 206
285 792
824 236
830 371
786 799
369 639
664 206
322 116
457 814
448 855
461 421
845 981
241 596
407 401
606 980
232 957
223 932
53 656
70 222
219 661
526 42
142 667
87 354
125 120
396 548
679 513
328 839
989 246
538 748
769 443
3 106
124 548
568 825
345 909
458 383
44 169
981 983
990 555
350 974
799 4
824 142
698 13
773 423
327 184
73 724
979 314
643 614
261 29
709 324
954 436
102 768
662 196
414 66
96 173
607 780
518 959
988 933
101 437
566 939
299 757
835 110
779 353
295 595
896 913
466 247
984 777
356 486
942 508
352 261
652 788
533 697
636 896
241 610
495 168
207 911
442 628
786 723
55 748
144 487
928 288
475 12
688 502
758 493
284 136
430 568
805 683
329 617
243 738
705 66
210 512
120 384
574 970
117 166
528 427
645 179
943 469
99 948
952 679
81 915
826 182
129 708
39 361
238 611
50 351
614 136
787 228
742 175
843 629
231 276
595 152
136 330
583 563
394 209
255 218
445 433
78 157
655 583
350 71
115 111
714 917
83 646
52 355
31 927
732 902
469 523
348 659
224 734
992 346
844 774
959 693
82 495
192 205
272 559
313 358
689 831
607 970
820 122
418 288
750 490
936 602
905 660
857 474
825 464
186 330
300 828
479 625
757 700
134 632
870 34
830 654
280 874
842 167
592 265
948 658
840 439
401 844
599 786
228 712
389 671
343 543
409 302
173 125
806 344
307 656
537 16
461 695
84 832
418 912
42 141
788 462
739 221
219 519
713 426
673 869
789 699
620 496
227 866
579 545
974 110
748 206
503 715
523 842
648 73
784 507
376 156
112 393
124 487
716 682
758 669
130 971
833 266
151 465
874 223
711 652
185 732
574 258
257 129
27 419
438 13
158 434
821 9
676 97
803 369
575 155
173 852
557 630
994 672
606 397
412 137
986 716
355 508
696 584
6 760
913 959
417 950
679 269
974 879
19 454
353 192
733 808
94 147
627 2
842 575
660 505
977 692
274 466
968 867
385 677
190 809
688 393
943 309
339 936
678 738
430 441
595 903
467 11
717 898
488 219
718 970
344 70
288 909
375 748
966 52
545 499
37 650
462 61
113 499
26 778
833 541
253 915
148 579
586 319
278 562
231 213
673 12
834 592
923 905
53 8
968 886
571 10
197 690
158 493
996 970
379 343
861 371
635 767
29 579
559 677
892 879
198 507
118 795
995 216
477 863
498 122
225 976
995 896
747 912
93 904
828 429
328 732
355 703
352 665
27 604
468 821
379 527
135 770
315 417
312 783
817 467
882 122
305 2
738 105
573 276
603 902
744 976
16 178
993 423
146 467
39 376
537 965
658 90
626 837
47 941
248 180
679 74
807 39
295 912
337 898
286 122
680 763
894 858
687 722
192 664
66 30
898 639
408 375
92 85
681 365
101 728
869 55
971 972
147 0
356 745
424 305
103 410
348 502
401 155
122 968
530 632
817 368
634 119
121 994
809 448
392 578
335 69
626 913
939 568
495 99
17 532
84 366
562 294
46 616
490 39
620 32
775 925
351 119
583 784
453 773
813 835
402 108
249 186
166 730
213 123
627 686
537 822
668 974
740 603
904 990
413 475
251 32
741 196
336 702
260 392
303 727
597 697
312 172
56 92
326 815
345 63
456 646
563 722
925 861
199 978
884 933
619 190
697 490
300 853
723 306
101 944
498 259
524 463
847 488
183 611
739 451
528 881
548 404
140 226
683 575
845 405
405 686
834 48
753 666
157 349
502 723
110 912
475 437
2 878
434 451
588 974
274 831
295 680
297 328
961 719
925 138
20 204
489 603
807 912
893 42
800 816
28 814
516 819
566 607
847 479
453 776
545 313
175 107
776 874
49 409
664 1
829 283
762 997
470 374
474 42
877 533
30 127
671 860
908 607
312 822
292 59
741 402
468 116
472 915
206 846
533 2
237 189
905 41
250 987
70 176
92 38
414 722
920 579
180 920
124 429
702 755
951 548
543 572
667 591
342 894
70 6
305 84
104 723
817 883
88 154
619 508
14 280
329 176
994 899
979 780
79 40
870 408
699 154
39 918
916 577
509 519
281 958
423 115
538 110
536 418
983 609
939 335
257 934
355 588
399 771
667 215
926 115
355 800
613 87
182 949
687 103
600 897
418 388
526 80
247 887
355 306
882 589
929 14
528 77
522 42
492 810
175 212
554 46
694 281
305 95
128 66
180 251
987 981
301 429
253 182
25 847
198 352
540 942
220 689
436 698
425 199
561 630
21 234
490 682
70 560
632 602
487 348
159 84
271 155
173 815
925 785
690 241
150 891
861 511
577 786
565 805
977 975
975 826
58 685
492 509
284 839
624 990
220 217
717 124
151 368
635 127
106 802
77 684
45 364
535 308
473 516
619 963
377 118
456 453
234 542
444 725
256 985
781 727
419 30
806 272
547 991
491 885
269 681
817 387
741 554
366 222
913 473
423 454
475 404
776 144
272 811
499 570
554 687
66 483
200 852
525 966
51 167
879 771
990 108
251 476
156 143
219 438
299 819
90 898
391 486
61 494
672 884
455 333
62 80
10 651
329 549
220 239
377 890
775 421
25 939
174 921
474 162
730 574
325 920
731 701
174 319
76 477
251 3
645 641
254 59
714 149
325 841
58 172
106 121
673 75
308 292
857 572
893 499
828 17
937 477
65 191
240 912
365 886
379 220
739 603
877 183
213 223
369 660
590 220
3 441
728 525
794 481
3 612
339 28
870 766
922 344
853 413
761 563
921 170
591 257
1 721
597 895
486 802
982 470
625 857
253 45
588 689
476 838
481 480
232 692
890 902
39 884
889 730
203 734
643 262
782 103
59 207
731 778
943 697
887 32
940 236
526 851
225 282
303 767
405 677
41 423
405 753
812 947
907 815
379 398
591 918
925 533
474 70
132 648
742 335
651 427
325 844
670 305
889 467
175 976
895 700
287 487
389 42
612 888
646 97
155 878
526 919
431 404
79 892
273 309
625 704
983 81
247 560
169 752
532 535
14 287
573 171
352 512
95 23
648 745
444 678
550 363
489 327
371 646
292 296
383 205
696 817
716 694
992 370
488 204
968 627
360 579
483 983
793 116
185 893
622 744
706 277
190 79
879 427
266 998
343 190
45 356
120 863
714 258
864 147
22 789
139 790
327 0
444 630
425 636
451 530
1 397
241 506
851 461
458 897
319 444
47 975
31 170
738 700
148 938
334 974
708 266
893 750
63 664
136 965
99 503
162 30
633 943
433 860
124 556
597 398
523 51
920 333
549 87
193 235
277 341
573 603
693 390
207 485
919 158
155 319
297 570
798 49
760 706
844 252
654 850
409 858
455 994
414 215
233 446
119 659
555 453
992 861
932 694
77 176
148 749
409 58
876 609
322 311
835 682
245 230
271 83
607 880
508 283
875 128
242 569
422 631
861 212
91 880
597 412
207 598
508 905
987 906
139 444
957 836
878 684
744 116
438 947
821 890
372 387
77 200
471 11
468 276
426 691
219 256
275 511
237 746
935 465
553 526
567 57
810 447
219 819
837 532
263 867
266 108
496 461
139 608
123 353
114 343
76 722
61 550
619 713
578 101
19 493
241 889
228 91
435 155
298 369
464 739
168 181
985 617
486 608
570 434
64 998
548 724
843 68
741 70
654 195
878 777
697 803
923 374
784 54
996 299
74 814
24 438
696 759
101 595
907 277
788 884
733 859
436 836
135 52
991 168
954 931
894 598
732 251
480 928
832 87
187 904
418 748
601 711
41 568
72 372
714 288
211 499
312 916
760 294
710 966
770 478
524 997
285 87
787 342
455 709
535 868
9 944
982 344
594 913
35 852
815 500
854 416
615 266
90 940
743 777
400 563
793 582
253 168
158 33
999 440
831 127
608 261
207 799
120 812
167 179
309 106
73 653
492 41
37 82
812 204
298 860
1 853
283 823
837 776
389 898
777 134
404 713
983 405
416 490
199 234
69 436
456 645
231 869
103 946
963 829
909 472
289 157
412 550
44 396
135 852
442 648
243 503
816 371
704 165
364 224
486 446
931 545
461 673
721 100
932 374
949 455
890 47
790 868
692 763
379 226
634 17
766 746
854 623
980 90
119 960
851 152
130 74
340 810
865 796
582 456
978 857
974 576
444 88
883 137
473 269
830 151
136 731
599 192
313 64
782 720
109 927
145 432
402 279
397 120
477 548
833 642
924 22
114 534
304 671
917 800
780 782
67 918
523 771
362 223
870 543
458 602
144 504
577 545
715 808
389 216
720 60
538 464
807 375
640 648
502 415
529 915
510 369
486 389
750 517
978 497
679 940
119 506
173 191
98 520
582 80
595 471
175 530
386 617
173 347
722 269
25 916
985 613
503 985
234 31
86 600
352 463
457 81
490 451
560 84
518 854
139 982
433 399
762 814
237 413
529 608
749 293
396 713
569 176
577 905
293 70
376 823
774 646
65 172
321 923
830 708
425 532
878 741
961 250
961 807
205 602
822 594
727 12
59 608
408 933
218 606
241 907
86 512
963 140
353 509
339 770
567 655
323 943
585 755
959 663
429 79
77 730
473 76
360 769
372 518
618 468
869 306
861 581
938 936
422 986
564 149
723 22
949 344
613 828
624 72
297 795
223 697
351 965
691 19
515 370
471 80
174 12
753 627
636 47
929 568
810 400
32 662
928 744
663 920
374 449
840 131
74 567
907 748
573 239
329 107
308 64
727 870
255 120
614 826
467 202
204 44
227 261
661 927
764 911
235 351
193 940
62 873
408 457
217 59
701 152
88 211
963 186
512 852
247 615
96 179
210 296
58 284
934 992
666 195
159 816
152 614
608 820
889 989
831 830
37 356
917 777
64 978
522 614
465 427
487 360
464 175
636 282
391 441
165 306
523 521
447 970
779 648
154 837
388 675
596 424
335 602
799 856
396 168
341 951
40 321
195 732
467 577
986 202
659 470
596 341
536 454
296 64
104 885
179 418
67 455
643 202
570 338
556 353
765 154
249 164
248 989
822 414
419 325
870 290
390 140
322 730
293 322
447 715
683 111
102 77
884 342
917 192
820 223
446 709
710 302
547 909
416 46
111 256
10 820
334 986
22 494
330 772
632 638
376 989
76 516
660 320
256 201
691 30
191 499
518 689
566 844
964 458
787 458
785 628
49 265
566 559
653 890
206 512
659 622
892 932
802 92
819 734
894 433
688 350
108 704
837 657
538 644
683 570
961 516
376 862
954 465
379 168
923 2
377 526
570 858
600 22
425 774
424 306
243 134
125 266
216 405
315 316
531 407
851 40
405 775
38 89
508 383
626 270
121 808
766 869
501 764
919 811
549 872
229 516
402 315
77 1
330 921
449 115
714 300
762 555
359 403
723 807
835 794
114 723
677 860
79 237
271 467
367 222
736 544
189 330
521 9
336 403
816 200
139 240
34 172
586 9
664 5
914 531
488 917
274 225
37 161
330 699
128 176
502 295
340 431
564 505
664 984
181 990
66 919
698 54
816 981
456 411
847 27
727 755
25 136
82 232
277 978
14 615
525 230
614 958
595 621
720 416
300 356
403 609
715 939
968 633
856 580
999 175
329 87
11 944
86 920
318 308
374 328
345 358
50 315
30 923
606 285
689 186
594 211
615 926
88 104
130 903
682 163
453 833
40 122
81 849
530 477
423 449
245 795
872 976
260 127
155 981
325 430
177 867
761 791
622 667
457 872
867 260
400 741
64 669
383 0
406 415
875 209
203 195
609 268
500 587
350 572
597 583
290 308
604 287
791 425
312 362
420 206
399 459
993 19
557 672
52 435
470 649
692 334
53 875
891 484
923 651
109 434
14 903
206 132
882 92
408 252
364 151
344 808
497 4
315 456
892 307
527 163
875 680
879 711
940 597
281 17
343 279
707 222
287 127
259 70
718 112
505 848
47 824
754 573
852 92
958 605
385 729
610 824
698 816
868 645
361 136
247 793
601 360
292 506
743 956
337 518
513 823
166 613
655 970
560 365
538 366
471 875
418 224
469 90
770 555
650 892
56 978
370 995
187 651
212 242
92 198
569 393
78 107
58 417
272 838
764 533
495 962
471 255
537 559
449 28
321 382
711 304
629 221
329 644
118 77
190 931
589 239
1 396
865 538
767 986
820 490
257 754
798 648
796 841
167 460
292 988
987 367
667 910
667 886
836 824
786 808
725 904
135 864
150 469
174 88
366 405
952 724
330 555
183 297
480 863
720 118
151 999
896 777
828 633
573 409
659 230
871 294
991 549
588 447
717 495
651 318
123 822
732 856
761 932
195 387
10 779
102 908
516 696
334 397
30 782
958 832
213 980
220 798
561 471
397 483
503 9
18 245
579 290
593 702
694 662
184 216
913 173
744 44
595 560
492 199
814 637
484 735
898 625
601 150
468 964
803 934
512 50
0 175
591 67
716 898
899 803
468 254
13 803
750 710
294 183
300 465
948 116
386 342
166 409
167 365
329 985
270 780
255 254
331 881
858 605
392 204
425 236
907 411
164 474
39 75
490 458
924 353
250 637
212 248
570 826
866 6
699 208
626 990
252 994
447 852
234 124
772 83
624 63
72 349
588 261
523 707
795 958
743 755
732 545
911 905
18 212
768 84
792 582
975 846
-1 23333 -1 -1 -1 -1 -1 -1 17288 -1 -1 -1 42830 -1 -1 2999 -1 54075 -1 -1 63144 -1 -1 -1 37384 -1 41940 -1 -1 -1 -1 -1 -1 -1 -1 -1 -1 -1 16238 30894 -1 -1 -1 53623 -1 -1 -1 -1 -1 -1 -1 64312 51612 -1 -1 -1 61870 -1 -1 -1 -1 -1 -1 35549 -1 -1 -1 43582 105 -1 -1 -1 20275 -1 35635 -1 61539 -1 -1 -1 37008 -1 -1 -1 -1 5964 -1 -1 -1 -1 18680 -1 -1 -1 19307 -1 -1 -1 -1 -1 24123 -1 -1 -1 -1 -1 -1 -1 -1 -1 -1 -1 -1 -1 -1 -1 -1 9214 -1 16816 56077 -1 -1 -1 -1 65351 -1 -1 -1 -1 -1 42033 -1 -1 -1 -1 -1 -1 -1 -1 -1 -1 -1 -1 9971 2181 -1 -1 21972 -1 -1 -1 63015 -1 -1 -1 -1 -1 -1 -1 -1 -1 56290 -1 -1 -1 20349 -1 -1 -1 -1 -1 -1 -1 -1 -1 -1 -1 -1 -1 -1 15512 -1 -1 -1 55611 -1 -1 -1 -1 -1 14162 -1 -1 -1 -1 -1 -1 -1 -1 -1 -1 -1 -1 -1 -1 -1 -1 -1 44247 16777 -1 -1 -1 -1 -1 -1 16227 -1 47964 -1 5986 53380 -1 -1 -1 38316 -1 -1 -1 -1 -1 -1 -1 -1 -1 -1 -1 -1 -1 -1 -1 50606 -1 -1 -1 -1 -1 -1 -1 59906 -1 -1 -1 -1 -1 -1 -1 -1 -1 -1 58343 -1 -1 -1 -1 -1 -1 -1 -1 44800 18960 -1 -1 -1 -1 56258 -1 -1 -1 -1 -1 -1 -1 -1 -1 59636 -1 -1 -1 -1 -1 32926 -1 62879 -1 -1 -1 -1 -1 -1 -1 -1 -1 -1 51232 54738 -1 -1 28958 -1 -1 -1 -1 -1 -1 -1 -1 -1 -1 -1 55154 -1 -1 -1 -1 -1 -1 -1 38797 -1 -1 -1 -1 -1 -1 -1 -1 -1 8907 -1 -1 -1 55803 -1 -1 7588 -1 -1 -1 16027 -1 -1 -1 10674 -1 -1 -1 13164 -1 -1 -1 -1 -1 51946 -1 -1 -1 -1 -1 -1 12403 -1 -1 53606 40134 -1 -1 -1 -1 -1 56168 -1 -1 -1 -1 -1 10757 -1 -1 -1 -1 -1 -1 -1 -1 -1 -1 -1 -1 -1 -1 -1 61523 -1 -1 -1 -1 -1 -1 -1 -1 -1 6218 -1 -1 11666 29455 -1 -1 -1 18725 -1 -1 -1 25999 -1 -1 -1 -1 51183 -1 -1 11517 -1 -1 40430 -1 -1 -1 -1 -1 -1 27329 60115 -1 -1 -1 -1 38821 -1 -1 -1 32735 10220 -1 -1 -1 -1 -1 -1 -1 -1 61147 -1 28337 -1 49386 -1 -1 -1 -1 -1 -1 -1 -1 -1 45890 -1 -1 -1 -1 -1 -1 -1 -1 -1 -1 -1 -1 -1 43095 -1 -1 -1 -1 13894 6350 -1 -1 -1 -1 -1 -1 41316 -1 -1 -1 -1 -1 -1 -1 -1 -1 -1 -1 -1 -1 -1 37990 -1 -1 -1 -1 -1 46160 -1 32473 -1 -1 -1 41881 -1 61542 20991 64339 -1 4400 -1 -1 -1 -1 36509 35517 -1 -1 -1 -1 -1 -1 -1 -1 -1 -1 -1 -1 -1 -1 -1 -1 43134 -1 -1 -1 -1 -1 -1 -1 -1 -1 40237 -1 -1 37524 22540 -1 59336 -1 -1 -1 -1 -1 -1 -1 45209 42091 56311 -1 -1 -1 -1 -1 -1 -1 50145 -1 -1 -1 -1 -1 -1 -1 -1 -1 7541 48921 -1 -1 -1 5555 -1 -1 53074 635 -1 26460 -1 -1 -1 -1 -1 -1 -1 -1 -1 -1 -1 -1 -1 -1 -1 7208 -1 -1 -1 -1 33245 -1 -1 -1 -1 -1 -1 -1 -1 -1 -1 -1 -1 -1 809 26360 -1 -1 -1 -1 6791 -1 -1 -1 -1 -1 -1 -1 -1 59691 -1 55184 -1 -1 -1 -1 57533 -1 -1 -1 -1 43385 50966 -1 -1 -1 -1 -1 -1 18540 -1 -1 -1 -1 -1 -1 -1 -1 -1 -1 -1 -1 -1 37151 -1 -1 45877 -1 -1 -1 -1 51543 -1 -1 -1 -1 -1 -1 -1 -1 -1 -1 -1 -1 -1 -1 -1 40833 -1 -1 -1 3917 -1 -1 -1 -1 -1 -1 -1 -1 -1 -1 49638 -1 -1 -1 -1 -1 12524 -1 -1 -1 -1 -1 -1 -1 -1 -1 9736 -1 -1 -1 -1 -1 -1 -1 -1 -1 19420 -1 -1 37395 54059 -1 -1 -1 -1 -1 -1 57846 -1 -1 10688 60634 -1 -1 -1 -1 -1 61624 -1 -1 63632 34460 -1 -1 -1 -1 -1 -1 -1 -1 -1 -1 4749 -1 -1 -1 -1 -1 -1 49402 -1 -1 -1 -1 -1 -1 -1 -1 -1 -1 -1 -1 -1 -1 43286 5402 -1 -1 24612 -1 -1 28699 54350 -1 -1 -1 -1 -1 61009 -1 -1 -1 -1 12064 -1 -1 -1 -1 -1 -1 -1 -1 -1 29875 -1 40956 -1 -1 -1 -1 -1 -1 -1 41591 -1 -1 -1 -1 -1 30682 -1 -1 -1 -1 -1 -1 -1 -1 -1 -1 -1 -1 -1 -1 -1 41114 -1 26535 -1 -1 -1 -1 894 17470 8246 -1 -1 39123 -1 32908 -1 -1 -1 -1 -1 -1 -1 -1 -1 -1 -1 -1 4618 -1 38392 -1 -1 -1 -1 9344 -1 -1 -1 36077 -1 -1 -1 -1 34375 -1 -1 -1 9152 -1 -1 -1 -1 -1 49297 -1 -1 -1 36891 26198 28200 -1 -1 -1 58180 -1 28141 -1 -1 -1 -1 27783 -1 19942 -1 -1 -1 -1 -1 -1 -1 -1 -1 -1 -1 -1 60461 -1 -1 -1 -1 -1 -1 17581 -1 -1 -1 -1 -1 7621 -1 -1 -1 -1 -1 -1 -1 -1 -1 -1 -1 -1 -1 -1 -1 -1 -1 -1
3
1 551 10 192 5
1 720 14 13 10
1 672 4 527 1
