1000 5000
84 212
378 290
18 515
554 759
570 931
714 265
170 538
301 921
781 607
268 802
736 728
389 403
34 300
576 818
496 887
531 631
111 380
797 777
419 937
494 801
738 687
849 546
832 604
964 809
297 312
103 922
768 480
957 855
192 254
930 282
276 324
507 452
689 862
206 241
163 412
996 298
0 569
141 359
512 622
553 531
851 824
810 143
571 411
179 773
26 267
442 865
84 425
837 328
86 715
381 406
630 482
366 457
254 396
329 3
67 818
626 349
822 420
971 242
403 420
893 184
134 87
315 412
687 793
322 752
139 549
806 403
494 577
870 813
490 312
190 188
895 275
944 442
659 732
445 501
836 308
455 827
447 248
501 349
405 519
684 844
357 768
177 393
558 29
602 101
36 890
255 168
90 603
613 909
940 282
621 326
646 292
560 259
396 828
565 86
660 9
591 879
77 981
268 176
878 461
168 295
962 113
207 298
723 98
49 556
575 153
568 197
894 955
382 649
681 597
4 634
287 841
722 306
982 622
137 19
248 623
805 190
417 227
859 863
848 705
845 783
244 144
253 946
562 658
404 190
477 690
173 443
507 652
815 274
758 594
133 540
239 467
944 970
203 344
722 51
693 465
690 538
790 698
461 727
742 986
828 510
515 557
222 144
185 832
844 867
745 260
451 415
241 317
547 328
826 831
901 802
632 19
434 138
306 186
210 44
715 849
787 63
672 330
36 503
853 77
930 868
801 276
31 394
991 149
415 535
339 522
823 269
159 868
955 968
251 567
377 883
916 131
620 678
283 134
874 980
858 451
942 784
2 8
927 73
495 711
647 855
329 790
762 506
79 516
451 519
173 509
389 884
77 197
621 369
750 846
240 509
57 866
357 840
82 496
753 372
234 547
875 264
267 833
267 856
735 614
567 716
304 323
574 419
515 976
905 675
179 177
955 655
533 579
341 815
764 498
998 539
356 905
623 573
335 771
97 283
740 252
157 906
831 983
862 332
275 126
762 807
299 180
761 621
747 557
878 374
0 944
178 808
831 386
484 237
232 197
290 638
925 932
408 679
610 667
289 65
205 87
265 661
14 903
150 155
907 548
7 588
195 410
260 201
369 473
544 671
419 237
206 535
941 782
714 581
479 7
101 686
636 134
245 923
991 275
293 443
692 748
313 290
865 968
629 691
240 366
523 260
608 482
608 691
456 281
465 481
980 670
432 377
551 686
708 920
401 485
603 416
145 719
3 185
356 805
465 536
826 226
961 549
333 151
818 635
820 651
331 600
715 756
247 757
905 70
322 481
61 389
724 365
665 301
701 187
138 76
989 901
255 380
70 657
336 669
212 857
649 980
876 992
331 811
4 939
124 627
385 986
134 515
190 46
11 834
973 447
487 671
218 762
523 44
657 690
655 907
721 698
976 684
905 624
330 60
559 774
968 718
626 46
638 821
935 397
920 101
181 679
815 655
359 109
422 48
85 835
269 710
18 678
83 102
264 453
666 856
524 380
652 947
569 349
778 97
591 895
864 885
652 586
351 348
556 310
224 777
492 797
585 786
551 916
102 634
362 895
310 79
366 676
192 884
699 626
345 225
693 868
347 898
695 40
682 500
383 483
223 131
118 75
355 264
214 3
982 142
741 928
144 105
10 524
129 808
216 309
579 959
873 218
871 395
701 894
964 818
241 78
50 80
960 248
479 248
399 688
951 580
827 365
178 84
331 260
241 451
269 466
513 947
773 248
8 608
383 294
560 469
4 201
358 393
538 406
175 329
988 752
422 47
314 973
632 593
355 549
242 368
306 91
748 156
858 906
979 759
254 232
992 163
27 893
211 310
649 768
215 52
38 256
587 849
472 91
517 956
7 141
59 192
527 255
679 659
204 546
730 726
612 924
235 465
327 956
587 526
799 950
959 164
973 77
206 452
702 48
612 489
86 614
804 84
871 171
631 465
876 352
272 957
457 117
962 801
569 703
215 332
683 684
28 708
533 943
811 655
690 75
215 894
565 352
791 214
636 137
488 600
509 4
844 702
262 894
737 306
894 421
452 454
933 130
209 405
430 44
788 104
950 207
571 210
320 383
449 95
14 260
327 776
456 296
26 685
0 516
491 696
411 648
852 259
860 157
688 703
486 618
947 595
894 51
348 871
299 753
844 643
326 753
843 333
968 655
656 107
33 731
723 334
908 13
611 872
505 693
673 41
208 61
563 309
705 141
893 966
72 886
596 580
227 915
419 287
213 419
175 952
165 689
796 24
388 477
730 673
461 191
2 416
794 776
434 900
359 813
672 918
99 636
66 938
258 225
717 393
199 155
411 147
703 582
213 436
221 437
953 952
565 412
758 64
762 239
383 309
859 160
671 806
133 964
330 644
479 97
124 688
577 860
466 164
778 88
409 429
959 314
963 547
537 229
170 727
567 150
344 980
780 233
755 494
175 607
763 424
371 514
505 65
994 529
402 154
479 966
241 915
437 938
590 452
167 99
162 565
98 868
266 72
665 838
328 207
29 28
985 368
192 42
587 431
355 877
355 414
782 469
885 718
445 855
339 798
700 731
911 680
368 743
392 756
794 849
948 105
735 862
24 119
714 192
824 706
406 289
108 221
409 547
608 66
486 436
367 895
406 958
684 130
354 953
560 510
397 932
382 406
564 593
840 543
297 629
793 916
430 167
910 252
84 926
766 90
755 998
179 867
496 948
660 370
532 437
464 125
267 111
911 730
826 796
848 833
82 866
989 19
588 819
401 964
904 879
527 925
306 954
310 269
451 553
946 224
270 911
129 600
600 4
308 371
399 946
736 50
590 647
632 863
326 187
224 726
489 826
27 506
872 834
780 301
647 718
131 759
747 60
512 327
37 236
301 115
267 191
608 891
335 417
207 493
458 646
182 53
510 964
470 298
509 708
453 297
822 534
641 623
266 575
236 198
519 380
463 291
468 609
17 561
271 85
142 746
157 146
503 607
599 380
798 675
962 517
657 495
668 293
629 196
705 194
145 904
858 136
85 155
470 629
469 882
947 850
361 814
810 27
973 882
796 790
886 758
197 81
232 784
636 202
85 180
308 896
811 544
903 354
854 259
563 559
571 702
789 884
980 605
697 470
322 684
297 773
375 956
529 653
234 232
550 643
297 756
994 609
619 988
884 894
726 740
32 449
148 464
415 246
407 884
518 804
136 72
355 300
362 512
398 644
622 691
82 62
485 648
621 762
824 113
867 266
217 983
334 451
619 432
686 150
269 249
390 143
494 438
471 200
721 724
121 465
764 17
764 516
398 151
553 491
821 708
136 685
599 788
134 335
560 495
906 172
909 793
22 324
396 214
23 111
470 742
0 512
94 399
238 974
588 326
259 918
98 812
232 2
728 44
526 11
449 512
588 97
680 371
450 859
169 45
110 580
285 825
873 560
472 187
844 430
166 923
84 535
259 507
558 432
403 802
96 70
132 386
314 668
970 823
114 979
504 840
565 172
581 997
795 268
34 346
59 57
342 527
261 78
135 431
956 200
788 453
961 794
158 718
863 869
219 238
924 133
163 981
1 93
142 664
166 681
174 443
322 951
556 187
571 60
790 624
232 652
726 261
388 119
424 275
104 109
121 850
332 959
646 21
525 48
188 33
878 809
529 551
123 853
445 623
190 568
931 625
146 59
634 277
899 64
998 117
401 59
925 134
707 186
521 245
875 59
741 743
515 485
842 610
660 706
872 999
96 537
286 826
263 961
192 679
69 627
579 545
400 637
209 195
417 474
926 986
410 495
131 461
664 963
18 947
835 547
207 596
617 706
499 463
737 666
830 132
526 643
490 139
80 725
103 783
475 26
794 16
537 583
760 745
297 707
549 181
199 284
785 553
139 451
710 361
302 167
26 508
357 722
37 184
935 466
345 441
401 110
96 5
869 777
697 125
52 29
443 333
472 976
148 132
17 922
174 168
629 915
360 690
390 813
612 406
694 268
795 514
449 585
277 761
198 931
29 448
662 616
762 551
38 321
310 740
980 520
270 204
433 490
670 121
437 167
110 657
699 295
670 793
778 895
58 560
89 504
329 892
105 356
103 860
76 918
381 438
324 295
346 10
475 776
533 258
293 567
486 934
735 869
703 332
632 911
741 624
451 693
911 295
69 240
708 978
251 695
293 887
635 617
778 865
392 859
269 177
778 294
881 729
5 869
874 105
647 652
692 353
707 724
970 375
416 219
233 951
992 213
739 991
930 948
795 223
537 839
113 528
210 745
726 196
708 683
936 375
795 559
2 233
715 183
0 388
209 901
492 675
175 305
987 616
930 539
897 379
357 995
482 403
821 451
809 258
155 146
323 17
274 565
848 688
40 926
120 780
536 249
175 716
776 521
986 374
515 220
843 147
64 538
470 201
86 471
776 951
720 266
576 682
753 734
351 580
227 890
882 972
367 883
893 268
120 884
3 399
742 796
89 711
772 453
78 144
93 555
224 884
318 446
891 613
915 160
801 420
747 116
4 96
557 913
59 936
575 184
94 294
253 131
125 970
646 35
103 239
398 825
278 658
435 670
88 911
195 837
463 452
58 588
464 308
296 731
571 7
952 307
347 425
528 783
308 824
404 611
649 932
537 941
726 782
399 144
239 607
994 280
543 45
453 728
348 253
177 953
526 868
362 683
121 77
968 414
46 267
131 220
26 715
161 223
593 545
202 124
665 296
150 708
629 301
461 632
491 267
147 371
625 341
858 1
270 239
372 903
491 51
717 832
330 466
723 575
657 794
421 733
274 415
908 865
890 392
668 175
905 849
342 819
314 78
151 446
661 213
197 554
498 379
475 223
150 845
876 480
725 320
549 635
766 814
163 862
318 98
355 642
113 34
165 224
159 213
623 865
284 923
967 817
306 698
426 251
947 263
864 610
501 332
17 510
286 520
498 549
976 651
35 756
865 21
162 511
577 963
307 823
549 245
358 967
189 875
540 669
360 687
565 201
840 758
453 809
258 851
239 122
585 728
377 600
951 844
246 746
335 179
370 659
813 382
344 392
37 873
226 752
544 152
835 4
912 607
362 333
690 944
690 239
827 176
876 25
106 373
35 928
308 4
978 499
394 912
897 96
685 283
387 424
27 715
374 225
503 225
819 481
16 582
165 170
505 514
440 856
110 288
552 760
634 852
254 841
22 321
684 334
894 919
86 130
414 67
120 259
863 922
162 174
913 141
812 669
549 192
207 660
89 59
285 300
961 527
501 292
640 120
235 895
680 496
484 456
360 794
422 279
328 816
281 676
219 860
850 542
515 494
144 770
841 143
256 809
829 605
816 290
263 396
512 112
270 881
987 409
432 669
577 155
291 984
478 846
619 957
99 649
844 682
499 688
861 86
838 277
319 860
448 887
682 480
717 703
59 277
416 58
145 302
177 459
724 54
37 698
676 898
186 6
984 551
395 258
71 968
604 576
170 715
174 31
860 496
592 738
519 735
969 645
591 392
270 661
134 342
146 36
788 487
18 934
618 656
73 875
434 485
452 210
333 842
879 614
309 444
920 159
491 494
30 26
722 205
711 731
43 118
18 89
73 369
436 872
853 795
828 962
424 577
478 339
121 218
632 958
959 730
454 538
124 234
23 427
348 345
103 653
791 682
689 148
46 650
959 903
576 562
389 506
338 400
857 271
722 135
244 629
848 917
206 827
341 288
843 213
23 377
308 157
748 97
50 647
404 317
859 362
120 634
206 194
694 712
148 974
262 650
967 138
616 273
711 308
183 557
358 950
183 571
61 893
858 979
56 76
512 951
668 422
907 280
121 687
322 623
796 233
129 998
482 730
25 127
348 899
28 122
817 192
869 10
519 63
772 949
561 918
270 256
284 70
481 523
583 511
726 307
481 147
17 305
745 841
209 875
201 227
988 52
821 190
989 166
248 264
658 614
511 606
436 573
53 42
932 995
268 30
854 435
873 688
209 218
289 160
524 829
636 160
914 679
207 149
36 411
889 178
391 737
426 977
125 360
280 966
573 183
986 314
501 183
748 888
368 397
26 752
683 658
465 422
494 651
83 873
519 201
334 360
748 632
782 634
354 925
457 811
597 415
20 559
676 165
954 127
149 140
327 171
96 104
263 133
262 537
830 988
15 469
687 663
985 876
228 687
602 267
362 218
943 452
370 430
663 179
346 775
930 102
377 303
500 290
108 36
207 898
141 17
997 747
385 384
440 271
566 117
150 612
40 702
724 904
600 266
767 566
202 719
493 267
91 317
891 43
375 974
598 432
88 545
385 792
997 613
263 976
467 97
621 716
681 741
970 376
652 83
536 342
63 383
639 57
988 833
295 820
91 576
871 806
118 341
634 72
408 766
965 231
269 23
97 48
56 945
430 577
192 904
104 917
401 656
214 48
357 386
80 126
503 177
783 825
232 116
232 999
893 718
84 908
604 667
942 454
629 342
881 956
477 702
745 380
396 159
543 160
947 549
398 228
64 595
959 72
915 212
38 980
130 516
519 425
649 237
533 190
362 271
107 197
788 888
550 870
508 603
217 515
546 515
445 63
156 537
944 965
139 503
211 418
236 938
902 634
749 273
120 332
352 346
456 981
845 18
760 865
274 237
323 527
182 188
854 239
667 251
565 658
157 509
521 408
796 317
804 650
884 126
991 371
311 444
399 919
608 237
275 782
947 347
185 221
84 438
698 279
601 289
505 490
466 418
336 341
608 339
597 170
448 35
339 923
85 4
301 28
153 935
523 247
734 474
770 742
699 543
807 74
427 316
17 854
213 80
633 236
830 359
99 104
334 480
567 575
654 288
241 653
666 606
219 210
237 105
522 979
589 941
934 529
407 779
305 459
956 994
162 647
870 336
989 348
683 51
64 524
145 178
68 970
422 871
560 859
786 137
54 911
645 681
715 576
175 591
145 882
90 665
686 329
957 899
475 945
625 2
406 459
816 471
631 878
573 591
677 411
579 14
889 116
189 265
0 976
681 894
341 902
147 120
600 757
756 864
762 797
687 35
351 521
184 156
288 966
351 345
709 414
354 191
18 56
218 726
714 123
228 968
747 512
95 718
299 101
273 469
246 939
112 470
80 516
987 383
498 704
313 931
548 49
237 709
866 934
588 406
254 84
681 700
829 877
534 861
758 353
219 222
95 546
684 457
613 101
290 373
222 820
840 131
266 652
933 139
956 729
31 265
446 919
476 936
311 758
937 321
75 858
860 544
177 956
549 402
43 297
946 597
604 393
613 90
396 105
34 309
405 370
267 835
577 837
901 271
313 749
44 271
571 281
122 771
361 858
203 980
396 240
424 677
364 223
142 753
647 62
996 218
885 801
616 466
606 443
688 146
11 429
567 869
979 295
900 759
652 971
401 797
831 535
73 650
640 608
155 975
378 69
463 673
182 949
457 936
273 178
34 402
375 372
998 201
117 467
995 920
822 134
164 846
874 709
466 90
212 730
596 652
99 804
37 584
695 512
233 169
595 2
298 774
431 305
228 232
612 389
786 535
600 582
329 536
837 696
26 936
683 223
429 231
158 627
106 174
721 908
95 408
538 574
255 235
969 252
585 993
118 182
751 78
753 640
728 22
965 15
406 498
302 464
141 418
578 420
546 646
13 203
512 824
109 724
317 866
639 376
510 460
391 410
3 802
953 963
997 275
418 269
718 588
668 127
516 307
76 207
424 437
737 8
635 124
416 738
512 382
94 91
922 176
148 73
551 726
867 413
139 820
78 439
327 926
682 36
66 880
603 407
798 58
981 67
381 659
709 461
21 64
624 39
64 634
668 676
133 509
290 817
201 724
71 839
926 777
711 180
124 193
152 629
232 214
779 913
608 137
525 335
707 774
532 371
759 106
287 378
866 396
473 975
836 105
372 617
971 147
269 122
435 921
147 980
642 852
361 794
457 206
869 967
280 240
742 464
888 307
492 378
259 1
898 824
258 394
429 665
438 23
993 284
483 952
535 764
571 601
708 74
37 925
277 966
238 564
43 84
716 831
35 850
479 109
282 424
141 445
163 780
109 503
121 531
743 510
444 323
450 304
979 804
524 562
553 221
477 645
609 497
626 784
499 1
536 934
317 863
65 549
773 229
175 85
98 680
361 321
236 463
334 118
946 536
437 731
316 140
986 886
391 93
541 817
676 991
731 709
673 409
747 570
735 287
759 654
991 572
663 510
321 265
812 949
227 952
115 249
884 41
278 762
765 224
741 987
132 644
888 743
326 483
300 185
921 702
79 476
883 596
414 619
50 127
844 23
691 934
989 480
211 793
33 194
451 202
618 332
586 662
740 522
551 418
315 914
573 418
439 201
167 8
643 304
993 288
877 939
38 907
411 966
886 755
310 812
154 739
690 390
784 450
739 924
654 197
548 98
637 814
897 82
26 308
45 757
935 540
769 534
986 397
383 38
166 83
591 293
213 834
205 329
238 667
178 383
675 514
272 710
646 876
778 66
437 848
871 860
869 920
165 489
320 640
340 737
641 674
939 897
330 821
238 931
792 296
453 727
611 18
724 878
883 636
249 748
309 46
97 524
887 175
881 285
941 917
671 92
647 737
716 626
418 160
862 247
457 226
559 320
947 773
732 715
630 144
623 446
222 414
553 500
470 178
290 261
509 264
521 854
224 863
0 704
164 960
560 962
499 257
857 816
424 133
403 721
414 931
698 470
838 45
701 872
257 282
232 325
793 430
401 669
739 912
91 187
321 342
582 282
198 302
665 311
829 854
547 484
811 609
422 54
295 997
646 743
868 564
859 901
991 762
798 32
424 60
371 863
918 227
685 494
411 7
39 280
43 783
70 470
44 788
699 826
562 650
701 11
979 408
602 377
212 87
464 671
788 570
93 286
775 639
85 186
340 840
565 112
204 114
748 545
568 243
387 581
881 781
957 565
40 850
38 537
56 139
768 950
494 825
394 458
687 835
399 430
635 419
126 232
872 205
407 817
932 815
605 685
57 464
482 211
585 893
65 644
661 984
389 990
424 984
163 159
325 401
857 303
59 113
1 770
911 856
85 396
480 614
457 509
372 708
215 976
330 426
753 85
65 427
853 792
393 241
782 212
265 342
773 959
829 122
211 463
883 642
538 734
613 773
399 240
300 741
283 77
156 334
593 377
809 721
989 684
665 924
260 494
366 5
828 196
265 763
301 345
130 456
241 579
11 177
422 709
232 748
477 347
29 221
456 205
249 107
75 139
304 192
131 71
637 712
425 840
946 733
925 14
217 939
681 818
951 669
129 830
848 847
23 969
716 450
611 793
461 71
687 342
833 146
366 212
37 535
490 407
277 139
660 284
946 48
962 986
84 554
199 337
442 278
687 238
300 151
674 513
637 596
328 365
449 756
784 33
483 862
39 352
378 405
554 166
812 333
286 136
373 459
550 294
541 840
357 625
92 234
30 878
391 353
451 318
478 987
534 689
719 388
281 274
690 369
64 956
319 183
99 521
465 740
793 831
463 660
347 116
517 519
865 279
326 481
665 281
616 748
412 445
870 395
175 468
372 446
437 186
33 265
527 611
785 398
919 514
181 724
174 565
248 421
790 684
847 70
484 968
252 894
154 672
536 168
718 385
862 759
512 736
645 224
715 255
166 787
993 680
332 941
857 217
445 378
914 42
970 318
329 614
290 837
301 447
270 772
111 627
40 274
937 246
186 488
855 817
375 435
372 198
778 981
888 911
517 488
692 138
991 273
25 579
333 80
769 285
28 820
628 196
242 826
816 611
578 782
749 608
143 358
89 110
582 331
908 486
665 800
180 957
244 536
460 721
64 651
493 749
484 579
873 17
288 109
115 807
391 597
362 290
242 156
76 983
230 943
179 825
817 368
655 154
672 471
87 620
990 744
49 684
953 207
39 18
531 997
996 683
45 225
965 920
106 27
34 798
323 8
970 162
900 351
132 716
81 556
314 252
169 36
174 501
514 188
357 685
917 499
901 767
948 549
341 310
743 301
774 370
533 178
567 173
282 372
563 751
959 766
361 263
288 329
488 841
583 976
34 871
843 436
187 132
533 438
273 312
763 408
239 9
601 721
93 463
547 355
275 254
381 905
798 29
652 535
208 93
676 878
670 886
60 660
296 650
709 181
309 196
232 463
775 339
98 476
439 264
611 447
845 54
479 147
309 959
240 958
823 877
272 538
122 271
63 421
710 67
85 391
908 953
989 304
795 867
598 888
829 637
834 898
500 257
886 870
332 896
693 407
640 313
832 705
926 221
782 901
859 941
33 474
247 872
656 569
397 317
885 251
605 13
538 85
355 846
611 331
886 473
110 839
582 595
180 410
70 356
585 218
294 25
683 262
926 961
536 891
524 989
638 129
384 719
587 362
873 837
789 63
847 720
716 10
495 653
357 48
914 939
176 592
995 821
893 512
841 195
661 10
208 596
278 237
473 583
669 744
199 279
698 275
452 989
418 132
16 131
296 689
784 631
971 962
695 979
407 34
184 131
813 47
612 463
970 24
400 164
740 621
583 333
304 750
857 306
135 551
126 556
817 529
863 271
405 584
735 183
479 359
746 965
758 537
269 597
612 265
132 477
61 52
552 300
355 132
580 249
853 649
451 588
66 995
330 922
708 822
987 216
963 468
783 338
180 730
423 487
905 277
87 775
932 116
269 820
411 262
101 585
876 49
337 231
974 901
447 717
53 778
384 57
765 966
566 173
332 536
233 630
382 625
100 831
555 585
947 603
928 369
505 95
907 189
1 65
432 276
573 335
121 878
817 71
152 476
309 818
299 790
772 930
224 947
653 196
129 115
817 108
776 164
259 874
661 642
590 585
43 398
897 44
582 181
163 918
831 61
918 617
215 129
557 732
994 87
738 645
31 543
517 324
905 65
855 8
681 548
395 574
167 124
866 601
504 887
651 917
446 986
197 508
178 927
461 409
494 827
809 386
228 681
953 656
137 840
407 965
147 501
182 653
20 17
430 238
730 881
777 609
300 896
5 445
975 245
134 971
939 157
947 958
548 57
611 361
562 771
119 221
296 430
731 587
642 14
264 674
150 590
230 663
599 317
354 645
76 74
649 137
87 750
420 2
676 816
947 393
242 976
466 64
597 276
500 19
862 340
110 983
101 324
12 513
969 715
937 225
301 988
676 3
467 105
370 675
56 271
92 208
817 939
897 817
238 273
531 992
54 384
824 865
487 995
335 828
913 708
388 224
582 567
752 553
63 683
18 916
695 720
995 132
912 147
154 177
635 916
96 284
967 146
922 106
699 825
410 342
642 778
107 627
507 727
985 185
453 575
968 204
153 430
822 387
315 750
32 304
62 773
757 342
599 578
531 810
523 495
392 915
88 91
930 234
235 249
459 98
45 495
412 435
535 369
851 861
813 67
336 705
580 978
443 780
124 346
225 484
356 875
724 448
776 848
128 887
746 931
66 751
597 556
192 675
681 956
845 399
995 640
245 405
100 955
908 191
201 773
745 146
402 450
124 608
739 688
995 293
585 467
972 534
776 972
932 577
270 520
289 986
865 529
971 878
338 684
65 903
800 818
14 318
668 842
726 330
105 103
312 780
473 340
113 898
360 543
338 94
667 935
78 730
594 588
516 228
321 174
790 984
941 696
131 182
593 773
130 767
665 68
197 87
981 278
883 114
191 326
61 484
587 923
860 645
680 904
439 588
848 993
722 203
51 344
681 376
313 707
546 171
730 836
627 110
769 120
792 702
120 396
909 469
24 530
264 712
606 503
767 710
467 641
777 43
560 490
134 166
74 479
128 823
428 645
842 932
575 890
9 291
498 294
248 106
688 495
749 206
704 137
704 789
513 606
780 148
6 835
35 246
665 508
859 441
100 311
870 836
977 730
449 220
573 285
936 926
651 742
405 351
320 949
817 264
395 340
950 711
787 553
8 293
113 430
452 600
188 363
367 203
353 518
600 909
422 305
811 118
750 823
680 214
591 214
129 267
103 643
11 835
884 514
280 882
500 533
365 622
382 82
910 534
348 687
954 767
765 199
722 153
325 549
906 718
987 213
670 806
297 14
524 75
953 999
734 428
117 521
66 628
442 550
531 590
702 80
146 947
632 106
522 994
645 888
680 688
238 59
518 820
74 135
965 911
482 339
303 947
257 1
456 312
689 31
525 896
339 194
305 820
390 237
509 451
695 344
498 504
512 454
471 880
128 720
650 992
94 513
830 831
522 981
387 806
446 851
498 46
493 973
624 681
302 904
54 762
821 400
768 258
942 681
587 896
222 317
837 94
627 814
620 11
863 547
243 186
616 749
251 615
446 34
23 831
299 122
538 157
870 333
930 434
249 295
826 581
841 995
729 494
114 893
504 789
39 648
537 690
530 29
68 839
838 5
93 687
422 447
967 194
740 161
357 623
447 95
460 88
131 661
430 264
119 200
113 104
920 710
834 320
247 583
97 899
605 864
825 606
57 336
256 728
414 292
732 649
869 254
800 12
944 435
863 351
520 392
39 509
588 114
371 175
772 539
38 882
124 159
895 649
6 869
614 445
253 618
534 938
775 545
586 67
479 951
639 385
898 309
966 602
101 506
730 704
648 472
611 741
815 215
576 798
827 388
655 705
540 122
484 113
250 874
665 123
767 351
6 890
851 83
368 423
575 352
619 578
602 545
45 275
132 480
607 217
655 191
991 473
663 757
987 874
609 242
885 556
670 668
492 265
465 114
65 648
469 452
768 783
697 394
63 265
779 89
736 446
891 664
679 634
911 548
253 384
499 78
717 520
960 851
259 938
678 129
2 779
465 417
671 534
530 274
705 432
725 917
758 655
641 304
652 551
928 156
511 468
221 181
798 116
416 189
83 893
702 902
708 54
609 121
490 506
339 307
920 919
523 67
882 465
819 311
461 529
736 888
600 26
119 843
3 607
689 6
393 739
348 609
513 349
902 258
790 201
701 891
871 150
92 584
136 282
552 478
270 365
439 590
973 852
313 854
193 530
548 343
848 1
323 738
941 729
834 791
169 647
975 6
760 266
459 65
162 332
944 78
244 807
749 4
53 817
162 569
811 487
595 216
587 749
373 384
69 923
205 896
869 712
64 540
71 49
468 626
475 823
374 360
694 483
881 445
324 417
62 650
720 488
763 916
383 559
723 458
729 209
6 276
854 309
709 940
438 714
173 144
950 227
635 778
898 836
686 284
502 402
715 30
463 125
570 287
841 626
108 942
31 921
217 223
697 890
396 472
515 522
548 149
831 41
413 654
328 20
602 8
780 646
971 130
774 38
147 319
274 608
954 947
296 769
792 864
777 341
133 24
410 521
37 469
938 682
375 662
648 452
215 588
182 915
220 381
528 861
463 194
570 740
672 366
588 913
700 945
612 968
38 45
202 652
928 69
203 588
899 786
646 861
820 352
868 912
15 6
621 495
652 86
316 86
584 846
479 436
769 28
414 964
136 818
212 531
145 517
705 547
597 835
205 369
434 85
311 746
618 98
317 510
944 838
667 663
985 169
982 213
816 358
284 862
683 73
700 800
712 952
100 188
201 593
418 282
720 492
533 435
256 159
457 180
668 754
949 56
688 3
709 609
156 53
586 699
978 302
835 612
136 374
681 875
975 537
392 601
954 788
814 796
536 513
173 538
731 36
334 379
177 287
542 372
532 133
777 13
401 340
837 817
444 602
446 50
658 75
251 149
703 851
857 50
901 819
512 145
563 441
442 655
488 824
219 14
145 645
362 162
793 735
596 221
334 486
212 740
979 613
247 184
705 1
977 865
884 869
527 85
182 281
753 240
536 509
571 790
185 937
379 985
310 701
675 472
893 355
558 173
847 614
234 566
324 214
716 576
318 356
487 875
943 884
58 973
92 950
885 771
28 6
564 718
934 409
928 131
43 176
101 163
134 446
878 383
267 893
751 127
591 66
242 510
322 765
288 562
92 265
584 78
822 16
582 750
652 339
360 745
405 121
103 254
316 902
797 135
570 634
756 566
282 793
596 191
64 52
637 847
811 213
522 278
273 655
703 440
883 711
868 794
869 453
729 930
295 54
755 406
982 447
268 75
914 327
88 459
601 491
313 540
476 575
127 637
372 587
107 133
55 805
812 687
987 997
220 732
488 692
380 390
982 206
731 839
210 240
344 661
996 594
707 775
457 538
59 913
141 757
645 177
75 776
385 974
467 836
217 729
374 232
536 574
388 59
76 373
786 706
452 278
193 203
4 642
104 500
514 726
729 792
229 678
744 142
948 255
172 394
953 2
113 444
539 501
925 629
266 851
84 181
605 670
35 247
632 716
968 974
588 255
17 815
743 915
819 951
930 127
769 681
879 241
619 164
481 550
134 374
380 483
813 963
37 288
942 632
279 861
326 281
881 805
911 506
589 59
135 66
152 620
507 768
697 918
752 375
492 638
26 937
652 913
845 863
17 768
966 671
632 340
26 254
281 449
869 633
990 355
685 985
763 195
824 901
769 790
330 993
805 417
971 861
629 430
76 66
207 595
43 478
866 316
221 921
632 286
684 957
893 682
210 912
527 326
225 547
187 998
291 854
318 645
808 58
5 427
543 272
537 667
105 372
523 529
41 937
917 629
575 369
813 579
380 846
292 898
117 537
207 803
180 983
279 114
168 604
69 416
265 503
104 178
417 773
442 248
890 66
880 756
237 160
639 266
712 636
584 932
568 437
197 52
915 477
136 281
146 13
101 425
9 210
994 228
306 841
224 590
688 831
285 739
429 607
162 295
208 540
735 61
888 713
191 54
445 801
504 50
307 752
765 40
570 574
140 174
623 251
882 606
608 799
508 985
182 779
567 270
849 235
361 427
934 896
643 133
117 763
848 393
617 492
324 551
483 492
142 646
835 245
142 739
29 129
489 404
837 303
891 543
278 621
601 431
783 251
307 688
481 98
367 617
627 685
468 387
465 592
812 972
401 107
907 59
161 980
943 896
183 563
501 942
353 962
558 791
179 314
621 365
625 907
450 147
272 849
766 208
387 175
888 288
743 525
276 556
270 753
596 648
946 472
160 314
211 24
793 616
891 525
23 265
344 561
239 878
798 152
819 318
454 71
714 765
695 676
143 13
495 712
938 511
433 18
831 757
373 386
81 415
69 158
745 241
518 452
443 344
840 327
917 982
659 765
166 417
755 217
557 999
409 292
898 79
747 24
648 278
10 339
522 864
817 874
12 859
658 74
372 859
492 464
503 823
720 882
249 715
761 49
184 775
326 531
26 594
424 109
820 248
230 33
727 903
402 129
540 263
114 971
230 742
12 533
433 395
690 847
664 463
296 798
238 803
763 966
138 502
870 751
20 304
152 457
92 769
571 48
677 625
608 388
254 882
406 238
419 688
890 595
769 843
502 607
411 30
448 952
840 751
974 85
369 516
383 362
117 719
175 804
60 181
84 638
98 160
158 984
931 437
139 711
419 125
789 241
292 628
896 304
156 596
472 538
216 378
877 112
660 69
278 736
853 335
925 458
803 209
527 174
643 595
133 950
75 252
563 271
479 739
691 349
189 734
739 409
402 54
938 777
918 138
391 605
545 4
221 71
318 512
479 19
431 456
537 409
35 336
122 439
245 160
219 465
220 354
189 852
497 327
110 195
245 448
222 292
788 146
669 75
975 701
119 170
603 975
534 225
40 954
419 966
696 908
453 195
754 375
569 947
95 744
779 117
903 569
903 165
161 611
967 793
258 248
598 169
521 130
644 49
750 888
163 396
348 100
527 75
147 785
643 118
368 585
333 336
995 306
142 490
913 222
798 598
477 641
670 208
349 996
729 641
716 474
288 722
912 553
482 205
212 276
676 332
296 710
86 558
739 325
895 606
658 819
896 754
98 202
184 881
360 452
863 23
384 24
867 199
508 445
652 905
501 394
674 242
511 368
869 897
897 766
819 943
812 281
976 417
45 382
807 770
84 464
413 978
267 443
527 635
849 670
536 11
752 329
850 460
145 755
167 245
123 156
673 14
880 419
24 92
687 634
204 442
885 790
885 85
89 307
844 954
31 605
983 586
684 155
701 920
102 92
145 84
265 387
414 454
138 569
2 253
592 504
122 160
152 392
160 193
181 64
244 809
79 840
961 739
214 641
770 871
195 478
260 671
544 870
596 985
955 409
375 546
684 269
757 598
970 94
524 554
569 18
565 456
917 832
786 178
821 950
527 279
780 308
251 202
753 529
268 472
230 76
421 741
401 847
881 491
310 157
790 736
692 106
593 684
924 837
582 103
187 606
792 279
443 146
171 41
610 517
848 156
394 68
744 335
908 576
55 30
907 686
622 179
443 909
234 8
888 831
670 771
324 85
377 533
781 754
189 662
484 325
102 346
227 300
825 89
312 485
110 739
93 526
958 0
220 232
519 675
702 308
471 30
982 921
220 896
439 595
327 254
989 255
944 307
819 845
521 297
438 131
750 34
413 966
941 649
743 182
481 697
905 106
302 793
233 111
779 199
937 171
565 685
871 776
993 627
904 252
680 854
653 299
28 424
298 815
460 499
126 350
706 880
353 558
16 718
77 169
255 29
79 859
747 8
95 262
664 813
146 361
844 312
88 758
452 686
599 233
406 899
37 197
518 922
175 548
583 180
623 303
759 364
873 903
984 592
13 28
924 795
189 874
97 763
495 416
464 839
333 421
778 813
696 104
520 261
550 546
31 837
483 203
314 700
717 907
926 598
27 418
203 297
423 577
685 417
836 589
942 329
764 254
56 423
686 656
157 936
531 446
501 636
676 238
840 326
770 85
361 883
436 290
863 771
215 765
337 467
745 894
403 724
132 878
182 366
839 402
406 477
508 125
420 72
214 310
684 413
954 3
987 742
405 112
876 57
21 344
0 154
415 633
480 637
310 842
809 262
574 673
777 126
860 648
974 920
694 691
683 376
181 791
796 183
144 315
710 533
36 568
744 533
829 591
457 828
461 60
398 353
801 367
500 977
516 351
691 840
254 780
565 54
512 654
162 196
66 673
886 762
834 211
243 820
665 67
346 173
345 956
24 442
642 976
541 882
78 946
629 643
56 283
828 543
648 875
420 56
264 27
566 678
194 907
606 133
514 99
482 490
612 823
730 244
656 242
880 12
994 822
403 905
815 389
996 632
941 60
498 72
232 679
635 379
237 682
690 244
720 150
132 74
105 525
300 635
673 808
763 886
30 404
391 289
775 225
967 156
934 828
574 934
162 606
886 182
641 152
4 161
321 242
74 530
558 969
620 229
897 422
269 48
351 825
710 746
990 695
697 8
478 978
950 512
559 805
819 817
826 186
399 26
871 983
148 847
695 365
226 387
750 641
499 565
509 303
347 914
524 341
50 248
183 608
332 277
21 831
812 973
331 636
190 872
600 867
294 632
618 997
552 230
359 297
492 274
543 213
616 625
353 911
453 581
300 830
825 978
628 621
398 325
466 924
832 870
524 771
717 683
805 154
366 3
588 128
359 451
848 669
798 459
33 378
164 156
573 4
238 277
65 202
492 146
466 93
945 906
240 490
309 229
62 749
36 270
157 961
776 90
676 327
287 175
30 476
50 82
734 665
352 846
963 74
837 784
822 511
458 867
4 765
807 829
493 113
949 586
565 541
749 669
898 33
162 797
44 47
966 841
273 212
949 797
357 155
420 623
785 57
322 327
987 12
286 999
419 62
772 722
879 371
678 982
875 802
622 166
306 925
216 816
576 337
700 718
59 25
978 924
408 645
920 138
0 840
290 763
116 775
704 489
114 477
111 154
412 573
792 956
116 298
788 141
867 695
96 327
974 138
163 98
159 566
249 90
397 77
52 104
717 139
746 313
271 141
444 645
914 896
752 117
358 234
994 652
878 257
209 998
524 265
309 474
451 499
665 993
782 741
175 697
366 740
388 360
305 403
575 776
182 457
630 562
811 943
181 787
532 542
852 735
263 749
974 662
842 194
566 743
639 194
666 83
49 986
135 738
233 728
405 706
28 323
649 223
572 987
220 687
175 730
321 450
1 134
760 706
138 25
652 775
764 48
249 386
49 641
510 719
580 912
763 564
331 26
996 877
772 723
126 86
144 29
931 239
369 142
834 334
588 835
94 783
785 343
380 9
148 877
297 210
771 57
444 863
311 648
697 174
506 503
242 897
896 147
797 490
274 942
405 100
542 137
839 129
523 266
955 698
216 916
242 354
230 643
280 520
572 389
386 550
346 936
133 854
199 689
861 784
191 814
848 904
524 934
773 708
99 418
186 231
261 128
275 740
449 304
401 666
33 677
167 463
267 823
681 163
775 338
149 899
806 981
414 547
16 442
901 337
398 15
222 226
458 635
495 972
626 586
722 434
381 462
632 786
464 594
913 311
99 373
281 833
231 67
809 846
130 308
824 551
36 804
754 122
729 54
883 591
833 101
700 630
771 366
287 748
396 792
330 719
377 251
918 537
389 579
126 345
970 106
176 363
264 110
43 303
180 245
385 919
174 999
389 191
686 418
994 451
749 25
919 862
148 663
242 283
372 0
698 735
191 19
976 836
787 439
570 875
657 392
81 830
214 60
408 838
492 311
971 442
605 696
432 840
264 62
438 571
267 450
599 644
492 707
938 499
990 948
331 947
15 959
18 388
739 324
431 232
575 314
380 20
621 798
963 527
695 696
406 698
2 519
969 679
420 211
451 414
294 995
102 824
410 343
143 33
813 789
14 688
916 740
86 685
504 22
907 737
248 346
920 592
600 598
20 430
156 961
439 305
363 288
808 743
872 892
156 969
708 685
108 7
425 834
811 393
966 591
450 310
425 24
884 739
46 116
273 20
723 248
398 873
858 719
391 719
934 667
298 437
991 457
783 739
216 705
410 783
732 385
865 367
222 770
483 675
650 852
812 220
555 468
804 350
559 289
273 408
483 128
812 656
823 603
701 92
321 632
311 717
472 18
821 901
832 872
286 239
863 943
336 689
685 833
65 372
770 866
203 31
448 772
735 221
487 698
836 949
350 676
784 412
118 95
995 967
339 475
652 777
417 711
80 701
520 407
410 701
289 428
247 724
40 984
227 913
917 577
166 206
196 39
284 667
575 662
118 842
425 411
262 563
178 414
584 562
189 157
294 759
524 830
899 393
965 196
838 969
203 421
960 829
337 615
763 689
838 808
140 602
105 19
236 987
997 664
947 190
197 227
785 20
371 470
447 741
240 486
530 183
485 547
138 568
88 344
327 825
664 229
925 622
434 233
247 366
259 319
683 778
129 382
884 561
416 44
889 62
920 881
785 184
404 493
346 903
561 39
593 727
493 663
864 999
362 464
671 725
395 341
540 666
822 438
422 444
588 464
241 650
337 211
387 785
760 672
880 395
378 826
889 48
266 122
960 682
715 773
198 57
823 865
808 908
136 111
411 851
585 859
335 546
275 20
866 863
324 667
796 399
489 748
792 928
91 392
464 183
496 649
600 142
881 648
20 10
806 815
851 208
142 246
699 532
275 298
93 366
187 922
872 963
79 426
92 201
256 826
644 257
337 146
251 651
135 731
20 296
860 587
196 412
331 296
382 606
525 483
522 282
605 87
49 579
317 434
70 163
853 581
635 212
90 531
200 489
895 576
804 399
926 385
881 180
206 433
122 817
774 392
102 376
118 645
562 962
8 177
864 876
207 475
263 163
218 709
326 46
250 585
824 260
195 510
483 499
25 682
24 912
181 947
841 958
945 631
722 70
418 966
389 485
142 170
217 981
204 742
546 229
120 572
818 301
250 756
82 202
59 168
427 304
749 565
692 814
760 93
845 591
878 694
502 739
258 999
389 797
400 939
216 446
903 741
123 283
762 712
82 652
795 42
887 113
889 349
751 199
79 723
681 115
408 542
13 354
188 74
103 636
441 899
906 578
888 764
184 986
142 563
663 544
65 934
61 901
673 705
517 558
829 901
321 893
440 748
296 862
828 634
270 860
557 342
530 784
854 853
433 374
25 986
481 379
764 733
255 148
550 583
886 897
281 378
727 267
301 422
899 168
784 753
104 995
312 514
721 96
93 609
356 735
219 692
485 563
41 661
642 864
100 918
572 502
152 973
339 136
620 889
686 558
661 778
175 770
861 392
255 974
936 546
11 137
960 146
376 791
943 292
431 7
379 513
882 631
444 436
133 878
945 106
623 937
289 541
746 247
805 77
690 648
297 268
188 967
746 828
829 214
963 743
308 713
141 158
887 709
824 91
532 593
153 34
566 143
667 594
895 615
494 811
879 204
520 17
970 531
27 260
541 501
102 168
638 830
716 106
914 203
242 46
550 86
720 687
950 769
139 890
276 396
430 222
714 305
872 223
277 363
474 871
794 143
284 442
493 278
804 507
124 526
393 649
940 170
550 832
192 642
181 823
136 777
944 296
232 280
284 170
640 139
116 42
599 214
292 689
267 845
843 872
326 277
875 353
266 42
235 188
820 356
326 370
965 385
64 176
378 51
179 793
51 365
120 382
428 675
93 372
830 142
319 302
653 405
568 929
515 66
778 123
287 132
296 653
621 728
51 18
703 457
146 696
454 51
3 815
187 881
912 723
476 506
541 51
538 645
532 114
308 323
737 503
684 518
930 719
753 186
704 431
930 373
21 156
852 100
940 485
486 326
290 462
177 554
771 971
349 454
590 14
729 304
751 628
562 914
409 190
226 397
332 783
706 317
659 611
768 746
19 810
72 45
814 762
302 565
237 692
494 249
747 375
159 936
330 86
650 61
841 464
6 311
506 617
135 724
905 893
714 284
706 923
675 641
243 395
41 563
934 288
530 618
726 524
459 848
112 90
197 10
104 463
133 884
234 519
531 961
599 923
319 849
875 58
67 437
698 922
204 595
956 237
670 213
936 345
456 304
194 684
739 338
366 969
3 829
246 815
691 126
810 226
79 869
260 183
561 329
126 140
292 152
426 418
251 508
788 19
746 428
705 742
394 45
773 564
612 982
436 627
135 208
835 613
384 843
933 797
36 925
351 336
21 449
719 385
737 766
462 786
334 502
182 3
715 253
743 545
940 847
358 407
900 224
947 941
312 702
420 94
734 700
944 413
810 922
546 739
814 9
758 323
545 993
129 469
815 731
866 672
583 295
359 464
506 349
670 925
3 770
490 126
262 939
221 678
916 368
874 70
215 378
379 673
154 975
676 658
929 812
252 2
156 16
744 897
987 58
943 66
409 199
976 457
312 313
573 604
704 788
585 235
573 67
727 228
337 814
27 21
583 346
950 947
866 239
483 688
872 918
557 580
293 329
794 955
378 298
115 785
615 182
145 557
651 883
548 930
191 916
473 78
921 710
846 535
43 65
736 327
755 6
275 982
684 781
341 262
553 809
745 705
23 882
871 280
322 835
265 757
449 159
166 823
776 293
31 72
996 714
262 562
435 881
500 212
604 603
262 387
482 387
835 590
811 651
171 405
815 330
234 344
430 437
50 821
741 34
223 946
903 506
912 913
622 440
125 892
747 289
821 859
398 305
218 893
31 936
202 217
522 90
282 400
823 528
611 968
330 553
641 660
465 506
88 608
54 754
292 826
66 52
436 162
811 205
850 601
769 356
29 275
911 630
927 734
786 294
305 329
117 411
753 535
844 41
842 880
640 802
923 344
88 378
931 546
387 443
381 103
897 932
913 716
669 429
106 192
959 887
958 7
541 230
858 409
578 975
201 157
200 898
917 974
631 848
416 157
51 682
755 964
505 366
440 916
249 523
599 588
624 541
691 238
110 600
415 433
645 359
158 980
656 432
158 656
867 254
559 254
442 963
393 845
163 996
136 490
285 870
603 621
545 622
769 23
327 606
345 355
136 19
634 213
650 692
459 461
2 865
862 551
496 492
266 775
60 531
12 420
352 27
72 613
773 177
504 777
915 208
10 39
778 472
648 440
41 251
473 164
414 35
504 590
587 109
682 288
627 131
260 863
77 662
102 510
211 266
0 577
813 856
375 766
11 895
880 314
376 207
601 37
465 574
672 360
817 631
885 384
396 508
900 112
884 58
629 11
49 472
638 360
890 774
878 86
358 113
574 943
196 670
605 322
168 807
398 661
715 285
708 703
952 843
324 512
4 463
477 183
357 353
800 247
454 719
947 113
108 71
961 956
892 992
21 29
564 999
682 805
577 588
358 268
65 112
766 902
256 114
412 266
981 436
339 945
924 731
148 876
591 246
791 360
27 979
478 437
623 785
896 593
826 469
538 285
209 76
23 359
648 593
790 800
805 494
839 332
197 474
143 442
853 518
49 207
405 813
699 229
145 905
177 376
373 140
131 618
720 196
744 698
608 538
382 596
990 991
895 950
876 884
234 165
803 274
999 289
457 398
900 869
523 826
661 891
290 452
846 601
864 825
55 832
219 16
446 73
660 332
504 578
915 346
207 148
74 861
494 931
698 448
855 965
12 867
653 873
503 458
972 590
974 383
120 727
715 157
433 143
846 668
579 697
723 754
303 888
369 868
108 658
445 865
3 524
851 566
136 441
999 201
348 160
417 826
867 554
568 879
589 831
970 179
929 2
227 451
651 117
662 19
767 920
251 584
934 445
112 680
832 807
872 194
18 97
397 851
883 428
381 920
667 694
593 895
488 635
636 545
709 599
-1 -1 -1 -1 -1 43570 -1 -1 25502 1719 -1 -1 -1 -1 52200 -1 24633 -1 -1 -1 -1 -1 -1 -1 -1 -1 34437 -1 2978 -1 -1 -1 -1 -1 -1 -1 8706 -1 58854 31444 -1 -1 -1 -1 -1 29805 -1 -1 -1 -1 -1 -1 -1 -1 -1 -1 -1 -1 -1 -1 -1 -1 -1 -1 -1 -1 63865 50023 -1 -1 25434 -1 -1 -1 -1 -1 -1 19187 -1 -1 -1 -1 27540 34798 -1 31362 -1 -1 17704 -1 -1 -1 -1 -1 -1 -1 -1 -1 -1 51448 -1 -1 -1 -1 5603 -1 19798 -1 -1 50512 -1 19955 -1 -1 -1 -1 -1 -1 -1 -1 15995 53827 -1 -1 53715 7178 -1 14038 -1 -1 -1 24227 -1 -1 -1 61865 10507 -1 -1 -1 -1 53734 -1 -1 -1 -1 -1 -1 -1 54222 -1 -1 -1 -1 -1 -1 -1 58160 -1 -1 -1 -1 -1 37706 -1 -1 -1 -1 -1 -1 -1 -1 -1 -1 15125 -1 -1 -1 -1 45399 -1 -1 -1 41259 -1 21208 -1 -1 -1 -1 -1 -1 -1 -1 -1 -1 -1 -1 -1 -1 36453 62320 16668 -1 -1 -1 -1 -1 -1 -1 -1 -1 4836 -1 -1 29648 44363 -1 -1 -1 -1 -1 -1 -1 -1 -1 -1 -1 -1 -1 -1 -1 36562 -1 -1 -1 7988 -1 -1 -1 42180 -1 40243 32555 -1 -1 -1 4781 10531 -1 -1 -1 -1 -1 -1 -1 -1 -1 -1 -1 -1 -1 -1 -1 -1 -1 -1 -1 53720 -1 38286 -1 51704 24379 61922 61429 -1 439 -1 -1 57988 -1 -1 62768 -1 -1 -1 -1 -1 -1 -1 -1 48022 -1 -1 -1 -1 -1 -1 55334 -1 -1 -1 -1 -1 -1 -1 -1 -1 -1 -1 -1 38325 -1 -1 -1 42638 -1 18047 35778 -1 -1 -1 -1 11157 -1 -1 -1 -1 -1 -1 -1 -1 -1 32396 -1 7850 -1 -1 -1 -1 -1 -1 65490 -1 14138 -1 -1 19022 -1 46169 -1 46729 -1 -1 -1 20920 18015 -1 -1 -1 56190 -1 -1 -1 -1 -1 58143 -1 -1 -1 -1 -1 -1 -1 -1 -1 -1 -1 53732 27513 -1 -1 4466 -1 -1 61687 -1 38360 -1 47526 -1 -1 52417 -1 -1 -1 37040 -1 -1 -1 -1 -1 -1 -1 -1 -1 47813 -1 -1 -1 -1 -1 -1 22981 -1 58142 -1 -1 -1 -1 -1 -1 -1 -1 -1 -1 -1 54597 42397 -1 -1 -1 -1 -1 -1 -1 -1 -1 -1 54326 -1 41505 -1 3828 -1 -1 -1 -1 -1 -1 -1 -1 -1 -1 -1 10592 -1 -1 -1 39998 38410 6475 -1 -1 -1 -1 55800 -1 -1 -1 -1 -1 45196 -1 -1 -1 -1 -1 -1 81 -1 -1 29880 34294 65067 59448 -1 -1 -1 -1 -1 48189 -1 -1 31328 60672 -1 -1 -1 -1 30131 -1 52306 -1 -1 -1 -1 -1 -1 8394 44764 -1 -1 -1 -1 -1 47734 -1 -1 -1 -1 -1 8729 15301 -1 -1 -1 -1 -1 -1 -1 -1 -1 -1 24557 -1 59305 -1 -1 -1 -1 -1 -1 -1 -1 -1 -1 -1 -1 -1 -1 -1 -1 17587 -1 -1 20931 -1 -1 24283 -1 -1 -1 64313 -1 -1 -1 -1 -1 -1 -1 -1 -1 -1 -1 -1 28759 -1 -1 -1 25765 -1 42342 -1 -1 -1 -1 -1 -1 -1 -1 -1 -1 -1 -1 -1 -1 -1 -1 -1 -1 13055 -1 51514 -1 60803 18998 -1 -1 -1 -1 3046 -1 -1 -1 -1 -1 -1 -1 13622 -1 18303 -1 -1 5482 -1 -1 -1 -1 -1 -1 -1 -1 19635 -1 -1 -1 -1 -1 -1 -1 -1 -1 -1 23757 -1 -1 40061 52824 -1 -1 -1 -1 -1 -1 -1 -1 -1 -1 36131 -1 -1 -1 -1 -1 15055 31112 15599 -1 -1 -1 -1 -1 -1 -1 -1 -1 -1 -1 -1 -1 -1 -1 -1 11247 -1 -1 -1 -1 -1 -1 -1 -1 -1 -1 -1 8252 -1 47538 -1 43708 -1 -1 -1 39532 -1 -1 -1 -1 -1 -1 -1 20904 1982 12634 62994 39621 56669 -1 -1 -1 -1 62772 -1 -1 39421 7768 -1 -1 -1 -1 -1 60760 -1 -1 19362 -1 -1 9309 -1 -1 28602 -1 -1 -1 -1 8046 -1 42166 -1 18005 -1 -1 -1 -1 38623 -1 -1 -1 -1 932 -1 -1 -1 -1 -1 9471 -1 31600 -1 -1 -1 -1 -1 -1 -1 -1 -1 -1 -1 -1 -1 -1 -1 -1 -1 -1 -1 -1 -1 -1 -1 38640 -1 -1 -1 -1 -1 -1 35069 -1 -1 -1 -1 -1 -1 46629 27013 -1 53359 -1 -1 -1 -1 7155 -1 51890 30784 -1 -1 -1 -1 -1 -1 -1 -1 -1 -1 -1 7837 12053 -1 -1 43388 -1 47973 -1 -1 -1 -1 -1 -1 46821 -1 -1 -1 -1 -1 -1 21509 -1 -1 -1 -1 -1 -1 -1 -1 48861 -1 -1 -1 -1 -1 -1 -1 -1 42799 5209 -1 -1 -1 -1 -1 -1 -1 -1 32495 -1 -1 -1 56777 -1 -1 -1 6121 29276 -1 -1 -1 -1 -1 -1 29947 -1 -1 -1 -1 -1 -1 -1 -1 27333 -1 -1 -1 -1 -1 18242 7739 -1 -1 10576 -1 -1 -1 -1 -1 -1 -1 -1 -1 -1 3441 -1 -1 -1 -1 30072 -1 -1 -1 10095 -1 -1 -1 -1 49809 7942 -1 -1 -1 -1 -1 -1 47639 -1 -1 -1 35221 -1 -1 -1 -1 -1 -1 -1 -1 18292 -1 -1 -1 55130 -1 5976 -1 -1 -1 64081 -1 -1 -1 -1 -1 -1 51536 -1 -1 -1 14837 -1 -1 -1 -1 -1 -1 -1 -1 -1 -1 -1 -1 -1 -1 46527 40407 -1 -1 -1
7
0 413 15 23 5
1 889 5 511 7
1 241 7 521 10
0 707 13 184 11
0 831 6 236 15
0 32 0 837 15
1 43 2 961 5
