1000 5000
357 708
499 436
951 958
511 151
644 400
86 774
92 474
979 254
535 80
276 143
538 798
726 588
898 99
465 152
700 267
364 620
574 469
697 734
685 654
213 513
633 542
485 22
292 416
154 189
669 958
708 157
775 290
138 438
981 518
764 112
20 108
849 435
661 976
746 18
321 314
753 366
647 150
899 751
276 717
373 36
70 738
553 12
242 881
632 908
9 550
6 227
737 133
536 212
807 527
815 886
814 457
504 793
193 340
317 970
28 820
430 829
928 247
341 29
650 69
257 555
110 491
214 111
355 974
60 51
791 891
913 403
882 268
72 523
889 211
916 654
37 653
41 802
475 72
692 155
869 939
676 718
464 301
129 300
476 731
106 969
943 322
99 445
823 176
497 186
206 327
3 820
841 821
667 35
127 252
732 64
198 36
579 451
573 161
171 608
65 559
489 940
655 256
639 917
207 896
771 435
454 168
189 340
836 450
682 284
682 458
876 354
216 532
736 513
188 127
967 546
851 912
321 368
56 851
639 607
835 599
82 695
793 76
858 499
182 121
394 400
660 382
473 806
588 823
140 905
116 57
802 50
803 394
695 438
962 505
511 879
887 117
147 92
508 940
262 702
854 166
415 114
973 259
967 386
248 415
332 813
67 893
76 857
226 43
768 978
989 268
654 451
255 39
320 124
375 899
835 575
376 980
490 248
137 209
589 833
965 990
507 527
694 734
454 37
246 93
655 344
920 878
214 0
37 130
308 540
884 370
865 766
967 969
595 638
709 158
868 255
932 895
508 229
20 713
807 849
348 952
294 584
280 702
766 917
800 405
186 47
376 790
430 85
718 376
668 926
572 851
240 562
819 658
241 789
25 298
705 251
772 777
387 576
117 522
163 651
832 343
622 111
895 225
466 897
296 937
810 214
891 301
414 422
544 92
706 644
161 729
595 150
771 297
183 704
869 644
135 279
409 238
229 639
31 465
59 341
959 138
489 32
675 442
67 650
958 33
674 373
941 26
23 617
225 896
993 864
356 314
444 192
372 117
62 970
322 264
629 430
162 421
641 310
999 453
723 952
468 187
294 714
715 51
877 803
800 276
284 550
489 700
797 264
876 871
132 112
795 824
860 9
811 763
394 548
244 16
743 664
575 758
482 824
17 144
930 915
751 925
115 465
318 868
570 143
265 548
837 122
996 267
83 38
431 870
603 581
717 169
930 260
144 82
16 72
183 977
879 154
379 706
938 303
257 922
319 381
423 519
955 137
73 362
85 741
956 148
273 22
345 360
134 473
434 832
739 962
188 14
826 78
766 940
495 292
900 773
497 724
104 587
327 161
221 95
502 639
299 231
2 544
918 964
457 217
459 670
119 110
650 45
484 131
886 947
955 172
506 286
428 512
275 935
995 303
602 301
223 541
933 818
633 936
949 559
370 149
391 83
607 492
828 453
77 76
800 710
661 730
396 903
247 611
631 413
135 955
782 653
329 971
561 539
469 195
511 475
838 580
584 200
888 400
544 531
867 753
804 952
17 183
874 576
193 682
88 838
739 349
466 71
952 588
32 696
973 525
664 454
963 334
290 15
232 748
595 453
946 699
260 575
814 376
639 25
385 667
787 175
878 445
636 391
340 895
264 570
366 393
699 221
379 453
428 985
145 561
58 841
144 693
233 487
693 461
215 473
347 972
120 367
128 541
474 145
670 37
265 93
340 466
890 119
542 528
256 841
936 458
530 239
907 306
682 810
49 287
80 375
589 777
557 599
100 57
988 113
81 32
964 525
182 139
494 772
369 309
822 847
565 889
618 520
69 161
946 223
515 218
178 810
775 277
349 103
823 97
769 445
207 401
235 572
321 930
472 860
336 491
548 48
880 685
395 296
657 478
475 62
100 866
966 716
56 295
254 304
641 83
639 242
448 532
40 879
359 703
531 583
28 832
287 868
7 250
441 409
127 395
531 261
71 176
112 306
663 174
628 280
715 690
811 160
607 868
812 729
973 327
602 251
506 955
187 384
621 670
253 895
763 395
392 96
599 577
312 523
932 868
775 809
393 785
353 926
357 737
978 692
622 926
192 710
148 785
878 560
823 825
368 414
933 995
238 581
941 519
734 179
230 574
509 360
717 657
181 239
523 278
906 51
272 878
308 202
776 994
65 562
778 252
975 255
556 983
119 652
130 779
730 778
64 334
228 235
962 375
729 992
562 162
347 916
677 854
184 439
348 419
300 509
478 715
447 223
79 688
357 238
252 809
112 212
246 364
183 524
746 995
699 284
250 325
986 504
743 706
645 103
428 116
850 474
275 915
704 594
914 483
713 608
130 522
629 27
779 104
85 838
803 130
662 615
701 593
488 708
618 545
592 222
397 386
688 482
365 199
606 738
816 413
831 965
74 554
827 903
293 600
308 581
497 879
573 310
39 382
123 971
173 292
663 137
733 417
766 701
181 996
617 955
729 909
12 985
238 746
809 987
527 880
583 721
474 968
943 655
625 394
826 509
710 64
419 569
55 24
709 780
120 48
118 543
277 70
767 387
891 692
393 28
62 356
782 908
555 215
98 861
816 210
485 130
295 166
532 342
955 824
550 893
2 530
982 5
431 27
665 210
183 786
740 212
332 162
42 349
525 349
733 256
330 15
63 555
906 795
680 826
285 238
255 188
476 569
182 969
465 814
573 625
683 150
111 517
581 768
794 415
17 928
264 206
942 992
125 851
467 140
117 315
323 609
867 459
166 668
286 105
689 480
77 852
890 703
274 684
338 899
319 34
801 116
243 175
795 131
302 274
402 170
772 991
90 502
902 293
814 396
105 997
463 118
109 5
49 642
211 224
411 673
305 56
969 565
756 993
151 671
395 972
409 51
186 9
447 80
946 879
604 931
684 795
538 940
780 113
633 505
393 281
61 642
918 375
946 681
166 336
793 431
462 687
470 575
584 638
221 278
33 670
724 428
142 869
340 555
241 589
187 66
679 514
51 552
142 387
679 216
982 623
679 6
608 718
820 406
738 292
480 408
938 291
574 549
674 316
456 735
548 941
20 92
131 92
805 818
94 308
533 883
697 209
31 561
393 308
297 363
452 760
809 371
362 143
269 214
395 237
618 757
403 759
450 761
373 56
892 860
436 23
777 380
351 413
998 327
992 999
603 87
410 142
804 683
107 888
562 46
341 137
499 851
252 722
59 844
615 295
368 330
810 219
113 251
753 293
960 411
294 199
693 652
682 999
114 744
746 213
779 669
231 238
606 882
638 199
915 351
293 711
691 458
41 535
516 137
298 59
13 601
277 902
482 849
261 10
17 166
80 665
524 546
353 7
996 921
426 880
761 314
390 747
225 615
579 882
430 727
902 71
36 263
395 417
866 29
301 791
23 42
7 615
699 801
135 722
897 731
515 209
810 187
206 760
714 464
55 615
865 935
339 435
58 91
323 822
679 443
777 823
131 408
543 382
448 59
837 844
271 853
611 219
553 711
264 335
79 304
142 135
525 872
502 890
695 839
102 684
3 652
601 559
852 267
232 504
842 748
487 525
703 383
565 613
412 88
766 614
761 238
239 610
432 262
609 252
292 260
749 544
571 164
161 468
738 340
275 550
402 364
703 21
151 678
388 41
823 315
71 944
709 531
407 438
208 663
603 838
83 428
951 859
490 255
903 636
443 641
807 554
336 349
846 402
846 467
962 33
502 978
12 611
914 195
233 377
177 477
643 407
741 160
812 283
981 240
699 481
718 554
691 368
771 910
861 863
575 184
205 949
523 47
549 243
995 660
361 550
69 310
762 956
961 925
707 955
669 312
114 52
282 593
311 239
962 366
896 451
90 235
614 259
904 710
547 561
0 890
166 627
342 114
890 763
348 599
475 748
537 50
375 748
367 687
947 347
649 322
458 919
306 499
647 437
417 302
397 341
617 845
587 414
26 94
230 202
145 846
852 443
316 996
745 102
296 594
148 168
327 498
638 751
787 161
211 897
967 455
948 269
739 63
280 861
213 394
615 301
112 364
948 709
993 258
611 142
939 113
425 760
347 127
119 315
450 787
446 25
162 431
839 26
290 232
125 370
442 524
660 124
670 155
270 614
412 799
866 881
15 432
93 387
843 476
3 869
200 236
551 735
168 719
679 696
107 195
818 603
652 32
367 970
194 65
600 391
812 309
885 338
869 700
212 614
452 175
648 798
322 293
560 548
217 792
75 345
484 823
281 512
350 567
494 439
913 413
323 525
429 590
98 564
598 147
419 627
77 588
446 61
677 205
293 792
107 115
194 387
257 768
547 631
172 124
853 757
813 848
680 472
856 36
458 342
433 747
831 114
484 272
243 727
464 976
840 916
715 788
370 761
347 62
676 747
854 263
405 482
249 798
870 410
771 892
702 484
584 792
652 928
848 639
734 72
145 573
304 176
245 812
394 340
69 442
566 852
854 17
936 504
252 780
917 421
210 668
890 707
711 772
140 162
501 887
39 708
873 691
865 455
742 626
757 793
89 165
28 600
811 110
647 394
947 63
863 610
331 666
472 731
623 27
429 427
198 948
258 479
486 744
946 156
258 441
859 275
978 205
385 462
970 520
365 806
867 441
20 376
832 693
17 516
859 91
462 679
204 502
468 762
142 202
385 859
326 540
705 859
185 335
901 460
812 554
881 218
502 150
285 865
529 880
618 935
534 273
205 737
684 11
937 767
722 791
711 373
838 6
815 567
110 505
841 557
812 785
461 39
20 450
92 401
745 17
497 612
775 608
229 75
319 310
92 313
981 607
531 798
98 524
978 91
328 978
385 54
471 725
251 244
91 783
113 410
883 609
687 840
977 918
766 774
679 37
886 932
659 81
650 241
658 206
119 147
647 529
326 442
612 458
415 53
893 445
485 302
834 960
437 205
367 607
719 844
829 690
770 700
998 24
916 889
773 71
877 730
633 562
117 902
448 729
903 600
392 667
316 259
817 485
630 268
755 290
727 892
30 153
474 651
588 718
524 554
418 402
47 565
218 747
827 543
143 224
403 45
434 581
391 628
436 777
995 810
482 577
280 319
583 547
667 280
982 232
332 889
228 638
659 46
656 211
650 299
133 953
765 834
993 711
278 131
301 240
230 733
634 943
744 885
452 756
850 504
39 503
66 685
502 378
824 995
360 488
729 221
498 581
475 161
431 816
472 639
597 428
218 400
302 975
970 531
162 545
509 529
929 61
299 162
911 913
556 32
6 650
893 148
869 200
32 2
160 205
472 926
511 946
496 527
836 449
983 847
640 972
322 206
836 488
51 240
356 653
633 237
42 741
784 838
673 57
221 593
417 473
91 35
0 895
656 599
375 788
320 456
124 709
566 700
657 42
677 619
452 432
723 694
739 233
743 73
646 902
887 101
697 158
807 990
261 277
145 679
950 913
700 36
101 473
643 245
558 596
286 330
57 743
943 844
812 921
81 729
3 359
746 221
62 318
591 358
906 70
764 576
419 819
829 643
622 83
461 14
762 636
750 835
266 503
728 741
592 808
225 669
786 73
501 558
646 817
31 174
150 998
212 960
139 813
527 701
182 714
11 432
701 510
974 502
113 235
45 29
236 587
349 883
963 561
634 908
561 119
615 80
627 456
751 493
353 113
946 430
885 458
769 115
944 262
265 559
848 641
220 964
587 853
87 573
334 98
811 66
421 520
767 408
44 686
199 81
427 197
365 433
258 73
689 220
231 500
862 224
875 976
878 33
747 539
519 270
115 353
150 131
754 327
653 904
826 865
988 648
740 780
992 488
355 685
511 366
618 436
635 468
70 293
152 279
798 749
604 740
114 660
191 211
508 737
358 987
623 966
722 390
693 261
194 425
383 465
204 177
822 929
282 793
271 385
479 112
840 292
306 902
469 98
432 480
790 735
735 259
569 983
459 397
845 155
847 263
85 932
187 818
441 280
641 898
759 863
771 867
999 916
185 761
214 218
93 142
124 894
930 771
780 620
238 425
463 408
326 943
314 161
412 72
679 430
314 682
569 145
424 801
751 906
699 464
845 177
728 321
281 301
25 308
257 87
490 620
889 497
585 260
626 81
647 705
163 468
422 190
409 549
876 632
298 632
906 376
871 759
828 551
329 488
887 256
961 81
60 127
662 523
580 800
594 930
829 523
178 334
460 159
658 832
828 484
200 822
397 494
23 730
29 287
585 506
656 549
929 655
869 763
199 133
255 295
81 108
661 188
120 3
574 820
664 414
865 412
900 303
958 131
654 836
769 829
300 607
838 99
422 980
844 286
347 566
182 344
7 350
857 462
671 199
104 980
701 242
90 161
813 832
853 958
20 8
134 185
332 29
826 63
41 559
589 197
277 209
533 377
361 637
772 860
896 75
482 374
347 969
130 762
784 874
634 734
816 959
918 872
993 401
353 208
492 74
543 760
508 348
967 945
297 450
81 645
192 381
781 35
469 241
480 798
476 180
962 388
25 526
695 28
220 995
685 598
794 166
169 700
582 409
375 637
392 972
934 81
888 129
872 940
528 973
13 150
48 88
809 816
93 590
680 185
92 560
748 167
648 754
177 728
630 328
492 72
337 124
956 59
574 838
996 23
908 970
25 354
499 691
661 266
931 585
779 602
362 758
415 6
56 936
367 231
82 525
977 639
15 636
60 102
175 0
675 871
736 766
424 505
416 832
560 602
272 579
586 382
475 505
137 383
122 948
164 790
362 946
687 857
432 611
894 781
979 47
850 767
826 2
146 465
915 803
642 907
405 803
891 25
755 938
432 256
726 975
234 642
471 695
851 156
672 279
798 940
706 14
834 799
328 688
708 914
334 793
589 499
752 996
303 350
966 495
956 286
608 961
910 49
590 855
876 150
881 155
76 767
536 625
951 595
539 517
626 162
865 38
780 394
276 871
638 268
776 681
228 902
708 477
878 114
509 330
440 382
278 100
787 134
837 244
827 600
17 878
515 353
459 140
937 761
48 405
639 466
806 697
178 680
210 100
108 133
467 115
797 187
348 501
737 230
107 745
948 943
183 753
845 36
639 999
922 782
579 530
921 952
90 76
927 621
533 834
120 378
993 21
295 12
440 208
30 529
840 96
723 297
394 534
151 639
494 310
649 745
40 615
343 747
122 892
499 705
215 84
929 273
16 453
38 340
295 668
472 744
880 615
8 26
146 469
309 388
695 100
596 560
22 700
83 642
774 939
558 816
68 689
250 416
150 699
564 466
633 628
161 637
220 115
948 797
766 718
806 755
584 354
671 332
852 948
723 465
589 103
172 497
99 63
660 557
475 467
373 613
43 543
400 916
991 867
855 810
486 91
609 461
503 575
644 500
201 148
782 360
232 443
150 306
280 668
931 26
917 203
262 178
542 726
943 315
314 220
757 816
739 339
746 114
677 987
484 569
897 283
29 155
199 920
903 633
823 859
133 389
797 556
802 132
507 523
479 728
886 719
776 855
475 458
584 400
778 361
136 757
231 599
448 906
337 594
926 90
546 196
582 812
828 395
954 559
4 396
969 914
514 852
610 635
338 970
133 174
713 250
113 272
207 342
926 956
402 762
697 880
929 643
94 32
76 696
928 981
994 193
726 374
14 886
364 185
227 445
993 229
282 248
867 269
702 217
614 980
783 411
565 597
803 602
772 368
612 368
476 715
98 843
570 385
273 436
936 580
228 145
20 183
624 161
972 16
684 381
415 441
161 942
637 261
860 387
34 361
399 602
274 441
802 257
963 93
292 463
734 824
513 438
670 757
694 715
547 428
498 997
206 230
15 834
897 697
880 770
856 294
774 64
18 781
705 751
35 120
715 740
253 764
728 140
22 617
255 483
735 963
61 530
417 105
646 481
441 239
881 264
624 52
427 640
784 437
952 645
920 621
437 770
406 387
437 657
541 531
147 440
118 606
669 773
390 400
270 350
752 638
145 373
950 61
319 600
580 244
181 476
391 820
730 117
519 237
78 41
997 943
106 625
436 838
818 4
588 909
279 675
787 127
460 308
235 916
369 459
70 635
741 114
944 711
574 672
844 533
181 920
896 27
947 731
981 70
678 815
599 37
806 422
807 981
99 88
359 20
529 97
583 726
965 967
765 540
981 772
771 520
646 691
524 606
621 980
310 508
486 440
130 604
331 762
94 561
165 488
62 471
33 38
218 168
331 740
599 568
988 52
352 965
148 570
402 131
243 140
836 350
848 68
939 852
190 955
805 660
991 263
267 603
26 542
790 382
624 914
5 129
530 120
361 898
149 482
799 306
315 162
698 860
36 427
4 16
460 857
268 516
281 712
445 657
492 506
262 70
669 53
219 882
923 456
644 195
725 595
742 172
860 917
947 71
781 952
358 608
574 504
415 495
431 695
391 143
41 224
479 726
944 909
384 33
721 911
39 916
639 503
805 485
890 766
811 438
763 344
815 453
976 863
648 295
930 191
124 961
471 752
639 57
956 625
683 782
750 323
868 891
994 226
642 70
28 49
112 125
368 479
183 844
967 782
485 288
748 743
658 120
656 358
378 85
626 450
953 881
987 580
424 702
918 532
47 485
837 179
940 393
799 3
85 901
556 260
595 577
177 551
833 633
126 856
708 169
702 815
274 169
444 970
690 634
191 938
882 974
860 441
292 76
271 340
458 763
419 107
600 987
802 235
112 725
537 247
787 391
984 310
182 531
34 634
762 803
391 770
568 534
831 686
442 413
182 554
691 662
798 487
814 148
634 263
591 605
539 42
379 169
663 861
704 102
799 977
637 881
844 650
784 717
442 335
433 0
305 24
76 753
494 185
130 249
603 921
811 870
582 896
839 803
797 535
81 467
147 439
120 603
421 148
287 886
932 860
188 102
691 27
541 697
723 413
945 728
49 678
596 1
928 377
999 142
848 911
312 374
819 735
384 320
184 963
37 737
901 914
621 281
18 401
475 700
221 112
653 77
911 502
825 262
71 956
416 187
924 38
713 740
730 379
857 503
632 221
23 950
663 424
710 398
824 915
273 815
139 48
192 311
604 201
870 736
757 570
549 110
53 659
526 262
858 580
431 197
385 253
783 643
682 628
148 175
704 757
669 521
929 30
397 368
637 670
842 397
178 508
549 302
745 843
847 253
557 677
204 847
252 928
33 116
761 8
483 682
933 317
883 975
852 576
618 50
539 181
607 510
544 109
612 471
703 972
771 151
615 487
187 169
840 148
712 985
923 781
779 376
405 367
737 347
705 912
890 724
433 793
280 654
404 796
613 904
73 515
432 570
127 731
319 375
323 675
277 147
503 681
943 333
816 436
918 591
507 446
981 269
721 239
783 294
729 796
63 990
679 921
939 547
382 18
158 495
912 343
562 742
116 415
473 947
226 812
871 260
165 633
895 702
857 192
47 80
114 101
795 506
430 700
442 295
46 600
980 717
394 1
967 474
540 844
544 252
836 47
434 107
286 126
536 556
42 174
890 425
459 731
135 561
973 459
695 180
123 25
771 492
165 144
419 204
965 813
899 692
62 229
873 266
877 514
303 106
378 692
344 207
103 859
760 55
218 621
420 951
711 370
855 370
900 468
245 394
344 322
359 890
976 568
107 46
253 700
323 869
986 68
801 960
687 834
45 10
340 354
142 53
189 300
838 787
421 489
703 198
6 560
884 998
344 608
122 210
149 549
564 973
18 214
516 93
198 754
598 887
253 945
990 884
307 341
942 388
213 144
254 730
688 699
292 616
299 756
71 42
347 255
626 30
199 778
524 22
494 765
780 652
75 769
825 518
139 589
813 568
809 69
755 266
581 199
477 308
651 332
91 673
413 712
396 436
565 148
231 285
599 189
814 28
71 666
719 328
220 740
119 838
618 470
994 690
898 930
134 751
509 155
355 813
340 964
623 719
257 346
847 151
658 511
669 457
413 500
686 178
126 262
487 363
633 978
562 329
230 926
526 563
307 766
502 230
243 166
780 97
465 278
714 944
701 984
879 261
890 304
948 996
219 74
439 898
36 136
653 1
859 325
564 997
887 869
592 897
405 470
458 705
648 206
808 982
921 162
178 327
161 646
14 398
911 343
520 386
427 56
600 932
394 351
359 382
470 718
949 94
702 453
76 891
40 246
873 85
414 778
720 986
828 237
729 697
720 944
635 954
790 762
373 7
711 659
680 469
228 705
916 406
585 228
883 184
386 323
378 522
534 199
655 3
801 76
96 27
336 888
972 505
747 39
920 759
571 517
594 975
141 730
594 49
422 317
641 552
650 55
818 687
496 332
478 334
523 542
903 447
592 574
151 745
807 958
572 789
497 406
197 850
538 791
638 0
588 916
296 401
499 581
871 380
376 881
999 838
520 343
753 243
796 426
502 379
447 669
386 877
265 657
623 683
895 80
346 828
364 466
362 610
384 660
416 517
471 933
923 172
930 481
190 468
218 865
130 133
829 415
34 250
49 172
470 232
470 661
512 932
598 852
548 800
480 535
686 860
560 580
627 647
140 347
376 995
79 610
171 289
359 941
280 474
31 464
57 581
398 572
798 803
159 567
279 407
117 467
325 522
749 509
709 343
26 271
23 278
299 127
118 896
986 350
930 175
183 461
122 533
722 861
447 334
368 683
880 886
740 302
570 963
707 278
295 548
156 202
380 935
974 519
215 948
350 687
790 725
327 297
129 802
208 643
368 267
204 685
174 891
833 582
620 749
939 222
413 641
641 333
372 438
719 511
631 6
407 258
913 100
507 551
285 403
776 414
719 152
797 636
180 247
918 734
467 771
715 615
519 752
522 755
264 787
189 81
356 643
279 155
633 300
207 790
806 882
479 822
537 199
911 504
598 34
462 199
847 260
172 245
168 724
739 165
526 215
300 423
216 998
445 531
442 333
962 89
202 890
923 663
923 459
679 324
991 484
271 39
507 815
310 473
263 150
130 805
458 965
845 775
397 859
126 822
335 798
979 374
228 490
663 41
131 242
552 436
382 803
63 459
967 274
344 773
181 972
385 47
967 659
115 798
67 724
381 45
852 655
534 100
272 504
661 201
592 708
959 531
819 985
382 816
387 539
893 964
769 779
980 568
85 388
461 145
976 220
75 903
598 720
405 98
6 432
881 69
57 618
943 566
289 880
638 82
967 576
569 591
451 539
195 393
635 9
274 646
668 515
137 161
590 593
320 38
924 495
648 996
123 517
739 211
378 767
678 141
560 530
529 420
128 116
591 548
677 686
627 936
736 479
628 413
605 494
330 136
999 579
299 499
929 587
695 516
26 76
503 177
114 100
872 437
894 0
6 434
701 908
974 317
531 805
241 454
637 71
664 723
458 541
663 821
452 390
999 508
930 652
895 705
298 636
920 343
715 801
678 704
495 655
815 395
247 767
641 827
146 666
18 843
622 550
36 741
377 261
607 89
32 299
578 613
606 712
555 696
641 84
662 878
554 572
339 977
627 158
91 268
517 21
928 935
673 958
481 464
233 184
103 544
210 959
356 712
227 400
711 279
176 267
170 653
543 990
663 757
454 312
698 780
435 945
214 370
857 744
526 590
458 883
804 571
615 451
223 779
700 79
3 548
628 24
348 394
288 197
805 816
262 355
257 948
521 648
705 808
272 552
193 226
251 7
809 984
386 154
864 39
698 603
122 675
213 192
176 208
832 752
116 508
803 283
211 553
875 83
535 857
927 809
462 836
43 963
249 193
838 884
827 741
584 860
664 609
327 875
726 318
784 322
543 929
667 591
51 624
729 98
402 691
411 441
988 419
864 572
957 816
612 769
113 46
919 893
69 181
261 535
548 592
947 546
7 601
332 430
69 708
481 261
647 260
970 899
0 959
757 708
565 824
562 351
192 2
924 664
384 109
559 733
523 963
827 13
949 925
487 776
484 683
778 260
880 100
289 844
4 736
84 727
252 466
541 687
16 981
911 799
848 139
1 211
23 235
90 946
890 769
463 339
218 186
963 252
852 627
968 582
786 638
996 423
30 99
794 160
58 350
922 711
648 58
465 321
197 616
507 133
112 561
537 336
902 629
317 789
653 421
179 460
655 10
725 703
118 380
449 357
314 667
175 669
642 775
312 14
68 457
475 409
401 429
714 408
279 449
671 841
335 495
613 465
643 888
353 175
888 196
458 917
283 144
571 309
749 266
856 380
661 691
656 428
932 474
440 27
761 142
378 616
752 420
227 95
841 750
972 930
297 262
70 21
634 608
494 854
863 158
67 18
633 528
13 529
796 297
372 158
22 692
156 504
205 679
188 496
205 783
639 809
744 303
606 895
56 505
246 672
652 959
190 431
252 766
836 277
444 948
569 565
757 662
300 840
567 959
3 370
494 338
697 236
73 35
371 968
805 433
622 386
582 112
110 672
86 527
974 816
486 458
957 147
311 877
884 539
704 230
654 619
741 487
848 624
133 766
142 243
581 452
551 123
183 279
183 412
468 213
312 173
229 23
280 304
869 227
614 727
787 858
981 215
712 403
115 677
454 266
332 682
202 127
471 142
196 277
470 285
140 2
45 167
812 3
380 212
811 242
216 321
140 967
743 882
273 307
726 736
632 224
740 221
923 273
283 266
440 787
265 639
791 356
687 270
876 174
235 516
797 430
253 621
124 896
94 340
862 266
980 789
146 924
150 833
949 992
612 329
380 934
844 897
22 767
627 883
894 634
662 587
175 263
289 376
902 99
454 707
745 157
160 79
398 85
513 536
331 601
829 314
216 882
925 977
797 621
291 603
484 843
83 221
105 277
501 156
330 984
3 308
987 640
821 411
638 437
230 665
715 502
577 562
563 102
197 966
893 450
398 931
799 377
361 260
585 775
698 976
168 720
197 548
826 372
364 754
378 17
677 413
986 43
198 983
304 807
79 145
188 561
610 520
519 80
635 328
256 463
371 481
163 770
52 605
821 237
642 875
606 288
723 220
46 731
1 694
731 755
742 212
541 406
941 506
311 470
950 995
392 674
964 998
585 125
253 854
687 606
847 27
597 170
332 632
785 604
578 560
428 48
873 603
548 535
588 352
163 825
209 305
672 856
697 794
793 306
168 529
546 581
115 83
846 813
816 764
737 853
609 52
491 371
766 606
484 19
351 266
746 955
68 159
573 329
957 787
851 734
627 670
631 664
353 899
355 823
17 163
123 555
804 841
833 69
890 965
904 355
668 640
511 771
896 417
907 433
832 130
3 506
437 41
917 551
50 491
629 306
947 403
125 61
5 793
564 49
40 278
224 486
661 921
494 409
694 862
318 980
115 869
352 874
628 887
823 502
506 632
326 158
576 231
655 406
438 31
961 3
985 993
529 598
112 344
399 159
778 223
218 925
114 777
488 853
915 711
540 179
718 85
842 370
528 693
242 619
890 873
529 498
598 137
82 800
27 885
176 446
512 580
448 378
228 537
36 603
515 834
940 129
284 210
3 414
498 454
485 406
809 151
670 288
407 692
975 170
693 965
276 259
5 163
229 516
733 809
954 810
463 694
677 993
415 543
787 862
149 974
241 288
665 632
615 724
103 493
397 127
862 965
642 674
709 977
468 717
890 138
841 455
307 555
388 701
433 412
471 712
45 283
166 950
706 258
701 530
714 756
146 508
792 67
739 212
208 347
267 821
798 32
761 273
665 196
2 645
869 415
604 218
218 238
136 25
474 991
582 788
982 146
135 875
492 609
59 491
53 995
268 544
668 402
986 91
524 547
780 118
672 278
899 998
738 19
670 754
129 84
914 830
133 846
893 813
680 732
414 880
773 955
6 742
974 568
806 343
158 642
323 998
149 111
677 827
899 950
165 140
117 631
895 345
660 63
725 576
223 524
785 202
445 107
746 19
463 184
578 579
193 376
947 995
144 912
944 344
545 209
528 902
37 799
587 305
66 791
411 910
630 859
246 115
494 465
212 126
488 385
519 337
567 979
804 425
2 752
366 576
272 314
613 268
562 571
221 114
875 236
400 276
571 25
374 565
650 173
423 894
387 270
526 230
286 16
637 517
112 265
624 567
447 347
873 908
233 652
206 352
825 982
579 705
344 325
713 734
478 118
173 354
389 174
388 382
413 6
369 140
735 572
491 948
411 708
942 592
375 386
333 743
152 843
680 739
835 646
788 957
355 992
406 89
853 409
702 591
279 408
107 715
635 646
913 346
661 685
404 161
636 968
500 432
596 970
567 302
3 242
318 325
33 1
127 769
962 105
726 82
943 313
611 349
838 736
809 965
626 813
568 968
658 601
178 906
456 578
458 420
564 938
945 619
472 697
493 901
782 444
752 888
471 87
296 82
954 82
775 36
23 754
289 534
880 679
290 883
102 390
438 348
37 214
131 601
928 232
653 184
503 482
398 589
407 766
415 663
877 66
320 188
864 597
428 539
502 340
264 823
19 144
191 478
45 1
865 323
318 361
560 911
125 349
594 562
993 734
860 764
217 460
715 712
436 309
550 809
126 842
545 525
342 421
365 28
556 758
80 884
358 593
829 199
889 317
105 335
444 49
620 876
549 634
245 819
473 825
739 944
840 195
729 264
228 492
267 431
172 717
548 888
361 314
578 128
115 786
845 331
32 399
887 305
466 846
143 717
152 591
989 500
224 372
473 922
25 978
646 776
635 684
828 60
81 512
927 138
272 369
424 799
850 323
27 173
106 182
179 332
568 766
906 619
139 970
303 653
937 413
792 189
898 531
29 479
787 390
830 763
174 570
902 720
364 180
925 56
101 697
483 56
548 798
817 385
175 36
107 265
742 927
631 438
45 70
407 661
531 495
272 161
658 840
812 258
719 839
944 748
927 580
792 28
530 495
560 500
809 783
552 367
497 491
292 395
535 543
680 231
552 23
863 707
755 916
720 104
824 829
319 675
659 982
113 758
853 624
401 984
610 714
225 529
849 290
232 908
322 907
476 505
672 924
667 513
263 870
541 936
229 64
486 540
775 229
966 251
343 690
19 95
109 201
991 69
232 635
278 733
751 482
498 754
523 641
62 422
941 303
676 163
330 532
370 596
268 41
342 344
687 488
173 179
133 802
491 97
554 703
762 112
213 607
668 494
626 452
798 184
569 370
275 822
990 569
972 446
178 337
622 200
429 971
176 633
155 578
264 641
34 782
910 687
75 316
542 48
719 793
810 426
665 18
236 480
195 815
114 111
293 805
740 638
43 230
375 816
143 984
637 362
686 204
539 763
248 799
861 115
368 520
714 796
678 738
581 321
915 330
319 782
679 139
531 644
457 560
839 845
180 746
204 626
403 277
976 775
822 208
908 205
430 249
840 622
567 939
767 18
411 237
183 98
300 885
689 822
615 712
499 529
270 549
15 806
186 275
161 269
357 285
597 782
680 844
809 954
514 426
413 187
300 858
128 272
885 691
588 13
918 197
664 373
247 295
985 343
481 153
778 800
367 739
351 833
568 384
154 113
423 495
8 939
718 344
985 637
569 761
415 383
586 337
204 288
116 989
562 843
390 32
217 793
823 227
60 397
10 573
291 479
615 471
77 959
777 117
129 941
335 962
947 999
270 605
977 73
441 597
974 794
543 375
150 962
810 259
557 989
239 662
827 108
662 510
995 14
153 761
157 271
208 704
318 860
294 119
619 922
670 274
908 249
884 331
794 43
680 876
976 481
292 811
373 300
608 577
698 173
64 882
213 345
760 297
233 39
310 454
210 607
476 629
291 550
594 505
602 524
922 694
551 574
450 678
383 258
880 848
693 459
700 845
981 833
544 19
791 401
978 30
52 40
100 56
938 893
690 93
815 691
25 905
54 39
823 880
886 964
319 664
706 482
36 442
457 291
149 170
555 36
391 156
361 282
437 397
817 528
890 419
60 581
154 825
357 250
282 754
621 185
749 334
609 904
423 802
721 694
900 590
800 692
911 125
63 892
828 784
97 512
880 930
561 865
752 582
971 617
384 346
668 965
12 97
674 813
452 512
739 677
743 575
836 369
57 254
767 291
479 473
651 293
30 570
34 662
283 827
943 536
615 461
292 766
88 775
494 61
807 821
622 731
157 870
172 855
400 335
451 87
273 493
811 356
530 294
470 726
797 524
315 170
766 328
641 690
185 553
52 304
542 680
350 737
199 182
136 525
484 111
566 839
49 149
157 931
737 71
387 817
287 295
305 393
344 171
927 949
327 997
629 367
391 333
55 757
535 205
346 713
817 329
547 467
13 579
852 932
548 390
374 108
592 629
506 778
933 618
338 53
735 544
274 564
683 375
98 481
618 972
219 207
878 683
62 211
750 367
988 926
899 133
225 771
29 192
7 316
532 781
910 750
675 836
352 134
530 284
610 35
261 488
3 192
320 718
59 909
569 371
693 258
246 943
931 814
441 912
547 430
541 902
504 226
268 89
858 972
101 380
583 343
558 891
484 988
575 629
776 268
285 207
832 355
584 34
992 800
241 422
364 296
489 436
812 232
334 784
631 704
971 387
233 202
43 960
84 898
170 967
242 487
957 217
897 346
386 664
416 676
393 201
864 139
932 46
912 533
327 586
693 573
527 295
425 215
869 540
158 405
46 769
90 910
753 856
205 520
531 878
414 115
355 491
739 286
666 164
107 601
689 346
865 662
407 838
86 766
852 878
763 822
41 545
536 506
980 813
41 944
335 176
451 594
448 958
499 449
781 415
92 150
369 762
390 117
857 784
726 913
215 363
850 805
763 260
295 185
980 673
930 213
749 359
766 89
563 570
102 515
998 860
647 382
562 270
352 847
694 5
132 496
186 574
968 777
633 927
640 510
209 673
455 471
236 144
835 351
952 215
299 622
339 966
147 548
678 601
725 39
166 352
258 658
294 484
855 888
860 801
670 609
403 814
119 160
763 607
639 495
664 218
635 221
469 858
526 413
788 772
498 157
67 894
470 663
553 478
874 557
751 93
194 634
448 569
650 350
957 353
740 356
622 298
621 388
770 784
107 395
112 61
534 150
995 452
543 815
203 295
98 286
808 922
730 329
830 356
23 826
601 895
599 927
368 9
166 420
479 203
792 504
40 411
827 562
70 226
443 689
388 259
256 180
995 140
596 867
587 873
179 615
949 318
178 749
539 5
592 451
753 330
46 180
309 363
710 252
946 288
866 859
584 967
596 178
237 462
506 951
489 549
491 392
475 465
879 213
113 125
821 972
421 89
345 462
872 279
691 826
804 370
422 783
469 785
819 499
341 411
119 851
107 387
706 430
166 454
49 440
212 935
878 320
819 316
21 835
777 577
755 54
683 146
482 940
724 516
43 712
980 566
463 848
735 523
286 887
444 297
774 414
145 244
425 604
271 635
758 479
659 43
944 285
454 667
584 742
109 216
867 818
61 63
631 747
696 836
163 445
839 557
795 140
306 304
429 415
708 290
211 151
831 926
254 264
822 844
651 107
481 443
886 845
101 788
332 480
540 819
720 193
189 422
963 429
394 759
487 169
978 713
672 796
84 946
843 28
884 477
704 178
535 678
980 423
596 961
25 559
434 171
39 550
113 702
686 723
465 325
597 669
417 551
800 415
982 804
138 397
127 519
129 205
289 707
870 101
640 11
75 508
679 557
790 352
696 378
678 87
951 942
769 789
128 847
335 482
838 726
379 563
860 578
965 301
426 928
770 697
826 634
275 437
941 751
2 926
803 873
225 694
407 550
124 393
950 386
627 360
138 944
627 47
326 169
562 334
637 263
446 804
542 37
643 673
367 789
966 327
202 775
37 173
157 888
453 957
407 65
386 920
533 779
746 754
663 499
467 438
288 411
157 798
235 334
634 940
608 655
576 445
737 381
272 177
285 996
497 152
248 418
976 992
460 134
189 939
249 370
971 71
13 260
587 621
900 796
129 885
133 407
108 117
695 784
752 988
177 101
844 92
113 221
461 701
829 611
245 334
776 68
195 74
158 396
336 921
862 180
459 586
5 723
626 788
486 42
234 696
25 869
57 473
304 233
971 819
469 411
169 942
798 98
492 910
902 793
39 873
979 802
731 340
33 296
26 517
408 337
683 919
583 648
841 450
320 166
943 267
173 884
540 724
926 862
515 610
169 473
478 338
727 59
879 651
913 761
129 917
647 886
629 578
895 386
572 620
208 465
813 500
564 197
668 785
744 41
931 410
157 645
482 247
255 574
759 264
135 83
606 368
605 770
764 414
532 855
651 563
148 220
359 349
748 509
665 144
984 560
516 366
357 405
394 774
887 564
10 662
650 976
412 641
962 55
927 73
781 209
591 443
200 890
524 849
829 77
904 730
828 762
573 185
79 312
554 837
502 114
790 635
903 214
236 442
963 655
355 90
810 659
645 354
564 632
941 388
55 469
311 129
432 741
642 717
539 280
951 328
844 442
942 377
944 6
20 742
834 958
622 495
64 285
191 111
686 766
383 389
941 876
617 414
315 416
831 135
753 918
692 907
583 672
205 393
160 206
955 142
781 245
117 953
287 525
196 664
392 695
343 611
259 940
943 421
561 86
962 976
112 36
84 507
248 450
308 541
485 329
719 58
273 695
613 914
248 919
64 72
339 340
251 459
268 133
308 753
194 94
319 61
602 237
538 97
991 288
668 935
34 974
450 489
183 688
932 65
762 128
536 344
724 895
883 872
739 624
458 544
999 455
96 464
909 90
274 616
13 730
913 704
11 125
717 887
566 307
995 318
153 76
652 613
348 317
181 46
226 906
436 884
824 618
938 638
348 333
95 172
701 391
16 702
738 950
610 459
787 476
57 806
744 404
355 345
349 23
716 587
341 458
889 495
541 59
696 279
842 115
98 73
239 807
864 684
464 412
352 481
767 876
657 824
713 840
474 647
369 185
317 664
663 155
768 67
598 292
525 266
23 979
903 674
854 26
851 984
655 979
996 96
459 752
325 13
262 440
837 950
957 324
342 193
618 498
487 906
499 345
862 300
635 625
722 653
146 733
458 178
437 271
744 603
898 212
813 83
501 187
986 977
745 880
933 283
229 50
9 851
74 542
372 898
581 362
245 717
432 430
671 543
605 285
661 535
859 149
327 184
303 910
586 45
959 160
194 881
618 104
873 755
697 39
87 945
267 315
364 858
920 456
512 199
71 636
894 618
659 34
685 213
480 538
478 558
600 35
717 92
548 521
344 620
384 680
380 10
146 193
800 372
833 717
699 818
47 805
786 279
861 791
367 387
159 919
753 223
723 449
465 410
398 387
594 4
697 957
697 783
818 758
324 194
1 987
860 130
54 335
748 155
927 827
80 842
200 468
211 626
318 620
955 174
589 278
488 200
629 896
647 578
605 391
748 60
21 740
633 310
283 567
565 997
997 870
962 441
48 142
335 21
203 374
726 278
701 228
623 489
189 671
539 167
663 349
13 5
174 921
928 121
666 465
831 987
782 359
232 664
86 537
340 258
986 798
511 745
332 910
649 365
179 809
99 114
271 128
618 595
401 220
483 768
456 535
803 627
587 717
785 625
385 832
421 865
575 654
30 455
770 677
218 486
241 340
495 739
289 266
629 547
737 752
581 921
17 135
678 309
605 418
284 503
404 968
104 716
253 241
515 729
82 509
977 499
435 707
560 396
326 92
514 154
162 330
678 791
463 626
384 373
308 26
738 766
652 992
346 631
135 871
848 37
54 200
106 211
486 341
446 131
303 794
707 924
514 425
646 331
310 49
985 769
281 120
356 530
455 927
293 724
155 80
859 308
672 178
743 69
960 389
278 191
299 387
84 974
99 229
201 0
642 156
908 695
512 584
942 345
673 277
136 760
63 669
971 534
17 770
383 870
552 715
219 690
693 752
484 986
709 980
0 144
798 20
532 313
752 761
197 633
288 450
573 714
943 79
530 638
686 500
694 116
803 74
271 859
116 789
589 618
432 314
351 194
974 432
476 803
740 595
227 432
755 250
566 759
867 585
922 810
493 970
506 543
913 947
978 183
805 321
377 666
686 893
544 526
239 344
964 473
305 198
406 620
999 189
128 801
123 867
321 872
723 456
401 246
845 684
783 907
894 329
683 380
605 83
11 237
314 138
421 35
321 226
935 656
831 27
468 212
229 863
897 926
399 958
639 768
343 183
894 322
699 650
655 380
569 194
195 846
170 350
163 792
974 877
486 597
200 450
2 298
427 483
797 839
890 384
672 348
345 129
427 93
677 974
358 330
853 985
39 439
150 689
4 560
480 341
68 251
910 370
574 263
764 836
1 410
992 56
157 921
657 789
150 515
39 915
815 993
199 369
162 434
334 128
150 733
779 594
568 800
657 773
826 687
59 652
391 7
236 398
660 91
662 744
23 898
242 299
732 84
657 876
321 307
788 830
489 389
46 780
280 967
269 19
178 345
144 569
455 593
560 430
223 982
756 192
964 681
497 385
742 725
850 276
479 590
752 661
581 865
454 943
71 341
231 305
623 783
14 540
225 415
682 786
348 573
543 968
494 101
521 561
170 334
520 862
524 10
703 46
316 930
785 722
739 27
736 898
454 298
115 771
289 763
165 102
784 786
878 868
395 981
450 407
480 718
60 743
27 138
459 846
659 31
565 34
240 495
773 151
630 292
540 397
915 291
212 599
163 227
875 985
766 677
982 203
131 443
440 354
821 768
923 947
382 962
821 266
155 392
351 350
538 106
196 755
460 193
836 658
529 326
468 459
123 137
934 147
61 659
584 191
585 187
405 898
347 464
187 338
995 580
803 752
225 700
400 430
556 730
3 892
123 727
497 42
399 782
86 70
315 137
902 997
367 712
207 947
268 43
741 447
949 799
858 241
153 451
543 160
225 218
996 406
151 959
411 948
644 612
958 62
530 919
866 903
604 475
712 788
714 608
487 199
336 753
670 976
475 939
667 51
16 372
911 505
936 837
610 404
330 847
729 347
70 537
75 127
222 726
386 290
511 216
393 107
973 504
503 305
201 882
299 758
725 748
117 175
151 889
561 330
891 656
758 594
497 462
925 879
738 846
706 221
217 772
509 134
645 524
744 547
791 558
737 899
908 424
256 95
379 360
492 41
248 882
900 679
249 194
688 150
440 166
996 925
707 937
720 446
989 970
931 241
451 836
611 409
714 917
306 194
975 786
674 933
259 577
357 734
264 924
653 166
839 286
684 742
202 462
283 615
718 209
928 274
718 719
174 679
925 497
835 619
477 449
154 749
618 467
43 293
816 557
124 250
986 728
677 929
606 642
163 925
190 325
839 725
894 134
440 90
210 600
545 301
179 953
753 891
509 212
550 628
505 980
539 213
572 899
909 446
843 674
216 650
512 41
923 165
807 216
850 935
779 851
21 139
205 836
852 839
585 718
387 543
738 178
346 778
978 113
198 322
831 481
791 269
807 743
55 679
804 282
446 803
607 814
471 166
417 157
434 830
845 473
468 675
482 236
988 106
175 74
395 130
190 64
311 223
781 899
259 373
43 983
321 503
929 788
70 762
735 205
134 60
860 804
665 844
527 346
807 652
153 69
668 625
62 994
307 226
560 353
643 367
51 494
79 518
403 823
27 944
954 248
355 259
162 837
66 936
953 900
23 679
959 453
29 26
296 690
819 651
151 519
330 201
549 303
863 418
7 869
242 723
869 981
752 118
57 447
480 140
231 16
370 452
469 935
90 529
235 678
884 288
968 265
220 810
111 527
722 888
343 314
349 874
25 759
851 178
148 269
861 74
268 526
320 871
453 535
507 786
912 841
31 33
74 375
377 267
829 745
959 259
47 775
236 521
290 568
604 671
152 249
804 73
163 72
581 343
782 766
411 509
521 915
512 3
160 444
689 56
906 378
962 15
928 40
671 577
222 635
875 63
147 456
885 227
871 673
432 239
270 418
468 363
477 567
711 508
307 821
809 943
20 677
542 958
486 984
591 335
72 181
247 886
772 518
985 897
271 769
601 818
482 79
286 922
969 220
101 270
590 359
966 389
74 513
486 104
129 122
666 33
321 99
352 102
175 313
146 810
419 623
981 378
945 304
237 201
336 544
39 92
132 219
58 444
325 94
379 280
342 508
666 509
620 244
601 585
461 914
979 83
481 309
235 25
239 536
213 876
600 748
88 817
915 562
991 554
558 880
275 914
943 867
80 826
759 501
481 698
287 730
572 502
353 234
346 30
92 882
729 440
156 627
637 731
272 76
334 268
361 572
733 828
35 785
904 369
730 639
965 122
145 783
317 467
368 401
237 84
654 558
284 851
225 664
304 852
444 73
539 34
972 455
587 794
962 552
986 669
61 277
780 611
828 717
299 395
44 498
650 279
662 434
612 6
244 886
219 350
404 545
103 208
818 698
570 790
188 434
780 495
525 300
548 930
289 290
650 974
564 154
774 137
939 925
58 757
64 542
808 905
745 645
664 76
246 16
579 493
288 906
644 703
79 891
811 610
906 804
797 237
330 592
533 394
35 666
360 188
49 242
654 192
608 618
439 13
209 532
758 827
283 730
921 594
914 752
94 433
859 512
401 288
470 63
867 817
240 181
881 479
656 375
855 349
936 870
238 701
995 716
914 565
578 216
868 530
245 397
575 406
806 210
688 95
337 582
105 185
474 33
459 493
756 871
913 830
567 938
111 725
345 968
127 290
966 312
241 45
183 837
860 370
691 347
888 792
477 488
138 86
365 176
-1 -1 -1 -1 1056 -1 -1 -1 -1 -1 35466 -1 -1 30959 3912 -1 -1 -1 -1 -1 -1 -1 -1 -1 24432 32096 -1 -1 -1 -1 -1 -1 -1 -1 -1 40289 2491 -1 -1 -1 -1 -1 -1 -1 33359 19044 -1 881 36718 61243 -1 -1 -1 -1 -1 -1 -1 -1 15303 -1 -1 21747 -1 -1 62157 26665 -1 30231 -1 22821 -1 -1 -1 -1 -1 -1 -1 -1 -1 -1 -1 -1 23546 -1 -1 -1 -1 -1 -1 2195 -1 46947 45185 -1 -1 -1 -1 -1 39649 -1 -1 1568 50877 -1 -1 -1 -1 -1 -1 28847 -1 -1 -1 -1 -1 18741 -1 -1 -1 -1 -1 -1 -1 -1 -1 -1 38897 -1 46697 -1 -1 -1 -1 -1 -1 -1 -1 48879 -1 -1 -1 -1 -1 -1 -1 -1 -1 59367 -1 -1 -1 -1 -1 -1 -1 -1 26250 8252 16517 -1 -1 9803 -1 -1 13733 -1 -1 -1 -1 -1 -1 -1 -1 -1 30521 -1 38085 -1 -1 -1 -1 -1 56113 -1 -1 -1 -1 -1 -1 -1 -1 -1 -1 -1 -1 -1 -1 65138 -1 -1 -1 -1 -1 -1 -1 -1 55009 -1 -1 -1 -1 -1 -1 -1 -1 -1 -1 -1 -1 -1 -1 -1 -1 -1 -1 -1 -1 -1 -1 -1 -1 -1 -1 -1 -1 -1 -1 -1 21396 -1 -1 -1 37059 -1 -1 -1 52337 -1 -1 -1 -1 -1 -1 -1 -1 -1 -1 -1 -1 -1 -1 -1 30373 -1 -1 -1 -1 -1 -1 48408 -1 11878 -1 -1 -1 -1 -1 -1 -1 43638 -1 -1 3284 13238 -1 41672 -1 -1 30512 -1 41533 -1 -1 -1 -1 -1 -1 -1 -1 -1 -1 42301 59077 -1 -1 -1 -1 -1 25515 -1 -1 -1 -1 -1 -1 -1 -1 -1 -1 -1 1959 25253 -1 -1 -1 -1 -1 27390 -1 36786 -1 39327 -1 -1 13285 65379 -1 41820 10488 -1 -1 -1 -1 -1 -1 -1 13006 42437 -1 14203 29804 14873 -1 -1 -1 -1 42696 -1 -1 -1 -1 32236 -1 -1 51032 -1 63616 -1 -1 -1 10226 43200 -1 -1 -1 -1 -1 -1 -1 41500 32120 -1 9921 56723 -1 -1 -1 47210 -1 -1 -1 -1 -1 -1 -1 -1 -1 58912 -1 -1 -1 -1 -1 -1 -1 -1 -1 -1 -1 -1 -1 -1 -1 -1 49629 -1 -1 -1 -1 -1 -1 -1 -1 -1 -1 16795 -1 -1 -1 5994 -1 31088 -1 -1 -1 -1 -1 -1 -1 -1 47631 -1 -1 -1 -1 -1 -1 -1 4652 22659 -1 -1 -1 -1 -1 -1 -1 -1 -1 13155 -1 -1 -1 -1 -1 -1 -1 -1 -1 -1 -1 -1 -1 -1 -1 -1 -1 3262 40809 -1 -1 -1 -1 -1 -1 -1 54226 -1 -1 -1 -1 64037 -1 -1 -1 -1 -1 1199 -1 -1 -1 -1 -1 -1 -1 -1 -1 -1 -1 -1 -1 -1 11083 -1 -1 40563 -1 -1 -1 -1 -1 52986 -1 -1 25008 -1 -1 -1 -1 -1 19768 -1 -1 -1 -1 -1 -1 -1 -1 -1 34373 -1 -1 -1 -1 -1 -1 -1 -1 -1 -1 -1 -1 -1 -1 52581 -1 47872 -1 -1 -1 -1 21266 -1 50540 -1 -1 -1 -1 -1 -1 -1 -1 -1 -1 -1 -1 -1 -1 -1 -1 -1 -1 -1 61991 54046 -1 25756 -1 -1 -1 -1 62497 35471 -1 49276 -1 12129 -1 -1 -1 -1 -1 -1 -1 -1 -1 26256 -1 9182 48464 -1 -1 -1 43771 -1 -1 -1 -1 -1 3326 -1 -1 -1 -1 43112 -1 -1 -1 38918 -1 -1 -1 32417 -1 -1 -1 -1 -1 -1 -1 -1 -1 8005 -1 -1 -1 40845 -1 -1 -1 39997 -1 -1 39528 -1 -1 50793 20526 -1 26512 -1 -1 -1 -1 -1 -1 61235 -1 -1 -1 -1 29981 -1 -1 34174 60071 -1 19367 -1 -1 -1 -1 -1 -1 -1 35935 27494 -1 -1 -1 -1 -1 -1 -1 8194 7119 45376 -1 -1 -1 -1 -1 -1 -1 -1 -1 14989 -1 -1 -1 -1 -1 -1 -1 53163 -1 -1 6765 32473 -1 -1 -1 -1 -1 -1 8281 -1 -1 -1 -1 -1 -1 -1 -1 -1 -1 -1 -1 -1 -1 -1 -1 -1 -1 -1 39681 -1 -1 -1 -1 -1 -1 -1 -1 20772 -1 -1 50717 -1 42481 -1 11296 -1 -1 -1 46897 -1 -1 -1 -1 -1 -1 -1 -1 -1 -1 -1 -1 65014 -1 -1 -1 -1 -1 11366 -1 -1 -1 -1 -1 23885 -1 -1 -1 -1 -1 -1 -1 30075 -1 -1 -1 -1 -1 -1 -1 -1 -1 -1 -1 8305 32048 -1 -1 -1 -1 -1 -1 -1 45377 -1 -1 -1 -1 15609 -1 53782 35364 -1 -1 -1 -1 -1 -1 64832 -1 -1 -1 -1 -1 30131 49865 -1 -1 -1 -1 -1 -1 -1 -1 -1 -1 -1 -1 -1 19841 -1 -1 -1 -1 -1 52476 33037 3314 -1 -1 -1 -1 -1 -1 -1 3302 3875 9353 -1 26256 -1 -1 41186 63363 -1 -1 -1 -1 -1 -1 -1 -1 -1 -1 -1 -1 -1 -1 -1 -1 -1 -1 -1 -1 12567 -1 5416 -1 -1 -1 2744 51336 -1 58720 -1 -1 21612 45544 45910 53045 60903 10378 16122 -1 -1 -1 -1 -1 -1 -1 4378 -1 -1 -1 -1 -1 -1 13406 -1 4276 8552 -1 -1 -1 -1 -1 -1 61468 -1 -1 -1 -1 -1 -1 -1 -1 -1 1913 -1 -1 -1 -1 -1 -1 58826 10974 -1 -1 -1 -1 -1 -1 -1 -1 -1 -1 -1 6749 -1 -1 -1 -1 -1 7491 -1 -1 26973 -1 -1 -1 47966 -1 -1 -1 36981 -1 -1 -1 -1 -1 -1 -1 -1
5
1 265 13 199 5
1 971 4 456 13
1 825 13 459 1
1 196 6 679 9
0 426 0 282 12
