1000 5000
354 780
388 688
927 382
603 742
748 82
348 36
591 215
778 998
653 643
67 400
366 368
157 903
89 568
183 527
696 188
253 842
702 168
937 773
96 377
754 620
859 836
275 27
445 619
579 114
891 768
814 860
526 285
928 808
896 664
667 14
670 125
62 718
899 768
437 691
65 654
147 988
316 922
852 754
179 254
706 835
739 871
198 576
321 540
386 318
462 224
964 878
230 535
87 56
359 175
582 128
465 675
547 861
99 716
127 686
773 341
771 40
922 855
794 376
586 544
790 114
29 784
606 50
656 463
176 582
6 68
651 737
339 487
329 635
112 970
980 313
425 808
223 151
124 135
703 692
21 178
373 877
672 874
455 98
506 658
507 712
442 109
61 211
599 368
631 856
385 371
125 538
270 963
169 827
249 596
395 729
248 626
304 469
282 629
817 276
919 556
85 567
85 640
849 404
63 291
389 395
440 816
775 383
466 608
612 187
254 473
845 539
172 500
596 489
36 912
610 938
545 761
606 446
943 996
490 206
389 485
547 168
771 173
225 864
280 709
610 20
489 652
521 882
70 299
432 693
775 949
685 790
270 431
922 14
735 199
967 715
594 47
301 879
122 380
749 526
179 325
694 308
665 859
332 43
785 762
380 822
850 999
61 244
92 365
202 35
981 341
270 630
961 959
875 989
231 45
803 590
331 131
68 967
972 839
512 637
871 866
291 724
131 122
345 194
122 996
460 803
554 108
451 294
628 383
873 792
694 197
576 969
18 185
34 638
534 892
674 34
286 346
290 960
123 255
926 359
887 278
689 209
417 306
802 879
512 797
757 33
326 688
517 942
136 598
909 868
519 42
721 99
101 533
226 10
928 398
152 582
688 946
205 741
299 209
193 797
993 791
157 732
439 706
935 434
689 497
143 634
795 332
911 802
773 287
882 509
744 745
874 964
891 79
699 532
623 557
630 228
464 116
177 535
697 603
22 355
820 756
7 406
731 75
238 227
711 96
928 36
493 574
324 48
708 151
631 471
992 949
744 262
133 998
520 577
744 803
799 718
578 44
952 417
523 677
617 405
455 547
672 426
802 225
447 703
742 634
903 959
302 808
768 940
893 71
540 665
715 815
906 909
617 479
343 491
433 66
280 422
83 245
67 867
10 658
837 0
714 235
37 4
833 21
360 331
406 886
580 930
812 760
561 31
718 235
165 26
653 428
852 166
554 998
478 824
230 304
937 253
835 456
504 775
695 122
75 358
525 8
536 946
653 952
440 726
525 819
910 259
56 619
813 772
657 190
792 864
872 549
945 196
735 217
240 436
970 692
399 817
704 917
115 846
518 494
183 163
62 218
319 975
112 36
785 385
449 699
117 573
704 16
816 122
986 231
568 349
994 878
133 110
532 162
318 307
288 236
615 462
64 948
277 812
978 190
523 581
154 947
270 430
858 587
739 74
839 219
823 34
371 452
661 796
133 1
188 100
34 547
178 94
413 902
415 919
356 516
315 578
496 701
124 471
922 450
331 885
77 109
7 39
902 822
619 128
537 978
191 436
415 469
396 815
946 585
101 102
532 806
992 951
469 954
376 695
60 681
275 867
29 893
156 744
451 708
536 405
831 547
89 746
794 588
413 201
178 27
479 812
230 510
943 421
28 541
452 296
177 366
542 721
368 364
540 890
818 740
591 946
465 288
796 395
625 544
974 322
618 538
411 75
710 544
675 86
252 486
551 513
874 368
972 753
632 751
783 509
937 475
737 282
758 954
571 845
357 786
11 345
932 448
918 825
30 324
760 14
992 422
237 585
636 53
919 786
184 258
864 439
311 551
502 685
395 259
178 883
152 13
506 412
907 925
821 430
118 826
304 724
507 558
813 660
259 539
321 786
290 827
37 540
608 966
327 69
961 431
314 745
950 316
698 940
159 914
526 502
168 46
938 471
394 26
279 696
865 439
683 109
413 68
212 729
161 693
321 564
857 704
841 195
121 326
912 2
815 331
830 73
347 757
994 323
303 745
954 843
269 989
654 171
303 342
502 230
719 609
200 47
697 243
159 431
808 475
697 691
783 144
522 872
524 571
805 185
94 492
655 769
29 669
607 156
619 935
713 726
286 480
343 525
676 901
924 757
985 382
977 525
623 240
250 334
325 870
352 353
166 540
446 596
420 722
630 72
197 601
681 218
282 880
623 510
910 214
739 652
477 819
723 920
941 372
600 900
536 834
710 274
120 751
383 774
630 801
503 254
769 538
979 411
593 595
189 241
843 153
330 892
268 380
876 729
231 566
344 552
925 358
140 664
961 121
304 963
845 354
158 554
344 685
270 391
647 10
18 323
96 68
888 730
588 728
438 795
820 366
943 666
69 101
310 819
528 920
841 632
267 670
241 144
810 603
692 164
571 21
772 544
692 972
976 521
385 654
463 545
353 420
216 802
868 935
266 328
647 161
984 371
304 996
716 681
415 594
135 155
268 722
840 124
297 371
545 83
470 206
887 429
799 808
835 327
861 272
173 765
817 597
194 461
496 326
714 606
570 185
271 452
614 557
511 708
202 455
708 209
641 403
878 306
977 837
444 163
476 578
144 577
703 255
749 724
613 610
584 878
238 200
930 517
586 190
587 111
603 712
633 331
480 52
702 244
138 678
57 22
640 36
627 527
416 301
212 579
932 313
552 1
437 984
727 7
841 454
550 754
285 726
524 158
975 775
124 826
248 586
677 125
962 126
217 485
96 852
583 649
484 632
158 805
293 373
555 443
150 47
121 239
109 359
835 578
248 111
881 458
343 615
537 365
202 537
680 798
668 548
220 263
602 505
11 263
397 155
820 842
678 531
781 707
48 131
659 999
838 425
40 397
200 800
127 776
930 542
234 480
185 155
607 614
367 830
838 460
442 712
714 600
554 893
656 47
550 481
278 714
934 272
652 360
387 109
447 247
500 269
909 827
942 914
337 203
71 421
893 426
233 605
593 929
595 109
956 814
960 984
403 714
158 316
981 737
360 252
58 415
161 864
137 300
425 505
443 619
164 48
560 37
932 930
496 99
978 817
641 942
678 762
392 920
833 39
569 386
636 828
965 900
630 59
569 307
717 879
232 773
594 22
562 633
753 919
567 727
189 294
644 821
878 201
283 834
945 420
742 334
774 783
892 750
582 83
850 772
297 822
435 681
410 823
908 287
275 139
523 27
92 798
828 346
654 875
40 333
445 311
971 956
901 935
633 246
489 388
533 750
199 860
921 319
591 879
19 320
875 273
483 985
341 712
898 577
539 850
222 532
500 68
484 673
79 317
569 391
254 200
464 101
347 784
728 221
142 496
692 185
226 101
521 285
351 694
314 735
252 353
728 977
399 516
261 234
814 278
511 545
43 752
847 18
485 233
335 319
540 584
130 297
660 206
108 218
58 501
798 692
508 686
246 454
372 443
40 706
98 842
481 293
662 137
838 127
809 851
203 287
793 380
324 51
276 705
184 254
362 588
222 408
49 949
239 33
103 275
683 627
31 549
489 519
793 576
485 997
864 313
645 769
345 819
785 63
784 74
100 281
862 510
444 528
288 18
541 448
501 356
352 402
207 208
262 646
971 311
99 917
301 348
211 432
369 720
958 291
150 585
277 660
677 858
493 800
707 136
619 855
38 534
230 495
212 937
446 754
846 915
896 368
749 406
441 163
923 607
27 785
97 189
320 191
41 49
744 334
266 764
17 256
700 921
476 491
556 777
688 311
982 103
645 817
859 853
673 491
585 15
239 774
322 623
894 928
714 652
409 440
391 749
930 693
528 190
444 910
1 657
65 787
129 841
35 374
434 125
968 616
409 857
346 686
233 758
787 960
468 950
61 379
476 780
979 153
863 22
658 612
361 635
866 61
516 667
253 201
59 30
124 654
836 65
600 853
721 65
642 544
363 443
180 891
683 335
186 117
166 787
107 167
264 556
741 181
724 12
655 520
699 691
942 456
524 274
963 970
431 158
195 286
437 26
448 973
323 128
929 745
817 796
463 104
693 447
497 294
176 950
365 181
714 924
547 78
957 778
605 174
10 704
847 284
209 357
889 353
869 428
194 980
279 963
997 380
759 801
546 259
77 23
821 631
806 333
597 444
134 810
106 656
572 99
635 372
762 914
104 357
855 225
402 575
103 222
64 417
468 367
950 454
229 420
546 852
466 99
649 855
970 716
691 899
841 18
888 991
56 35
800 301
484 25
856 131
432 172
6 544
384 560
704 428
796 585
538 669
762 117
292 608
706 779
942 457
948 267
105 144
532 387
212 244
745 587
678 542
803 790
937 16
497 726
849 812
80 281
381 474
947 551
558 799
984 354
40 153
639 468
693 747
773 74
303 194
225 797
102 985
761 601
286 425
867 249
557 311
192 401
372 883
719 443
102 986
432 131
42 580
117 85
243 30
848 136
906 489
711 123
714 131
882 327
488 448
419 824
763 295
883 500
460 859
368 636
333 644
670 51
406 586
886 227
518 128
175 753
409 383
83 203
717 172
844 37
468 641
940 907
447 757
850 4
819 427
647 656
201 150
57 164
678 136
995 913
943 851
798 576
708 485
317 736
637 581
145 428
902 129
41 986
238 196
651 267
12 461
147 247
49 853
877 150
140 625
950 584
443 366
780 984
169 700
778 457
491 739
547 623
593 318
480 917
259 387
505 891
697 348
231 941
146 612
923 649
286 340
306 416
563 247
581 795
913 90
739 367
253 23
884 307
255 840
49 852
20 745
156 70
436 797
90 732
8 603
998 48
220 785
498 457
158 446
588 977
775 817
801 342
633 857
531 953
131 454
21 404
41 266
198 220
510 135
725 234
613 629
252 110
774 225
868 476
174 844
289 720
478 483
482 452
718 555
632 775
737 879
997 765
590 636
875 554
33 286
362 882
945 268
265 759
119 456
337 302
221 38
258 360
390 353
91 962
187 839
554 331
35 684
363 213
310 393
1 725
886 548
104 223
521 390
194 969
375 861
516 502
51 609
563 292
278 582
253 170
648 231
104 406
997 904
739 119
524 397
38 772
50 531
136 609
885 146
522 746
882 364
557 305
58 971
950 680
342 541
176 930
759 75
282 56
999 528
498 588
167 186
191 767
302 297
32 343
442 576
829 870
348 1
143 780
435 475
357 461
30 687
296 699
901 941
407 39
92 822
613 115
501 3
106 493
278 51
623 785
662 440
739 450
155 349
47 971
202 178
574 28
328 116
887 336
276 524
78 186
206 839
273 985
334 377
136 443
653 519
41 539
816 213
607 564
186 657
279 604
388 412
908 613
395 752
140 468
401 868
370 513
343 703
570 525
452 560
523 754
499 30
381 945
354 53
203 779
276 801
289 140
836 70
643 41
531 347
37 904
77 191
595 531
277 878
187 740
542 545
840 487
919 657
892 295
282 687
236 109
82 945
785 855
884 52
50 958
920 316
482 102
727 76
580 689
278 226
479 727
401 194
450 311
728 476
99 28
656 601
388 186
110 492
707 798
508 580
798 349
491 869
621 202
313 784
188 944
287 799
414 249
583 508
45 117
706 561
681 698
634 841
901 694
336 494
113 432
682 287
370 254
391 726
906 389
98 990
109 506
346 600
609 790
140 339
507 700
225 740
919 585
241 581
905 334
480 291
231 594
141 960
28 720
555 229
640 89
360 629
7 825
638 934
513 747
677 777
823 774
479 616
542 117
233 910
361 190
418 754
130 842
601 309
902 241
287 695
50 100
301 555
759 346
325 359
170 481
841 121
470 599
599 658
977 296
851 392
506 963
730 220
150 276
864 76
906 640
664 69
944 240
958 505
917 335
924 148
393 578
758 17
50 372
251 757
293 305
113 568
239 975
692 9
846 423
159 612
651 809
527 946
952 691
793 228
447 43
57 620
657 151
471 922
964 567
165 319
92 667
800 253
288 578
727 828
100 23
123 97
431 183
625 664
63 922
339 384
778 58
297 557
589 425
921 383
21 285
227 180
870 949
556 74
601 858
199 83
279 475
829 571
499 241
885 787
812 959
141 225
88 440
407 512
104 511
715 777
631 512
658 459
843 434
620 68
218 169
525 928
311 667
754 541
272 66
300 851
497 121
318 409
456 882
905 354
388 342
125 210
196 568
998 936
663 470
576 732
718 986
715 464
827 214
412 453
937 619
322 939
759 319
530 45
632 494
438 210
689 637
194 524
369 554
638 503
558 426
97 266
641 800
423 236
418 548
948 314
502 95
449 269
671 703
563 19
437 956
371 67
874 168
909 420
201 960
672 784
863 917
424 234
228 101
607 813
960 237
338 549
157 284
34 97
590 157
829 695
891 910
566 747
312 61
386 53
276 730
311 151
145 814
835 22
331 377
683 176
150 582
837 569
941 861
976 598
966 19
707 854
516 856
237 413
931 538
875 712
691 95
258 463
43 803
55 220
237 150
624 791
505 887
112 539
209 649
320 675
873 550
450 691
606 559
546 562
851 391
130 333
943 586
48 940
604 680
621 438
636 35
730 360
113 361
206 546
928 10
426 669
872 5
553 336
527 137
733 378
548 345
557 280
825 856
514 519
925 408
126 558
959 204
892 759
640 386
475 592
253 840
684 157
619 166
187 514
552 24
177 554
57 272
433 294
842 918
288 546
490 955
370 984
166 725
808 98
301 313
75 572
382 624
77 465
969 530
982 410
674 445
326 538
47 771
997 159
69 694
0 844
677 768
426 746
85 531
398 945
885 423
177 111
169 207
367 284
534 799
134 518
626 213
624 957
621 751
787 537
306 655
445 423
373 371
4 499
85 705
636 228
762 942
589 739
790 452
944 552
193 916
187 710
455 563
388 918
839 67
827 501
804 955
990 223
366 874
987 353
578 259
594 278
552 580
41 60
682 231
751 640
653 13
213 348
984 859
576 32
442 300
879 708
624 919
103 375
746 5
133 933
529 594
448 735
344 122
168 789
39 203
958 368
986 557
54 154
66 626
673 709
589 689
132 264
761 501
437 825
504 249
123 581
741 849
282 841
139 99
816 399
827 164
188 377
64 996
771 666
553 644
196 2
976 221
430 865
724 151
122 164
583 262
486 96
290 135
917 23
477 205
602 446
9 154
128 895
811 744
8 485
4 895
514 285
830 37
374 996
289 863
161 473
632 34
532 993
364 519
261 473
323 403
324 950
799 651
846 64
524 862
12 116
567 472
34 126
56 575
406 284
477 800
533 509
786 249
158 15
774 592
695 559
803 110
237 818
601 10
54 782
612 923
578 409
275 838
73 148
204 142
645 349
886 64
907 422
968 9
619 816
282 303
897 778
957 410
91 866
795 651
562 799
91 54
623 530
751 666
574 125
148 675
112 327
46 915
244 707
911 728
975 675
433 531
475 656
315 529
813 352
394 160
544 632
733 956
594 374
981 961
889 842
4 864
799 559
230 563
427 109
154 901
274 122
543 132
125 419
937 790
967 494
604 528
384 103
185 519
583 800
614 318
906 360
792 502
414 690
879 235
631 466
489 423
937 837
581 377
34 571
380 962
379 721
729 940
659 884
258 34
83 267
470 473
275 169
510 523
712 120
619 836
223 137
691 560
626 118
492 572
445 84
989 894
327 808
762 493
914 552
722 345
417 494
526 208
46 668
345 481
75 231
446 291
958 58
750 95
480 261
425 130
853 145
75 649
294 888
772 470
621 979
84 190
812 386
325 570
329 465
734 737
212 879
164 260
666 736
402 35
221 751
402 904
600 613
866 13
18 694
569 737
445 804
495 186
83 900
261 655
745 546
734 662
230 885
444 144
190 867
18 996
638 237
170 780
576 265
849 345
341 340
737 864
645 764
577 977
90 258
985 442
645 855
562 351
653 10
554 707
833 368
367 223
212 693
288 539
893 610
428 840
295 976
957 642
235 228
610 275
956 406
3 235
793 74
462 667
302 657
736 732
505 86
472 79
317 408
284 401
477 164
477 440
253 177
550 493
446 276
990 193
549 238
187 836
262 751
992 567
631 996
19 64
86 724
70 23
485 558
952 816
94 525
28 300
148 601
218 649
16 464
589 283
954 912
135 808
568 505
112 755
513 878
716 520
198 427
780 735
415 227
353 524
239 814
679 83
101 373
522 271
508 241
479 281
503 240
743 182
828 783
954 395
124 746
201 247
126 188
949 865
737 68
921 453
607 812
81 23
136 901
489 326
464 143
222 564
133 266
420 380
344 315
95 64
400 688
899 623
417 537
697 256
251 59
207 881
469 651
647 481
941 574
425 877
344 786
826 48
303 208
600 479
765 238
565 715
980 206
836 479
519 708
12 904
180 262
275 575
610 477
18 186
546 465
687 244
490 628
300 542
278 784
254 74
120 839
929 943
896 370
775 927
183 471
614 447
593 268
134 749
634 860
445 129
881 576
931 851
731 719
217 822
201 886
488 368
81 330
487 463
712 900
147 158
937 624
571 911
246 620
688 170
751 508
334 453
958 359
584 254
531 604
308 844
453 781
669 76
864 935
798 541
894 681
633 81
548 943
111 184
538 291
645 927
148 40
155 735
788 12
714 997
371 82
96 780
790 46
343 199
24 248
398 545
112 397
645 552
336 112
664 370
819 739
583 19
624 272
397 90
600 800
348 148
788 492
422 458
248 382
515 12
877 463
190 213
740 774
706 606
403 686
211 393
516 996
627 702
469 938
418 307
445 175
648 499
689 30
339 726
308 498
445 756
536 413
631 485
611 337
837 905
693 729
260 113
180 938
5 959
52 178
344 180
785 696
979 793
680 674
29 138
15 407
263 697
453 211
748 684
115 418
651 154
736 94
575 824
18 363
726 613
5 220
401 305
411 576
812 485
602 180
725 653
340 561
642 222
401 503
396 28
760 679
982 372
118 704
683 519
759 466
303 154
794 465
639 643
685 100
820 197
26 581
191 370
243 819
373 140
955 628
791 171
634 930
620 249
297 116
20 964
78 899
927 633
886 63
623 284
319 565
749 10
312 845
116 140
799 295
475 734
905 458
244 399
229 184
491 277
234 550
710 209
530 167
635 718
414 492
574 977
65 714
520 818
909 577
321 406
343 644
605 79
368 455
189 697
816 401
436 462
940 256
832 23
39 469
441 946
967 985
500 981
725 397
779 764
300 63
872 901
351 667
15 59
131 539
22 882
68 698
966 690
131 973
83 664
40 533
363 600
609 175
651 844
942 61
949 124
156 735
280 115
294 547
673 513
714 218
796 894
974 705
202 360
163 79
791 710
820 444
683 732
32 360
161 550
364 460
428 94
529 191
879 830
532 102
481 491
704 113
536 978
696 661
874 648
670 925
870 727
700 629
730 607
855 976
758 189
972 4
336 235
644 828
358 101
314 137
73 369
414 907
498 753
718 845
248 677
297 976
108 795
942 955
36 42
599 942
328 893
809 983
987 179
25 354
122 785
221 857
144 947
124 415
53 320
929 168
243 180
688 875
893 304
576 207
897 887
67 408
690 728
108 874
973 514
665 501
568 533
951 837
259 996
844 553
674 693
657 640
108 893
726 295
342 699
779 793
520 724
659 930
736 643
828 963
285 393
239 325
398 28
821 307
786 501
880 59
590 469
777 714
354 331
962 723
450 157
373 460
61 193
788 867
6 368
339 3
232 303
295 662
101 437
769 855
284 59
347 53
38 731
450 337
666 87
943 326
720 930
7 606
203 68
893 438
694 426
44 174
178 879
707 600
805 998
744 809
935 516
34 835
901 416
476 326
538 447
568 492
477 930
876 843
467 13
100 399
304 650
414 212
542 212
807 347
781 682
942 332
369 851
940 744
657 794
965 27
366 398
265 607
637 540
846 708
660 985
58 624
883 998
598 36
962 306
784 660
131 420
989 667
134 589
163 85
161 712
22 919
892 34
450 372
136 811
947 628
336 660
8 568
80 904
450 959
696 991
231 365
134 156
362 979
733 400
863 928
867 304
176 615
841 675
677 804
810 737
541 949
434 176
758 144
545 466
706 958
84 341
18 227
15 245
699 963
276 294
111 334
290 721
913 100
239 272
817 309
830 711
53 772
560 78
237 371
574 153
556 313
625 575
1 229
431 682
789 954
214 265
883 561
514 438
632 82
45 569
278 618
400 706
452 607
241 917
980 737
344 976
223 128
307 302
858 141
595 918
766 106
238 668
674 189
509 434
977 47
929 770
970 898
486 229
755 788
206 38
566 404
832 701
197 825
191 891
619 420
270 680
785 791
214 507
98 918
747 825
199 416
494 134
579 527
923 365
347 966
956 297
361 979
791 523
902 967
858 928
244 53
868 962
85 216
680 412
525 639
447 764
128 911
443 847
825 566
281 461
435 569
218 396
801 335
724 147
408 192
432 957
696 739
578 249
432 861
695 231
756 551
195 11
263 576
539 448
934 822
39 611
445 348
287 588
40 273
248 261
562 877
802 671
381 439
428 380
446 771
787 26
838 816
715 952
847 97
474 427
189 828
578 721
304 365
724 906
282 531
676 490
512 524
647 904
196 368
855 24
84 874
963 325
884 36
782 926
14 192
472 386
977 614
543 320
245 484
389 565
258 396
354 624
591 214
236 302
87 390
63 75
86 56
282 793
669 449
866 561
651 583
949 231
116 98
728 898
784 420
382 49
415 493
914 923
623 316
194 989
399 819
303 974
283 938
792 565
364 387
678 12
124 240
1 86
237 495
5 71
665 45
975 478
275 912
413 293
908 972
882 514
61 284
13 937
349 623
604 825
220 250
719 607
761 220
445 543
82 283
781 233
22 737
549 249
462 236
50 974
99 208
135 374
924 703
534 16
710 71
458 342
938 164
120 875
887 835
494 662
196 320
803 887
959 360
593 274
451 938
172 406
216 892
530 424
671 62
27 679
671 69
432 194
194 39
107 869
435 357
171 188
271 801
640 176
876 222
264 878
606 787
9 613
264 876
382 744
852 7
975 766
122 151
936 17
799 283
673 58
383 124
209 568
543 112
669 561
675 685
808 21
552 972
604 586
634 800
186 39
206 817
50 360
187 547
344 898
585 96
605 601
272 983
143 979
825 357
888 24
872 489
447 437
613 68
743 80
331 930
821 730
659 154
90 235
105 651
416 99
784 723
776 620
252 576
209 491
94 844
993 455
930 135
11 722
371 221
639 609
214 828
619 98
593 18
744 171
719 740
502 481
447 658
568 526
149 749
304 512
847 234
131 312
966 244
791 614
392 62
272 194
585 393
666 135
270 82
207 695
372 293
811 288
609 105
757 491
412 540
736 350
623 460
24 381
669 320
220 337
620 84
955 875
233 139
802 788
573 386
869 473
982 140
317 645
122 119
770 30
241 892
373 701
585 540
99 785
208 420
275 937
166 18
350 330
983 111
210 612
454 740
80 369
894 91
119 38
576 806
76 807
962 571
364 660
428 946
281 647
575 258
283 126
878 40
367 539
56 450
952 556
586 564
336 279
563 7
394 188
344 763
564 168
107 400
857 484
994 510
483 278
558 443
875 409
858 249
131 197
923 47
939 643
239 84
681 647
329 813
327 121
704 217
630 988
21 980
609 527
191 316
192 273
294 131
166 37
994 592
149 796
263 284
171 652
360 227
286 456
899 465
258 638
425 664
831 864
146 392
851 992
373 767
514 591
892 766
501 161
357 548
943 818
412 699
47 995
220 881
786 552
403 135
539 255
943 459
491 383
587 175
759 936
740 476
123 155
417 374
91 776
828 451
951 416
151 929
195 142
423 533
381 337
867 298
654 733
464 658
822 139
234 670
258 57
611 836
993 645
119 441
204 104
571 392
47 327
935 823
672 722
93 984
456 324
188 654
63 691
661 387
116 743
434 336
194 448
615 605
969 131
832 182
776 797
586 811
230 596
494 28
477 873
671 76
387 313
940 424
767 209
958 125
451 56
197 972
655 455
727 113
820 740
292 339
345 365
179 565
265 627
426 447
679 47
737 163
25 534
990 995
696 52
412 91
608 821
187 487
404 971
855 591
787 302
288 825
430 949
548 735
388 770
882 890
388 754
788 799
939 906
700 757
496 8
81 363
194 488
317 241
129 239
89 477
216 726
213 711
227 125
4 566
272 408
861 92
357 476
458 918
291 506
245 862
880 112
185 744
43 446
208 276
280 20
764 313
328 427
320 169
472 75
193 262
335 228
82 541
22 485
896 249
302 494
144 136
344 114
557 31
184 734
473 83
524 901
333 218
779 728
419 900
114 162
400 926
143 424
495 238
21 430
429 345
981 873
983 528
952 127
351 569
893 581
898 546
409 931
259 215
475 605
777 564
392 212
891 72
466 106
873 641
695 897
836 500
452 2
149 993
63 76
318 219
529 350
87 526
9 58
493 644
404 9
666 995
534 164
768 29
893 845
51 169
163 255
988 854
511 113
656 268
135 184
846 400
836 673
971 967
23 357
560 500
727 691
576 897
916 898
370 569
699 465
160 317
300 462
555 813
394 621
908 179
395 613
174 532
622 850
980 466
777 640
193 44
491 893
406 752
315 247
765 669
9 117
646 638
239 281
188 373
822 270
125 390
889 599
526 143
387 773
466 22
596 397
964 9
99 766
176 427
150 111
324 875
586 430
129 374
318 297
402 482
869 775
501 616
136 251
104 547
602 469
455 510
133 303
347 391
26 712
396 305
9 703
306 54
832 489
25 976
707 349
632 931
560 634
669 456
86 165
293 334
27 616
941 461
983 383
347 773
421 341
295 591
502 423
152 285
857 303
571 314
696 458
391 792
981 291
194 27
557 521
772 57
386 980
97 6
251 863
325 901
25 754
33 14
14 329
317 209
231 136
586 708
64 477
208 57
564 79
543 293
628 443
775 318
794 425
332 288
623 709
715 14
78 894
269 957
204 652
484 183
636 651
819 881
668 194
745 38
772 497
136 314
334 436
445 656
409 19
45 494
415 507
344 316
273 517
454 382
437 974
370 605
963 33
60 398
725 823
803 328
487 655
893 671
596 294
677 446
614 615
740 146
985 364
680 41
365 777
612 628
862 610
961 79
528 693
298 215
646 340
772 105
638 232
772 74
412 394
595 187
34 435
152 270
658 333
72 304
854 315
322 897
732 241
256 290
27 463
831 159
995 465
272 432
960 430
819 597
983 331
485 926
164 189
585 897
882 907
715 90
767 108
107 161
560 499
40 309
80 382
685 461
186 98
125 763
260 997
101 749
310 70
757 849
640 577
447 791
530 379
532 6
452 153
2 805
560 559
952 77
116 841
662 985
266 276
745 741
692 253
519 841
318 5
508 731
707 468
706 437
784 185
783 872
572 355
36 871
571 771
279 836
607 831
859 206
168 64
249 342
519 487
979 769
230 276
934 864
51 310
534 651
974 142
118 257
551 107
736 884
847 79
405 418
477 900
181 827
230 384
896 236
346 697
209 680
727 675
885 744
376 291
605 305
805 31
320 24
927 332
567 926
387 998
384 546
469 544
774 417
793 829
206 42
141 919
374 569
151 37
932 415
305 83
256 650
723 73
257 8
363 663
746 877
162 193
103 702
567 564
556 681
175 46
185 319
371 205
861 665
764 953
680 833
379 410
547 649
513 762
504 981
298 417
817 632
828 91
852 593
715 758
693 143
691 296
829 935
31 216
485 498
431 457
548 466
803 307
872 479
138 685
146 768
416 265
450 878
244 222
372 474
273 980
701 862
554 769
422 237
429 969
139 128
969 983
631 489
493 122
166 0
565 616
759 312
511 170
892 142
65 17
699 937
774 382
342 785
962 503
7 188
375 673
856 827
652 840
767 284
915 130
601 687
667 335
423 870
882 375
525 738
617 932
409 116
575 899
131 260
495 501
940 137
107 802
323 340
347 136
274 90
61 52
987 805
394 443
439 880
238 690
320 843
562 455
113 209
905 741
854 972
843 807
606 870
193 182
761 872
855 883
621 424
365 665
496 202
38 235
275 86
406 975
321 432
889 717
298 313
714 450
337 196
239 371
279 485
882 122
758 37
283 828
590 332
834 298
97 23
803 911
621 110
428 143
960 916
256 180
534 240
857 108
284 469
323 889
708 602
157 7
256 903
209 425
168 343
168 349
549 242
185 652
761 676
528 96
37 121
131 886
590 710
587 78
720 951
357 383
840 269
409 110
286 295
389 937
309 257
548 369
743 168
207 516
3 872
35 46
46 846
315 882
530 8
164 703
173 371
115 739
934 501
161 521
818 273
256 989
623 383
111 730
498 133
931 949
709 324
899 671
557 110
758 778
515 302
682 623
399 696
853 723
104 649
39 41
836 747
575 445
858 237
863 659
565 162
35 529
426 807
866 666
572 512
264 246
708 39
374 582
714 698
457 357
90 38
614 332
860 303
149 319
613 527
611 522
858 406
150 28
924 899
783 5
205 890
465 8
582 831
48 176
973 913
571 540
748 932
31 748
980 685
312 550
850 247
9 385
77 292
247 770
682 353
356 544
221 21
325 232
505 456
891 643
421 566
53 103
504 814
529 460
952 896
358 941
624 469
392 239
503 833
174 640
50 592
864 507
273 643
992 722
889 201
296 943
886 652
465 450
469 606
520 842
164 33
69 672
239 879
621 762
61 984
840 764
773 215
355 473
757 68
51 499
849 711
324 397
713 297
460 620
411 313
368 616
751 81
677 754
527 705
807 835
327 311
674 454
283 446
636 112
264 11
637 383
319 737
93 603
165 363
125 20
407 749
303 875
80 60
334 718
508 974
427 99
354 142
103 440
213 988
57 891
378 109
184 950
246 263
810 269
300 469
364 558
325 867
378 676
384 465
800 15
879 21
314 688
561 748
878 523
715 895
27 383
579 947
131 682
705 378
85 816
799 424
207 761
303 790
109 654
864 724
78 276
331 610
846 835
362 652
316 390
970 149
363 785
669 858
639 383
854 971
964 771
348 549
44 439
723 374
992 651
504 905
430 628
114 649
946 57
930 577
167 261
540 543
791 998
439 842
764 47
79 549
654 692
259 43
950 55
818 780
40 602
541 222
450 962
420 238
175 845
752 855
741 996
567 471
389 751
754 901
221 66
770 817
422 500
602 807
534 335
385 42
351 792
362 834
978 453
863 459
885 545
496 907
380 502
341 66
738 25
814 263
506 955
378 51
675 156
111 987
257 737
289 439
76 878
8 619
17 766
628 371
670 586
67 419
443 755
440 925
954 356
242 230
409 109
33 418
887 159
502 781
850 632
13 282
845 696
864 518
649 740
764 492
974 284
889 888
208 633
474 498
491 418
199 653
367 295
102 359
896 254
669 733
986 438
985 487
254 116
622 298
147 916
441 638
330 428
139 561
86 6
900 375
816 301
858 50
630 93
572 948
509 924
496 280
328 18
901 295
0 480
720 576
537 881
674 964
722 939
167 719
469 66
431 341
525 124
531 538
925 114
104 138
143 131
751 754
859 123
554 745
354 652
930 749
804 908
209 403
455 882
57 288
158 91
730 277
22 572
771 558
701 260
27 201
99 855
219 487
130 908
73 246
960 597
782 558
552 882
374 741
525 729
941 255
954 434
642 175
611 362
575 643
919 202
155 716
933 493
580 407
137 71
582 441
843 930
472 80
829 422
734 376
577 957
76 508
170 12
462 472
885 298
244 102
645 815
481 769
910 312
272 691
282 74
866 760
529 412
895 75
172 610
973 727
576 98
796 658
363 60
325 38
841 429
502 11
927 330
849 455
199 585
34 687
321 427
230 152
74 728
892 258
820 575
938 229
262 228
709 114
281 43
659 74
518 97
598 260
148 902
851 397
703 226
713 376
628 272
208 203
523 765
488 118
99 398
787 346
178 381
104 756
948 40
119 363
113 456
916 919
866 480
769 397
534 477
588 162
343 730
538 594
947 377
957 602
975 662
172 766
377 171
698 509
677 479
168 981
877 666
614 506
398 963
534 27
721 794
773 399
198 832
127 883
272 252
312 556
734 937
3 364
79 106
89 423
473 623
616 870
973 833
965 224
693 805
963 47
803 427
609 762
534 17
22 936
893 948
6 113
836 471
495 788
542 569
866 100
790 837
823 285
627 768
79 538
185 405
157 257
37 223
215 102
977 731
484 45
592 967
762 941
904 294
6 137
349 876
731 435
943 956
785 373
304 577
137 431
193 5
132 532
267 518
678 327
209 52
858 592
719 103
329 456
933 74
468 184
87 898
972 946
560 591
611 94
527 131
683 880
420 982
551 298
100 116
74 989
33 95
848 759
722 126
571 575
49 120
197 393
528 61
945 748
279 557
346 118
449 474
171 831
720 300
584 66
31 615
442 434
559 797
111 525
811 629
48 841
702 980
873 996
524 61
778 323
15 37
993 105
543 429
618 85
851 224
556 888
198 418
728 948
588 17
763 742
950 429
497 45
665 885
562 478
18 269
953 927
494 183
821 568
112 489
689 519
639 492
951 798
865 208
729 281
683 503
519 586
658 576
368 230
797 311
537 147
708 710
763 876
566 584
328 697
445 710
677 640
151 289
919 479
475 780
434 750
682 147
920 275
294 544
567 287
574 554
501 85
33 996
353 598
361 323
65 286
375 361
230 616
916 530
436 168
110 902
515 885
731 626
397 845
384 355
770 830
479 230
425 256
405 687
504 900
111 650
468 926
460 215
373 132
434 395
190 698
84 406
158 987
517 451
372 763
104 800
949 540
181 871
746 789
689 410
127 522
755 986
585 243
957 21
938 436
689 477
553 423
391 554
785 92
407 654
825 322
959 509
272 78
55 651
215 703
167 538
206 835
506 759
827 564
43 181
391 41
56 563
234 192
852 475
897 110
608 634
198 165
61 664
606 52
649 274
579 668
716 434
225 2
594 3
490 879
648 205
796 11
54 399
983 601
168 753
394 140
83 635
225 228
752 885
616 802
949 533
12 40
473 542
583 875
425 420
308 195
553 842
638 219
109 482
54 27
158 513
723 595
712 141
129 76
875 53
642 536
361 687
124 765
605 66
838 67
752 247
760 418
307 873
216 867
996 240
807 804
649 564
462 963
339 834
620 75
273 719
447 894
956 294
938 48
883 47
870 604
320 633
945 703
979 43
892 847
389 468
93 649
599 803
848 299
191 693
46 140
713 820
146 466
164 923
569 86
37 582
416 961
930 515
931 11
849 331
159 256
706 896
963 347
227 496
434 128
646 487
577 108
86 218
127 572
77 421
568 467
870 435
654 8
470 99
933 221
146 326
509 987
631 642
353 874
894 578
992 985
927 231
177 933
744 595
676 630
69 840
470 742
823 113
966 38
497 825
228 32
748 898
856 394
899 839
783 132
410 964
482 914
331 834
452 675
203 248
128 951
335 571
17 643
910 682
778 189
630 389
535 504
671 523
587 210
197 271
677 497
433 621
362 822
687 496
949 915
161 49
60 63
524 956
896 774
994 748
884 796
511 201
297 885
2 946
737 112
806 932
462 221
986 973
28 416
427 274
979 512
931 200
940 688
416 851
744 689
807 701
632 951
785 371
757 949
867 366
683 111
685 367
205 923
946 642
257 196
919 261
160 864
179 630
492 446
315 574
915 487
150 347
670 389
689 738
798 106
436 972
548 928
44 581
266 395
575 140
421 886
293 346
181 42
92 499
302 93
553 310
268 94
535 778
26 74
43 14
464 62
468 484
588 501
235 675
870 985
983 907
922 94
57 505
390 703
486 438
679 318
459 864
801 155
39 692
509 965
49 694
720 585
250 251
83 159
698 307
665 433
61 285
842 772
653 718
122 640
298 398
294 860
858 704
814 900
792 824
697 99
22 864
525 391
733 334
167 223
307 465
900 187
612 248
400 264
79 991
210 717
793 88
2 675
696 732
626 121
420 582
141 462
822 952
505 60
427 152
29 634
419 862
420 43
402 88
348 482
805 503
264 303
711 105
92 407
227 711
982 607
694 587
485 236
778 697
954 707
715 270
394 447
180 777
637 813
83 112
225 398
531 737
901 679
385 458
386 941
167 192
938 201
770 43
420 584
616 418
915 878
662 286
775 862
81 206
522 449
877 715
766 416
136 612
61 554
463 417
763 924
17 572
948 29
150 454
635 362
58 374
888 48
909 720
455 552
644 226
157 76
334 8
730 139
5 212
889 783
590 437
743 819
400 217
317 818
290 824
822 646
265 371
250 764
844 641
419 26
206 635
760 494
510 501
515 207
881 750
756 479
156 728
793 323
772 749
825 740
902 462
448 951
991 592
616 682
200 105
813 53
216 274
921 86
220 349
823 148
585 225
435 656
210 105
158 941
756 165
47 892
660 430
145 903
667 592
976 265
698 869
132 207
162 550
64 56
113 913
668 951
817 77
644 805
449 172
498 845
201 621
713 231
699 226
993 677
665 554
562 329
133 990
826 206
464 801
562 15
40 750
294 167
299 516
96 74
647 704
613 325
991 278
240 851
524 7
178 326
656 810
101 998
491 819
580 747
335 413
348 918
957 104
396 490
858 223
710 185
90 833
796 974
130 183
966 465
948 894
904 399
362 447
594 172
258 418
875 313
598 676
694 318
865 638
680 866
518 926
312 744
73 302
224 292
177 275
118 862
584 138
53 287
145 645
347 590
680 198
59 875
18 224
811 492
455 506
771 279
664 11
333 522
708 35
170 125
965 962
532 223
656 316
855 880
702 443
265 256
981 251
453 761
57 991
929 29
384 552
971 943
621 856
664 624
399 50
252 229
415 706
651 314
705 271
915 321
277 140
57 26
815 53
53 720
420 249
654 203
856 832
307 484
952 621
741 718
724 994
230 473
839 731
418 741
381 869
715 548
75 669
825 911
896 486
81 345
759 981
919 574
334 297
642 231
758 42
164 216
910 103
735 532
65 680
277 658
625 604
42 396
359 25
245 418
135 934
193 446
569 186
615 891
143 1
124 998
35 262
158 950
633 121
786 90
327 242
561 67
504 766
856 204
410 934
314 323
790 8
888 8
738 365
291 38
5 372
981 922
827 260
706 269
182 950
476 438
659 393
865 438
33 560
405 484
975 594
332 981
623 141
989 236
903 652
964 551
181 599
610 45
886 315
451 856
636 980
985 217
905 472
467 589
368 596
891 325
420 683
862 136
424 536
813 979
281 52
833 142
206 462
45 470
504 539
84 587
989 419
768 640
59 218
941 830
750 661
48 982
601 773
851 484
801 312
360 13
192 707
402 391
656 424
379 265
986 901
110 658
261 994
871 830
724 530
531 118
344 483
859 62
537 731
967 665
828 924
237 819
724 308
49 209
302 751
375 543
423 712
344 701
582 794
594 247
703 563
845 384
589 303
221 849
100 464
908 584
439 494
422 144
366 988
87 394
134 238
480 698
360 786
925 334
368 678
271 536
426 441
828 149
124 110
23 41
186 436
24 512
796 213
593 27
840 991
669 975
319 395
454 545
733 606
897 90
152 624
10 243
226 59
935 599
366 919
753 214
841 36
874 167
873 799
167 433
281 7
289 537
172 713
580 911
631 45
697 16
854 43
383 687
991 677
926 504
303 195
154 619
918 3
898 304
693 115
264 788
969 450
973 706
355 181
201 245
48 599
343 995
70 371
892 815
815 400
347 597
941 34
918 547
48 289
89 454
676 334
15 253
238 307
120 601
288 215
814 582
722 374
527 835
904 78
427 179
57 10
192 804
639 509
388 703
188 706
199 582
943 547
904 10
15 221
508 93
253 825
886 745
954 799
837 400
875 734
371 512
94 314
600 235
461 972
283 736
357 371
425 269
593 353
454 462
887 236
336 222
519 48
691 743
995 286
731 203
913 24
358 850
690 339
60 471
680 603
861 267
659 250
23 237
366 18
33 697
536 695
512 307
427 898
659 195
821 598
167 202
526 859
866 302
74 960
451 538
882 617
766 706
143 28
472 235
743 901
579 348
798 670
843 242
170 187
899 953
124 344
831 836
970 387
764 556
148 516
637 687
865 62
105 173
417 847
752 350
409 362
297 845
579 584
444 37
248 115
968 680
241 342
429 438
857 309
198 946
695 578
328 425
984 920
678 1
255 882
223 11
439 242
688 849
832 468
11 871
722 929
50 319
542 37
427 21
682 949
120 476
99 3
943 166
619 409
156 718
323 623
949 653
706 214
742 685
95 466
601 556
107 202
22 145
389 902
501 637
744 858
415 165
548 217
723 616
187 137
653 890
165 831
765 693
121 503
420 618
285 298
634 700
625 387
110 175
131 877
629 611
962 665
883 779
456 735
491 546
975 79
873 16
404 896
990 411
546 735
677 408
822 177
445 580
218 535
26 95
242 197
237 932
850 372
967 622
894 96
795 654
398 495
319 553
298 437
69 68
32 479
310 369
159 581
667 757
16 215
358 914
410 651
552 695
254 336
457 533
197 979
628 692
26 428
999 965
980 30
768 304
98 431
695 766
95 936
564 113
18 163
755 121
966 15
37 489
325 45
387 229
444 362
646 960
30 998
284 781
493 572
628 144
850 9
102 358
211 660
383 119
894 757
689 824
257 780
108 640
715 994
605 726
762 695
47 526
19 50
291 105
243 706
354 742
757 953
977 648
746 611
251 569
916 575
904 429
460 158
892 823
771 431
904 658
626 679
556 116
667 334
376 454
523 669
449 523
605 257
754 755
496 736
461 18
805 342
791 501
359 880
380 607
404 992
792 632
819 223
862 585
138 601
925 119
145 759
609 785
887 173
78 555
847 505
596 960
486 37
50 380
196 481
516 257
929 708
171 832
409 795
599 612
438 895
786 175
548 148
306 679
200 868
920 895
328 899
716 52
790 811
119 746
316 833
690 257
422 753
694 8
932 922
248 810
173 404
804 902
946 973
579 380
247 612
235 730
811 956
635 636
754 551
29 823
753 827
43 206
885 64
150 0
899 518
17 184
701 237
537 130
704 614
213 765
156 704
976 276
891 38
880 271
727 179
540 895
359 827
798 321
992 46
934 166
486 109
500 511
565 689
928 185
910 816
882 240
489 546
409 934
256 736
118 176
747 28
71 885
686 366
581 0
13 390
75 775
677 409
766 299
939 832
663 432
434 27
534 372
856 980
747 227
610 59
279 656
129 209
759 968
501 177
973 22
479 323
391 6
125 587
856 917
923 40
598 639
796 158
510 289
426 541
928 357
624 650
734 137
151 50
588 106
208 757
381 527
493 95
824 788
157 203
652 762
831 985
570 286
171 639
688 192
684 146
234 553
397 719
328 785
663 921
5 486
765 717
427 69
493 805
443 939
600 315
211 605
173 625
482 242
49 847
907 750
880 109
137 942
921 766
967 974
952 112
220 892
597 252
47 347
816 211
561 544
165 195
284 534
474 312
993 933
782 498
12 148
533 847
300 45
285 830
644 229
833 887
331 363
672 948
910 150
314 607
188 532
942 58
126 694
444 18
503 214
174 106
657 340
115 462
620 662
55 488
643 349
128 451
840 721
819 521
868 817
811 330
830 410
528 818
889 89
161 903
143 108
953 486
7 570
693 25
809 124
817 960
900 127
375 576
739 939
571 791
817 971
656 509
295 814
156 606
433 617
751 766
488 239
356 367
9 349
954 242
821 747
905 680
661 974
900 11
493 852
657 718
446 929
774 341
328 331
853 595
511 661
606 471
945 114
814 108
101 746
665 291
19 880
808 299
103 720
216 924
913 496
370 945
736 986
429 614
827 528
683 22
604 665
510 45
249 317
676 29
688 445
309 559
893 270
722 0
375 61
55 366
84 203
915 519
234 177
462 372
584 253
421 278
184 986
135 591
867 606
297 359
113 544
325 521
91 833
447 941
373 475
593 425
149 461
257 860
131 652
763 425
717 858
552 616
91 464
71 726
270 536
99 103
320 468
216 503
234 967
273 268
422 130
190 652
44 368
52 956
242 92
970 29
840 320
160 769
872 722
190 838
117 519
640 682
645 125
666 722
528 42
646 991
30 86
881 687
172 371
202 555
715 198
288 667
330 309
729 690
321 297
748 91
775 802
717 749
398 968
819 174
577 167
720 94
390 887
95 352
164 272
274 963
266 954
453 239
638 50
717 308
296 469
950 458
818 905
321 603
265 603
867 538
942 717
480 339
248 380
854 451
688 413
21 724
663 475
327 241
416 9
445 639
925 428
972 687
945 677
275 900
799 864
102 84
574 141
351 202
163 340
10 622
710 688
889 79
436 651
260 78
467 95
119 465
934 453
302 149
777 293
53 358
273 756
477 878
889 805
255 609
714 527
987 373
235 959
540 984
80 503
785 734
467 784
168 495
423 234
244 734
729 24
671 386
837 654
982 532
187 990
780 808
708 968
350 888
238 573
489 1
622 603
494 291
950 694
408 626
793 939
850 495
428 748
233 347
989 150
466 905
993 692
588 952
954 428
496 892
382 613
327 255
108 784
523 384
480 575
276 739
972 559
144 773
965 713
795 376
499 785
654 528
795 765
440 793
166 710
8 545
828 705
327 249
578 444
478 777
198 293
516 60
717 656
262 272
369 33
600 75
936 551
800 686
657 154
213 748
956 378
154 114
578 659
730 110
127 831
853 756
119 258
581 518
479 282
865 98
768 278
460 857
669 872
729 374
949 278
827 119
614 191
421 94
853 979
81 522
983 50
63 244
138 901
282 739
354 517
590 149
119 983
-1 -1 -1 -1 498 49126 -1 -1 -1 -1 63529 -1 -1 -1 -1 -1 1999 -1 -1 -1 -1 -1 -1 54080 -1 -1 -1 9050 -1 -1 -1 -1 -1 -1 28775 -1 52078 -1 -1 -1 -1 -1 9757 -1 -1 -1 -1 63631 9863 -1 38738 -1 -1 -1 -1 23284 -1 15984 32797 -1 -1 -1 -1 -1 -1 -1 38393 -1 -1 -1 -1 -1 -1 -1 -1 12822 -1 -1 -1 -1 -1 -1 5465 -1 -1 -1 -1 -1 -1 -1 -1 -1 -1 -1 -1 -1 38130 19852 -1 -1 -1 -1 -1 -1 -1 14880 -1 -1 -1 -1 -1 -1 -1 53012 -1 -1 -1 -1 -1 21640 -1 -1 34453 -1 -1 -1 -1 22783 -1 -1 -1 -1 -1 -1 -1 -1 -1 -1 -1 -1 -1 -1 -1 -1 -1 13535 -1 -1 42498 -1 -1 -1 4295 -1 -1 -1 -1 -1 -1 -1 -1 -1 -1 -1 -1 -1 38427 -1 35408 7739 -1 -1 -1 -1 15496 -1 -1 -1 -1 63873 -1 -1 -1 -1 -1 -1 -1 16353 -1 -1 -1 -1 -1 19838 -1 -1 -1 28434 -1 -1 -1 -1 56936 20647 -1 -1 -1 53418 -1 27194 -1 -1 -1 61892 -1 8182 -1 -1 -1 16569 -1 44790 -1 -1 12074 -1 -1 -1 -1 -1 34851 7861 -1 -1 -1 -1 -1 -1 -1 -1 -1 23839 14753 63064 -1 16931 -1 -1 48834 -1 35216 -1 -1 -1 35895 -1 -1 -1 -1 -1 -1 -1 -1 1416 -1 -1 -1 -1 -1 -1 13255 8972 -1 -1 -1 -1 -1 -1 16562 -1 -1 3470 -1 -1 -1 19 -1 -1 -1 -1 -1 -1 -1 -1 -1 14110 14661 -1 -1 -1 -1 -1 -1 -1 -1 -1 -1 -1 -1 32208 -1 -1 -1 -1 -1 -1 -1 55540 -1 -1 -1 -1 -1 -1 -1 -1 -1 -1 -1 -1 -1 -1 -1 2981 -1 -1 -1 1071 -1 -1 28142 -1 -1 -1 5476 -1 20299 40407 -1 32650 -1 -1 -1 30277 -1 18561 -1 -1 -1 -1 16325 -1 -1 -1 -1 -1 -1 -1 -1 -1 18914 -1 -1 -1 14288 -1 -1 -1 -1 -1 -1 -1 -1 -1 -1 -1 59714 49467 -1 39437 38420 -1 -1 -1 -1 5264 -1 -1 -1 32270 -1 -1 -1 -1 41822 -1 40821 -1 -1 55051 48674 -1 -1 -1 33329 17492 -1 -1 -1 -1 -1 -1 32882 -1 -1 -1 -1 -1 -1 -1 -1 51398 -1 -1 -1 18606 -1 42483 62666 -1 -1 -1 -1 -1 -1 56239 -1 -1 -1 1330 -1 -1 -1 -1 -1 9209 -1 -1 -1 60322 5718 -1 -1 -1 -1 -1 -1 22097 -1 -1 -1 -1 -1 -1 508 451 -1 50202 -1 -1 -1 -1 -1 51314 -1 -1 -1 -1 -1 -1 -1 -1 -1 -1 42152 -1 -1 18242 -1 -1 6045 13830 1333 60024 -1 -1 -1 -1 -1 56627 13519 -1 -1 -1 18416 -1 -1 -1 -1 -1 17650 -1 -1 -1 -1 -1 -1 -1 -1 -1 -1 -1 8594 -1 -1 34090 29616 -1 58660 -1 -1 -1 -1 -1 30557 -1 -1 -1 -1 -1 -1 -1 -1 -1 -1 -1 -1 -1 49827 -1 -1 -1 -1 -1 863 -1 64446 49345 -1 -1 -1 -1 -1 63635 62984 55837 -1 -1 7633 54565 -1 -1 -1 -1 61983 -1 44657 -1 -1 -1 -1 40678 -1 -1 -1 -1 -1 1407 19344 -1 -1 -1 -1 -1 11101 17402 -1 -1 -1 -1 -1 -1 -1 -1 29552 -1 -1 -1 42026 -1 -1 62809 -1 -1 -1 -1 -1 -1 -1 -1 28498 -1 -1 -1 -1 58846 48128 18054 -1 -1 -1 -1 -1 -1 -1 -1 -1 -1 37377 -1 -1 -1 -1 -1 1490 -1 -1 -1 -1 -1 -1 -1 -1 428 -1 -1 41405 -1 -1 2133 -1 31500 -1 -1 -1 24103 -1 -1 47518 -1 -1 -1 -1 -1 -1 -1 60882 -1 -1 -1 -1 -1 -1 -1 -1 -1 35999 34238 -1 -1 -1 -1 -1 -1 -1 -1 -1 -1 -1 -1 -1 -1 -1 -1 -1 -1 -1 -1 -1 -1 35114 -1 -1 -1 -1 -1 -1 -1 48215 -1 -1 -1 -1 -1 -1 -1 -1 -1 -1 -1 -1 -1 -1 -1 -1 58878 -1 62147 -1 -1 -1 -1 -1 -1 -1 24016 13383 21856 -1 59447 187 -1 -1 -1 -1 -1 -1 -1 18724 -1 5529 -1 -1 17913 -1 -1 -1 53660 -1 51992 19638 23511 -1 -1 60600 26100 3510 -1 -1 -1 -1 -1 -1 -1 55488 60819 -1 -1 -1 -1 -1 -1 -1 -1 -1 -1 -1 -1 -1 -1 -1 -1 -1 16550 23861 43317 -1 -1 -1 -1 -1 -1 -1 33880 -1 45113 -1 -1 -1 -1 -1 -1 30027 8834 -1 16247 -1 54455 -1 40146 5896 -1 -1 -1 -1 -1 -1 -1 -1 36106 -1 60626 -1 -1 -1 -1 -1 46215 -1 -1 -1 -1 -1 -1 -1 -1 12626 -1 -1 59268 -1 -1 -1 -1 -1 -1 -1 -1 -1 -1 -1 -1 -1 -1 -1 -1 -1 42926 -1 30782 -1 -1 -1 -1 -1 58796 -1 -1 -1 7392 23778 -1 26893 -1 740 -1 -1 -1 -1 4600 -1 -1 40610 -1 57429 -1 -1 -1 11266 -1 -1 43437 46788 -1 -1 -1 -1 -1 -1 -1 -1 -1 -1 7963 16374 -1 8026 -1 -1 -1 -1 -1 -1 -1 -1 -1 48026 -1 -1 -1 -1 -1 15364 -1 -1 35283 -1 -1 26245 -1 -1 -1 35044 -1 13429 -1 -1 -1 -1 -1 -1 -1 50098 -1 -1 47002 -1 -1 44214 -1 46709 -1 -1 -1 -1 255 -1 35208 -1 -1 37451 -1 -1 -1 3454 -1 54250 56072 3694 -1
3
0 684 3 771 9
1 706 10 796 12
1 50 3 316 14
