1000 5000
772 28
690 290
117 660
326 221
217 431
208 675
797 329
755 227
197 134
896 782
766 646
30 733
304 870
453 168
707 631
762 43
717 341
519 856
690 837
443 757
992 450
673 553
797 733
283 28
441 197
45 646
492 517
885 309
458 590
158 998
590 739
577 770
633 164
129 658
39 840
380 222
805 189
28 119
830 280
844 576
430 672
875 357
52 546
271 877
31 837
638 84
354 214
324 703
32 745
369 433
249 764
870 654
906 815
584 386
792 2
500 702
357 387
230 796
85 837
376 244
983 100
944 792
670 918
662 513
829 491
424 492
918 292
523 675
526 357
200 55
461 645
65 164
900 684
177 137
790 482
218 651
827 197
659 104
808 244
268 805
548 730
793 156
910 596
912 902
835 854
965 138
80 254
954 187
140 11
554 87
24 645
199 3
258 360
253 929
536 501
287 268
544 725
846 737
727 339
594 239
163 372
110 383
457 901
865 383
760 147
402 502
911 114
736 577
81 983
280 758
341 418
639 196
905 15
596 474
589 131
336 340
188 754
288 533
110 525
574 902
146 302
496 36
675 879
935 96
131 594
277 261
948 929
122 515
782 783
132 992
809 307
332 690
88 478
793 373
165 846
944 62
912 696
763 828
269 255
472 952
190 931
254 240
499 967
188 974
129 484
378 527
369 481
309 91
128 969
727 288
431 523
422 573
605 433
895 507
109 251
892 385
762 190
949 618
19 702
924 206
577 435
491 112
614 417
238 90
388 446
217 242
451 776
663 888
555 559
285 643
933 628
318 106
740 172
68 893
346 487
827 287
525 129
767 377
966 465
274 906
987 177
279 919
75 792
354 443
486 669
347 769
19 214
513 126
896 505
625 806
936 214
963 640
629 68
269 917
673 236
338 888
795 541
38 499
206 225
80 811
377 692
255 88
850 651
971 415
68 579
719 727
882 820
382 590
92 24
830 705
501 97
608 171
75 664
525 629
864 18
226 91
757 419
94 316
455 337
474 874
584 63
393 544
265 427
131 150
703 449
569 529
499 383
122 120
852 513
676 586
190 283
793 147
187 487
689 743
428 644
677 547
590 365
897 879
542 641
172 695
624 413
53 801
941 125
465 505
151 142
72 580
135 97
246 635
50 235
515 378
998 383
38 312
15 495
693 917
89 450
133 597
578 107
539 870
328 84
794 442
398 215
563 470
936 676
747 785
58 422
363 119
683 731
124 24
672 628
816 523
185 240
47 141
792 434
885 509
595 410
124 205
853 181
874 417
935 837
969 230
580 548
968 221
240 354
286 981
452 795
33 487
609 119
781 791
923 985
208 190
971 439
856 395
122 338
898 948
81 122
375 783
549 939
18 192
552 579
105 593
353 832
389 405
920 145
226 546
770 167
360 341
772 83
281 529
839 775
868 707
140 236
508 580
58 19
501 546
18 93
230 297
602 921
648 362
938 40
195 173
237 972
441 998
890 798
114 267
772 751
650 301
633 66
449 977
293 28
45 930
7 732
487 350
964 333
675 570
42 393
677 756
419 779
995 270
270 208
441 157
893 413
540 93
905 394
28 6
186 429
458 532
818 958
515 976
436 603
499 46
489 234
81 763
672 724
525 596
476 106
890 911
871 985
899 532
908 762
285 559
656 917
636 240
133 102
15 374
655 206
147 673
567 783
506 526
191 917
449 380
339 482
576 804
133 960
16 458
392 895
505 643
671 35
686 865
633 260
152 608
535 558
534 608
909 300
715 365
130 873
253 0
266 755
473 55
91 394
540 372
235 39
896 34
746 529
592 124
287 811
405 272
399 811
967 346
226 742
183 25
652 467
367 569
264 430
956 920
154 199
711 366
417 542
402 668
179 52
779 535
161 4
730 337
671 244
455 259
438 189
887 125
22 21
155 365
595 801
138 876
66 116
500 743
963 490
808 692
515 114
997 127
634 927
442 92
436 297
965 171
678 647
547 146
599 848
673 962
131 319
595 925
107 969
501 579
849 655
989 920
879 864
201 405
37 140
355 243
350 475
380 294
487 582
965 5
793 323
277 493
158 539
5 77
812 940
271 451
764 8
413 576
482 940
813 133
852 281
591 370
896 520
784 742
840 484
260 583
9 629
608 822
793 190
387 742
882 622
425 126
953 57
307 132
736 817
124 410
782 447
559 484
713 611
335 768
684 954
345 965
747 365
160 558
991 940
771 754
256 842
187 296
770 812
510 597
957 295
177 998
174 218
691 721
33 25
329 835
0 582
707 656
471 363
105 739
902 776
938 688
539 258
969 541
125 581
406 764
624 891
360 228
821 411
394 489
998 346
31 543
933 0
965 230
86 470
220 17
750 971
234 452
144 383
947 41
566 169
822 762
407 399
713 453
151 820
3 23
282 67
934 284
896 30
303 190
38 578
374 517
466 545
104 531
205 37
403 632
135 281
454 209
954 819
825 108
885 981
3 73
349 914
731 345
960 752
407 194
377 522
979 207
131 799
702 733
564 8
648 412
973 924
36 103
144 278
851 932
701 632
268 229
913 209
597 759
5 841
213 141
564 763
642 416
652 729
454 56
199 237
756 257
884 559
723 164
351 269
453 930
343 929
951 660
930 55
963 594
813 749
551 197
862 463
82 940
914 911
289 485
304 860
344 778
115 349
487 722
425 55
676 122
449 965
975 839
411 598
88 823
813 115
893 569
346 220
194 317
475 408
532 526
925 61
907 829
715 863
949 389
716 888
46 728
601 427
838 945
711 494
877 698
420 303
908 443
755 99
592 311
493 972
885 991
881 60
612 146
243 161
352 770
363 483
238 361
568 967
133 685
645 281
77 53
110 550
679 728
79 900
206 152
740 201
795 898
589 822
314 936
207 389
344 869
244 187
78 942
267 766
849 714
634 530
490 329
205 544
788 742
596 321
292 735
586 917
751 685
332 301
542 387
333 826
56 325
242 869
686 172
363 139
203 463
831 256
911 741
199 637
266 841
587 573
265 907
342 913
179 264
6 955
653 186
770 785
297 431
435 260
791 319
849 863
288 946
357 976
776 656
566 115
672 290
702 993
726 189
917 680
196 555
859 105
439 27
142 272
313 873
757 45
949 631
230 355
705 583
359 407
873 439
348 633
26 75
578 788
16 248
640 548
286 113
224 822
757 731
102 388
333 449
226 356
288 229
897 145
151 338
204 624
596 165
738 993
498 339
663 24
527 757
108 713
850 666
130 470
911 994
46 371
302 345
508 956
200 56
550 124
658 447
925 251
747 540
500 404
406 213
43 503
35 168
199 570
18 750
867 566
877 39
513 377
207 35
588 392
741 291
368 542
111 25
16 985
41 507
599 211
514 101
223 194
997 559
310 909
289 393
120 219
821 953
552 792
361 175
986 797
517 243
890 913
904 17
554 773
373 436
293 190
206 745
807 85
426 242
93 862
851 22
523 697
863 193
939 260
175 297
541 952
937 527
321 885
813 899
544 533
83 509
737 563
999 864
632 78
759 178
740 13
166 137
931 107
342 952
329 357
292 997
313 11
128 561
182 329
908 188
865 468
743 485
861 902
117 231
428 536
473 753
324 835
239 810
196 499
562 278
399 236
125 673
76 184
541 538
158 123
986 892
948 688
898 578
495 962
13 274
426 616
352 618
795 922
285 759
165 747
1 861
658 122
472 97
713 320
91 223
163 352
709 754
965 641
743 256
821 951
211 21
373 116
21 310
396 765
144 957
886 510
244 8
684 30
394 248
743 694
951 75
736 283
547 603
376 729
52 584
382 961
327 397
748 909
859 997
791 481
26 645
306 992
542 913
513 334
620 680
630 923
961 307
483 606
887 523
902 412
283 248
980 735
132 98
867 577
48 857
653 569
496 958
500 457
269 144
743 116
93 778
215 843
80 789
95 670
890 801
787 432
374 346
470 83
778 62
363 963
211 873
109 980
372 10
482 14
438 883
883 884
701 694
284 463
14 5
775 287
30 579
667 384
194 576
702 592
935 490
425 527
776 550
346 613
900 513
568 545
204 951
595 521
188 628
270 747
698 689
637 537
569 525
289 787
142 477
218 830
673 798
658 783
22 93
134 656
360 937
859 574
695 362
603 787
2 280
493 733
968 168
724 908
74 269
311 428
939 609
320 596
713 597
970 691
905 680
478 471
256 710
758 454
634 496
651 71
401 890
349 65
650 64
834 404
430 613
394 991
249 646
6 290
239 654
888 191
206 114
677 778
12 507
550 669
868 610
863 422
27 283
509 949
333 666
205 990
51 544
663 957
864 315
250 600
163 722
273 825
199 876
460 124
887 378
550 444
534 459
347 483
478 788
476 623
309 688
245 409
363 811
774 27
146 686
284 550
127 461
573 845
881 79
284 747
625 38
991 92
591 23
358 438
372 201
21 510
760 946
188 193
431 241
454 483
280 461
276 422
411 837
289 5
877 118
458 574
895 620
525 215
336 853
865 430
554 203
622 542
463 16
214 191
126 396
590 360
270 185
590 139
656 695
733 788
732 709
338 822
825 255
894 358
993 847
556 133
349 117
272 316
126 562
610 100
740 301
370 743
254 723
817 353
121 114
178 592
706 45
999 116
370 285
298 390
243 709
956 707
256 830
176 352
908 109
176 10
142 851
983 578
242 863
642 687
722 710
759 208
56 69
729 186
996 573
783 430
271 788
722 723
149 595
570 665
150 386
723 511
452 522
81 834
704 306
589 872
557 183
673 172
615 52
698 177
199 849
227 230
516 748
163 14
957 195
74 863
674 924
56 32
330 191
847 37
148 190
223 200
257 905
110 320
926 772
697 594
996 4
348 637
191 686
19 554
158 793
285 755
492 480
277 211
971 165
529 736
61 342
227 839
887 316
261 123
713 258
548 912
335 5
812 925
408 896
276 544
328 261
68 836
159 726
844 942
774 623
681 187
106 855
393 560
632 308
635 55
518 689
457 744
888 622
830 282
456 130
937 200
804 411
449 988
671 969
873 626
33 675
951 245
119 408
372 515
870 915
370 957
423 101
976 570
736 431
559 306
795 383
947 222
920 321
208 557
905 47
873 920
104 256
781 611
588 115
118 350
114 592
979 783
273 745
255 779
296 431
906 632
446 385
156 546
350 302
753 47
476 154
482 504
744 614
848 1
937 186
899 421
762 523
456 260
958 715
720 170
833 318
699 828
104 473
54 499
458 513
677 664
968 547
178 724
304 64
808 799
563 437
827 876
771 429
545 968
150 481
329 140
476 331
250 73
230 398
514 326
857 699
71 446
363 465
149 854
549 934
824 4
861 63
370 394
268 590
475 375
514 495
738 950
285 688
245 322
988 733
868 796
278 682
824 219
654 556
443 335
837 675
160 707
510 357
749 637
629 846
211 816
50 342
582 786
952 767
588 746
221 780
548 648
269 587
867 404
25 598
30 194
938 258
643 776
356 40
363 931
647 898
551 734
577 45
120 3
200 162
82 744
889 4
576 577
530 67
119 315
275 612
115 956
7 458
920 98
470 369
159 720
753 252
338 176
218 786
356 558
775 228
302 249
651 504
277 637
851 262
62 864
163 173
755 551
249 804
898 925
667 737
884 263
60 829
243 736
101 874
921 377
316 174
632 218
22 735
30 697
811 133
421 796
945 268
162 534
350 672
899 283
466 129
930 579
41 932
874 50
981 129
353 900
561 170
747 893
495 173
549 378
970 443
660 42
160 665
811 824
377 107
126 372
204 644
70 582
959 992
595 621
313 208
697 582
89 949
47 439
739 494
689 967
903 334
821 392
607 128
340 402
392 834
584 251
164 475
452 320
317 513
545 671
124 154
735 440
962 775
758 733
838 195
337 479
872 188
987 710
404 347
417 778
388 832
619 222
877 46
54 572
421 167
302 231
654 502
719 916
540 475
967 158
715 11
998 171
825 545
819 471
727 972
765 881
280 160
17 395
984 448
301 65
686 797
22 784
960 617
104 693
899 327
90 679
335 859
111 686
970 35
212 119
437 996
550 835
186 112
873 712
629 345
558 529
274 182
19 649
846 907
583 61
884 315
642 438
377 784
925 848
10 996
243 442
634 915
92 908
146 156
130 243
486 475
326 459
306 891
739 903
73 749
211 715
740 488
469 313
939 69
469 883
61 211
347 64
589 442
391 133
120 499
33 65
939 576
802 924
66 386
61 737
255 93
701 204
654 552
848 473
868 795
828 236
661 308
587 252
17 41
326 658
233 906
224 45
393 936
224 859
756 269
25 507
273 985
493 308
122 845
507 591
602 431
677 727
355 337
560 188
713 227
220 450
783 270
905 938
256 555
266 639
466 296
580 934
45 545
973 376
696 53
259 44
216 553
472 282
705 642
17 524
454 715
234 133
69 319
859 65
182 695
676 493
442 438
628 577
504 632
725 746
804 346
500 123
493 114
684 564
246 757
362 747
710 271
801 377
611 541
572 612
268 95
856 928
778 319
585 425
519 505
529 939
560 719
808 720
924 567
371 418
629 552
235 735
846 252
464 128
207 876
102 911
363 30
974 663
696 546
142 449
620 284
894 31
879 611
707 346
849 453
410 675
508 900
74 824
24 884
761 415
791 915
828 862
344 619
668 396
233 676
700 633
720 418
214 118
98 655
461 869
51 548
280 112
115 329
961 986
895 187
156 31
37 856
945 3
210 159
586 532
537 206
646 279
768 4
974 175
988 207
91 24
747 724
756 936
951 47
607 156
950 316
487 973
172 509
809 250
277 305
388 203
602 839
943 170
420 928
481 825
345 7
704 156
383 701
295 569
366 71
313 734
984 719
49 306
8 612
280 55
56 889
559 491
668 991
379 159
732 232
69 577
815 824
90 456
238 350
573 87
832 271
63 905
281 758
743 893
845 723
594 645
331 936
633 368
192 555
672 985
71 363
66 188
468 330
366 656
712 36
300 644
62 417
840 655
48 325
643 45
511 403
72 651
478 27
544 876
611 181
776 950
61 821
783 699
530 119
537 615
945 678
214 905
268 780
850 218
0 729
687 742
794 54
367 803
198 542
406 781
433 683
407 992
52 498
245 963
268 818
977 576
170 534
620 734
621 929
799 524
957 484
64 491
856 394
579 782
971 196
379 130
101 672
566 303
239 14
673 725
359 898
507 646
747 14
422 445
411 705
732 414
748 415
273 622
359 235
550 24
228 163
586 115
174 285
488 719
244 442
904 342
964 512
662 336
50 148
876 320
171 523
229 942
150 215
654 582
592 217
797 698
193 431
355 205
123 860
946 23
536 995
397 296
357 780
578 854
946 897
64 703
690 207
576 281
164 189
336 77
417 332
1 229
615 803
147 553
343 536
327 628
483 617
725 39
200 737
132 198
351 738
827 130
739 55
183 910
833 372
406 778
645 160
173 848
900 822
403 365
767 926
136 954
370 343
715 169
451 734
248 476
173 559
728 988
243 212
0 784
575 868
603 815
132 507
90 314
143 176
407 780
545 444
657 85
416 201
811 707
492 884
730 407
404 535
419 907
662 166
131 222
772 361
126 221
43 885
580 253
316 108
453 456
905 689
150 266
637 60
640 248
384 990
194 42
750 842
395 406
885 115
680 153
340 216
291 153
316 194
171 234
656 6
10 707
412 15
744 119
970 398
225 475
675 137
132 41
595 993
831 365
790 464
954 493
508 406
320 286
227 109
557 325
221 842
230 292
575 766
525 716
210 321
229 950
512 757
403 826
523 467
289 629
722 740
621 647
444 861
801 259
549 379
420 986
648 386
447 564
574 176
434 126
469 440
80 956
575 721
198 689
604 93
340 341
482 671
309 107
706 277
608 230
212 355
509 764
131 336
924 543
478 384
872 441
207 257
354 746
379 608
865 380
924 877
680 61
129 566
510 548
354 615
385 955
266 82
151 103
638 799
349 124
747 199
140 554
531 361
643 548
733 832
377 561
333 5
525 195
140 289
831 211
457 211
551 34
397 901
203 563
588 256
211 755
926 650
56 728
661 654
789 597
389 829
624 88
742 902
84 298
227 212
25 556
178 626
35 217
286 266
773 798
409 131
321 468
941 374
642 952
124 233
57 423
122 990
263 668
671 976
503 843
238 887
969 762
115 599
804 577
522 859
400 307
522 554
969 141
371 482
949 893
318 414
685 103
214 856
286 994
355 619
688 488
903 577
420 471
412 774
499 321
537 789
570 906
655 703
241 954
649 454
284 53
812 482
42 158
703 883
294 330
59 389
44 415
464 348
356 561
27 175
437 948
358 240
127 614
551 466
209 31
351 282
847 235
482 263
225 367
459 385
629 418
79 701
401 854
929 171
988 737
878 67
150 708
741 909
611 535
720 378
847 545
994 499
324 46
730 208
882 545
989 593
196 952
831 183
251 412
314 694
988 933
293 959
848 97
743 81
108 350
164 871
169 756
707 189
125 509
111 883
632 925
251 201
129 400
283 949
382 397
243 479
945 507
783 606
866 478
862 849
658 603
639 787
291 313
781 828
307 916
808 374
414 888
125 63
527 745
270 426
154 748
212 538
73 349
113 911
345 277
533 152
364 399
792 627
352 282
303 386
857 698
663 526
115 253
198 573
813 874
216 998
153 144
271 455
20 873
449 925
195 364
292 128
706 999
363 440
809 980
891 341
614 259
549 283
56 676
226 51
58 61
346 209
846 115
155 512
45 765
298 251
15 405
172 697
71 988
532 336
138 331
321 944
336 31
602 999
974 874
914 79
555 892
86 751
866 937
977 530
341 636
443 95
498 629
154 543
106 646
142 868
780 415
525 248
846 478
94 733
574 947
258 650
4 271
48 317
661 203
559 895
498 766
417 344
285 157
294 597
183 488
363 768
702 430
546 661
52 765
560 799
258 447
26 982
84 172
476 957
729 829
302 431
922 893
759 949
227 47
792 645
149 976
352 609
402 90
467 667
613 334
887 410
875 584
24 600
971 884
735 426
66 144
971 943
547 639
659 315
402 578
847 734
841 218
952 492
149 176
719 360
540 504
320 378
11 195
221 574
928 805
150 500
234 372
724 702
872 301
190 697
964 901
475 426
920 59
499 142
133 613
134 701
316 883
733 358
299 192
225 967
529 583
456 267
958 675
139 647
188 994
577 22
20 153
694 11
57 641
795 684
561 433
952 619
387 562
706 617
388 951
405 412
230 915
37 244
493 304
509 273
271 109
775 674
719 858
765 173
745 513
33 943
438 591
909 536
68 937
125 420
309 860
537 519
80 766
581 545
818 721
549 579
365 638
463 295
110 159
829 240
435 959
702 892
678 632
998 82
259 884
474 137
845 676
228 118
425 301
329 837
422 347
196 449
281 665
756 373
548 948
777 907
650 946
713 57
125 410
544 532
663 20
517 992
404 533
919 243
670 593
297 509
757 672
606 824
576 544
181 447
97 104
17 153
363 245
342 105
868 183
501 889
504 834
460 905
514 271
353 763
721 912
30 543
621 100
860 903
306 837
217 142
794 492
121 443
905 832
730 49
987 47
304 433
991 375
68 548
862 387
498 586
752 813
948 821
932 308
481 941
455 684
350 426
598 664
699 594
361 464
114 478
608 643
396 704
456 855
575 816
6 732
376 284
852 602
968 370
797 121
397 893
573 988
624 50
965 69
945 363
203 268
617 188
133 448
54 679
198 724
20 332
734 409
847 820
547 539
951 792
282 615
280 347
737 555
622 484
329 588
312 647
553 642
705 724
802 517
441 469
289 428
803 141
904 387
630 894
384 312
667 966
153 999
885 457
571 247
876 13
601 309
177 597
657 647
289 709
103 635
224 599
288 23
149 642
283 84
469 227
879 822
348 56
11 222
486 936
967 338
690 90
707 966
557 651
108 247
29 392
780 981
820 786
205 83
328 646
127 611
424 338
595 504
193 565
319 636
450 598
574 411
309 616
952 673
712 439
599 632
652 32
825 862
81 237
118 843
950 94
828 929
603 451
315 24
618 816
265 841
182 555
393 203
589 480
87 16
911 552
436 492
166 607
129 845
967 305
923 616
825 773
716 219
640 128
91 493
955 42
992 522
865 101
338 809
460 65
21 35
466 89
68 221
763 349
930 576
622 396
48 774
920 5
304 309
779 321
116 620
465 538
249 45
956 251
855 257
752 426
258 264
791 38
864 151
299 318
987 740
433 90
897 259
809 598
984 463
724 220
258 974
625 280
828 866
248 825
651 130
532 494
403 463
662 714
806 797
400 263
70 296
734 504
941 695
250 260
906 267
343 749
752 333
877 102
273 944
938 698
884 70
643 65
485 808
240 884
738 454
433 592
935 113
96 334
249 274
933 504
777 299
142 513
507 453
264 421
446 738
527 46
948 523
742 878
589 56
434 85
579 447
103 460
948 880
821 212
541 982
719 938
925 521
408 639
495 38
333 510
77 590
655 569
532 0
233 649
908 148
67 278
100 401
516 18
657 644
65 37
901 352
747 750
568 335
397 341
795 399
623 874
902 188
19 608
866 719
324 577
249 103
980 57
929 915
747 4
720 122
129 890
976 770
876 261
342 316
641 145
48 475
411 977
915 188
688 681
145 33
444 393
567 827
622 905
527 558
114 231
112 512
472 437
730 439
422 382
94 218
363 906
438 14
152 612
83 318
560 715
799 56
805 942
508 549
457 227
393 507
710 898
261 988
849 915
597 332
736 135
796 553
904 399
332 652
802 776
142 205
387 812
409 302
163 179
458 799
167 573
344 656
551 417
693 577
434 136
336 96
290 118
365 904
217 44
222 794
445 67
455 22
434 456
740 602
42 826
461 633
192 251
344 184
988 472
921 601
257 486
346 5
624 37
313 858
573 375
291 166
690 498
430 593
448 16
30 706
782 121
35 90
397 224
133 185
732 60
431 163
740 471
751 794
749 978
313 46
661 952
437 375
150 162
896 648
221 974
424 336
574 509
479 853
71 207
21 622
120 196
255 692
541 168
390 724
894 596
145 188
917 794
638 793
903 147
706 467
87 330
614 283
174 66
536 148
456 159
470 93
990 376
87 698
217 476
528 279
82 566
971 707
855 856
280 765
924 675
982 807
761 840
427 824
338 973
173 673
359 350
34 865
759 570
488 303
3 65
668 175
196 468
166 581
199 214
370 81
695 424
762 521
673 735
593 73
556 822
756 539
886 576
231 794
361 519
724 544
931 64
476 504
356 317
16 160
759 526
527 566
200 298
190 151
548 263
554 427
956 320
23 151
107 105
180 137
551 245
531 973
8 785
408 619
100 564
566 79
4 193
262 78
352 43
687 345
312 50
424 685
981 388
854 191
120 271
381 823
689 759
110 998
555 151
901 405
365 882
651 364
996 54
62 251
934 444
282 68
494 200
721 272
529 284
884 697
453 101
60 781
680 778
279 10
288 461
561 143
889 696
281 617
742 291
216 949
548 113
658 621
647 991
904 67
801 612
284 178
476 887
162 311
839 387
22 114
409 339
800 188
874 500
991 681
359 427
353 725
852 783
360 501
648 347
600 743
419 268
655 639
192 733
777 381
598 302
281 692
888 897
640 361
857 160
444 711
906 294
56 68
643 900
676 450
503 914
623 494
28 808
699 329
874 709
616 142
722 114
305 610
197 66
284 828
833 507
605 132
754 465
163 403
607 641
218 575
771 673
964 958
880 394
573 652
532 173
747 857
186 521
57 514
675 60
692 722
350 177
725 583
920 727
864 901
372 6
180 752
372 271
601 816
460 649
725 273
219 169
201 131
480 138
184 386
507 996
601 603
946 794
327 10
900 756
812 521
797 857
676 704
922 507
3 80
387 634
481 987
361 797
824 235
734 21
694 651
238 623
769 862
765 182
115 471
208 667
775 942
22 145
96 347
548 852
420 794
193 166
411 185
4 109
672 203
840 577
517 772
868 521
345 392
613 876
629 386
203 194
554 528
141 330
930 333
831 16
489 146
271 906
81 485
648 628
858 590
138 26
1 878
215 755
889 912
413 302
620 187
243 978
944 915
281 967
691 710
54 65
23 693
681 15
241 151
709 622
800 644
270 484
750 496
188 415
566 299
337 718
946 564
879 34
538 60
876 422
16 622
852 672
345 400
661 562
229 992
668 798
598 766
885 128
415 846
358 145
971 840
888 112
150 971
280 130
834 270
214 163
360 27
55 357
932 915
979 769
570 874
112 660
130 501
827 346
75 474
738 239
93 920
708 420
415 457
224 732
831 238
128 599
990 579
389 521
430 517
736 232
616 324
897 370
651 588
526 930
911 80
895 461
580 446
189 18
340 48
523 970
215 629
67 548
733 376
558 511
969 487
404 599
546 570
514 363
945 373
856 839
659 82
665 941
110 706
221 764
642 173
863 662
810 68
330 109
880 502
176 116
361 390
256 403
579 335
812 10
92 171
147 628
551 237
878 118
72 147
965 916
998 489
894 510
676 702
713 168
293 912
451 19
436 224
887 272
834 922
319 608
943 957
677 657
944 175
496 3
746 631
3 864
459 401
400 730
952 502
985 87
638 738
513 49
176 184
89 546
251 916
92 355
913 79
764 447
893 556
160 889
553 868
185 269
344 157
471 393
850 551
596 729
207 25
239 38
533 146
865 353
579 689
323 185
188 349
579 838
731 690
998 340
681 349
449 355
895 609
488 984
28 913
845 753
330 161
63 294
364 933
652 682
350 319
538 248
81 993
383 316
822 93
741 398
51 288
681 387
969 679
708 142
710 673
115 290
517 61
44 500
968 703
284 1
562 962
603 537
552 38
197 725
134 930
2 66
165 408
632 60
913 966
798 888
594 859
925 519
981 976
364 24
46 723
567 108
201 805
955 701
981 352
273 155
750 211
921 705
14 284
565 260
909 289
850 839
474 761
851 469
911 172
824 959
609 208
889 985
724 653
997 39
68 944
163 275
108 320
301 998
486 739
55 62
388 846
932 215
100 191
778 217
502 503
854 602
64 899
734 95
74 564
745 739
617 454
607 626
9 828
502 257
519 507
538 233
216 441
303 355
775 250
483 753
453 646
58 850
243 663
616 425
825 928
620 670
152 117
730 533
948 810
269 456
964 239
123 143
76 405
91 304
101 344
345 981
332 203
755 8
605 794
37 713
843 399
678 960
721 686
727 535
16 427
392 721
215 771
859 747
608 45
700 604
781 1
946 54
615 620
228 513
96 246
748 222
835 864
274 854
824 851
848 661
38 155
962 315
323 554
381 693
703 467
77 868
537 952
906 943
574 659
251 609
268 746
289 26
148 755
10 305
340 311
976 686
108 56
154 939
491 488
267 637
230 23
865 779
28 654
297 630
898 986
366 980
683 220
934 510
831 841
213 872
451 497
424 958
768 995
584 872
935 923
802 579
60 494
972 72
975 500
98 521
230 420
445 468
973 293
193 340
618 138
921 122
947 315
357 443
543 648
570 461
724 842
0 564
136 471
500 911
359 902
739 5
157 515
182 745
530 827
622 697
482 124
112 461
843 748
480 517
945 58
818 584
105 98
611 931
533 682
190 665
204 122
72 247
296 591
830 586
435 240
837 986
696 238
804 444
313 987
443 300
853 53
871 358
61 866
348 942
573 935
934 909
775 345
603 414
655 643
130 387
643 390
718 279
155 392
577 86
990 610
362 921
586 460
157 178
285 852
568 177
165 611
625 170
967 378
627 155
489 466
459 243
700 984
816 216
701 638
678 219
713 95
463 79
287 92
487 876
347 152
208 931
275 415
721 53
362 576
550 602
435 672
597 704
972 837
466 36
595 830
587 803
764 702
255 228
144 293
868 890
609 865
919 583
43 132
903 712
136 251
99 356
527 920
473 130
211 789
768 423
515 346
865 678
977 369
41 553
487 943
400 37
856 197
564 180
43 306
455 767
453 327
500 878
410 345
549 633
816 882
344 965
127 219
477 364
430 442
302 914
151 632
927 671
862 925
851 297
129 903
33 175
994 747
346 768
786 804
432 64
771 192
266 564
100 411
403 136
97 864
673 688
140 271
41 946
458 626
475 293
187 606
927 642
604 629
811 215
67 628
983 456
17 638
428 256
80 767
989 208
826 146
511 296
649 507
494 77
854 678
496 648
336 547
929 49
119 525
399 213
426 159
17 841
286 174
58 131
107 540
526 21
1 892
102 408
822 498
51 62
747 786
295 269
58 956
971 682
235 109
933 574
46 671
628 939
865 611
329 41
756 356
748 983
19 487
307 111
61 179
528 346
862 290
518 714
544 94
52 332
54 629
801 442
382 779
708 759
705 213
922 195
673 276
808 889
653 474
4 922
120 978
644 508
900 323
404 600
731 785
782 680
394 39
503 80
976 476
939 860
447 932
736 419
19 542
116 459
897 224
943 83
346 325
783 1
469 712
631 501
653 248
432 391
167 621
298 394
220 244
699 578
566 882
616 334
424 183
540 937
347 120
752 700
893 382
448 632
716 388
865 902
823 725
975 459
485 700
236 908
465 528
893 699
270 313
815 300
103 461
357 458
984 459
481 894
44 38
431 129
175 312
204 455
85 75
667 676
949 889
314 590
642 508
873 329
84 598
449 269
361 623
726 310
664 709
812 113
878 627
509 897
512 939
752 467
563 942
102 135
804 312
240 35
656 103
975 675
662 62
725 943
268 770
675 894
164 753
277 715
577 684
740 22
391 320
331 503
899 463
860 494
534 525
88 919
395 282
146 875
166 485
621 346
374 64
12 965
342 164
573 978
328 360
417 503
538 511
86 525
997 957
892 935
350 694
629 807
383 551
759 972
178 66
692 56
71 865
222 851
910 923
967 175
379 619
398 21
49 997
902 946
387 765
718 447
549 507
549 496
854 681
94 628
845 700
310 160
105 773
698 66
464 179
81 863
951 923
54 914
975 105
533 280
470 869
138 442
206 850
351 951
279 245
452 585
737 406
104 511
282 855
373 418
661 606
442 177
58 107
188 116
256 476
918 819
615 204
656 129
697 690
660 378
546 347
775 43
712 631
141 719
206 317
642 160
59 40
129 604
769 868
866 720
598 457
265 155
851 715
686 799
344 906
750 476
289 529
234 716
149 338
261 791
637 660
737 650
493 897
307 653
794 912
750 744
839 236
145 380
37 629
43 633
179 20
330 323
510 666
254 48
49 981
399 16
590 984
26 202
675 347
423 284
914 519
258 738
90 335
755 563
491 600
922 137
742 384
527 16
135 262
212 247
258 345
750 821
894 952
767 376
367 215
265 840
992 419
40 287
969 950
182 409
983 153
504 890
995 110
903 336
351 76
766 360
933 217
316 981
77 432
809 555
397 881
878 95
211 314
46 501
418 776
441 769
496 135
216 739
901 462
121 148
954 103
594 776
195 952
377 412
706 500
568 652
164 502
656 669
198 67
755 140
801 366
403 186
170 396
475 441
734 989
966 170
524 594
365 103
779 550
316 706
374 424
80 560
585 129
36 476
379 889
710 47
574 847
296 630
213 316
379 8
224 312
399 0
198 93
399 809
843 149
42 15
402 521
14 724
434 263
749 376
937 11
702 398
771 216
557 393
157 647
892 873
554 800
107 702
958 70
164 559
50 945
128 160
105 905
776 387
83 698
731 56
838 545
899 101
424 933
209 789
215 544
43 259
466 276
432 948
660 382
243 373
508 282
354 761
907 225
231 268
967 950
868 339
793 132
85 283
986 133
225 408
614 106
399 328
842 900
298 250
794 797
541 890
442 260
267 820
85 372
420 211
291 176
804 210
252 749
7 490
835 413
463 686
266 921
693 359
662 151
7 107
33 91
524 482
729 120
883 648
699 585
967 206
946 491
77 900
735 236
92 637
50 901
281 482
332 431
717 575
351 610
862 143
706 839
922 801
736 853
793 588
148 613
160 278
769 772
147 891
55 120
985 612
193 318
119 381
783 680
910 524
359 763
515 567
124 64
423 860
272 853
170 894
161 22
392 31
416 831
457 17
685 809
382 983
9 776
236 852
747 51
842 722
33 918
972 389
30 283
338 14
80 888
325 88
680 98
455 835
20 41
768 478
78 515
475 223
117 627
646 490
203 697
110 700
835 667
93 232
792 946
483 863
371 945
479 893
414 634
790 175
536 834
320 252
602 562
666 949
530 838
81 306
881 233
121 559
562 405
240 40
794 132
400 868
167 383
606 455
715 293
993 588
775 746
818 789
232 684
28 27
695 623
73 464
754 0
597 757
54 966
807 290
648 256
38 569
864 245
110 209
848 122
453 762
603 959
329 917
942 299
995 618
938 504
188 666
912 423
434 656
306 84
818 241
747 769
287 975
594 540
208 606
832 361
646 934
610 295
949 580
84 700
458 173
203 288
226 172
263 276
854 234
874 787
131 901
758 296
506 1
656 342
434 98
680 427
162 225
64 403
234 828
268 902
300 600
100 165
389 794
238 247
604 966
954 248
562 355
8 340
370 952
786 675
120 304
274 718
352 891
171 883
869 201
245 740
881 492
212 638
783 274
552 312
30 377
418 328
223 369
411 595
443 739
134 821
458 613
885 165
373 100
176 418
146 535
780 738
988 14
564 205
930 666
758 751
493 413
36 508
885 862
16 138
81 616
628 779
270 709
76 398
187 304
491 354
949 674
841 240
412 631
811 342
430 974
592 234
980 351
28 238
570 975
678 806
886 435
758 422
516 153
797 659
234 416
367 573
819 472
60 835
990 150
371 951
560 340
168 997
162 634
341 612
220 358
182 23
311 821
634 799
352 2
330 65
261 283
910 632
534 828
715 872
999 2
834 895
389 710
504 680
743 555
219 853
13 34
481 27
495 623
773 52
384 122
819 884
622 686
34 666
390 901
525 513
792 123
501 207
445 973
703 554
193 913
507 869
534 635
114 854
988 582
689 729
589 755
506 138
683 383
731 954
80 773
550 433
607 683
168 827
366 156
487 743
590 446
381 886
946 513
654 994
364 266
26 349
94 322
191 23
66 485
26 613
127 565
73 894
512 208
609 266
702 682
143 899
735 514
20 816
309 331
853 423
67 217
931 441
448 108
123 285
785 940
668 11
173 376
5 545
522 214
424 206
144 287
467 296
734 209
41 271
229 757
219 690
12 191
465 760
574 668
72 257
888 924
517 970
717 911
316 121
86 660
133 334
504 897
143 5
9 105
451 116
381 292
360 909
826 30
930 37
947 615
648 880
14 354
892 501
807 55
842 52
403 217
558 601
181 921
39 799
9 542
710 572
405 749
169 142
624 645
44 892
894 988
34 403
932 341
649 771
805 582
641 711
413 905
258 879
559 823
626 759
636 871
283 918
156 870
319 747
746 492
270 578
634 121
356 804
832 847
385 354
967 670
710 439
906 798
160 853
721 866
675 773
929 340
669 201
818 345
96 12
885 924
341 204
595 78
229 989
339 779
602 551
174 423
341 603
326 447
584 188
486 403
646 901
373 467
464 808
62 200
780 977
184 901
630 89
243 699
85 264
446 897
249 198
940 872
124 532
256 728
125 266
797 672
407 174
821 500
100 446
60 871
409 972
625 614
170 550
91 997
555 144
913 477
114 124
406 976
791 200
283 18
108 19
623 142
187 135
528 783
330 746
61 875
300 715
710 643
709 932
685 174
807 400
263 78
779 467
281 702
753 780
364 534
701 207
245 520
311 694
626 4
866 133
37 178
64 438
993 919
97 471
575 641
341 574
908 630
701 6
940 105
587 925
431 517
245 80
386 860
217 352
37 455
273 686
745 902
57 558
468 503
326 908
666 862
723 89
106 198
484 605
281 345
772 425
23 300
709 145
229 161
506 604
395 727
101 756
346 812
656 209
549 511
380 515
749 722
739 241
67 828
242 368
680 947
980 204
452 745
216 3
560 430
146 863
543 925
741 965
315 90
475 331
543 265
64 301
627 758
924 595
953 684
596 364
486 974
541 918
158 175
261 96
366 733
405 831
723 393
538 17
932 742
767 485
385 419
595 33
977 70
808 784
771 344
66 801
711 197
62 838
236 50
418 22
398 669
796 979
638 231
469 98
591 624
619 205
309 82
774 980
409 583
857 152
957 118
35 814
451 468
840 94
138 792
699 190
745 650
676 227
223 555
923 691
603 17
347 3
190 702
861 599
297 633
400 684
311 142
606 297
399 442
293 653
943 313
878 927
75 174
745 291
14 337
31 174
358 215
42 493
639 675
444 939
159 188
1 582
566 238
4 944
374 932
107 661
968 160
825 331
910 518
143 183
34 151
947 640
899 548
249 484
980 0
96 550
241 819
10 994
346 196
340 601
203 609
451 703
596 621
618 544
385 389
660 402
699 48
897 291
163 608
202 605
979 643
951 414
880 870
359 923
34 650
733 714
300 480
220 405
556 617
286 486
203 783
183 556
194 812
492 395
839 90
259 860
301 261
740 832
379 152
157 239
630 864
683 397
533 53
821 452
232 87
574 387
11 813
54 176
828 2
440 920
56 531
595 976
230 275
416 191
357 768
819 190
413 283
262 361
716 756
298 937
431 539
627 194
996 739
848 999
278 785
251 270
841 601
676 426
9 550
948 981
35 834
132 560
406 362
201 189
816 874
633 76
402 177
541 79
856 699
510 999
428 601
76 722
526 570
991 568
361 576
488 88
798 652
141 185
419 166
596 497
599 223
329 870
76 326
130 241
625 533
804 728
859 863
302 913
513 101
687 913
512 803
654 953
843 739
608 544
928 330
35 532
208 395
917 181
935 451
163 168
215 919
954 773
50 536
417 991
588 792
85 195
98 528
720 433
616 487
914 821
852 755
266 25
19 410
269 579
426 330
953 811
872 935
986 437
331 621
738 271
836 285
92 725
963 836
143 41
476 80
750 408
345 960
762 307
219 398
468 942
447 709
754 138
256 987
180 346
852 475
7 826
490 756
200 180
906 358
323 433
445 215
249 253
771 19
744 602
216 520
955 274
30 852
739 896
956 391
17 702
970 231
916 405
234 919
352 362
160 486
467 444
853 592
427 101
479 250
880 889
41 400
855 354
347 428
522 831
942 442
83 161
378 471
744 316
634 505
364 951
297 521
86 877
780 714
755 976
496 218
725 359
98 608
388 40
803 448
156 283
693 884
641 160
530 952
537 361
178 486
951 944
953 749
606 715
30 356
808 529
674 857
12 991
9 703
365 170
548 434
703 646
734 49
233 635
69 587
680 594
17 35
584 151
868 626
841 567
524 729
621 842
274 870
263 169
526 744
593 802
646 72
407 488
486 282
6 562
654 68
288 481
456 413
72 969
792 327
761 778
308 501
61 412
862 234
923 544
61 278
548 952
388 308
923 775
29 381
968 254
253 843
13 96
730 399
41 480
405 78
17 478
201 72
334 184
973 137
371 681
805 788
927 430
317 151
206 433
600 873
283 615
267 673
432 905
478 214
172 635
619 572
131 49
445 157
992 205
551 322
389 603
207 242
147 364
13 244
191 217
194 567
110 876
940 129
146 965
636 677
585 100
20 903
499 78
240 520
319 223
107 251
835 776
763 626
546 943
166 25
128 993
555 827
747 741
464 419
725 208
792 817
631 124
174 728
665 74
703 331
250 804
281 671
768 8
246 452
910 223
168 112
4 588
177 363
226 974
345 852
184 671
762 80
838 370
439 427
961 297
470 229
371 598
504 35
386 375
946 45
358 602
302 21
537 225
462 551
894 345
164 916
696 183
444 865
44 420
517 494
881 733
858 173
506 656
864 66
506 476
509 845
869 129
742 890
178 568
963 12
794 474
425 688
832 128
780 102
880 272
989 84
524 108
767 83
511 747
917 984
359 494
882 49
395 586
382 339
822 272
691 62
11 672
742 631
75 335
642 651
199 384
309 528
316 341
462 9
63 147
927 694
886 522
296 710
44 255
677 660
580 958
715 600
923 356
150 207
664 31
851 186
375 193
821 761
186 371
889 517
83 554
818 952
683 487
261 689
117 797
551 698
208 197
111 765
456 989
395 682
913 625
836 221
202 574
489 727
775 323
257 367
812 166
584 168
712 182
204 201
149 133
742 17
892 500
610 253
446 242
279 767
548 692
850 166
52 262
911 670
464 613
87 804
281 385
896 836
184 592
602 871
735 231
542 351
392 878
683 901
899 257
306 413
280 137
297 533
733 31
823 468
412 645
966 515
66 305
904 326
829 827
823 880
383 278
12 414
233 769
905 983
479 110
67 215
748 563
610 276
334 134
90 286
347 421
127 399
750 545
888 626
272 518
264 664
790 383
276 206
756 197
65 394
389 610
935 841
770 326
108 581
843 78
398 855
563 756
450 158
1 620
599 164
432 692
186 171
606 263
371 335
943 341
47 66
699 549
663 776
520 134
498 222
182 373
309 191
561 873
984 561
499 878
513 124
918 301
921 834
634 999
163 164
208 478
193 528
384 34
763 51
534 661
104 940
822 663
618 546
842 703
580 425
376 295
411 422
9 612
626 174
323 715
31 796
362 523
459 608
883 376
390 562
730 80
169 251
874 990
393 446
523 939
20 834
105 65
160 623
884 676
717 278
907 132
318 964
212 302
490 675
16 978
128 643
922 794
185 344
540 831
845 53
781 204
780 693
497 235
965 891
529 593
224 975
507 150
226 672
120 133
306 590
855 466
698 892
240 284
995 467
797 909
714 105
399 535
21 233
799 568
759 55
431 905
827 682
884 290
72 113
827 255
258 86
335 586
698 298
573 354
90 502
213 218
267 653
236 314
143 545
34 717
46 872
601 592
685 315
496 166
136 164
679 763
560 841
616 429
327 678
282 271
288 78
863 557
394 303
863 708
208 82
133 817
190 682
310 902
152 345
133 745
672 340
449 487
72 845
498 895
846 615
437 659
124 853
473 680
673 226
857 191
750 692
609 432
88 860
101 140
940 953
227 252
140 870
953 56
579 955
472 894
377 925
567 418
632 962
403 733
695 13
950 311
818 300
472 699
287 625
693 807
82 667
223 159
832 57
393 464
508 27
760 175
670 556
88 763
64 567
343 919
674 556
825 87
607 298
166 374
301 523
223 630
496 820
8 473
7 469
343 512
850 400
716 391
574 255
188 196
314 428
530 584
127 74
594 507
596 650
471 227
833 950
460 762
85 882
160 390
176 466
273 705
11 207
723 645
45 254
198 40
963 543
765 225
899 113
877 621
422 729
362 814
218 15
972 442
144 797
547 313
791 24
28 152
424 488
475 703
979 102
970 160
804 939
881 570
246 33
22 416
352 751
619 644
968 13
182 620
225 789
242 257
467 547
834 277
44 365
917 463
236 677
787 281
567 804
183 647
629 67
111 171
223 665
43 93
820 597
697 263
250 451
594 755
767 318
996 490
478 348
195 663
170 393
775 832
531 607
408 787
446 473
152 362
788 723
772 557
538 70
236 991
305 141
383 997
160 653
697 662
38 958
534 365
990 920
772 526
168 424
552 891
918 701
233 360
743 670
260 889
805 852
737 900
527 821
394 387
457 163
915 368
657 443
51 86
79 191
953 535
260 441
637 177
639 326
913 158
275 725
383 477
591 26
7 98
403 561
188 181
414 497
637 608
715 952
279 303
636 112
335 339
13 668
67 110
481 415
57 291
58 25
918 566
931 756
466 982
700 502
904 289
228 491
943 475
479 975
67 452
569 961
170 784
299 228
591 7
241 47
782 966
628 283
208 837
165 288
672 754
840 935
217 288
955 655
406 945
286 743
773 778
927 106
201 411
172 871
999 966
500 649
834 152
596 199
721 536
286 721
723 350
153 969
91 179
624 735
6 387
305 340
260 257
165 72
295 38
345 381
197 908
920 438
75 3
133 972
964 366
0 381
988 726
659 584
734 355
856 942
114 974
111 314
363 43
248 689
371 272
640 119
103 944
58 531
270 999
22 191
861 434
56 515
654 176
302 293
690 840
263 951
577 734
384 892
3 446
185 977
629 574
984 244
915 382
700 449
106 878
777 867
430 652
674 520
977 790
203 44
326 628
90 558
195 265
113 857
150 588
889 323
423 589
861 342
18 69
95 82
986 0
774 33
384 157
100 171
384 293
301 234
857 846
330 934
801 673
126 366
588 113
944 279
853 405
998 495
617 310
963 946
259 496
808 224
767 236
473 157
459 873
858 779
86 209
109 477
124 558
225 864
151 143
44 33
587 143
570 410
781 902
809 702
924 732
920 898
320 676
206 925
15 317
927 606
232 337
453 514
176 321
759 116
104 639
270 102
350 690
719 492
111 278
137 457
544 822
645 120
0 210
645 40
762 462
334 669
589 140
480 813
788 743
814 830
687 677
715 891
903 306
953 605
789 112
612 715
120 526
923 543
610 150
550 946
978 203
900 834
371 506
229 507
530 340
686 333
480 804
727 113
932 972
210 785
582 48
316 444
375 326
904 339
28 562
699 307
644 153
216 262
568 482
426 14
706 644
708 251
995 885
402 87
356 658
896 31
809 558
924 652
790 626
237 602
515 410
844 279
235 899
96 424
252 62
453 29
357 421
902 455
915 528
876 347
869 410
267 952
484 397
136 820
347 807
997 713
506 502
200 995
587 519
405 652
130 175
99 631
947 735
465 582
33 602
594 603
968 887
523 965
448 205
943 190
426 503
343 37
70 35
833 150
516 254
356 796
127 288
931 494
613 794
800 347
251 637
183 217
326 363
110 768
710 840
70 809
-1 -1 21676 55983 -1 -1 -1 -1 -1 -1 -1 -1 -1 -1 -1 44663 -1 -1 -1 11049 -1 -1 -1 46223 -1 -1 18284 -1 -1 42330 9242 -1 20193 -1 -1 -1 -1 34821 -1 -1 46699 41549 -1 22344 -1 -1 -1 -1 -1 -1 -1 521 -1 -1 -1 -1 -1 -1 -1 -1 -1 -1 -1 -1 -1 -1 -1 -1 -1 63991 -1 -1 -1 -1 -1 -1 23056 -1 28488 -1 -1 -1 1199 -1 -1 -1 -1 -1 -1 -1 -1 -1 57414 -1 -1 25106 -1 -1 -1 -1 -1 -1 -1 -1 -1 49752 -1 7772 -1 -1 -1 -1 -1 -1 -1 -1 -1 -1 -1 8321 -1 -1 1212 -1 -1 -1 -1 -1 -1 -1 15527 -1 -1 -1 -1 -1 62380 -1 -1 -1 -1 -1 -1 -1 -1 -1 -1 -1 -1 28357 3071 15226 -1 -1 -1 -1 -1 -1 -1 -1 -1 -1 -1 -1 -1 -1 -1 19096 3819 -1 -1 -1 -1 -1 -1 -1 -1 36329 -1 -1 -1 -1 -1 43869 -1 -1 -1 -1 -1 41881 4467 -1 55384 12814 -1 -1 -1 24905 -1 -1 55921 -1 -1 -1 -1 -1 -1 -1 8988 -1 -1 -1 -1 -1 -1 -1 -1 -1 -1 -1 -1 -1 -1 -1 40668 -1 -1 -1 -1 -1 -1 31496 -1 44732 -1 -1 -1 -1 38372 -1 -1 -1 -1 -1 -1 -1 -1 43018 -1 -1 -1 -1 12500 -1 45400 -1 -1 -1 -1 -1 -1 -1 32015 -1 -1 -1 -1 -1 -1 -1 -1 -1 -1 -1 7304 31614 -1 -1 -1 -1 -1 -1 -1 58657 58525 34377 -1 4559 -1 -1 -1 6803 60734 55278 -1 -1 -1 65331 -1 -1 -1 56523 -1 -1 -1 -1 -1 8360 -1 -1 -1 -1 57864 -1 -1 -1 57584 -1 -1 -1 -1 -1 -1 -1 -1 -1 -1 -1 -1 -1 -1 -1 -1 53747 -1 -1 -1 -1 -1 -1 -1 20167 -1 -1 -1 -1 60913 -1 -1 -1 -1 62056 -1 20775 -1 -1 -1 -1 -1 -1 -1 -1 -1 -1 -1 36450 -1 7516 -1 -1 -1 4332 14482 -1 -1 -1 -1 -1 -1 -1 -1 -1 -1 35181 -1 -1 -1 -1 -1 35708 -1 -1 -1 -1 -1 45812 8176 -1 -1 -1 -1 52385 -1 -1 57941 -1 -1 -1 -1 64353 -1 -1 -1 -1 46803 -1 -1 -1 26622 -1 -1 -1 -1 -1 -1 -1 60198 -1 -1 -1 -1 -1 -1 53742 -1 -1 -1 -1 65420 -1 26957 -1 -1 -1 -1 -1 47188 -1 -1 -1 -1 2327 -1 -1 -1 -1 -1 50149 -1 -1 -1 -1 -1 -1 -1 -1 -1 -1 50320 -1 -1 -1 20517 -1 4061 -1 205 -1 -1 20291 -1 -1 -1 -1 -1 -1 -1 -1 -1 -1 -1 -1 53579 -1 20002 -1 -1 -1 28202 -1 -1 -1 -1 -1 -1 -1 -1 -1 -1 -1 -1 -1 -1 -1 -1 -1 49571 -1 -1 -1 -1 -1 -1 -1 -1 -1 -1 -1 -1 -1 60417 -1 -1 -1 52713 28534 -1 -1 -1 -1 -1 -1 9121 -1 -1 -1 -1 -1 -1 -1 -1 -1 -1 -1 -1 -1 -1 -1 -1 -1 39232 -1 -1 -1 31009 -1 -1 -1 -1 -1 45260 -1 -1 -1 -1 50735 -1 -1 -1 54640 -1 -1 -1 -1 -1 -1 -1 -1 -1 -1 -1 62846 -1 -1 -1 -1 -1 -1 -1 -1 1620 51563 -1 -1 -1 59566 -1 -1 -1 -1 -1 -1 -1 -1 -1 -1 -1 -1 31348 -1 -1 -1 -1 -1 -1 64082 35371 -1 -1 -1 -1 -1 -1 9267 -1 -1 -1 -1 -1 51412 -1 19437 -1 -1 -1 -1 -1 -1 2367 -1 -1 -1 -1 -1 -1 -1 -1 -1 -1 55465 -1 -1 -1 30481 34002 39633 -1 -1 28441 -1 -1 -1 -1 -1 -1 43420 57535 34548 -1 -1 -1 -1 -1 -1 45135 -1 -1 -1 -1 -1 -1 -1 -1 33431 -1 -1 -1 -1 -1 -1 -1 -1 -1 -1 -1 -1 -1 29552 -1 -1 -1 35393 -1 -1 -1 63231 -1 62366 -1 -1 44570 -1 -1 -1 -1 -1 -1 -1 -1 -1 -1 54300 -1 -1 -1 -1 -1 -1 -1 -1 -1 -1 -1 6310 10885 -1 -1 -1 -1 -1 32442 -1 34231 -1 -1 42042 -1 -1 -1 -1 -1 49868 -1 11583 9579 -1 7887 34999 -1 -1 -1 -1 -1 -1 18743 -1 4461 64154 -1 21439 -1 -1 -1 -1 -1 -1 -1 -1 -1 -1 -1 -1 -1 -1 -1 -1 15901 -1 -1 -1 -1 -1 -1 -1 -1 -1 -1 -1 -1 -1 -1 35556 -1 58245 -1 -1 -1 -1 -1 -1 -1 -1 -1 57261 43138 -1 -1 -1 -1 64722 -1 -1 -1 42369 -1 38898 31850 20925 -1 -1 -1 -1 -1 -1 -1 -1 -1 -1 -1 -1 -1 -1 -1 -1 -1 -1 -1 -1 1413 -1 -1 21603 -1 49912 -1 -1 -1 -1 -1 -1 -1 -1 -1 18378 -1 -1 -1 25648 -1 -1 -1 -1 -1 -1 -1 -1 -1 744 -1 -1 26482 -1 -1 -1 58675 -1 -1 -1 -1 54699 15010 -1 -1 -1 -1 -1 34700 -1 -1 -1 -1 -1 -1 6101 14158 -1 -1 42787 13998 -1 -1 -1 -1 -1 -1 -1 44191 29426 -1 -1 -1 -1 16577 -1 -1 -1 -1 -1 -1 4882 -1 -1 1512 -1 -1 -1 -1 -1 30892 -1 35646 -1 -1 6483 -1 -1 -1 -1 -1 -1 5607 -1 -1 20102 -1 -1 -1 23757 -1 -1 -1 5168 -1 -1 -1 -1 -1 -1 -1 34750 -1 14528 -1 -1 -1 -1 -1 -1 -1 -1 -1 -1 -1 -1 7201 -1 -1 41561 19135 -1
3
0 321 8 304 11
0 725 9 553 4
1 32 3 18 15
