1000 5000
729 150
135 90
141 157
196 530
140 351
458 643
287 985
254 189
98 126
614 981
771 973
722 456
499 355
916 474
430 58
42 448
152 289
84 697
47 646
671 881
665 870
206 219
941 171
606 950
219 738
63 822
723 510
264 896
697 958
908 677
849 989
570 555
519 532
893 175
603 692
883 22
674 836
258 402
885 291
77 137
143 263
453 191
633 133
715 939
438 418
204 306
124 457
300 272
636 915
671 441
260 951
131 919
793 134
972 67
932 492
468 270
980 343
545 978
769 70
435 975
5 142
595 690
76 895
263 282
7 566
381 3
239 777
214 406
835 669
453 676
581 712
130 352
798 281
94 773
61 746
495 58
521 481
18 617
786 16
682 465
525 991
66 749
65 381
347 304
521 969
413 446
104 572
226 214
584 315
785 529
777 609
847 721
573 676
471 988
961 411
374 287
667 592
238 123
31 721
20 46
952 684
325 353
473 679
710 716
830 180
500 693
388 772
821 620
146 763
520 421
808 897
708 88
250 756
496 408
514 184
432 258
675 679
804 315
807 400
47 658
121 233
656 482
963 745
626 488
2 731
716 908
421 464
312 313
933 549
18 566
767 562
887 743
185 844
887 836
663 422
169 835
441 282
195 677
481 6
314 342
64 45
348 422
168 453
765 114
488 753
486 370
185 985
338 652
580 142
196 916
825 966
256 566
797 378
424 622
953 175
853 273
907 364
389 997
899 434
346 478
126 680
383 638
651 648
371 390
620 664
703 807
933 135
962 990
79 159
231 622
210 317
568 401
686 275
638 965
299 862
679 906
616 64
554 552
993 32
503 140
510 590
323 75
635 826
799 126
904 591
160 443
434 149
814 832
463 734
886 630
804 45
6 862
329 661
384 557
165 382
748 509
632 711
455 7
402 571
409 452
728 800
123 915
139 435
218 567
723 900
49 414
762 95
330 867
463 757
275 303
104 870
673 559
851 805
698 219
537 376
721 23
847 364
786 993
213 884
497 70
583 818
166 308
891 977
638 151
922 245
261 69
972 872
99 138
633 494
186 7
291 164
162 555
158 518
351 630
803 688
271 790
765 569
351 848
674 244
11 292
831 925
304 319
286 914
860 139
953 921
364 71
15 554
612 692
819 260
705 701
884 48
251 1
269 295
985 972
26 63
431 217
626 767
740 479
98 674
368 146
49 230
373 775
241 232
267 914
565 975
794 677
601 419
14 641
279 122
493 946
654 282
703 374
516 357
877 488
84 812
615 31
409 760
468 884
197 457
29 784
553 208
721 436
691 192
861 394
439 852
838 590
494 11
949 495
921 291
791 991
542 198
17 928
912 405
407 685
818 949
596 709
451 408
889 164
950 753
237 888
474 418
484 457
183 156
281 833
340 636
722 83
591 370
402 442
602 293
475 801
215 961
70 325
897 716
615 927
108 640
538 571
360 920
714 505
603 794
979 855
260 869
768 167
411 936
157 384
194 711
265 230
948 602
653 1
91 470
26 906
389 193
5 569
412 513
497 264
370 754
632 281
893 160
936 979
720 450
598 742
728 542
950 763
477 812
25 920
945 584
50 627
487 980
604 208
130 295
908 977
276 508
686 906
349 892
703 89
679 998
149 918
654 793
156 351
944 635
117 652
64 368
742 801
84 695
802 603
300 915
837 169
483 719
914 383
284 609
411 385
762 2
801 491
613 312
687 567
77 123
609 678
544 820
912 300
877 883
148 272
446 756
43 501
233 477
7 857
324 551
268 5
645 748
848 635
201 528
744 278
507 284
545 791
272 437
797 976
172 70
451 272
162 919
733 190
88 487
274 783
931 30
517 438
716 477
862 569
96 335
349 315
206 932
984 432
368 424
232 413
785 454
875 839
84 694
53 295
341 954
998 661
967 78
762 572
99 714
344 114
897 146
961 591
336 508
434 134
237 478
683 711
161 753
33 859
509 944
809 737
514 767
787 934
951 686
991 789
744 200
638 96
949 509
430 125
394 547
552 652
95 187
345 486
924 632
964 667
730 223
843 955
816 840
329 115
53 882
80 987
671 433
351 831
457 901
795 863
793 661
64 309
789 112
75 471
69 690
54 704
694 956
143 95
335 585
923 362
854 220
433 759
932 469
460 180
248 430
2 406
748 902
338 442
590 509
324 310
831 640
146 826
167 251
955 879
723 2
596 96
293 990
956 351
137 48
633 294
476 623
593 763
121 983
757 536
569 254
141 831
122 407
621 628
376 648
273 264
842 303
983 598
99 974
833 764
954 378
740 830
26 340
419 788
48 473
225 849
418 377
86 669
497 308
836 874
331 917
733 940
984 537
760 866
491 153
171 947
308 337
517 291
98 34
202 313
919 780
718 775
239 137
224 30
394 686
250 107
487 987
309 934
884 889
631 789
879 650
946 319
602 556
299 642
150 109
308 249
327 563
215 44
80 651
603 870
368 228
987 320
783 714
52 818
17 643
430 737
751 171
646 245
419 319
569 258
608 764
407 147
452 725
999 272
798 300
855 238
13 174
915 715
45 290
136 365
193 140
319 224
49 492
189 64
700 606
371 496
712 224
508 192
45 920
689 4
794 524
397 791
932 254
516 134
306 813
54 197
43 770
368 172
572 398
173 997
945 59
429 841
113 613
209 340
423 848
867 307
120 714
173 153
330 3
185 861
534 676
474 616
653 348
577 83
621 728
359 877
609 517
998 66
861 635
68 332
500 99
138 506
580 987
755 114
923 991
453 903
601 630
423 394
772 946
462 565
174 970
12 956
936 391
177 684
268 202
53 493
143 605
672 436
821 69
389 244
761 791
555 76
684 933
492 76
42 435
804 311
931 488
821 330
190 405
372 620
611 261
847 228
419 633
859 66
249 779
724 157
415 828
247 314
519 97
867 210
761 657
854 283
843 550
296 259
228 69
420 274
826 417
831 105
311 273
630 247
374 441
619 113
984 568
71 217
786 763
379 567
100 275
467 717
754 505
199 94
554 35
676 261
143 668
123 776
138 925
162 981
194 706
235 857
952 368
914 169
833 629
601 342
140 362
762 888
121 625
744 431
687 408
516 494
559 336
689 299
974 376
949 617
422 589
130 388
916 770
544 454
954 501
371 845
795 687
499 574
717 391
775 706
538 846
365 876
806 40
851 261
486 758
205 747
196 400
49 896
59 817
482 727
564 691
17 172
87 608
596 218
220 57
27 20
229 753
116 255
215 887
743 113
934 728
263 823
745 320
22 894
63 438
550 46
190 204
738 769
402 728
329 871
527 267
144 725
726 758
801 829
125 814
605 3
387 590
985 228
553 657
694 839
19 524
200 841
97 375
663 166
640 910
411 368
889 159
92 568
605 550
367 370
58 616
381 425
414 690
955 979
815 561
807 682
63 831
210 488
187 12
64 98
551 738
147 162
170 384
327 774
512 221
590 745
959 277
607 344
399 905
842 311
692 823
49 519
44 646
407 355
373 457
691 57
217 247
493 346
305 65
62 236
14 578
437 435
40 737
903 533
906 974
343 813
261 803
222 515
302 240
322 35
803 839
351 254
942 396
200 193
363 414
899 466
410 980
960 337
625 24
158 345
553 144
773 420
146 765
742 908
520 831
876 403
991 579
281 251
930 649
894 241
306 420
915 174
798 690
988 919
133 960
959 549
925 780
62 531
73 20
644 492
939 342
679 184
704 451
939 198
799 203
367 208
758 200
352 154
605 277
656 107
206 119
226 512
25 86
292 735
326 468
531 429
73 24
14 372
534 576
145 692
47 553
596 16
843 704
484 470
272 52
927 882
424 769
886 143
25 203
971 727
381 414
765 112
340 787
47 928
9 710
554 572
644 673
103 93
212 55
11 970
602 977
979 376
983 51
255 666
233 517
202 98
919 349
148 212
381 629
518 771
572 56
720 81
319 198
360 849
689 574
106 91
413 663
722 174
101 222
257 889
75 5
583 432
776 929
698 379
19 254
664 855
193 87
594 916
573 288
914 953
183 575
911 68
109 901
754 315
7 56
822 157
652 142
116 31
752 922
165 553
237 269
184 402
615 655
185 903
763 962
734 521
720 514
133 656
955 531
714 198
143 145
596 53
797 59
713 650
629 406
910 58
386 814
848 102
74 595
570 202
356 144
311 214
773 259
317 296
240 348
490 447
570 36
318 990
76 883
179 881
492 68
568 610
171 828
477 132
484 724
489 534
343 231
266 282
848 743
471 322
505 433
586 355
716 868
477 754
183 427
698 69
62 924
64 724
687 205
326 104
508 8
538 198
60 62
540 856
486 320
792 64
737 489
184 828
240 336
780 673
322 123
357 294
296 896
931 986
82 22
656 916
140 933
312 235
388 952
163 474
937 51
25 347
310 262
786 60
400 924
951 446
560 864
276 36
841 134
606 935
625 473
754 713
538 154
166 185
127 96
61 447
0 970
556 281
703 888
191 998
354 305
643 653
532 336
934 502
57 635
278 95
666 16
674 676
655 920
550 388
570 313
850 607
928 635
974 508
992 168
898 191
165 747
726 697
215 285
156 397
581 673
370 330
757 836
865 509
170 209
106 517
747 34
124 346
325 818
33 417
490 896
535 876
973 35
975 891
298 829
36 952
288 571
713 193
833 522
931 695
772 458
178 391
919 271
943 399
894 93
572 225
57 445
824 4
191 302
337 859
883 550
867 681
325 981
526 140
882 222
293 533
671 142
44 314
80 836
685 151
413 114
401 975
197 459
171 45
409 122
630 264
21 698
685 616
378 730
901 700
378 651
180 617
922 177
507 856
949 173
224 736
218 546
433 506
41 927
559 972
994 997
99 299
580 865
196 383
392 233
264 705
887 686
431 723
719 646
692 24
2 70
766 187
684 406
928 373
391 420
401 67
154 501
735 284
433 596
876 526
245 256
523 805
35 720
972 291
130 450
771 350
134 153
240 827
646 780
450 581
700 708
825 799
281 297
284 186
517 670
34 840
876 492
199 947
408 533
639 993
671 223
216 449
292 134
307 901
877 961
959 534
160 207
166 269
898 299
782 461
808 682
687 318
978 765
691 625
846 326
922 72
851 802
111 632
906 315
344 513
728 962
908 836
344 479
905 191
725 999
935 262
208 826
679 627
664 503
236 50
81 466
528 150
805 926
894 146
735 661
488 335
267 963
503 219
61 602
985 915
493 512
775 725
569 676
587 273
257 71
880 790
164 832
999 80
656 944
426 782
227 231
986 180
217 304
70 531
737 112
446 709
79 185
834 875
620 776
671 733
839 38
362 321
80 723
955 777
719 186
574 707
384 112
446 338
229 118
902 938
691 401
873 727
539 467
748 354
784 320
527 652
630 58
299 707
529 477
452 682
349 144
212 779
966 203
478 279
162 180
37 111
532 657
636 712
381 691
436 974
715 856
233 660
798 226
414 507
931 499
139 405
249 88
99 508
656 71
139 125
483 533
913 284
477 655
379 490
33 94
775 562
867 787
427 572
455 963
551 445
8 131
157 95
403 77
21 173
341 253
597 869
197 415
521 823
960 627
689 150
789 240
543 580
47 103
499 805
7 762
275 54
593 890
184 484
441 834
296 439
762 387
616 517
48 307
384 343
740 765
445 982
794 443
152 488
906 232
169 165
481 847
259 241
619 140
501 978
723 92
340 908
951 378
606 44
391 164
322 580
981 414
703 582
399 384
746 437
796 974
551 302
567 67
694 902
30 581
173 192
596 841
88 37
236 163
520 156
487 210
708 895
458 106
210 437
948 737
865 638
321 715
656 285
788 446
282 963
858 848
572 34
755 322
550 542
88 259
75 840
123 540
679 774
360 561
301 716
188 149
960 993
98 483
732 613
7 464
102 45
387 741
518 794
767 435
512 473
136 956
534 550
192 182
8 748
655 679
299 365
320 622
655 707
482 602
439 548
114 453
739 569
256 806
664 41
455 524
297 153
326 174
243 633
599 58
304 167
191 873
862 687
542 755
195 705
687 29
121 13
353 610
296 719
852 465
507 707
501 631
765 474
325 213
907 178
405 777
535 50
153 10
622 934
628 546
267 934
20 670
197 84
338 8
480 608
364 125
329 85
584 436
390 201
793 973
504 830
602 311
105 721
96 415
934 908
611 211
237 914
364 560
463 14
907 538
584 715
506 687
850 602
712 672
892 805
479 79
125 537
605 822
881 670
789 351
761 369
914 80
689 596
886 305
190 54
755 804
134 972
914 456
787 929
19 446
243 648
315 297
246 453
136 52
168 64
466 536
144 568
450 949
186 886
239 299
651 192
427 839
680 629
606 471
231 273
861 58
738 60
29 669
574 114
324 812
843 816
458 916
664 769
341 921
56 511
483 644
923 947
625 844
948 286
81 984
138 775
215 517
595 364
634 638
519 13
821 518
5 944
438 167
463 631
82 105
459 813
400 156
553 487
236 98
357 400
520 908
93 878
2 796
424 170
225 903
528 275
101 54
898 831
17 441
976 137
700 932
838 36
250 212
285 126
943 33
932 458
833 755
543 677
472 812
888 984
573 808
701 654
562 353
36 670
586 816
218 717
508 380
589 915
853 291
864 102
444 568
872 596
196 373
222 604
512 66
279 739
797 298
211 797
183 539
780 309
958 881
427 328
938 36
743 447
324 463
872 218
604 207
173 29
217 326
633 214
107 890
640 681
820 283
713 680
838 849
552 487
120 147
135 789
70 724
481 663
818 557
675 340
956 998
148 525
791 158
835 881
345 599
393 242
16 718
658 357
621 816
197 46
780 682
518 603
697 127
994 849
407 451
507 697
273 507
81 683
180 899
811 997
390 41
549 722
848 326
343 160
452 591
218 64
585 652
130 11
186 560
298 222
928 846
369 779
369 25
852 196
963 692
849 461
355 831
703 294
731 487
826 673
169 976
56 724
976 432
475 892
307 832
318 169
649 156
417 503
588 116
435 338
296 956
609 315
148 994
44 966
824 514
298 23
923 621
223 710
213 959
841 403
547 819
378 253
673 50
26 802
825 605
823 758
640 266
836 457
711 699
379 103
302 187
8 907
474 582
437 302
727 892
227 630
194 923
724 494
116 6
949 41
281 239
969 796
388 464
733 935
847 444
901 370
148 889
344 873
209 79
63 199
325 302
279 242
319 804
433 842
736 635
460 50
993 219
286 239
465 270
511 824
172 750
57 915
705 883
426 555
210 695
290 188
560 228
356 411
756 293
874 44
574 162
292 428
953 514
824 360
597 46
252 122
380 221
944 121
898 731
273 412
166 515
884 364
878 477
748 230
728 687
654 709
368 833
221 978
73 404
856 261
112 968
758 212
328 579
833 21
495 849
369 785
79 934
882 602
969 308
627 845
31 894
63 357
325 220
613 714
726 753
461 54
166 671
1 864
826 554
686 527
445 573
16 265
536 355
729 189
329 447
93 358
540 571
254 641
255 944
243 468
292 204
858 728
885 565
854 734
80 147
40 397
906 970
471 914
949 637
23 914
698 978
433 113
539 951
36 287
642 741
610 390
425 639
777 453
625 852
61 464
575 977
252 289
751 781
458 747
112 689
973 499
68 520
417 579
115 967
153 770
181 313
586 169
845 426
616 287
510 85
653 36
247 477
5 849
178 154
212 832
745 188
298 836
269 365
398 938
893 607
499 476
335 780
280 501
874 645
656 397
515 525
530 351
864 660
886 631
668 152
106 6
636 822
597 15
336 825
896 826
877 675
953 408
715 819
652 855
905 105
528 535
93 81
180 772
256 791
253 107
823 975
158 106
357 211
612 426
508 413
162 991
127 68
257 532
453 653
478 229
419 951
448 204
219 516
244 771
38 629
211 368
881 31
419 112
710 777
40 185
158 586
774 869
772 300
563 80
656 792
873 346
468 411
295 79
697 173
831 932
167 449
166 649
385 447
823 594
520 888
433 895
874 623
202 460
840 686
515 669
445 230
557 266
406 848
401 689
744 66
88 49
920 910
705 174
458 419
487 162
725 731
789 373
31 804
93 944
118 79
323 910
927 648
566 400
785 204
816 992
103 530
93 35
778 152
276 948
316 642
83 494
358 759
928 754
149 508
888 443
505 429
742 121
235 58
269 284
198 557
626 945
207 560
909 406
835 322
658 152
185 687
25 348
854 761
152 667
382 569
11 474
659 384
907 242
818 34
100 302
353 500
907 314
282 555
946 832
363 339
967 678
802 906
801 301
151 286
556 518
26 8
407 823
5 671
517 315
700 880
385 58
236 972
357 991
141 324
539 766
845 616
158 144
887 942
389 518
617 519
301 582
472 459
571 810
319 377
766 712
907 227
16 99
795 254
603 538
611 670
781 146
347 527
50 941
510 183
176 989
540 352
613 923
139 404
174 220
892 809
583 239
622 451
187 17
123 126
128 695
330 826
450 347
944 470
980 439
840 372
678 253
745 764
106 890
935 342
971 919
131 364
986 619
841 464
951 602
665 938
570 259
875 105
656 887
751 840
204 222
997 756
839 349
352 73
503 73
433 11
15 93
514 126
172 227
290 336
20 508
994 827
520 50
215 954
764 837
415 193
597 43
818 810
834 448
242 524
98 208
498 956
972 38
328 795
973 798
931 25
446 273
603 75
706 784
743 190
861 282
908 940
681 205
883 81
796 349
475 985
483 702
418 274
571 712
724 144
698 786
242 414
261 278
400 650
716 724
10 224
729 136
31 471
821 404
182 846
903 39
591 270
124 647
555 187
259 589
126 530
681 139
984 189
322 470
123 55
888 440
579 619
338 195
779 449
478 488
868 38
718 566
653 135
899 643
685 44
438 598
315 756
31 562
180 501
419 697
153 165
242 621
93 568
571 673
565 811
306 203
131 606
817 17
796 898
282 60
835 588
622 71
772 599
740 90
27 28
151 705
53 569
311 883
849 278
216 539
197 278
247 107
489 641
235 65
22 896
734 525
154 636
103 410
925 994
411 670
240 658
889 721
105 416
708 411
124 295
630 937
999 521
30 128
318 930
859 899
356 238
844 143
445 974
882 563
470 535
975 257
553 568
634 843
820 309
495 564
742 703
840 159
837 229
467 982
530 435
385 579
699 276
263 214
496 610
710 287
662 285
979 453
529 297
371 517
136 815
728 242
258 709
810 667
45 958
4 645
523 946
49 694
821 279
876 148
987 237
86 501
517 304
22 287
404 645
875 414
616 91
257 691
101 264
794 470
112 945
673 787
590 886
547 353
780 337
760 337
705 726
422 217
179 790
0 367
373 313
677 473
851 917
2 31
482 461
868 390
260 656
180 391
317 624
329 560
34 146
547 502
72 970
308 781
572 323
408 565
537 807
843 339
518 832
328 190
660 871
92 78
168 497
453 139
314 596
214 224
342 513
120 65
955 908
836 685
155 856
970 930
308 647
231 372
563 281
202 903
774 865
355 303
672 397
312 228
564 15
14 67
263 423
732 680
844 111
739 490
14 916
42 782
844 800
29 983
915 904
270 578
260 394
733 171
835 599
998 390
485 945
304 120
959 252
49 813
405 198
98 82
381 61
982 511
443 24
128 975
641 793
606 683
75 328
197 732
589 959
287 714
651 984
966 596
563 969
179 29
598 836
978 944
114 722
910 329
138 382
970 316
61 399
582 184
667 436
403 468
4 453
15 705
353 566
998 706
997 969
633 805
835 60
761 431
37 585
480 428
112 194
769 774
545 199
911 759
419 432
96 997
469 573
526 318
373 907
507 981
788 348
930 678
405 100
256 924
904 626
474 837
598 561
460 135
426 788
239 10
924 71
6 844
709 243
921 429
955 299
665 797
577 37
565 165
81 434
204 537
349 527
609 853
234 40
499 431
797 82
287 84
487 944
445 852
360 956
416 877
927 171
387 598
457 445
505 693
952 857
687 608
816 292
807 655
997 273
909 675
315 586
489 168
445 532
990 890
757 431
654 388
764 213
278 934
583 724
107 813
566 683
809 827
505 509
812 817
7 764
943 944
302 530
691 448
834 984
841 241
113 179
638 339
691 421
906 517
915 714
793 281
354 939
813 190
938 963
518 393
423 74
857 230
779 273
276 998
581 854
924 380
348 410
726 204
736 482
275 92
39 232
42 30
227 567
937 22
450 516
852 94
981 307
103 982
983 91
457 935
268 403
519 90
935 965
508 719
320 314
671 701
981 743
815 975
445 594
428 941
874 182
115 27
40 119
968 305
672 542
196 81
403 610
410 218
605 534
87 544
940 371
379 524
970 138
367 52
468 916
612 61
957 235
677 887
903 452
543 665
799 485
79 998
535 979
327 540
441 922
355 24
990 837
311 791
423 506
42 562
225 567
465 658
610 7
81 184
105 687
378 156
180 76
972 277
280 25
193 382
758 88
130 16
436 62
203 375
46 853
372 161
460 268
73 337
413 166
379 764
903 35
720 97
638 848
244 149
551 685
961 565
682 304
246 226
167 422
759 651
101 700
337 100
841 514
259 666
846 784
150 521
762 774
193 898
873 542
519 585
193 277
950 835
469 930
250 67
961 501
307 820
684 855
694 62
896 881
785 161
398 846
589 488
294 886
325 753
103 307
264 383
455 493
764 620
737 102
664 184
24 990
275 652
822 102
805 326
129 84
25 399
134 462
108 453
755 937
272 410
414 742
713 978
75 612
10 837
262 965
369 577
162 18
28 942
439 487
160 985
588 250
317 54
957 195
943 241
950 394
891 695
914 35
954 291
694 666
973 884
665 331
52 102
939 588
440 951
331 335
191 805
772 490
559 138
860 516
975 664
222 184
812 867
57 216
811 758
947 948
52 847
836 574
965 128
340 313
362 507
420 29
288 210
61 939
743 363
569 706
37 981
554 467
834 149
702 725
155 550
356 787
761 751
979 662
91 435
945 142
894 276
560 338
561 724
675 683
596 256
135 588
996 500
843 336
326 233
674 415
619 717
572 477
994 633
35 548
323 106
922 174
649 178
979 755
908 615
840 515
505 285
913 225
64 646
849 958
636 539
53 965
185 503
304 24
175 627
11 258
336 717
281 383
616 909
700 616
279 372
726 387
17 334
429 597
784 418
907 286
786 78
356 16
195 422
399 525
168 945
516 97
438 477
304 833
49 856
577 212
824 265
607 301
9 829
367 792
268 651
897 100
639 946
877 47
191 614
359 802
936 22
520 582
853 363
156 384
982 623
55 636
37 221
859 763
76 996
532 666
324 163
285 430
912 628
261 844
752 906
659 271
15 787
521 832
412 292
553 941
510 519
646 253
348 242
646 238
921 547
512 505
402 836
497 277
153 439
330 400
509 708
990 821
406 618
303 951
139 725
773 941
363 56
95 861
831 525
267 535
706 237
916 214
592 924
361 127
725 514
67 356
589 409
459 687
141 700
409 993
515 899
347 493
529 249
424 985
38 268
109 744
129 120
659 436
205 89
470 215
967 593
195 112
615 3
344 892
540 970
162 866
441 787
974 400
223 806
8 970
961 276
427 285
137 508
776 353
222 81
117 258
272 852
637 486
531 645
595 990
628 450
965 172
939 437
938 465
958 853
218 416
184 492
13 450
471 258
971 530
82 878
42 252
158 656
755 778
931 897
371 704
776 839
738 754
655 3
303 437
666 318
784 256
871 615
210 242
910 494
255 658
358 490
763 340
802 312
750 49
948 894
46 774
95 228
447 446
820 13
873 326
695 913
740 986
930 36
557 600
36 805
843 807
266 963
199 981
320 48
783 247
357 373
184 915
923 972
195 666
937 782
512 334
72 734
830 478
471 175
908 575
249 392
110 940
343 275
629 495
495 973
769 787
651 207
873 630
651 42
777 435
240 422
982 171
250 451
139 118
862 322
406 172
533 338
898 88
21 307
190 548
232 771
145 65
219 341
207 727
376 505
980 357
86 332
414 170
626 34
809 119
181 459
395 278
76 196
994 103
647 224
768 483
594 439
747 82
992 768
636 719
115 319
503 280
432 10
217 991
404 307
999 284
307 576
715 606
934 737
323 440
145 1
257 165
469 85
91 746
671 366
945 977
87 818
399 612
58 406
645 873
912 619
968 742
918 480
690 351
687 521
287 851
560 899
896 779
102 508
402 270
275 301
772 626
745 8
373 43
486 841
714 18
662 282
359 600
585 82
532 207
185 352
899 4
948 779
735 815
290 405
602 98
511 394
253 358
459 84
944 98
219 145
342 402
317 359
217 851
196 694
314 306
266 219
240 395
243 777
813 710
622 949
802 455
273 741
448 412
38 719
578 677
442 411
536 391
137 220
238 80
556 312
268 557
313 177
740 337
37 486
516 768
948 773
164 360
486 752
131 207
103 572
905 899
989 486
898 712
92 605
97 524
241 820
82 266
369 653
864 539
749 915
222 847
991 132
940 43
397 139
800 895
712 552
168 269
126 446
348 73
18 856
17 246
682 991
656 41
314 452
204 385
567 43
930 927
905 180
177 302
816 739
120 353
769 971
476 893
465 717
703 316
811 996
494 455
28 364
607 265
625 426
169 196
319 489
839 725
189 594
86 488
711 655
378 970
365 997
204 10
634 417
622 489
465 671
200 428
92 111
569 663
869 60
501 259
350 369
405 700
800 744
75 866
101 448
950 68
309 436
375 923
619 229
842 804
399 401
898 933
580 409
620 347
388 268
56 117
316 766
227 815
439 34
689 267
250 53
468 848
489 926
267 810
419 751
277 906
148 719
991 721
193 796
109 267
373 283
172 268
999 69
644 96
472 94
636 225
284 480
266 703
817 553
771 612
575 943
311 898
577 796
449 880
501 38
288 546
364 145
614 696
906 187
208 321
577 325
83 307
590 731
602 198
830 306
798 606
822 404
374 806
584 751
901 443
391 49
333 203
493 349
617 143
511 376
442 2
443 41
275 157
82 868
93 13
367 515
478 741
739 720
492 80
632 790
412 629
855 38
635 161
84 171
668 764
311 960
762 260
78 514
602 351
850 457
713 257
188 117
27 516
291 113
705 502
407 157
133 625
569 594
163 283
717 473
460 360
166 575
692 419
994 350
430 211
475 157
370 578
12 830
603 614
99 511
499 520
784 261
105 70
927 401
650 644
559 377
450 129
787 71
847 456
734 666
756 0
57 779
48 701
57 656
797 76
607 745
513 978
516 485
983 773
479 213
915 124
611 981
55 843
826 421
20 999
940 352
603 254
150 827
289 411
917 967
173 872
588 871
377 287
763 109
748 629
827 951
593 987
716 817
266 988
196 558
963 206
232 735
979 780
394 695
368 523
502 789
698 211
500 302
22 700
592 371
625 280
567 588
548 807
824 577
475 567
823 420
27 315
561 364
331 489
776 428
582 883
381 938
303 868
238 753
270 113
416 361
214 25
943 275
84 218
696 871
883 636
466 51
906 646
137 951
390 427
823 272
530 88
118 547
530 148
693 156
310 683
590 505
496 208
746 333
136 469
919 946
218 306
658 664
585 923
293 950
825 55
611 300
102 626
612 374
135 339
947 974
688 846
693 145
422 375
880 881
729 171
381 526
863 136
542 506
74 193
232 902
616 844
2 939
379 219
894 962
550 747
881 861
518 900
306 60
606 112
325 469
655 749
229 510
273 471
72 630
103 799
700 120
201 138
440 838
654 219
866 666
278 20
676 83
75 358
357 642
98 153
693 855
245 399
324 22
126 749
707 844
445 164
299 729
908 206
478 400
966 339
275 79
761 622
79 820
395 477
12 692
145 900
872 389
666 980
94 776
831 293
456 614
462 15
437 404
976 864
457 36
878 589
363 703
37 842
867 922
838 240
726 890
69 463
324 637
387 826
954 884
264 858
846 230
916 624
728 967
666 366
668 418
149 169
890 635
746 354
209 248
684 489
130 975
180 218
745 288
850 387
681 547
459 38
394 939
87 430
75 863
500 147
993 207
549 346
402 249
243 326
278 396
96 640
398 196
909 347
437 759
447 438
876 254
232 666
79 720
318 731
797 996
891 275
802 712
331 581
613 840
971 444
999 114
635 566
455 309
96 966
156 839
844 941
65 227
179 511
413 216
150 895
417 297
206 166
495 190
580 420
617 230
808 632
31 239
119 320
328 816
546 34
267 692
761 833
373 819
710 742
322 349
420 981
304 313
157 30
724 139
291 435
34 583
17 89
675 25
513 35
339 820
795 557
163 574
116 341
412 424
980 287
107 48
981 742
605 423
538 366
927 574
402 388
747 336
262 258
556 166
581 824
378 87
103 363
80 76
372 992
537 971
212 975
252 986
159 417
416 57
833 78
882 657
120 127
284 969
4 890
771 567
919 237
184 138
918 271
998 852
822 291
241 142
800 734
707 211
68 971
250 551
328 426
674 156
7 840
508 602
402 830
749 990
967 49
725 843
539 592
14 646
705 205
609 80
723 367
954 399
715 239
444 889
14 350
856 484
365 596
932 268
408 302
596 591
256 759
751 351
801 139
422 548
906 480
710 659
103 279
168 290
508 83
670 644
730 916
348 728
937 564
615 513
324 650
791 152
759 885
604 614
248 624
859 558
987 275
257 728
929 509
800 986
458 830
329 425
871 917
979 782
611 163
712 223
746 851
282 499
493 465
413 82
421 872
652 851
690 334
379 974
192 949
753 154
51 415
298 537
396 888
318 903
974 941
647 345
174 489
209 113
854 417
267 173
658 85
821 244
751 37
180 833
638 77
357 311
217 512
400 505
45 832
380 126
865 684
270 32
995 502
980 341
493 874
192 390
828 437
661 507
120 103
525 333
869 401
579 201
24 489
831 112
323 465
859 581
206 884
234 488
152 228
785 452
96 261
321 458
709 363
187 427
745 178
567 168
618 556
933 338
447 723
569 428
630 606
944 317
173 903
80 572
848 142
398 835
253 106
714 239
482 517
848 443
407 735
181 924
149 179
113 9
631 705
897 194
537 959
724 533
359 304
230 74
679 978
882 413
967 208
515 420
127 967
855 373
533 406
421 879
453 836
51 165
698 865
739 421
239 554
629 653
651 922
659 890
737 344
388 926
28 770
776 569
218 405
364 531
870 555
308 813
806 109
671 363
36 187
828 445
73 626
333 785
454 626
662 163
991 770
543 123
246 451
915 545
513 340
913 597
224 435
333 383
76 891
970 814
550 699
735 252
462 437
70 173
180 785
449 885
195 435
69 485
363 792
196 793
494 460
798 157
667 325
251 104
81 347
432 623
510 266
612 178
516 63
438 339
927 506
559 133
295 410
142 384
6 852
971 840
33 759
299 20
865 921
211 901
850 608
605 586
270 829
593 709
368 243
337 816
663 657
242 129
650 698
174 627
985 32
535 910
937 495
874 513
941 919
832 491
892 260
196 843
6 529
247 160
205 99
156 786
368 230
597 115
182 546
148 394
62 996
131 531
214 923
476 208
134 885
108 907
215 938
44 783
862 768
566 678
567 667
780 946
798 11
246 101
541 459
55 524
318 233
232 329
417 349
669 34
468 476
698 148
421 317
739 789
293 906
779 79
364 83
353 554
748 429
529 98
234 808
804 650
152 261
953 805
90 924
290 292
75 489
406 567
842 885
516 396
89 716
681 666
479 289
282 921
331 632
285 616
309 122
136 995
503 171
202 32
623 674
498 21
163 113
12 294
986 153
228 381
162 59
432 131
789 456
289 562
868 380
418 354
614 565
420 685
219 199
563 246
396 191
7 88
951 638
563 40
931 658
769 643
97 950
880 754
543 698
505 476
691 777
227 748
356 869
94 118
672 513
730 434
832 156
875 644
747 652
145 664
958 213
676 643
588 8
393 252
209 369
77 348
857 378
49 684
623 77
187 512
408 557
816 227
193 205
847 223
891 736
94 175
357 734
134 542
59 918
905 406
84 982
618 367
893 750
472 539
156 501
749 695
684 661
250 263
590 90
979 33
935 618
980 610
366 596
617 115
829 911
59 961
311 802
9 605
219 462
758 890
384 594
772 602
574 543
910 290
989 209
371 770
484 324
586 937
458 968
207 9
346 368
629 538
446 364
954 202
462 646
120 768
559 992
490 504
40 310
230 815
666 925
282 660
644 362
112 716
909 617
598 678
748 115
316 764
161 512
375 573
73 365
77 166
228 956
644 721
960 480
592 743
637 733
926 174
679 603
528 281
739 828
734 997
840 597
379 434
491 363
794 369
786 741
284 550
556 689
598 712
309 765
684 368
287 431
828 923
889 181
228 185
484 159
24 104
584 11
37 681
769 479
93 227
730 306
65 448
167 633
54 65
154 19
126 504
642 457
281 639
97 991
945 575
254 632
23 668
911 371
777 749
763 605
705 612
724 52
276 213
773 540
969 182
330 317
504 969
573 917
664 428
250 164
898 600
459 663
471 448
948 476
418 379
642 10
974 757
151 532
531 134
407 298
858 828
509 272
785 851
656 989
105 39
434 521
298 189
3 798
359 282
296 293
115 361
785 768
955 234
103 20
620 828
758 621
212 934
464 502
565 781
172 76
615 40
723 791
843 194
584 512
858 928
664 674
521 963
449 663
215 63
761 699
620 230
995 428
161 535
573 625
820 170
213 5
670 289
205 917
574 308
687 674
295 122
826 629
707 864
169 612
517 265
584 941
55 129
526 605
379 18
874 765
718 808
480 328
296 916
42 917
659 584
270 623
311 165
649 623
295 208
422 427
801 330
462 861
964 219
490 449
55 494
457 981
333 943
410 867
543 131
86 443
665 401
491 928
885 454
603 387
715 338
580 640
907 25
974 916
776 546
441 59
482 92
867 629
763 727
113 114
849 551
246 939
207 984
188 813
910 410
416 669
264 291
798 820
186 647
6 410
129 109
363 467
578 559
876 725
716 355
761 321
970 179
296 254
553 622
268 613
703 87
758 324
201 969
839 2
803 970
458 935
456 586
269 504
182 119
175 77
654 425
800 429
602 348
973 900
415 948
650 134
620 651
20 198
364 301
731 111
353 783
102 417
329 45
716 23
267 313
62 263
81 705
460 132
263 592
164 964
958 75
65 826
231 497
500 696
964 480
737 583
92 52
199 789
19 6
862 229
152 850
454 422
703 843
876 335
643 836
931 830
19 638
790 328
237 558
304 428
687 104
120 210
414 632
664 223
944 336
814 778
310 954
877 12
854 63
623 448
813 135
945 234
971 828
833 196
15 822
763 486
203 965
755 298
206 673
295 370
356 841
97 420
103 551
481 934
78 97
108 790
848 770
927 46
36 391
377 101
621 470
758 223
508 120
499 196
983 827
323 744
877 526
723 190
959 564
106 449
895 25
832 427
194 314
571 225
552 283
293 650
444 23
471 556
521 232
862 702
604 40
637 856
490 236
21 703
689 617
672 555
158 525
890 538
205 444
413 159
554 219
393 875
991 375
609 16
138 348
669 872
253 526
730 198
123 437
755 354
830 345
807 89
395 527
130 832
435 644
31 797
949 251
553 192
100 624
38 5
742 324
320 593
522 957
153 446
172 882
50 40
923 167
884 30
303 720
510 742
779 729
46 782
666 787
428 444
687 718
713 516
958 336
75 451
349 519
993 589
63 891
194 303
143 992
429 693
348 890
869 607
608 733
718 4
728 128
502 379
636 39
55 399
70 16
370 454
481 230
440 999
859 747
716 917
293 826
928 785
404 709
103 600
523 302
168 578
7 173
535 170
271 270
774 970
894 873
752 149
863 436
364 863
465 272
862 245
586 4
813 46
265 90
933 368
900 984
320 577
858 94
795 246
651 760
948 472
6 680
532 599
583 824
688 575
623 102
587 526
696 117
947 915
351 938
746 470
450 927
586 473
90 230
317 912
55 928
655 687
816 251
280 243
446 967
616 591
514 235
303 621
503 549
207 596
82 833
752 474
72 902
241 369
12 776
225 315
491 490
707 69
16 692
967 440
100 689
832 962
976 745
611 680
812 66
846 960
558 34
10 416
391 527
33 348
331 406
716 938
611 250
425 540
433 658
245 675
37 72
28 147
390 731
611 188
683 778
222 324
927 507
209 852
327 590
147 182
788 511
205 227
947 437
284 949
429 825
266 839
718 809
34 939
797 920
56 300
15 406
520 425
618 637
765 337
353 364
930 170
633 507
133 273
266 457
518 478
390 281
751 989
461 328
498 468
9 433
988 10
302 116
956 62
73 947
752 847
949 733
932 726
389 403
231 973
356 207
871 297
662 453
829 342
437 967
496 925
886 281
595 924
425 744
650 99
672 135
979 908
455 279
590 920
289 287
678 284
518 675
737 597
379 124
330 658
941 406
463 32
720 966
149 764
387 67
358 816
317 145
288 129
542 294
979 223
13 852
309 125
190 24
398 99
990 379
871 347
354 264
242 296
380 631
396 454
497 781
25 981
362 916
435 966
364 324
48 366
520 135
401 935
126 879
152 560
522 428
405 861
333 394
887 624
122 81
244 75
73 789
663 535
993 854
566 750
567 624
164 986
46 177
551 491
323 975
797 192
865 894
31 587
176 853
37 741
879 952
344 146
736 664
584 366
812 684
805 904
412 776
888 845
9 590
633 446
232 512
509 508
254 577
606 855
380 119
339 414
129 8
837 270
655 269
598 257
914 522
538 415
282 320
664 851
750 727
774 121
638 967
888 843
21 976
974 386
997 640
862 562
390 352
485 735
932 882
676 420
80 41
713 135
882 523
683 776
124 663
710 117
254 503
713 369
260 556
510 353
250 617
8 63
37 629
232 933
966 410
27 790
34 286
650 762
572 767
299 2
596 139
957 241
943 983
305 153
796 128
897 273
295 794
516 90
274 103
938 883
762 388
231 975
219 293
438 12
411 245
802 954
339 348
651 165
171 44
183 656
857 772
145 531
138 42
776 969
189 549
865 405
351 862
645 174
110 972
72 952
968 399
401 711
825 521
325 699
197 420
197 853
825 471
153 385
655 624
372 891
867 35
932 836
742 578
826 162
373 473
528 42
340 135
1 866
30 373
349 460
670 79
79 414
524 895
739 364
767 352
234 607
377 660
267 592
282 306
586 971
530 801
85 982
78 895
280 739
706 444
616 278
397 697
180 267
567 63
871 942
228 758
371 957
589 305
749 911
179 238
959 340
0 826
507 644
791 390
909 621
272 236
335 521
323 463
104 662
166 664
816 685
476 990
810 815
158 654
897 501
843 992
605 303
381 42
42 805
987 356
914 792
102 873
966 597
977 929
752 799
419 969
897 406
228 766
58 141
909 374
940 484
682 969
868 900
287 689
597 676
866 629
123 457
392 686
85 586
642 616
722 171
355 13
65 66
993 145
93 802
902 159
283 992
417 649
282 425
479 530
21 185
84 10
697 72
736 132
810 864
447 257
132 742
817 786
311 551
516 43
796 914
894 254
640 164
393 56
16 164
835 230
671 457
324 429
977 599
365 981
803 371
915 562
676 270
799 553
836 663
399 957
281 825
245 752
471 651
721 339
633 663
830 446
275 738
45 443
954 773
30 406
190 428
136 645
530 439
426 833
15 356
804 860
261 547
865 958
487 951
398 12
479 307
739 349
931 274
120 612
767 128
122 573
464 104
186 143
180 884
258 118
81 430
839 632
481 795
946 370
837 703
898 4
623 902
721 13
312 913
821 28
10 568
786 223
858 517
884 834
486 209
595 997
753 821
812 205
483 356
201 664
677 335
349 978
2 836
923 605
949 880
904 83
532 342
792 481
597 164
674 861
58 360
304 597
111 927
404 799
372 826
490 334
705 870
405 514
822 913
199 914
918 894
470 846
120 307
769 796
87 593
734 826
830 445
716 747
353 68
251 161
671 55
94 324
100 644
610 252
587 140
282 655
167 751
637 679
294 771
146 711
331 879
204 991
311 198
816 31
457 534
599 40
111 262
591 349
845 951
753 337
592 838
235 828
4 904
840 548
38 708
881 579
607 673
66 79
453 3
936 749
734 278
574 365
658 455
690 157
282 216
885 614
17 163
634 728
986 100
378 947
418 715
729 18
690 799
747 855
174 653
375 759
369 858
222 110
269 356
24 151
215 640
634 193
805 728
927 240
604 514
326 898
2 867
261 294
87 488
861 972
199 937
155 783
382 302
726 987
254 240
878 265
255 442
98 557
334 796
341 381
583 430
58 886
825 208
920 287
903 486
543 121
588 262
14 855
163 458
554 718
369 929
14 61
959 851
14 845
958 388
492 418
19 97
994 439
161 79
525 143
831 91
67 413
834 462
291 825
882 5
764 578
419 383
640 798
885 78
951 697
989 914
948 554
159 752
12 568
546 640
114 630
611 107
954 948
767 267
843 757
899 509
210 263
42 661
518 854
256 483
416 710
271 220
363 457
507 222
539 241
232 805
198 652
531 942
478 750
153 546
473 591
383 673
345 851
715 805
653 72
135 686
633 944
905 791
166 687
823 958
307 55
418 511
272 696
661 739
534 632
352 310
760 215
196 915
508 108
122 624
412 909
533 462
379 317
184 143
415 446
594 752
130 61
484 683
930 977
720 26
505 748
45 90
587 523
105 823
464 87
164 264
531 744
938 364
291 745
103 794
320 910
328 157
498 167
812 559
306 670
35 714
682 337
980 979
873 753
422 475
0 596
273 428
638 480
342 88
592 292
375 818
918 502
979 652
154 279
84 122
764 112
981 478
259 904
386 684
904 504
906 918
642 242
24 402
456 602
148 79
763 185
418 147
15 330
427 741
776 153
183 48
871 520
941 260
440 989
675 107
953 317
846 730
662 849
785 944
563 645
548 488
309 802
375 717
33 144
397 818
471 2
901 967
197 324
476 532
545 432
389 959
994 105
619 698
113 930
891 379
336 727
379 16
832 62
986 107
379 584
360 962
845 113
833 107
600 340
753 994
503 901
130 603
736 860
227 396
83 745
261 737
312 739
862 53
238 247
96 397
648 36
443 457
297 366
643 74
654 257
484 954
992 258
541 992
992 296
593 958
231 916
790 784
97 207
825 984
418 16
19 356
954 465
113 631
126 319
522 217
794 990
596 434
166 885
891 144
382 157
900 155
342 805
516 422
767 181
366 57
386 951
848 41
141 690
995 817
976 323
713 167
325 554
36 176
523 622
645 312
263 924
713 551
727 508
321 547
251 505
246 121
665 719
380 851
313 126
243 532
661 780
612 484
589 574
189 971
24 388
845 130
256 569
762 137
515 579
701 688
183 655
801 886
918 513
379 715
543 845
488 967
50 299
685 769
898 904
397 553
515 881
581 19
593 444
534 429
401 731
527 213
310 223
531 100
452 639
693 823
992 553
263 487
252 797
86 875
588 889
63 898
665 381
94 750
943 775
877 535
675 460
770 198
939 64
175 746
157 829
472 623
28 365
914 646
367 360
827 894
437 16
993 404
648 734
822 622
155 663
7 652
840 997
928 286
273 503
14 107
803 280
38 847
185 409
770 755
108 623
203 803
471 286
852 628
413 976
171 557
893 817
742 843
870 874
286 563
286 454
68 128
32 865
712 674
776 669
470 615
371 566
988 708
916 175
818 19
59 721
790 726
16 246
775 114
480 555
157 800
994 29
387 621
966 16
652 951
646 720
696 168
62 481
837 159
866 863
388 698
107 246
307 968
531 841
133 834
142 531
831 39
169 871
194 976
385 576
376 217
478 944
248 662
131 804
910 923
481 164
87 589
962 769
837 840
494 109
332 250
352 522
220 387
879 606
219 141
270 747
173 77
675 450
800 84
445 502
367 34
400 720
5 414
354 848
974 716
368 990
461 665
869 146
278 428
343 962
43 878
770 99
989 921
477 235
333 723
790 745
288 92
952 960
912 425
692 2
272 979
367 378
853 602
872 18
956 568
367 463
270 306
256 238
783 630
597 682
457 731
40 960
6 565
205 245
148 589
255 910
568 507
748 344
843 228
682 504
698 631
914 567
125 59
328 373
611 199
9 548
561 297
361 714
557 789
225 5
84 355
485 179
501 998
882 933
926 634
419 184
872 608
882 131
415 716
560 847
989 286
637 383
38 63
796 754
240 871
745 854
747 862
674 654
227 555
844 796
644 961
354 260
172 696
760 128
500 870
343 481
898 901
159 671
628 597
663 15
23 110
8 427
906 721
84 88
35 841
978 999
223 125
432 201
878 110
995 119
473 881
522 569
765 256
130 847
555 544
523 115
56 994
359 379
373 924
564 49
839 970
183 109
743 108
473 184
265 573
548 203
705 78
97 746
185 520
73 315
840 152
976 669
350 500
49 441
847 301
645 239
594 398
998 213
765 912
584 792
236 273
145 188
313 317
173 944
98 773
339 597
261 614
258 679
29 336
477 148
987 621
258 643
375 296
766 440
946 634
238 622
778 199
567 460
273 571
860 762
347 742
34 292
283 747
11 85
348 427
543 901
479 149
53 3
525 979
248 717
29 104
25 887
960 735
289 490
365 366
688 490
309 263
822 573
92 590
509 742
438 758
495 400
238 995
559 123
602 7
855 256
577 211
916 72
420 865
780 800
721 281
363 226
216 268
784 920
659 718
767 846
417 661
211 668
369 440
845 743
333 180
904 12
703 567
623 376
286 52
910 550
230 287
860 217
821 390
224 275
962 25
571 266
505 676
169 595
589 516
423 514
702 506
490 564
91 242
102 797
507 805
392 618
544 35
291 863
210 905
855 799
548 769
584 705
374 994
345 838
509 997
753 29
541 236
293 634
-1 -1 46294 -1 -1 -1 -1 -1 -1 34055 -1 -1 -1 -1 46994 -1 32773 -1 -1 -1 -1 -1 -1 32951 -1 -1 -1 47436 -1 -1 -1 -1 -1 -1 39785 -1 -1 -1 -1 -1 -1 -1 -1 -1 -1 -1 -1 -1 -1 -1 -1 -1 -1 -1 29385 -1 -1 -1 -1 -1 -1 -1 -1 46291 1617 -1 -1 -1 -1 53873 -1 -1 -1 -1 -1 -1 424 35195 -1 -1 18513 -1 -1 -1 -1 49591 -1 -1 13334 19225 -1 -1 -1 -1 -1 -1 51300 -1 -1 -1 16918 -1 -1 -1 -1 -1 -1 -1 -1 -1 -1 -1 -1 -1 -1 -1 -1 47690 -1 -1 -1 17859 -1 48822 -1 -1 -1 -1 58856 27625 -1 -1 -1 -1 -1 -1 14999 -1 -1 -1 -1 -1 -1 -1 52753 -1 -1 45612 -1 -1 -1 -1 25043 -1 -1 -1 -1 -1 -1 -1 21259 -1 -1 -1 -1 -1 -1 -1 -1 -1 8047 -1 30677 -1 30613 -1 -1 -1 -1 17742 -1 -1 17492 -1 -1 -1 -1 -1 -1 -1 -1 -1 -1 50803 -1 -1 29695 -1 -1 -1 -1 29493 -1 -1 -1 -1 -1 -1 -1 -1 -1 -1 -1 13785 -1 18094 -1 -1 -1 -1 17982 -1 19159 30503 -1 35370 -1 -1 12069 -1 -1 -1 -1 -1 -1 -1 -1 -1 -1 -1 -1 43656 -1 58648 -1 -1 -1 -1 -1 -1 -1 -1 -1 -1 38495 20356 -1 -1 -1 -1 17791 -1 -1 -1 -1 -1 7437 65305 37891 -1 -1 -1 -1 -1 -1 52785 44937 -1 16776 -1 -1 -1 -1 -1 45883 -1 -1 350 -1 -1 -1 42074 -1 43569 45778 -1 -1 -1 -1 -1 55548 -1 -1 -1 -1 -1 -1 53176 -1 -1 15073 -1 -1 -1 -1 32464 -1 -1 -1 -1 23513 35899 65001 -1 8186 42952 -1 65165 -1 44960 -1 -1 -1 -1 49079 -1 -1 37579 -1 -1 -1 -1 -1 -1 -1 -1 -1 -1 -1 -1 -1 37531 -1 -1 -1 -1 -1 -1 -1 21161 35114 63395 -1 -1 -1 16820 35557 -1 -1 36346 -1 39495 -1 -1 23063 -1 -1 -1 -1 26639 -1 -1 14057 -1 -1 -1 -1 -1 25761 -1 -1 41537 -1 -1 -1 -1 38878 -1 -1 44292 -1 -1 -1 -1 -1 -1 -1 -1 -1 -1 -1 8529 -1 23797 41694 -1 31510 -1 -1 -1 -1 4801 -1 -1 -1 -1 -1 -1 -1 -1 -1 45824 -1 -1 -1 -1 -1 -1 -1 -1 -1 -1 2545 -1 -1 -1 62877 -1 -1 44469 -1 -1 -1 28215 50687 -1 -1 -1 -1 -1 -1 -1 -1 -1 -1 -1 -1 30572 -1 -1 -1 -1 -1 -1 34156 -1 -1 -1 -1 -1 -1 -1 -1 33990 3070 -1 -1 -1 -1 -1 -1 -1 -1 -1 17198 -1 -1 -1 -1 -1 11436 -1 -1 -1 -1 16047 -1 -1 37014 -1 -1 -1 -1 -1 -1 21723 -1 -1 -1 -1 -1 -1 -1 -1 -1 -1 1339 62591 -1 -1 -1 -1 -1 -1 -1 42322 30214 -1 -1 19845 -1 -1 60448 -1 48011 64779 -1 -1 -1 -1 -1 -1 31350 -1 -1 -1 -1 -1 -1 -1 59493 -1 -1 -1 -1 -1 -1 2945 -1 24457 -1 -1 -1 -1 -1 -1 -1 -1 -1 -1 9692 -1 -1 -1 -1 -1 -1 -1 -1 -1 -1 -1 -1 -1 -1 49520 -1 23354 -1 -1 12688 -1 -1 20403 32961 -1 51950 47967 -1 -1 -1 -1 -1 -1 -1 11927 -1 -1 822 35652 -1 22943 -1 -1 -1 -1 60642 20515 -1 -1 -1 59901 -1 -1 -1 -1 -1 -1 -1 57304 8763 -1 38693 -1 -1 -1 -1 -1 -1 -1 -1 -1 -1 -1 -1 -1 -1 45548 -1 -1 -1 21958 -1 35540 32478 -1 19892 3252 -1 -1 -1 -1 -1 -1 -1 -1 -1 -1 -1 14610 -1 -1 -1 -1 -1 -1 -1 15527 -1 -1 -1 17713 -1 28170 -1 -1 -1 -1 -1 -1 41229 57560 -1 -1 12567 44771 49312 -1 -1 -1 -1 -1 -1 -1 -1 -1 -1 32335 16710 32771 -1 -1 9518 -1 23067 -1 -1 -1 55332 -1 -1 -1 38778 -1 -1 -1 -1 61034 -1 1586 -1 -1 -1 -1 -1 -1 -1 -1 47912 -1 -1 -1 -1 47169 -1 -1 -1 13223 -1 -1 -1 -1 -1 42251 -1 -1 -1 -1 -1 -1 -1 28528 -1 -1 -1 -1 -1 29349 -1 -1 -1 -1 -1 -1 -1 -1 -1 -1 63171 -1 -1 -1 -1 21522 -1 -1 30496 21853 -1 -1 -1 -1 -1 -1 -1 -1 4276 -1 -1 -1 -1 -1 -1 -1 -1 -1 5504 -1 -1 -1 -1 -1 -1 -1 -1 -1 9073 -1 -1 -1 -1 -1 -1 29453 4396 -1 -1 -1 -1 -1 -1 25462 -1 -1 64116 -1 198 -1 -1 -1 -1 -1 -1 -1 -1 -1 -1 -1 -1 -1 -1 -1 29934 44122 10138 -1 41206 -1 -1 -1 -1 1827 -1 -1 -1 -1 20775 -1 -1 -1 30371 -1 -1 -1 -1 -1 -1 -1 -1 24965 -1 -1 29476 -1 47179 -1 14691 -1 59987 -1 -1 -1 -1 -1 -1 -1 -1 -1 -1 -1 -1 -1 -1 -1 -1 -1 -1 43775 -1 -1 -1 -1 5833 -1 -1 40453 -1 -1 37810 26243 9841 44850 -1 -1 -1 48108 -1 -1 -1 -1 24339 -1 34325 -1 58830 15871 -1 -1 -1 -1 -1 -1 -1 38113 -1 -1 -1 -1 -1 -1 10093 -1 -1 -1 -1 -1 -1 -1 5293 6598 -1 -1 -1 -1 -1 -1 -1 17559 -1 -1 -1 -1 -1 -1 -1 -1 -1 12637 -1 -1 11811 -1 -1 -1 -1 -1 -1 -1 28786 -1
0
