1000 5000
435 23
134 204
27 871
204 748
144 917
958 96
502 108
418 575
973 730
760 528
147 938
360 218
409 908
843 502
965 270
699 102
219 344
398 397
280 522
108 572
469 6
870 580
188 48
959 771
855 782
853 240
228 165
521 204
151 954
724 275
305 975
603 625
186 887
974 690
294 856
384 806
291 621
510 152
756 259
62 660
271 631
379 947
790 117
531 841
446 541
356 411
30 768
539 530
192 965
868 252
721 467
369 812
980 755
634 502
963 435
919 20
799 322
933 133
343 231
70 861
140 366
204 337
749 191
295 278
955 945
658 910
474 848
545 800
76 188
194 541
601 68
527 237
511 756
978 875
540 578
237 300
770 649
823 729
434 308
196 404
757 872
178 358
786 660
6 714
453 658
920 905
19 0
989 943
476 232
478 265
905 613
568 487
737 955
491 885
683 70
990 862
819 828
177 745
791 476
408 354
42 589
821 988
315 935
486 291
766 677
142 308
76 879
485 302
968 821
26 801
932 662
26 666
594 928
739 201
486 361
435 390
11 740
338 136
175 92
712 407
736 78
373 100
960 370
287 559
343 45
347 306
394 768
828 980
771 476
779 10
455 558
118 650
713 650
489 538
234 77
739 653
833 600
842 843
961 633
589 513
163 770
537 78
196 898
721 717
537 478
944 83
661 335
874 934
542 895
216 199
592 992
11 389
999 164
92 778
477 393
299 285
442 295
378 856
179 537
563 233
528 744
995 974
339 220
251 676
403 899
504 661
616 105
790 438
63 718
461 298
483 959
448 338
570 845
333 794
460 631
236 396
242 263
285 947
794 107
929 383
903 461
717 821
228 214
942 187
984 135
583 331
572 442
1 564
249 143
584 137
538 453
487 542
684 159
230 214
680 191
0 854
479 867
45 260
279 937
134 208
832 549
909 567
312 30
875 325
571 677
501 97
58 791
766 412
599 429
76 212
296 472
306 311
607 681
57 716
34 483
291 915
4 888
329 474
651 541
525 979
558 200
699 270
266 780
927 423
901 898
951 4
103 16
764 605
477 86
104 245
687 721
958 397
430 489
754 448
354 926
2 619
217 354
510 227
462 859
473 484
868 36
157 164
291 268
421 273
272 844
412 334
573 281
92 751
258 399
383 545
58 706
190 851
435 687
484 858
366 303
881 540
55 5
375 980
609 524
431 297
144 329
193 664
710 166
721 753
490 602
699 348
972 213
988 351
8 436
756 788
804 794
89 385
211 609
210 551
983 960
152 486
500 673
677 314
754 522
928 642
379 320
698 149
630 713
785 133
62 670
941 930
209 54
110 806
115 792
880 256
456 302
408 339
530 938
242 470
355 197
764 238
737 560
281 112
42 125
876 933
475 295
1 840
718 634
693 784
635 545
3 614
264 526
630 412
63 326
918 73
912 187
293 243
717 184
476 681
498 175
863 726
259 654
604 902
604 492
494 969
764 899
722 926
831 797
771 893
624 112
719 520
712 323
755 529
54 302
945 908
179 587
366 552
438 108
780 633
473 635
53 854
123 377
727 913
107 329
499 12
794 145
532 340
605 805
218 687
139 530
739 135
403 209
996 289
836 454
371 570
991 274
899 531
901 757
816 166
359 253
116 898
694 408
542 905
946 949
831 549
493 145
304 379
860 242
27 141
884 666
649 388
258 397
759 404
361 300
123 806
842 906
819 29
174 393
456 332
632 388
204 996
966 198
162 191
678 157
730 264
148 938
645 829
950 390
638 662
592 680
83 740
812 316
146 679
408 96
85 647
762 273
792 92
256 520
251 312
879 226
198 732
673 418
550 973
151 281
430 108
323 283
342 272
180 593
501 172
332 895
554 808
335 403
828 752
437 590
705 594
306 265
810 592
620 506
507 796
314 762
601 843
957 187
584 577
616 519
26 506
665 895
639 147
890 636
475 938
737 747
339 304
1 150
341 719
442 978
647 70
801 520
827 491
917 292
225 775
998 620
987 473
154 727
196 389
379 446
92 633
111 600
274 193
813 973
917 316
908 22
418 987
174 801
804 161
969 798
526 111
978 272
150 455
477 723
603 525
47 165
267 224
172 230
981 640
284 492
186 937
37 783
600 692
883 325
376 667
733 18
777 705
557 214
914 867
98 116
662 136
921 691
606 891
813 594
865 522
168 56
844 403
733 148
207 952
507 345
865 556
867 553
259 643
740 683
78 215
695 718
869 758
400 648
237 335
967 874
472 53
374 964
906 696
147 153
420 25
816 783
634 856
111 903
762 266
401 715
732 43
819 838
571 146
421 245
217 498
848 855
284 314
454 895
273 725
331 615
97 939
560 623
910 321
937 332
77 957
827 442
601 939
153 96
24 909
370 668
716 927
946 166
662 325
665 829
662 297
744 418
712 200
500 736
868 668
630 190
46 771
447 305
401 543
518 541
424 729
285 935
704 500
839 376
661 373
292 113
890 203
646 510
17 933
937 463
513 404
53 260
767 636
189 369
391 366
363 582
282 989
96 571
76 45
180 147
386 799
586 59
21 28
560 416
720 324
96 698
894 834
50 649
750 296
592 177
693 450
528 421
529 105
551 569
674 167
328 349
265 487
131 926
343 973
252 969
49 460
834 899
145 68
495 504
681 46
223 22
895 240
314 210
500 829
417 17
65 273
828 932
138 597
96 260
44 893
87 364
297 15
555 150
43 403
68 292
819 893
167 156
802 151
679 17
196 726
745 887
887 669
310 948
315 434
435 880
413 751
170 680
550 903
930 500
607 424
296 213
889 639
791 773
627 413
344 291
769 859
455 38
185 706
879 742
399 17
963 424
65 566
8 413
523 32
783 489
890 850
156 789
960 308
50 385
227 912
632 793
195 130
556 459
304 896
915 433
227 262
358 410
681 520
828 723
281 461
128 80
5 683
509 985
917 437
536 333
658 511
985 89
442 756
512 313
410 742
464 501
562 153
668 486
374 317
785 262
929 497
548 755
84 699
689 812
562 995
666 280
799 996
664 132
381 797
962 374
336 377
285 41
662 421
963 937
701 989
972 889
581 57
685 389
702 891
845 244
555 946
516 724
859 397
82 2
650 149
542 123
985 60
62 507
778 499
155 678
561 672
314 710
139 777
882 186
509 129
457 127
809 787
934 693
820 864
221 203
338 987
711 827
85 566
482 23
563 346
882 326
475 448
944 551
588 84
811 414
45 636
42 238
856 343
330 239
96 836
370 142
859 762
13 238
814 234
631 525
997 782
397 114
380 623
30 810
272 406
338 883
899 720
704 502
950 46
280 454
362 460
733 935
512 643
289 288
410 273
78 973
956 508
931 395
239 949
154 851
261 364
363 176
709 789
791 619
222 282
975 271
536 579
790 266
582 935
218 84
423 415
273 796
173 811
624 533
891 5
795 539
841 648
112 315
54 830
55 272
481 227
525 440
43 524
849 981
155 306
163 739
292 905
381 166
917 403
483 63
836 661
327 344
351 200
661 744
849 663
69 206
400 944
462 311
189 411
473 733
452 544
621 110
930 933
306 807
326 34
149 733
731 918
649 112
108 623
909 49
577 639
155 958
842 613
443 28
795 410
936 579
123 734
691 768
105 61
158 982
318 695
829 51
159 121
386 837
154 239
985 381
53 252
457 802
770 806
902 147
435 275
912 11
613 428
652 368
806 836
887 627
834 284
817 110
74 916
457 895
709 760
719 591
484 127
411 587
750 804
681 750
747 406
23 405
623 422
773 915
562 926
278 434
440 389
304 739
108 984
300 570
460 743
317 29
998 875
776 43
492 765
492 593
628 89
734 516
356 549
821 604
78 836
611 519
594 768
419 36
238 160
694 644
228 590
180 786
330 882
962 596
493 581
681 309
6 167
166 34
725 935
590 832
904 621
980 379
703 969
240 267
136 927
483 696
489 95
902 339
367 99
667 869
76 453
182 455
901 821
994 447
260 308
237 179
274 770
26 697
719 8
419 979
896 968
7 77
266 588
59 119
34 342
759 301
609 812
8 351
54 708
219 228
578 269
122 139
696 649
233 922
184 748
358 564
968 249
756 464
106 842
316 279
832 748
214 948
972 534
753 0
384 959
646 184
288 508
674 29
725 527
181 332
747 379
342 12
770 206
960 11
319 81
920 731
305 250
489 50
271 34
386 558
287 635
798 649
758 151
354 948
978 421
911 744
120 107
216 715
208 428
652 528
42 408
151 890
183 688
766 258
365 370
191 724
145 246
409 734
420 651
415 386
950 342
967 126
583 337
801 465
407 794
95 353
488 513
238 290
14 702
818 533
363 974
778 728
273 856
68 62
950 36
736 716
353 716
937 689
962 853
602 176
303 148
507 386
205 511
879 697
989 566
936 830
153 76
668 360
554 913
989 731
703 759
459 489
584 655
632 688
477 668
499 290
297 661
654 333
411 686
772 586
872 480
295 755
384 317
368 141
132 466
779 962
505 611
263 631
963 810
321 760
307 46
554 29
110 616
781 700
783 964
3 99
375 590
591 629
358 123
523 798
730 477
942 864
464 492
891 492
57 885
521 336
948 406
199 106
106 28
764 242
699 505
126 866
157 944
47 587
721 218
604 589
192 815
509 324
240 800
952 305
519 264
652 162
971 582
532 936
354 171
568 665
395 113
620 692
925 190
278 381
147 396
276 617
186 111
311 698
453 96
908 570
528 485
494 301
310 581
529 582
996 645
650 194
114 135
854 188
401 164
408 222
282 7
688 868
291 421
561 732
711 385
632 478
140 19
447 402
278 597
793 108
213 358
841 156
680 192
189 427
104 416
689 516
733 446
131 101
821 404
319 521
881 280
638 438
432 802
571 842
530 437
864 168
455 513
303 289
307 792
668 900
126 243
662 534
691 525
705 453
141 853
621 567
922 947
880 492
72 835
297 402
941 882
143 685
819 735
368 944
117 540
412 348
902 134
272 629
115 764
28 220
873 228
115 442
20 939
202 688
343 119
660 327
2 912
294 381
288 161
38 601
67 951
421 420
532 911
0 544
867 134
570 776
141 739
136 247
16 730
917 877
95 267
660 252
352 677
965 45
322 20
284 478
750 829
180 23
208 812
781 581
546 450
674 71
628 829
965 397
367 343
811 725
629 327
165 586
519 544
43 610
59 101
131 405
610 17
926 944
922 718
982 466
790 839
461 952
569 525
83 252
747 503
138 571
709 577
175 709
4 758
243 22
941 58
88 914
26 646
616 393
106 117
285 856
539 3
153 79
776 746
929 362
357 768
380 126
127 157
239 164
809 15
649 214
538 554
36 322
413 326
414 74
767 365
80 432
441 457
390 822
693 453
772 479
379 754
948 220
540 324
826 1
287 661
185 242
630 497
310 182
546 821
684 880
803 474
32 443
452 947
135 521
77 670
832 109
67 617
638 282
930 744
95 738
884 811
809 754
137 118
462 241
849 130
31 855
478 827
177 984
919 417
476 731
729 828
43 507
530 461
932 592
644 844
779 867
102 811
765 27
948 251
433 298
56 953
833 466
61 582
8 4
371 127
649 563
43 232
324 433
64 447
972 670
928 142
799 293
388 746
188 80
420 859
409 287
869 422
413 188
14 305
194 416
173 406
816 261
700 576
350 554
281 222
782 326
136 214
135 679
781 989
703 384
241 211
976 285
59 654
816 878
667 757
340 563
811 949
290 952
928 541
233 546
641 879
827 912
470 475
366 471
693 628
969 892
941 737
605 575
369 926
21 79
390 970
244 758
196 467
986 58
974 142
149 599
428 975
580 36
60 945
111 26
412 709
521 437
417 223
719 660
860 187
533 334
646 888
591 648
427 797
413 562
111 164
481 967
371 108
474 240
65 620
620 419
854 120
113 515
350 383
848 904
618 59
268 273
978 727
800 146
816 651
106 65
199 832
435 543
190 501
718 853
96 567
993 230
548 880
809 183
434 397
829 243
189 960
480 854
701 36
556 825
932 467
332 507
608 384
884 393
83 708
472 659
728 914
587 191
611 886
199 590
515 453
48 119
461 247
520 340
681 906
687 215
867 325
333 904
207 945
343 377
983 417
589 321
101 444
722 59
483 114
912 204
638 301
679 234
190 735
992 929
580 257
493 900
78 776
332 800
142 886
357 714
497 625
71 264
109 257
221 675
645 890
991 682
782 131
638 516
289 322
270 892
432 645
85 414
438 357
537 954
613 288
920 615
726 792
500 208
980 233
535 186
113 311
579 848
92 450
500 539
739 47
871 973
546 267
273 501
505 173
126 267
85 653
440 380
900 504
788 954
410 731
513 293
519 879
40 100
975 132
608 706
666 902
251 459
652 848
3 400
89 914
534 890
0 226
412 445
785 64
88 650
729 565
46 508
105 916
737 501
107 161
269 44
444 596
817 961
967 740
784 357
612 597
621 917
415 698
147 345
235 402
976 702
263 361
816 122
347 527
271 769
110 476
684 721
994 932
909 733
899 568
504 159
479 29
731 675
252 883
440 311
58 824
72 57
501 284
575 454
845 368
872 466
791 603
653 935
328 64
543 673
647 556
778 345
550 675
955 842
872 996
222 64
186 167
180 664
176 339
5 734
817 109
696 486
132 980
85 82
697 376
633 542
415 958
605 6
442 131
223 261
864 687
770 603
882 10
192 166
145 169
436 451
436 725
800 812
8 269
572 789
467 248
650 248
437 189
502 498
487 665
623 516
595 275
2 304
177 367
205 861
529 213
807 97
58 136
266 990
455 137
21 737
625 587
513 413
247 527
985 532
218 928
64 535
60 258
219 413
278 579
539 743
465 835
209 732
362 104
322 925
518 775
648 157
991 609
935 947
326 223
980 117
70 591
996 724
588 549
521 627
205 642
912 840
705 975
84 669
302 385
484 298
218 539
772 42
453 8
347 722
463 923
290 842
493 798
830 770
71 871
432 70
237 355
785 203
372 805
845 8
2 541
228 629
727 861
976 841
117 686
555 58
447 454
622 304
278 925
736 439
525 744
950 38
234 259
149 254
136 872
405 414
209 914
905 919
881 61
278 831
207 866
982 230
885 503
133 273
534 680
602 108
141 578
87 150
124 990
715 793
724 802
933 519
511 937
907 600
376 646
618 140
755 50
572 335
953 379
981 371
466 63
284 243
902 358
208 34
803 157
581 559
188 254
900 234
557 123
33 809
129 543
96 64
637 224
700 548
921 988
309 172
851 847
862 50
604 972
291 471
841 433
123 16
155 506
681 484
466 327
575 370
266 137
690 472
984 516
13 116
404 654
75 174
551 956
120 475
235 966
824 463
103 446
387 865
667 668
603 233
10 865
852 407
527 342
465 762
572 504
281 916
688 982
554 472
51 614
916 145
135 832
766 778
472 250
680 627
127 540
749 38
500 848
941 77
128 320
943 167
13 379
278 879
332 321
404 194
622 629
497 403
708 254
664 812
928 230
325 18
22 629
250 583
621 583
456 965
958 567
216 533
702 417
592 531
133 651
130 961
976 165
986 252
429 294
948 597
301 722
620 298
523 633
898 984
187 30
389 202
25 813
187 299
516 73
84 104
609 449
35 563
714 545
24 670
330 904
634 540
270 904
579 59
902 617
761 298
732 49
93 975
666 315
235 541
331 262
344 744
682 814
371 306
563 495
926 371
230 736
540 804
420 300
231 571
923 693
915 395
31 742
183 454
957 835
998 311
217 680
543 485
410 39
732 419
593 969
137 589
89 45
949 252
561 865
481 925
703 752
330 832
314 305
876 631
357 565
911 727
793 400
108 210
65 535
874 401
515 909
926 531
586 672
134 196
418 358
882 685
680 207
478 560
528 571
950 866
336 316
572 242
977 577
257 923
525 288
853 969
967 230
126 275
340 338
201 19
893 855
452 257
547 320
287 509
603 813
343 668
879 753
844 965
475 22
959 273
165 992
133 789
325 690
352 228
655 399
841 912
643 495
432 510
56 632
134 814
148 741
86 12
794 112
738 736
416 16
518 624
634 696
849 28
984 354
247 924
867 424
873 549
634 130
986 313
651 735
298 210
508 273
779 300
917 544
537 133
576 972
696 627
16 636
7 257
313 82
470 519
100 521
127 233
560 343
725 516
446 294
943 218
466 391
995 621
713 238
28 777
228 744
131 543
758 532
618 772
740 329
275 165
265 770
132 47
626 919
363 657
722 604
112 923
565 353
904 123
392 618
363 263
908 231
953 968
98 538
330 702
349 49
588 333
625 844
232 317
668 505
330 562
116 208
498 41
500 501
54 522
614 729
138 392
793 579
449 313
497 594
878 565
514 779
106 890
428 744
718 742
699 544
107 753
33 149
280 183
427 699
980 173
486 645
933 336
91 776
555 861
466 677
756 345
997 141
572 41
125 498
169 744
70 927
34 744
496 373
84 142
357 568
797 871
946 711
773 261
55 765
40 442
857 202
669 516
448 300
255 9
855 774
804 75
79 137
570 24
715 561
891 406
393 576
744 904
255 127
804 722
461 60
981 773
925 876
509 635
983 932
194 581
427 107
226 229
768 530
141 55
821 434
94 377
556 927
393 850
640 655
788 174
697 456
251 865
435 877
368 986
548 562
229 536
63 276
215 518
981 129
194 451
542 304
753 348
735 162
255 623
717 187
763 956
376 246
24 308
291 729
256 599
115 424
748 915
197 187
23 467
619 553
634 831
87 333
780 44
852 575
515 836
451 574
147 819
2 660
223 735
848 916
369 421
277 567
479 102
184 25
278 933
868 856
897 360
898 980
387 803
245 551
752 288
639 624
221 573
360 705
664 174
757 781
864 516
940 80
267 396
729 97
591 950
751 344
429 641
944 160
1 148
84 291
587 788
20 891
637 808
145 94
922 888
309 50
996 384
519 275
77 490
38 6
728 975
805 831
714 884
804 765
734 558
84 370
931 24
632 153
831 435
936 702
494 522
805 693
970 819
468 512
403 574
33 808
850 316
584 475
548 827
570 55
21 883
641 713
153 116
898 429
981 765
696 111
123 801
629 926
338 829
812 360
913 785
765 104
855 550
7 578
507 774
930 768
301 597
998 758
883 56
719 647
379 35
409 872
814 520
183 706
73 901
238 688
302 882
456 901
117 846
482 727
320 917
544 383
209 31
186 326
23 27
409 466
884 536
470 217
211 200
675 684
830 270
525 410
784 705
8 177
155 538
458 176
150 834
162 768
18 562
164 893
287 335
729 68
316 308
516 588
90 395
566 426
302 771
708 197
377 764
610 303
24 734
986 724
798 253
695 258
141 870
91 639
179 259
166 616
582 908
150 92
185 460
761 746
499 71
280 257
242 314
23 703
302 687
133 0
394 848
488 783
361 77
796 379
96 449
274 513
636 460
348 403
606 953
819 976
966 687
333 815
680 463
489 705
481 906
395 941
432 741
55 177
869 411
658 662
471 793
149 803
465 910
264 150
910 932
578 5
918 109
187 310
672 920
113 244
145 111
59 702
239 125
178 939
852 710
895 637
522 620
41 515
226 99
926 698
323 482
711 76
872 47
8 596
8 103
658 544
564 889
640 105
264 486
167 82
553 626
266 639
96 475
918 248
671 304
518 756
440 481
692 642
42 196
398 70
507 294
586 900
557 703
941 955
666 374
99 600
114 913
51 70
520 180
416 418
230 668
671 430
231 649
971 68
316 891
694 469
532 485
845 689
347 773
451 478
847 157
749 795
193 931
7 335
81 658
813 597
857 371
228 513
290 719
734 640
387 256
285 31
2 694
705 986
490 177
917 797
239 326
7 30
265 4
127 516
368 542
922 805
323 905
270 275
856 613
62 318
458 947
310 889
886 138
320 794
166 639
395 444
554 293
984 101
808 927
391 855
381 191
844 459
747 896
591 413
713 248
617 677
247 353
280 843
655 999
41 946
487 905
446 881
351 636
609 394
276 369
156 930
693 164
385 22
133 863
154 285
953 822
245 573
622 570
932 886
155 755
694 610
407 742
793 120
575 71
507 859
977 475
465 646
152 680
829 752
538 939
512 139
946 769
568 557
868 44
215 958
479 546
851 614
881 885
871 279
492 16
683 492
767 698
141 391
686 554
295 127
752 605
778 177
99 641
35 777
670 879
664 91
386 399
974 923
72 451
5 914
359 746
923 823
432 515
803 10
953 564
147 451
678 794
260 421
787 910
642 546
40 409
362 850
189 769
335 581
939 747
463 332
660 171
332 975
464 307
409 66
170 256
788 719
292 625
547 244
887 22
372 959
641 209
6 293
375 999
254 125
132 602
744 842
406 362
349 313
434 145
738 155
379 989
198 230
262 759
217 171
478 893
632 3
527 320
586 303
143 353
32 405
306 723
316 619
50 464
417 168
942 900
978 873
721 719
85 853
786 573
701 745
218 673
502 528
922 181
67 712
899 693
203 869
125 983
701 166
631 823
606 382
617 196
237 658
506 464
200 724
42 868
727 927
272 681
524 59
469 183
80 240
233 620
218 961
105 859
2 168
519 43
572 926
553 309
720 57
368 531
824 650
925 455
47 228
901 808
724 758
690 806
292 821
519 657
325 517
156 506
235 756
695 2
398 562
206 936
387 493
65 428
36 491
892 904
579 603
271 907
341 940
456 237
817 652
173 105
585 49
333 324
622 85
281 681
218 798
251 357
957 417
321 110
357 118
65 44
401 855
756 999
442 814
992 893
91 31
711 169
901 981
59 54
309 379
684 509
973 638
388 974
46 815
798 789
507 898
264 19
920 267
591 239
501 229
195 64
560 759
825 778
565 13
865 769
826 612
11 398
702 636
75 135
110 130
234 279
53 574
170 937
303 662
642 987
522 656
91 751
426 887
966 318
937 716
1 509
852 603
779 927
409 186
302 621
974 125
458 715
902 829
850 947
474 707
418 414
940 223
310 272
92 802
802 890
700 430
646 592
531 403
511 28
819 539
330 745
374 10
236 852
888 385
790 96
437 788
662 639
288 410
155 362
379 689
843 28
405 305
838 825
303 935
30 185
871 559
272 414
991 30
306 615
763 547
45 104
829 506
96 518
53 31
331 601
817 146
803 198
586 374
765 732
332 393
534 203
443 359
357 2
600 962
237 676
288 344
781 990
468 577
681 994
206 943
136 690
130 620
858 911
901 469
303 909
532 854
973 304
998 446
953 382
307 226
535 272
529 879
368 280
610 464
911 356
889 575
272 733
540 836
369 267
733 524
797 937
284 496
504 594
404 590
366 615
291 903
302 153
107 616
415 219
942 19
697 669
348 438
345 660
417 136
36 350
512 511
510 480
109 872
703 729
708 402
499 449
665 463
872 115
245 352
482 181
482 905
940 888
946 615
493 261
440 717
193 577
206 64
794 729
387 94
475 318
572 191
413 988
579 277
713 512
816 490
298 783
245 477
501 768
568 44
290 131
323 86
616 556
873 576
877 934
33 823
775 837
408 746
707 75
60 507
128 432
322 635
326 802
627 652
136 211
427 971
992 938
61 914
37 513
750 356
784 702
444 371
925 559
497 772
105 177
707 71
700 93
736 98
640 658
198 784
34 500
796 886
898 192
739 970
190 105
657 224
479 729
850 599
426 914
762 16
185 173
717 54
762 914
154 806
681 183
119 260
364 975
3 484
934 482
308 711
625 67
44 967
171 197
562 439
986 658
870 953
553 366
899 113
90 311
887 158
21 692
780 601
644 324
453 947
597 450
532 414
677 270
324 186
975 367
763 575
604 359
905 518
15 339
627 445
41 973
61 547
769 301
172 753
523 396
81 266
166 760
458 920
471 486
785 947
365 9
777 593
349 934
863 160
568 542
972 241
996 361
493 667
975 829
497 550
601 521
379 74
300 25
360 367
707 845
229 304
89 573
374 207
300 863
759 54
325 703
778 601
321 607
927 116
86 619
79 160
435 193
847 733
219 250
65 500
139 642
904 198
171 7
937 563
333 75
866 62
921 715
666 914
871 456
452 620
102 746
799 430
892 313
707 137
6 359
323 624
396 52
659 618
629 325
501 777
235 889
106 612
11 482
864 185
670 345
768 199
535 273
209 378
408 407
137 856
973 928
134 901
700 265
169 517
895 184
703 69
995 334
502 630
274 897
282 159
592 14
822 460
129 692
308 895
621 513
310 846
233 340
972 654
592 942
100 127
710 938
937 858
127 772
437 452
719 489
223 581
856 886
749 598
368 771
882 336
518 101
310 679
426 558
805 633
110 104
693 725
34 406
143 878
603 212
698 923
49 484
660 475
194 251
487 133
479 921
904 428
687 282
909 599
793 773
225 867
687 361
341 615
440 404
362 125
359 837
962 959
523 36
389 8
76 774
598 774
984 152
790 186
945 160
796 843
585 476
564 526
76 346
600 374
298 482
760 275
554 352
854 56
654 756
497 68
555 209
181 2
986 634
837 641
747 140
563 440
338 140
198 647
327 975
730 58
597 486
995 996
183 728
292 559
61 29
221 657
237 620
410 434
420 243
378 673
803 217
663 152
422 630
354 420
238 338
136 437
462 169
2 129
684 472
215 283
873 654
670 430
785 218
224 511
679 232
72 505
270 160
810 801
566 889
726 823
143 863
425 598
355 945
67 990
224 616
96 13
938 43
970 358
149 308
861 255
213 189
845 47
248 402
476 534
107 205
744 314
679 905
408 355
348 478
399 151
843 87
953 416
529 456
605 725
975 361
677 327
577 85
492 81
741 732
742 94
396 152
635 444
610 251
704 611
101 768
212 704
31 634
837 335
3 347
398 284
866 91
858 96
56 355
598 258
937 592
386 479
307 455
855 540
883 383
403 977
416 858
42 618
750 763
564 101
610 624
277 980
460 750
537 33
149 354
639 728
840 746
848 344
803 347
36 46
125 425
792 99
29 33
318 599
519 354
44 277
393 46
142 177
680 997
315 766
485 573
950 4
355 354
405 499
471 385
564 619
120 147
82 428
424 277
390 609
573 558
759 45
641 617
411 801
416 374
443 862
763 581
493 3
107 410
496 413
16 673
806 238
249 651
753 411
808 555
257 574
657 529
833 101
257 987
535 386
58 569
180 222
800 354
338 635
12 898
778 768
828 361
67 862
11 562
53 529
591 830
722 108
292 634
402 119
86 82
321 789
114 52
986 556
621 288
364 180
777 984
875 918
444 782
270 439
22 548
605 330
572 929
438 322
309 709
833 723
850 51
948 548
212 451
999 226
975 511
989 612
773 166
601 404
254 248
581 357
493 459
353 52
59 118
760 282
839 908
272 330
973 470
22 671
340 112
346 547
819 646
607 919
870 655
149 929
493 511
33 98
668 277
319 829
573 655
596 184
606 611
841 22
25 493
690 218
720 897
662 598
137 252
662 902
904 840
59 996
72 851
428 358
961 579
997 0
70 314
845 49
792 714
795 407
727 86
34 932
305 129
731 907
732 363
389 993
348 658
170 353
810 636
70 890
274 689
955 416
777 2
542 583
918 622
468 836
124 726
974 696
377 70
470 914
373 388
882 728
817 973
614 246
592 544
347 7
977 786
631 955
878 857
377 390
351 513
699 419
870 668
185 39
568 529
0 219
79 321
793 662
918 908
238 446
381 443
488 842
939 424
875 618
100 251
672 996
666 948
587 85
126 777
618 69
166 377
379 317
300 145
750 567
699 251
2 106
288 458
505 549
349 975
92 544
652 559
629 378
22 485
157 191
943 658
626 383
999 746
966 34
191 3
159 110
379 890
258 544
797 422
386 8
395 69
515 674
721 525
552 482
669 324
667 882
351 820
697 126
367 759
584 614
40 417
55 799
653 421
978 556
838 661
566 590
308 908
952 586
879 848
753 204
476 320
607 721
660 572
563 220
874 115
16 272
203 667
239 626
55 584
529 928
255 881
806 204
822 629
620 374
706 206
558 963
577 815
82 88
557 634
528 662
96 922
178 926
216 899
811 849
822 870
793 337
859 240
676 344
791 584
483 876
821 185
397 395
971 347
16 54
781 812
195 378
107 149
396 487
22 358
582 789
453 472
143 974
575 141
51 175
568 947
744 504
837 796
874 228
114 614
140 299
73 596
866 208
799 754
939 342
507 387
649 631
389 877
571 586
962 207
335 825
657 467
796 192
542 779
454 820
165 51
152 987
521 228
470 693
297 643
593 727
795 445
362 469
596 335
341 997
436 551
28 699
306 453
465 924
510 544
903 17
78 453
347 221
625 33
519 643
260 536
428 895
559 3
661 880
866 193
662 948
923 764
450 280
135 854
445 741
990 775
874 632
463 713
781 565
507 733
658 42
112 407
372 656
417 228
694 127
77 212
728 867
527 279
450 897
952 181
256 48
598 827
254 204
67 411
155 817
325 376
731 466
666 431
312 190
986 427
942 155
631 358
555 904
654 301
249 4
557 882
166 265
248 482
703 818
192 803
797 28
37 198
31 840
583 586
343 12
907 358
658 589
389 120
234 753
922 866
605 536
229 731
217 809
35 876
320 964
592 329
961 638
246 905
944 170
862 389
784 430
5 610
850 85
796 77
558 66
47 792
556 280
453 951
71 715
194 275
504 255
137 608
610 74
999 899
978 497
395 575
405 541
55 723
140 485
935 996
611 257
574 127
484 907
23 436
407 789
675 99
448 118
433 926
53 210
453 620
599 898
888 943
395 196
691 385
985 810
928 265
195 149
863 40
303 848
828 330
459 527
200 598
122 238
639 949
894 421
93 626
974 374
57 383
303 608
161 83
592 600
97 586
91 95
621 189
554 557
839 773
5 336
468 451
8 635
602 57
758 329
602 247
908 168
192 312
302 847
506 375
266 140
7 651
85 744
430 101
604 272
361 152
492 650
763 394
126 64
712 404
988 646
622 860
67 82
749 58
305 733
418 272
500 341
844 835
169 457
517 261
531 265
246 617
19 783
958 141
659 184
230 75
549 569
713 966
582 782
533 508
653 915
959 749
888 424
756 903
977 288
723 962
998 25
951 656
446 303
256 706
471 248
102 226
756 867
305 170
779 904
521 108
848 266
192 223
462 808
152 1
965 617
545 318
310 601
92 104
985 601
397 14
796 570
384 643
23 347
413 706
569 884
297 728
543 696
62 942
591 893
825 899
447 96
198 926
823 13
145 642
25 144
31 857
565 458
842 397
730 549
864 206
839 195
237 740
963 925
413 663
513 321
809 198
61 819
519 773
213 208
296 399
36 471
775 681
16 888
703 1
769 570
460 607
893 519
112 531
443 872
869 760
607 944
932 908
719 853
745 459
610 524
689 39
308 80
639 754
273 746
939 346
186 274
255 345
970 394
373 51
138 570
98 344
982 963
601 551
416 624
172 330
285 669
129 668
489 760
847 743
192 250
559 209
211 459
726 212
306 587
257 414
541 8
408 937
15 67
776 57
890 398
408 113
343 319
586 45
118 304
996 320
924 548
865 486
926 564
790 411
429 668
394 976
908 235
615 262
858 696
194 904
586 209
56 716
149 362
344 478
345 281
376 852
988 419
925 510
267 879
711 853
532 476
37 572
798 220
301 719
317 815
431 351
656 773
428 960
912 42
823 226
75 435
131 742
857 352
271 980
801 35
814 462
973 424
503 77
352 806
614 805
361 561
751 61
846 790
654 891
97 70
69 620
998 648
538 492
173 924
971 132
61 18
144 55
947 608
971 787
246 13
973 148
191 967
146 981
585 343
960 194
820 668
536 304
980 239
189 911
288 985
990 885
496 141
540 526
678 142
246 530
472 766
38 575
457 236
740 657
461 254
343 78
812 287
373 271
817 87
960 973
135 447
33 642
80 141
188 612
945 715
809 684
719 949
632 828
632 521
678 203
350 893
187 658
276 393
316 264
549 218
849 548
910 733
493 300
217 421
268 644
11 679
890 893
50 150
360 291
536 317
188 567
446 889
399 21
859 466
752 552
460 542
358 864
306 71
954 871
1 905
621 795
540 422
55 670
732 0
430 267
291 598
684 339
337 173
882 976
953 198
94 426
920 163
458 730
786 951
154 777
17 186
264 365
994 622
74 292
697 801
535 749
417 776
272 77
698 354
617 375
72 253
75 956
721 161
789 353
401 617
486 156
655 632
160 457
717 881
408 733
199 12
76 168
365 610
388 395
826 565
621 553
149 569
165 61
963 206
848 962
770 618
309 349
849 925
936 97
219 971
734 393
984 832
689 502
239 718
227 260
111 819
142 561
345 526
629 320
67 891
35 972
214 528
332 147
206 839
129 741
284 57
2 493
651 767
277 954
615 377
783 424
823 372
267 427
54 329
956 735
147 501
616 915
982 949
768 382
974 668
710 840
990 82
28 55
629 970
16 157
248 648
45 114
381 39
793 446
740 260
861 583
643 834
320 644
292 656
492 710
173 126
947 746
129 42
695 931
722 445
70 355
751 527
878 72
907 634
380 431
784 747
479 521
787 150
594 272
31 656
678 440
910 274
171 404
285 152
925 237
700 307
778 769
634 773
210 751
997 791
860 248
534 878
265 104
784 679
972 515
483 439
927 7
596 562
113 577
444 221
21 217
478 781
235 551
803 649
465 367
949 213
418 543
98 76
821 427
857 547
885 558
289 157
282 325
836 637
234 929
225 33
569 419
411 776
468 476
88 988
591 477
132 200
601 963
77 276
948 286
674 784
193 494
402 462
123 975
447 925
94 362
580 988
358 868
742 498
87 938
607 56
766 431
597 649
536 484
347 355
35 377
897 380
758 280
221 4
326 29
127 90
24 21
988 836
559 710
455 392
940 743
717 656
174 181
433 812
33 622
611 50
443 357
701 783
357 90
543 402
0 32
242 534
122 743
853 244
25 516
559 959
445 607
389 791
7 803
72 740
321 718
88 941
117 477
760 23
738 259
710 305
865 192
960 259
637 217
311 72
608 367
359 231
238 265
380 513
637 488
612 588
671 467
981 970
910 196
281 718
963 730
124 399
236 945
606 332
136 929
934 612
579 988
601 857
886 558
469 541
419 231
370 354
133 899
701 663
825 689
772 272
25 303
843 989
17 890
343 626
830 851
716 94
180 102
559 998
303 607
841 32
621 779
376 671
859 483
714 631
548 828
218 525
976 651
613 147
14 355
744 576
765 945
754 570
98 624
924 196
576 921
728 494
694 937
7 612
510 909
109 740
466 851
692 549
648 741
200 783
201 905
529 559
60 951
37 618
503 748
620 3
423 902
708 647
809 106
624 741
621 683
944 5
736 852
215 668
943 87
36 837
360 252
700 145
704 705
626 898
272 131
576 257
653 233
248 74
271 334
307 994
443 941
557 874
210 225
36 961
560 284
891 524
186 446
897 543
273 832
656 181
441 37
100 947
490 620
864 681
864 234
199 135
641 563
628 579
756 671
446 170
989 710
757 332
226 364
422 765
566 524
756 584
366 487
697 711
146 895
177 211
149 11
174 404
588 991
901 926
777 811
408 593
512 248
921 624
566 859
973 969
888 78
294 546
908 636
197 174
337 966
351 814
846 685
580 693
212 316
442 862
880 445
98 994
512 565
254 394
154 408
85 341
2 973
876 324
526 157
688 318
578 276
721 112
960 527
119 953
692 284
253 203
345 604
247 235
866 498
700 323
372 579
680 11
160 856
591 850
701 205
505 246
270 420
346 752
542 348
264 738
34 960
809 747
622 758
883 528
726 492
357 242
851 701
346 781
325 951
95 406
107 946
395 974
986 64
913 667
643 721
838 476
481 526
899 845
835 932
939 848
597 885
23 190
141 808
712 513
810 838
836 638
119 791
21 260
867 478
818 451
931 797
695 305
284 528
369 71
47 235
127 276
244 159
837 563
990 788
643 28
824 873
867 944
167 637
818 87
411 380
34 682
931 898
217 738
605 559
115 674
814 372
845 103
966 615
384 355
424 78
535 638
524 28
167 146
99 524
810 448
230 159
909 579
865 973
2 601
269 714
241 686
378 169
646 292
472 670
539 187
730 648
476 458
130 855
124 291
64 376
931 488
660 368
441 894
462 620
924 985
861 860
55 69
313 530
282 786
321 149
758 170
449 781
896 736
725 116
925 38
245 340
87 444
920 557
922 510
10 240
836 390
106 864
833 349
711 62
361 417
700 870
335 288
98 824
870 156
921 850
924 867
254 134
17 91
665 523
101 224
199 553
340 160
283 722
618 176
639 263
464 997
825 121
89 115
768 792
206 387
77 460
470 210
707 719
304 673
237 159
273 151
97 971
17 183
353 926
451 208
659 357
375 537
736 113
188 972
889 925
121 690
852 942
232 817
12 471
512 751
208 888
699 998
915 62
205 544
164 6
542 214
744 880
634 92
783 285
387 664
399 289
843 352
482 17
317 576
971 735
283 364
261 203
623 97
40 721
239 133
639 785
128 631
760 884
363 857
752 941
501 384
2 501
673 30
49 508
175 678
315 925
887 945
90 327
796 98
656 164
956 19
966 768
529 811
386 277
108 343
256 992
284 844
303 623
944 434
769 245
654 434
597 915
199 575
969 639
275 410
786 939
963 431
849 144
660 157
561 755
474 889
441 902
466 208
833 543
792 12
360 171
632 508
710 126
500 272
665 275
32 822
352 613
758 497
485 726
676 811
52 397
303 938
352 149
879 100
862 746
649 711
669 885
149 457
683 842
583 119
122 72
920 31
626 851
56 100
977 173
5 608
514 434
64 495
233 179
893 879
579 118
375 111
118 513
47 685
594 721
923 293
721 494
379 748
641 485
447 765
32 384
457 23
773 330
166 963
759 583
529 605
653 176
981 564
304 903
832 715
773 563
926 900
6 14
889 598
798 777
257 463
56 685
117 832
854 845
174 997
985 477
979 145
195 942
616 503
708 79
948 127
771 127
683 384
559 465
183 232
682 605
691 796
996 543
887 17
670 9
804 111
971 740
471 970
491 255
812 188
356 607
6 557
708 991
127 526
2 464
115 957
137 540
797 148
483 226
386 754
911 589
537 670
59 859
951 767
942 210
569 497
406 51
191 782
393 171
14 4
667 593
715 965
377 973
645 181
660 461
214 163
294 290
899 491
95 651
6 242
705 432
680 161
482 654
845 461
859 673
465 963
492 760
904 851
70 785
166 455
702 336
419 680
467 649
693 960
635 208
92 392
896 140
496 120
689 609
694 305
437 283
694 190
621 649
1 47
5 593
881 568
473 817
872 337
783 577
884 538
663 409
68 199
849 626
991 540
534 638
220 771
289 171
369 312
444 192
567 416
563 277
130 430
604 795
90 826
87 574
22 576
922 735
290 422
887 431
465 783
721 758
896 608
600 21
424 548
473 713
1 164
421 38
22 935
897 761
529 785
278 302
624 356
203 949
285 825
753 783
614 187
321 746
748 111
222 712
627 694
690 83
21 939
602 888
286 904
935 221
822 806
525 449
483 604
273 135
393 679
655 330
91 780
574 427
493 263
256 20
741 656
916 782
299 695
689 397
890 36
102 201
232 239
480 820
748 13
932 834
821 516
137 16
22 793
721 764
809 780
623 471
967 360
459 199
55 238
857 376
359 247
957 355
237 377
863 630
270 132
342 122
637 868
174 816
830 891
892 255
296 243
561 53
37 45
361 701
681 902
585 702
174 696
28 999
520 415
786 619
496 971
205 388
713 508
951 764
584 205
61 475
915 22
702 209
633 248
618 262
795 302
822 800
293 982
390 837
627 59
762 485
205 208
820 925
872 985
946 5
721 595
864 542
489 683
240 417
30 432
477 223
127 357
260 577
15 227
252 922
578 574
99 216
748 695
425 723
641 498
793 325
754 595
101 9
999 222
13 677
228 232
885 93
411 286
486 495
935 79
27 194
902 447
500 167
29 626
678 974
298 420
419 881
747 374
395 877
312 586
339 653
161 118
482 666
143 290
808 219
29 212
887 278
304 571
210 164
291 394
289 99
15 648
146 875
329 196
455 856
918 752
947 918
806 432
129 658
881 565
264 670
778 972
954 49
917 507
68 97
908 178
153 316
801 355
530 783
102 958
856 399
312 56
121 953
240 468
2 561
189 336
59 659
515 584
507 283
805 402
979 398
830 845
125 289
16 88
228 339
501 923
172 75
747 746
633 150
3 267
599 680
471 828
145 433
705 749
188 801
826 271
472 895
986 527
102 388
768 742
200 37
572 605
356 72
449 249
836 362
536 569
912 61
952 934
231 700
168 522
951 941
533 860
94 285
776 701
125 608
933 795
423 388
976 293
432 916
310 695
331 74
598 256
159 775
835 109
113 503
930 799
946 518
20 678
762 875
613 103
775 600
300 31
194 25
724 744
184 684
523 412
757 367
477 691
664 678
326 660
702 783
533 837
154 198
702 880
12 785
206 848
906 263
650 944
454 753
427 291
57 928
831 322
152 423
322 223
571 916
594 117
309 841
30 5
478 77
66 958
324 971
425 840
544 107
260 170
822 945
943 849
746 463
72 884
900 908
490 784
949 161
499 874
817 800
622 231
420 621
288 493
227 389
112 384
640 408
797 501
6 752
228 251
441 304
118 229
655 159
117 667
136 526
837 631
620 240
981 465
795 819
473 411
16 10
715 378
914 181
341 835
394 681
309 234
641 955
505 608
229 684
872 695
427 519
568 301
101 545
702 600
973 216
365 931
820 859
798 873
254 873
632 589
698 282
607 715
175 350
160 504
262 929
886 343
1 978
987 719
207 722
11 358
990 944
680 305
40 773
917 521
82 508
91 500
885 315
469 440
613 790
165 221
894 633
163 996
592 33
201 250
799 73
650 627
792 530
954 659
381 510
985 303
187 387
218 514
798 56
453 524
516 345
491 940
473 748
352 842
214 350
118 799
359 713
929 227
762 463
879 830
397 819
795 469
865 604
684 791
534 297
304 810
989 290
542 841
92 899
577 740
317 600
205 619
595 2
921 474
392 5
595 987
619 932
256 400
162 867
412 54
323 550
981 848
100 606
989 690
709 301
743 487
740 984
560 469
246 206
618 241
633 484
512 524
946 545
662 20
746 269
499 129
79 859
778 415
80 429
521 565
431 583
289 300
584 57
474 648
516 349
817 271
997 842
965 162
88 121
320 932
956 476
424 727
255 778
77 138
467 12
328 653
840 754
380 715
768 800
162 466
820 522
604 643
821 804
913 703
844 878
307 999
372 226
7 47
517 896
633 481
443 158
870 644
214 823
112 770
114 714
241 476
578 391
250 330
748 712
417 689
980 34
872 64
589 930
298 837
492 785
968 572
777 150
295 783
664 262
622 947
591 8
772 739
944 190
399 780
935 620
915 764
366 218
662 279
76 209
830 620
305 156
290 364
942 143
729 872
188 731
478 316
529 270
584 44
74 549
223 515
715 966
313 617
18 361
289 453
704 133
161 487
477 651
523 500
330 85
851 23
171 298
884 326
128 523
161 988
999 654
422 342
401 359
99 539
593 920
492 89
529 453
195 465
647 927
636 537
414 679
225 807
517 206
425 156
387 710
152 849
45 597
613 734
796 802
530 946
392 232
464 1
351 5
333 181
578 166
189 969
569 642
708 107
182 438
898 928
646 527
76 401
329 502
256 370
848 178
630 168
430 23
978 859
762 515
574 434
451 67
605 159
241 336
437 727
182 504
844 886
146 468
371 148
10 423
488 508
788 185
525 142
603 452
268 903
688 341
519 644
975 816
847 201
472 208
207 614
883 677
135 49
745 166
586 873
449 175
410 912
850 570
347 369
939 592
256 357
39 434
209 175
117 880
190 653
376 114
761 784
197 157
224 472
933 396
871 138
749 107
358 166
121 831
983 176
44 830
742 124
155 378
162 54
87 277
293 270
719 842
972 958
47 364
228 683
341 957
355 121
956 395
228 505
430 819
468 349
695 983
785 534
620 589
42 649
895 943
744 376
450 810
487 55
387 661
578 815
336 440
204 243
24 360
878 0
432 69
217 668
240 261
729 139
87 941
662 203
47 39
401 244
530 731
426 669
92 39
675 792
208 138
290 970
153 593
222 510
536 372
580 489
48 749
756 745
105 813
269 446
276 280
768 727
883 507
420 264
468 269
762 742
189 571
763 886
526 226
382 237
186 114
209 261
673 983
540 367
510 368
443 268
913 827
251 62
407 757
379 223
122 187
169 714
893 767
618 240
779 108
828 434
748 713
545 514
100 278
931 48
3 21
13 139
542 297
901 62
229 49
357 989
262 608
686 102
84 498
656 299
401 864
606 741
25 215
924 475
584 937
422 733
730 470
747 28
244 47
21 918
728 367
894 137
577 126
835 342
27 51
435 597
637 779
530 252
530 158
292 965
540 861
34 299
669 186
392 461
791 136
111 334
61 151
202 728
590 135
118 995
753 648
43 457
503 376
313 404
94 413
744 623
125 356
813 439
660 981
338 616
668 379
761 577
990 888
869 309
20 684
146 659
514 147
582 713
194 639
752 773
65 682
45 582
560 834
206 959
372 657
846 666
522 843
350 836
431 808
963 918
454 48
288 324
680 533
176 579
762 845
785 659
250 562
64 66
593 796
923 594
629 77
748 194
595 220
315 785
13 728
87 541
542 211
731 371
868 991
283 392
586 542
841 377
856 525
757 672
687 673
658 202
333 613
148 241
11 136
932 477
365 474
3 30
654 763
552 415
918 971
487 277
74 889
2 905
280 675
603 332
314 207
22 674
960 703
229 252
556 900
839 264
-1 -1 -1 -1 -1 -1 -1 -1 -1 -1 -1 -1 -1 -1 -1 15707 44054 -1 -1 -1 -1 -1 -1 -1 -1 -1 -1 -1 28937 -1 -1 -1 2872 -1 54387 1485 -1 -1 32441 -1 -1 -1 -1 -1 -1 -1 -1 -1 -1 -1 -1 -1 -1 6328 23469 -1 -1 11988 -1 -1 31669 -1 -1 -1 -1 -1 -1 -1 -1 -1 -1 -1 -1 52154 -1 -1 -1 -1 -1 -1 -1 -1 -1 -1 17531 -1 -1 -1 -1 -1 16763 -1 -1 2559 -1 -1 -1 57968 -1 -1 64610 -1 -1 -1 -1 -1 -1 -1 -1 -1 -1 -1 -1 42548 -1 -1 -1 -1 -1 -1 -1 -1 -1 -1 -1 -1 -1 -1 -1 -1 -1 -1 -1 -1 -1 -1 -1 -1 -1 -1 -1 -1 -1 -1 -1 34279 -1 -1 -1 -1 -1 43134 -1 -1 -1 -1 -1 -1 -1 -1 -1 -1 -1 -1 -1 -1 42214 -1 -1 -1 -1 -1 -1 -1 25331 -1 -1 -1 42983 -1 -1 -1 -1 -1 -1 -1 -1 -1 -1 -1 -1 -1 -1 -1 -1 -1 -1 30302 -1 -1 -1 30886 -1 -1 57581 17113 -1 -1 -1 51611 -1 -1 -1 -1 -1 -1 -1 -1 -1 -1 15371 -1 -1 43524 -1 -1 -1 -1 -1 -1 -1 -1 -1 -1 -1 -1 -1 -1 -1 -1 -1 52492 -1 -1 -1 -1 -1 -1 -1 -1 -1 -1 -1 -1 -1 58285 47331 -1 -1 -1 57655 -1 12108 -1 -1 -1 59011 55663 -1 -1 -1 42605 -1 -1 -1 -1 18016 -1 -1 -1 -1 -1 -1 14737 -1 -1 -1 -1 -1 47871 8237 -1 -1 -1 -1 4424 -1 -1 -1 -1 -1 -1 -1 -1 -1 -1 62001 -1 30099 -1 4482 -1 -1 -1 -1 -1 -1 -1 -1 -1 -1 -1 -1 -1 -1 -1 -1 -1 -1 -1 -1 794 -1 31247 -1 -1 -1 -1 -1 63493 -1 -1 -1 -1 -1 -1 -1 -1 65308 -1 -1 -1 -1 -1 -1 -1 -1 -1 7604 -1 -1 17423 -1 -1 -1 -1 -1 52625 -1 -1 -1 6180 -1 -1 -1 2073 -1 -1 -1 41034 -1 -1 21916 -1 -1 -1 -1 -1 -1 -1 64284 -1 -1 31130 43584 -1 -1 -1 26036 29163 -1 48837 -1 -1 2753 45331 -1 -1 -1 -1 -1 -1 -1 -1 -1 -1 -1 -1 299 14855 -1 30 56528 -1 -1 -1 -1 -1 -1 -1 -1 -1 -1 -1 64273 -1 -1 57212 -1 -1 -1 -1 -1 -1 -1 -1 -1 24143 -1 -1 -1 -1 -1 -1 -1 -1 -1 -1 -1 -1 -1 -1 -1 -1 -1 61469 12946 -1 -1 -1 -1 5428 -1 -1 -1 -1 -1 -1 -1 28646 -1 4340 -1 -1 -1 -1 58784 -1 -1 46831 37191 27192 62840 -1 -1 -1 -1 -1 -1 -1 -1 -1 -1 -1 -1 -1 -1 -1 -1 -1 -1 -1 -1 -1 -1 -1 3690 -1 50622 -1 -1 -1 -1 -1 -1 -1 -1 -1 32542 -1 -1 -1 39851 -1 -1 -1 -1 -1 -1 -1 -1 -1 -1 -1 3736 -1 -1 -1 -1 26965 -1 -1 -1 37204 -1 -1 -1 472 -1 -1 43876 26115 -1 -1 -1 3242 -1 23192 -1 -1 -1 -1 -1 20420 -1 -1 -1 -1 55859 -1 7004 -1 -1 -1 -1 -1 -1 -1 26919 -1 -1 -1 28820 -1 -1 -1 -1 -1 -1 -1 -1 -1 -1 -1 -1 -1 -1 -1 25390 -1 -1 -1 -1 -1 27057 -1 -1 -1 -1 -1 -1 -1 59942 -1 -1 -1 -1 -1 -1 -1 -1 -1 -1 -1 30302 -1 51230 -1 -1 -1 -1 -1 8867 -1 -1 -1 -1 -1 -1 51882 54548 -1 -1 53471 -1 -1 -1 -1 -1 55734 -1 -1 -1 -1 -1 -1 -1 -1 -1 -1 -1 -1 -1 1820 -1 -1 59160 -1 21577 -1 49336 -1 -1 37032 44256 53792 -1 52942 -1 -1 27242 -1 -1 -1 33899 -1 -1 -1 13767 -1 6901 13155 -1 -1 18565 -1 -1 -1 -1 -1 33543 -1 -1 -1 -1 -1 -1 -1 -1 67 -1 -1 -1 -1 26719 -1 -1 13565 -1 -1 -1 -1 -1 19513 -1 47843 -1 -1 -1 -1 -1 -1 -1 -1 -1 20610 22250 -1 -1 -1 -1 -1 -1 -1 -1 -1 -1 50819 18945 -1 64541 -1 41484 -1 -1 -1 -1 50512 4645 -1 -1 9012 3236 -1 10624 -1 -1 -1 -1 -1 -1 -1 -1 55790 -1 62133 -1 -1 -1 -1 -1 -1 53074 -1 -1 -1 -1 -1 -1 60924 -1 -1 -1 -1 -1 -1 -1 -1 -1 -1 27075 48439 -1 -1 -1 -1 -1 -1 51218 -1 -1 -1 -1 -1 -1 -1 -1 -1 46486 -1 -1 -1 -1 -1 -1 -1 -1 -1 36474 5876 -1 -1 -1 -1 -1 -1 18394 -1 -1 -1 -1 -1 -1 57172 37264 44503 55005 29680 -1 -1 -1 -1 -1 -1 -1 -1 19063 26154 -1 -1 -1 -1 -1 43885 -1 -1 -1 38333 -1 -1 -1 35776 -1 29151 -1 -1 -1 9976 41662 -1 5229 -1 -1 18838 -1 -1 -1 -1 -1 -1 -1 -1 -1 -1 -1 64611 -1 -1 -1 -1 -1 -1 -1 -1 -1 22250 -1 -1 -1 -1 56005 -1 -1 -1 -1 3681 -1 24838 -1 -1 -1 -1 17710 -1 -1 46708 -1 -1 -1 -1 -1 -1 -1 -1 -1 -1 -1 -1 -1 -1 -1 -1 -1 34946 -1 -1 -1 -1 -1 -1 -1 -1 -1 -1 -1 18607 -1 32156 -1 -1 -1 -1 -1 -1 16979 -1 63966 -1 -1 13509 -1 -1 190 -1 -1 -1 -1 -1 -1 -1 -1 -1 -1 -1 -1 -1 -1 -1 -1 45404
2
1 896 12 260 7
0 59 12 659 1
