1000 5000
683 413
638 390
400 821
634 618
198 837
276 208
8 84
151 634
997 631
800 431
211 910
912 383
545 232
836 789
858 120
326 347
892 469
645 948
892 118
41 648
664 366
862 74
86 302
446 273
865 622
819 2
232 726
88 108
523 705
934 156
385 234
628 482
101 799
657 898
227 139
62 863
383 503
929 610
754 277
638 51
118 389
396 206
237 738
499 704
999 742
101 692
540 750
732 847
464 559
455 164
101 798
796 295
10 478
432 388
910 334
654 88
928 164
217 766
733 530
321 719
135 194
230 68
697 206
805 795
737 130
299 277
429 986
360 800
592 177
916 771
972 934
499 944
770 170
134 458
472 905
782 663
205 636
120 323
334 850
277 844
899 415
896 588
824 832
726 477
258 781
353 768
690 920
803 847
419 179
456 521
78 245
139 578
179 234
819 425
175 759
984 523
720 586
882 82
961 184
357 561
785 194
825 761
302 60
293 612
689 856
25 632
979 484
431 866
369 709
273 744
309 683
753 170
767 947
666 726
265 230
392 20
941 811
41 31
712 80
38 979
744 626
674 652
507 826
450 160
510 448
553 325
211 642
723 898
795 452
592 155
899 493
483 232
115 271
218 914
68 811
236 971
62 222
143 860
455 246
558 379
741 529
490 384
682 745
428 470
566 81
253 582
770 334
443 132
917 472
525 24
355 497
639 148
113 374
68 317
803 594
701 954
368 587
977 510
890 885
287 634
584 650
399 528
819 141
125 605
112 902
97 130
145 826
751 818
291 154
34 381
506 850
723 332
17 416
915 246
330 687
309 116
890 813
93 39
653 819
436 520
427 132
474 805
421 430
657 713
982 438
46 681
207 782
93 773
914 24
884 851
776 924
987 946
47 884
418 358
593 583
522 8
380 118
57 380
801 461
709 56
661 38
708 822
771 509
734 906
120 348
789 135
433 863
301 976
491 178
307 829
388 942
318 84
794 8
826 18
389 258
152 967
446 10
171 353
376 329
854 442
408 101
349 676
715 746
408 570
260 486
361 487
169 733
532 328
414 812
291 178
791 756
656 384
381 426
1 218
403 404
807 513
432 331
294 82
616 639
669 828
535 120
840 414
503 994
792 680
421 288
629 196
424 871
231 571
62 243
742 706
245 210
312 76
226 965
74 96
468 882
512 576
595 132
87 662
946 692
655 732
172 848
254 644
336 622
388 468
289 804
195 610
753 237
342 889
627 385
697 360
688 228
944 160
402 909
813 767
598 280
874 148
794 167
933 299
322 193
458 19
142 668
411 907
188 191
92 277
842 655
311 258
33 411
44 334
97 884
82 799
293 298
79 646
523 480
11 475
864 201
523 733
569 274
344 278
226 91
409 189
495 232
188 698
723 828
871 385
964 818
846 232
101 825
248 711
777 824
681 523
734 634
709 956
164 969
472 680
80 28
258 925
47 507
982 680
563 580
461 906
664 992
863 543
700 270
892 458
960 592
468 192
961 754
758 284
921 77
754 791
31 324
523 675
863 308
265 177
972 564
714 187
41 660
560 615
343 584
60 877
618 826
961 804
462 434
813 690
395 466
529 825
640 48
956 640
573 522
844 503
194 308
4 705
382 539
246 873
733 895
463 615
71 959
761 278
736 132
199 960
376 903
453 195
911 113
807 806
721 108
334 954
536 977
402 185
312 338
689 388
432 76
45 676
474 788
439 56
84 985
381 243
414 887
425 783
767 631
661 145
435 836
489 725
47 940
803 630
545 971
224 988
374 538
594 283
895 216
269 587
884 767
658 624
889 262
280 173
343 799
941 819
451 239
518 113
916 715
427 197
516 824
363 662
83 254
557 172
687 443
708 585
696 667
365 299
246 327
423 228
538 916
981 682
861 525
915 907
979 762
776 26
285 349
646 542
719 87
763 893
222 252
155 916
86 229
359 126
989 719
733 755
484 814
262 83
867 685
966 754
541 366
782 487
656 608
93 235
597 133
89 967
180 524
663 61
580 871
937 884
978 943
210 640
451 653
214 368
706 54
615 911
79 574
376 727
874 763
155 599
620 85
734 59
455 165
161 695
691 944
812 234
202 380
136 766
283 312
64 803
687 658
942 434
484 58
910 263
365 487
722 52
346 938
65 623
539 752
513 153
56 832
529 926
938 791
267 206
410 862
400 815
281 386
620 907
598 272
913 141
597 612
863 143
718 108
412 151
518 775
227 844
778 160
48 612
572 159
619 934
629 877
778 917
414 283
651 652
116 593
203 924
653 124
562 387
887 541
242 218
359 162
23 419
953 653
738 515
978 343
697 640
398 555
16 928
582 364
321 179
857 485
143 494
799 191
234 794
612 320
249 474
316 241
247 319
226 636
124 707
64 751
846 717
842 567
845 12
684 227
244 872
706 616
457 525
833 329
781 487
96 707
662 869
215 312
143 805
249 307
992 977
214 338
401 131
612 687
847 536
41 841
455 46
339 968
202 712
662 563
789 378
912 665
546 180
82 203
12 686
189 242
648 509
764 805
701 694
399 190
401 286
142 419
757 904
485 858
267 461
175 933
496 564
273 838
543 702
519 986
590 90
373 458
710 819
179 616
502 648
830 423
641 20
611 46
516 999
341 184
656 405
649 961
597 914
328 606
180 322
673 912
577 796
457 267
553 341
860 420
227 521
98 184
816 87
656 615
794 603
712 720
389 917
826 439
520 857
236 49
118 353
916 763
575 686
247 314
970 874
23 34
988 503
702 936
899 741
239 495
988 255
249 481
133 122
232 685
577 722
536 937
898 55
470 914
540 480
573 767
761 154
498 449
307 993
996 575
829 509
429 297
645 3
654 783
567 393
650 506
922 230
784 190
672 941
262 640
577 376
6 438
705 157
494 684
758 445
215 374
575 13
318 641
204 441
764 958
386 258
162 696
844 862
877 335
477 160
533 306
109 228
920 576
747 524
803 120
944 970
53 727
409 964
660 427
670 74
523 270
631 802
807 862
264 958
300 33
530 531
973 35
872 205
347 420
457 41
452 732
612 570
767 836
592 831
307 581
142 388
871 418
468 442
487 777
703 919
450 68
464 885
79 732
813 111
553 207
256 400
595 979
574 153
212 518
959 908
284 57
152 853
639 199
159 510
747 706
937 718
572 26
498 127
772 748
531 127
350 143
314 613
278 229
126 99
237 121
13 273
630 810
307 512
941 676
903 745
97 108
563 702
184 958
553 215
793 7
660 845
759 597
881 575
705 682
535 591
636 622
114 670
848 406
675 784
850 335
420 327
832 978
296 198
460 191
227 466
286 15
791 629
542 386
98 196
152 518
471 876
966 979
289 114
588 795
320 590
152 762
588 529
181 803
202 219
905 232
976 9
624 591
145 717
656 733
714 983
162 717
741 292
932 335
524 0
883 924
26 724
70 558
566 914
780 881
171 370
958 38
269 301
306 103
44 798
739 808
502 466
667 897
814 770
323 557
344 100
261 799
93 489
122 115
495 318
446 739
988 615
17 652
412 399
212 991
651 415
851 933
893 501
453 262
267 398
548 213
679 293
566 216
448 787
811 462
299 782
242 9
145 242
874 583
889 742
410 423
364 237
965 765
574 259
340 546
245 392
923 145
283 134
123 848
915 901
641 176
688 74
709 738
480 266
758 171
69 113
520 37
378 591
432 545
672 245
464 919
468 275
41 541
801 338
958 588
120 251
375 825
604 617
612 992
692 545
694 559
367 418
61 577
925 318
660 683
24 602
766 590
604 345
893 375
335 42
49 645
997 288
692 573
870 798
312 770
285 468
534 208
583 687
333 169
40 621
184 773
398 990
788 154
509 538
64 37
803 7
533 596
6 477
68 274
517 9
444 953
637 161
509 461
49 544
808 115
916 993
678 281
197 452
733 16
150 27
872 505
707 188
685 789
510 207
97 932
873 411
142 141
663 310
790 218
157 757
255 679
787 135
738 794
304 625
192 582
697 958
287 745
671 214
71 359
781 539
286 424
643 660
60 196
192 692
492 216
129 6
984 739
302 395
886 969
679 712
772 782
956 406
285 613
725 853
903 73
557 760
416 532
381 891
452 544
14 701
793 225
825 805
973 513
174 535
844 984
158 89
76 496
975 852
249 661
758 595
508 482
365 237
237 441
634 595
501 482
427 512
634 858
414 595
573 933
893 545
341 972
459 257
683 734
83 130
269 714
592 980
21 598
439 471
407 759
896 605
807 273
511 923
916 367
475 745
685 88
376 468
443 743
508 394
284 462
949 551
138 588
392 278
921 501
543 175
743 482
151 167
502 382
522 16
477 79
340 39
485 495
310 753
680 216
205 809
970 953
350 445
394 147
722 690
531 106
366 23
633 270
304 457
346 173
85 218
574 644
871 130
32 360
495 414
118 388
262 976
823 723
176 488
853 749
64 101
331 765
722 807
937 446
792 268
845 353
73 124
582 177
45 785
222 29
17 686
228 358
297 776
5 269
34 418
429 393
758 975
562 224
731 481
850 866
344 91
620 142
240 519
807 932
830 926
417 975
285 957
75 790
937 404
607 583
138 585
362 106
3 144
939 882
525 294
882 142
521 536
449 332
961 601
652 345
244 515
383 617
234 703
43 123
866 448
361 381
189 944
814 728
516 176
239 660
919 776
881 278
435 456
973 45
776 265
251 738
199 169
336 503
717 704
646 68
303 47
203 511
930 245
821 298
153 438
290 570
709 661
613 87
144 632
383 325
53 817
172 297
774 33
820 61
655 473
972 41
525 794
497 489
452 594
775 261
414 35
17 349
817 568
836 587
482 656
482 661
530 559
387 241
366 775
471 675
147 734
23 62
42 85
569 821
199 523
291 34
897 779
247 662
268 838
312 973
434 40
140 209
558 806
75 227
309 89
746 986
851 715
904 58
90 745
756 369
372 995
695 676
562 448
714 723
321 791
932 609
905 901
446 875
995 170
59 76
205 169
228 961
962 756
702 106
686 892
557 226
221 126
62 367
137 100
960 179
626 238
542 86
299 763
373 543
469 635
203 22
308 137
209 645
98 260
456 827
356 207
460 324
498 198
307 869
614 231
719 594
341 558
729 864
63 956
861 793
147 337
801 952
772 49
526 796
374 943
359 27
308 75
272 998
423 723
977 524
222 795
618 986
805 347
539 286
134 408
190 905
130 520
331 628
974 826
509 757
328 147
829 177
403 852
530 455
464 757
940 400
650 428
732 943
62 873
636 587
540 362
641 379
372 669
469 317
813 469
711 689
129 450
351 8
794 392
932 322
983 354
854 528
642 106
686 278
413 653
932 545
163 373
607 708
128 149
934 472
316 485
824 685
311 306
499 14
831 786
529 466
282 82
993 464
922 186
640 277
385 920
411 865
164 689
486 781
780 37
621 774
862 647
547 311
765 921
478 376
655 181
626 438
812 151
809 297
451 838
248 66
565 417
989 281
100 708
127 56
629 744
587 65
782 742
409 263
302 385
581 947
543 285
19 931
686 424
316 605
469 205
471 710
254 19
329 989
931 430
565 809
789 691
661 175
984 856
262 951
287 878
504 827
291 827
264 512
253 499
331 636
404 420
994 657
579 184
112 161
290 298
81 45
407 970
561 246
43 361
552 28
348 458
941 802
635 260
409 61
141 20
955 11
738 244
569 917
242 380
204 593
243 146
627 610
865 787
109 822
362 346
765 275
687 491
42 849
277 136
662 116
95 596
290 557
515 115
89 100
867 440
893 122
97 379
457 191
75 297
865 450
680 67
735 691
144 91
48 970
783 234
343 16
105 529
267 951
244 293
132 498
369 437
873 848
558 7
684 218
257 17
82 629
572 496
634 757
585 305
712 817
451 773
808 574
544 193
965 584
483 703
835 802
901 956
68 107
971 911
205 828
418 770
35 683
120 458
332 78
742 365
459 28
87 603
326 185
994 107
383 382
297 869
973 799
462 37
114 471
214 608
318 138
137 554
394 926
970 467
929 265
926 140
800 634
590 719
503 854
421 844
436 481
354 162
696 490
783 291
941 29
930 718
604 142
870 77
278 781
756 321
788 164
655 54
783 44
104 806
993 805
432 141
375 126
1 461
711 390
314 132
874 616
533 503
124 838
112 286
447 89
220 548
912 938
154 305
681 388
967 924
713 203
679 363
908 812
570 872
270 941
332 124
840 144
461 956
870 338
358 74
812 898
915 593
380 357
551 358
160 962
138 298
175 529
907 495
728 824
185 560
812 624
216 243
945 973
851 73
60 474
789 96
594 509
229 870
294 782
257 657
125 70
175 15
138 603
785 673
993 817
165 976
282 879
186 838
747 511
840 755
885 308
770 698
386 355
526 694
936 91
143 181
112 833
701 860
928 184
871 3
228 350
760 288
464 462
464 2
513 916
613 353
88 475
770 543
653 830
195 673
463 248
409 884
363 790
916 973
438 387
931 297
215 355
843 482
350 251
908 658
889 161
927 953
218 301
51 516
623 514
911 147
910 852
911 340
443 287
278 213
411 572
990 987
599 590
384 890
605 492
924 802
451 297
884 217
796 948
864 846
888 704
880 823
830 227
301 905
371 611
338 220
948 238
62 946
907 74
410 872
137 45
459 399
540 902
949 915
299 819
736 976
589 776
394 952
929 717
634 721
471 493
390 917
222 760
810 740
688 314
804 164
441 537
586 427
969 196
588 602
279 284
20 758
632 70
774 31
307 451
443 692
499 939
205 272
238 854
377 674
524 375
736 464
391 506
478 379
18 929
984 582
698 731
780 263
916 440
32 197
586 19
621 736
331 841
672 241
806 910
594 325
498 634
387 444
789 721
750 699
515 683
405 846
340 363
645 143
353 679
641 562
324 654
175 868
96 431
523 346
105 292
26 149
848 42
329 247
373 34
718 258
816 309
373 116
439 752
604 401
451 312
291 972
143 785
904 544
810 117
455 367
921 849
690 944
504 128
932 928
918 708
584 466
194 28
375 182
231 215
785 636
109 202
855 572
570 352
143 375
324 341
751 764
811 545
473 970
87 620
88 783
472 650
210 892
883 486
594 285
539 458
306 210
734 101
545 354
18 783
761 688
450 739
746 193
567 170
825 240
856 778
793 416
13 34
293 360
569 201
400 983
949 66
754 539
733 965
51 794
130 131
325 483
382 747
811 90
387 855
243 478
284 104
669 580
530 998
727 107
379 886
876 392
417 344
812 801
338 948
425 206
747 695
95 815
223 342
516 599
674 42
847 557
339 670
109 705
673 159
977 278
184 474
865 791
134 565
84 458
140 488
437 976
302 834
694 940
302 234
659 657
312 561
188 879
633 372
864 276
352 28
252 532
656 148
59 782
669 851
870 198
280 359
468 300
320 875
177 813
530 904
207 13
552 665
907 671
290 760
746 743
230 706
76 488
618 630
569 228
808 387
320 623
135 861
45 28
153 449
972 952
65 594
961 442
519 507
946 452
335 919
980 220
733 191
781 518
393 403
345 888
374 786
237 633
407 83
529 11
766 952
505 26
13 555
454 550
29 103
951 450
381 236
466 804
802 803
949 820
47 712
269 161
196 176
488 761
551 590
377 144
812 728
853 975
73 11
591 314
400 38
436 12
409 417
28 498
959 290
997 897
840 613
41 2
814 787
800 59
332 85
444 103
179 244
290 79
583 842
110 567
265 319
48 429
321 98
764 19
713 77
412 701
356 919
593 662
13 873
943 854
235 609
386 649
549 87
984 557
479 222
265 381
2 360
354 444
706 858
254 670
787 781
133 21
188 737
261 628
495 583
196 559
729 723
650 877
198 59
654 40
880 31
896 568
887 611
736 468
65 391
983 352
430 688
68 116
14 879
747 555
940 447
417 856
865 392
316 370
48 836
27 645
140 887
127 782
710 30
676 680
416 266
522 994
267 607
276 273
777 542
194 962
676 102
711 204
102 344
812 128
409 29
930 994
592 556
634 826
572 562
216 863
86 789
415 738
22 868
540 478
571 7
937 471
534 176
429 961
643 133
388 62
511 641
713 418
330 802
811 237
446 843
567 624
73 228
742 562
764 768
637 906
481 423
309 103
118 949
613 377
91 97
221 654
154 417
459 890
205 662
880 552
34 349
683 989
2 884
814 718
272 946
343 880
243 348
123 134
518 852
22 531
117 774
874 892
199 591
870 486
376 342
528 682
863 273
232 402
875 974
940 437
490 677
930 974
839 551
842 35
648 714
504 538
127 939
5 517
762 704
854 419
845 378
465 769
908 752
73 328
486 560
560 388
972 622
413 739
856 691
746 960
961 679
818 598
933 118
136 703
860 53
332 6
275 156
906 208
312 189
860 608
353 881
259 59
785 750
699 899
702 113
694 111
458 113
0 305
456 957
659 783
358 303
979 67
792 646
326 706
658 575
157 283
463 717
536 608
904 301
546 27
183 883
3 331
14 392
560 513
708 841
612 346
158 126
362 961
212 851
694 558
77 677
462 771
255 669
569 83
72 555
435 935
46 494
398 90
547 260
646 517
935 231
367 501
237 156
261 580
680 615
848 992
374 281
801 571
968 466
229 993
40 395
103 167
618 376
318 400
969 933
45 755
734 167
543 416
705 864
983 320
69 939
564 10
300 123
458 542
566 940
250 105
355 820
134 62
181 449
77 549
792 751
434 200
388 643
599 63
951 440
100 650
292 879
859 458
748 474
660 584
63 253
419 103
72 945
723 763
29 324
744 459
523 117
877 571
442 409
26 700
846 385
232 1
635 853
504 321
888 788
539 658
129 752
674 630
53 772
87 883
404 79
247 860
180 758
576 655
798 395
896 398
231 549
706 787
622 768
733 534
752 391
615 685
509 143
854 117
711 656
141 181
574 463
798 723
564 539
736 239
698 974
978 394
113 910
212 645
123 277
843 448
29 242
575 21
843 316
958 359
617 690
785 844
34 537
684 834
398 561
551 235
401 353
527 492
261 373
307 567
66 681
697 255
422 702
579 938
635 52
108 616
487 96
40 932
616 243
34 658
444 943
230 142
296 847
854 113
166 81
722 246
388 616
777 945
772 624
823 110
805 375
660 284
900 705
611 300
975 737
757 389
399 472
623 17
580 673
993 71
520 868
639 806
783 837
711 465
172 275
692 802
762 949
126 831
120 761
521 75
481 753
660 327
357 861
772 153
695 802
180 700
579 901
369 480
342 384
318 232
27 257
301 946
754 899
643 665
967 954
54 412
9 374
507 765
343 643
183 659
757 514
556 944
750 814
585 206
273 886
776 167
626 285
868 163
248 780
280 29
669 287
63 768
759 356
999 720
435 307
731 315
877 510
438 560
740 230
88 937
69 23
48 725
498 327
525 159
77 393
676 343
701 141
810 677
884 56
3 334
860 76
801 415
904 550
451 701
173 367
841 21
803 838
91 745
492 650
869 44
483 794
910 234
366 738
138 65
534 94
9 93
741 214
496 512
817 566
92 596
556 149
774 729
425 55
589 350
876 447
809 97
863 288
385 247
734 635
467 262
14 433
323 180
65 658
929 576
85 116
245 543
731 501
638 362
133 893
15 743
257 787
916 769
128 882
770 188
714 236
770 434
210 620
762 435
60 67
876 277
431 594
948 221
724 886
2 839
284 244
94 897
238 369
228 391
649 81
153 364
233 430
688 449
706 292
70 367
796 974
784 47
379 532
135 177
776 773
693 975
559 33
304 143
779 111
307 497
663 515
502 368
759 789
931 705
694 368
368 657
968 358
21 375
997 884
702 442
204 758
136 699
770 144
6 684
146 546
768 626
32 222
678 313
914 709
669 542
872 280
971 303
885 790
774 896
979 125
444 849
357 749
695 234
856 724
930 191
118 119
205 993
829 57
445 246
692 211
244 922
643 445
142 386
559 707
699 321
760 562
235 619
223 30
64 777
841 87
234 911
944 714
103 887
18 62
714 317
721 875
973 454
807 817
452 690
616 796
408 66
554 879
68 671
69 8
706 472
923 176
155 136
60 785
694 978
752 361
722 561
643 397
516 258
969 88
874 484
722 174
531 897
852 186
443 86
695 178
724 313
880 640
693 407
751 920
169 785
569 347
926 738
528 812
305 501
644 492
922 350
735 905
797 921
346 56
965 81
786 154
453 877
618 684
86 851
374 840
594 744
54 444
10 301
206 860
220 217
671 400
883 696
206 203
33 241
863 739
755 234
588 548
616 768
115 759
656 483
781 705
693 737
141 747
474 205
534 888
237 188
727 801
569 736
328 998
593 360
873 670
52 93
96 802
284 912
755 112
609 506
682 481
825 23
689 580
188 648
698 289
334 318
619 65
56 478
306 2
876 608
891 53
33 61
298 484
855 443
869 870
889 446
138 927
604 11
775 413
358 856
998 90
769 899
485 717
476 915
604 799
648 611
604 579
240 964
25 834
584 1
408 992
216 279
924 521
827 729
250 328
358 313
900 489
888 69
152 303
48 397
836 773
536 607
19 108
568 662
738 487
389 818
771 918
497 58
545 119
799 413
676 128
594 821
27 363
240 709
948 776
366 934
166 972
9 891
490 363
394 907
139 387
291 608
298 445
937 498
463 843
743 70
350 945
724 611
538 356
185 282
808 509
616 858
524 40
140 232
224 819
963 955
890 509
222 595
104 524
148 237
494 251
580 977
989 429
70 742
626 259
22 791
850 828
47 248
33 619
685 457
55 416
518 492
338 406
874 773
454 253
897 245
617 781
30 946
866 402
703 263
738 676
243 89
260 242
894 542
213 891
282 624
53 905
685 302
447 606
352 359
907 27
630 893
320 81
572 921
297 933
198 973
661 785
304 162
429 130
503 815
880 416
679 278
916 428
834 359
339 429
434 516
717 203
304 884
243 66
555 932
35 275
471 732
17 689
871 214
703 487
412 718
930 177
131 98
263 334
265 180
840 550
489 588
299 856
468 642
55 423
808 944
844 95
239 737
804 305
867 237
905 363
269 870
775 847
155 33
95 637
719 708
818 306
16 746
666 238
717 725
773 309
523 328
986 310
29 153
585 617
409 23
701 980
297 838
256 579
146 698
81 570
567 12
484 61
470 846
744 884
971 446
173 834
621 414
924 917
759 978
582 777
711 19
953 688
513 300
943 990
410 280
108 30
756 406
999 861
760 935
433 403
354 651
642 805
931 40
660 609
373 234
397 26
388 900
530 122
414 379
685 774
648 356
898 790
403 863
1 507
877 312
843 680
108 182
239 16
948 163
148 703
378 32
220 120
907 779
395 704
537 296
382 247
528 340
571 641
445 388
841 773
47 829
828 864
113 118
374 919
890 345
848 895
298 205
23 224
881 603
678 368
492 193
263 687
293 336
719 951
722 752
160 805
709 896
470 722
206 792
760 445
779 860
243 193
228 514
439 701
33 826
514 274
332 324
68 228
787 479
481 155
437 352
12 795
439 259
659 147
31 67
955 680
12 987
981 638
477 116
645 252
701 854
798 198
366 864
295 942
264 915
990 762
435 706
87 354
518 25
164 869
666 917
183 755
691 902
426 421
443 607
164 618
471 906
762 645
604 492
498 831
491 301
816 28
461 834
469 821
612 915
40 755
382 3
667 908
947 89
462 15
116 201
760 104
554 330
195 116
622 715
511 160
484 147
28 672
335 793
734 373
842 289
351 792
539 562
497 977
128 420
275 937
915 658
86 445
122 841
386 692
853 662
538 397
162 182
278 602
686 343
34 594
622 522
991 483
355 97
788 185
591 187
612 682
241 893
761 483
118 820
659 770
477 868
241 996
443 102
778 888
92 293
128 27
358 142
461 627
966 573
669 415
219 952
924 709
892 265
230 393
867 357
787 250
381 408
966 296
381 535
123 338
985 734
81 295
169 455
109 746
866 41
157 311
48 635
970 869
11 81
40 983
302 44
636 921
343 98
486 592
307 542
85 880
563 295
48 198
295 603
130 775
426 761
439 391
528 982
125 412
966 886
56 173
967 590
203 369
415 538
996 408
860 48
324 327
446 222
390 50
870 442
484 42
830 669
181 164
164 45
680 992
505 885
276 930
562 273
172 876
192 132
365 50
795 110
137 29
790 523
664 703
446 161
301 110
412 916
735 546
624 221
279 825
17 762
484 852
668 853
815 553
641 788
554 488
622 893
85 878
890 109
484 957
322 426
560 876
512 253
144 834
259 731
736 421
941 960
852 50
20 529
305 402
767 616
25 556
20 145
867 659
795 458
216 272
561 803
430 452
523 745
233 798
610 361
55 765
256 234
16 681
449 167
468 839
713 245
480 795
552 530
415 754
803 959
60 51
59 864
497 717
914 580
929 745
84 882
258 292
962 504
315 521
221 554
29 835
944 650
539 762
870 528
274 877
121 443
585 683
580 475
536 965
691 949
638 492
454 772
679 843
323 807
884 753
806 566
26 372
327 747
232 704
20 986
921 531
736 226
194 134
796 156
584 518
707 273
939 603
731 988
158 165
685 486
907 408
157 148
729 273
424 331
201 767
112 686
735 203
573 924
360 976
365 798
394 388
35 605
288 983
266 969
123 898
698 299
736 797
179 607
553 508
181 307
996 882
713 891
348 639
210 333
982 772
343 3
795 30
667 940
555 17
196 594
991 479
927 487
580 389
174 560
390 309
908 333
920 311
910 515
96 778
720 752
173 777
64 464
145 743
173 107
34 251
710 638
804 651
590 385
917 429
960 215
329 139
761 254
629 736
214 914
148 977
204 656
233 593
815 725
229 174
305 759
893 120
642 370
48 655
586 546
627 480
870 994
157 301
596 863
518 696
104 852
311 33
232 672
821 129
131 406
388 304
650 820
639 638
454 228
888 750
209 891
315 494
140 48
528 390
927 895
473 788
57 827
675 176
999 199
76 423
646 500
13 645
724 407
651 274
282 342
614 743
14 219
535 598
962 582
31 353
72 996
420 57
879 414
31 72
9 14
604 231
255 842
158 928
498 266
279 651
892 383
795 296
449 487
99 464
900 621
546 157
697 534
797 626
699 408
567 146
472 853
845 405
341 262
395 510
730 707
527 626
533 736
262 44
467 623
475 294
123 97
222 78
481 728
641 105
417 439
643 889
962 348
532 290
11 347
612 214
610 986
379 814
558 897
682 343
460 765
929 803
695 509
872 787
818 421
278 239
512 528
393 277
815 809
60 587
521 84
469 192
241 899
297 969
5 518
532 604
976 879
259 372
400 226
506 914
873 460
923 480
415 221
733 576
674 903
645 414
22 431
994 518
652 216
555 245
662 719
194 545
427 82
389 187
68 40
460 44
913 736
180 721
994 911
597 963
466 46
943 436
774 859
282 314
662 35
345 874
949 903
323 709
157 320
257 689
12 409
5 836
837 694
551 677
147 871
275 949
598 228
320 254
855 464
606 956
290 509
701 824
774 773
642 627
1 46
492 551
950 979
194 253
186 441
993 519
884 136
746 204
898 178
169 865
493 811
928 172
560 711
770 741
771 981
291 892
580 217
843 399
900 555
27 655
849 203
207 536
267 474
630 881
177 15
148 840
289 775
403 574
511 805
502 26
976 330
973 700
721 277
275 873
746 363
870 679
9 416
608 882
16 891
992 312
221 22
250 601
809 716
958 488
526 860
414 680
163 695
216 498
892 910
666 431
462 890
354 586
701 290
28 608
856 593
77 830
299 832
646 135
735 677
978 301
162 372
419 106
340 356
650 966
54 264
435 617
301 502
756 600
457 336
382 899
731 232
524 824
29 60
449 123
519 147
459 90
433 618
418 452
591 306
7 950
120 126
733 918
330 303
413 998
450 612
854 289
643 669
723 698
428 474
58 977
153 559
963 305
701 308
217 895
672 196
599 426
150 784
544 699
316 600
824 196
590 773
383 167
422 348
728 996
455 721
587 249
429 324
958 350
795 194
915 176
531 831
123 885
188 52
571 159
378 884
508 716
873 856
980 494
986 199
420 262
698 724
629 938
263 614
74 810
384 413
846 3
601 791
758 328
568 419
144 224
571 419
175 414
165 419
817 554
789 227
261 172
143 98
243 438
103 833
349 708
580 15
340 367
471 220
59 398
749 49
36 775
749 200
703 428
706 141
350 972
461 558
951 161
216 348
65 307
679 430
535 109
834 411
847 773
334 578
17 100
164 613
696 708
421 537
321 200
432 862
599 583
98 488
573 353
711 786
411 167
570 818
969 764
683 711
315 714
174 660
854 582
73 296
37 359
343 734
935 400
18 618
898 712
880 315
660 124
134 135
894 196
166 291
949 128
86 755
724 748
714 215
301 182
163 856
751 77
674 139
324 999
614 385
248 754
98 487
629 817
655 664
733 493
48 971
366 93
939 537
804 162
826 169
958 403
917 935
47 8
719 964
204 909
275 736
869 290
759 737
771 648
500 481
325 929
951 798
230 436
413 915
339 340
813 205
619 474
208 108
442 127
460 897
839 82
443 901
586 676
560 643
601 473
399 279
437 142
580 122
501 376
501 957
197 746
570 651
506 408
387 701
43 409
508 909
471 376
857 56
768 207
74 856
787 45
885 366
73 845
858 395
628 434
907 19
533 633
376 771
930 585
174 34
481 485
465 23
456 10
844 273
337 627
961 728
685 172
356 744
895 477
564 218
139 46
588 724
171 859
597 55
406 731
368 255
802 742
121 886
754 822
582 992
103 227
301 247
874 88
86 346
862 964
347 268
485 290
213 878
203 911
330 793
377 230
384 996
994 188
644 308
506 11
213 586
417 917
502 328
976 561
181 783
826 413
926 727
47 174
724 590
233 669
449 801
349 235
429 992
408 368
503 181
389 719
136 638
471 341
625 371
309 425
461 374
559 736
885 902
464 36
983 212
94 517
238 682
821 706
628 612
430 100
634 193
416 696
265 394
633 271
862 674
846 71
183 533
830 666
502 697
185 17
750 927
375 454
135 88
881 72
709 813
391 809
766 6
639 18
543 987
324 925
859 630
618 211
134 235
698 529
388 353
754 988
916 329
308 76
235 770
108 542
647 346
217 621
279 544
947 373
427 160
333 501
723 215
62 195
237 663
719 809
851 269
497 190
751 311
336 80
817 838
860 368
678 906
662 179
278 634
859 716
396 160
364 652
119 762
684 530
323 808
980 317
87 397
959 794
388 131
862 376
710 118
276 895
697 761
573 255
836 658
954 281
744 863
486 621
501 612
538 170
620 715
552 304
876 147
873 919
190 327
17 87
645 699
277 445
38 86
56 853
411 791
120 260
489 460
875 553
435 213
506 161
330 51
988 38
301 729
871 478
387 30
180 644
986 661
351 825
218 653
604 163
939 416
208 202
847 400
487 320
102 279
35 572
2 658
592 972
653 743
791 408
578 804
622 365
670 344
858 130
270 110
69 24
739 213
750 285
699 936
872 341
552 580
998 785
961 624
137 567
840 489
56 325
973 594
143 681
578 983
436 451
163 457
667 172
281 199
250 487
273 408
285 782
421 513
968 659
541 322
834 69
292 905
178 563
850 505
954 970
198 278
816 332
345 320
859 75
152 334
687 802
210 385
253 760
459 781
943 117
365 807
52 837
223 189
826 950
567 481
160 108
316 684
790 440
194 741
682 972
211 816
475 928
358 493
277 43
894 569
731 797
409 527
285 291
619 471
976 335
890 31
300 435
772 12
200 909
102 689
899 35
943 419
790 502
32 397
825 161
863 886
683 994
136 752
763 915
286 130
546 295
236 12
492 839
946 720
528 609
390 253
517 325
498 782
266 508
146 280
11 417
601 332
802 217
710 751
945 431
732 505
879 163
147 894
638 971
312 741
373 257
383 251
800 252
515 567
937 665
779 790
895 503
331 966
688 239
444 176
420 315
434 83
615 314
42 333
691 475
491 118
787 354
129 790
47 872
270 975
309 283
291 146
637 459
556 664
504 304
749 517
422 591
869 361
215 663
522 742
60 150
341 810
472 104
44 530
56 81
542 324
85 919
930 767
110 126
25 921
334 853
963 848
389 271
550 563
231 146
602 472
354 451
241 755
41 988
78 291
356 499
425 572
800 857
578 837
306 360
24 53
682 330
948 734
317 931
344 945
93 58
491 435
216 836
911 783
118 792
998 615
244 321
725 232
558 191
419 502
335 904
409 656
829 656
39 141
572 466
772 702
974 512
767 579
673 854
256 931
191 192
224 588
795 254
908 153
507 206
483 367
954 377
531 606
825 221
598 918
899 145
27 414
35 88
846 642
403 254
235 855
450 78
451 516
336 349
185 516
648 364
538 62
123 676
130 717
648 109
720 15
953 148
245 662
317 706
721 729
346 255
885 376
447 816
376 491
867 324
129 318
462 432
379 647
910 406
314 965
862 184
848 325
517 79
144 722
504 547
576 882
950 678
669 667
872 181
191 80
662 154
144 754
418 47
332 491
599 822
141 677
259 611
890 522
899 859
862 902
17 781
840 829
106 455
11 317
283 490
66 704
809 640
624 15
186 683
285 552
304 201
859 621
297 957
193 122
313 80
944 182
939 534
12 848
393 218
425 604
989 697
992 431
555 998
126 98
737 402
56 161
433 860
756 219
142 886
316 718
954 806
483 31
854 175
296 875
432 188
131 186
984 829
207 330
149 88
896 879
104 702
908 786
25 776
462 948
903 168
312 519
516 775
753 425
780 946
680 94
739 204
719 604
519 166
859 674
580 305
794 89
447 231
287 332
944 445
274 395
231 559
258 889
654 166
978 415
290 508
926 743
112 300
779 256
353 670
231 40
832 970
96 475
338 230
770 684
575 895
647 911
741 104
915 17
970 541
57 279
388 690
211 491
880 680
15 3
316 321
527 850
699 739
270 89
733 886
437 586
838 974
171 387
945 444
586 561
797 366
366 312
571 73
254 697
443 981
980 933
265 890
222 299
392 131
352 153
142 954
230 591
969 628
564 145
988 232
449 205
976 364
752 464
21 826
502 174
141 488
46 666
389 107
317 754
497 865
365 57
233 944
132 539
442 252
550 876
58 974
430 547
588 332
350 724
387 316
141 514
22 71
976 683
153 779
997 223
273 134
275 101
394 493
710 386
981 680
945 700
772 913
359 248
908 975
240 168
425 925
465 102
409 800
838 257
699 497
628 747
851 621
453 731
974 932
690 321
115 168
474 308
932 115
788 372
4 158
530 821
298 897
48 710
477 847
591 873
366 878
738 327
579 308
82 612
662 360
836 28
24 386
923 299
812 479
102 606
862 768
171 25
93 74
34 494
14 8
425 354
925 1
444 816
788 878
278 58
362 323
177 398
21 327
916 380
542 384
906 968
662 435
66 129
630 499
234 417
425 18
982 585
938 691
287 683
809 387
304 253
488 173
390 603
350 229
444 290
55 720
649 249
726 544
476 151
726 548
129 490
365 697
667 732
387 777
922 55
416 728
680 534
199 1
289 380
470 654
778 583
359 977
872 689
337 566
242 194
199 583
57 722
788 522
683 972
434 613
664 758
646 783
185 233
691 907
380 61
239 816
76 409
546 272
73 833
751 889
608 127
114 202
277 78
255 896
340 915
419 664
934 759
880 80
878 47
682 150
829 603
596 715
684 318
25 870
352 9
923 381
927 817
914 636
423 392
576 299
939 597
771 779
509 316
150 13
39 105
765 69
943 309
195 744
590 317
71 40
835 349
679 289
605 949
632 932
161 914
359 741
55 25
449 683
776 380
783 876
830 102
240 82
912 939
128 510
181 257
455 361
495 441
116 503
25 332
855 751
982 922
753 763
137 116
465 826
101 476
294 731
866 475
51 455
936 959
725 351
219 282
921 870
632 986
932 36
711 277
162 600
865 245
267 611
105 907
895 280
358 267
802 672
22 559
579 477
523 36
769 610
118 697
417 522
983 336
786 435
633 397
339 872
195 517
214 562
648 945
341 534
378 330
43 602
758 951
768 902
616 394
158 826
701 742
209 611
250 711
541 332
939 998
131 497
954 486
327 463
508 386
946 548
280 675
415 336
908 606
145 993
687 398
606 254
656 695
984 37
235 828
235 662
1 302
515 314
486 967
401 386
54 496
153 53
708 757
246 736
713 634
299 224
78 747
945 0
607 338
212 615
916 275
602 172
895 801
391 906
587 648
259 595
110 272
993 862
474 760
981 347
856 920
514 866
684 950
659 402
331 201
518 770
219 983
217 582
469 3
88 138
330 739
84 256
433 770
650 104
283 946
688 484
40 616
830 101
979 472
652 210
927 463
550 281
161 190
817 135
474 560
160 628
349 59
706 485
656 886
278 298
763 135
663 836
325 485
823 719
255 763
170 476
627 535
122 509
630 915
138 157
739 235
279 689
886 500
823 721
311 59
250 470
952 929
851 523
360 115
341 797
183 5
301 818
612 306
846 414
99 895
978 939
507 651
269 947
61 851
827 922
108 1
263 240
312 574
450 690
252 345
756 863
679 589
454 557
264 836
149 537
184 924
97 151
288 186
755 101
29 858
643 272
216 264
887 610
915 218
722 451
461 837
949 202
781 161
686 504
60 161
177 314
233 648
63 785
225 759
752 978
874 891
679 881
628 915
272 489
190 257
779 400
441 269
226 128
519 653
709 717
493 937
292 131
383 46
736 552
717 765
991 506
796 886
184 690
274 801
781 81
384 367
590 444
615 321
713 586
281 797
552 267
817 230
836 775
41 297
841 207
959 528
802 97
411 741
425 561
7 530
354 865
605 255
394 795
525 893
863 380
212 614
321 26
486 780
64 178
315 272
885 693
886 915
363 241
843 21
859 563
833 98
861 303
516 179
122 949
396 453
710 807
552 134
946 34
513 937
364 99
137 748
396 801
519 509
620 864
53 492
642 692
421 138
404 975
190 296
774 501
539 305
596 540
379 925
359 362
523 787
497 347
509 681
815 649
54 501
650 397
859 476
10 540
29 833
551 958
759 199
408 226
266 339
148 929
275 595
588 628
686 603
602 885
221 923
503 232
945 339
533 851
395 540
800 260
966 399
368 957
54 637
411 219
91 356
86 797
38 740
79 748
362 795
92 93
778 443
237 843
542 668
737 907
979 692
245 374
381 852
696 321
708 388
624 579
563 105
725 183
224 134
283 440
713 800
27 157
967 625
706 371
912 616
459 657
929 454
0 74
795 477
934 23
227 117
128 339
210 727
207 96
734 622
584 706
828 155
342 968
316 999
985 559
813 60
226 633
291 574
152 696
835 820
740 281
964 247
79 298
491 919
479 525
107 382
544 918
119 98
36 591
268 325
876 940
728 937
81 55
259 160
367 908
692 455
702 7
526 688
650 432
642 798
303 112
415 849
99 829
259 32
831 959
854 432
616 247
237 589
95 205
376 293
586 992
213 703
666 555
997 916
639 583
606 567
113 464
790 460
4 846
856 494
222 17
789 385
871 588
566 126
928 825
159 399
892 759
906 656
254 848
460 975
117 516
874 468
721 335
384 31
342 195
506 891
298 622
894 200
134 505
240 770
915 531
505 577
684 254
170 678
93 548
624 249
980 861
419 941
191 124
957 732
49 978
433 736
788 120
513 654
182 117
363 821
66 41
527 279
597 137
383 760
16 157
645 132
893 494
757 963
557 244
930 508
413 755
905 761
446 368
531 712
584 995
477 406
191 851
52 38
682 804
241 46
96 839
631 335
927 660
258 901
867 17
923 462
89 75
265 396
174 481
346 550
973 586
129 839
877 300
282 92
598 153
971 912
463 721
835 958
341 634
208 184
595 924
584 932
82 641
173 912
538 703
610 202
729 92
589 932
476 265
20 275
794 441
614 376
477 305
404 464
550 938
398 255
341 694
578 304
339 858
283 95
118 891
899 386
819 759
938 565
447 550
753 979
925 626
486 807
656 770
271 89
543 323
818 572
783 720
561 1
925 700
411 792
126 949
29 124
404 28
317 344
121 352
223 682
514 256
368 481
99 456
92 713
535 754
531 471
351 26
578 447
181 840
822 350
998 952
681 183
671 407
484 934
121 380
151 567
277 950
549 41
988 851
838 944
590 163
627 874
546 202
904 359
604 753
743 84
780 906
949 954
179 289
121 420
663 822
617 798
85 250
27 714
99 477
718 370
287 860
907 704
715 885
147 969
324 171
179 534
664 147
443 358
907 164
111 394
562 699
960 731
390 57
358 937
155 50
80 961
810 237
276 183
240 571
688 553
831 550
672 992
633 730
924 332
195 28
816 674
905 361
889 210
918 952
423 509
675 487
908 525
131 218
737 726
468 617
782 275
293 725
381 119
354 149
93 707
363 972
744 702
990 379
711 554
918 224
102 635
539 439
132 793
22 828
900 72
109 14
941 662
487 60
847 349
610 976
632 11
965 534
746 962
318 619
838 570
771 68
145 464
971 632
668 25
289 270
819 871
521 212
722 570
418 576
10 455
410 972
772 416
547 309
413 555
251 981
248 173
544 948
458 524
768 570
825 729
378 996
263 292
846 513
714 53
618 709
977 371
391 896
403 892
385 527
84 188
251 856
105 723
131 386
708 674
276 715
891 147
689 259
434 775
856 458
602 477
532 488
596 691
326 83
803 751
444 67
382 399
567 440
181 57
37 913
614 526
855 802
311 202
992 288
387 597
406 537
321 65
23 211
37 661
954 641
448 207
905 158
866 253
430 275
913 866
122 675
286 906
201 945
109 927
788 749
314 635
793 661
590 326
783 314
144 800
328 168
964 984
87 331
692 937
728 402
713 155
255 448
931 174
839 323
51 745
671 394
67 59
593 53
45 284
71 337
45 588
486 109
992 572
431 29
549 548
895 500
398 820
375 458
45 510
113 610
8 836
819 709
22 191
755 654
740 960
668 627
173 318
240 422
844 771
639 157
322 680
420 895
534 677
892 737
884 582
791 385
940 65
609 14
11 569
119 7
207 174
498 488
90 567
798 770
485 851
953 729
156 146
253 788
135 262
243 901
585 857
199 209
567 92
363 672
978 533
76 84
406 631
628 405
671 955
43 41
876 465
78 170
135 459
975 895
911 689
969 473
940 692
898 447
492 834
554 898
665 548
116 317
295 505
208 702
969 981
853 428
23 6
806 960
567 734
705 243
619 555
46 464
737 295
282 634
78 529
866 12
103 117
366 482
529 942
166 57
619 599
470 997
266 244
555 893
908 571
805 110
291 495
568 173
823 113
412 486
530 704
28 81
422 673
102 892
7 947
829 560
335 173
144 390
890 132
235 254
694 441
188 559
159 502
240 435
596 247
321 183
714 42
95 851
237 208
642 129
691 834
783 761
707 653
880 256
508 454
787 618
662 834
766 963
312 946
617 23
32 996
803 1
563 124
607 75
973 582
437 413
7 422
731 68
812 718
643 263
299 523
982 694
356 237
50 829
178 807
46 852
495 236
626 575
683 662
660 777
466 10
999 552
634 856
434 482
145 193
176 485
184 733
214 549
878 257
158 722
525 290
599 483
416 565
38 307
486 990
706 578
696 345
502 739
615 127
363 813
174 601
357 107
477 637
256 550
893 489
402 58
119 85
528 778
137 978
404 596
35 830
225 640
343 890
277 819
214 566
649 696
355 797
107 864
636 647
344 993
481 170
226 443
953 915
698 730
565 869
54 851
59 112
56 790
401 912
348 235
110 530
733 147
493 701
965 856
318 927
82 422
28 47
186 505
872 191
647 185
251 308
85 55
70 214
962 943
167 724
765 132
672 269
230 592
598 529
655 114
895 245
73 373
393 741
905 42
286 574
648 733
305 966
610 386
570 725
932 111
440 151
248 933
520 794
413 293
69 891
514 358
228 700
970 958
626 934
698 893
759 650
597 9
736 465
603 501
223 280
321 964
245 47
477 327
893 108
538 126
425 299
86 580
829 234
639 978
694 5
47 778
618 530
279 998
855 623
605 93
764 748
169 659
720 766
867 22
636 702
417 530
838 498
668 68
507 148
219 97
429 670
772 47
436 867
898 270
391 695
514 868
698 360
931 985
210 806
338 787
375 457
803 450
471 207
352 984
152 571
911 4
792 200
508 735
698 866
318 258
61 671
249 952
930 986
762 222
991 395
793 662
468 963
911 427
878 512
943 544
444 928
472 621
538 792
572 299
704 118
25 334
139 899
636 304
681 675
532 451
164 547
887 695
828 689
827 790
629 426
45 384
787 636
474 870
862 885
428 174
292 9
422 582
212 113
91 372
900 272
639 575
232 105
2 31
276 135
47 445
342 226
262 717
981 497
405 178
759 822
926 624
203 346
813 525
118 274
467 980
245 387
717 196
284 40
340 730
62 610
323 342
179 225
833 469
203 67
530 770
279 761
604 558
834 91
556 750
920 496
103 157
410 988
972 354
148 200
615 862
363 49
641 44
675 275
201 719
311 351
460 201
610 468
121 488
265 452
524 748
829 24
963 898
764 546
649 519
336 891
996 982
643 450
653 544
564 497
562 66
62 272
627 697
908 558
797 12
100 432
214 184
694 587
739 1
944 905
689 490
734 615
275 125
510 308
462 191
159 44
750 922
163 533
305 822
533 23
409 959
810 331
985 415
433 875
779 31
286 985
677 718
215 16
389 981
52 943
772 373
123 259
885 957
827 364
852 464
974 117
832 870
668 212
592 308
356 110
798 43
378 643
647 173
631 500
216 966
654 116
76 112
391 933
490 185
473 811
735 858
306 102
859 280
549 408
33804 -1 -1 -1 -1 -1 -1 24243 -1 28276 -1 -1 -1 -1 -1 -1 47728 -1 -1 -1 -1 -1 -1 -1 -1 -1 -1 -1 -1 -1 3562 14967 -1 4912 -1 -1 -1 -1 53533 -1 -1 -1 -1 -1 -1 -1 -1 -1 -1 31380 -1 29229 -1 -1 -1 -1 -1 -1 -1 -1 -1 -1 -1 -1 59051 -1 -1 -1 -1 51389 -1 -1 -1 -1 -1 -1 -1 -1 13867 -1 -1 -1 -1 -1 -1 -1 -1 -1 -1 21336 -1 -1 -1 33908 -1 9151 -1 -1 34041 -1 -1 -1 -1 -1 32142 -1 -1 -1 -1 20466 -1 31466 -1 -1 -1 -1 -1 -1 -1 -1 -1 -1 47804 -1 -1 11597 -1 -1 -1 -1 -1 -1 -1 -1 -1 -1 -1 22423 -1 -1 -1 -1 64286 -1 29501 39403 -1 35877 -1 28242 -1 -1 -1 -1 -1 -1 -1 -1 41277 59267 -1 -1 -1 -1 -1 -1 -1 -1 -1 49762 -1 50440 -1 -1 -1 -1 -1 8023 -1 -1 -1 15631 -1 -1 -1 -1 -1 60873 -1 -1 -1 -1 -1 -1 -1 -1 -1 -1 -1 -1 -1 -1 -1 -1 -1 -1 -1 -1 -1 -1 -1 -1 -1 40175 -1 -1 30259 -1 36414 -1 -1 -1 -1 -1 18203 -1 -1 -1 -1 -1 -1 -1 -1 -1 -1 -1 -1 -1 -1 -1 -1 -1 1307 -1 -1 -1 44842 -1 -1 -1 -1 -1 -1 -1 -1 48661 -1 -1 -1 61044 -1 -1 -1 -1 55321 -1 17502 37904 -1 -1 -1 -1 -1 -1 -1 30932 -1 -1 -1 -1 -1 -1 -1 -1 3687 -1 -1 57135 -1 -1 -1 -1 -1 -1 -1 -1 -1 3693 -1 -1 -1 -1 -1 -1 -1 -1 -1 -1 -1 -1 4178 -1 -1 41624 -1 -1 2863 -1 -1 -1 -1 24235 3735 -1 -1 -1 -1 -1 -1 -1 22018 14825 -1 -1 -1 -1 10031 -1 -1 53149 35459 -1 -1 58215 -1 -1 -1 -1 -1 -1 -1 29163 39993 51422 -1 -1 -1 -1 7342 -1 -1 -1 -1 335 -1 -1 -1 53393 -1 22326 -1 -1 -1 -1 -1 -1 -1 -1 -1 -1 -1 -1 -1 -1 -1 -1 -1 -1 -1 -1 -1 -1 -1 -1 -1 -1 -1 -1 -1 -1 -1 -1 -1 -1 44636 -1 -1 -1 -1 -1 -1 -1 25773 -1 43003 -1 -1 -1 -1 -1 -1 55803 38852 58204 -1 -1 -1 7045 -1 -1 -1 64421 -1 -1 -1 50900 37580 43881 -1 -1 -1 -1 -1 8751 -1 -1 57399 24495 -1 -1 -1 -1 -1 -1 -1 -1 -1 -1 65223 -1 -1 -1 -1 -1 -1 -1 -1 -1 7578 -1 -1 -1 -1 -1 41287 -1 -1 -1 -1 -1 -1 -1 -1 -1 34260 -1 40530 -1 -1 -1 -1 -1 -1 -1 -1 31496 41320 52842 42726 -1 -1 -1 -1 62224 -1 -1 -1 -1 -1 -1 -1 63199 -1 -1 -1 -1 -1 62106 -1 -1 -1 -1 -1 -1 15733 49785 -1 -1 -1 44673 -1 46689 31915 -1 -1 58377 -1 -1 -1 -1 -1 -1 -1 -1 -1 -1 20211 -1 -1 -1 -1 63777 -1 -1 -1 -1 -1 11783 -1 -1 -1 -1 -1 -1 -1 33958 58102 -1 -1 -1 -1 -1 -1 -1 -1 33425 -1 -1 -1 -1 -1 24912 3741 -1 -1 47588 -1 -1 -1 -1 -1 -1 -1 -1 -1 -1 -1 -1 -1 44233 -1 -1 16543 -1 57546 -1 -1 -1 -1 -1 59829 -1 -1 -1 16962 11258 -1 -1 -1 -1 -1 -1 59728 -1 -1 -1 -1 -1 43550 -1 -1 -1 -1 42509 -1 -1 -1 -1 51690 -1 -1 36250 55283 -1 -1 -1 -1 -1 -1 -1 -1 -1 52880 -1 -1 -1 -1 -1 -1 -1 -1 39780 -1 -1 -1 -1 24530 -1 -1 -1 -1 31620 -1 -1 -1 -1 -1 -1 -1 -1 48844 -1 11796 -1 -1 -1 -1 -1 -1 26674 57026 -1 -1 -1 5760 -1 -1 -1 -1 17339 -1 -1 -1 -1 6770 -1 -1 -1 11485 -1 42288 35461 22214 -1 -1 -1 -1 -1 -1 -1 -1 -1 -1 4252 -1 -1 -1 57897 -1 -1 2608 17747 49298 -1 -1 37290 -1 -1 -1 -1 -1 -1 -1 -1 38374 -1 -1 -1 -1 -1 -1 58049 -1 -1 -1 -1 -1 56031 -1 -1 -1 -1 -1 -1 -1 -1 -1 22223 -1 -1 -1 36456 -1 -1 -1 -1 -1 -1 49341 -1 58678 -1 -1 -1 -1 -1 -1 -1 -1 -1 -1 -1 -1 13652 -1 -1 -1 -1 -1 -1 -1 -1 -1 -1 -1 -1 16418 -1 -1 23760 -1 -1 14420 50452 -1 -1 -1 -1 -1 -1 -1 -1 -1 -1 -1 60666 -1 -1 -1 -1 -1 -1 -1 -1 -1 -1 -1 -1 -1 -1 -1 -1 -1 -1 -1 -1 -1 -1 -1 -1 -1 18936 -1 -1 -1 -1 6448 -1 -1 -1 55807 10556 47120 60042 -1 -1 -1 -1 -1 -1 -1 -1 -1 -1 -1 -1 -1 17587 -1 -1 -1 -1 -1 -1 -1 -1 -1 -1 -1 -1 -1 -1 -1 -1 -1 60767 -1 -1 -1 -1 -1 -1 -1 -1 39275 -1 9925 -1 -1 -1 -1 -1 -1 -1 -1 -1 -1 -1 -1 40567 -1 -1 -1 -1 52473 40114 -1 -1 39485 -1 -1 21185 -1 -1 -1 -1 -1 -1 -1 23023 -1 -1 -1 -1 10076 -1 14338 -1 -1 -1 -1 -1 -1 -1 2289 -1 -1 -1 63113 -1 -1 37533 -1 -1 -1 -1 -1 27081 -1 -1 -1 35417 -1 -1 -1 -1 22070 -1 -1 -1 -1 9771 -1 -1 -1 -1 -1 31676 -1 -1 -1 -1 23100 -1 55632 -1 -1 50830 -1 -1
1
0 711 14 594 7
