1000 5000
506 335
583 197
51 406
919 4
609 200
18 67
765 606
113 745
64 28
15 739
258 907
969 840
694 354
245 700
111 358
519 293
420 59
989 90
92 10
563 188
777 198
3 566
288 857
826 655
73 288
698 327
808 546
758 644
941 228
633 193
615 704
168 936
241 455
52 807
660 252
999 684
74 982
378 911
21 444
705 32
59 644
470 894
484 109
569 695
510 370
875 414
611 202
667 547
147 123
358 617
602 948
635 927
746 368
73 425
560 898
432 796
378 460
894 246
154 482
769 90
940 270
674 227
496 591
876 661
309 974
594 894
624 890
575 380
282 981
56 927
153 296
578 784
61 432
757 177
914 76
954 521
43 833
998 210
987 647
356 647
27 251
269 88
505 283
842 520
79 922
877 809
818 517
888 278
798 328
455 649
69 389
668 39
911 994
469 503
215 311
215 419
330 940
396 74
224 512
83 744
546 585
16 723
489 105
250 767
513 264
670 919
410 145
643 257
188 363
474 919
489 788
421 134
67 286
658 578
762 142
153 150
484 467
481 540
329 419
764 377
27 863
15 706
228 601
680 614
14 31
749 891
6 762
14 446
592 274
685 929
724 236
578 28
978 702
587 28
222 479
729 606
150 763
413 811
75 58
428 211
22 246
546 215
267 96
76 807
993 744
143 26
220 666
115 772
34 749
365 717
738 8
818 983
285 482
215 39
560 441
428 236
582 456
76 182
725 103
672 459
438 437
278 908
228 677
778 666
47 184
326 443
934 939
753 828
886 572
515 492
81 292
520 674
701 444
352 973
307 469
339 631
805 598
497 499
579 979
435 886
903 947
742 672
248 765
802 703
266 558
875 427
805 938
231 29
366 151
268 26
269 569
862 71
793 73
772 183
76 899
925 293
467 252
933 422
156 74
341 566
830 880
536 855
107 772
909 77
419 351
512 316
575 476
844 835
483 940
230 371
230 170
630 146
645 449
636 669
199 865
399 197
25 390
743 671
334 805
754 176
907 900
368 912
964 909
175 623
62 110
429 31
113 988
32 694
395 587
111 317
315 856
929 878
770 631
339 617
785 286
556 610
723 100
567 193
291 938
456 760
698 430
10 982
372 649
735 100
110 939
161 604
15 529
909 591
654 628
576 440
27 234
519 116
897 627
105 127
692 937
165 901
219 481
680 717
878 952
381 799
633 563
464 717
959 125
744 933
140 920
325 783
986 335
163 793
837 711
428 358
345 726
274 538
205 218
595 90
539 386
93 853
248 438
751 378
951 449
589 587
310 416
747 35
88 79
762 518
710 734
203 882
768 337
247 729
526 617
337 109
210 993
69 941
230 50
259 14
251 230
465 684
212 20
316 305
187 969
525 444
835 588
219 383
321 694
285 670
237 750
820 445
85 806
55 732
771 732
768 241
492 58
236 685
98 784
280 175
248 222
967 219
971 146
314 36
551 848
154 971
606 809
939 502
818 328
93 328
396 412
831 307
5 841
24 565
844 198
906 66
126 883
114 267
865 512
782 118
100 859
925 820
12 440
81 524
74 414
167 184
743 829
602 807
986 179
966 846
997 816
39 489
408 69
852 629
929 616
142 989
174 738
428 924
789 700
891 754
183 662
405 885
50 816
513 273
965 957
418 784
161 378
357 496
998 897
263 300
753 706
661 474
886 840
150 826
161 159
463 318
94 165
681 684
881 56
359 209
481 119
844 703
693 742
163 740
934 994
742 480
568 539
24 285
756 860
822 449
279 448
392 652
84 945
111 130
817 772
425 920
700 69
277 147
939 750
663 222
533 732
332 308
857 513
92 819
733 696
782 244
406 431
422 664
672 248
457 397
964 146
663 400
944 600
995 401
472 486
577 847
971 820
497 154
673 546
653 602
776 248
347 81
282 122
341 498
130 456
860 114
425 756
159 741
823 484
55 626
774 134
348 891
775 16
940 75
521 322
906 418
619 611
685 799
660 558
447 580
316 975
692 391
437 150
822 512
551 517
740 105
943 204
471 251
992 26
653 902
467 104
151 729
193 795
210 809
673 475
236 326
55 520
414 378
569 841
291 394
127 295
213 787
472 798
790 524
256 938
112 412
173 205
425 174
670 744
829 253
777 143
838 754
220 709
451 881
992 14
67 41
341 426
529 900
744 588
475 831
766 501
44 539
161 6
912 73
423 400
16 450
413 116
482 823
806 254
42 641
437 0
25 916
794 670
896 529
613 291
607 512
634 805
935 787
179 275
940 948
455 628
180 115
684 540
855 696
876 76
957 752
532 820
708 717
869 453
506 479
217 876
496 814
799 339
104 150
677 563
858 429
365 229
123 3
980 594
751 730
41 795
673 297
667 436
555 402
921 182
688 489
463 719
945 40
916 714
976 268
82 426
976 968
419 83
31 217
726 898
19 344
679 75
384 946
297 317
500 817
541 339
602 375
233 8
10 206
329 288
284 534
184 179
428 305
309 636
908 660
56 966
875 928
373 461
843 972
572 911
952 565
944 764
788 770
823 330
119 585
538 102
914 252
786 361
712 61
914 878
711 66
760 830
706 449
141 605
638 313
362 966
485 600
270 435
271 807
342 122
208 988
676 58
961 986
578 947
820 250
358 722
413 958
499 304
888 514
23 225
406 834
472 995
326 163
474 732
351 67
146 483
76 559
293 551
514 650
705 805
365 160
865 350
956 595
114 561
343 389
937 928
278 661
695 227
715 241
279 601
336 860
305 862
86 152
794 584
56 342
677 800
44 215
581 616
774 643
472 60
971 232
543 520
955 311
175 249
6 741
166 191
251 764
96 924
863 934
16 379
96 147
714 19
225 166
349 981
150 707
959 270
979 801
657 187
91 432
460 25
952 931
351 557
155 392
77 556
870 158
676 89
348 153
797 859
435 750
202 841
809 947
895 854
180 896
447 929
141 67
303 954
571 505
522 802
140 631
55 47
315 52
396 935
276 377
570 241
921 273
893 816
936 243
932 43
342 923
49 249
322 301
671 734
620 174
6 46
702 39
777 706
577 868
649 941
685 274
771 988
950 389
402 155
81 921
302 726
932 760
561 858
936 718
648 737
945 792
895 88
343 936
971 76
833 47
0 534
978 571
322 274
922 254
668 873
380 180
383 746
487 818
300 810
266 84
386 646
759 891
273 445
857 868
982 907
545 753
3 699
336 671
236 981
92 906
332 995
16 594
635 356
643 315
939 570
82 945
789 335
92 614
755 325
768 258
123 750
1 195
244 886
648 184
896 731
788 16
715 667
997 470
808 466
202 802
413 724
505 39
158 719
795 955
929 471
253 56
691 184
310 849
237 933
401 789
943 751
879 72
737 764
156 607
568 208
178 56
836 912
28 684
858 120
536 468
787 260
421 588
428 592
432 517
498 224
389 374
351 829
531 933
544 143
470 899
217 933
810 787
279 711
58 845
862 309
171 979
714 819
917 228
363 872
875 801
496 277
843 648
546 754
768 104
679 787
271 34
575 172
613 627
851 874
281 141
19 30
626 459
497 479
839 179
120 374
914 836
647 224
432 348
402 531
178 373
228 398
125 208
707 378
195 237
203 146
177 2
740 322
59 862
597 918
832 966
233 282
956 439
256 511
499 131
192 440
714 305
268 537
13 880
633 234
865 980
185 467
937 685
462 255
988 959
135 137
101 861
20 257
282 617
155 81
389 935
648 492
420 387
388 372
939 135
9 812
32 568
603 658
761 644
617 765
726 900
308 599
866 243
67 596
770 593
985 954
917 554
860 156
797 566
363 650
429 755
908 1
118 704
363 894
194 405
300 968
336 455
410 216
358 39
908 333
208 973
644 780
55 148
896 71
987 546
405 847
714 878
115 935
315 500
100 986
366 421
232 302
161 683
433 756
847 151
82 980
576 120
941 990
666 97
482 250
709 385
130 530
677 158
251 721
600 169
712 28
703 622
929 339
386 925
333 603
37 408
410 976
635 646
904 276
594 77
128 98
335 429
921 84
119 206
67 934
598 459
328 376
424 401
949 845
993 114
662 826
740 410
815 642
280 804
554 376
969 218
331 91
143 303
324 62
22 895
392 154
915 127
201 676
309 468
252 982
156 453
701 167
428 907
248 972
251 181
403 633
199 38
31 685
510 767
926 200
205 866
325 975
13 515
513 270
654 900
931 770
542 534
268 799
454 843
340 490
464 307
495 652
495 908
787 324
761 166
81 281
827 660
462 938
143 111
272 181
42 310
536 749
477 656
949 294
332 252
679 406
161 480
349 679
784 430
948 140
791 102
172 686
812 838
171 549
719 662
14 414
28 491
66 88
276 239
304 85
371 911
408 832
522 852
540 708
911 377
594 20
492 171
127 191
533 57
821 746
959 408
519 650
309 855
759 14
464 236
793 467
171 527
200 291
236 980
322 52
921 755
59 878
501 737
824 212
732 958
803 161
197 176
451 375
433 140
806 6
760 998
312 575
541 398
750 251
307 212
846 277
361 507
394 550
856 889
765 899
716 604
450 81
607 318
387 743
422 307
400 912
882 975
422 569
459 364
666 414
848 136
282 266
700 673
774 130
379 59
379 787
890 22
950 141
962 969
96 529
848 858
666 531
986 539
618 296
751 112
94 365
575 837
873 66
147 426
749 385
830 416
497 243
575 590
360 510
548 700
134 187
225 176
305 383
254 69
331 903
473 496
692 544
793 113
100 211
259 319
886 606
791 664
429 52
400 263
645 397
883 929
640 396
898 875
297 415
425 719
49 522
21 198
610 136
632 874
157 271
391 348
327 393
309 628
92 646
498 348
453 672
318 131
971 402
676 690
688 260
258 374
963 436
520 124
669 742
759 232
221 568
100 1
137 41
387 166
304 343
326 773
557 110
425 79
814 397
993 259
209 41
645 82
632 539
277 976
889 786
955 524
365 593
816 492
509 677
15 114
752 17
164 362
122 809
911 820
131 760
620 798
374 26
535 754
893 384
52 630
644 393
883 371
312 215
363 59
127 207
879 858
510 730
782 660
735 923
373 732
302 323
424 379
678 795
4 404
671 709
501 53
584 863
76 991
722 634
822 701
837 356
269 942
872 738
472 820
95 273
581 326
625 144
775 376
994 636
165 969
404 378
560 4
707 675
448 542
517 790
323 600
213 727
574 179
700 746
887 11
5 713
886 208
650 457
968 506
653 442
690 941
663 923
950 516
820 715
625 604
735 554
83 328
494 647
151 416
659 125
586 383
769 383
447 532
835 761
276 243
852 403
635 700
534 609
180 904
886 38
670 232
956 695
220 886
663 993
472 796
661 803
233 965
151 986
539 679
460 259
166 627
800 753
286 634
248 286
645 117
906 387
151 848
971 725
743 51
133 495
748 69
394 141
477 559
917 478
611 64
884 297
48 852
289 193
759 738
630 982
659 122
309 704
869 702
979 239
42 156
972 396
567 656
42 507
309 265
448 714
444 555
972 814
726 578
607 95
112 821
678 93
328 14
631 296
344 334
323 193
45 940
498 210
919 202
718 452
615 743
834 946
12 484
397 463
673 528
952 695
677 997
866 338
562 582
187 770
191 642
359 390
946 549
614 611
112 487
737 695
94 17
971 570
342 639
407 912
310 780
968 497
908 832
553 221
713 376
231 67
367 208
40 141
783 960
694 558
467 549
892 990
604 302
999 734
398 818
247 642
856 370
336 66
730 767
906 552
240 100
811 199
623 580
784 455
155 430
360 742
344 619
109 919
817 356
119 982
89 211
67 440
266 199
805 811
611 239
715 900
837 424
418 635
755 594
196 736
101 878
144 771
823 745
783 212
65 547
701 713
379 15
624 442
503 360
527 264
334 97
539 720
619 626
101 570
303 903
808 428
721 718
179 409
972 455
955 717
638 543
884 773
832 961
430 257
284 742
329 147
439 359
370 267
484 137
538 972
94 327
656 521
684 944
835 299
622 279
713 780
439 609
130 571
354 464
953 636
549 19
4 903
863 568
520 290
408 486
523 408
273 496
578 742
756 715
365 675
431 522
902 289
184 226
607 889
785 664
340 238
627 562
964 415
817 969
387 726
214 318
881 405
789 579
519 227
742 859
928 730
127 343
819 469
752 621
28 252
31 18
861 954
601 511
430 170
137 476
804 244
628 697
790 170
452 852
46 337
74 749
45 475
918 586
704 293
374 467
926 540
299 518
666 19
705 514
578 586
392 245
860 786
474 684
900 364
511 607
37 375
52 840
660 681
336 828
256 836
181 960
899 961
198 921
801 809
628 605
897 804
688 529
271 721
32 385
246 704
590 102
179 188
939 619
936 98
847 268
620 410
236 612
709 105
567 241
389 78
234 738
419 522
868 46
57 111
708 709
251 127
118 5
795 464
519 704
940 345
795 420
166 9
177 606
677 230
422 924
450 118
963 673
850 842
230 458
113 817
730 825
411 331
507 6
631 793
390 900
257 564
96 563
963 932
54 156
486 574
39 350
103 262
356 663
219 879
140 1
256 79
268 809
604 890
765 649
417 723
152 650
362 493
61 873
696 90
770 547
752 759
868 113
940 445
528 509
229 477
834 222
979 964
8 530
153 254
965 415
244 85
900 264
517 946
548 450
380 41
304 830
48 474
99 597
850 85
315 486
616 340
698 776
382 810
227 800
993 171
581 945
25 544
346 76
280 334
733 751
132 611
432 622
487 833
735 201
235 69
839 412
503 418
473 931
692 297
624 286
464 24
848 239
716 373
258 865
306 609
434 32
967 867
647 9
867 169
413 271
370 130
62 312
48 128
207 50
258 305
100 811
24 273
132 544
884 999
792 304
406 883
898 721
452 846
120 986
67 976
647 626
348 604
770 253
377 549
632 834
576 996
700 836
202 319
526 539
313 805
409 334
205 973
469 150
290 321
400 835
452 622
924 245
803 947
108 572
347 474
17 86
526 155
902 341
751 645
810 294
463 584
40 870
710 175
271 734
163 691
72 416
153 678
92 731
202 132
845 170
440 69
961 114
932 908
205 348
391 39
896 611
169 40
204 290
117 383
116 217
946 298
324 996
771 591
192 193
452 817
957 6
381 587
985 829
382 754
315 367
832 167
570 4
539 764
532 737
405 288
812 851
89 835
210 203
588 898
145 595
918 671
990 744
363 170
992 387
372 188
308 833
112 379
226 553
570 969
478 983
882 189
362 976
515 98
278 306
627 996
313 365
612 882
616 206
228 749
138 680
426 844
630 431
90 462
431 908
761 22
167 564
380 508
923 305
272 777
919 893
661 104
229 248
745 519
525 289
415 733
387 732
110 536
280 516
447 151
356 267
687 898
186 958
563 878
803 873
219 647
182 66
793 736
195 48
385 800
354 768
333 131
208 51
735 187
2 849
345 114
547 72
109 747
220 398
990 72
864 483
577 582
359 947
976 365
26 822
682 207
1 404
363 780
742 58
210 639
972 756
602 651
884 716
695 485
984 848
879 286
28 258
481 580
91 562
797 97
246 968
87 916
808 530
743 939
76 462
977 993
789 479
450 540
20 796
65 467
192 213
60 287
553 993
236 883
286 694
713 918
895 844
139 561
9 905
304 932
948 581
567 622
722 57
55 156
385 154
974 947
638 671
455 990
825 617
144 177
545 800
794 415
153 60
998 945
477 879
229 76
394 62
800 311
115 980
513 992
300 546
273 817
697 503
641 555
815 489
665 292
535 531
75 613
691 419
908 631
11 289
422 173
343 593
697 547
143 839
545 79
817 345
157 807
389 0
307 795
739 312
854 176
962 475
949 256
552 292
170 224
171 840
468 716
68 75
909 455
635 156
582 376
440 823
259 360
42 691
644 480
388 254
923 369
954 453
933 937
828 672
31 499
723 170
386 730
844 54
517 835
682 869
735 399
789 717
598 942
951 954
140 333
519 702
971 750
371 167
45 582
468 48
639 904
796 229
937 421
307 366
437 491
473 821
804 654
147 370
97 857
950 779
938 176
8 943
356 32
454 939
311 522
884 370
81 861
364 881
560 924
36 887
397 196
675 713
379 314
464 26
831 359
123 211
453 401
105 254
714 0
539 20
579 31
857 100
81 327
847 386
193 514
35 93
736 972
460 455
508 65
86 943
905 667
879 415
863 898
472 87
943 593
285 660
502 160
304 390
877 561
630 447
866 440
327 745
196 578
412 241
80 780
882 239
663 753
71 943
704 903
684 721
444 524
543 156
751 156
130 791
555 321
960 983
151 297
751 952
958 227
398 571
145 623
240 872
307 746
785 537
359 668
339 969
651 570
590 544
490 371
313 88
957 706
614 411
970 315
221 240
424 323
568 173
60 171
771 939
298 978
488 740
247 346
445 64
563 241
281 2
877 298
667 194
747 836
812 123
135 31
327 133
48 290
270 568
705 323
306 249
686 790
916 255
262 891
806 70
671 321
350 531
179 85
330 955
912 93
70 126
61 693
314 973
508 914
465 651
867 23
101 731
840 693
408 29
802 70
579 936
923 312
282 128
721 362
207 945
223 754
362 186
103 906
578 227
152 481
276 543
231 395
374 164
268 193
994 280
519 176
286 319
888 559
467 79
498 121
217 29
288 495
825 539
299 704
353 344
997 160
868 248
648 770
219 829
158 988
709 313
433 641
970 931
492 170
721 111
705 116
515 327
141 882
41 132
911 381
427 995
636 564
823 372
799 925
368 264
566 668
510 664
212 377
401 50
689 686
827 490
234 976
522 860
340 248
77 120
749 546
137 72
409 732
603 282
875 580
595 882
891 547
80 85
417 703
459 612
638 162
415 860
497 927
322 974
468 472
313 575
445 86
803 522
117 665
930 352
701 388
148 444
69 374
550 856
129 234
915 512
849 155
826 864
89 425
46 766
962 482
849 787
187 878
712 809
398 414
864 729
831 251
246 656
133 283
546 858
390 151
838 644
162 944
418 58
558 193
812 761
38 31
23 1
781 719
176 628
605 658
815 629
105 23
778 435
725 260
488 85
729 225
553 621
332 812
795 882
999 120
414 813
674 999
681 385
938 168
553 891
685 994
3 177
202 785
641 234
383 783
676 719
382 854
637 996
71 276
450 789
537 465
192 630
366 664
807 30
454 776
278 62
961 656
332 806
182 346
301 443
669 929
60 463
421 744
19 748
994 74
841 839
990 84
970 661
834 701
180 257
935 456
261 243
241 32
225 743
209 797
240 66
969 275
416 983
201 56
15 106
368 170
898 981
131 613
768 756
319 659
737 222
21 41
622 553
255 702
615 882
516 215
446 107
387 575
123 565
706 312
858 415
440 587
691 256
393 529
469 822
98 153
667 44
299 695
785 164
119 89
702 431
9 569
312 566
630 505
333 871
507 670
740 135
341 7
328 55
657 19
959 801
747 189
901 574
15 21
265 904
470 15
486 426
280 206
572 285
24 225
199 517
545 162
287 266
723 892
597 84
346 780
440 567
574 562
67 336
561 398
623 818
836 915
123 323
410 433
447 930
195 409
132 73
869 585
726 431
108 241
546 681
961 665
973 133
140 264
674 240
989 229
61 155
668 720
781 316
300 381
756 115
705 24
56 611
310 941
946 852
375 371
637 668
347 768
151 347
772 168
953 462
380 879
282 702
122 308
323 345
510 356
518 276
287 527
945 83
370 749
184 995
534 579
876 643
432 528
234 991
499 638
561 646
382 476
718 169
668 539
150 561
801 215
214 374
698 240
347 404
940 660
213 624
286 262
916 933
823 662
973 356
100 275
851 423
796 680
493 569
827 121
12 164
812 806
163 58
887 758
717 596
514 624
792 607
177 149
138 928
940 360
261 622
573 540
510 84
763 607
457 632
325 53
202 562
890 734
565 735
679 121
947 550
129 347
381 694
53 58
612 722
424 502
223 324
533 647
264 492
81 445
241 453
146 998
642 848
174 325
701 700
126 385
820 923
407 324
678 190
556 387
417 216
258 773
426 915
590 894
355 368
490 116
627 233
566 779
278 240
455 31
234 617
258 332
152 295
815 531
893 774
207 619
604 362
942 312
373 146
157 7
888 212
301 54
553 811
312 316
437 10
90 77
385 71
121 637
2 98
100 921
111 90
797 495
74 416
464 836
686 394
755 487
317 195
456 89
685 316
918 804
675 227
226 709
36 61
777 245
305 713
466 35
845 649
709 305
445 792
14 781
254 38
192 156
379 46
246 214
491 249
972 763
451 769
298 661
782 201
142 427
39 254
89 86
422 853
857 9
378 940
689 750
692 224
722 230
223 779
272 2
903 995
73 744
822 66
223 964
627 361
690 736
551 503
300 449
461 636
502 496
192 555
665 223
783 782
306 426
38 967
42 938
622 445
570 111
808 330
66 907
821 144
568 918
228 875
309 620
75 878
657 532
844 41
940 44
171 703
922 910
55 750
865 346
100 387
219 978
773 409
583 969
642 116
492 979
18 581
375 824
164 843
22 931
163 939
759 126
730 813
17 25
946 400
930 409
831 860
56 249
104 576
885 144
67 114
963 245
108 50
112 990
618 802
580 849
750 903
496 467
438 821
687 39
945 933
822 911
55 989
623 4
573 251
284 822
479 635
565 167
20 583
771 697
192 956
962 891
468 115
241 672
42 638
793 949
214 913
665 268
842 771
821 221
37 444
617 492
940 264
451 946
858 32
428 706
954 11
478 889
737 651
236 168
586 252
177 565
719 69
964 650
803 406
268 541
203 244
33 656
103 405
207 669
658 218
264 16
95 304
69 87
967 260
769 929
309 67
607 270
245 799
960 108
562 243
878 672
982 561
720 310
628 906
748 458
229 89
350 46
355 636
601 142
714 776
504 306
323 27
748 86
65 389
200 680
403 997
232 376
44 271
423 499
529 139
129 16
498 582
535 18
505 540
40 926
230 63
527 137
626 704
987 865
611 763
427 519
910 306
428 888
655 922
247 725
702 417
276 712
401 768
463 568
314 1
525 760
426 386
143 282
262 542
331 491
790 880
619 930
720 104
164 704
338 258
341 4
404 954
651 93
746 31
535 526
90 697
124 926
728 309
988 404
799 576
394 966
118 856
26 297
532 180
568 822
859 763
321 251
710 558
543 846
366 809
414 215
496 979
499 60
282 571
515 906
563 57
952 491
24 120
697 505
863 432
929 67
149 374
356 629
340 693
131 123
694 97
638 358
684 124
24 2
887 498
305 359
373 77
423 59
131 865
130 515
378 746
966 979
572 937
603 663
371 712
356 977
799 681
405 964
520 673
173 395
212 893
487 376
204 719
80 901
235 32
950 983
848 335
769 52
336 948
137 930
686 895
281 66
257 203
895 822
651 718
319 293
410 94
819 566
857 446
635 3
994 60
305 899
534 428
94 490
334 161
99 575
577 548
335 671
418 685
880 320
657 510
569 401
660 73
459 595
982 499
30 126
989 198
969 347
821 49
642 607
305 306
702 918
785 391
123 698
24 871
980 45
62 752
935 575
118 382
335 427
891 849
474 615
952 658
942 808
12 1
766 587
815 716
738 753
317 744
166 937
19 820
230 862
833 886
306 10
957 813
277 269
958 853
714 97
455 382
424 973
911 97
509 92
897 31
106 574
842 119
419 626
422 348
749 779
8 84
888 183
759 651
34 577
520 537
920 614
8 222
189 772
92 755
392 311
435 469
509 768
816 902
397 663
551 494
679 360
26 725
178 15
188 741
167 227
489 903
581 252
565 471
303 792
216 139
742 443
892 376
449 311
495 479
278 225
612 347
771 106
255 179
509 670
434 27
426 42
49 219
574 896
926 682
370 466
867 884
767 912
470 941
72 185
332 802
544 107
866 528
800 662
987 771
54 429
884 639
814 82
514 689
518 939
356 147
979 418
755 817
939 787
410 892
63 306
535 16
950 227
532 278
638 405
979 452
191 988
292 382
399 769
154 296
539 998
702 392
825 542
886 621
854 165
862 821
132 540
934 788
727 321
607 632
37 428
761 552
643 279
485 569
674 829
233 742
830 309
849 177
208 575
437 310
474 140
221 454
455 149
413 284
414 998
77 117
30 788
192 148
19 934
219 119
782 926
97 395
68 675
619 548
798 784
829 578
77 55
43 434
899 432
681 296
548 671
975 490
632 905
427 276
454 943
311 709
355 24
678 39
993 619
540 152
122 650
712 427
594 108
310 589
129 71
511 834
672 949
839 285
571 574
402 265
46 801
867 102
867 330
171 475
760 161
253 490
508 296
428 244
479 277
777 907
642 180
954 512
707 832
976 606
960 961
961 200
190 65
118 192
303 128
777 411
585 950
83 237
701 789
439 517
296 114
850 335
51 579
78 271
335 436
781 548
538 21
567 441
956 911
805 226
717 854
64 450
602 246
895 394
592 255
734 708
919 773
592 149
163 459
109 229
449 159
253 521
129 205
385 628
65 435
166 694
521 552
258 665
61 705
716 755
166 688
918 138
948 262
452 848
68 544
618 941
897 177
317 651
343 734
943 369
45 324
362 398
476 256
627 124
701 961
170 337
90 210
330 792
358 48
142 648
287 495
689 284
581 764
945 502
254 3
862 485
954 817
252 67
248 106
701 57
97 791
444 984
517 814
727 955
153 576
830 932
448 832
539 951
815 8
596 44
589 313
349 976
845 149
155 859
251 209
56 716
643 345
954 412
486 116
929 86
966 588
835 325
258 882
448 406
170 777
286 897
989 431
869 719
421 827
465 216
310 960
178 53
341 350
224 480
55 838
45 760
916 710
798 257
260 786
404 813
438 924
193 700
947 911
726 577
431 209
855 284
345 332
158 794
772 322
637 498
73 901
836 825
8 870
153 934
527 136
675 683
211 512
163 336
537 164
264 297
877 644
30 444
478 910
180 258
499 633
807 725
438 36
700 65
924 615
946 428
586 111
835 431
999 351
812 104
677 5
822 206
495 11
867 478
688 679
487 646
350 699
643 743
137 748
838 890
974 959
421 586
472 422
859 359
866 124
46 20
75 406
698 95
273 844
678 518
522 293
441 0
12 530
652 451
282 140
733 360
515 793
762 932
882 69
542 820
213 102
631 452
325 137
4 935
537 19
704 163
446 800
515 308
991 332
977 291
795 902
776 242
596 601
223 331
994 165
847 306
383 217
596 586
763 540
59 927
175 541
778 491
156 727
80 580
292 435
794 916
647 982
961 532
494 215
866 222
29 107
820 631
531 608
223 305
611 118
456 638
78 555
469 821
591 709
831 489
968 651
234 549
139 948
901 720
431 679
859 967
122 141
986 252
746 880
924 58
683 384
332 213
296 352
150 653
440 406
885 846
995 371
315 715
618 962
127 468
889 521
632 887
730 638
179 207
555 155
992 999
101 150
573 112
12 141
379 791
998 735
772 108
830 553
957 984
389 783
318 830
790 53
700 1
177 77
338 794
828 562
513 483
955 491
374 695
120 549
150 63
866 860
785 954
393 418
619 111
755 372
889 807
345 52
641 787
245 771
917 108
115 646
667 500
54 383
510 759
897 917
814 896
118 852
276 233
454 379
769 725
352 417
998 439
795 10
152 258
668 434
394 923
873 583
676 229
666 616
705 602
84 270
485 603
669 82
765 802
994 763
705 592
980 558
770 670
46 980
836 659
645 4
275 671
960 21
32 931
487 683
677 510
810 919
657 944
1 832
213 979
46 614
346 166
174 771
824 70
110 833
446 351
528 813
799 838
149 419
965 565
852 531
155 932
986 783
114 493
937 432
461 107
601 762
520 435
130 525
797 61
408 71
184 291
767 911
514 467
764 358
750 241
725 61
11 847
763 95
533 957
42 566
215 788
70 214
598 154
62 327
921 973
207 606
801 711
432 511
201 101
759 835
303 349
220 899
267 21
513 747
837 818
614 823
361 768
836 772
509 709
588 544
982 403
777 764
466 90
785 856
417 926
895 592
728 29
193 961
839 937
94 894
385 934
947 988
202 262
750 579
55 833
645 846
109 85
432 966
111 464
395 152
148 84
738 560
66 746
693 790
528 316
620 452
944 369
448 70
945 195
978 963
233 442
109 917
162 472
195 418
479 189
864 527
292 887
495 571
620 525
426 530
891 859
532 323
844 390
864 127
990 530
697 452
139 813
527 62
471 527
119 328
545 676
440 872
567 178
609 24
873 914
243 409
656 602
47 407
760 202
997 992
61 589
27 567
674 377
210 311
412 0
769 463
343 432
292 481
834 928
209 229
238 621
0 678
501 920
652 793
139 903
741 655
831 89
446 781
753 964
149 440
996 216
584 813
208 732
747 529
650 454
753 100
881 30
118 846
462 878
646 76
575 404
687 10
572 923
317 363
890 540
726 264
980 289
99 166
340 962
26 271
427 794
568 258
622 797
549 854
815 300
954 323
15 229
529 475
22 901
923 206
425 623
721 488
840 13
856 921
403 897
432 246
31 482
482 447
480 122
117 516
24 453
748 339
999 659
441 42
288 915
111 814
120 616
54 208
688 874
472 590
434 808
899 608
951 116
574 556
770 819
847 140
547 373
397 809
718 159
32 179
315 563
852 13
532 558
555 366
649 925
846 967
401 70
981 249
29 616
547 81
719 22
920 176
209 583
816 415
454 490
159 277
801 578
834 450
974 695
757 448
495 714
486 674
285 864
819 410
454 366
194 77
390 303
322 987
470 896
826 950
490 130
961 802
932 346
389 298
431 444
626 345
813 109
667 582
249 10
603 711
907 853
292 259
272 227
960 596
391 789
608 98
830 911
0 480
197 866
854 255
839 691
107 418
766 390
102 711
144 29
657 725
477 805
23 452
845 829
883 540
366 92
72 668
820 879
240 75
589 941
326 617
805 487
622 499
251 336
849 302
999 661
801 648
136 887
305 418
261 282
327 162
756 556
357 475
333 330
723 94
665 789
756 766
182 33
734 261
555 541
1 907
407 705
288 816
673 502
294 64
994 946
82 252
219 736
458 517
47 590
813 650
471 529
452 803
741 492
506 241
505 65
888 1
431 804
986 643
556 271
802 689
50 957
112 957
732 317
880 897
299 169
446 920
37 832
350 312
217 23
280 391
438 418
552 762
865 945
527 843
132 665
408 403
599 988
384 574
231 10
532 74
62 218
819 349
392 510
312 972
876 888
407 287
442 179
535 990
493 530
629 687
643 412
565 603
357 211
48 527
8 834
491 936
50 168
5 261
214 555
359 768
313 654
639 816
622 884
897 609
203 485
177 902
548 516
15 390
902 929
185 365
277 194
78 577
364 167
750 475
949 830
837 622
752 369
571 260
915 503
293 153
831 422
282 443
488 834
807 926
630 953
525 736
675 682
183 470
95 466
556 664
390 555
909 96
763 567
176 946
204 984
466 460
322 470
342 590
482 897
625 899
429 586
424 51
807 252
71 270
408 45
276 809
58 734
522 640
15 883
209 488
348 639
725 998
888 429
181 803
352 878
554 416
353 853
656 751
884 41
845 299
801 63
960 385
123 708
115 398
800 110
852 390
506 522
210 389
448 740
18 364
452 368
272 931
778 386
799 420
760 809
127 776
65 821
2 625
971 803
932 56
943 797
867 413
508 906
825 926
461 418
846 424
409 905
402 344
252 686
959 803
457 82
810 712
698 720
190 485
291 97
841 502
515 895
727 26
58 466
780 588
126 622
165 72
976 893
130 777
513 750
288 742
786 12
353 953
24 897
798 379
543 525
900 501
734 964
732 961
118 932
409 154
330 933
851 315
878 703
145 397
11 144
788 292
813 90
693 565
799 952
222 686
664 29
341 167
727 839
850 167
377 174
276 820
752 330
384 991
46 146
9 536
288 918
160 289
808 708
407 883
838 211
464 203
241 736
592 669
941 608
378 701
148 375
694 881
467 500
448 879
814 231
125 357
660 145
417 357
616 602
328 721
784 888
307 536
327 531
90 461
196 833
735 837
491 206
152 549
528 624
913 971
612 442
628 422
254 213
673 445
652 634
837 922
965 182
678 346
617 937
177 596
210 91
674 813
284 536
291 630
36 164
525 808
580 811
725 914
396 383
431 23
572 499
632 542
616 387
310 606
278 845
142 910
110 638
623 118
228 612
788 726
827 675
903 842
546 715
852 518
954 598
469 626
972 25
627 330
387 871
623 277
185 150
377 286
418 893
312 151
336 178
110 704
23 116
474 292
525 39
147 28
205 363
856 767
826 505
288 670
316 559
482 933
128 663
572 944
601 771
725 668
780 898
772 192
584 44
652 877
37 541
532 900
570 795
677 445
154 161
21 990
390 357
548 543
266 873
935 763
230 447
376 474
609 167
459 256
788 333
609 440
354 349
459 280
731 868
100 84
693 849
244 802
41 896
386 101
5 851
673 64
606 594
608 591
361 456
633 989
427 346
768 457
152 201
345 642
854 113
364 80
126 289
817 975
569 900
743 66
157 976
199 687
734 582
340 939
356 678
354 545
594 480
101 403
478 423
805 545
433 580
229 427
462 589
477 49
807 840
852 404
530 330
626 205
244 523
324 598
973 333
563 127
118 234
977 840
72 308
446 92
528 370
660 809
25 621
625 362
893 100
948 362
877 555
108 990
801 97
91 678
712 815
251 809
778 946
345 150
191 905
798 208
860 459
21 619
661 854
332 157
462 990
615 463
117 611
696 419
446 317
514 848
873 2
777 358
656 325
660 466
70 916
421 981
989 89
300 943
666 670
869 354
625 645
157 223
866 926
175 860
857 271
700 521
341 751
351 328
257 232
490 755
510 72
190 107
506 582
200 318
462 852
579 294
683 247
391 370
616 872
215 709
888 267
348 29
310 170
344 689
15 434
391 829
391 42
873 506
340 302
930 580
389 100
661 199
522 322
507 495
572 258
324 532
638 257
147 694
14 944
653 973
426 469
981 34
89 810
47 465
855 318
704 255
290 45
278 96
323 125
428 296
243 506
777 274
449 922
716 140
813 30
445 572
394 339
479 854
684 125
846 20
818 156
192 953
879 856
465 924
719 21
10 390
529 578
97 21
418 502
550 103
47 259
717 98
304 610
137 771
751 715
291 960
406 663
609 196
130 379
854 103
346 620
634 802
612 945
851 681
948 764
886 471
245 493
820 498
520 115
226 673
807 405
575 823
207 511
601 357
279 642
186 259
864 393
337 116
901 661
694 802
43 662
985 783
149 783
123 377
671 686
801 724
659 771
482 927
171 609
679 238
751 157
909 86
547 187
934 479
200 551
477 670
522 669
986 841
40 3
897 180
834 348
626 771
150 354
938 432
395 973
268 65
998 866
69 552
680 574
78 216
593 656
964 226
933 702
900 791
609 244
350 658
409 92
356 126
504 161
536 916
402 587
981 54
813 796
408 531
556 949
760 825
621 726
958 14
492 282
445 399
913 215
681 805
478 765
448 935
70 386
839 268
353 460
120 902
212 123
343 435
436 404
127 279
196 377
778 274
540 478
583 87
99 512
586 653
37 301
938 739
294 181
524 72
734 869
65 952
352 294
49 548
90 727
411 280
405 397
843 490
167 912
12 330
350 619
66 354
700 599
806 529
762 426
552 136
592 139
458 354
222 848
609 951
133 823
28 158
770 71
516 834
734 97
88 498
684 138
836 702
300 290
890 618
61 608
892 577
862 568
958 572
591 494
114 751
880 806
345 314
270 121
40 604
108 300
844 397
62 663
390 240
857 834
427 209
141 571
551 294
621 811
465 866
657 791
257 758
666 344
944 510
5 980
230 632
598 973
232 412
590 594
225 657
685 293
939 178
794 315
965 774
922 335
312 404
218 586
498 505
1 89
643 998
918 250
348 990
358 406
2 11
340 337
925 908
836 211
548 881
204 348
824 423
740 749
975 518
534 939
657 577
293 882
338 404
234 663
124 99
831 599
311 258
819 586
434 612
292 226
627 163
509 940
884 603
636 699
932 481
784 31
886 567
169 763
499 168
817 523
160 55
925 673
327 171
825 167
431 213
279 833
123 513
761 945
793 908
628 626
459 651
405 20
894 172
95 262
142 318
718 257
737 55
863 312
447 63
80 322
249 485
936 89
168 720
767 620
186 916
493 950
271 926
412 918
541 982
849 76
320 444
828 980
767 389
540 600
346 518
860 760
609 667
648 279
511 905
994 835
773 933
644 88
399 935
969 291
988 72
404 86
931 138
379 0
111 299
472 459
202 190
610 214
315 602
524 313
941 327
506 115
203 990
817 989
814 686
576 231
42 448
718 468
380 601
622 177
51 843
866 567
85 198
182 311
587 606
347 523
431 354
684 760
844 736
250 982
865 574
424 990
119 308
313 461
351 285
753 614
332 999
577 7
370 11
882 983
78 722
121 348
582 427
779 309
654 154
646 702
618 951
288 546
135 561
977 654
160 939
430 816
324 724
48 311
133 752
746 524
497 671
862 706
730 642
768 874
250 544
988 595
975 899
720 95
764 254
969 753
642 503
306 408
797 268
491 633
510 926
404 657
453 74
712 529
830 6
154 624
999 604
5 656
703 141
444 412
688 437
135 64
341 429
241 60
198 422
1 818
322 303
922 550
169 201
808 301
197 829
859 717
417 424
149 634
915 786
533 370
455 326
759 813
916 502
795 693
846 815
0 848
886 197
300 139
474 336
922 487
814 45
325 983
20 484
100 720
938 779
768 212
894 908
951 36
95 622
213 127
416 582
138 141
329 522
25 768
526 521
242 799
243 870
585 57
867 285
376 404
347 817
962 87
900 647
972 179
677 38
170 954
324 255
857 433
885 293
810 959
987 160
281 808
70 973
561 570
709 574
259 371
638 852
278 642
606 561
155 200
301 945
401 68
916 552
765 571
205 892
438 534
509 609
144 400
484 695
52 993
693 177
59 660
279 475
642 851
116 962
106 218
636 897
452 655
777 50
268 793
144 272
312 775
523 346
104 241
685 502
703 497
375 829
396 950
964 62
370 51
180 570
938 355
13 423
193 24
81 597
308 52
199 915
495 736
461 202
846 191
106 3
105 528
820 684
773 399
211 876
866 652
781 97
148 823
783 881
368 708
908 682
382 520
750 167
681 626
550 235
679 475
900 560
687 619
825 177
2 254
277 435
564 261
91 914
566 632
199 71
351 979
768 143
405 914
422 286
265 845
991 742
385 226
413 598
443 409
515 920
169 577
816 395
321 307
247 822
536 902
130 639
74 153
58 180
479 360
986 799
645 254
391 677
919 287
99 740
966 690
946 791
878 679
943 905
936 920
814 252
680 11
49 558
6 491
387 828
439 692
800 642
207 124
708 484
32 329
16 921
229 911
651 333
146 158
990 556
178 797
109 709
510 130
509 703
21 566
482 11
718 137
908 875
715 365
499 437
209 221
130 279
125 555
544 256
327 211
937 242
328 905
572 729
877 721
980 49
125 526
518 379
590 452
330 533
131 293
136 103
39 422
489 271
371 721
86 124
324 597
600 718
661 12
268 684
296 611
642 440
61 84
264 382
600 193
217 196
655 647
84 592
800 284
275 689
855 223
113 964
198 481
629 565
527 497
44 746
201 54
19 534
501 607
78 746
817 3
618 665
392 290
876 119
251 30
121 481
439 682
478 650
253 449
967 256
521 909
913 398
685 741
768 187
522 588
945 147
216 700
976 208
362 898
712 741
206 806
260 573
246 764
998 648
579 369
636 612
824 15
103 205
414 397
815 811
491 672
399 587
925 717
357 925
899 396
808 960
724 948
320 967
629 305
232 649
999 780
239 957
868 758
636 819
812 494
948 516
770 978
696 851
920 601
927 161
212 499
111 254
430 635
576 923
118 403
142 331
41 24
898 667
77 10
950 860
292 583
596 530
24 3
849 991
106 537
79 180
434 10
534 691
467 403
665 602
417 336
10 845
297 898
235 957
942 970
176 664
812 709
449 369
252 200
749 556
575 682
702 300
319 529
168 709
915 879
352 270
80 190
181 393
312 950
695 521
466 983
876 973
632 17
759 744
826 777
766 858
835 569
21 699
951 757
309 725
596 566
439 535
818 686
341 992
102 544
984 991
654 464
644 602
642 197
250 919
342 9
689 240
401 376
428 214
333 149
129 992
601 159
933 111
552 84
381 7
633 786
277 587
139 82
259 37
966 287
532 85
640 462
352 145
124 335
777 681
559 551
147 763
382 677
617 722
887 850
330 459
493 556
625 818
893 299
810 660
843 810
386 147
190 939
117 273
808 468
221 597
606 643
249 653
878 304
402 750
560 953
275 12
844 738
334 776
178 911
878 575
725 536
424 461
318 404
275 690
158 777
552 650
691 850
821 155
617 972
945 532
830 789
711 135
156 142
205 483
66 100
767 540
327 283
662 619
160 525
529 690
454 384
579 748
1 5
808 913
14 686
337 506
297 51
833 533
742 484
557 438
502 345
913 556
200 959
672 196
153 242
107 850
150 801
99 660
888 467
898 668
671 896
786 187
443 149
651 694
469 496
710 666
899 957
9 554
282 383
433 987
34 898
724 32
825 45
590 137
66 440
759 53
970 696
934 30
584 941
99 72
566 982
575 754
771 792
781 393
285 278
114 205
446 622
560 91
895 749
295 868
798 540
234 362
672 603
104 487
388 265
671 941
414 759
322 880
525 559
633 690
720 503
289 509
84 883
758 97
201 266
716 0
7 328
158 483
851 182
19 361
570 127
596 603
502 700
581 506
384 170
261 18
665 959
4 107
19 744
38 986
263 830
690 693
775 921
896 116
29 524
898 660
860 757
642 534
860 96
406 117
973 403
246 29
499 133
986 382
68 509
326 28
265 469
105 732
511 480
324 932
961 663
739 933
737 205
963 961
672 728
412 920
173 681
99 599
403 3
677 243
947 227
589 837
106 877
888 188
857 142
152 531
653 155
891 139
570 626
134 329
910 477
695 641
830 163
697 902
472 224
444 303
201 256
288 652
685 73
564 105
27 913
29 44
623 966
894 51
521 174
249 115
686 267
783 201
347 394
487 693
300 127
273 723
581 206
361 716
492 443
866 574
70 92
380 1
525 766
254 101
665 688
508 474
588 238
43 666
257 175
525 880
684 766
732 461
70 847
840 817
442 843
493 257
658 564
741 942
460 528
866 965
628 185
453 698
147 351
477 278
314 694
105 659
786 573
996 319
928 777
728 630
396 234
276 191
619 261
504 830
693 960
346 102
772 720
847 774
925 254
416 876
112 255
473 14
558 653
523 392
257 836
405 792
67 524
891 956
811 355
396 291
934 656
436 853
853 380
517 207
726 721
652 267
251 464
590 501
321 286
124 658
255 661
821 237
642 935
149 953
487 162
954 986
470 602
825 545
931 966
863 384
314 163
867 856
724 432
594 896
338 44
65 795
223 273
841 152
309 278
364 853
683 33
936 768
572 779
154 439
477 982
98 845
298 15
589 712
98 656
617 664
838 580
84 833
908 685
882 798
611 311
759 457
311 528
609 276
264 857
10 309
802 120
475 317
904 832
184 448
535 572
23 339
50 343
334 92
915 564
890 115
862 793
144 501
635 828
462 718
641 162
531 926
121 560
534 926
469 759
185 942
902 527
292 320
795 653
813 168
743 328
869 97
102 970
941 379
289 891
987 913
861 100
416 790
778 933
797 175
823 769
470 230
938 903
148 713
601 286
162 661
718 344
23 316
458 30
836 264
966 257
431 299
342 856
926 589
668 71
35 547
313 247
236 66
98 61
966 675
311 277
473 286
91 18
453 555
121 109
777 782
712 109
332 632
759 250
836 407
143 399
757 954
719 376
340 648
302 184
114 939
62 302
243 55
786 739
120 690
19 443
453 721
171 940
220 209
682 421
271 896
519 368
381 59
731 775
400 279
55 715
662 54
869 771
679 977
942 644
164 544
518 532
103 810
606 728
764 642
702 659
213 219
521 887
459 992
384 125
942 814
222 617
975 328
437 312
17 286
903 867
427 811
420 309
777 55
108 930
938 987
846 58
57 159
896 789
449 674
438 431
237 122
51 153
850 39
734 646
624 796
738 360
176 728
940 242
174 399
419 304
254 394
32 760
292 612
253 478
809 805
661 206
736 883
352 674
877 554
361 3
475 760
373 366
306 310
517 633
112 62
925 775
789 34
501 94
76 955
160 72
68 854
376 689
294 441
825 924
171 280
924 424
848 29
967 108
290 230
8 925
775 534
834 171
789 13
627 749
954 336
479 649
160 18
141 127
982 492
392 380
216 365
195 545
870 883
301 470
926 129
585 432
382 82
924 848
493 809
279 56
395 573
425 245
735 466
658 989
346 759
40 365
531 621
792 210
997 139
425 160
632 463
642 575
62 39
634 225
707 618
998 390
904 237
858 103
496 617
490 727
883 5
150 57
624 655
726 377
649 469
465 204
812 465
204 967
149 153
512 450
551 73
886 852
320 620
580 584
285 344
50 572
579 788
175 101
337 695
97 874
404 498
304 447
41 617
102 714
898 921
909 897
685 310
14 852
988 845
39 3
755 867
820 541
245 634
492 626
975 987
865 313
335 407
478 731
643 43
412 800
528 820
437 934
824 285
385 894
842 583
141 728
990 980
3 986
241 773
592 941
823 327
184 311
866 58
697 447
771 172
274 969
306 245
439 740
966 59
485 782
46 522
33 633
646 982
310 125
420 887
519 840
473 369
766 74
17 429
533 124
478 620
977 5
528 349
297 330
365 577
734 323
-1 -1 -1 -1 -1 57664 -1 58720 -1 -1 -1 -1 -1 -1 -1 -1 -1 -1 1352 -1 -1 -1 -1 27205 -1 -1 47438 -1 -1 16415 55152 -1 -1 -1 52517 -1 -1 -1 -1 22865 53465 -1 -1 -1 -1 -1 -1 28276 59860 -1 -1 -1 27982 -1 -1 -1 26321 18015 -1 58789 -1 -1 14902 -1 -1 -1 -1 -1 -1 -1 48121 -1 -1 29379 -1 -1 -1 9164 -1 -1 -1 37149 -1 -1 33580 -1 -1 6003 15709 -1 -1 12788 -1 -1 -1 -1 -1 52350 56787 59662 -1 54162 39537 -1 -1 -1 -1 44309 -1 -1 -1 -1 10841 -1 57032 -1 2931 -1 -1 -1 54578 -1 55925 -1 -1 -1 19581 -1 -1 -1 39754 -1 58858 -1 -1 -1 -1 -1 -1 -1 -1 45550 -1 -1 58708 -1 -1 -1 -1 -1 -1 -1 -1 64469 -1 -1 -1 -1 -1 -1 -1 -1 -1 -1 -1 -1 -1 -1 33596 -1 -1 -1 -1 -1 -1 -1 -1 -1 -1 -1 -1 -1 16664 57377 -1 -1 -1 -1 -1 17194 -1 21654 -1 -1 -1 -1 -1 -1 -1 29029 -1 29660 -1 40829 -1 -1 -1 -1 -1 -1 -1 -1 -1 -1 -1 -1 6088 -1 -1 -1 -1 -1 -1 -1 -1 -1 27075 -1 -1 -1 -1 -1 20929 -1 -1 -1 -1 -1 61095 -1 32298 -1 -1 -1 -1 -1 -1 -1 -1 -1 -1 12541 51230 -1 -1 -1 -1 -1 21028 -1 -1 -1 -1 -1 -1 -1 -1 -1 -1 9149 -1 -1 -1 25369 -1 -1 -1 -1 -1 -1 -1 -1 2835 -1 42078 36676 38773 -1 -1 -1 -1 -1 11553 2664 -1 -1 -1 -1 -1 4112 -1 -1 -1 -1 -1 -1 -1 -1 -1 30589 -1 -1 -1 -1 -1 62755 -1 -1 -1 54910 43720 36572 -1 -1 -1 -1 -1 -1 -1 -1 -1 -1 -1 4222 -1 -1 -1 -1 46138 -1 -1 -1 -1 -1 -1 -1 43684 -1 -1 -1 -1 -1 36736 -1 40690 -1 -1 34326 -1 -1 -1 47062 27566 -1 -1 -1 32742 -1 28589 4586 -1 -1 -1 -1 -1 -1 -1 -1 -1 -1 -1 -1 -1 -1 -1 54242 38644 -1 -1 -1 -1 -1 -1 -1 13473 -1 -1 -1 -1 -1 -1 -1 -1 -1 -1 61513 -1 -1 -1 -1 -1 -1 48499 -1 46126 -1 2803 -1 -1 -1 -1 -1 -1 -1 -1 -1 -1 -1 -1 -1 29584 -1 -1 -1 1423 -1 -1 65435 33177 -1 -1 -1 -1 -1 -1 -1 -1 -1 7830 -1 -1 -1 25531 -1 -1 18442 24302 -1 -1 60047 7911 -1 -1 -1 -1 -1 -1 63815 -1 -1 -1 -1 -1 -1 2013 -1 -1 40669 7651 -1 -1 -1 -1 30448 -1 -1 65382 -1 -1 -1 -1 224 -1 32904 -1 -1 -1 8765 4705 -1 -1 7643 -1 -1 28661 -1 59935 -1 -1 4128 -1 43302 -1 -1 -1 -1 64658 -1 43863 46841 -1 -1 -1 38377 -1 -1 -1 57042 -1 1360 -1 -1 -1 -1 -1 -1 26591 60687 6929 -1 -1 -1 -1 19832 -1 -1 -1 38733 -1 -1 -1 -1 -1 -1 51152 34582 -1 -1 -1 -1 -1 -1 -1 25553 39284 -1 -1 -1 35830 23226 -1 -1 28395 -1 28732 -1 -1 -1 36758 -1 -1 -1 34821 -1 -1 -1 -1 -1 -1 34107 -1 2764 -1 11445 39669 -1 28999 -1 -1 -1 -1 61702 -1 -1 -1 -1 -1 -1 -1 -1 -1 -1 58977 7247 42188 53960 -1 -1 -1 -1 -1 -1 53661 -1 -1 -1 -1 5399 -1 -1 20756 -1 -1 -1 -1 -1 -1 -1 16905 4763 -1 9250 -1 -1 -1 -1 -1 -1 -1 21872 3280 -1 -1 -1 -1 -1 -1 6247 -1 -1 -1 -1 33168 -1 -1 -1 -1 1973 -1 -1 -1 -1 -1 -1 -1 38813 -1 -1 -1 -1 -1 -1 -1 -1 -1 -1 -1 -1 -1 -1 -1 -1 -1 -1 -1 -1 -1 22345 -1 -1 -1 -1 -1 -1 37249 -1 52816 -1 37338 20301 -1 -1 -1 -1 -1 -1 36565 -1 31463 -1 -1 -1 -1 -1 -1 -1 -1 -1 18155 -1 34985 21828 -1 -1 40946 -1 -1 -1 -1 -1 -1 -1 55809 -1 -1 -1 21400 -1 -1 9205 -1 -1 26057 -1 -1 -1 -1 -1 -1 -1 56055 26973 -1 -1 -1 -1 -1 -1 -1 39537 -1 -1 -1 -1 -1 -1 -1 -1 53957 -1 -1 -1 -1 -1 -1 -1 -1 61378 -1 -1 -1 -1 -1 -1 -1 -1 52069 -1 39980 -1 64754 13565 51130 -1 -1 15338 -1 48713 -1 -1 -1 44999 -1 47488 -1 -1 4724 -1 -1 -1 -1 39621 12816 40423 -1 -1 -1 -1 -1 53584 -1 -1 -1 41224 26815 -1 -1 -1 -1 -1 26399 -1 -1 -1 4038 -1 -1 -1 -1 -1 -1 -1 -1 62362 53525 6203 -1 -1 19663 -1 -1 -1 -1 -1 35559 36228 -1 58400 -1 -1 -1 41585 -1 -1 -1 -1 11864 -1 -1 25601 -1 46287 -1 26316 -1 -1 -1 45518 -1 -1 4202 -1 -1 -1 -1 -1 60879 -1 31726 -1 -1 -1 -1 -1 54765 -1 21464 -1 -1 -1 -1 -1 -1 -1 -1 -1 -1 -1 -1 22467 -1 -1 -1 45556 -1 -1 -1 -1 -1 -1 -1 22007 28608 -1 -1 -1 21256 -1 46223 -1 -1 -1 -1 -1 -1 -1 64662 -1 -1 -1 -1 -1 -1 -1 -1 -1 -1 -1 -1 19321 -1 -1 -1 -1 -1 -1 -1 27597 -1 -1 34314 -1 21400 -1 -1 -1 -1 28989 -1 -1 -1 -1 -1 -1 -1 -1 -1 -1 -1 -1 -1 -1 -1 -1 -1 -1 -1 23985 -1 57425
8
1 367 10 687 5
1 136 12 541 0
1 2 7 465 14
0 671 9 796 1
0 567 7 611 12
0 109 6 515 9
1 794 8 399 3
0 359 7 567 10
