1000 5000
241 75
602 836
252 937
861 114
765 480
738 522
509 520
114 60
124 107
919 672
323 520
15 465
308 666
888 991
159 602
844 919
530 725
438 418
897 310
148 396
337 276
954 787
23 204
871 638
689 340
855 90
828 628
955 491
552 991
392 844
438 551
673 958
441 48
628 155
301 556
216 47
873 494
362 758
574 974
632 216
609 816
479 98
141 19
743 611
863 845
410 4
963 70
63 388
513 319
434 794
414 110
472 745
988 825
602 830
260 799
574 970
749 624
34 606
521 632
588 61
718 566
918 187
670 432
275 328
411 813
844 643
331 113
665 324
442 547
263 617
457 940
679 668
481 727
8 872
485 727
467 806
701 362
397 40
759 28
878 374
961 46
411 815
970 450
808 926
503 44
684 544
142 722
753 580
25 426
209 884
482 584
895 993
300 670
437 693
523 320
693 564
858 777
638 480
527 876
785 962
189 559
202 434
867 25
98 730
725 466
979 609
280 595
553 887
274 745
726 399
135 474
640 26
333 577
638 498
896 350
139 506
295 253
402 626
766 347
320 903
523 903
668 421
500 680
993 566
958 575
979 270
391 109
628 858
268 423
571 388
241 942
449 312
393 715
790 49
504 366
870 832
214 548
965 331
171 728
725 832
941 172
906 473
275 884
875 799
222 111
12 923
902 464
696 803
566 418
477 601
343 480
411 463
515 793
806 478
807 333
338 265
414 302
540 639
339 902
15 635
25 476
798 884
186 28
837 488
201 86
212 199
38 891
780 766
379 490
31 485
621 518
638 762
263 675
865 944
16 323
548 459
791 837
208 303
912 665
171 35
835 385
26 783
33 158
358 342
469 68
264 44
838 69
517 902
200 663
262 824
392 839
403 69
938 220
648 871
27 780
419 145
652 684
3 170
849 82
717 16
799 70
918 543
156 183
664 886
106 340
546 537
739 766
546 219
684 848
352 962
271 448
985 889
894 305
220 773
201 737
147 38
431 644
621 398
564 735
89 640
169 857
346 874
530 485
863 684
855 863
414 536
52 550
973 348
12 757
449 823
750 824
997 760
318 168
763 391
313 981
686 808
392 790
747 490
162 394
784 591
970 788
795 100
608 487
477 406
434 953
404 993
31 177
125 201
133 20
218 519
719 675
919 88
358 570
434 386
980 660
801 892
448 726
164 429
144 243
696 602
80 935
78 651
215 402
538 766
225 816
434 142
393 315
474 705
974 742
225 438
934 292
262 759
137 977
841 134
9 662
685 164
328 758
791 790
161 6
823 344
564 572
868 175
507 980
651 742
93 783
235 297
663 265
557 958
79 247
454 177
990 495
959 469
584 152
61 746
176 622
334 110
18 12
861 108
180 940
109 356
354 718
924 251
160 626
110 829
933 195
730 612
294 559
248 497
130 835
725 576
998 859
344 207
162 291
870 314
867 715
559 608
223 289
228 521
10 728
367 745
835 161
160 104
267 729
242 597
929 760
700 343
801 485
681 356
258 23
357 297
47 67
531 319
10 350
884 68
92 501
199 510
976 82
156 493
330 674
658 847
724 763
878 111
379 464
656 293
419 943
418 323
396 757
120 118
499 768
466 378
436 925
410 692
581 714
317 924
832 357
324 255
756 566
170 875
784 576
429 873
719 444
944 942
940 942
29 204
209 337
53 94
544 862
109 551
734 260
526 870
356 726
649 39
951 440
775 884
817 125
68 845
768 573
172 159
886 638
504 201
384 172
620 762
499 652
307 188
985 598
381 8
621 659
342 143
393 274
130 733
62 324
289 642
275 856
245 799
553 170
550 620
686 3
471 996
800 500
411 618
759 694
250 332
192 382
660 941
634 103
551 812
361 831
779 633
994 684
163 813
489 539
758 889
634 648
694 788
62 758
550 541
925 808
13 856
522 370
336 191
643 957
294 752
686 802
68 18
774 577
422 723
563 660
295 860
564 826
546 233
927 736
810 155
623 130
763 272
376 576
163 557
368 66
119 623
598 934
129 339
467 331
483 553
436 484
296 962
125 47
251 739
444 377
835 238
377 61
429 141
810 731
705 881
863 118
915 992
533 35
310 445
795 631
229 402
557 995
195 386
883 484
392 687
929 295
375 767
90 714
861 716
67 173
754 17
499 936
291 456
270 802
265 881
315 873
894 778
97 467
574 318
324 102
713 573
983 248
35 373
65 71
690 926
951 18
20 15
274 379
780 686
251 203
370 825
268 514
98 722
442 922
666 273
434 741
829 283
832 570
867 359
681 219
131 973
416 667
877 211
610 798
7 306
245 989
374 279
691 846
47 666
956 325
294 640
790 690
102 304
880 596
826 618
63 449
716 328
125 776
803 797
791 533
182 892
620 264
458 840
186 32
914 282
384 100
377 744
144 570
57 681
312 654
100 499
937 900
787 712
247 216
231 916
944 892
446 61
997 159
131 107
3 283
968 577
243 715
754 940
86 161
163 759
885 477
687 452
364 342
800 514
123 146
351 591
178 90
467 60
360 541
488 268
688 801
589 696
433 620
288 715
670 897
766 848
460 797
672 159
355 311
580 820
946 835
952 850
292 677
19 755
343 213
48 610
665 33
591 896
961 814
720 579
552 53
973 790
890 820
803 133
104 185
868 651
463 129
507 97
174 85
555 839
163 28
744 689
945 984
773 58
427 677
777 483
96 79
462 438
209 931
6 744
453 965
979 685
825 754
485 984
908 822
349 480
946 992
649 221
318 913
686 446
18 859
442 928
80 849
972 712
429 356
100 914
497 182
775 267
126 425
441 173
373 416
155 275
450 470
415 647
717 534
403 295
153 343
897 397
496 423
223 414
668 420
514 861
441 336
682 135
501 268
95 894
139 861
292 846
481 146
606 871
308 833
988 442
5 749
919 38
169 551
379 803
766 787
285 250
215 772
414 73
185 853
736 939
332 320
881 516
125 491
423 483
362 541
893 76
784 509
574 498
942 14
596 536
665 110
230 548
581 546
376 864
136 190
788 383
542 737
443 687
805 498
397 240
322 645
472 637
14 785
487 704
794 975
670 960
619 119
658 704
157 665
982 952
328 566
467 291
30 910
458 392
744 269
968 110
246 533
226 927
995 775
358 163
27 744
953 682
817 764
775 432
646 441
651 359
963 676
994 31
387 736
838 604
980 836
672 756
726 907
949 454
163 97
742 4
984 522
747 719
172 816
838 478
10 205
307 705
577 966
196 887
408 371
284 685
404 275
315 510
316 901
670 585
433 118
293 583
925 156
282 882
121 943
481 43
136 789
807 270
312 105
536 854
967 857
718 752
720 991
63 969
100 562
526 399
764 207
51 839
322 834
847 876
459 261
177 34
934 911
338 720
969 354
157 617
837 46
362 95
805 86
280 756
168 592
982 317
904 594
982 984
469 628
535 982
826 812
102 459
26 19
542 308
634 182
329 246
297 578
985 488
211 538
94 528
891 682
625 9
669 487
564 261
184 361
967 148
893 44
124 562
492 91
427 613
718 664
988 931
283 475
472 77
319 327
808 683
834 134
711 420
750 483
240 931
292 551
29 406
855 387
695 916
35 895
704 218
678 990
672 805
790 918
95 257
388 931
606 803
363 254
189 864
491 54
858 800
359 745
231 120
188 153
95 670
28 434
479 385
26 532
103 364
573 446
124 771
296 121
96 6
656 308
695 44
392 920
978 767
125 586
704 587
699 358
734 287
632 354
61 965
66 827
371 745
75 654
31 152
457 127
162 897
723 600
180 848
699 118
651 401
493 609
941 533
776 543
973 230
697 774
966 753
931 850
281 747
715 169
303 672
93 920
919 883
963 636
169 905
971 155
890 480
117 463
799 616
898 283
904 148
229 708
839 327
627 16
446 470
167 896
340 262
954 552
129 430
269 591
347 18
938 621
825 942
543 93
703 242
901 68
220 652
679 286
171 59
307 483
425 697
205 964
778 955
872 407
899 696
670 380
688 855
202 901
491 103
775 152
455 358
299 856
516 745
442 757
434 829
849 746
897 780
235 762
805 315
636 833
621 670
916 584
164 894
551 612
857 27
40 365
716 317
835 502
15 286
514 620
499 117
326 944
947 857
541 56
454 475
59 849
795 931
860 997
108 973
42 707
18 449
55 907
169 935
806 220
764 732
473 663
918 934
992 520
205 254
516 428
102 883
233 610
752 164
980 591
432 833
61 972
260 505
862 671
389 285
196 477
289 639
926 179
427 849
0 840
752 155
553 783
605 352
969 95
560 199
871 175
387 198
11 370
355 775
705 656
972 526
313 852
635 785
294 491
513 387
857 485
607 636
885 706
289 250
317 856
70 859
220 124
839 257
647 901
137 638
62 298
592 851
463 980
9 272
780 541
122 29
630 641
856 904
760 205
890 790
963 358
891 184
883 973
30 243
439 370
471 116
626 669
30 833
22 714
815 734
926 945
695 702
291 263
969 126
766 426
530 149
564 977
164 5
268 671
876 676
96 931
24 936
182 959
346 294
663 61
782 81
465 585
277 403
763 955
379 513
915 80
826 853
858 4
566 367
588 75
534 152
627 540
239 331
989 281
372 459
88 122
671 996
493 653
346 857
778 836
845 784
725 782
220 38
111 970
610 275
824 823
77 808
295 17
831 599
299 752
646 726
380 969
208 25
262 119
319 48
962 414
163 248
592 217
892 617
131 719
765 762
731 445
302 261
982 146
863 751
823 939
388 113
511 650
513 318
200 234
204 307
492 109
540 861
209 489
655 9
519 864
753 820
54 672
738 194
922 608
897 376
224 556
731 60
218 837
241 668
148 883
873 469
151 204
987 903
795 194
811 186
771 970
328 380
609 676
32 392
172 924
697 233
267 465
359 257
577 424
701 106
812 896
53 312
1 313
334 246
797 872
478 399
50 161
318 307
66 530
671 224
392 435
623 352
972 936
525 840
417 302
457 672
982 832
83 277
794 651
405 877
775 268
197 759
371 701
49 747
277 682
993 481
684 321
890 805
923 583
768 935
429 205
745 70
433 963
882 636
109 147
138 740
974 137
358 368
351 485
111 785
460 439
599 262
642 794
617 643
484 549
661 427
682 832
606 170
227 166
492 633
419 688
134 594
551 896
701 202
282 678
678 658
493 449
788 165
230 926
242 105
985 347
447 451
596 357
743 625
916 267
374 777
339 712
473 981
513 200
176 908
790 290
307 421
886 510
75 89
600 108
184 639
546 879
826 496
205 54
571 405
589 479
679 978
127 871
985 830
500 606
640 998
513 850
708 875
139 192
887 66
749 86
180 397
563 396
184 559
649 159
704 6
599 824
756 38
412 808
682 676
374 660
111 128
127 196
591 478
894 544
739 536
687 902
137 450
48 377
544 695
459 324
431 323
409 932
669 726
691 798
27 982
359 86
62 515
660 11
985 708
981 924
331 637
723 952
253 486
211 633
91 252
413 426
531 712
435 624
590 30
872 249
378 25
300 290
804 871
523 293
631 526
928 571
270 403
293 329
834 386
408 383
274 126
659 507
632 970
842 60
499 229
933 971
202 134
41 777
787 279
849 775
330 259
952 47
273 987
142 288
145 733
160 349
522 894
968 665
583 135
179 437
790 170
204 301
659 111
926 656
643 657
723 520
302 891
307 37
408 580
37 328
415 404
335 368
79 815
682 868
498 116
502 413
342 930
119 656
777 45
389 673
913 817
470 113
839 278
821 298
980 570
621 529
456 755
908 498
831 794
770 235
97 801
140 895
729 430
332 798
109 587
11 306
281 362
569 635
525 711
771 556
788 243
274 668
92 650
283 568
940 857
221 353
88 934
731 663
867 470
436 565
497 434
621 409
973 685
558 244
411 267
283 282
947 936
840 871
427 908
533 332
306 547
549 75
302 960
478 939
311 11
599 706
442 116
944 463
911 775
816 329
539 571
752 710
626 751
284 470
444 606
287 350
418 934
713 319
79 836
476 985
547 691
329 650
757 60
824 457
931 162
778 760
538 561
691 162
770 584
196 952
497 545
347 425
39 437
144 793
241 439
204 746
533 602
997 831
433 71
91 722
103 363
203 774
573 279
728 969
965 153
584 124
808 219
518 282
113 725
951 448
871 208
321 509
36 345
451 448
384 419
210 104
738 190
877 51
730 744
722 548
980 76
467 310
139 120
704 7
867 950
128 569
834 483
182 700
432 913
343 576
918 302
367 129
943 477
130 915
582 966
982 10
556 537
776 853
244 545
749 112
252 123
29 470
673 412
20 259
712 636
445 595
728 267
800 199
105 184
300 265
443 407
866 493
365 812
304 478
849 759
81 132
834 76
666 711
548 725
170 616
494 887
881 253
610 958
670 104
805 770
536 547
548 672
869 495
28 225
895 803
720 78
630 425
209 363
419 214
960 511
659 778
546 156
543 557
495 181
808 751
368 758
569 810
493 760
75 322
47 510
948 75
126 221
96 445
4 648
457 112
707 311
506 340
177 238
312 87
775 448
55 53
383 15
583 70
309 756
400 651
98 577
466 577
393 498
405 165
706 502
240 166
365 518
741 778
993 469
289 178
885 833
612 883
591 596
402 95
289 798
721 942
422 194
997 674
73 839
192 316
899 797
687 2
367 167
941 848
513 402
63 272
677 365
490 570
777 341
96 458
54 944
757 118
279 679
30 264
101 234
17 40
345 407
234 569
70 195
780 430
50 46
901 301
611 521
229 770
707 991
454 682
309 38
970 910
671 309
88 876
910 489
730 434
574 451
871 577
208 90
510 124
511 740
764 129
775 985
415 641
558 449
996 855
592 952
498 626
297 287
787 609
261 195
940 51
79 750
969 981
352 455
378 522
611 169
251 745
28 32
303 329
4 15
128 197
930 781
110 447
234 899
37 900
790 786
929 705
826 414
64 779
741 700
922 703
244 940
519 217
458 332
707 665
987 939
249 529
331 854
481 427
424 911
435 740
795 773
715 943
730 604
942 249
550 32
515 456
192 655
708 432
680 131
131 565
364 792
913 623
300 301
140 154
478 416
452 537
863 319
841 66
33 988
773 142
288 182
677 341
621 475
394 548
391 900
56 323
360 325
283 306
356 344
616 190
71 807
349 398
808 172
154 18
950 798
60 777
489 341
62 831
682 611
568 187
335 554
580 532
178 915
516 518
611 506
862 410
450 334
870 144
260 658
806 995
123 82
862 851
11 530
340 705
158 358
137 390
680 408
759 30
586 119
771 348
982 228
447 330
687 125
913 469
784 965
586 324
880 256
119 730
363 955
952 356
18 373
347 467
378 375
670 926
914 126
418 997
373 799
671 84
141 6
160 761
842 226
345 195
553 749
284 520
750 2
401 466
733 414
50 820
255 930
575 118
298 753
824 239
870 119
748 470
744 721
987 323
976 653
875 754
794 59
650 330
695 967
352 554
255 239
864 743
924 471
890 428
37 988
821 299
710 149
813 598
913 513
681 969
409 131
161 155
662 483
817 67
394 799
887 732
208 365
979 252
788 277
165 980
896 394
937 903
526 636
848 175
245 724
811 757
205 126
57 199
780 904
686 207
941 346
259 2
11 927
455 185
95 531
715 967
439 691
332 354
47 897
273 388
843 515
72 372
262 272
324 27
697 524
878 655
20 373
74 979
863 670
496 451
422 874
189 39
795 786
554 531
83 279
681 734
866 986
253 342
723 341
914 256
254 790
705 759
901 811
232 372
672 119
374 40
506 281
469 273
160 375
854 600
8 554
782 606
882 948
917 807
851 161
193 284
205 459
417 898
660 529
849 116
209 588
100 655
157 764
282 436
170 675
318 821
377 812
628 938
831 881
198 142
126 46
970 355
104 495
661 860
545 354
90 807
604 911
929 917
611 295
353 529
266 447
647 63
300 391
891 942
759 952
856 308
852 773
3 249
159 366
699 898
782 940
281 191
819 150
277 524
193 992
239 298
151 963
680 640
546 499
250 246
81 208
555 670
624 183
864 137
652 409
353 833
47 2
413 325
715 752
6 698
474 688
693 975
761 773
632 4
93 99
415 637
487 321
582 340
241 339
591 235
47 732
809 310
674 966
524 242
551 541
726 586
571 534
906 780
515 602
59 755
294 908
966 654
913 563
626 557
475 592
561 642
337 648
924 660
7 341
411 460
396 898
413 798
981 127
225 412
612 101
493 782
468 602
928 462
960 943
137 141
697 247
604 358
176 641
788 71
95 851
258 402
151 292
201 687
971 926
463 418
531 530
315 255
610 952
263 22
902 607
14 640
495 511
287 520
37 825
681 977
259 269
671 595
823 753
211 437
263 905
654 960
462 456
337 447
390 630
885 545
680 631
914 681
945 85
984 280
350 309
662 384
766 519
379 487
598 960
348 652
239 515
813 238
184 565
759 140
215 935
356 673
532 853
387 704
821 918
832 428
60 460
347 943
320 334
673 442
602 861
260 909
104 743
532 717
318 47
665 956
20 856
775 398
900 524
713 409
258 277
700 5
194 14
97 744
696 102
851 896
205 165
894 238
352 261
782 657
279 591
284 518
328 272
28 299
272 268
246 891
499 968
460 113
503 459
690 362
531 55
872 132
186 707
575 455
30 251
661 233
448 48
123 617
842 266
112 714
464 149
140 995
605 802
911 557
261 993
83 744
255 583
290 709
846 478
565 276
277 707
355 235
272 255
256 109
601 335
319 968
515 382
897 746
470 539
142 707
687 165
345 8
676 889
155 447
883 383
561 911
934 679
116 625
508 229
545 178
468 824
284 972
547 718
718 311
171 377
953 511
762 867
705 470
306 802
168 664
234 192
600 482
112 94
406 922
345 643
761 670
401 624
1 31
814 77
371 465
801 394
847 386
594 997
250 549
14 633
162 176
773 496
850 616
704 745
247 413
165 278
152 230
33 398
560 557
239 668
724 717
120 557
60 990
633 32
88 250
705 442
743 896
539 964
634 72
858 77
527 161
443 50
101 758
679 257
110 894
145 208
158 7
823 408
971 516
551 499
112 587
410 774
838 605
909 708
142 3
277 607
816 479
176 117
760 556
282 517
629 238
917 408
453 808
770 447
236 602
841 733
143 948
819 730
988 958
335 505
750 949
53 677
655 125
219 735
697 850
99 337
632 182
307 195
69 926
700 805
3 422
378 269
557 730
387 24
495 608
555 873
819 328
835 167
335 245
483 86
822 159
59 744
704 236
667 622
895 694
90 288
905 394
807 554
449 830
635 356
292 5
647 824
51 951
826 34
845 748
868 429
60 515
430 169
37 422
641 851
50 17
279 338
17 365
927 683
417 828
900 422
381 328
315 844
318 562
329 831
477 484
242 457
148 874
328 781
979 24
16 619
921 805
390 681
444 401
208 292
749 677
820 650
235 408
876 739
869 36
462 339
273 110
19 939
957 272
74 230
975 321
595 76
30 274
579 204
299 575
467 245
143 838
801 466
989 254
173 584
784 19
905 756
547 38
203 102
107 76
365 585
80 753
706 952
949 385
158 671
871 349
702 398
746 174
133 241
143 996
573 888
573 156
707 889
208 549
541 226
762 669
384 480
880 861
355 431
639 413
971 579
550 317
429 766
614 248
420 895
795 267
621 350
150 218
609 459
854 961
733 320
969 919
153 591
401 746
716 365
993 321
802 99
322 327
513 465
364 350
80 473
512 974
507 174
903 66
656 834
357 171
913 204
666 837
309 71
637 269
277 287
705 368
162 164
597 427
220 757
967 988
328 91
776 203
765 962
969 807
326 198
752 390
331 921
734 500
335 261
220 561
691 496
739 85
563 381
410 660
847 246
325 608
669 514
239 395
153 551
268 216
603 989
176 589
997 919
113 633
865 247
659 426
879 283
277 341
549 784
787 58
851 248
80 665
435 750
577 144
839 523
175 990
74 333
731 439
505 518
359 563
434 92
17 681
477 908
58 207
654 790
687 678
386 46
539 426
807 520
999 651
608 750
235 8
699 995
668 6
39 835
535 349
974 570
366 342
667 561
768 723
91 437
7 954
831 526
136 727
832 527
198 842
542 263
937 380
738 409
182 979
977 352
865 606
374 736
363 949
645 779
810 958
157 984
631 633
554 828
745 526
223 450
387 315
30 375
513 539
609 423
722 284
59 187
967 807
483 641
928 630
995 193
378 172
411 99
593 919
625 244
475 528
702 205
225 485
125 303
580 552
748 366
74 450
583 885
470 871
578 252
155 306
6 29
127 14
263 576
374 110
363 715
416 379
826 114
422 450
912 586
112 764
250 767
844 948
185 888
749 865
825 82
106 499
322 277
9 945
639 386
414 473
965 493
55 562
512 82
883 42
852 45
696 302
651 284
448 539
431 179
114 34
126 598
446 179
503 676
935 142
283 128
240 276
768 321
503 302
135 881
220 438
423 589
511 420
428 990
535 538
289 175
377 842
876 981
723 34
79 269
166 626
377 82
40 296
165 84
466 969
988 683
439 888
386 100
411 923
609 408
640 37
524 982
357 620
356 846
527 94
977 34
39 38
280 371
749 994
208 658
606 362
134 730
820 625
559 425
775 745
639 201
972 847
812 550
599 459
490 941
554 766
199 277
616 772
602 532
103 639
908 203
935 772
798 318
254 689
565 615
175 507
683 44
681 366
59 690
264 183
580 794
228 67
957 527
938 759
720 505
532 551
182 143
475 189
247 295
235 231
44 304
458 185
235 821
400 580
716 264
844 364
226 60
594 982
699 393
737 117
836 636
426 224
205 998
464 279
810 146
634 722
317 643
834 810
98 10
776 84
432 451
407 800
49 999
457 351
871 495
380 572
776 223
12 179
147 371
296 269
767 486
841 281
691 26
345 240
104 874
905 306
720 397
380 312
310 753
164 590
646 438
769 876
2 956
16 968
423 222
272 7
584 156
480 758
911 205
357 856
441 941
416 508
339 341
989 979
299 669
528 838
681 720
889 651
955 492
367 34
757 795
355 244
567 501
572 834
113 771
825 622
725 227
796 125
470 474
746 340
741 327
240 852
695 157
514 520
66 63
999 213
763 994
644 507
825 841
325 865
353 747
957 122
309 388
160 196
206 512
54 743
17 236
347 348
117 79
867 47
325 552
479 191
98 882
245 770
755 450
1 526
917 805
920 376
918 741
938 235
628 482
227 790
874 354
405 740
129 77
363 637
312 200
270 854
844 340
456 301
277 349
123 888
200 267
428 643
245 532
315 610
660 859
136 616
186 961
502 575
242 199
442 509
862 684
35 503
256 663
727 469
556 436
277 221
513 99
279 453
782 146
418 515
890 691
679 856
119 55
202 116
799 188
280 768
624 922
48 525
313 863
661 647
197 226
614 569
819 977
222 550
170 806
351 218
574 841
876 331
520 889
779 259
803 324
352 197
316 206
441 778
38 802
421 514
237 32
589 427
626 276
747 306
869 879
829 404
321 381
327 824
715 469
434 709
551 594
338 793
722 970
117 666
407 194
41 984
962 869
982 981
865 919
165 604
746 101
24 720
152 502
976 939
363 35
782 420
656 86
460 312
937 408
651 845
383 484
818 677
464 13
89 94
703 929
515 595
202 880
920 10
961 460
726 589
447 121
629 892
122 463
876 825
753 276
935 617
833 209
987 135
471 797
800 188
95 55
540 890
977 109
592 15
717 371
267 537
907 800
128 552
961 66
39 758
196 358
77 375
456 732
322 920
756 539
73 434
228 119
230 310
634 480
35 422
187 795
105 439
939 197
252 708
440 852
659 822
533 697
857 533
724 361
979 343
575 368
236 660
86 827
481 728
600 11
224 182
374 607
11 252
739 111
329 521
189 28
71 726
175 44
111 544
606 132
192 355
863 861
301 816
828 911
539 790
829 730
874 698
348 966
889 936
254 579
285 467
903 229
860 880
94 687
455 144
137 179
693 2
423 264
788 5
233 448
618 415
20 952
906 302
68 900
466 594
423 817
290 816
213 128
900 15
900 199
733 347
76 610
871 954
272 806
71 488
455 318
211 550
851 420
101 556
83 921
421 645
634 942
723 274
682 221
597 802
109 176
793 879
978 706
123 422
384 934
924 37
705 982
30 107
354 36
762 577
169 560
774 415
539 605
284 161
288 848
996 38
951 746
223 959
196 836
251 380
711 864
498 742
424 4
152 4
709 212
371 319
659 597
789 305
651 919
243 925
50 42
569 15
6 932
11 690
400 101
835 16
979 902
412 106
900 602
60 85
0 315
724 265
348 969
332 220
612 732
22 341
70 298
640 120
673 521
512 710
713 646
602 839
417 371
184 134
346 166
482 213
927 465
896 668
835 4
310 293
739 746
222 91
164 230
367 280
396 985
501 288
630 957
470 913
95 329
395 44
370 965
976 136
622 398
796 657
525 511
976 20
884 15
976 321
68 541
890 719
385 93
750 349
437 502
922 72
852 351
412 486
182 829
848 119
526 81
385 405
9 574
342 391
741 941
52 769
650 124
277 433
291 694
471 595
342 897
583 895
386 562
438 265
867 138
296 911
909 566
841 15
27 487
464 842
490 829
402 187
750 335
339 501
706 398
291 154
244 158
503 427
937 335
522 297
214 74
610 942
316 801
203 995
706 410
511 606
289 370
931 241
379 652
477 894
698 688
348 674
567 60
725 673
468 835
316 862
614 276
646 8
385 460
620 842
227 245
178 202
787 104
699 54
961 778
591 732
27 604
928 686
796 445
387 771
512 339
172 668
671 968
352 644
839 241
337 382
525 186
345 536
889 957
930 620
932 901
846 524
258 192
526 578
94 117
65 366
766 403
362 948
808 703
907 459
439 523
449 412
27 423
641 824
148 348
395 68
665 638
901 555
441 31
798 590
839 342
160 219
761 259
223 497
48 655
458 934
282 263
496 16
741 790
601 822
498 492
479 651
473 400
599 946
452 763
70 435
826 299
333 157
305 834
813 237
31 810
103 434
819 313
445 423
984 948
821 682
501 744
115 120
403 875
920 818
275 699
514 402
243 663
586 199
600 171
750 902
61 785
823 713
423 602
871 507
430 730
281 259
53 181
335 869
859 153
213 651
28 487
55 2
996 559
145 450
860 513
312 158
299 753
926 877
456 98
348 799
355 372
217 613
594 714
690 896
681 790
404 195
467 366
807 753
682 343
610 515
337 607
988 534
807 141
929 869
76 272
116 730
279 549
353 207
727 418
309 505
171 341
82 917
109 839
731 388
578 905
420 73
478 144
879 287
73 688
161 97
949 489
676 828
891 526
852 2
632 982
71 108
944 981
944 521
600 684
278 498
483 618
187 126
646 227
315 694
799 434
440 154
375 290
192 846
102 929
56 672
353 958
164 245
931 56
40 141
679 331
463 533
636 233
429 507
688 893
975 585
279 114
256 499
965 227
37 158
442 169
444 923
766 556
557 266
129 964
936 406
911 921
228 975
699 642
590 575
633 776
756 197
704 951
450 574
837 459
679 842
801 2
740 239
264 407
531 287
444 363
497 308
83 271
261 606
543 756
208 730
719 285
528 772
651 446
595 133
744 676
862 115
728 569
739 108
144 952
738 727
688 637
481 89
657 196
454 902
578 242
136 941
848 418
477 203
995 553
799 446
202 67
824 525
111 415
388 467
678 846
250 759
179 513
458 992
131 47
880 380
776 533
90 973
282 703
214 240
631 148
112 748
559 818
563 509
466 328
855 313
296 611
179 424
325 881
625 68
119 587
79 970
897 56
618 553
166 201
227 1
200 771
549 618
801 532
372 54
713 322
388 270
19 514
286 438
912 387
970 169
818 866
776 639
237 144
577 222
341 956
643 117
288 195
326 82
852 923
693 33
541 565
257 158
319 817
118 112
175 198
813 873
702 745
112 641
173 699
870 267
34 955
923 929
273 514
649 269
104 366
305 781
190 411
193 788
378 884
358 452
679 342
326 333
36 147
477 174
529 855
848 843
20 519
955 799
971 27
742 882
447 301
565 531
996 67
340 737
631 980
178 990
619 799
676 360
5 742
133 738
747 787
18 116
126 225
441 820
284 101
684 360
921 551
240 25
53 104
244 98
341 704
911 765
734 988
933 687
825 68
511 550
190 972
187 972
131 996
749 373
757 968
246 402
530 757
610 401
693 96
721 911
927 369
64 272
519 645
28 181
775 471
892 730
312 457
88 296
974 233
614 584
473 743
18 179
410 677
394 943
425 927
915 302
632 345
32 770
313 141
492 959
16 648
42 984
301 470
986 758
357 682
2 158
892 605
9 254
710 52
4 43
328 859
486 50
801 712
452 216
880 559
361 730
819 924
360 546
309 354
905 499
489 171
995 380
47 805
862 327
371 90
967 67
899 798
369 19
359 406
22 494
292 280
586 723
944 665
454 167
133 857
37 70
818 957
23 882
436 625
398 403
487 787
136 229
1 340
443 389
700 124
424 255
581 587
895 479
238 782
383 384
215 85
964 20
577 941
488 543
352 175
106 445
201 774
704 355
278 749
528 50
388 3
640 437
362 200
858 238
129 878
897 510
492 769
604 140
612 237
341 535
327 197
741 62
595 978
607 378
878 859
88 167
20 765
343 602
663 514
487 582
623 914
885 599
645 418
360 600
500 275
618 846
824 837
179 698
71 730
225 333
930 652
423 103
756 484
570 11
13 217
382 289
923 251
649 684
941 279
402 643
193 803
694 756
930 420
230 870
964 439
813 799
650 91
493 274
776 370
929 130
104 189
472 988
168 736
972 661
445 769
111 887
333 236
460 678
677 956
4 696
796 215
830 668
189 809
174 571
923 997
890 484
356 976
49 103
464 854
437 645
794 37
171 201
297 1
517 744
571 801
223 416
702 338
438 739
79 531
486 385
252 219
995 937
774 669
516 36
729 849
191 759
453 451
810 113
756 518
323 593
40 407
571 299
642 469
542 51
557 782
548 495
859 307
325 893
522 309
687 24
837 284
580 226
307 790
52 105
351 176
693 516
506 326
888 307
220 911
490 981
94 159
969 150
916 206
890 922
887 884
325 300
21 5
4 804
597 745
923 89
446 638
887 897
216 403
126 955
960 484
20 375
162 968
272 789
950 537
91 291
89 851
901 712
428 361
897 347
970 8
412 235
66 972
890 89
755 682
453 308
415 100
929 877
129 5
364 305
891 245
452 708
724 269
165 641
472 509
642 554
526 22
882 333
397 834
495 634
456 830
543 829
459 87
395 328
397 794
46 854
597 9
990 42
782 323
512 305
709 128
455 70
45 397
408 712
237 9
373 530
410 648
587 868
602 813
657 548
477 110
144 737
752 148
304 826
530 71
887 112
281 163
77 147
466 383
349 127
923 307
566 378
346 145
536 255
263 368
600 346
662 971
169 421
790 13
756 918
423 994
536 479
136 868
207 919
677 616
813 461
679 974
46 344
233 405
878 235
67 181
663 621
729 176
508 907
906 632
544 202
938 690
978 463
446 426
939 474
465 597
641 674
224 393
291 895
853 453
425 242
600 140
282 176
782 866
677 386
565 860
474 944
967 948
30 193
403 116
524 535
177 371
980 801
699 46
60 23
794 235
206 83
140 794
375 79
267 792
101 524
299 565
495 365
510 373
551 306
53 448
267 963
619 576
637 768
850 254
553 760
779 962
826 817
910 266
842 549
235 222
614 744
435 913
771 410
810 10
934 693
885 720
496 477
442 717
359 949
256 622
222 945
616 54
986 296
311 294
485 726
407 951
97 309
637 957
543 194
292 125
435 950
883 449
29 424
721 859
674 955
945 997
790 66
873 865
180 862
456 556
598 276
504 717
913 265
781 106
922 471
338 180
131 324
729 479
55 559
377 941
657 613
70 614
736 664
980 488
823 748
453 920
819 768
626 696
283 876
213 238
570 347
232 815
612 608
396 652
972 108
439 419
537 237
910 411
396 891
225 528
495 742
678 381
811 777
971 808
10 562
103 41
291 460
909 81
117 984
660 44
392 630
483 548
242 183
541 107
968 121
141 246
116 249
538 363
119 95
686 335
443 935
946 80
358 255
877 168
650 475
192 657
306 435
900 351
322 604
31 927
734 913
712 456
784 502
440 55
11 3
752 301
692 974
23 378
134 880
712 838
939 659
171 148
327 6
20 919
920 594
757 596
314 74
183 406
644 608
945 419
505 689
38 340
361 948
159 678
959 498
367 316
876 888
922 8
294 59
668 2
461 938
487 531
436 967
983 181
772 591
168 366
662 241
229 861
475 11
334 113
302 57
16 635
983 459
177 175
226 624
8 518
973 637
444 308
437 954
381 910
959 456
620 403
874 194
985 851
128 696
447 329
387 88
800 149
894 117
433 369
873 237
202 607
603 518
818 438
451 72
46 195
762 631
382 673
183 826
838 786
4 186
865 64
787 354
66 735
294 923
523 772
806 706
396 825
389 396
344 693
188 389
332 400
603 14
761 14
536 572
88 395
496 432
541 858
744 391
498 985
211 326
111 494
561 833
297 383
971 929
668 377
235 934
427 838
902 131
583 158
233 306
231 764
566 7
786 303
29 980
583 267
500 736
410 364
734 474
748 175
13 961
535 959
701 861
904 423
767 434
126 440
463 287
455 561
725 104
19 865
114 368
797 391
262 346
383 445
383 890
669 724
45 897
574 808
884 62
575 475
547 789
279 935
582 460
675 125
436 32
538 352
449 41
543 965
947 226
817 630
379 94
714 741
651 667
400 771
346 878
705 974
315 298
684 340
236 895
415 222
687 958
281 798
884 21
962 40
526 220
774 321
672 824
714 744
21 639
584 886
366 803
845 992
781 526
312 530
123 141
46 204
443 917
137 881
828 2
383 171
507 46
381 853
552 252
427 371
299 157
736 17
674 863
65 957
127 101
674 856
350 475
157 846
928 492
738 479
324 564
861 275
997 139
676 149
174 567
387 590
947 494
159 889
226 330
2 11
922 394
111 150
135 268
681 980
385 200
870 299
740 588
92 785
859 325
434 251
303 722
440 342
852 428
284 677
4 495
461 947
861 717
94 890
506 676
486 731
918 485
413 101
972 227
0 456
650 536
142 331
584 953
743 690
0 892
910 972
14 563
274 298
448 366
347 988
308 443
940 42
185 808
127 138
355 97
636 258
476 390
645 323
30 912
843 161
564 333
502 231
322 651
917 783
504 614
343 965
404 225
186 208
307 405
165 217
525 986
493 76
125 123
571 840
234 55
616 365
841 962
450 482
969 394
419 204
787 160
894 655
37 227
223 885
876 311
829 970
58 742
432 87
766 376
927 649
684 387
962 718
593 20
567 639
596 920
782 893
292 23
276 858
691 253
602 344
793 24
264 199
896 299
400 408
891 993
712 737
856 172
480 55
473 495
491 330
354 518
761 850
337 312
225 466
334 501
372 385
183 464
599 88
854 928
915 789
458 344
473 377
735 602
507 529
601 473
42 72
64 339
859 758
434 523
366 231
104 728
953 773
632 225
258 547
530 815
256 753
684 739
246 173
211 60
962 965
29 788
31 931
260 578
521 560
786 102
109 361
922 704
493 991
516 554
199 692
946 159
632 188
958 935
522 802
354 417
589 132
900 586
735 346
312 918
879 159
761 186
993 771
5 150
363 460
31 156
358 67
555 445
535 445
578 365
995 950
844 655
24 973
816 424
516 376
818 147
189 352
386 507
844 523
712 884
54 689
262 394
670 174
367 283
768 899
370 882
249 157
451 777
319 753
847 107
56 87
13 493
163 876
365 148
870 497
695 292
819 230
860 519
173 105
771 818
640 890
932 239
80 124
915 547
576 923
189 320
539 200
976 734
432 676
753 440
589 574
753 381
444 187
905 930
713 259
190 556
392 387
823 815
231 711
283 613
269 959
596 607
528 228
506 794
471 185
597 130
527 929
341 781
168 341
458 627
225 976
851 330
473 43
462 902
975 436
576 436
902 391
226 960
835 510
547 211
168 390
596 479
864 280
96 412
230 671
131 500
160 765
867 661
312 872
924 18
649 280
634 590
393 984
909 226
71 427
643 344
337 844
575 404
851 608
895 584
381 762
854 117
944 250
287 29
723 929
438 777
883 502
183 553
230 562
449 882
949 288
336 658
690 218
55 813
580 323
352 836
869 610
298 283
164 758
528 2
301 106
43 746
414 291
202 256
183 628
839 236
818 188
204 133
150 784
873 498
127 929
706 849
31 910
5 693
592 863
363 193
410 149
456 89
444 774
949 25
640 713
474 706
509 283
534 58
177 980
822 376
661 354
260 967
562 960
792 635
356 856
440 670
478 220
153 204
387 993
721 113
394 817
118 243
988 879
185 118
557 925
487 498
51 255
257 563
527 507
584 422
292 510
714 412
856 882
482 710
515 916
611 228
946 471
446 112
784 701
88 412
389 774
149 169
945 297
481 439
403 251
513 71
858 837
830 298
807 211
198 645
142 449
391 79
68 159
764 890
440 33
823 175
800 498
318 414
3 271
910 112
665 415
708 751
353 323
241 625
375 118
313 61
599 510
996 429
396 846
505 698
654 559
232 121
651 120
308 626
208 665
700 551
134 234
366 170
442 90
121 655
472 338
341 208
975 504
623 353
638 543
204 271
622 126
861 5
250 193
89 913
113 33
261 408
445 833
219 597
259 655
202 201
292 989
36 388
677 964
375 712
171 407
257 23
377 923
436 554
813 228
69 315
863 332
614 460
403 825
245 417
550 927
590 486
666 803
520 343
114 482
608 303
689 136
461 533
19 119
388 549
517 276
881 614
483 770
593 785
511 775
46 364
698 843
258 28
14 784
981 864
939 542
278 934
498 50
577 409
655 560
653 657
454 918
848 326
769 387
953 378
545 120
527 795
68 445
337 96
978 708
45 425
521 829
873 619
506 64
550 59
741 499
329 422
468 733
956 597
822 875
256 121
280 827
406 68
252 521
305 571
603 70
312 988
554 865
467 153
225 888
569 606
669 323
866 922
567 65
557 549
95 828
48 102
405 419
734 909
423 332
279 243
617 616
352 66
989 24
390 816
861 461
513 540
770 236
647 481
200 928
596 403
753 421
137 384
651 219
383 811
163 226
434 15
113 92
298 853
65 775
748 234
212 197
656 756
957 612
889 811
296 682
61 538
160 809
981 885
373 352
756 857
248 141
224 994
211 473
317 235
838 504
646 552
871 306
705 31
123 301
590 844
312 210
389 910
785 714
50 260
925 545
989 99
915 843
448 579
331 783
49 555
533 842
518 360
569 757
280 832
342 777
24 721
295 258
551 615
646 66
100 882
966 673
946 751
991 185
906 583
1 927
256 704
18 778
693 546
659 178
282 141
297 144
920 247
372 472
393 122
611 376
960 131
523 470
42 593
46 797
405 450
801 538
154 949
486 22
699 91
462 255
871 992
324 309
420 804
411 9
560 787
137 381
702 453
955 762
119 69
935 569
530 49
491 858
490 546
269 922
915 444
721 364
331 617
686 806
919 525
208 977
67 936
442 487
796 519
608 39
791 96
171 560
255 472
95 889
139 729
426 651
540 561
883 739
466 548
517 447
316 649
612 125
587 783
424 634
565 340
557 200
66 278
751 136
34 60
405 682
962 210
568 416
507 999
413 141
374 621
995 706
593 759
631 264
356 155
381 696
461 943
891 739
377 97
70 260
732 592
612 648
976 271
61 286
150 71
197 983
422 36
914 697
926 201
675 849
524 488
63 166
487 701
314 300
557 344
121 394
986 527
122 666
731 904
353 662
567 557
690 633
923 791
941 791
708 139
839 125
661 608
300 128
233 98
936 464
164 533
677 550
756 218
179 952
656 45
209 310
95 472
567 464
734 915
637 306
159 954
396 372
159 115
646 598
954 116
857 49
863 231
268 348
867 935
202 52
536 119
497 725
261 913
484 359
57 403
402 535
227 96
301 131
794 137
214 965
667 811
41 20
907 738
440 363
517 686
477 387
336 316
28 342
81 688
990 880
241 920
638 283
527 894
472 759
68 496
315 973
846 593
213 17
680 823
440 17
110 563
104 317
691 264
107 526
214 423
795 358
470 579
330 406
628 775
524 504
280 718
72 856
396 649
135 963
84 913
234 367
796 213
657 958
655 537
283 255
299 853
384 663
221 811
762 102
630 758
57 586
708 79
208 283
760 622
973 100
807 556
453 298
397 850
62 259
858 776
143 505
446 452
815 868
157 623
65 492
671 956
763 99
979 19
863 580
431 638
311 407
221 214
661 296
982 271
184 827
137 673
588 408
638 989
288 832
123 568
40 163
480 869
747 723
960 239
389 550
89 849
571 931
29 56
234 733
644 954
199 448
330 760
83 18
383 722
804 653
29 145
348 13
459 991
410 788
596 61
239 883
894 824
898 666
1 513
283 946
529 655
603 280
890 951
42 524
88 564
317 841
314 888
651 832
699 407
464 208
712 736
391 503
102 341
896 313
742 464
905 432
492 400
308 426
470 524
630 935
466 162
169 531
962 375
803 635
10 571
733 206
971 224
737 423
938 877
383 12
860 152
285 106
429 666
744 478
505 118
965 872
737 583
977 581
736 714
752 561
340 76
867 95
343 702
968 222
902 67
456 740
604 187
762 606
10 880
991 513
672 112
690 461
140 539
259 530
797 604
600 270
485 412
116 312
223 573
205 240
562 766
513 54
659 141
409 343
665 840
214 367
80 305
497 205
676 426
131 62
575 17
996 426
607 502
243 63
478 810
547 64
124 209
901 405
25 696
922 265
729 782
751 102
644 752
689 45
621 664
224 730
189 819
621 418
979 576
668 670
807 841
981 792
80 761
588 262
308 662
290 15
324 114
677 622
239 187
25 676
272 269
426 974
642 190
202 812
813 740
547 807
681 313
670 429
638 710
608 534
124 491
695 216
763 784
48 905
768 196
707 545
516 645
247 585
778 342
455 862
456 660
962 799
734 253
714 262
39 718
467 890
956 161
979 969
535 449
915 693
465 992
526 804
633 791
3 897
74 169
935 705
293 100
532 536
781 828
204 355
242 64
477 454
860 217
711 809
482 196
250 732
243 403
739 477
613 681
458 388
695 492
213 129
45 790
828 585
737 483
970 939
193 715
606 130
345 280
963 591
698 916
959 906
130 551
156 687
773 863
371 955
299 168
624 432
939 354
733 614
269 927
219 93
646 578
791 959
196 486
481 568
679 74
557 806
751 925
799 653
641 220
697 397
68 5
742 619
96 526
805 326
449 510
648 950
386 799
948 952
198 829
965 548
599 943
644 254
695 475
757 167
417 253
442 168
410 607
435 200
871 547
456 823
516 931
332 558
367 531
883 573
517 519
34 66
255 116
388 609
556 399
854 421
752 625
628 983
96 36
672 292
758 108
272 700
312 783
885 422
402 683
778 799
127 951
591 406
107 144
9 684
342 576
445 401
815 974
249 454
294 503
985 320
438 925
412 31
190 182
562 796
39 992
939 877
279 427
260 478
109 315
611 365
817 833
452 265
455 634
902 780
901 809
260 392
991 920
472 379
61 950
333 204
214 414
368 190
460 322
919 989
997 184
98 392
294 238
51 336
708 970
933 427
78 456
291 949
618 598
233 279
255 809
644 671
446 339
448 640
557 45
935 258
532 283
522 776
321 306
396 547
859 240
837 228
396 638
278 30
565 982
621 513
201 489
752 995
613 370
968 710
707 76
43 995
156 154
409 678
714 210
727 411
61 676
974 206
835 574
754 249
916 373
727 438
24 117
688 876
844 244
211 244
88 64
106 23
890 662
666 142
577 105
582 401
160 3
960 806
16 650
556 814
379 361
568 327
336 418
173 736
602 197
70 988
697 594
753 658
679 457
774 603
626 361
844 338
89 321
800 649
209 153
522 983
751 346
188 783
449 477
7 419
130 905
344 518
743 346
711 562
644 187
531 450
272 226
683 381
131 563
102 792
867 125
935 308
530 261
617 402
649 500
687 566
464 157
472 28
47 987
781 409
852 652
217 557
937 722
358 22
625 585
409 13
983 279
696 69
86 289
271 312
913 45
914 486
506 167
91 323
948 974
235 525
376 789
663 758
506 730
569 401
752 791
602 490
453 400
237 562
508 858
595 881
406 919
895 411
47 844
507 72
26 144
183 241
221 302
458 829
874 62
159 108
50 793
485 112
755 387
235 50
138 890
69 404
278 743
678 317
514 163
357 660
713 664
142 675
764 22
520 507
138 518
731 54
905 789
246 549
186 850
295 408
409 46
675 381
2 37
961 130
17 840
297 753
164 1
211 331
2 193
311 491
35 805
448 852
431 428
155 95
271 904
931 604
213 91
847 320
537 118
835 500
1 614
909 826
831 537
846 66
161 209
828 851
503 778
639 361
230 258
44 249
181 390
295 468
988 455
684 295
333 276
92 879
272 645
118 817
917 501
333 436
733 460
885 344
881 188
371 611
763 924
238 209
790 148
574 795
71 322
760 861
761 450
849 782
818 504
374 365
826 866
372 377
662 472
37 399
450 68
362 302
293 477
540 725
528 601
578 801
993 479
436 987
158 684
778 75
370 477
15 427
708 185
61 31
568 229
335 163
160 339
323 554
395 441
173 935
804 588
681 341
61 187
758 906
129 922
322 393
690 347
31 322
884 522
289 385
67 566
793 666
925 120
291 937
620 157
302 987
736 611
343 921
164 610
849 6
804 374
669 131
992 413
124 787
596 781
689 560
-1 -1 -1 -1 -1 2904 60241 52635 -1 -1 -1 -1 -1 -1 -1 -1 -1 -1 -1 -1 -1 -1 -1 -1 -1 -1 -1 -1 23502 22782 18051 -1 -1 -1 -1 -1 -1 -1 -1 -1 -1 -1 -1 46117 -1 -1 36219 -1 -1 -1 -1 -1 -1 -1 -1 -1 -1 -1 -1 -1 51200 -1 -1 -1 -1 -1 -1 -1 -1 -1 -1 -1 4302 -1 -1 -1 25054 -1 -1 -1 -1 -1 -1 -1 54242 -1 -1 -1 -1 -1 -1 60666 -1 -1 55891 -1 -1 -1 -1 -1 28813 -1 -1 -1 -1 -1 -1 -1 -1 21259 17567 -1 -1 -1 -1 -1 -1 -1 8523 -1 19576 37652 -1 -1 -1 -1 -1 -1 -1 -1 -1 -1 -1 -1 -1 -1 -1 -1 33702 -1 -1 -1 -1 11202 64132 16233 55802 -1 -1 -1 -1 -1 -1 -1 8188 -1 -1 -1 -1 -1 -1 -1 55003 -1 -1 -1 -1 4464 25652 -1 -1 -1 -1 -1 31895 40410 -1 64394 -1 -1 56084 -1 -1 -1 -1 -1 -1 -1 40220 -1 -1 -1 37752 9337 38719 -1 53791 -1 12346 -1 39623 -1 22955 -1 -1 -1 11785 -1 -1 -1 61454 -1 -1 -1 -1 -1 -1 14455 -1 -1 26643 12980 6988 -1 -1 -1 -1 -1 -1 40423 -1 41252 65347 -1 -1 3847 -1 -1 46561 -1 -1 -1 -1 65216 -1 -1 -1 -1 -1 -1 2599 25065 -1 -1 -1 -1 -1 -1 -1 -1 -1 -1 -1 -1 -1 -1 -1 -1 -1 -1 -1 51415 -1 -1 28194 -1 -1 -1 44681 -1 -1 45018 -1 -1 35532 -1 -1 -1 -1 -1 -1 -1 -1 -1 -1 -1 -1 -1 -1 -1 -1 12891 19233 59318 -1 -1 -1 -1 55492 -1 -1 -1 -1 -1 -1 -1 -1 -1 -1 -1 -1 -1 5850 -1 -1 -1 -1 -1 -1 164 -1 -1 -1 -1 -1 -1 -1 -1 -1 -1 22578 -1 -1 -1 -1 -1 -1 -1 -1 -1 -1 -1 -1 -1 -1 -1 -1 -1 -1 -1 -1 -1 -1 6449 -1 -1 -1 -1 -1 -1 -1 3358 23834 42359 -1 -1 -1 -1 -1 -1 -1 -1 -1 -1 -1 -1 -1 15046 -1 -1 -1 -1 12935 7364 -1 -1 -1 -1 -1 -1 -1 -1 64473 -1 -1 14660 -1 -1 -1 -1 -1 35477 -1 -1 -1 -1 3997 -1 -1 -1 -1 30073 -1 -1 -1 50228 -1 63413 64873 -1 -1 -1 10620 -1 16293 35885 -1 36100 -1 28827 -1 -1 -1 -1 -1 -1 -1 -1 9475 1630 -1 -1 9416 -1 -1 -1 -1 -1 -1 -1 -1 -1 15888 -1 -1 4255 -1 -1 -1 -1 -1 -1 -1 -1 -1 -1 26351 -1 -1 -1 -1 -1 48547 -1 -1 -1 -1 -1 -1 -1 21218 -1 -1 -1 -1 -1 -1 -1 -1 63351 29708 -1 -1 18678 -1 -1 -1 -1 42021 -1 -1 31866 -1 -1 -1 -1 -1 31006 -1 -1 57910 -1 -1 -1 -1 -1 58731 -1 -1 -1 55542 65115 8988 -1 -1 15919 -1 -1 -1 -1 -1 -1 -1 -1 -1 -1 -1 -1 -1 -1 -1 56421 -1 -1 -1 2648 -1 -1 22596 -1 -1 28440 -1 -1 -1 -1 64498 -1 34271 -1 -1 23034 -1 -1 -1 -1 -1 -1 7640 60495 -1 36884 -1 8437 -1 62879 -1 63630 8101 -1 -1 -1 -1 -1 -1 -1 -1 -1 -1 41697 -1 -1 -1 -1 -1 -1 -1 -1 -1 -1 -1 -1 -1 -1 -1 -1 -1 -1 -1 -1 -1 58423 -1 -1 -1 -1 -1 30875 -1 43600 -1 -1 -1 -1 -1 -1 -1 -1 -1 -1 -1 -1 -1 -1 -1 -1 -1 -1 -1 3078 -1 -1 -1 61926 -1 -1 -1 -1 -1 -1 -1 25254 -1 -1 61362 14572 -1 43241 -1 -1 -1 65435 -1 11665 -1 -1 -1 -1 -1 -1 -1 -1 -1 -1 -1 -1 -1 5464 -1 61382 -1 -1 -1 -1 -1 -1 -1 -1 32194 -1 -1 -1 -1 2244 8668 -1 -1 -1 63990 -1 22182 49366 1926 -1 -1 3429 -1 -1 -1 -1 -1 -1 -1 37913 2351 -1 -1 28597 -1 -1 -1 29856 47568 21304 -1 -1 -1 -1 -1 -1 -1 -1 -1 -1 -1 -1 39741 -1 -1 -1 -1 -1 -1 -1 -1 -1 -1 -1 57717 -1 -1 51816 -1 -1 -1 9931 -1 -1 -1 -1 50580 -1 59248 -1 -1 -1 -1 -1 -1 -1 -1 -1 -1 -1 -1 -1 11371 -1 -1 -1 -1 -1 -1 -1 -1 -1 -1 -1 -1 -1 47009 -1 50268 -1 -1 -1 -1 -1 -1 -1 -1 -1 -1 -1 -1 -1 -1 -1 -1 -1 -1 -1 -1 -1 54490 -1 -1 -1 -1 -1 -1 35997 -1 -1 -1 19895 -1 56915 -1 -1 -1 -1 -1 -1 32775 -1 45998 -1 -1 -1 -1 3750 -1 -1 -1 -1 -1 63172 -1 -1 -1 -1 -1 -1 -1 -1 -1 -1 -1 -1 -1 -1 -1 -1 8998 -1 -1 -1 -1 -1 -1 -1 -1 -1 -1 14706 -1 -1 -1 -1 2414 -1 -1 -1 -1 -1 -1 54062 -1 34117 -1 16526 -1 -1 24557 -1 -1 -1 -1 -1 -1 3525 45056 -1 -1 -1 -1 -1 -1 -1 -1 -1 -1 -1 -1 -1 -1 -1 -1 -1 -1 -1 -1 -1 2883 -1 -1 -1 -1 7392 -1 -1 -1 -1 -1 60749 -1 -1 -1 -1 -1 -1 -1 -1 -1 -1 -1 -1 49810 -1 -1 -1 -1 -1 -1 -1 -1 -1 -1 -1 -1 -1 -1 -1 -1 46896 -1 8041 16897 -1 -1 -1 -1 34952 -1 -1 -1 -1 -1 -1 -1 27072 -1 -1 -1 -1 -1 -1 -1 -1
9
0 346 4 803 11
0 487 2 394 2
1 820 8 970 0
1 700 4 409 9
1 348 2 851 13
1 456 12 682 12
1 846 2 341 13
0 959 14 932 2
1 571 9 365 5
