1000 5000
808 3
865 773
986 513
153 188
157 858
680 850
603 500
780 122
322 70
882 970
378 526
105 745
216 641
296 424
17 803
758 551
904 635
460 421
368 542
818 444
120 88
990 51
719 479
574 942
32 386
247 564
890 273
970 601
189 932
459 66
769 266
302 991
436 316
297 784
135 80
972 658
908 728
806 809
166 328
300 703
840 175
861 387
19 251
165 275
713 36
909 208
738 371
766 436
81 12
108 736
1 722
570 621
293 929
345 365
669 504
798 315
842 305
384 252
810 887
15 169
870 43
490 974
739 773
322 368
71 237
897 739
180 687
452 922
139 401
469 487
486 116
886 375
685 356
761 82
508 681
965 947
683 702
207 478
293 32
783 964
202 546
455 184
84 118
699 335
492 285
767 216
713 385
481 37
446 657
728 477
618 706
398 437
39 900
490 529
443 773
207 599
96 326
283 29
110 105
137 872
251 926
510 660
885 829
564 425
319 415
849 697
307 438
996 53
639 147
163 834
536 784
811 77
849 216
899 511
318 396
901 301
110 477
16 769
713 731
414 101
727 180
365 239
412 324
598 820
921 364
307 511
456 510
658 979
498 446
338 952
636 267
397 867
939 383
48 908
541 653
597 900
49 1
180 395
595 920
711 208
27 865
415 486
866 147
809 505
845 510
586 864
632 270
761 621
234 160
457 561
758 858
426 717
510 916
906 862
38 820
361 970
751 183
168 601
83 508
506 170
897 359
471 614
400 145
697 333
447 39
275 643
341 428
725 822
993 6
932 648
528 389
208 953
716 945
805 359
257 656
905 538
48 966
217 632
637 910
506 601
342 297
467 150
700 805
898 28
962 776
462 427
381 751
807 177
639 795
52 720
175 940
519 489
276 19
556 775
627 240
56 554
148 476
91 606
325 687
730 698
708 828
727 59
211 34
321 235
157 964
612 285
417 829
41 267
768 115
27 35
921 300
81 506
979 450
684 398
924 215
702 350
874 642
684 804
46 441
611 380
218 78
24 374
722 458
273 572
524 941
217 206
306 181
56 656
79 419
464 677
709 802
197 499
354 385
713 56
576 736
593 45
677 86
783 200
494 457
93 126
651 266
782 17
816 249
263 261
978 509
560 404
54 46
944 609
426 792
69 527
990 249
570 873
107 88
575 755
520 670
627 265
702 323
262 767
100 372
452 391
975 416
335 458
378 608
259 977
432 556
470 780
841 179
204 969
969 915
17 687
935 665
315 606
999 225
545 447
291 258
737 537
284 805
634 396
265 217
183 375
630 886
404 873
686 641
330 696
128 636
365 526
701 656
196 65
385 318
487 773
818 828
156 370
869 9
933 76
571 659
14 437
27 147
793 824
156 684
558 288
179 219
733 400
267 537
805 252
697 902
167 361
801 102
805 684
997 612
317 208
706 358
204 902
632 59
50 608
445 806
374 309
817 850
280 314
455 317
124 251
658 114
367 166
18 71
932 156
940 237
665 995
259 707
337 611
856 631
21 998
464 339
372 28
395 59
625 845
758 154
492 347
267 606
837 999
977 788
983 764
480 744
110 776
109 993
809 955
95 12
753 797
470 395
959 935
142 39
841 150
197 171
461 440
85 494
586 191
78 702
924 102
822 112
981 883
323 538
258 873
47 515
922 572
584 980
986 947
847 678
248 398
961 89
476 566
616 446
553 644
578 551
174 684
658 340
983 671
384 399
437 328
664 92
650 345
907 520
472 633
889 391
102 651
149 495
494 535
736 294
63 68
950 838
686 133
310 670
655 249
756 543
346 949
755 751
781 851
212 90
794 92
732 150
836 133
721 364
276 783
535 45
160 340
796 537
315 891
620 57
420 719
898 795
50 42
973 280
614 914
520 180
584 181
343 913
862 284
963 234
955 917
475 461
714 846
293 577
616 487
9 102
521 842
795 657
372 740
474 796
786 62
859 117
503 309
288 512
556 388
600 934
227 296
86 683
524 819
449 441
730 920
877 994
792 889
820 195
135 664
547 2
655 408
65 774
104 809
64 105
289 131
231 427
803 648
958 854
598 105
757 500
574 907
877 372
886 138
65 594
8 360
931 198
804 508
181 457
119 413
504 665
87 127
90 318
311 811
194 359
972 522
314 759
783 605
366 0
74 446
59 222
338 700
657 411
239 434
729 45
427 43
509 656
102 974
760 351
979 883
679 464
900 87
746 8
370 591
104 276
326 450
386 397
140 726
353 643
909 75
832 735
688 269
801 238
96 563
667 515
905 295
909 288
890 151
150 309
841 654
58 299
275 154
568 285
898 525
634 763
699 881
463 707
921 298
712 469
988 407
970 925
641 20
518 902
996 952
437 70
736 5
823 446
710 836
27 279
299 133
274 671
536 399
427 148
513 739
815 275
118 208
54 240
443 20
36 595
948 210
998 654
985 187
154 260
668 512
178 693
194 547
419 762
294 207
429 932
556 815
817 200
504 251
714 425
652 885
916 567
100 697
680 298
8 412
55 133
536 564
644 589
669 312
553 677
694 486
273 316
685 508
588 877
781 479
193 307
663 510
670 566
648 37
421 110
919 496
254 865
212 391
641 78
626 631
803 189
238 387
606 280
767 337
512 7
645 20
403 655
799 750
301 367
986 530
950 504
392 14
179 420
376 694
673 920
931 674
973 256
248 130
470 90
216 102
737 767
269 490
10 47
702 75
854 885
578 262
192 780
682 137
522 58
870 61
320 601
674 905
592 797
315 410
129 157
106 605
607 977
602 526
640 502
687 134
741 673
309 39
297 79
378 984
4 918
946 579
177 340
232 890
278 20
858 934
697 638
911 514
196 375
334 344
269 872
399 222
846 243
843 804
3 782
103 508
677 898
497 227
589 282
830 353
266 987
258 778
734 904
529 770
941 126
748 127
826 310
563 651
365 669
310 795
876 741
465 689
651 13
337 328
915 139
885 651
208 0
316 714
439 283
361 765
273 717
749 354
953 728
619 535
397 898
910 86
203 220
249 71
43 526
71 316
227 725
959 854
91 935
682 83
834 953
809 934
540 687
875 383
770 2
516 562
657 557
513 323
123 944
576 581
317 727
269 517
468 781
664 847
272 264
916 990
443 633
465 726
547 683
885 343
910 986
441 601
416 568
949 487
535 564
351 421
491 7
702 674
317 591
929 462
420 85
547 731
666 583
851 749
28 177
45 744
786 697
11 164
415 279
28 153
4 157
814 286
153 113
896 83
211 686
86 610
900 210
431 362
937 858
815 593
635 415
595 395
515 93
710 198
819 396
472 539
683 73
588 564
2 846
73 267
886 448
938 803
406 954
545 367
295 598
234 939
356 280
913 621
362 223
906 837
399 316
562 651
752 97
329 858
68 394
486 417
419 467
254 177
915 31
72 115
336 521
864 6
212 818
378 137
607 648
985 182
410 247
434 964
72 905
942 89
78 219
233 500
39 23
107 86
749 143
578 512
877 593
89 261
898 522
943 946
200 751
487 846
189 41
79 408
68 707
982 999
828 598
221 415
399 269
910 429
351 648
210 257
797 888
773 852
974 957
640 156
357 709
547 929
765 546
77 533
127 537
205 674
863 424
342 375
24 765
562 900
619 979
132 355
483 746
106 938
99 215
385 958
756 573
879 240
961 155
751 274
523 850
516 412
428 909
701 620
97 367
888 607
637 947
835 710
785 35
514 395
259 676
713 751
151 830
300 559
709 848
709 894
322 706
105 35
951 402
937 722
369 8
574 271
805 890
246 685
552 825
626 124
85 129
111 46
807 621
84 621
327 831
312 462
958 155
774 624
902 307
819 526
756 945
624 688
110 461
468 570
117 394
275 995
749 308
573 176
453 599
379 362
447 978
227 542
308 436
355 77
206 791
123 395
621 815
377 794
251 32
524 689
72 731
979 669
3 24
894 211
185 777
383 588
131 218
272 323
756 194
17 297
352 103
607 570
664 749
487 814
567 449
516 591
320 990
202 29
692 521
830 996
336 866
976 380
657 828
43 581
74 531
304 173
707 496
368 761
726 525
564 830
779 195
722 864
120 795
452 131
33 599
276 873
383 869
691 209
395 125
375 21
201 236
712 235
143 139
257 691
87 476
16 941
84 157
941 436
208 743
177 231
969 665
827 265
677 112
780 883
238 560
672 953
185 623
245 751
295 252
985 987
36 166
806 351
3 538
332 107
299 451
146 676
667 395
439 804
269 307
30 442
640 34
124 230
913 915
996 921
70 199
94 808
549 282
556 243
63 168
863 223
282 206
817 910
808 846
73 152
559 483
877 222
634 514
145 896
303 842
214 896
437 414
663 818
365 315
987 332
560 535
83 665
550 35
912 872
229 305
644 940
582 57
646 939
93 91
335 727
799 76
625 825
929 974
178 471
999 566
502 501
521 393
424 97
877 903
817 182
933 909
277 342
545 573
966 488
191 450
45 135
706 759
976 703
379 743
771 504
389 817
256 11
185 890
601 695
408 468
381 844
623 776
366 114
476 59
548 251
545 890
404 993
932 530
421 371
797 147
518 594
733 242
621 978
334 42
84 943
911 563
720 544
83 735
647 321
969 929
380 836
42 827
875 358
38 664
138 676
282 765
653 93
775 364
588 784
660 459
525 660
245 575
289 234
886 808
680 376
103 798
6 383
56 795
196 686
275 417
562 497
461 137
241 246
272 277
466 49
993 999
220 838
225 367
34 766
187 899
53 619
355 699
535 70
377 197
477 848
60 98
511 821
41 975
343 228
92 886
268 611
348 242
936 383
900 477
956 542
352 275
681 648
454 261
46 951
357 433
784 155
577 823
464 162
128 148
538 476
112 186
400 573
874 70
218 926
95 834
77 912
595 349
859 642
909 816
22 535
190 517
901 423
729 645
825 504
243 479
966 915
534 216
269 640
813 453
346 259
527 489
111 355
182 568
651 478
625 467
514 810
989 264
323 20
756 131
632 647
608 410
100 295
12 826
70 994
169 604
512 615
750 512
876 551
309 262
910 57
310 560
532 950
778 14
71 546
834 935
862 760
589 451
79 783
118 258
481 487
34 298
482 621
63 48
283 836
219 344
495 926
170 677
500 217
769 794
547 386
823 426
949 554
328 104
261 460
529 396
578 918
568 255
595 658
714 520
506 444
952 567
140 848
124 412
826 313
546 250
498 924
851 754
859 837
407 649
835 446
609 327
217 803
178 401
138 277
239 698
192 543
699 382
836 130
433 932
413 778
185 511
118 532
667 688
416 401
806 112
508 494
580 262
736 38
653 369
609 45
452 804
867 184
902 744
743 79
764 257
438 806
816 969
511 3
73 346
870 240
133 989
0 870
124 557
751 789
28 813
26 555
141 880
25 21
847 534
666 295
582 72
311 299
894 797
222 470
655 487
224 214
608 868
959 905
697 266
660 645
942 460
939 898
605 758
808 889
473 812
351 274
195 415
654 757
671 213
195 736
742 831
751 861
67 336
468 939
808 974
172 82
955 62
253 894
761 734
692 906
133 978
997 551
924 566
232 933
942 834
267 931
358 531
916 924
403 644
558 668
587 976
174 67
112 588
856 311
123 936
451 386
777 242
230 246
678 833
795 954
721 932
275 789
840 937
697 453
594 577
280 404
432 939
680 684
901 104
211 400
550 611
644 679
887 631
538 514
110 911
955 987
299 193
70 172
524 939
939 477
733 239
527 228
251 551
165 229
568 765
337 986
658 799
138 311
270 754
190 225
916 818
941 884
581 875
453 152
619 740
5 362
866 913
718 315
994 503
413 756
206 288
125 666
755 798
79 440
675 502
326 533
115 817
732 95
428 260
33 886
668 773
827 647
54 495
46 296
841 343
21 553
173 80
665 912
749 680
521 234
914 221
785 884
750 365
97 150
849 67
204 175
963 82
301 346
454 866
511 714
544 337
287 592
810 476
990 185
61 762
739 908
312 293
897 202
302 154
50 443
783 375
245 147
30 42
519 946
350 612
742 523
398 97
754 707
701 833
471 292
501 844
241 212
686 289
979 806
816 167
382 224
326 426
796 48
974 92
613 1
223 118
248 346
152 301
87 672
935 54
455 447
31 758
367 926
29 351
752 136
755 200
797 566
940 253
843 292
887 557
520 740
624 572
327 515
81 589
34 318
48 425
716 199
303 480
0 494
473 463
595 884
916 795
141 576
730 419
886 70
732 967
574 308
943 395
138 409
675 12
249 587
567 965
776 307
594 149
595 319
144 52
345 311
58 680
866 805
744 818
456 198
118 870
295 117
437 220
448 601
257 745
288 935
187 874
844 279
436 502
952 135
835 779
516 212
903 857
406 329
453 670
937 34
722 279
973 313
60 704
100 899
423 331
107 518
949 78
930 882
146 303
67 794
49 552
728 149
601 837
68 527
175 344
853 20
522 276
293 492
181 699
453 561
933 196
128 259
402 836
639 786
163 518
820 139
244 453
704 716
343 73
844 739
18 993
936 743
690 853
609 801
678 869
661 111
500 785
397 999
23 126
49 604
602 816
19 84
51 582
595 694
341 759
872 754
697 575
548 353
260 408
669 303
237 209
286 662
804 565
994 63
788 598
457 489
408 126
536 542
456 546
958 744
931 660
362 401
581 180
822 627
199 272
16 320
658 441
971 854
664 657
421 200
695 599
31 819
267 871
777 63
620 584
407 445
579 13
734 181
551 898
815 471
150 164
918 889
912 187
795 912
994 220
928 401
748 803
254 305
219 568
270 12
336 274
962 9
883 696
328 634
98 423
269 686
646 28
996 455
294 995
392 628
191 914
627 611
939 856
804 902
620 205
526 387
776 503
860 769
483 580
706 976
754 532
68 35
984 644
56 617
914 828
716 253
744 938
424 128
890 900
240 694
681 793
932 297
910 814
675 434
870 631
815 413
739 304
878 703
267 165
365 110
192 136
387 980
117 338
755 180
215 715
196 719
963 391
873 339
492 124
63 687
475 482
52 936
371 847
994 211
125 768
720 58
904 29
310 598
432 871
902 3
103 771
337 990
482 25
948 258
357 288
125 5
187 511
814 709
369 274
836 669
808 452
525 124
738 387
625 441
224 392
500 281
52 639
436 532
881 639
124 20
358 284
809 630
171 977
597 752
155 241
655 51
742 733
444 877
79 484
606 966
308 319
146 464
229 902
834 121
858 504
540 272
882 748
950 651
397 12
145 311
473 910
753 761
222 956
870 17
567 702
272 31
54 473
512 411
682 552
548 17
730 70
501 984
919 32
965 437
270 600
567 518
749 823
785 945
249 934
972 194
897 820
762 683
791 39
667 167
933 975
649 570
610 932
399 518
746 914
488 882
157 854
898 697
334 10
12 977
744 762
774 855
860 25
64 10
549 474
484 379
10 274
307 562
209 194
202 447
508 621
347 994
630 501
743 222
446 333
425 687
249 176
238 659
868 57
250 421
577 346
516 537
397 960
265 519
202 198
683 978
283 144
141 266
73 2
617 422
571 206
466 603
209 73
903 429
497 364
382 420
13 557
696 143
53 913
663 987
767 196
281 562
216 608
326 634
391 682
406 773
45 777
483 167
264 486
982 424
803 631
651 999
939 501
602 71
348 308
859 291
922 712
334 281
528 495
570 11
916 877
326 686
984 436
932 792
361 443
190 751
369 372
857 248
646 975
247 32
884 105
334 850
353 631
598 346
623 718
520 201
419 370
196 792
450 925
989 621
862 559
289 388
675 608
761 45
77 832
744 774
894 594
126 826
693 867
718 338
24 993
86 879
276 452
662 521
626 310
452 566
196 853
868 857
245 7
867 234
660 700
39 985
440 218
915 976
505 243
179 953
534 711
401 102
840 148
997 296
55 733
68 402
58 95
886 575
656 611
833 66
928 924
938 315
105 60
918 652
72 740
518 434
840 772
39 264
539 179
881 777
407 252
36 353
346 329
282 810
559 182
358 413
17 179
203 285
336 413
302 29
990 65
943 732
682 809
520 981
927 463
557 838
917 326
93 296
116 152
365 699
591 14
84 432
789 792
678 849
226 524
730 22
404 484
454 961
637 712
36 423
610 28
688 120
626 989
226 845
256 713
435 72
786 111
185 910
839 952
345 658
806 989
369 222
219 8
571 365
535 306
115 77
136 742
244 791
947 982
441 591
30 858
307 275
217 670
51 486
36 848
814 975
442 789
68 456
362 980
17 500
459 265
817 735
284 341
727 689
266 642
980 590
204 498
619 651
125 193
764 927
547 897
767 26
448 614
427 109
748 148
309 452
197 890
702 56
267 173
748 228
383 622
469 577
724 604
106 710
478 756
366 738
622 158
916 346
193 117
885 554
908 17
263 658
377 6
841 789
631 951
259 509
269 198
225 487
57 220
861 241
88 628
770 564
48 153
383 555
776 589
693 792
306 235
17 877
763 322
320 46
862 144
112 203
494 858
676 338
280 743
988 770
364 584
513 188
146 369
141 689
634 214
833 256
238 73
702 372
792 52
785 249
679 162
50 419
860 608
760 788
920 30
45 712
91 172
314 172
883 558
244 985
861 994
57 779
89 924
873 105
320 489
593 372
639 885
869 5
3 356
506 293
594 325
615 472
56 763
679 29
1 668
233 51
253 543
264 95
811 900
321 639
636 650
532 67
133 710
603 237
125 116
995 248
972 66
569 571
16 123
919 737
77 836
255 486
811 789
640 529
909 863
552 66
697 274
920 653
293 671
616 910
757 181
576 632
661 727
268 404
76 200
697 877
951 90
164 116
492 210
953 962
795 242
68 420
654 461
443 967
525 18
902 999
929 849
697 60
430 732
604 602
505 509
200 198
82 171
96 204
487 496
534 964
394 140
805 139
439 132
933 458
641 405
664 764
110 335
574 812
889 432
535 681
237 236
445 792
202 465
707 748
532 828
742 643
268 405
593 603
807 372
615 473
562 571
103 960
95 913
108 640
358 153
222 296
667 739
17 140
531 436
580 432
530 225
721 630
258 668
485 559
365 414
890 764
764 48
729 8
330 419
830 432
632 566
983 607
30 656
256 478
425 401
94 161
618 349
388 395
878 309
551 184
473 499
909 187
490 34
542 367
819 141
297 860
925 924
578 10
733 586
996 189
805 342
229 489
756 306
48 298
123 129
105 636
628 800
622 146
138 420
922 627
306 749
27 552
438 618
480 470
137 19
213 275
473 593
14 484
289 756
358 378
370 359
270 989
428 314
71 809
553 839
751 371
149 361
291 374
860 104
639 923
664 189
567 709
603 544
832 95
789 894
461 564
256 588
616 578
982 47
557 148
272 566
995 518
169 632
73 159
42 655
328 261
880 906
708 899
508 107
184 539
180 525
30 208
940 283
6 205
562 563
654 307
278 243
354 996
683 549
262 855
665 827
523 107
251 874
834 478
764 982
547 535
815 21
724 948
948 102
981 181
219 745
823 103
257 394
63 780
835 646
367 851
895 720
530 334
761 383
917 95
477 85
647 46
220 983
413 557
523 6
267 901
262 635
224 981
634 38
616 272
896 592
708 655
525 464
994 156
686 105
785 658
568 668
237 762
649 423
221 567
657 383
814 817
548 842
547 398
304 929
650 703
747 27
571 581
866 612
715 976
187 640
618 895
750 283
18 506
771 750
750 316
941 92
244 182
56 36
960 173
94 786
751 385
748 599
117 456
32 889
536 181
93 363
252 321
20 389
410 616
763 272
481 713
857 410
66 336
785 560
987 802
428 295
593 444
245 982
844 944
901 368
378 855
737 679
194 406
95 788
530 641
561 888
606 505
790 903
443 787
920 356
945 350
436 474
316 756
61 51
543 852
605 110
250 41
277 472
657 726
513 535
467 671
832 214
984 294
479 475
992 132
280 600
882 294
971 383
91 364
875 130
692 859
320 576
857 974
600 334
827 586
814 947
410 342
58 306
368 826
715 285
517 859
250 823
229 2
297 512
705 855
812 313
883 604
925 889
99 144
5 669
305 61
970 734
43 930
799 411
787 43
584 401
910 389
840 673
149 902
631 565
69 79
803 473
301 717
9 237
417 876
851 29
768 524
616 839
482 807
347 654
132 160
773 581
930 220
109 269
473 598
499 604
579 355
281 6
134 383
577 647
587 853
529 839
962 361
236 796
473 547
51 955
147 922
392 575
234 639
33 791
92 912
904 403
646 806
203 664
617 282
655 458
667 197
463 22
572 796
155 486
251 745
406 496
103 797
238 818
724 883
202 268
327 654
776 630
0 481
34 238
813 797
371 366
273 385
70 167
579 519
451 683
55 172
221 818
219 488
787 612
799 356
253 465
644 405
840 933
537 96
983 455
666 603
192 673
413 800
213 365
129 942
954 831
691 184
847 672
344 775
992 499
668 835
294 925
298 988
911 805
505 945
893 13
39 315
305 848
165 335
230 747
725 71
243 612
459 169
521 344
986 724
955 85
82 298
946 499
797 734
181 314
248 390
988 903
550 22
677 84
290 894
704 7
366 537
613 54
213 826
403 270
915 113
937 191
109 423
692 650
225 678
987 879
945 310
120 687
720 951
300 573
927 182
466 676
318 726
158 483
366 487
479 339
817 560
136 710
700 930
868 756
395 653
528 242
627 386
443 195
408 756
398 506
927 972
523 866
190 285
491 377
955 777
705 784
409 555
22 432
914 876
270 692
789 273
934 17
909 98
436 371
541 20
659 404
360 555
421 422
126 708
869 671
786 539
555 941
114 466
416 468
717 859
915 377
782 610
182 976
523 248
475 733
249 419
614 354
430 522
425 799
998 408
417 478
114 638
36 614
525 521
875 910
980 340
864 498
189 764
616 261
57 597
983 937
295 834
758 836
178 502
166 772
700 704
397 309
588 372
454 295
559 999
278 856
831 56
580 632
49 409
552 410
955 205
871 214
993 292
51 126
33 456
447 866
822 839
101 920
93 950
771 803
865 260
626 889
244 617
971 170
683 910
9 543
207 965
739 69
377 195
263 558
983 962
938 604
678 379
590 934
2 429
136 452
555 889
952 345
386 454
556 561
838 194
508 674
905 207
185 764
949 60
584 31
514 915
523 845
929 767
21 699
331 778
26 544
641 226
664 30
276 31
561 907
639 728
631 741
837 407
143 728
989 687
182 740
480 784
670 826
197 848
79 254
846 534
921 718
558 492
180 280
241 833
973 677
738 372
845 152
411 557
567 120
24 99
329 52
441 614
441 523
303 631
385 478
64 770
30 508
104 754
912 829
367 729
419 112
459 78
237 951
653 113
828 557
708 268
743 681
512 13
101 530
249 221
584 93
203 803
172 162
710 938
177 833
863 95
944 521
133 653
710 792
139 51
388 693
927 19
244 104
821 914
355 866
930 736
515 293
969 797
309 950
9 551
494 830
216 210
123 989
89 372
466 511
58 51
674 856
30 46
95 676
677 607
347 560
382 32
850 681
685 164
331 992
912 170
775 935
605 884
885 32
704 769
460 78
857 202
732 177
512 653
41 764
276 860
573 854
942 769
417 635
479 4
968 790
349 451
348 906
543 884
735 384
734 102
778 156
751 304
859 984
417 665
643 573
267 552
126 189
539 477
421 102
735 903
855 600
526 612
789 926
233 953
243 385
711 120
25 576
15 939
102 567
798 107
156 957
744 573
27 134
607 620
392 722
169 2
113 579
560 611
849 833
465 197
162 199
297 758
966 274
243 380
996 122
530 617
399 934
376 676
479 851
793 825
996 738
590 66
543 625
400 109
183 683
632 459
553 145
569 636
432 640
92 946
613 441
776 887
947 881
231 435
889 605
2 380
69 933
727 191
324 800
707 410
160 676
193 575
227 165
128 104
856 399
258 991
956 946
225 103
461 785
780 803
317 286
725 248
892 9
647 176
90 739
518 255
677 432
676 469
451 474
667 228
528 804
52 867
314 344
953 586
969 709
209 129
619 672
937 992
881 241
48 148
738 146
526 115
969 783
678 708
630 272
443 445
841 984
16 513
998 212
984 368
508 950
889 305
92 491
932 545
434 149
647 285
126 196
294 505
176 480
124 374
351 934
628 396
994 423
430 575
108 258
807 400
935 667
11 979
43 464
37 827
276 332
512 0
499 683
935 725
902 740
651 70
140 728
167 456
849 918
638 132
585 377
386 45
599 43
557 49
246 451
489 599
716 1
14 754
499 22
279 752
398 897
407 39
428 919
571 37
338 318
228 783
172 663
279 38
411 994
167 418
547 441
353 926
871 317
696 98
573 371
991 685
402 626
340 603
20 941
253 776
737 366
157 76
751 118
617 720
349 141
808 185
454 873
721 865
994 346
500 862
758 167
32 342
181 941
336 996
703 92
690 342
402 132
106 422
8 690
461 818
139 726
979 672
241 409
516 191
361 591
555 503
873 231
251 71
830 456
853 433
119 376
930 922
243 857
808 41
645 73
315 85
477 455
251 890
25 939
16 264
285 507
468 392
219 515
368 155
647 927
724 609
284 786
27 233
303 629
178 75
970 269
811 287
890 726
653 963
26 346
593 934
608 164
962 250
499 478
725 834
123 362
485 964
50 354
161 897
331 888
831 378
735 613
152 229
785 723
552 406
90 255
954 707
927 46
961 323
853 359
958 421
408 825
185 366
763 414
86 321
992 853
443 834
695 844
184 322
435 787
217 934
693 16
993 182
13 195
451 340
559 297
236 772
414 882
486 310
190 379
777 183
206 283
730 47
785 57
541 925
131 134
412 86
701 100
655 221
196 101
88 237
886 489
505 902
961 494
117 739
724 270
69 719
576 508
124 135
579 462
730 454
908 565
82 687
842 318
351 868
920 640
558 476
600 371
721 4
90 919
946 972
886 508
377 564
810 917
751 428
602 188
870 249
353 373
790 719
75 543
950 823
135 615
444 761
843 284
713 429
453 464
979 378
582 380
968 43
165 701
515 850
122 164
221 695
310 250
690 90
200 478
645 270
593 617
206 807
390 384
821 663
709 566
22 157
633 141
528 293
566 88
528 194
84 240
710 812
962 35
427 746
457 796
0 281
602 909
601 248
980 473
949 272
154 527
102 662
136 388
538 980
781 878
214 113
543 434
361 77
792 865
856 165
935 201
116 939
216 244
887 235
842 850
154 539
6 269
309 90
678 575
572 899
500 771
239 968
359 45
515 198
679 98
508 921
51 440
515 281
943 303
379 869
982 301
466 631
343 778
181 355
448 619
454 740
687 901
184 36
934 349
956 244
446 697
972 415
987 798
745 927
465 459
145 765
52 12
102 18
952 698
557 780
607 593
801 787
491 288
20 689
299 607
962 395
106 864
631 863
724 894
883 437
249 770
520 780
795 39
484 985
477 589
931 188
414 296
838 267
937 991
367 295
413 875
872 560
59 412
155 51
193 658
940 93
776 603
497 23
821 363
534 723
148 845
548 650
863 874
675 336
239 202
515 704
699 677
304 420
554 890
706 904
678 415
257 596
128 317
22 103
459 537
224 216
730 965
329 868
768 432
375 765
527 579
961 251
561 528
403 190
90 616
680 111
324 417
710 676
781 609
42 822
887 312
742 540
718 156
1 525
80 7
720 827
215 648
733 75
901 229
882 316
117 154
371 46
145 208
455 387
472 883
897 753
541 797
492 993
875 730
591 525
673 137
203 310
357 770
334 512
126 29
723 295
823 745
595 849
896 725
338 740
631 256
795 18
365 729
488 94
992 218
410 926
290 304
526 543
934 311
37 366
242 137
909 442
517 239
333 662
833 633
543 506
85 431
679 832
659 559
217 412
876 447
328 678
363 12
965 202
373 327
531 614
609 551
273 778
244 331
91 23
941 571
268 106
293 683
330 982
886 649
11 133
250 264
478 64
498 526
233 201
62 716
623 713
135 999
211 146
262 753
386 806
497 108
455 208
78 76
32 695
99 146
683 313
958 44
553 937
27 935
263 490
166 411
90 686
774 154
267 924
273 220
933 132
192 380
878 535
907 255
602 936
94 561
102 800
204 331
197 656
265 420
574 56
876 269
345 122
618 939
569 439
379 547
283 353
131 174
827 51
232 746
427 640
911 342
727 670
199 611
779 249
688 712
194 180
831 809
122 452
380 718
949 843
247 777
479 283
470 144
298 769
541 386
920 1
625 68
434 798
824 745
384 533
148 144
468 720
949 422
714 349
762 293
39 90
861 75
364 459
949 939
115 808
290 774
794 414
243 494
888 84
807 305
994 694
500 943
403 238
626 510
400 934
622 364
191 398
717 469
551 761
946 927
277 253
350 820
230 44
405 752
725 610
156 725
304 270
884 508
818 544
437 508
134 696
757 923
633 335
919 309
875 908
984 673
831 764
477 527
886 852
562 750
255 438
675 864
770 539
711 666
292 602
681 705
158 89
827 202
792 605
729 199
35 901
446 917
810 878
387 901
652 387
464 506
711 623
836 2
837 929
689 258
432 752
16 385
783 237
505 763
488 749
905 495
346 137
962 879
801 219
332 781
525 877
120 278
70 816
200 739
341 268
654 578
163 447
494 232
504 886
518 175
977 605
220 288
778 90
248 373
988 106
429 439
538 667
550 417
816 878
637 268
288 995
464 13
208 153
232 148
87 632
646 595
466 150
745 516
392 630
651 539
897 769
704 197
934 855
973 955
310 213
214 928
909 471
303 492
634 294
270 460
838 503
688 354
71 265
324 700
862 804
752 586
137 599
753 377
841 422
77 335
776 736
284 848
624 871
281 215
670 457
604 935
748 870
4 748
928 177
319 455
323 697
182 686
140 735
893 2
395 988
410 10
721 550
843 589
876 508
321 205
116 404
940 20
405 135
136 112
495 974
438 304
790 328
616 353
274 937
692 237
955 993
30 363
848 944
654 672
515 360
416 14
502 445
340 87
583 675
956 284
228 232
371 373
153 607
668 93
508 46
760 163
810 674
649 89
96 569
445 515
75 429
194 38
742 412
785 17
552 504
856 148
764 774
746 24
461 161
693 0
158 21
751 33
595 831
387 771
258 993
222 710
315 799
39 392
235 767
906 304
106 594
520 903
216 121
257 907
111 219
199 147
284 618
544 599
454 754
262 904
158 218
453 42
167 610
248 678
282 501
31 233
234 433
968 749
744 761
477 37
216 421
836 813
706 411
741 151
584 821
230 721
284 954
673 341
684 56
299 165
927 456
312 524
149 583
190 890
843 90
195 577
978 22
67 366
985 494
382 581
98 57
999 305
61 911
775 43
886 242
259 226
510 29
524 680
343 55
918 250
283 861
825 570
590 411
734 78
89 917
972 701
852 255
96 836
980 214
447 224
278 778
997 818
460 262
422 954
991 13
225 293
102 29
677 637
431 989
63 418
6 515
636 306
375 15
641 911
380 86
326 257
194 5
810 191
296 878
95 119
493 394
926 243
827 506
565 300
679 478
461 195
339 447
985 101
596 94
713 459
367 855
328 484
437 964
683 249
574 450
75 413
88 94
533 200
501 534
771 540
113 501
577 724
672 902
693 696
857 143
797 154
979 993
357 425
343 187
87 824
243 865
933 795
318 975
573 482
860 811
325 146
326 472
501 137
650 302
811 501
105 956
760 308
311 794
903 87
491 415
966 954
600 85
110 313
424 678
261 628
678 37
786 302
341 303
294 320
782 443
376 985
719 761
468 435
863 217
542 158
872 708
53 119
808 338
941 620
686 711
274 595
195 222
441 924
823 713
70 194
119 819
132 221
657 973
95 916
954 951
492 467
602 58
483 297
36 566
849 984
88 760
164 260
833 947
418 783
814 441
496 375
174 99
240 414
76 274
107 919
57 401
483 86
767 877
579 230
192 736
93 592
843 63
332 764
898 318
264 563
96 845
65 601
108 919
392 642
677 691
504 989
768 99
873 736
599 260
305 327
662 326
717 237
443 900
517 37
220 128
82 249
444 884
392 648
192 516
210 435
203 868
267 778
761 529
337 205
958 774
906 78
307 216
442 514
694 57
373 566
354 479
482 778
259 787
612 36
572 292
89 350
580 4
820 633
306 126
906 579
758 588
691 813
367 616
966 653
369 573
782 284
196 897
862 251
4 850
60 976
386 434
918 244
169 205
678 610
847 827
1 228
984 244
418 438
385 246
605 485
304 223
229 840
993 263
438 820
340 479
344 861
256 494
60 540
637 450
676 535
26 116
706 906
614 351
526 611
692 618
464 141
341 304
839 794
843 951
229 531
174 359
984 482
456 770
665 173
587 806
126 647
503 946
728 616
512 767
825 280
591 144
95 719
581 270
253 168
669 406
146 654
287 704
465 807
434 315
383 986
157 748
192 111
218 975
19 374
178 436
357 735
512 568
644 993
641 358
669 790
250 14
361 782
195 465
756 40
105 416
167 770
322 561
224 879
140 969
241 106
623 829
311 946
506 183
690 704
386 865
811 565
353 85
676 10
17 47
125 925
392 152
592 453
219 487
357 198
1 688
885 239
339 780
44 121
663 967
813 287
692 903
730 905
359 896
514 545
530 496
881 236
183 934
274 366
615 842
772 730
967 327
510 882
233 161
209 235
760 558
578 504
27 242
977 444
850 479
519 585
412 450
806 259
348 515
630 472
861 918
408 721
46 773
65 697
542 989
868 21
138 773
311 632
829 632
4 172
698 262
349 32
767 899
860 917
722 935
708 660
649 394
555 309
297 235
919 99
214 680
972 274
589 67
758 85
359 425
981 669
836 460
460 390
567 586
146 873
761 539
258 833
279 876
927 51
720 759
12 945
743 737
537 139
717 691
882 166
701 626
363 226
996 531
670 279
652 588
186 811
733 866
209 956
260 770
847 818
172 905
438 926
243 622
172 401
119 100
869 336
156 752
3 54
902 755
948 620
955 957
774 506
445 104
157 920
785 964
249 29
925 493
142 559
42 297
156 675
244 608
623 907
129 737
943 154
954 134
942 365
776 504
18 663
434 590
2 234
316 715
316 205
226 349
712 20
431 948
533 403
644 930
958 557
184 516
678 527
527 229
833 561
372 617
672 155
769 150
614 162
355 91
618 224
834 973
530 508
280 479
693 267
373 699
667 898
130 229
287 183
431 955
355 143
978 479
818 340
309 21
245 911
583 658
113 274
763 352
147 506
354 121
913 313
837 245
454 68
595 351
311 228
903 513
680 766
269 21
349 589
86 68
843 760
109 247
858 505
723 643
252 914
520 340
391 917
413 717
799 501
705 533
965 324
157 754
992 948
149 539
570 917
128 924
696 718
238 355
162 628
763 111
555 664
603 465
413 280
134 291
116 860
842 175
417 797
803 396
952 454
312 520
707 255
803 332
103 952
680 762
425 169
735 356
884 86
554 725
837 87
100 865
525 852
718 647
458 763
823 959
93 423
959 790
31 586
456 359
349 686
768 542
61 987
165 676
867 984
868 921
367 447
632 416
182 844
117 582
299 849
629 834
997 343
55 949
970 657
220 999
531 328
168 438
597 285
62 735
412 284
402 413
422 317
980 237
318 917
65 303
354 131
197 945
303 652
743 449
127 913
370 792
829 799
848 986
392 209
256 498
770 551
634 628
268 682
539 8
831 489
260 12
287 933
575 669
621 630
223 747
490 799
534 435
171 763
633 240
850 662
122 855
475 834
446 60
627 164
482 869
184 498
935 42
244 419
437 732
434 123
962 903
794 729
207 507
159 896
322 404
621 861
672 295
28 60
980 801
983 730
303 382
619 263
934 896
360 182
112 256
71 780
651 419
872 346
797 223
325 601
306 552
772 428
233 497
768 574
996 109
516 549
926 953
151 79
518 138
199 283
998 150
746 260
798 924
376 517
738 769
830 801
248 451
677 100
468 661
383 854
695 155
325 394
747 739
38 104
140 465
597 360
19 138
451 403
82 459
421 748
755 617
895 714
276 279
938 445
306 497
348 288
311 779
397 98
213 434
592 335
395 440
480 946
510 464
379 658
740 746
806 783
884 786
63 59
310 199
433 124
588 946
898 892
170 526
989 195
407 193
268 973
202 508
916 668
657 753
569 180
945 689
233 164
483 298
588 449
772 296
269 87
755 970
749 559
260 877
168 487
23 108
270 298
450 875
663 381
594 797
614 14
156 913
480 53
421 774
619 873
580 281
283 629
223 273
891 821
978 843
483 760
400 62
25 841
974 331
376 900
715 137
758 327
237 503
252 596
403 615
686 49
719 558
376 323
736 285
769 582
363 857
373 733
547 880
106 748
675 435
302 387
645 777
509 329
582 418
743 628
858 420
808 37
671 448
263 375
875 427
975 130
442 534
354 292
367 403
369 269
175 849
911 587
36 801
104 361
819 63
5 515
694 394
353 362
514 58
838 109
29 341
543 620
862 884
683 519
177 56
963 655
16 857
230 314
380 469
179 414
117 28
134 502
514 479
255 322
262 452
517 324
203 342
34 647
923 230
496 315
53 198
638 461
654 433
14 750
567 578
437 868
91 112
134 484
492 728
273 645
499 724
846 346
115 247
394 297
171 795
403 923
201 564
777 849
647 284
853 634
319 924
592 110
210 339
917 899
144 570
650 4
835 694
867 231
872 382
28 406
833 176
527 555
732 973
677 286
269 493
309 514
660 148
118 944
230 100
335 188
539 597
564 870
796 738
96 906
294 354
592 153
18 274
642 982
475 600
251 25
200 37
288 716
94 681
124 306
623 401
546 327
451 333
514 996
667 942
595 830
505 435
421 646
749 589
266 372
980 326
654 424
18 482
568 124
179 10
13 538
185 653
549 129
285 393
487 249
730 150
826 685
247 786
263 416
559 943
558 554
918 678
888 542
537 573
351 738
762 206
411 833
99 622
129 550
611 517
317 664
869 215
963 183
137 303
808 916
814 485
507 244
617 329
795 836
926 256
669 139
869 284
219 533
707 985
8 683
748 305
26 504
808 689
877 743
779 460
506 393
985 546
359 457
571 128
439 507
196 112
402 523
116 880
915 901
769 124
932 900
892 191
768 908
218 12
242 924
201 802
856 474
447 291
287 418
323 178
793 960
690 83
218 358
912 761
291 285
676 150
100 585
955 160
513 820
860 585
638 892
421 262
388 524
254 663
410 212
277 197
618 480
818 290
689 64
587 982
762 198
35 248
89 935
513 863
14 506
336 693
673 917
557 699
748 306
177 563
144 846
311 190
848 915
983 240
980 499
734 51
977 128
497 373
957 592
934 116
787 23
521 651
335 598
66 633
824 121
515 431
498 527
426 692
78 986
466 362
293 49
320 266
375 802
729 700
249 971
409 99
104 990
544 87
791 385
301 25
560 23
995 921
490 294
570 992
987 120
175 568
807 113
137 559
926 69
252 109
352 514
481 297
385 285
302 70
523 306
327 40
670 671
68 150
296 958
220 834
814 302
478 739
933 910
79 132
255 376
775 772
532 435
412 557
697 473
466 214
653 896
33 759
728 789
90 613
877 641
970 311
296 350
694 727
102 676
629 757
15 570
198 467
494 689
169 113
130 910
609 96
461 677
655 872
979 302
305 651
795 199
219 959
751 25
320 503
257 752
889 2
708 93
192 525
933 624
704 229
428 637
148 884
549 105
701 281
600 394
323 248
638 834
566 341
242 128
169 685
152 7
907 563
448 196
942 514
997 827
379 403
439 541
417 879
880 367
684 935
788 369
720 416
372 117
696 164
70 354
841 578
778 698
634 59
832 903
576 493
47 62
719 857
152 883
767 761
546 797
473 718
788 328
265 569
329 192
495 866
634 107
328 369
0 427
735 309
242 71
888 162
471 234
257 875
63 81
844 890
243 841
377 411
821 116
938 328
138 330
248 215
792 629
819 945
59 418
351 400
886 171
183 753
638 543
207 562
914 531
216 447
588 786
86 183
340 894
572 530
639 814
441 76
729 788
614 80
498 274
80 24
87 896
718 295
158 321
382 376
534 808
165 194
710 699
638 325
771 396
982 350
585 798
502 774
746 698
13 350
300 264
23 892
193 521
532 48
701 653
975 882
498 849
953 284
903 350
488 529
16 464
542 702
365 436
143 429
163 827
935 65
790 984
817 740
917 675
398 222
269 685
934 335
170 576
90 297
373 274
739 93
452 578
250 971
653 307
820 991
436 534
37 760
836 195
666 550
56 146
390 912
12 407
657 945
525 596
296 821
269 146
432 306
332 298
948 271
457 657
264 309
869 204
238 993
810 501
610 75
806 49
885 471
664 209
278 6
356 308
945 935
204 865
633 279
664 853
85 252
454 607
31 789
754 898
842 101
739 863
490 447
786 707
591 179
928 633
758 577
587 99
538 383
413 966
818 64
247 632
80 569
429 670
635 164
309 280
367 189
82 528
982 992
604 286
289 916
34 58
612 915
283 20
403 484
594 900
111 166
203 421
110 697
416 682
731 207
491 392
565 734
16 576
427 639
268 1
483 331
385 792
345 183
658 41
939 30
452 303
118 669
136 186
998 467
806 135
971 823
404 572
40 820
696 498
974 306
745 221
342 781
495 84
626 974
87 70
7 747
938 616
673 742
82 670
894 913
377 732
786 274
701 705
873 708
391 993
165 909
448 873
648 570
390 609
616 111
220 943
340 184
798 380
592 223
107 292
260 934
905 19
433 342
791 280
843 863
875 941
445 376
167 457
857 183
779 642
364 368
374 730
857 187
908 226
884 919
72 797
851 140
936 375
868 927
318 352
233 576
400 234
614 51
480 623
837 317
259 251
595 757
1 946
175 284
574 171
850 975
882 590
81 43
719 118
492 174
534 271
497 620
558 825
738 28
64 640
927 42
923 373
731 952
157 886
526 429
784 483
213 798
485 866
560 390
943 424
165 945
172 966
541 895
898 949
6 931
563 52
434 492
959 781
237 268
185 483
535 176
332 32
745 49
573 919
474 336
39 178
549 430
813 705
382 472
919 429
498 997
531 248
611 618
488 495
581 255
178 547
243 19
258 800
385 411
406 136
369 499
423 879
397 190
424 838
636 520
772 53
281 514
105 269
425 657
191 569
333 773
382 887
924 223
189 852
308 638
463 830
997 491
492 990
931 147
919 844
616 365
197 869
210 840
622 264
224 927
563 711
135 249
990 942
283 429
431 698
952 25
436 722
406 118
32 819
963 383
769 625
582 892
47 77
302 337
2 739
207 205
31 445
234 679
626 751
676 328
743 159
940 12
293 328
947 860
931 505
747 586
933 463
131 69
862 728
100 729
336 935
280 316
238 147
564 290
209 303
135 541
218 911
513 364
233 41
927 0
771 148
261 670
363 516
858 913
950 592
48 963
822 90
259 824
579 618
376 507
921 716
579 498
424 158
137 976
432 509
1 614
860 213
729 990
376 474
360 252
558 832
845 687
331 780
725 43
481 300
585 666
901 557
681 207
943 659
996 425
536 59
839 356
483 864
541 235
235 751
860 722
265 324
435 681
108 831
345 184
383 865
281 68
320 432
978 120
744 659
263 377
108 5
412 912
211 592
166 29
732 122
482 969
36 47
311 174
601 433
195 555
224 701
489 565
573 664
532 419
181 554
327 197
915 692
474 161
945 61
572 841
949 620
198 382
858 529
964 642
713 78
676 829
128 870
162 75
498 110
634 142
379 349
378 918
884 114
312 978
632 485
589 953
685 453
481 402
244 483
221 172
530 927
295 804
339 440
791 222
730 295
644 47
25 698
444 422
210 762
345 995
974 673
511 578
321 418
766 865
324 872
497 797
991 467
531 871
361 37
619 248
600 574
642 786
327 854
727 457
357 173
142 59
697 497
574 839
263 912
277 100
705 930
700 392
875 905
61 469
313 689
602 726
586 641
948 848
752 625
699 43
324 108
159 197
158 127
525 233
232 404
666 987
65 115
845 93
27 721
944 347
724 619
477 555
565 630
416 310
658 322
599 211
263 588
392 406
536 369
273 856
132 420
600 955
93 214
468 545
629 65
5 667
38 595
861 45
844 430
376 566
297 325
674 809
119 74
713 203
377 716
435 359
491 838
438 787
657 485
387 728
31 949
775 830
31 650
959 721
771 970
720 586
214 202
978 892
549 64
102 775
196 279
758 45
205 757
263 592
646 671
712 443
810 1
292 549
884 23
258 472
396 111
314 529
51 434
291 510
343 376
116 866
230 461
873 28
170 713
317 949
93 307
815 94
129 847
256 160
265 418
962 362
760 614
362 457
437 771
27 494
514 713
716 568
257 570
411 334
28 984
643 413
67 512
335 30
0 217
828 640
443 94
61 319
369 948
146 694
831 387
383 498
758 190
787 757
8 734
834 118
368 562
44 2
114 609
885 641
820 684
353 507
157 305
724 529
403 842
556 408
153 577
986 333
872 645
293 989
412 691
757 430
891 86
877 253
627 63
55 17
701 220
643 557
334 781
797 747
193 518
189 729
157 507
111 997
15 523
76 814
575 310
274 566
65 104
19 284
160 891
58 572
151 887
420 755
944 704
287 478
265 973
468 506
965 801
340 416
291 168
950 652
344 766
55 671
594 326
488 864
524 559
43 62
438 15
386 487
406 86
553 642
219 68
231 895
394 719
814 202
513 475
550 217
317 915
808 287
235 216
196 348
44 854
874 1
436 289
439 595
319 65
89 315
851 308
872 218
535 190
181 234
787 908
27 64
720 691
99 27
821 351
62 161
875 894
851 841
574 575
433 950
347 714
224 257
3 248
146 255
-1 -1 -1 -1 -1 -1 -1 -1 -1 24682 5942 -1 -1 -1 -1 -1 -1 -1 -1 -1 -1 -1 37527 -1 -1 -1 59945 -1 -1 29026 -1 26047 -1 -1 -1 -1 -1 25945 -1 -1 -1 -1 -1 -1 -1 40288 49211 -1 -1 -1 52569 -1 14182 -1 -1 -1 -1 46076 360 -1 -1 -1 -1 -1 -1 -1 7394 62893 -1 -1 -1 -1 -1 -1 -1 -1 -1 -1 15245 -1 -1 -1 -1 -1 47560 -1 -1 -1 -1 -1 -1 -1 59539 -1 8967 -1 51716 -1 -1 -1 25797 24698 -1 -1 46749 54749 33078 -1 29819 -1 65202 -1 -1 -1 -1 52992 41745 43751 -1 -1 -1 -1 -1 -1 -1 -1 -1 -1 -1 27334 -1 -1 -1 -1 -1 34104 -1 -1 -1 14767 -1 -1 -1 -1 -1 5505 -1 -1 -1 -1 -1 -1 -1 -1 -1 -1 -1 -1 -1 -1 -1 58948 -1 -1 -1 6228 -1 -1 -1 -1 -1 -1 49944 -1 -1 -1 -1 -1 -1 -1 -1 -1 -1 -1 14027 -1 26748 -1 -1 -1 -1 15362 -1 -1 -1 -1 -1 -1 -1 -1 -1 -1 55059 23294 -1 -1 -1 -1 -1 -1 45078 -1 -1 26121 -1 -1 19416 58777 -1 -1 -1 46490 22690 -1 -1 -1 -1 -1 -1 -1 -1 54716 27235 5408 -1 -1 42808 -1 -1 -1 -1 -1 -1 -1 -1 -1 7204 4138 -1 -1 -1 -1 -1 12530 -1 12443 -1 -1 -1 -1 -1 23231 -1 11379 -1 -1 -1 -1 -1 35144 -1 -1 -1 -1 31970 -1 -1 -1 44649 -1 40266 -1 -1 9705 -1 -1 -1 -1 22829 22773 -1 17918 120 -1 45755 -1 11477 -1 -1 -1 -1 -1 -1 -1 -1 -1 -1 46160 -1 -1 20723 -1 -1 -1 -1 -1 -1 -1 -1 -1 -1 -1 -1 -1 -1 -1 -1 -1 3624 -1 -1 -1 -1 -1 15036 -1 -1 -1 -1 -1 -1 -1 -1 -1 -1 -1 -1 -1 -1 -1 -1 -1 -1 -1 -1 39687 -1 -1 -1 -1 14025 -1 -1 -1 63535 -1 -1 -1 -1 -1 -1 21982 -1 -1 -1 -1 -1 -1 -1 -1 58368 -1 -1 -1 -1 56009 -1 -1 -1 -1 29805 -1 -1 -1 -1 -1 -1 -1 -1 -1 19608 -1 -1 -1 -1 -1 -1 -1 -1 -1 -1 -1 -1 -1 -1 -1 -1 21823 -1 -1 -1 -1 -1 -1 21072 -1 -1 -1 29177 -1 -1 39846 -1 -1 -1 -1 64770 -1 -1 -1 -1 -1 -1 6773 -1 -1 -1 -1 -1 -1 -1 -1 48277 42716 -1 -1 -1 -1 1508 36967 -1 -1 -1 -1 -1 -1 -1 -1 -1 -1 -1 18809 58906 19944 -1 -1 -1 8978 -1 4439 -1 -1 -1 -1 26811 -1 26786 41808 -1 -1 -1 -1 -1 -1 -1 -1 -1 -1 34477 6393 -1 -1 -1 44784 56146 -1 -1 -1 -1 -1 -1 -1 -1 -1 -1 -1 6479 -1 -1 21230 -1 -1 -1 -1 -1 -1 -1 -1 -1 -1 -1 -1 -1 -1 -1 -1 -1 -1 12267 -1 -1 -1 -1 -1 -1 -1 -1 -1 31879 -1 -1 44648 -1 -1 -1 51721 4336 -1 -1 -1 -1 -1 -1 -1 24344 -1 -1 -1 36594 -1 -1 64589 -1 -1 -1 -1 -1 63880 62446 -1 -1 -1 -1 -1 30531 -1 -1 -1 -1 -1 -1 28447 -1 -1 -1 -1 52386 -1 -1 -1 -1 -1 -1 -1 -1 54989 -1 -1 -1 -1 -1 -1 -1 -1 -1 -1 -1 -1 -1 -1 -1 58246 -1 -1 -1 -1 29523 -1 31391 -1 -1 -1 -1 -1 -1 45507 -1 60380 -1 -1 -1 -1 -1 -1 28586 -1 -1 -1 -1 41942 -1 -1 -1 -1 -1 -1 23744 -1 57543 -1 -1 -1 -1 -1 -1 -1 -1 28370 6214 59628 -1 -1 -1 -1 -1 -1 -1 -1 -1 -1 -1 -1 -1 -1 -1 -1 -1 -1 -1 7809 -1 -1 -1 -1 -1 -1 -1 -1 2419 -1 40844 -1 -1 -1 -1 40195 -1 -1 -1 -1 -1 61492 54522 34004 -1 -1 53514 -1 -1 39440 -1 -1 35619 -1 -1 -1 -1 40641 37094 -1 -1 -1 -1 -1 -1 -1 -1 -1 -1 -1 -1 -1 -1 -1 -1 -1 5128 -1 -1 -1 -1 53129 -1 -1 25437 -1 -1 -1 12976 487 -1 -1 -1 -1 -1 -1 21230 -1 43933 -1 -1 -1 -1 -1 -1 -1 -1 -1 -1 -1 25458 25041 -1 -1 -1 -1 42998 -1 -1 -1 -1 -1 -1 -1 -1 -1 -1 -1 -1 -1 -1 -1 20996 -1 -1 -1 -1 -1 -1 -1 -1 -1 -1 -1 8264 41723 -1 -1 -1 -1 -1 8391 20850 -1 -1 -1 -1 -1 -1 -1 7021 -1 27766 -1 56805 -1 -1 -1 48753 8320 51920 -1 -1 -1 -1 -1 -1 -1 -1 -1 -1 -1 -1 -1 3081 -1 -1 -1 -1 -1 59469 -1 -1 28098 -1 -1 -1 11228 -1 -1 8804 -1 -1 -1 -1 33397 -1 -1 27375 -1 -1 -1 -1 6919 43690 -1 -1 -1 -1 -1 -1 -1 -1 -1 -1 -1 -1 43032 -1 -1 -1 -1 -1 -1 15343 -1 -1 -1 -1 -1 -1 -1 -1 -1 48039 -1 -1 -1 -1 -1 -1 -1 -1 -1 19682 -1 -1 -1 -1 -1 40834 59165 -1 -1 -1 -1 28756 -1 -1 6039 -1 -1 -1 42146 -1 -1 -1 26514 -1 -1 10654 -1 28288 -1 -1 -1 14665 19533 -1 -1 -1 -1 -1 -1 61080 -1 -1 -1 8842 62382 -1 -1 -1 -1 55906 -1 -1 3784 47796 -1 -1 -1 -1 -1 -1 -1 -1 -1 -1 -1 -1 430 -1 -1 -1 -1 -1 49264 -1 -1
7
0 397 2 947 10
0 85 2 44 6
0 52 7 613 11
1 508 5 525 5
0 224 6 173 7
1 374 5 172 13
0 508 4 34 3
