1000 5000
800 907
452 570
703 717
822 3
287 301
869 625
268 69
932 530
392 706
156 366
415 561
637 316
876 267
757 640
364 950
910 463
357 114
871 606
719 514
729 941
647 912
780 490
878 292
697 77
703 497
900 461
269 24
222 80
538 442
261 790
881 562
972 817
484 216
437 470
720 398
90 714
545 857
623 633
603 849
798 793
777 262
860 2
121 469
275 565
664 198
419 787
432 522
702 386
215 245
482 513
314 364
201 364
90 731
86 612
79 925
746 239
112 285
493 296
574 693
226 293
150 81
933 981
747 391
885 292
446 604
210 707
432 237
694 41
429 450
159 749
810 224
556 646
510 209
226 295
879 334
131 700
987 306
717 968
652 86
791 533
858 244
364 629
173 314
937 804
892 122
84 776
902 885
507 750
691 452
88 851
958 723
750 733
1 776
975 22
342 885
297 791
74 605
553 201
399 254
950 525
787 721
934 228
886 681
15 441
691 219
705 0
203 779
776 56
658 582
661 470
335 744
346 829
335 769
472 96
174 265
359 301
559 345
772 445
840 680
186 316
267 183
73 919
292 685
596 865
746 933
719 755
792 471
588 825
896 540
910 864
524 696
836 471
300 371
292 915
106 517
460 657
193 309
188 834
528 348
124 86
840 231
18 436
135 789
157 822
756 542
936 641
306 339
223 333
232 886
658 636
999 702
297 70
542 14
412 320
29 749
929 621
473 639
954 883
705 182
639 387
730 441
102 988
427 440
769 983
13 983
902 939
954 364
374 293
622 869
62 694
312 555
754 824
832 735
924 574
847 270
827 944
119 971
785 880
793 175
944 490
89 530
939 842
4 157
637 722
302 427
762 830
33 203
318 425
453 322
235 472
551 146
974 513
489 703
229 855
989 733
149 255
743 779
121 449
517 121
586 496
191 652
549 234
366 401
713 986
491 796
616 343
470 283
499 48
217 816
154 126
415 823
647 341
581 674
920 413
857 25
670 257
865 176
683 40
162 643
790 500
115 142
563 676
743 161
906 688
804 697
908 2
488 958
835 42
473 752
324 171
401 370
98 224
922 377
244 998
925 873
544 563
870 267
783 608
951 156
188 685
736 966
302 692
547 330
863 209
52 201
159 325
866 983
932 662
432 370
111 474
435 625
150 572
21 392
437 592
306 358
811 606
373 857
525 8
302 903
92 607
847 418
351 880
345 959
220 586
141 171
801 723
584 524
641 818
837 29
595 380
843 175
388 42
799 686
294 698
406 863
346 300
241 197
751 45
873 774
139 101
904 332
103 588
490 174
213 838
999 927
553 233
599 787
773 754
550 160
666 642
807 68
674 803
479 225
615 302
809 84
800 164
893 30
606 269
394 434
711 38
851 827
461 316
980 978
808 44
10 706
343 866
957 871
368 854
16 171
748 320
298 916
269 922
755 759
228 730
520 492
643 801
569 391
470 837
491 793
897 442
914 793
371 548
256 906
610 320
948 768
997 463
399 441
937 909
992 815
815 842
158 121
696 997
103 597
373 641
140 278
34 906
537 386
86 95
849 70
209 762
731 356
447 353
494 295
234 984
513 363
319 246
346 961
849 683
734 221
667 706
302 156
916 625
15 504
700 997
252 961
560 350
823 755
989 806
576 858
636 790
492 743
973 911
213 596
446 541
586 714
722 452
66 17
366 680
573 971
69 63
943 643
549 679
538 531
206 716
271 237
720 567
790 871
491 222
974 121
67 295
66 680
795 187
523 471
483 624
668 982
993 988
21 409
984 583
312 316
734 941
535 282
398 928
812 862
50 459
101 458
62 23
779 527
432 109
348 515
385 893
372 673
310 902
514 845
767 120
139 525
715 447
909 44
628 291
145 867
69 275
44 218
27 545
103 758
28 144
808 941
987 47
39 25
939 681
626 506
732 368
301 71
301 7
121 176
397 203
397 74
181 596
183 426
330 904
529 917
63 580
585 949
631 908
123 483
537 185
500 381
532 755
281 40
569 167
798 818
915 725
311 993
895 415
264 670
472 149
226 206
724 79
876 878
400 570
747 25
248 250
260 802
993 308
651 394
443 831
577 658
991 532
767 249
774 322
321 254
373 532
794 32
62 723
825 153
146 389
766 320
611 771
462 126
618 925
671 446
736 813
254 841
430 656
513 925
495 59
995 836
625 220
863 567
141 402
499 562
728 833
560 205
487 907
985 32
168 899
480 871
608 135
8 656
89 14
782 411
891 814
417 701
76 161
950 691
451 592
948 566
477 539
318 162
623 839
315 999
973 148
462 994
524 287
767 421
815 667
698 503
216 149
255 845
251 881
492 117
704 739
514 784
383 39
755 281
643 668
16 316
132 265
398 555
665 910
61 546
102 912
0 577
762 725
564 476
745 260
792 957
517 39
668 816
955 792
786 317
264 460
811 1
352 183
305 922
794 586
380 884
345 400
68 241
445 531
787 313
740 617
8 811
213 241
637 558
143 278
3 806
865 242
233 857
742 894
966 596
964 515
971 959
994 973
529 580
454 195
51 228
205 407
675 744
656 71
760 600
647 906
464 87
567 713
581 470
686 711
875 23
912 757
322 834
794 404
17 101
553 448
930 580
885 738
838 671
80 766
429 414
531 491
905 914
406 767
885 288
888 476
886 686
986 812
626 112
303 177
417 372
600 656
166 520
573 755
60 849
320 890
495 650
854 284
591 620
115 563
810 962
372 58
8 762
113 562
764 570
26 588
283 585
436 812
530 780
252 561
452 762
406 579
337 24
471 946
677 357
774 71
716 807
393 111
987 60
508 469
335 459
180 509
771 125
139 105
539 347
925 273
1 910
86 30
882 639
303 872
143 541
545 172
432 563
393 663
870 153
243 790
695 427
587 773
358 14
585 422
815 534
220 763
639 64
245 897
959 760
772 946
172 280
469 611
278 360
536 877
921 465
977 670
404 75
208 515
692 498
597 207
481 282
19 782
510 771
22 365
255 248
390 576
366 695
613 23
686 30
0 759
630 5
696 521
851 689
665 848
318 990
693 633
513 682
391 651
616 999
509 595
525 461
195 208
882 74
46 674
353 937
881 93
929 293
69 887
776 817
618 467
545 592
116 28
374 924
315 726
481 215
20 695
56 236
724 515
160 865
147 944
564 116
586 519
79 283
237 741
776 948
582 102
988 819
576 41
412 874
579 370
594 976
522 851
726 399
333 964
973 957
321 894
527 96
700 267
286 20
912 697
654 286
414 67
682 986
36 704
583 81
728 229
412 669
111 853
634 625
227 412
801 644
768 149
315 392
549 515
721 144
685 322
726 31
726 208
770 877
186 339
747 551
142 320
329 704
770 677
692 752
969 417
904 749
777 848
764 657
223 405
745 336
191 905
831 829
255 7
424 588
564 973
165 128
747 728
865 321
170 81
961 366
367 682
731 2
580 59
883 801
467 39
921 931
464 499
304 251
585 725
767 655
368 216
80 125
278 900
520 607
524 90
585 820
955 923
214 863
920 157
32 929
496 962
104 279
981 246
787 973
322 161
441 661
655 488
564 645
478 240
25 864
806 425
661 101
220 99
951 889
336 980
530 789
528 554
638 350
635 849
603 719
919 785
493 774
809 558
371 899
671 953
475 492
879 519
524 176
989 805
274 588
656 222
376 326
201 504
736 343
256 164
348 732
685 902
246 4
666 998
708 500
397 733
773 69
687 689
515 799
364 880
82 789
878 6
720 861
493 166
988 335
181 928
79 99
771 898
118 0
462 804
698 997
402 614
938 71
702 854
854 541
857 611
945 93
34 98
376 257
920 700
300 105
545 585
10 909
312 212
252 137
830 315
356 247
383 73
118 346
33 666
487 71
745 28
436 710
639 236
822 111
634 187
446 69
305 91
43 811
365 923
276 830
778 847
829 469
712 211
524 680
126 111
729 700
576 145
62 716
859 57
563 316
93 591
97 567
686 646
774 901
896 197
917 140
779 595
79 959
489 257
117 422
535 999
786 65
647 710
543 386
920 466
186 340
223 819
109 225
95 753
390 882
267 774
510 962
577 413
106 342
106 733
922 467
531 425
379 491
568 836
818 569
454 530
555 920
861 645
308 687
100 146
649 274
632 980
76 994
892 167
538 933
379 244
419 579
395 595
818 988
589 53
575 937
462 554
614 957
630 317
329 373
981 653
727 836
409 609
567 66
410 8
465 655
899 575
474 235
84 725
739 662
963 402
131 425
868 620
42 490
63 655
363 713
19 721
872 992
931 305
695 552
15 843
463 106
276 978
757 669
607 260
664 653
285 636
570 320
977 253
728 996
61 963
602 923
752 127
969 311
501 679
797 997
960 508
811 796
774 475
549 643
751 378
148 177
897 254
927 273
668 799
440 725
801 130
579 599
959 749
976 952
481 722
160 150
132 423
776 788
448 557
849 336
636 100
144 540
286 773
530 162
361 356
904 499
793 846
814 59
15 166
324 215
90 759
726 585
845 232
298 791
70 264
586 781
717 293
579 700
306 111
220 232
726 963
606 944
378 42
583 313
483 842
257 490
641 697
413 818
489 139
4 412
335 136
82 178
551 337
536 225
692 299
38 425
278 59
763 159
25 62
720 730
280 176
838 549
907 387
81 792
549 712
493 679
12 401
558 575
418 960
512 57
819 83
127 695
335 954
347 904
924 984
529 473
874 763
930 312
640 289
191 515
840 531
71 448
655 859
696 652
847 67
275 722
471 656
125 521
519 479
548 619
128 508
163 762
116 874
55 473
327 838
786 925
240 585
760 112
629 948
515 443
765 809
658 163
384 762
201 644
186 123
313 401
5 663
998 215
793 343
208 322
65 455
380 89
892 279
297 59
703 641
471 110
598 673
915 482
260 242
584 49
534 261
581 729
746 327
216 586
419 479
478 929
985 849
994 480
36 141
798 664
349 602
666 141
372 56
944 369
17 948
438 600
355 783
435 127
535 711
903 582
127 110
594 966
451 436
943 830
968 607
917 910
71 497
348 563
281 858
248 99
282 271
646 137
726 656
648 834
35 73
390 392
418 143
145 25
512 9
52 511
523 86
617 912
949 321
10 848
855 869
55 511
828 800
598 726
345 211
357 916
664 424
509 521
480 929
530 641
293 145
833 803
761 159
280 348
387 533
627 13
59 944
316 229
659 319
787 274
511 289
488 23
258 621
382 981
304 820
183 673
295 973
516 567
364 683
57 768
497 785
513 72
473 860
254 10
774 329
876 976
979 558
123 443
256 141
336 833
370 930
610 959
991 551
423 277
306 617
943 400
352 490
267 921
125 430
903 636
647 992
330 82
648 36
932 953
345 831
165 480
85 824
368 729
629 114
904 361
297 673
798 135
579 804
713 176
787 900
759 153
676 491
898 674
729 346
36 38
627 138
335 304
944 152
741 176
337 25
694 356
756 421
315 86
798 373
64 837
840 48
599 858
921 920
682 195
236 377
65 587
775 315
249 780
622 280
923 318
737 809
642 603
84 423
4 798
577 729
610 913
150 333
619 493
56 837
883 66
984 947
556 465
664 868
816 43
324 963
215 610
500 406
288 970
104 151
622 32
735 198
405 506
781 687
437 604
209 10
363 575
555 245
408 92
694 25
844 506
187 301
721 561
640 848
991 735
52 541
665 16
296 745
806 104
198 583
208 967
217 951
663 880
414 998
616 571
817 566
389 557
949 673
528 828
901 900
596 901
736 847
626 305
797 259
259 202
292 335
113 524
277 304
13 480
888 307
268 800
952 411
719 777
546 773
905 101
517 6
589 794
158 471
182 296
50 656
168 142
107 529
220 363
828 184
155 900
446 936
651 988
840 248
135 860
412 745
221 490
0 130
403 413
607 565
777 957
90 853
854 851
277 205
807 431
823 45
321 902
140 222
75 697
927 658
730 197
840 118
833 351
199 380
785 619
783 797
173 948
259 42
683 868
245 246
158 699
360 502
613 453
833 25
659 984
472 988
407 578
319 84
979 908
551 304
273 497
122 31
409 42
448 230
199 146
669 769
125 260
428 431
956 538
984 538
378 61
913 192
324 925
150 868
207 18
392 647
552 123
340 571
447 230
618 449
888 213
8 21
588 330
545 357
460 968
93 223
581 32
912 756
206 651
871 445
597 999
835 546
309 190
735 584
753 264
865 581
192 792
471 981
53 860
156 805
818 779
518 12
970 710
163 613
691 985
329 578
463 127
161 114
605 664
488 288
906 686
621 467
97 647
702 637
375 456
289 22
369 759
366 650
661 479
206 753
720 35
978 524
564 36
999 748
705 390
836 738
836 250
227 15
616 460
910 62
214 400
621 327
227 429
18 658
649 492
518 95
220 494
793 24
441 869
123 616
711 800
182 614
212 232
926 325
445 814
971 50
149 711
322 932
580 447
143 355
597 769
207 821
934 369
627 15
322 242
56 120
303 635
989 643
245 882
995 725
739 743
447 41
456 26
131 20
696 281
324 50
222 266
465 770
557 380
427 57
460 499
965 446
556 775
791 43
482 754
622 450
153 573
8 220
330 32
244 267
777 556
912 262
217 897
715 831
261 346
710 273
554 115
281 434
596 744
209 402
869 80
740 197
380 362
338 472
95 203
621 663
531 216
869 259
311 57
48 757
782 541
266 260
567 764
888 685
30 859
984 775
876 601
356 74
773 288
427 856
667 163
130 561
779 938
558 253
581 823
162 427
775 103
840 190
916 456
211 517
367 357
446 855
221 786
526 298
423 705
225 145
677 743
133 235
968 958
647 162
105 624
896 139
267 389
380 991
371 87
553 134
395 771
125 458
946 237
147 453
60 357
184 490
9 959
222 513
110 610
77 577
364 998
947 519
610 533
699 775
656 77
394 903
154 940
268 218
531 7
855 489
209 748
434 502
226 89
36 861
572 980
880 253
312 63
529 937
609 473
921 92
768 684
914 162
411 304
346 869
476 624
999 866
203 839
304 673
93 596
365 775
10 843
98 988
218 423
894 261
725 888
890 775
574 40
480 723
661 620
826 894
135 912
434 23
446 51
387 213
865 286
869 75
316 532
869 671
449 923
442 769
960 39
21 725
213 809
380 237
357 960
15 719
415 254
87 473
734 912
528 610
389 572
314 877
824 480
575 908
994 389
350 781
74 337
853 403
748 310
402 363
252 799
877 874
39 401
150 287
115 759
897 208
201 514
439 967
423 484
299 992
254 406
67 678
152 200
243 869
784 811
206 742
94 689
213 996
915 841
668 57
828 875
344 481
588 10
515 660
746 858
647 653
200 3
938 17
213 83
907 850
344 176
397 11
600 771
340 957
175 331
801 344
907 855
578 150
570 770
459 547
92 373
930 758
904 582
457 90
681 375
904 274
168 358
80 379
106 541
577 837
57 598
347 531
703 568
605 279
464 563
583 182
932 707
184 33
541 606
889 872
716 744
786 169
52 860
254 90
315 62
763 992
245 293
122 357
757 347
723 339
632 993
556 779
49 660
56 677
332 433
543 693
568 884
448 174
155 556
732 426
972 535
564 338
613 394
44 295
301 740
156 383
563 296
22 393
367 392
414 185
302 166
262 413
363 418
551 192
308 783
717 61
771 420
135 218
693 508
66 243
814 710
674 398
61 713
532 229
124 115
335 641
744 978
558 862
59 355
550 694
675 633
2 636
863 368
565 265
820 865
309 527
534 751
274 232
36 285
16 399
643 622
982 652
245 919
940 229
32 883
98 697
493 73
456 379
678 667
600 6
37 309
117 57
921 198
726 34
399 227
105 805
100 815
151 889
403 892
345 709
773 364
360 314
269 773
964 15
872 57
440 205
43 343
966 853
356 502
748 917
337 117
735 438
549 961
952 373
988 825
551 562
399 779
634 100
982 466
71 673
881 642
103 343
794 582
624 810
909 229
89 230
301 50
373 583
924 769
147 560
375 970
602 93
488 816
934 707
57 37
298 681
546 123
580 662
279 707
527 712
257 293
728 608
396 609
788 67
835 589
127 347
864 490
25 802
528 389
372 464
276 784
567 277
275 559
444 840
910 906
818 421
650 714
270 455
688 516
515 895
543 172
795 743
396 554
302 965
336 823
119 872
534 325
63 605
596 549
54 892
343 322
380 968
42 838
950 103
321 109
441 65
281 798
821 665
275 91
405 918
759 854
304 239
801 237
690 891
729 457
923 383
285 633
467 413
562 119
463 92
749 682
7 714
370 776
213 845
984 11
365 584
620 803
16 806
646 843
210 423
585 323
712 456
407 940
302 585
449 624
485 820
766 810
773 732
758 658
994 456
973 969
409 730
658 157
693 460
851 804
637 495
911 986
107 586
736 853
833 192
9 365
300 780
559 720
230 915
334 225
179 855
214 602
895 433
246 718
636 506
55 582
598 50
985 995
81 702
507 295
957 313
611 973
408 578
147 77
736 252
473 505
582 190
499 536
102 6
968 320
197 792
123 4
298 636
58 637
455 641
972 941
416 480
92 504
35 80
699 755
309 541
594 176
502 439
321 409
854 756
358 733
264 67
497 223
934 260
499 207
184 880
383 905
826 113
302 164
802 800
510 389
273 289
44 466
756 19
106 710
23 61
219 739
160 419
261 274
71 911
570 375
969 564
348 968
591 381
801 216
802 682
154 675
952 901
397 824
456 657
467 430
119 485
144 234
943 439
207 77
813 550
854 315
658 751
544 668
223 871
308 423
49 784
356 385
326 32
173 831
124 55
134 439
494 251
951 511
561 943
509 204
375 938
545 12
290 28
719 671
301 865
8 874
925 845
138 489
929 832
802 525
689 169
64 729
307 671
53 173
860 908
926 60
116 723
773 870
76 753
17 170
559 625
609 362
684 883
150 652
416 31
530 776
153 254
149 1
576 788
217 262
153 921
505 701
488 990
986 116
838 135
408 459
754 504
763 688
463 879
977 114
690 79
821 714
900 561
575 314
129 711
890 121
947 404
464 993
679 190
666 582
400 550
890 28
898 38
74 455
372 588
145 527
723 831
856 761
184 434
8 889
521 656
852 156
209 540
600 374
585 989
232 91
161 454
377 704
843 911
510 336
307 69
839 911
220 915
302 358
564 128
74 156
8 576
798 139
733 176
36 706
164 126
741 102
142 311
584 849
487 980
998 694
739 905
979 661
389 782
7 274
847 214
467 256
564 695
589 722
350 119
933 201
193 91
246 173
195 511
931 428
191 593
927 389
979 313
523 360
392 844
799 338
453 18
291 679
400 296
753 41
939 895
999 171
86 856
165 926
275 417
70 158
916 861
651 270
649 86
939 101
696 363
953 830
367 322
927 81
687 489
619 632
155 809
414 362
59 970
901 586
595 657
506 606
713 865
662 953
760 607
982 546
613 80
576 436
876 974
322 914
211 667
366 811
296 769
715 436
527 801
831 102
136 788
887 490
848 7
501 863
42 968
282 802
549 67
474 781
746 678
10 775
802 954
572 162
555 430
243 969
183 750
407 735
51 600
275 437
356 94
334 677
175 582
405 800
162 100
131 594
108 604
778 769
180 107
776 834
586 907
441 338
498 919
113 778
633 216
213 841
895 615
666 937
398 456
637 38
414 547
485 716
453 962
942 699
873 728
155 314
100 615
583 708
298 739
96 745
93 780
395 712
338 208
864 650
230 420
160 460
360 388
913 907
906 878
154 72
292 638
231 896
127 975
894 730
247 772
99 682
519 21
491 3
854 605
384 175
858 712
915 733
178 325
575 872
120 464
170 314
802 667
673 159
873 484
399 793
441 995
981 608
613 618
883 62
82 753
410 883
867 869
465 895
157 766
810 866
278 952
117 201
45 177
44 209
6 856
877 988
233 892
590 561
233 98
751 747
888 723
953 144
613 427
391 241
925 550
263 945
593 430
332 277
69 941
851 191
97 954
458 720
568 472
439 828
613 848
336 668
444 248
625 823
190 665
752 803
801 187
786 611
850 984
241 891
747 618
142 538
803 753
595 254
863 67
191 993
479 961
343 809
217 791
937 38
711 632
200 313
501 271
331 744
344 386
536 222
436 704
780 820
169 185
273 696
901 188
106 828
958 843
124 993
857 939
691 434
135 528
118 861
4 893
273 626
741 603
318 390
154 248
323 285
15 13
830 262
56 679
399 849
52 385
804 451
758 478
792 698
257 354
832 634
992 44
252 244
735 638
828 117
95 730
481 224
671 688
434 77
422 305
46 227
940 598
890 747
558 122
594 907
918 833
664 751
492 338
629 747
62 415
55 52
108 860
206 422
733 650
118 317
392 4
615 260
735 75
317 426
297 456
992 845
756 950
703 537
286 593
900 446
375 364
318 580
386 188
386 596
384 272
885 702
892 860
179 14
461 298
112 982
980 752
737 101
684 67
11 996
694 13
989 856
886 869
758 688
411 862
702 883
85 23
832 74
15 1
404 132
675 355
98 707
404 772
16 325
783 643
927 799
442 299
551 926
681 874
550 583
7 815
909 943
152 466
353 66
356 115
625 474
795 17
286 67
734 424
326 928
490 396
822 289
376 440
237 402
466 194
440 343
528 127
663 553
859 313
899 107
752 120
306 515
132 277
415 959
771 803
917 642
942 548
680 698
908 964
547 326
351 947
808 829
319 42
20 39
406 646
133 692
929 313
830 417
463 490
464 35
790 816
117 911
358 538
552 489
11 623
394 490
977 508
611 558
983 405
740 514
740 23
307 831
751 902
749 554
866 500
140 945
616 564
407 950
328 680
479 412
951 647
390 24
389 249
163 988
965 822
288 541
302 740
898 20
126 930
739 722
225 503
693 222
838 785
126 409
344 448
244 638
1 750
143 870
716 236
746 214
578 850
400 736
648 695
911 104
859 97
745 135
796 106
398 222
801 860
38 456
953 156
182 217
866 567
943 269
460 702
763 519
773 851
123 235
778 93
867 310
939 623
650 249
778 110
599 43
857 428
16 358
189 499
593 538
394 458
289 975
195 281
96 459
665 453
118 98
439 70
751 923
457 927
712 320
1 928
534 378
170 647
928 558
923 585
209 360
688 544
308 971
536 23
9 226
700 764
459 762
380 450
362 199
755 880
891 976
635 589
24 262
585 56
194 4
920 388
599 360
615 982
453 727
359 99
474 803
902 656
194 432
307 37
894 958
625 206
974 532
654 170
715 963
680 296
918 928
534 301
357 477
419 44
562 347
586 980
339 56
610 548
933 836
913 260
776 936
251 498
770 507
871 92
24 529
290 126
807 638
460 803
960 463
310 511
362 729
429 553
149 854
874 927
526 967
26 34
546 190
647 987
619 317
367 607
437 218
468 402
369 770
194 684
283 667
300 387
386 468
390 67
376 839
206 963
171 193
156 633
256 233
723 289
825 460
327 230
299 637
535 495
318 949
929 965
308 690
320 392
96 817
16 752
142 740
659 93
435 668
288 63
447 91
134 943
894 378
993 747
113 438
24 941
268 466
206 836
408 689
444 670
229 503
272 104
813 116
283 96
737 253
31 531
497 80
960 822
3 86
883 623
322 104
192 926
325 928
17 709
543 332
535 172
940 910
415 956
347 853
99 422
346 359
273 616
951 979
966 6
580 61
867 819
328 948
229 544
144 454
385 31
67 745
560 479
419 671
510 867
876 812
538 811
355 270
249 681
674 877
769 835
159 854
836 154
913 638
363 992
754 18
387 570
29 858
917 353
61 265
644 329
560 14
33 437
998 291
968 981
570 344
120 284
420 525
774 931
977 990
471 827
668 536
568 38
961 376
705 961
33 869
368 539
11 169
807 240
946 741
933 885
972 142
343 679
913 150
464 200
981 773
163 212
926 95
787 167
155 32
637 890
81 742
587 962
421 1
471 769
720 499
67 934
209 560
990 427
623 434
894 242
953 417
799 487
544 956
996 200
529 810
795 781
338 139
523 908
186 472
659 229
617 818
211 427
404 455
656 937
263 813
473 33
620 844
981 888
407 247
661 444
627 324
682 517
912 553
903 315
239 871
913 45
584 236
848 119
798 108
401 11
566 536
316 294
981 1
700 157
249 233
218 945
589 338
219 80
537 669
111 833
444 148
542 219
87 134
488 905
841 724
806 865
554 745
837 535
192 970
211 424
901 898
149 509
208 847
16 587
196 839
312 483
431 990
223 38
969 663
820 358
951 564
648 741
469 321
410 890
986 592
705 345
28 773
871 699
464 961
239 409
727 486
49 17
530 29
978 413
625 627
832 29
264 440
351 766
53 140
245 352
388 627
660 346
560 295
797 366
600 348
43 959
518 202
42 974
124 878
646 608
992 466
448 314
518 771
543 932
762 59
947 782
762 840
411 332
641 576
995 277
906 808
782 868
308 906
395 708
854 858
558 378
301 212
762 38
400 728
571 78
20 987
56 35
961 136
587 271
534 7
855 164
243 538
253 695
929 706
621 793
66 847
152 754
219 884
603 462
301 599
27 847
416 842
108 778
103 613
656 550
276 134
739 670
366 506
804 497
114 786
997 717
318 172
597 844
798 505
701 907
933 911
666 637
230 419
763 553
212 81
584 165
723 563
295 846
108 922
159 388
442 820
611 474
614 15
111 168
334 763
614 241
117 656
906 578
835 718
448 215
826 209
806 379
956 276
178 384
997 282
57 406
816 859
754 61
365 849
919 74
850 210
626 904
111 333
679 150
242 180
693 500
764 309
909 770
814 152
436 47
120 49
149 529
938 800
978 916
230 537
628 229
245 697
394 570
475 183
532 140
98 639
461 466
819 868
647 715
662 855
595 298
288 895
354 478
909 195
592 670
527 167
670 181
531 377
756 619
716 947
558 590
358 777
809 411
251 329
992 108
772 499
66 531
491 577
673 735
845 162
170 173
360 277
845 586
337 20
229 966
906 667
188 78
595 829
821 732
376 31
792 956
261 253
703 765
86 591
644 636
986 129
594 616
379 674
160 508
529 79
566 953
976 286
421 22
937 751
323 519
39 121
362 884
725 744
504 356
540 231
708 813
960 742
889 773
742 646
912 247
328 765
344 536
792 33
402 8
882 581
938 737
72 895
337 417
301 3
969 486
635 463
538 820
7 72
301 847
406 388
238 459
821 340
384 551
450 739
740 447
479 656
778 978
244 370
252 194
616 449
370 110
172 656
264 461
847 330
424 75
583 357
675 388
847 803
732 754
786 411
158 293
163 995
254 955
871 738
471 499
98 189
365 257
257 141
575 376
499 181
870 716
975 547
475 814
49 268
497 901
956 382
253 484
470 891
447 805
583 106
134 209
759 599
403 539
306 404
765 872
485 721
944 291
624 332
715 887
677 854
186 17
114 345
398 319
233 287
557 949
898 443
157 998
717 608
989 435
172 33
772 793
541 127
341 546
675 306
250 259
922 561
709 27
475 520
785 515
691 24
527 651
661 268
712 477
771 852
777 866
444 14
280 744
352 179
799 412
164 252
115 420
194 391
529 114
422 435
21 645
185 908
546 703
75 804
305 402
190 852
135 542
571 880
153 837
526 418
268 638
281 563
719 852
990 366
523 381
245 193
286 780
93 160
325 983
900 276
793 753
679 146
404 338
841 710
238 460
887 561
313 820
748 900
246 909
354 318
779 240
492 771
28 631
604 619
733 494
665 86
165 30
633 365
674 711
502 653
435 62
863 561
655 804
564 514
613 676
643 75
683 986
412 147
538 86
318 393
564 691
134 46
428 930
402 686
224 844
978 79
759 672
802 961
597 229
869 418
983 928
765 451
627 722
439 361
451 424
325 191
286 981
854 812
46 762
454 751
625 455
379 691
595 806
6 134
532 580
505 486
185 178
222 4
161 59
343 623
646 866
916 342
717 782
752 8
177 834
718 987
730 84
252 29
459 973
12 860
38 959
329 940
152 381
469 882
677 899
286 552
115 456
376 454
492 74
334 932
857 538
884 435
107 818
282 216
486 682
502 185
607 641
197 674
636 837
647 682
59 344
502 984
59 839
506 10
520 899
710 358
658 472
879 434
235 546
799 433
726 796
817 938
828 779
110 811
112 758
463 919
163 88
463 557
518 904
574 739
470 887
165 485
785 832
988 726
272 839
354 239
688 556
192 246
493 157
685 89
826 524
990 562
805 891
995 823
921 27
542 634
101 76
102 768
982 842
173 215
496 577
454 672
744 72
848 877
102 827
340 17
410 227
715 771
887 848
965 682
979 756
79 277
773 825
306 800
893 832
484 643
662 33
313 465
299 874
843 332
490 391
775 685
463 993
151 211
862 338
289 317
440 572
561 557
518 57
346 417
398 489
598 422
927 716
680 827
52 942
621 484
34 136
10 548
686 32
406 210
73 254
425 110
833 774
651 193
759 560
197 928
604 959
9 987
793 428
455 157
506 180
910 962
486 138
526 470
710 667
625 379
70 875
20 473
960 519
115 741
738 658
107 710
761 331
994 984
331 571
865 660
574 394
857 919
46 477
667 145
166 558
372 470
716 345
129 96
995 885
64 786
984 191
259 993
722 197
766 265
972 0
322 699
694 429
121 957
331 300
209 849
8 26
959 174
75 428
573 216
741 893
338 748
921 725
984 617
249 952
269 867
200 363
355 384
44 184
656 619
898 402
856 74
96 956
753 370
562 386
683 820
680 420
998 619
256 821
602 292
998 738
452 381
502 342
188 234
892 660
259 568
579 77
469 644
702 659
456 611
362 568
758 58
504 199
345 921
673 193
607 937
911 379
695 898
629 108
413 566
121 551
735 588
795 60
566 98
408 656
303 972
798 118
261 929
220 935
393 38
170 973
746 959
602 317
225 46
229 211
264 78
347 611
331 822
733 183
731 292
621 559
558 835
632 626
50 131
153 788
577 553
376 61
237 981
459 736
814 209
233 76
577 962
3 359
542 18
59 132
930 965
527 304
560 755
833 258
98 250
195 845
211 754
132 622
756 667
533 803
234 628
463 149
667 343
101 729
801 702
847 739
174 692
415 799
443 30
282 582
37 900
436 399
562 281
859 355
406 15
281 979
652 28
854 872
992 709
29 884
937 675
107 156
802 629
605 138
615 699
991 667
135 640
301 746
835 874
254 700
995 314
617 525
12 858
19 141
676 395
936 165
414 99
161 242
672 446
493 431
441 870
567 266
140 233
89 960
778 612
869 973
581 187
910 399
930 742
236 499
230 703
598 936
807 870
827 236
932 379
630 120
303 591
568 729
32 885
122 18
225 374
174 281
898 484
206 547
324 920
344 58
986 506
490 129
48 186
774 108
636 32
276 385
380 305
754 389
69 228
691 315
54 414
552 128
550 133
603 32
327 399
996 214
217 288
257 241
669 348
999 774
331 900
389 430
278 1
309 189
792 287
624 223
999 416
45 91
410 343
32 715
468 31
30 133
643 738
316 961
421 127
636 625
951 463
114 473
350 907
529 196
987 680
372 99
635 639
502 496
594 733
254 836
275 446
577 527
828 213
940 807
521 914
92 532
178 564
526 145
930 394
238 886
122 137
31 327
682 507
316 635
478 525
68 471
467 681
44 747
423 649
514 726
675 797
300 234
299 385
300 469
726 873
88 963
852 817
637 395
991 57
615 963
958 325
81 855
381 502
61 740
684 276
548 423
205 505
877 642
627 135
837 993
168 998
600 10
434 404
38 805
548 520
392 437
997 475
343 195
921 854
851 734
876 286
103 652
232 67
8 316
673 630
321 921
249 838
570 77
240 60
222 177
811 539
684 232
175 680
60 563
602 516
270 420
225 402
35 337
31 719
466 516
528 76
767 358
812 460
530 590
964 560
469 285
944 309
900 73
968 791
834 368
716 566
629 324
157 575
795 468
303 315
880 759
830 387
484 298
802 262
786 518
664 460
85 83
55 25
483 140
410 853
324 858
477 5
362 478
936 60
472 501
120 854
786 123
778 920
37 229
912 190
736 615
729 335
666 71
475 792
620 835
262 979
931 367
573 677
395 633
904 711
472 120
603 612
326 653
445 852
368 319
216 110
309 560
32 573
310 665
891 256
342 602
136 146
97 821
970 344
821 132
350 574
472 113
765 700
896 915
527 198
883 227
536 174
171 425
837 659
800 382
570 692
564 483
254 220
778 370
599 971
796 407
864 544
359 683
865 21
758 369
430 233
531 81
405 199
736 216
962 3
104 906
489 652
331 66
31 429
728 954
242 680
448 769
178 3
554 986
909 594
740 337
678 169
205 157
599 317
920 286
589 620
654 569
94 628
862 969
177 968
987 218
747 62
45 557
83 203
458 225
693 53
529 50
374 890
758 961
197 34
490 25
289 73
934 908
469 428
599 562
118 200
280 560
700 196
287 138
526 525
261 962
977 463
487 764
604 289
999 217
799 725
916 461
155 409
623 811
168 38
336 810
758 984
732 116
21 550
818 952
21 698
769 809
339 846
880 500
527 991
911 762
301 561
625 626
66 780
383 259
989 15
765 387
741 227
935 382
388 868
146 253
142 731
313 74
268 474
1 813
186 161
303 889
117 314
115 84
894 110
185 633
294 530
358 255
702 894
755 525
374 535
325 688
435 536
418 356
197 614
456 12
754 459
687 927
504 35
196 989
790 938
239 761
177 133
721 637
678 928
463 474
517 809
55 716
734 446
567 265
338 259
88 500
725 26
714 294
687 736
67 297
933 359
344 438
819 207
92 21
637 689
829 958
24 662
0 932
530 719
937 828
551 720
376 44
149 179
207 967
129 203
730 439
414 338
889 434
862 484
56 506
866 625
450 15
536 81
10 857
483 640
272 300
814 633
310 309
152 159
854 883
343 214
24 993
478 678
961 309
986 433
523 340
554 496
862 596
917 117
426 158
811 573
618 556
766 833
432 960
662 715
115 809
314 939
228 587
366 73
229 832
70 520
478 887
173 832
784 571
902 730
34 780
771 291
179 202
912 733
962 829
520 657
242 863
640 175
479 355
985 175
54 206
418 768
429 755
586 491
72 287
184 389
702 571
59 215
832 708
103 497
604 94
239 104
887 610
305 787
637 987
384 723
194 764
487 715
106 987
256 708
296 896
736 274
158 988
646 650
481 526
519 17
764 899
846 265
992 90
61 801
850 18
935 354
231 450
342 814
601 860
315 489
188 109
560 630
375 914
431 744
895 827
86 610
293 403
286 74
976 193
134 49
994 685
408 666
801 679
632 811
923 840
236 912
874 222
545 759
983 851
865 383
530 605
534 739
375 127
90 770
455 258
808 627
647 787
216 25
111 774
494 797
600 843
790 38
791 830
623 599
557 361
37 911
652 740
390 487
966 399
230 425
862 585
427 316
139 248
427 279
946 218
159 769
477 187
201 737
595 725
658 308
506 744
886 769
289 605
143 407
942 679
841 670
731 9
93 84
153 730
926 138
498 844
815 327
483 319
870 625
966 588
152 724
924 182
527 857
596 133
404 65
643 395
958 902
415 797
246 892
76 617
747 116
226 836
566 730
95 460
469 946
367 672
550 82
667 933
240 882
548 92
61 860
353 575
798 203
276 841
644 415
893 413
583 925
473 596
83 599
995 55
222 270
857 686
990 835
328 727
903 894
54 815
260 68
26 538
653 503
394 603
53 527
98 434
634 710
402 72
417 180
637 996
15 613
835 45
546 873
487 660
984 429
499 255
493 799
615 400
388 226
944 450
31 982
880 326
304 841
737 601
407 318
685 746
826 406
44 26
709 256
610 876
293 692
383 910
982 945
814 211
139 854
610 406
731 708
363 237
395 460
462 523
127 430
244 788
357 135
411 807
580 64
780 358
368 925
195 329
450 594
293 274
615 351
213 162
723 269
896 127
348 937
136 491
631 600
553 243
469 25
927 647
368 173
93 51
973 125
723 692
126 465
485 29
270 903
400 114
36 420
382 953
799 953
399 152
90 477
3 897
539 716
510 228
904 114
457 352
838 203
548 497
383 186
404 630
730 357
848 120
536 716
714 301
215 702
329 877
885 656
638 916
928 768
916 606
789 94
826 312
190 806
275 665
225 323
298 30
541 507
99 61
384 569
845 90
85 852
926 834
50 195
523 513
764 166
343 315
751 327
943 843
124 307
688 330
463 976
210 569
572 945
391 47
867 364
451 528
558 30
640 836
532 648
818 926
417 181
574 795
609 25
645 835
844 166
256 180
185 376
866 72
222 197
285 276
700 610
985 920
700 176
889 347
729 318
520 181
494 592
808 424
218 818
9 679
437 591
762 308
542 585
968 232
38 406
571 440
261 853
357 262
23 468
897 58
952 388
715 347
853 623
761 360
866 75
903 786
379 221
918 198
122 112
778 57
736 593
894 86
459 82
905 919
334 460
583 683
110 599
932 52
11 957
58 894
803 968
780 71
532 848
493 856
995 61
108 343
578 987
980 713
584 254
845 728
477 607
923 926
464 495
106 785
229 292
664 604
264 265
333 860
407 864
853 843
503 954
88 842
552 922
976 171
287 123
846 199
305 31
461 705
7 670
776 114
766 429
276 610
94 610
206 334
47 463
379 697
825 222
452 774
970 609
993 915
442 909
194 545
27 489
153 530
494 487
962 351
975 162
548 983
951 237
1 808
3 434
577 750
911 509
77 455
133 800
353 642
242 954
923 499
899 108
274 696
903 682
762 156
670 330
43 74
294 64
198 948
312 999
84 447
380 118
373 791
485 618
940 512
271 250
126 736
20 255
762 360
384 220
834 493
70 550
52 845
762 335
588 307
588 446
764 575
968 409
470 263
533 410
746 265
770 597
279 424
31 288
623 814
578 212
184 893
22 99
304 341
766 221
310 568
207 58
106 349
725 675
932 733
688 191
377 371
120 212
497 479
506 705
77 354
204 385
96 548
733 15
145 583
336 205
215 2
908 354
22 844
84 700
929 657
1 490
721 402
896 487
592 129
984 957
166 542
148 699
353 487
342 202
101 966
238 133
86 843
910 114
549 653
795 749
974 829
471 432
914 416
371 269
990 641
938 919
111 244
728 324
758 963
356 275
64 868
159 355
573 567
774 465
353 307
519 272
743 713
281 642
771 76
709 770
181 447
298 307
201 729
139 639
811 449
177 553
735 155
461 27
785 509
188 570
466 820
984 534
338 854
505 893
858 452
418 385
394 366
542 693
31 905
267 727
731 671
146 762
857 690
489 590
768 685
256 319
21 671
484 758
882 614
256 139
235 968
719 300
306 497
687 380
20 198
305 62
181 274
485 789
316 946
802 43
660 231
866 473
957 200
365 142
82 418
343 25
159 871
369 778
293 748
677 404
339 164
674 110
193 82
60 301
674 514
269 952
275 265
941 386
718 901
170 420
717 392
384 866
119 829
819 798
272 873
443 812
825 261
511 42
325 864
600 168
429 615
420 758
228 53
381 586
729 28
131 760
179 70
37 920
872 719
441 823
841 137
767 913
833 373
918 247
134 661
579 200
38 235
486 618
782 579
70 482
779 236
192 928
396 697
403 513
118 55
918 408
984 646
440 545
275 644
534 736
732 603
499 377
894 185
167 614
435 640
793 984
874 943
256 130
8 516
557 42
63 360
314 100
206 96
377 263
621 939
136 593
268 503
178 274
517 965
613 113
225 704
887 980
145 514
678 280
291 735
82 655
930 727
923 373
573 585
317 459
290 802
550 62
242 983
842 422
883 93
449 106
958 615
822 384
109 583
86 231
341 970
566 312
867 620
369 725
974 871
154 712
181 146
398 552
743 427
604 792
198 647
539 907
606 950
665 401
888 487
325 814
986 429
728 725
283 819
26 300
614 579
517 426
399 964
374 480
461 143
861 212
159 660
721 287
601 597
154 84
701 529
507 642
691 16
160 203
371 489
475 145
631 824
724 181
473 37
490 878
240 859
700 64
423 141
265 695
412 35
227 770
892 439
902 277
457 670
843 915
375 589
762 597
84 735
951 137
517 289
735 81
513 776
659 212
38 90
545 688
686 214
654 363
683 29
707 156
746 759
285 60
97 662
332 698
270 950
838 271
691 570
377 574
529 984
419 807
47 702
990 484
424 530
545 595
378 731
842 420
922 297
291 453
441 179
855 570
468 548
388 91
350 51
365 588
130 673
922 711
182 801
811 956
296 661
996 916
662 357
244 372
287 817
686 331
139 214
143 777
698 693
948 934
826 348
429 409
724 643
751 687
220 642
504 846
274 140
875 259
434 515
419 278
134 966
581 533
45 584
73 346
162 970
858 161
819 342
148 963
691 800
197 409
653 906
162 481
442 35
361 365
589 29
737 892
47 74
353 414
934 764
747 39
490 520
366 9
942 402
568 294
937 650
717 704
236 513
393 394
624 750
828 783
164 270
373 257
617 741
373 473
919 347
812 685
281 957
224 502
356 19
458 204
155 24
122 165
717 808
397 954
984 923
567 207
405 154
210 200
353 42
522 437
635 966
312 40
292 311
375 869
617 521
865 854
553 402
64 749
346 364
975 244
798 553
428 758
809 435
501 570
230 539
220 895
190 230
591 484
43 86
744 800
838 466
851 676
640 956
112 79
420 712
586 40
941 425
711 414
327 941
483 792
92 737
736 316
561 111
322 38
976 88
551 276
41 929
302 390
16 948
152 194
522 467
453 523
451 145
806 377
635 385
638 568
597 416
20 307
348 740
759 785
253 218
260 516
190 6
118 279
375 774
995 148
203 863
120 822
248 924
777 424
822 546
404 119
18 583
880 479
335 989
488 0
701 962
274 772
550 498
327 691
450 547
551 383
830 282
954 749
638 396
935 68
570 510
76 396
541 53
896 939
386 510
873 400
817 577
942 897
319 203
791 633
866 839
502 794
877 936
218 480
431 384
928 752
389 391
30 52
637 496
521 933
510 392
808 193
303 943
96 422
305 486
520 836
936 880
972 347
181 802
667 974
68 337
724 666
53 455
95 316
549 414
681 950
764 485
101 117
344 902
938 708
494 541
771 346
803 403
349 112
623 16
264 861
945 420
810 267
552 850
669 104
451 377
771 434
645 876
879 390
582 850
388 107
8 111
772 551
835 690
79 426
816 412
646 194
362 744
864 176
770 333
228 601
512 62
226 539
854 875
694 99
302 365
137 754
955 485
580 622
137 586
853 100
443 894
709 567
262 42
11 985
758 85
448 108
342 291
471 137
797 521
199 478
68 53
251 836
166 160
423 764
29 827
978 826
904 823
572 999
200 47
112 461
769 952
84 666
717 363
86 251
317 99
792 879
719 553
216 381
935 330
54 739
758 660
913 302
922 927
598 145
849 272
598 984
715 412
93 12
419 867
842 857
831 456
328 886
427 361
170 953
741 265
3 665
690 720
760 45
95 732
175 944
577 290
908 88
974 89
445 601
365 639
4 96
610 536
273 659
268 277
574 256
81 580
373 367
775 94
295 613
334 558
966 380
640 872
519 189
75 342
854 886
925 254
811 299
370 871
463 582
370 957
439 459
195 485
857 709
475 1
271 724
808 20
860 95
399 344
112 199
771 709
286 196
895 438
774 655
736 434
202 723
900 198
242 249
926 540
710 216
834 222
291 306
963 249
107 215
513 824
443 869
107 411
558 912
177 965
568 168
479 169
144 836
981 833
998 794
234 329
104 678
862 739
297 805
730 278
139 840
58 602
685 275
381 472
957 577
252 756
584 50
984 852
227 460
771 629
928 5
523 35
849 715
284 537
946 937
985 539
848 297
961 75
127 794
137 605
16 968
55 953
624 962
953 120
792 230
992 527
991 787
392 887
577 833
116 143
411 547
189 342
54 831
557 873
346 15
290 531
516 582
983 748
602 261
424 400
197 864
18 93
590 420
845 652
532 447
805 129
504 444
104 719
310 736
39 928
504 96
722 465
831 711
565 397
839 205
472 967
767 185
651 475
751 521
267 794
910 583
602 821
624 945
679 381
506 772
280 723
662 299
786 678
171 640
783 665
660 942
425 933
65 366
648 670
445 964
282 511
63 429
291 330
943 18
455 784
786 772
37 32
44 731
76 68
898 878
852 738
274 840
446 704
841 297
688 449
395 137
944 859
844 239
696 27
582 93
692 931
385 177
99 601
853 749
458 93
928 578
467 832
42 406
181 688
108 252
502 64
394 78
73 771
581 92
725 789
413 886
710 333
54 960
280 597
970 698
111 882
65 309
136 967
821 693
386 903
853 512
409 782
513 122
548 487
314 811
666 581
153 50
146 537
160 806
95 196
76 518
710 746
793 60
55 228
759 439
947 260
636 902
239 530
578 576
318 403
12 133
869 857
78 467
239 567
856 935
662 896
164 108
223 776
202 387
131 69
976 385
858 141
894 703
684 302
83 992
386 896
795 520
933 901
505 185
694 776
808 306
749 933
558 371
854 988
617 247
350 611
77 38
582 484
70 656
326 625
275 133
866 67
609 699
653 672
699 765
412 329
981 84
660 749
919 274
124 43
776 113
543 59
622 706
5 77
912 340
963 228
126 960
31 561
658 6
716 587
114 870
139 823
776 237
666 358
815 76
984 989
618 967
918 658
763 492
445 514
995 785
920 823
293 572
429 534
907 19
212 910
103 837
116 810
910 435
659 860
504 115
981 366
402 221
948 702
272 150
994 520
257 704
706 873
781 87
170 834
622 451
410 576
676 62
775 828
213 363
856 810
206 418
962 561
847 392
350 933
955 135
801 323
736 922
395 922
20 114
924 916
31101 -1 -1 -1 47200 -1 20629 -1 -1 -1 -1 -1 -1 -1 -1 -1 -1 -1 -1 -1 -1 9515 -1 -1 -1 -1 -1 -1 -1 -1 -1 -1 -1 17857 -1 -1 -1 -1 -1 -1 -1 -1 -1 -1 -1 -1 -1 -1 -1 -1 -1 9950 -1 33762 -1 -1 -1 -1 -1 -1 -1 -1 -1 -1 -1 -1 -1 -1 61334 10463 -1 -1 5350 -1 -1 -1 -1 20720 -1 -1 -1 -1 -1 -1 -1 -1 -1 -1 -1 -1 24663 14482 -1 -1 -1 -1 -1 -1 -1 -1 -1 51093 -1 -1 -1 -1 16277 -1 48180 -1 -1 -1 26411 -1 -1 -1 -1 -1 -1 -1 -1 -1 44482 -1 -1 -1 -1 -1 -1 -1 -1 48047 -1 -1 -1 -1 -1 -1 -1 65137 -1 -1 -1 -1 9480 52221 -1 -1 -1 -1 64805 5662 -1 -1 -1 -1 -1 -1 -1 -1 -1 -1 61428 -1 -1 -1 -1 51175 -1 -1 -1 -1 -1 -1 4655 -1 -1 21435 -1 -1 -1 -1 16124 -1 -1 -1 43156 50490 -1 -1 -1 -1 45860 -1 -1 15303 -1 -1 -1 -1 -1 -1 -1 -1 -1 -1 -1 24910 53498 -1 -1 -1 -1 -1 -1 -1 60108 -1 -1 -1 -1 -1 -1 -1 -1 -1 57109 -1 -1 -1 -1 -1 -1 -1 -1 44453 -1 -1 -1 -1 -1 -1 -1 -1 -1 -1 -1 22079 49056 -1 13155 -1 -1 -1 -1 -1 -1 -1 -1 -1 -1 -1 -1 -1 -1 -1 -1 -1 -1 58982 54111 -1 13824 -1 -1 -1 -1 -1 -1 6379 17423 -1 -1 -1 37487 -1 -1 -1 58638 -1 52963 37300 26479 -1 -1 29943 -1 -1 -1 -1 -1 -1 -1 -1 -1 38894 -1 -1 -1 -1 -1 -1 -1 14957 -1 -1 -1 24870 -1 -1 -1 -1 21085 64413 -1 -1 -1 33314 -1 -1 -1 -1 29772 39732 -1 -1 -1 18674 -1 -1 -1 -1 -1 -1 26307 -1 -1 -1 21145 28796 -1 -1 -1 -1 10911 64679 32659 -1 42636 -1 -1 -1 -1 16682 1046 46444 -1 63953 65047 52209 -1 -1 -1 -1 -1 -1 -1 56253 -1 -1 -1 -1 -1 -1 -1 21627 -1 25590 -1 -1 44597 -1 -1 62099 33265 -1 -1 -1 -1 -1 -1 -1 -1 -1 -1 -1 -1 -1 17407 -1 -1 -1 -1 -1 -1 -1 -1 -1 6109 -1 -1 -1 18014 -1 41757 -1 -1 38147 -1 -1 -1 -1 -1 -1 38586 -1 -1 43024 -1 -1 -1 -1 -1 -1 -1 -1 -1 -1 12278 -1 27808 -1 -1 -1 29049 -1 -1 -1 43547 -1 -1 -1 -1 -1 8044 57249 -1 -1 -1 -1 10931 -1 -1 52140 -1 -1 -1 -1 -1 -1 -1 -1 -1 -1 -1 -1 31132 -1 -1 -1 -1 -1 22598 -1 -1 51373 -1 -1 -1 -1 -1 -1 -1 -1 -1 -1 -1 -1 -1 -1 -1 -1 -1 -1 -1 21325 41467 22657 604 -1 -1 -1 7262 -1 -1 -1 -1 -1 -1 -1 44279 -1 -1 -1 -1 -1 -1 -1 20268 -1 -1 -1 16921 -1 -1 47117 -1 -1 -1 -1 -1 58231 -1 -1 -1 -1 -1 -1 -1 -1 -1 -1 -1 -1 -1 -1 48274 -1 -1 -1 -1 -1 -1 -1 -1 -1 -1 -1 -1 -1 -1 -1 -1 -1 19066 -1 -1 -1 -1 -1 -1 -1 -1 -1 -1 -1 5348 -1 -1 -1 -1 -1 -1 -1 -1 -1 -1 -1 -1 -1 -1 -1 -1 -1 -1 -1 -1 -1 -1 1916 -1 -1 -1 -1 -1 -1 4101 -1 -1 -1 -1 -1 -1 25274 44024 -1 -1 -1 56407 -1 -1 -1 -1 -1 -1 -1 31822 -1 -1 49871 51459 30957 43816 18566 25352 -1 -1 -1 -1 -1 -1 37037 -1 -1 -1 -1 -1 -1 -1 -1 5879 53142 28262 -1 -1 -1 -1 -1 13362 -1 -1 -1 -1 -1 -1 -1 -1 57320 -1 -1 -1 -1 21912 -1 -1 -1 -1 -1 -1 -1 27990 -1 -1 -1 65288 -1 -1 -1 -1 -1 -1 -1 -1 -1 63052 -1 -1 -1 51608 -1 -1 -1 21925 -1 -1 -1 -1 -1 -1 -1 18979 -1 -1 -1 27251 -1 -1 -1 -1 -1 61600 10901 -1 -1 51631 -1 -1 31748 -1 -1 -1 -1 -1 -1 23777 26583 -1 27943 -1 30968 22943 5363 -1 60659 -1 53930 -1 -1 -1 -1 -1 -1 -1 -1 -1 -1 30362 -1 -1 -1 -1 -1 -1 -1 -1 14596 -1 -1 -1 -1 -1 -1 9745 -1 -1 -1 2374 -1 -1 -1 -1 -1 -1 -1 -1 -1 -1 -1 -1 -1 -1 -1 -1 -1 51480 -1 -1 -1 -1 -1 -1 34726 -1 42239 -1 -1 -1 -1 -1 -1 -1 40265 -1 -1 -1 -1 -1 -1 -1 -1 -1 42391 -1 29396 -1 -1 3111 -1 -1 38239 3944 -1 -1 -1 -1 -1 -1 -1 -1 -1 -1 49176 -1 -1 -1 -1 -1 -1 -1 -1 -1 -1 -1 -1 -1 -1 -1 -1 -1 -1 -1 -1 -1 45221 -1 -1 -1 11050 -1 -1 33609 -1 -1 11825 -1 22576 -1 -1 -1 -1 -1 -1 -1 14567 -1 7149 -1 -1 -1 -1 63695 -1 -1 -1 -1 23665 -1 -1 -1 -1 -1 38918 -1 -1 -1 -1 -1 -1 -1 -1 -1 -1 -1 63933 -1 -1 -1 -1 -1 -1 -1 -1 -1 -1 -1 30667 -1 53930 -1 14259 -1 -1 18256 -1 -1 -1 8169 54168 -1 -1 -1 13730 -1 -1 -1 -1 43064 -1 -1 -1 -1 -1 9814 -1 -1 -1 -1 -1 -1 -1 24869 2136 -1 35503 -1 -1 4013 -1 64343 -1 -1 -1 -1 -1 -1 -1 -1 32834 30040 39256
6
0 903 6 949 6
1 291 6 297 9
0 698 15 85 1
1 529 11 139 4
1 637 7 0 12
0 562 6 664 4
