1000 5000
58 915
521 767
959 116
841 961
848 413
770 684
58 331
589 227
360 473
156 133
119 260
181 567
280 410
873 635
487 137
478 24
150 596
894 358
193 798
758 889
686 269
283 937
544 692
631 408
287 930
171 101
875 466
349 110
594 250
969 277
795 484
106 792
941 617
384 634
695 839
161 805
925 634
427 626
411 169
659 844
516 956
951 669
708 172
337 294
367 805
712 292
187 269
380 907
128 473
362 915
706 369
877 790
779 21
404 283
439 560
10 852
533 235
833 817
824 199
322 230
147 749
160 304
521 151
94 231
911 646
838 251
287 337
187 402
537 548
56 396
367 998
492 351
787 360
963 180
580 958
663 901
195 343
954 837
448 25
451 507
20 253
822 222
264 569
479 677
767 931
20 284
111 47
596 55
777 203
106 357
238 32
617 355
32 146
414 176
583 1
196 554
109 696
408 613
900 630
237 216
190 57
193 2
175 254
862 900
667 181
859 305
548 18
524 688
816 366
91 145
444 918
34 506
946 741
95 34
65 989
42 136
57 635
131 768
304 332
28 799
981 262
435 636
620 78
249 204
545 434
735 116
623 915
972 859
911 346
212 432
434 49
551 560
730 424
230 966
176 890
797 745
211 72
141 284
140 500
348 804
121 141
875 288
159 588
207 615
490 375
446 494
479 626
21 825
536 808
537 705
27 991
539 64
15 39
866 811
131 193
712 427
390 742
891 161
422 306
754 112
687 355
150 397
400 778
382 773
643 277
976 609
568 880
833 961
318 973
730 289
559 59
944 656
133 906
502 354
473 669
641 548
236 891
99 131
756 224
317 310
881 614
728 681
805 256
914 684
500 934
73 266
739 213
865 928
904 851
925 426
281 574
775 366
297 302
204 432
824 60
128 255
9 163
527 127
652 347
605 925
97 353
408 15
469 448
406 730
203 159
805 577
502 548
596 991
824 90
400 960
742 626
92 331
752 898
20 101
594 391
896 325
778 906
941 380
230 478
509 466
769 800
592 204
548 486
335 259
108 548
618 108
193 769
998 54
349 57
732 30
563 554
805 432
759 991
50 250
166 449
452 388
84 692
857 44
524 958
741 619
25 140
987 237
237 111
656 764
457 286
553 227
948 261
367 254
19 202
697 563
370 745
715 830
798 405
101 693
330 356
510 822
672 824
226 113
111 197
612 563
111 334
755 847
850 41
579 682
438 993
868 39
775 426
908 816
733 412
33 55
646 541
609 470
421 857
503 363
182 84
347 24
796 420
713 978
299 290
377 426
653 846
412 430
837 374
971 126
849 979
59 290
277 956
607 239
220 877
991 142
537 91
884 105
37 45
42 954
654 986
649 758
214 58
992 805
137 677
898 330
493 990
984 386
596 439
234 506
740 751
976 915
441 546
359 854
440 233
174 81
982 713
296 681
678 997
568 597
827 662
405 740
274 177
932 258
603 963
67 830
823 499
792 558
348 34
548 330
12 763
354 803
998 914
499 257
790 884
899 169
784 427
579 780
38 721
343 701
722 982
295 946
878 471
155 307
770 790
589 609
961 748
246 625
619 193
22 686
55 530
735 805
960 974
850 29
515 938
756 698
115 12
85 508
376 338
345 582
39 83
470 913
614 887
670 226
99 647
920 827
688 646
765 700
294 509
584 145
322 496
107 157
721 417
358 835
873 222
740 445
791 719
467 920
572 173
419 13
750 661
872 636
120 362
78 198
709 100
799 883
838 847
891 281
941 568
526 413
19 291
969 888
546 986
897 417
553 108
433 925
912 0
778 357
553 33
2 292
666 811
790 10
460 896
368 416
274 484
210 458
870 516
308 977
839 981
503 486
471 880
659 865
0 724
941 357
164 532
713 778
726 649
421 443
421 357
507 502
451 182
819 21
262 176
40 330
833 173
209 552
527 258
393 576
822 332
910 920
385 19
622 587
702 505
190 73
816 31
724 514
826 331
109 852
936 343
141 740
815 467
666 653
695 598
173 659
38 521
42 484
10 997
166 915
557 348
581 749
820 229
214 702
769 393
518 91
79 718
479 749
94 464
702 647
917 141
129 782
585 673
613 676
53 570
969 742
122 197
773 75
405 747
54 986
113 439
28 826
779 489
931 594
806 767
610 375
563 873
387 75
393 550
947 7
722 779
907 34
21 188
974 157
564 590
169 527
47 636
218 164
799 760
274 708
831 913
543 818
320 724
653 60
834 670
211 704
498 884
889 452
800 309
82 102
775 793
854 124
114 320
366 179
153 170
118 129
848 632
604 751
114 637
103 360
447 173
383 635
936 803
538 581
992 883
669 160
811 229
474 181
753 344
886 418
351 106
93 741
789 925
33 441
534 964
125 917
65 896
818 675
177 803
497 590
851 953
49 568
801 477
413 65
725 432
889 431
193 480
212 640
640 930
835 892
956 279
238 966
562 689
921 429
58 585
663 321
371 946
221 689
697 114
491 194
738 388
967 435
420 418
286 358
693 791
646 760
168 7
212 126
429 637
373 872
335 165
232 509
109 291
591 340
468 822
154 75
660 370
866 841
959 852
824 391
977 192
287 273
335 275
81 295
433 217
243 78
588 847
548 751
429 422
707 959
961 915
39 709
893 443
142 581
797 379
238 363
504 231
255 777
606 813
599 235
999 924
258 847
76 835
279 684
466 92
935 559
800 425
866 550
372 37
598 772
932 588
197 476
139 341
81 752
884 962
984 446
608 614
305 691
372 605
885 163
814 166
484 361
25 716
628 256
877 344
717 640
504 435
866 769
18 252
625 286
491 295
342 467
229 972
469 158
873 263
684 183
921 893
770 579
119 732
726 622
590 437
292 752
534 135
21 715
246 820
967 208
565 584
567 933
770 245
5 392
575 644
710 784
95 546
354 385
903 363
905 752
974 762
955 876
59 89
37 719
715 694
386 677
904 908
353 594
569 884
802 447
646 616
352 427
870 862
256 843
553 264
277 247
591 782
605 576
260 41
154 824
618 237
684 701
825 549
825 580
308 160
61 323
611 778
295 809
706 189
861 444
481 734
887 238
784 559
482 406
30 846
994 854
377 757
828 561
726 973
124 11
520 240
618 48
323 69
135 963
665 350
649 383
171 969
317 737
306 642
295 131
463 806
841 330
580 409
366 776
772 132
996 285
551 981
427 165
620 103
229 450
21 206
970 144
552 358
49 902
382 265
149 739
890 941
649 541
149 120
640 123
140 741
725 469
631 740
79 960
511 801
646 422
826 359
827 650
152 942
558 352
295 817
114 714
398 199
180 656
976 383
33 727
399 680
252 405
53 573
822 239
588 493
892 693
214 445
40 682
730 179
235 438
858 34
917 84
209 107
480 660
45 290
820 225
258 5
61 902
70 110
721 204
216 168
347 597
144 938
805 675
320 795
599 730
844 555
875 26
500 566
913 336
475 871
746 526
277 751
553 578
464 509
787 870
2 432
180 240
815 958
987 647
729 25
97 523
650 720
378 404
194 232
234 306
120 191
798 182
39 450
300 463
801 403
630 597
606 319
514 216
983 324
97 132
375 154
581 906
52 976
280 306
320 755
306 311
206 899
503 495
771 798
574 520
855 739
312 620
13 784
941 235
762 502
867 378
689 577
801 491
532 416
672 180
183 542
303 937
841 585
519 736
316 154
793 656
97 809
253 497
172 55
583 529
430 862
970 228
487 422
161 543
705 821
720 639
98 293
195 227
99 197
388 181
674 423
59 23
741 348
1 934
480 122
628 112
515 102
177 226
863 20
22 479
706 373
413 306
519 925
227 448
712 701
115 936
50 94
406 18
806 272
342 48
13 517
377 740
104 182
274 126
332 480
137 580
500 81
287 519
559 612
991 562
809 614
668 231
415 667
574 564
872 322
945 270
720 585
331 162
262 784
513 313
865 95
570 637
665 280
25 534
834 548
700 569
83 111
781 539
431 59
656 530
18 763
909 740
92 68
578 152
315 287
897 794
133 531
615 298
550 438
445 300
805 906
855 829
955 728
800 576
682 715
761 772
617 735
362 838
114 512
880 472
445 112
66 910
779 400
507 715
3 264
970 725
269 540
956 469
798 791
9 99
619 268
63 160
899 879
578 369
993 61
289 945
34 965
738 351
890 502
270 433
63 70
610 57
387 240
222 716
961 767
176 335
145 761
842 269
34 736
561 834
940 177
600 562
438 545
392 259
306 160
987 331
164 765
810 819
622 560
623 991
432 137
9 938
718 44
904 637
110 649
136 251
586 28
436 476
886 417
242 82
488 249
75 93
700 175
614 252
699 363
601 708
977 305
82 957
35 197
991 597
542 178
925 623
169 85
316 43
837 855
685 500
210 515
588 640
136 373
253 381
505 621
294 590
274 207
863 343
237 86
478 188
41 451
862 977
450 969
79 136
728 697
843 331
811 849
414 702
291 406
17 203
532 558
482 732
71 218
927 346
536 547
789 409
557 821
70 816
671 323
812 71
208 92
11 96
3 435
233 25
63 301
698 733
885 817
681 186
42 596
767 874
158 635
102 275
414 166
745 927
41 531
468 389
78 225
597 741
306 591
464 78
824 301
408 410
398 405
723 326
978 707
85 12
835 902
472 168
676 333
941 58
582 88
245 858
65 452
944 630
263 407
522 254
307 976
122 408
189 141
177 781
271 480
632 759
417 596
954 636
656 804
257 295
391 44
473 562
996 832
109 856
709 529
420 313
515 296
98 821
12 292
915 406
420 501
76 807
315 739
379 641
227 450
2 575
620 200
939 586
600 481
527 348
333 223
37 665
590 754
317 829
329 946
827 201
682 752
858 551
659 918
37 528
258 494
207 697
613 586
33 233
19 573
950 518
37 898
509 491
96 91
990 299
84 462
248 852
310 945
688 86
521 980
466 391
976 417
835 742
384 885
85 648
758 634
696 224
878 855
376 727
924 32
297 744
262 406
85 19
257 112
462 48
240 388
242 909
752 893
50 218
100 715
281 974
924 971
420 11
178 155
870 892
5 957
83 520
612 903
684 522
525 92
644 129
97 509
229 909
408 236
818 757
98 782
86 473
726 214
226 474
943 315
222 434
672 618
268 92
514 606
691 360
322 784
223 625
985 516
841 575
919 924
806 762
480 37
270 598
642 858
132 398
261 239
16 381
676 895
77 385
860 51
40 125
355 468
887 226
727 402
603 803
354 924
200 869
424 599
146 793
255 948
574 541
410 268
364 668
976 240
977 28
722 663
179 132
540 125
431 98
426 386
615 374
599 187
966 830
406 92
239 723
481 347
726 221
443 252
563 792
72 500
166 762
219 127
973 400
408 161
458 5
544 531
561 658
633 630
501 83
492 296
376 968
768 542
908 124
251 875
51 953
853 910
132 847
332 31
46 381
694 173
232 965
881 343
600 252
494 236
233 283
783 342
420 26
712 962
237 399
5 888
375 24
638 852
314 836
783 448
385 649
882 48
907 680
387 499
342 562
532 341
453 627
396 378
50 379
30 193
551 600
736 427
42 846
30 301
11 822
392 437
323 148
724 930
795 492
353 598
471 52
789 250
286 294
444 322
750 781
597 100
419 870
407 514
387 813
760 549
977 675
728 582
595 782
726 823
572 889
548 44
205 886
321 334
231 606
483 554
649 645
194 315
54 944
31 263
930 17
140 640
281 559
316 727
173 268
285 300
645 896
475 570
835 855
790 95
657 727
506 775
637 459
361 356
286 86
921 152
373 696
35 377
139 651
960 318
261 361
643 987
505 137
567 980
878 930
837 188
623 26
459 36
443 977
248 990
500 86
743 1
525 385
9 859
77 839
389 370
717 509
591 516
927 162
674 22
950 517
726 352
797 502
774 640
175 966
153 299
628 487
62 598
121 534
554 672
369 373
924 886
814 635
150 659
899 953
747 795
371 400
604 668
862 33
154 678
70 587
42 602
189 245
31 555
894 577
466 969
469 843
706 362
388 271
835 668
219 965
704 525
114 733
777 928
469 161
216 540
962 460
724 769
94 784
350 311
198 244
712 78
259 132
849 0
646 761
137 446
329 729
987 5
907 701
842 611
266 107
801 453
79 104
865 876
977 206
338 966
489 414
430 360
381 263
962 767
531 153
762 714
916 109
179 269
260 734
278 463
476 784
496 671
767 781
133 590
131 699
685 74
122 767
769 617
63 40
912 290
51 473
517 367
62 656
102 605
282 636
450 238
369 165
829 237
985 519
635 806
475 598
377 218
815 718
194 12
984 612
864 559
345 92
612 920
53 816
640 571
352 225
868 573
45 845
823 619
316 796
265 450
499 770
9 144
322 460
941 811
848 691
183 583
522 982
496 985
446 626
521 824
223 325
781 224
551 23
96 298
474 187
850 188
869 866
856 348
843 647
174 291
96 307
330 726
336 878
135 726
615 189
796 404
641 57
118 886
330 426
530 150
202 225
447 288
888 59
887 86
584 947
156 287
310 424
858 592
470 318
265 259
469 597
397 90
82 11
944 168
4 937
391 42
901 150
814 462
927 690
296 982
51 322
630 965
249 987
311 91
914 481
842 878
655 518
110 438
704 37
918 707
740 79
777 206
651 18
694 515
364 841
677 476
39 18
374 15
945 382
809 975
32 943
334 950
115 977
546 262
283 914
541 504
513 383
53 865
688 435
268 42
472 46
467 791
54 739
265 995
341 735
260 750
351 49
832 451
983 167
731 928
5 793
403 484
418 166
322 166
198 246
572 707
889 52
326 579
349 827
361 490
224 181
162 136
167 810
492 504
274 204
256 443
714 416
891 422
384 676
637 943
230 319
970 320
811 909
120 803
638 644
178 55
761 13
557 426
992 618
608 567
587 848
154 613
950 44
320 190
431 890
432 795
696 48
659 728
897 807
744 131
445 20
539 291
72 935
360 633
578 841
232 779
811 33
807 41
371 69
718 595
362 232
459 676
697 267
867 757
420 445
892 303
765 397
404 118
499 96
561 461
936 879
125 804
897 185
130 744
93 750
270 30
649 868
245 605
907 262
735 319
894 616
900 513
385 880
672 657
427 926
866 925
460 762
531 503
951 569
13 776
172 962
691 140
196 127
864 847
878 632
854 116
425 532
623 223
786 667
85 40
663 530
90 905
101 938
539 995
985 538
901 242
160 847
743 197
417 118
938 561
530 878
16 990
588 417
650 879
484 701
409 526
927 609
487 585
68 721
922 500
561 694
459 894
202 569
361 132
276 415
24 951
393 350
187 154
818 724
695 291
417 872
397 393
19 408
183 105
864 764
531 245
873 830
148 812
801 276
942 650
658 971
153 111
744 674
186 798
112 135
481 856
957 419
624 907
99 379
981 373
356 243
958 963
592 43
18 54
140 156
133 320
459 405
889 26
897 584
345 475
609 228
601 997
124 146
966 985
104 230
193 564
913 364
900 502
238 91
559 45
615 285
487 10
598 735
33 623
680 370
807 409
820 280
588 123
523 201
626 666
815 543
573 451
665 417
843 755
505 158
621 583
538 147
691 148
74 40
319 96
534 515
311 353
460 959
417 908
776 839
753 324
372 299
703 996
974 402
953 942
652 77
490 126
204 278
106 668
464 534
52 779
715 609
380 638
486 987
998 479
145 310
520 472
195 10
12 452
960 854
370 399
665 818
5 991
385 516
686 843
663 197
733 642
428 698
976 272
227 667
275 474
723 359
766 423
97 258
243 543
242 446
592 785
986 937
785 190
390 276
930 397
460 303
456 229
270 414
461 663
607 22
923 818
208 10
64 637
760 137
180 585
766 448
406 420
694 598
17 970
518 972
650 826
643 214
958 511
720 881
518 675
157 461
768 263
480 852
739 594
955 283
191 118
137 114
506 872
933 259
354 918
246 570
879 3
744 215
243 534
213 957
977 750
807 476
570 657
864 690
409 54
721 984
592 650
356 298
256 724
827 371
466 506
372 899
909 288
625 948
734 833
914 388
323 380
230 662
265 554
432 177
755 898
143 94
608 320
965 91
668 408
442 207
366 589
769 479
97 579
768 699
677 485
305 253
517 747
416 769
364 471
603 321
813 666
491 955
596 409
518 485
332 747
640 889
67 709
889 557
940 753
610 787
509 632
627 543
356 667
883 599
990 954
988 993
1 527
121 790
546 693
592 361
824 127
815 132
626 620
897 806
418 372
77 54
887 129
678 710
564 984
255 861
637 912
528 323
130 738
177 278
827 307
352 469
42 682
658 414
770 980
558 504
539 57
170 743
114 313
945 513
456 600
779 501
902 978
532 139
459 839
260 736
79 944
330 201
539 615
996 216
494 208
705 402
492 851
915 832
997 609
853 184
831 714
222 44
558 757
9 69
154 211
702 764
411 986
955 658
810 755
600 907
148 282
61 554
862 64
226 680
299 863
782 502
956 831
729 857
686 68
954 290
113 645
608 343
13 972
958 576
479 8
627 965
224 487
273 628
199 834
252 940
649 313
168 276
862 724
909 635
948 763
916 324
817 746
472 983
594 851
304 306
472 203
72 76
725 885
317 103
805 790
290 538
550 345
465 229
812 774
336 111
25 795
324 531
474 289
228 657
621 535
991 168
329 629
30 81
440 643
705 270
142 534
881 701
811 69
644 142
166 779
428 740
90 830
898 465
574 590
649 730
640 26
103 449
279 624
759 169
8 17
774 841
498 787
542 796
821 751
916 825
390 551
216 212
998 169
38 716
323 120
299 698
807 87
508 857
469 738
282 863
952 803
125 696
489 201
643 988
286 164
238 205
918 641
992 350
270 843
193 270
462 446
985 558
13 341
729 127
776 947
933 457
43 37
960 282
412 80
388 86
892 312
300 340
328 857
335 338
683 926
83 817
394 585
968 566
461 862
135 509
964 381
8 164
519 124
229 389
210 110
583 55
995 186
752 713
805 136
906 250
737 74
198 923
897 214
376 522
271 770
442 866
628 813
213 521
834 274
483 796
851 192
279 377
927 253
641 136
613 245
548 118
942 128
839 383
503 95
395 683
792 157
281 36
123 142
537 730
517 524
587 880
253 398
715 425
44 585
297 525
979 100
156 141
908 565
735 770
180 873
174 203
508 928
355 698
430 517
889 667
512 937
784 588
197 303
82 845
153 913
66 77
660 230
58 425
715 954
806 625
945 819
228 57
45 504
143 90
918 58
205 545
213 743
118 692
8 353
142 891
48 204
35 503
669 769
481 421
191 675
248 66
93 702
884 699
875 835
721 526
329 728
703 613
246 392
2 353
384 781
606 793
601 451
35 626
478 495
234 259
673 474
806 140
901 190
514 198
73 306
16 444
537 984
661 287
701 647
9 314
678 467
367 446
485 2
230 442
876 936
140 269
916 170
217 381
27 604
90 818
992 126
469 300
187 574
501 365
574 225
652 327
262 651
728 136
840 518
722 606
949 614
215 925
725 783
156 483
972 689
610 824
380 544
90 224
834 759
909 266
271 181
931 113
393 767
825 989
146 475
632 892
513 442
80 738
421 656
721 642
692 857
342 948
813 844
977 318
573 450
698 882
162 177
662 576
209 171
683 931
966 849
828 869
314 68
362 2
705 368
25 703
835 449
590 428
184 155
733 608
504 431
713 178
849 122
953 352
179 459
64 606
929 692
688 423
441 145
414 859
896 20
472 920
78 518
894 179
696 310
617 541
971 330
816 481
218 532
120 58
891 255
830 692
772 978
199 54
485 617
212 847
2 673
908 512
437 370
732 246
716 610
315 108
969 517
893 763
562 126
831 10
193 535
786 836
395 246
775 580
478 669
68 501
992 840
308 599
263 557
376 364
15 996
35 643
177 790
890 669
693 571
704 768
342 843
635 847
812 450
797 732
405 861
200 291
755 767
39 338
357 912
18 652
14 647
392 678
615 468
253 0
968 451
636 88
958 242
853 708
667 31
283 238
263 200
155 514
888 91
288 258
827 869
864 198
766 183
631 230
710 55
546 221
158 803
297 628
139 560
496 545
393 610
216 449
796 848
602 517
935 141
751 742
58 123
286 807
318 597
935 34
723 985
288 75
218 252
954 73
102 472
758 421
908 88
583 112
250 46
526 348
27 544
132 927
621 883
39 265
374 528
276 63
164 174
290 79
584 547
693 960
223 564
642 587
570 728
266 704
538 922
81 373
924 322
864 793
302 47
285 428
416 29
885 704
234 127
136 842
762 900
954 446
553 452
572 891
54 469
722 766
21 400
740 568
463 270
974 910
527 810
397 392
538 652
545 183
794 685
447 166
999 426
509 845
826 461
705 865
965 625
973 741
670 841
682 723
703 86
207 616
318 9
922 460
399 856
347 323
94 140
80 866
500 642
346 884
626 50
198 721
543 982
202 440
193 706
316 595
9 606
516 915
954 752
696 149
281 375
94 427
174 392
324 294
459 687
639 572
583 421
937 21
710 160
562 462
258 852
553 949
916 74
177 758
27 540
92 579
338 124
803 553
696 468
956 351
399 229
540 228
501 917
441 291
876 909
430 739
905 826
865 325
391 261
201 264
320 945
779 657
189 327
657 681
540 544
320 478
406 836
56 579
967 369
585 232
358 526
831 918
276 292
290 113
382 279
432 206
305 799
496 89
891 100
50 962
131 513
28 391
586 145
768 136
30 559
223 799
135 278
966 219
545 779
737 154
936 341
304 386
899 106
509 214
262 420
138 443
216 411
167 391
177 308
831 258
793 566
846 996
267 934
780 109
924 915
450 242
56 310
188 606
110 862
276 709
294 90
849 673
236 40
176 589
18 835
434 974
684 164
534 340
776 296
155 569
901 624
808 719
698 720
47 280
135 133
527 145
246 614
10 911
185 328
271 516
32 577
183 630
632 18
210 176
786 447
421 594
772 550
202 656
974 375
554 437
734 578
570 108
724 615
11 3
553 969
712 420
159 268
170 966
687 997
527 166
626 147
735 752
797 830
400 448
397 374
654 157
881 725
632 912
99 406
401 833
57 525
835 151
556 462
974 946
994 442
632 888
144 776
867 707
505 974
764 214
576 336
487 482
259 476
148 594
679 770
184 107
812 26
57 445
669 355
122 607
972 404
95 609
897 139
236 434
55 619
403 621
368 540
5 649
814 722
889 488
275 644
871 281
191 337
533 228
35 603
220 0
727 731
999 596
274 318
322 990
517 784
114 964
987 191
708 327
302 772
711 521
761 119
472 712
238 552
784 916
599 930
384 314
895 358
363 248
877 398
961 496
709 875
497 99
439 795
715 797
182 569
325 33
813 729
662 650
851 868
535 179
971 192
275 359
290 885
794 354
538 901
956 325
453 19
557 185
270 69
638 403
83 208
436 668
965 366
87 686
720 591
604 513
359 657
225 863
629 412
47 136
20 30
770 891
118 532
484 346
257 304
325 148
33 350
765 352
363 540
450 435
118 407
74 208
633 307
27 208
89 77
203 202
827 955
105 777
19 481
796 896
326 705
191 5
622 594
784 502
964 211
920 134
171 639
316 20
246 93
983 303
191 561
401 675
8 170
408 612
656 982
553 507
699 122
810 211
85 588
670 438
743 444
887 412
62 242
598 964
935 639
609 110
516 902
696 880
825 436
649 755
382 56
335 772
525 279
938 484
191 825
557 901
712 501
441 986
768 588
715 666
809 187
6 932
312 78
259 870
614 409
377 760
121 532
214 830
408 303
833 573
810 993
594 664
964 509
526 605
955 655
71 652
678 520
983 423
443 310
369 147
541 151
782 146
391 997
198 430
501 944
332 473
641 539
890 768
595 173
18 938
385 102
694 849
140 77
289 651
278 221
565 159
153 133
488 979
360 832
650 742
955 484
667 473
100 661
454 800
613 824
842 455
181 343
813 227
449 362
431 780
914 585
740 762
521 520
289 591
758 297
385 422
239 532
41 289
21 906
87 46
565 611
264 668
588 266
619 763
399 193
7 529
331 272
562 187
248 526
972 925
608 77
472 6
698 738
868 640
890 615
123 24
485 516
33 829
925 341
216 330
257 514
598 161
194 537
683 345
195 437
657 768
56 421
818 47
502 876
102 218
428 869
514 376
274 626
567 774
856 297
360 256
176 447
566 168
829 557
232 674
350 824
503 689
59 688
314 685
709 643
163 738
218 295
495 384
958 34
914 63
594 656
868 92
856 140
611 736
34 553
249 752
61 304
955 648
357 50
131 487
453 458
220 208
799 745
608 80
895 510
227 202
72 659
227 630
797 10
911 987
680 994
779 840
841 840
885 548
692 685
538 158
298 429
211 996
592 489
774 932
672 887
204 864
557 863
352 521
230 668
584 606
2 573
969 705
149 291
373 250
525 227
842 694
601 827
547 24
751 268
148 799
518 658
601 273
951 71
97 537
258 830
521 755
132 607
156 81
799 141
461 717
90 375
828 196
321 641
966 343
764 147
588 910
718 40
742 284
638 418
922 271
415 884
261 497
109 556
224 395
112 143
888 394
512 29
98 542
621 188
930 112
488 126
598 704
65 119
680 386
0 667
764 476
938 472
214 948
220 296
90 70
704 88
166 584
503 753
858 729
70 334
927 918
913 86
422 593
149 360
529 544
848 973
44 739
568 328
940 593
984 728
94 957
462 619
414 174
716 718
97 322
267 161
99 90
910 925
362 121
843 212
3 614
515 892
67 643
666 497
865 377
765 41
381 539
69 302
97 588
793 431
203 330
564 225
480 13
455 14
879 690
760 467
12 202
828 523
295 238
459 387
42 470
609 97
448 673
571 277
293 85
998 750
767 395
196 676
926 67
162 493
675 994
10 389
594 569
709 155
507 712
930 58
889 39
998 899
770 390
871 48
516 879
656 32
380 62
626 773
399 125
202 212
152 493
806 820
228 743
142 400
424 873
604 363
519 93
866 248
841 53
671 752
38 795
777 820
110 415
573 903
168 81
341 10
89 394
252 350
75 203
627 674
267 574
355 183
563 659
902 542
664 34
961 208
99 649
894 504
527 265
749 668
448 746
637 307
463 878
93 443
439 534
662 156
509 934
228 391
34 73
860 472
897 583
951 768
239 969
7 998
869 641
386 359
945 775
435 899
215 44
109 476
282 178
417 685
257 154
102 892
902 649
916 647
498 583
583 192
702 400
477 183
160 80
521 386
468 758
896 407
233 453
832 81
799 426
458 799
633 811
756 387
713 100
155 81
90 951
355 863
488 565
685 879
307 830
413 643
964 823
0 229
438 39
415 339
993 539
950 274
755 473
622 67
834 55
19 304
598 358
592 955
629 225
404 609
592 933
206 259
928 813
533 173
174 145
637 627
688 844
200 279
515 264
432 756
163 189
254 344
292 632
279 51
303 413
726 746
44 769
213 518
69 552
977 603
667 952
901 284
890 853
317 450
320 273
367 930
305 816
219 380
360 809
312 957
774 338
134 178
369 378
253 132
25 808
705 309
608 595
540 631
44 452
378 565
573 857
758 748
999 839
454 92
502 729
612 275
156 238
988 512
319 918
443 564
34 174
621 728
341 615
204 21
681 971
344 183
2 267
626 79
121 13
480 871
606 27
204 554
544 768
708 801
132 267
578 60
298 232
983 479
707 25
72 416
279 728
929 572
900 485
691 741
770 350
252 955
360 612
15 998
375 646
510 769
464 210
502 288
40 782
519 179
509 41
206 97
966 860
82 836
329 476
278 338
603 161
699 785
795 783
492 12
902 245
866 335
821 583
289 561
992 2
268 987
373 655
553 317
894 276
176 783
390 273
742 219
533 826
570 752
240 87
380 389
18 630
970 795
833 606
376 801
646 409
855 597
647 234
328 982
278 4
523 845
347 259
437 739
121 136
732 520
331 750
863 38
952 796
215 489
271 980
933 911
238 635
458 709
466 282
85 920
168 19
145 868
489 457
333 817
690 39
970 726
311 68
761 674
572 443
242 491
209 161
633 134
401 476
796 608
411 212
890 993
681 785
305 363
518 2
376 805
746 351
377 262
998 932
632 670
700 326
6 744
104 377
574 915
799 809
350 431
748 20
396 389
657 323
598 807
130 652
452 542
293 632
877 515
616 566
968 515
843 15
348 857
28 1
169 7
927 673
269 536
120 737
729 688
30 108
433 668
214 757
409 366
217 78
776 295
575 610
505 360
711 587
646 30
540 951
631 338
365 496
10 778
258 146
154 790
976 835
872 74
711 421
904 212
982 617
324 442
725 923
247 227
860 46
491 561
314 742
585 295
456 744
409 277
203 252
638 287
455 825
82 971
828 309
621 5
598 57
923 489
438 528
954 953
269 818
218 472
574 28
880 760
31 624
324 99
206 941
537 134
281 106
93 645
7 742
4 890
555 988
447 700
673 833
822 70
768 385
865 368
427 175
538 108
157 141
101 71
46 703
663 925
65 435
668 922
943 35
890 572
314 462
591 659
244 46
998 377
617 61
271 837
858 854
596 216
373 300
673 306
361 90
317 337
180 40
35 386
868 16
299 969
433 903
995 205
685 73
720 109
497 513
347 708
61 388
834 141
350 505
867 65
747 557
181 411
465 140
789 523
255 503
798 374
452 789
72 18
729 38
974 783
175 184
783 452
414 982
733 964
927 685
40 470
46 114
147 648
584 801
684 532
751 345
146 851
843 995
941 735
681 582
112 911
956 124
55 534
649 486
478 456
990 477
825 223
160 243
222 685
891 703
290 772
267 867
365 829
435 641
436 41
283 339
114 658
137 874
849 262
772 162
889 83
557 422
621 877
948 679
50 351
845 22
661 155
117 894
242 824
467 62
171 729
291 147
963 432
237 813
739 724
769 352
180 339
932 117
445 771
535 868
987 106
8 799
216 460
453 435
141 373
852 888
568 767
595 676
457 14
241 109
44 547
321 384
508 787
12 87
213 338
156 676
151 930
86 575
499 800
689 489
487 784
315 896
220 72
898 600
365 56
413 531
213 778
20 839
463 414
136 628
84 83
798 120
771 848
463 974
614 114
138 126
253 252
662 216
472 412
968 584
68 412
998 621
636 956
936 715
105 63
624 195
738 647
114 177
931 38
216 995
617 100
979 896
840 882
454 638
266 487
645 108
978 845
682 318
698 29
789 262
362 475
183 731
189 104
66 663
959 992
219 856
980 701
965 889
350 312
614 324
904 667
958 17
288 651
251 980
858 150
487 254
18 615
832 102
943 834
471 299
845 672
782 53
335 496
318 946
228 860
366 924
40 321
247 881
929 943
767 313
22 539
716 910
497 750
550 802
155 359
791 879
151 530
329 961
998 803
709 847
960 192
610 666
311 704
439 701
795 231
758 650
890 645
619 159
828 518
208 278
359 902
541 166
703 649
933 522
620 307
949 781
966 446
362 118
751 886
73 379
369 853
647 919
111 779
669 693
290 598
68 628
887 821
215 365
907 222
589 14
441 54
63 880
47 50
395 995
276 263
517 278
484 187
518 642
364 990
959 634
238 982
904 100
500 789
722 655
556 390
667 995
51 381
177 262
348 685
483 476
220 626
38 383
790 429
348 524
384 555
928 578
874 441
574 403
123 785
345 627
510 503
67 888
518 615
357 335
358 764
920 328
290 438
633 814
761 10
384 562
512 604
707 812
394 185
958 279
70 961
136 732
879 335
810 969
441 138
577 183
906 699
140 720
948 364
717 984
550 232
577 558
367 617
842 578
430 471
866 711
385 41
95 977
972 529
289 149
598 845
576 533
556 269
119 983
908 887
781 4
675 314
545 414
766 510
276 349
464 442
376 913
807 634
912 906
109 724
551 846
698 27
496 44
639 194
382 620
487 460
869 437
577 820
660 863
843 177
131 888
542 895
475 766
241 427
477 416
441 283
533 317
694 781
617 3
147 736
15 264
587 867
424 271
879 638
294 925
673 416
170 410
105 774
272 496
496 534
447 61
239 642
678 454
740 468
967 302
964 135
313 870
527 339
399 996
970 601
236 49
323 296
793 543
482 178
201 191
219 12
125 608
639 222
635 338
177 862
587 666
174 381
511 994
827 448
444 408
0 223
504 940
629 596
784 935
305 67
112 876
493 704
303 622
163 103
510 69
782 969
731 949
827 252
78 379
966 595
904 608
353 473
640 29
440 410
548 899
482 396
999 33
633 485
931 73
983 772
186 478
968 766
616 450
487 465
645 124
11 171
85 20
406 659
240 153
326 119
905 326
946 298
806 981
932 492
560 183
836 988
359 774
682 765
393 536
775 401
357 125
317 937
575 528
378 112
514 428
787 403
815 404
533 794
933 380
130 749
778 80
75 546
244 850
816 981
330 607
424 628
2 652
770 692
67 454
555 343
711 645
257 446
118 843
525 837
384 240
411 523
717 503
156 300
958 550
916 403
377 823
275 450
103 881
303 137
996 940
171 418
699 743
954 560
500 714
49 774
349 452
654 619
668 117
371 25
421 193
557 341
580 333
582 724
859 669
761 546
221 652
17 277
171 562
81 309
673 360
841 300
95 31
872 66
373 75
915 636
794 812
401 81
78 988
215 524
821 715
626 699
887 967
903 92
675 526
695 733
8 291
161 997
470 574
388 765
451 824
383 568
594 623
930 354
103 485
61 609
150 139
222 888
421 841
106 873
838 657
989 474
269 550
730 549
59 179
264 785
383 797
441 920
190 462
871 852
287 446
517 976
507 695
353 841
431 851
340 748
48 955
866 908
19 843
172 342
123 589
870 389
188 48
682 868
283 897
950 229
729 649
873 357
513 839
877 780
220 395
219 651
881 473
85 924
890 724
409 570
214 507
589 920
827 566
807 327
49 900
525 930
17 384
856 44
121 538
662 120
736 1
403 85
690 120
790 379
969 491
821 931
403 42
296 499
668 571
445 672
496 402
760 421
699 452
676 770
127 249
681 892
964 92
55 99
197 534
897 795
262 61
713 744
256 775
564 370
999 680
992 661
477 760
872 975
671 335
590 615
196 563
470 668
507 329
728 290
721 492
742 114
874 989
141 895
435 465
601 108
638 828
862 835
115 407
253 429
766 737
608 872
772 810
901 12
73 698
60 826
290 266
471 203
21 368
952 461
136 299
428 370
829 419
122 581
151 45
649 146
125 475
237 329
288 89
69 514
364 764
278 898
403 636
524 775
709 813
589 809
439 299
77 208
206 437
973 392
898 773
449 751
381 492
450 246
933 523
327 15
686 230
745 675
95 530
191 844
188 396
128 325
306 278
724 599
321 122
966 783
857 672
0 138
455 845
81 991
554 463
366 235
13 295
806 67
665 703
965 343
484 290
657 318
890 320
577 790
991 899
654 176
669 178
648 395
13 946
464 906
439 627
743 522
637 484
21 3
911 80
134 61
591 927
269 622
905 155
85 696
402 367
634 375
50 848
544 459
553 901
516 663
706 370
750 619
18 16
836 668
968 186
359 619
199 534
134 395
241 715
687 486
674 772
481 494
24 579
68 422
925 802
470 754
653 837
274 940
478 23
143 22
793 817
219 630
88 957
794 991
141 968
521 19
193 656
749 427
619 16
327 607
934 846
694 339
611 6
730 194
288 142
982 276
381 743
781 311
875 464
390 315
727 969
186 250
219 386
32 789
646 65
557 564
684 17
949 256
279 87
840 84
566 295
784 464
689 764
611 682
143 210
189 527
261 20
180 151
459 776
243 810
906 318
521 265
604 168
533 100
533 192
168 978
266 77
376 391
376 52
801 757
572 346
49 90
976 592
397 622
40 392
785 502
361 114
540 247
112 926
467 60
105 458
821 442
415 294
384 821
731 576
369 940
177 764
957 59
600 447
881 595
129 686
490 829
126 179
413 404
521 543
283 798
270 827
411 542
159 985
478 718
160 841
273 930
536 894
929 815
82 38
324 154
276 21
267 926
384 427
821 795
928 142
929 909
61 111
989 144
138 921
240 81
539 285
953 109
331 746
859 240
115 152
292 309
168 184
865 774
805 192
255 686
998 352
267 247
717 964
76 665
487 348
203 985
352 531
91 767
312 516
519 616
398 602
343 749
808 985
918 143
955 687
131 630
412 952
150 816
404 785
617 198
145 197
709 703
278 642
980 584
991 78
901 481
226 203
905 5
383 656
3 312
336 436
343 20
831 855
879 381
897 765
906 943
119 160
35 329
121 963
822 66
72 226
775 724
380 869
104 172
445 51
370 191
62 628
484 863
698 12
368 699
69 595
12 850
273 602
356 957
758 296
730 254
177 313
807 584
331 530
453 577
702 784
145 885
780 120
854 529
195 516
344 870
698 390
346 234
364 320
111 251
463 455
658 691
399 469
455 26
293 207
942 624
135 418
407 783
410 137
805 270
271 419
739 412
156 600
534 917
678 641
603 518
345 834
907 382
956 980
635 591
806 927
52 462
562 627
877 179
962 855
623 567
530 218
299 408
292 903
145 423
958 359
280 629
998 344
844 552
309 378
350 327
918 338
620 508
188 453
526 864
693 996
215 292
68 861
235 784
701 950
30 454
396 881
389 862
846 999
924 928
923 880
386 368
692 747
128 647
334 205
706 169
893 384
519 669
794 738
873 199
842 848
485 431
768 662
675 40
80 783
129 282
421 102
907 108
246 711
687 607
129 36
267 192
551 507
423 279
885 825
204 710
353 637
514 731
109 97
529 147
37 295
25 460
411 740
708 591
305 76
465 687
148 220
872 763
701 847
176 739
517 762
830 755
448 573
835 692
140 252
681 307
601 974
606 51
450 613
855 159
437 468
335 270
321 502
730 534
691 101
722 394
549 856
543 858
261 697
326 220
970 9
669 884
497 62
504 903
738 828
356 462
743 707
772 711
56 952
178 806
365 150
221 541
495 198
36 101
972 260
156 331
454 810
33 720
909 509
971 370
589 761
290 876
221 380
48 827
640 629
340 16
289 361
604 506
211 60
704 455
247 225
502 417
990 58
30 171
277 55
129 611
682 200
881 16
185 377
585 883
467 7
238 420
316 764
883 470
61 857
122 770
204 979
735 22
450 567
129 47
13 374
99 836
86 456
341 78
921 813
510 566
476 61
576 29
50 410
432 107
313 874
517 131
775 332
636 506
751 536
557 484
209 714
621 327
983 436
203 359
650 910
472 37
614 401
438 68
255 349
464 970
630 309
599 352
902 636
300 780
556 961
901 229
152 976
958 418
883 600
14 199
627 361
928 631
910 959
936 479
440 626
980 619
472 12
81 750
811 258
124 276
801 411
780 389
512 317
849 440
832 383
72 134
419 397
167 684
119 11
760 248
885 997
652 345
351 946
854 61
234 740
788 465
867 559
124 23
161 338
605 84
631 275
538 950
342 191
53 903
626 433
469 7
990 874
665 443
489 428
277 365
601 903
907 988
21 734
679 163
457 339
448 442
567 919
400 402
367 836
273 549
24 196
210 44
846 4
655 840
931 383
931 201
507 277
212 781
559 6
123 530
630 756
592 998
508 800
80 956
597 832
578 406
614 976
845 185
134 649
562 12
287 622
541 402
466 213
549 613
990 262
561 471
553 4
293 452
614 99
580 948
243 367
810 452
447 894
173 684
145 164
370 699
19 337
581 833
98 958
352 623
150 305
937 68
436 56
602 591
764 113
455 270
457 477
422 661
194 506
876 440
412 319
941 763
391 103
363 731
90 859
976 788
708 552
336 434
405 752
932 360
877 521
389 558
587 815
438 901
39 96
184 581
179 940
204 284
692 34
871 120
94 238
343 523
910 278
749 169
307 333
6 568
51 392
972 640
604 373
187 259
225 571
306 504
512 186
894 915
260 902
727 241
261 264
909 382
975 299
989 898
873 255
30 441
134 261
868 3
164 207
429 148
298 284
318 537
3 104
702 999
569 707
603 346
618 610
212 344
839 384
70 553
280 175
594 203
746 217
500 11
924 798
212 454
552 838
345 595
840 558
713 273
97 196
228 457
700 190
769 731
273 191
973 865
481 106
442 543
503 34
5 937
238 494
693 298
61 133
880 271
635 79
66 909
853 592
1 711
30 124
247 766
356 176
352 604
527 727
904 473
269 761
981 95
478 581
782 688
202 200
523 803
775 435
398 69
969 232
716 18
736 529
751 647
346 482
821 851
164 776
854 723
301 924
416 14
661 449
272 925
160 653
946 958
244 816
775 898
439 232
164 146
110 898
944 75
667 558
681 63
253 918
969 562
892 462
661 365
408 20
43 187
338 955
368 967
225 959
17 651
49 631
74 734
276 816
258 594
873 435
442 948
461 774
226 368
797 81
278 668
271 684
14 573
532 908
829 538
196 57
917 763
256 766
191 66
969 339
501 921
449 717
497 680
201 665
510 600
682 838
207 611
972 470
757 77
713 294
576 703
129 425
628 947
578 414
644 555
814 219
843 377
961 835
277 126
552 976
170 795
865 990
599 985
795 903
368 978
29 395
751 944
944 799
888 12
992 624
857 224
697 700
795 734
838 592
402 979
257 244
387 859
552 434
290 663
845 202
183 409
471 636
679 409
587 751
323 203
587 21
187 557
999 501
382 627
927 237
110 320
969 35
827 873
581 957
624 360
353 199
835 787
513 574
952 716
985 704
415 268
358 420
334 575
325 569
209 260
357 286
420 691
911 382
981 578
706 170
592 988
68 345
637 848
627 374
130 238
711 705
240 221
574 441
457 804
936 824
672 202
541 307
136 981
622 60
121 446
546 707
172 218
706 165
142 561
659 806
167 262
825 437
288 619
724 304
953 753
598 837
810 357
662 760
962 388
120 142
581 956
554 922
209 918
840 955
263 195
522 225
73 265
512 938
168 292
264 195
356 227
158 252
677 938
756 715
67 542
819 561
143 334
154 861
759 439
219 821
490 304
455 754
697 929
164 466
608 221
780 327
664 276
644 310
427 30
255 379
488 485
861 969
887 962
58 122
817 804
183 466
238 914
34 363
953 30
420 507
913 324
7 440
619 487
38 552
770 467
333 153
851 847
240 400
934 703
100 570
791 165
817 544
260 562
140 579
435 98
900 788
939 996
944 133
53 473
827 581
308 730
703 854
543 0
802 665
909 23
217 657
317 733
452 794
464 332
86 52
896 865
902 731
8 664
782 445
419 5
684 436
902 269
773 310
249 24
239 353
533 966
43 102
848 746
868 454
246 341
431 453
557 552
594 705
430 647
83 389
873 409
330 477
283 773
129 752
798 674
623 936
808 293
857 185
769 858
531 752
39 736
573 493
284 490
823 389
548 380
669 480
667 671
82 299
690 212
222 447
907 193
545 487
834 995
340 959
506 297
559 190
509 779
243 579
210 601
223 63
652 526
68 409
292 439
521 285
858 290
890 5
463 638
381 516
992 418
84 861
894 232
844 509
733 382
303 423
79 124
36 833
658 741
41 886
350 382
511 359
981 986
574 837
873 210
885 603
267 672
192 339
588 475
249 768
622 797
998 80
822 27
394 130
35 476
332 851
553 611
140 406
646 354
528 53
399 652
917 674
478 193
249 951
159 791
473 253
628 104
104 7
962 951
146 440
107 574
648 864
595 799
156 113
17 965
678 130
669 352
517 29
217 614
72 358
786 207
503 229
309 882
817 645
837 507
441 601
685 204
33 221
17 942
96 191
541 989
825 630
48 214
227 971
268 849
976 356
967 590
1 675
356 604
597 863
566 231
467 196
331 554
45 590
610 697
834 82
816 895
472 413
498 344
225 862
272 360
510 758
742 979
834 917
882 714
254 660
997 151
319 397
17 6
890 577
802 25
167 859
772 330
654 534
821 588
845 204
475 346
600 994
868 84
563 650
775 733
951 715
453 545
907 868
303 394
838 267
45 806
687 209
240 915
305 349
508 745
222 806
251 513
524 679
889 116
636 322
360 303
440 866
299 724
682 616
490 674
513 706
921 537
868 158
563 254
144 401
730 203
516 123
491 877
824 434
100 142
357 132
568 718
743 194
922 368
515 941
868 642
707 608
913 248
151 61
570 266
447 830
724 523
19 830
337 677
985 941
638 16
839 231
809 550
560 573
265 133
449 412
996 105
73 516
670 256
647 845
203 378
118 558
504 920
110 788
171 685
693 862
715 321
284 801
863 131
838 216
719 143
458 25
155 609
371 615
918 678
282 169
520 245
588 560
999 48
165 21
632 586
488 874
847 254
985 234
44 646
265 501
594 99
565 44
602 826
323 826
193 378
704 825
173 745
188 844
695 485
598 981
502 931
478 468
653 322
286 886
459 268
270 497
394 399
594 261
935 481
347 662
653 529
636 668
63 610
720 826
293 597
307 747
310 867
472 580
209 789
701 98
289 174
613 153
765 232
737 192
148 82
443 551
810 510
264 864
648 734
504 956
745 648
981 725
333 419
806 867
305 429
561 657
406 604
603 160
648 589
781 287
819 958
159 552
449 606
273 845
568 158
600 906
114 860
854 16
450 998
387 465
8 573
307 89
628 908
340 281
358 769
855 517
994 333
575 289
467 747
383 322
685 785
480 919
189 55
604 803
440 286
285 557
804 512
586 711
599 821
346 521
143 0
685 773
743 317
23 55
401 743
589 305
671 32
979 690
375 226
61 486
670 645
858 509
908 982
80 384
615 83
492 45
188 763
934 75
225 311
727 943
257 847
126 9
729 494
199 766
744 716
543 620
445 926
643 518
240 71
859 226
796 856
509 212
428 229
912 232
336 231
866 848
113 61
186 969
289 452
217 962
-1 -1 -1 31920 -1 -1 -1 -1 -1 -1 -1 -1 -1 -1 -1 -1 -1 -1 32476 -1 21527 -1 64480 -1 -1 -1 -1 4536 7369 -1 -1 -1 -1 -1 -1 -1 46664 -1 -1 -1 -1 45738 -1 -1 41779 -1 -1 -1 -1 -1 -1 -1 21193 -1 -1 -1 -1 45153 -1 -1 -1 10052 -1 62513 -1 31374 -1 -1 -1 -1 -1 -1 -1 -1 -1 -1 -1 -1 47133 -1 -1 28422 -1 -1 -1 -1 -1 -1 7949 39420 48939 -1 -1 54229 -1 -1 -1 -1 -1 4122 -1 21908 -1 -1 -1 5643 -1 -1 523 -1 6862 -1 37186 -1 -1 -1 -1 55615 -1 54468 -1 -1 -1 -1 -1 -1 -1 -1 13997 -1 -1 -1 -1 -1 -1 -1 53627 -1 -1 -1 -1 -1 -1 -1 -1 -1 -1 -1 -1 -1 -1 -1 -1 -1 44312 -1 -1 56248 -1 -1 -1 -1 -1 61056 -1 -1 -1 -1 25985 15700 -1 36125 -1 -1 -1 -1 -1 311 21503 20746 53041 -1 -1 -1 -1 23552 -1 -1 -1 -1 29851 -1 -1 -1 -1 -1 -1 -1 -1 16994 -1 -1 -1 -1 -1 51356 61353 -1 -1 -1 18147 -1 -1 -1 -1 -1 5709 33421 -1 27854 -1 12825 -1 1366 47794 -1 -1 -1 -1 -1 -1 -1 -1 -1 -1 16090 -1 -1 -1 38270 -1 -1 43703 -1 -1 -1 18240 40917 64446 -1 -1 -1 -1 -1 -1 23630 -1 -1 -1 -1 28566 -1 -1 -1 -1 5223 -1 -1 -1 -1 -1 -1 41675 -1 -1 26393 -1 -1 -1 -1 -1 -1 -1 -1 -1 -1 -1 34411 -1 -1 19808 7388 -1 -1 -1 -1 -1 2936 -1 -1 26772 -1 -1 -1 7712 -1 -1 -1 -1 -1 -1 -1 54759 -1 -1 -1 -1 -1 61692 -1 38985 -1 -1 -1 -1 -1 -1 -1 -1 -1 -1 -1 12251 -1 -1 -1 -1 48429 3700 -1 59973 -1 -1 43451 -1 -1 -1 -1 29722 44499 -1 -1 -1 49461 14633 -1 -1 -1 -1 -1 -1 -1 -1 -1 -1 63926 -1 -1 -1 -1 -1 -1 -1 -1 -1 -1 21637 -1 -1 -1 -1 -1 -1 43443 -1 46742 45477 -1 10424 -1 -1 -1 59602 -1 -1 -1 9634 -1 -1 -1 -1 -1 -1 -1 -1 29562 -1 -1 -1 -1 -1 -1 -1 -1 -1 -1 -1 18457 -1 -1 39456 -1 -1 -1 -1 -1 -1 -1 -1 -1 -1 -1 -1 -1 -1 -1 -1 -1 -1 10461 57822 31524 -1 -1 -1 39265 -1 -1 -1 -1 29976 -1 -1 4669 -1 -1 -1 -1 -1 -1 -1 -1 -1 -1 -1 -1 -1 -1 -1 -1 -1 44269 -1 1364 -1 62688 -1 42597 -1 -1 -1 -1 -1 -1 -1 1330 -1 10103 -1 -1 39254 -1 -1 -1 -1 32582 -1 -1 -1 17333 -1 21426 56973 7157 64951 10127 25935 -1 -1 -1 -1 -1 -1 -1 -1 -1 37428 -1 -1 -1 -1 -1 -1 -1 -1 -1 -1 -1 -1 -1 -1 -1 -1 -1 -1 -1 21390 -1 -1 -1 41993 40797 3544 -1 -1 -1 -1 -1 13588 40956 -1 -1 -1 51882 -1 -1 -1 -1 -1 -1 -1 7682 58834 -1 -1 -1 7804 -1 26179 41260 -1 -1 -1 16162 47650 48149 -1 -1 -1 23916 -1 -1 -1 -1 -1 -1 -1 -1 -1 -1 -1 30694 -1 -1 -1 -1 20638 -1 -1 -1 28559 -1 -1 -1 -1 -1 1676 -1 -1 -1 -1 -1 -1 -1 -1 51915 -1 -1 -1 -1 43991 -1 -1 -1 -1 -1 -1 -1 35566 -1 -1 7578 -1 7405 50024 -1 -1 -1 -1 -1 9801 -1 -1 -1 -1 -1 -1 -1 -1 -1 -1 -1 -1 -1 -1 -1 -1 -1 -1 -1 -1 -1 -1 -1 -1 -1 31950 -1 -1 -1 -1 46153 15265 -1 -1 -1 -1 -1 24974 -1 -1 -1 -1 -1 -1 -1 -1 -1 -1 -1 -1 -1 -1 -1 -1 -1 -1 -1 -1 -1 -1 -1 52374 -1 -1 -1 -1 -1 55308 -1 28624 -1 -1 61027 -1 -1 -1 24123 -1 16948 -1 20880 -1 -1 33383 7385 -1 -1 -1 -1 50113 -1 -1 -1 -1 -1 12135 -1 -1 -1 61634 -1 -1 -1 -1 -1 42550 -1 12190 11642 57375 23187 42415 -1 -1 -1 6015 20605 -1 -1 -1 -1 -1 33562 -1 34899 -1 -1 -1 -1 32297 -1 -1 -1 -1 -1 -1 -1 -1 -1 -1 -1 -1 -1 -1 -1 55411 -1 -1 -1 -1 -1 -1 -1 -1 -1 -1 -1 54875 -1 -1 -1 -1 51450 -1 -1 -1 -1 -1 -1 -1 -1 -1 -1 -1 -1 -1 -1 -1 62537 -1 -1 -1 53928 19344 41223 23538 5792 44985 32223 -1 -1 45574 -1 -1 -1 -1 -1 -1 6863 -1 -1 -1 -1 -1 -1 -1 -1 -1 -1 -1 -1 -1 -1 18516 -1 21011 -1 -1 -1 -1 -1 -1 -1 -1 23981 -1 -1 -1 7037 46946 -1 -1 65105 36681 37967 -1 -1 -1 -1 59712 51533 -1 33853 -1 27243 30238 -1 -1 -1 -1 -1 -1 -1 -1 -1 -1 10994 -1 4780 -1 -1 -1 -1 -1 -1 28070 -1 10394 -1 -1 -1 -1 -1 -1 -1 -1 -1 -1 -1 -1 -1 -1 -1 -1 -1 -1 -1 -1 -1 -1 -1 -1 -1 -1 -1 24679 -1 -1 -1 14040 30186 -1 -1 -1 -1 -1 -1 -1 -1 -1 -1 26675 -1 -1 -1 -1 -1 -1 -1 -1 -1 -1 -1 -1 -1 28247 -1 -1 -1 -1 -1 17054 34875 -1 -1 -1 60049 -1 -1 -1 -1 -1 -1 44159 -1 -1 -1 -1 -1 -1 -1 -1 -1 -1 54410 -1 37376 -1 -1
9
1 127 2 207 2
1 477 10 959 1
1 990 10 610 6
0 971 12 576 12
1 225 8 628 13
1 857 12 188 7
1 435 12 672 15
1 744 3 353 0
1 167 11 963 12
