1000 5000
645 598
750 822
529 242
297 538
587 674
866 706
997 237
123 554
520 160
179 379
156 546
448 330
507 77
308 817
282 666
953 773
469 321
38 640
243 671
127 995
929 2
728 148
497 50
974 945
200 768
609 634
725 120
827 778
813 180
462 860
180 187
177 920
134 94
302 541
970 360
441 759
465 101
207 828
143 227
103 507
237 145
339 65
158 94
275 647
783 663
312 849
568 636
485 506
165 744
651 282
548 57
963 272
160 369
876 692
915 236
974 573
728 545
952 155
30 493
259 112
53 57
879 681
978 577
797 60
683 905
276 785
610 778
768 91
461 293
119 108
230 620
889 562
252 919
918 942
867 627
670 319
696 460
388 253
471 728
660 103
883 514
770 628
538 674
988 667
599 64
299 873
292 117
254 141
682 318
800 820
249 906
198 191
977 404
107 990
809 160
902 113
24 301
39 834
149 712
526 968
989 742
330 569
792 397
843 822
369 941
582 853
669 212
713 850
499 794
8 243
0 794
475 251
995 594
193 327
353 307
153 526
671 831
597 845
953 828
975 343
537 454
606 453
763 732
877 776
668 875
334 113
56 24
52 387
224 770
493 991
880 14
846 704
362 829
868 828
651 905
60 684
259 535
466 937
55 304
154 712
277 814
744 232
686 31
884 348
597 956
69 800
266 322
829 190
369 387
835 704
864 241
388 231
420 101
136 680
438 927
159 866
654 646
816 240
39 357
828 884
347 308
565 803
144 758
273 519
921 457
480 393
786 509
940 245
211 569
940 288
367 727
996 545
834 800
455 231
442 640
593 32
303 216
427 335
54 846
228 434
905 527
407 23
267 553
635 158
965 572
989 173
856 589
321 203
358 363
951 709
723 356
148 899
63 472
832 946
466 764
290 840
358 405
676 760
487 608
31 635
530 851
957 29
307 751
649 459
863 736
609 682
371 205
906 711
516 399
289 126
272 907
677 745
653 54
402 715
726 368
903 919
512 625
931 959
582 767
470 30
738 26
817 129
930 547
342 600
305 16
871 401
200 343
700 976
152 908
73 584
370 632
230 464
898 589
358 684
717 880
783 676
426 631
83 99
507 285
725 718
786 484
269 491
131 949
988 367
13 126
773 337
754 233
812 837
854 190
261 15
46 250
542 598
606 412
718 795
828 389
825 133
254 207
84 766
267 82
45 9
156 867
957 421
287 72
411 140
886 991
81 457
277 276
907 806
36 814
293 65
671 972
239 420
23 61
763 654
726 40
220 577
330 797
219 891
921 570
594 719
105 31
184 576
859 291
640 655
633 62
931 16
540 681
235 125
853 112
353 272
744 4
371 12
156 298
830 49
354 996
350 673
989 410
777 850
335 281
740 83
595 606
766 957
639 790
111 167
805 959
565 67
518 160
217 889
742 924
842 145
601 824
17 830
338 41
855 138
845 480
118 496
875 305
523 709
387 556
765 603
177 64
766 738
114 910
422 476
61 242
884 403
45 530
818 644
493 263
119 116
453 233
144 378
972 548
482 241
584 360
210 246
373 569
558 29
934 23
890 444
867 392
984 85
108 105
382 771
831 402
201 997
919 386
581 0
368 312
298 202
928 508
702 368
483 773
898 884
173 616
291 152
494 964
950 71
935 742
297 214
72 27
608 759
585 894
787 49
12 188
346 358
540 340
715 855
445 66
437 964
500 847
519 520
761 872
215 883
790 394
286 207
637 142
607 958
297 671
585 519
666 301
492 645
605 749
768 126
478 251
309 887
817 346
131 401
711 19
546 772
315 478
895 950
505 259
956 601
331 165
946 898
409 980
81 578
861 519
654 209
713 303
994 538
881 216
189 394
562 227
474 504
856 635
306 486
689 97
372 854
616 754
764 871
692 709
311 836
289 653
857 187
237 675
956 275
877 255
263 129
8 999
728 495
822 485
714 229
87 29
814 286
796 826
936 538
885 778
539 566
202 364
4 544
961 688
69 518
950 576
398 59
461 771
361 34
178 791
234 81
780 428
946 831
33 28
455 955
267 365
514 751
559 727
792 911
429 247
200 534
995 617
728 533
974 820
671 142
826 546
247 868
255 811
918 80
639 442
392 326
641 900
341 258
287 868
224 12
705 603
227 263
840 335
671 334
836 649
899 447
928 190
135 469
475 389
667 609
785 832
334 513
328 398
789 325
360 218
798 784
5 513
270 418
68 827
712 401
276 917
839 251
68 37
31 922
56 208
18 244
378 437
345 929
311 124
30 297
551 272
301 812
978 17
755 487
626 897
585 554
305 657
593 148
781 86
586 470
529 929
902 933
187 840
149 261
573 956
958 828
255 92
827 34
93 914
164 800
636 994
739 509
701 497
839 201
670 767
513 41
779 896
803 123
289 719
816 571
64 573
421 144
619 869
307 139
54 345
4 609
326 597
305 375
883 902
259 385
680 34
810 242
509 718
455 13
649 356
902 720
2 448
402 258
236 669
33 244
939 947
663 557
748 322
128 617
706 739
960 831
126 31
154 35
491 560
428 363
400 595
551 459
507 295
795 169
500 111
79 739
791 592
469 315
43 446
590 266
466 927
192 329
91 301
563 638
108 126
660 707
511 457
271 100
764 92
591 174
452 685
208 768
227 447
821 147
424 573
8 820
753 592
41 498
733 970
354 54
897 190
157 337
592 9
782 395
100 817
576 971
983 614
190 934
503 1
901 598
580 921
683 747
926 656
402 542
424 423
208 523
811 717
362 940
327 706
219 290
647 48
298 129
765 273
889 858
976 815
316 702
182 779
498 848
502 9
397 146
910 30
419 12
692 351
157 893
695 558
134 706
677 351
864 440
399 296
859 938
906 226
741 904
536 527
998 624
809 997
347 191
614 229
875 120
49 248
766 461
153 936
915 131
301 617
513 233
739 153
721 692
569 195
489 439
341 883
957 854
929 486
325 50
405 299
68 754
584 249
132 194
770 703
926 141
9 399
101 915
992 626
90 569
412 862
170 233
337 400
313 517
655 449
161 436
651 527
300 618
81 602
51 364
493 274
50 843
646 758
451 473
834 369
724 801
826 673
528 891
73 916
639 597
602 115
237 494
531 22
656 136
335 642
1 650
549 474
595 765
33 566
326 48
586 519
232 20
433 40
509 956
18 795
537 732
897 825
511 706
866 397
245 836
408 636
785 74
250 830
864 380
290 191
834 632
470 754
809 749
199 61
140 807
491 818
497 420
509 655
214 486
664 378
665 662
54 93
486 173
787 901
496 186
846 609
795 638
314 444
183 959
113 944
678 529
758 490
417 241
339 11
821 196
298 464
777 458
135 503
281 291
171 895
100 12
94 539
994 579
97 460
129 691
610 808
744 28
969 366
209 876
566 782
352 609
7 215
267 718
639 68
163 376
380 439
515 812
602 767
858 995
667 937
442 388
762 850
152 899
191 287
423 23
543 842
539 634
545 593
940 844
577 720
15 67
545 974
208 318
547 891
741 102
108 848
27 450
866 742
373 416
784 275
991 114
732 785
716 92
598 830
416 543
470 292
975 558
35 371
759 610
65 610
821 923
333 39
199 539
432 246
60 457
366 410
716 46
132 794
325 726
980 168
21 780
590 19
331 112
409 122
683 893
259 362
999 724
610 530
28 224
961 630
685 218
353 456
943 129
542 836
165 449
415 83
885 23
578 841
613 783
289 650
269 58
563 547
34 25
905 530
795 617
280 562
868 976
968 2
637 924
224 579
808 284
690 759
570 66
731 312
368 222
678 954
190 210
358 245
291 415
880 627
836 782
311 6
84 527
101 188
354 139
179 304
771 681
719 148
837 997
986 307
477 777
253 790
294 244
565 875
243 257
804 309
563 108
643 351
25 730
727 427
103 547
490 615
191 162
812 649
697 328
376 269
58 99
4 578
960 330
656 155
382 423
641 966
32 889
779 702
331 437
93 221
270 406
434 278
790 375
206 767
700 856
808 198
225 422
415 57
656 224
492 761
639 213
154 732
671 169
54 530
867 183
153 211
700 994
307 465
331 420
228 687
565 947
40 484
319 708
269 850
291 403
450 308
724 559
436 565
526 682
747 197
294 385
18 296
681 135
434 242
745 566
211 178
540 529
257 827
993 11
988 415
293 310
159 195
659 921
304 800
233 31
121 414
690 208
794 78
230 819
93 887
166 371
550 642
541 734
647 825
78 2
855 951
445 919
205 775
14 76
142 870
149 193
827 831
626 814
986 250
148 122
704 664
874 271
589 0
934 801
173 775
495 242
871 215
96 186
531 714
69 530
710 571
737 86
117 889
2 372
726 111
294 68
831 699
909 320
709 632
973 810
74 291
455 368
897 654
220 876
660 969
968 554
253 458
730 780
615 886
273 500
219 77
375 44
97 600
155 797
718 59
102 968
427 413
946 694
385 911
406 121
914 409
368 954
159 604
341 839
433 348
60 702
878 481
381 965
751 427
143 271
891 45
179 78
876 844
677 530
930 651
994 319
595 576
940 529
592 611
698 499
838 805
448 518
509 829
934 667
309 659
353 801
507 527
465 107
514 168
960 728
431 991
278 222
544 78
279 841
61 342
822 706
210 409
840 758
454 359
483 782
397 56
975 619
715 125
774 736
324 117
593 376
884 949
990 627
823 78
724 543
150 152
220 96
230 813
398 218
28 798
566 193
130 178
839 52
495 373
433 679
388 565
58 3
26 987
2 226
855 190
653 277
469 957
208 155
886 171
429 911
675 914
921 47
756 452
197 426
951 74
828 131
281 987
133 986
976 784
155 202
417 127
837 933
532 381
958 717
826 64
177 102
450 457
602 824
736 348
554 255
358 590
180 685
474 654
908 781
547 334
922 959
764 627
939 640
751 277
934 524
269 285
629 692
919 556
151 436
621 251
91 277
815 528
165 459
562 602
68 735
157 271
459 105
481 807
491 270
423 152
966 501
779 592
309 251
689 325
345 94
370 187
675 683
991 308
357 758
130 689
73 235
613 536
884 462
90 651
234 918
915 931
565 716
564 727
67 54
272 141
102 347
676 929
58 175
750 619
676 279
715 490
27 294
811 803
630 928
656 12
999 398
482 454
196 499
54 873
310 721
630 115
500 364
211 637
721 267
514 587
193 324
2 460
477 471
284 905
965 904
801 545
676 806
40 58
504 847
282 921
536 927
13 952
855 797
913 95
779 417
928 768
749 788
44 186
136 607
860 117
681 346
748 25
662 855
262 393
173 970
448 867
323 705
758 623
997 85
634 884
879 93
668 51
449 241
931 36
958 788
859 879
179 436
570 749
580 207
676 444
681 416
744 276
731 534
529 747
446 66
809 875
301 813
962 207
372 72
352 100
523 770
992 262
41 59
987 394
511 85
858 928
634 855
677 815
808 274
466 322
191 478
637 334
579 540
362 323
482 410
477 127
109 355
251 929
66 655
684 268
444 166
618 57
523 33
312 316
596 30
307 384
643 209
8 972
284 244
441 553
0 735
981 959
427 256
543 417
738 17
487 185
641 694
564 262
938 282
385 797
511 920
750 184
141 322
179 592
790 461
154 230
657 921
91 229
127 972
90 414
27 99
194 556
925 694
342 755
206 831
301 639
832 707
509 331
878 814
491 674
873 444
444 994
690 836
74 603
66 483
897 23
672 663
70 185
313 314
835 921
233 581
502 458
547 374
193 35
634 44
690 686
713 818
192 953
752 486
732 210
658 534
594 318
930 290
15 183
665 666
49 278
338 87
488 828
267 209
968 131
41 428
366 456
928 763
741 669
316 376
935 984
108 496
436 472
863 635
110 730
716 957
192 545
564 612
695 645
356 133
819 176
856 265
512 290
231 450
792 563
361 338
787 664
602 240
919 794
253 674
798 767
476 192
357 239
626 657
878 127
364 153
854 333
572 325
528 835
635 481
723 117
820 738
291 946
979 484
208 600
357 770
380 157
100 564
701 779
798 822
751 886
899 319
195 822
155 917
395 485
391 864
147 543
814 943
231 408
999 173
292 601
104 677
728 946
491 223
890 684
993 675
76 246
30 384
527 519
988 900
443 924
423 695
743 411
578 627
259 891
928 841
560 241
791 399
569 800
321 952
239 968
783 302
84 47
99 916
116 230
445 495
687 830
998 81
369 654
994 140
566 579
800 43
255 637
296 341
61 779
710 653
779 414
637 805
382 239
276 581
392 880
29 118
682 369
654 776
363 334
262 759
126 274
332 435
107 794
607 478
313 799
226 787
101 535
857 365
277 702
592 195
950 161
634 196
170 962
361 863
478 97
337 988
116 23
290 954
919 415
762 490
195 997
225 833
356 297
972 884
934 118
156 467
426 583
508 325
854 145
156 883
630 50
701 428
376 133
650 545
44 889
306 125
912 524
751 647
704 211
461 129
647 468
18 252
161 149
338 689
91 576
158 760
481 907
814 50
510 827
444 993
640 305
184 738
823 184
118 861
992 404
150 831
379 779
283 543
23 871
814 554
107 473
43 667
860 258
695 521
990 709
856 79
441 315
367 622
590 425
525 810
111 688
595 380
646 698
718 954
947 32
915 727
514 385
76 921
29 883
61 153
291 953
692 518
161 753
676 621
139 827
302 240
817 476
147 142
404 227
481 543
716 388
311 128
592 44
283 211
307 710
975 194
248 290
807 733
780 143
183 648
761 307
5 955
797 828
269 736
302 671
747 787
915 835
249 644
652 347
863 512
678 126
638 569
111 859
510 957
303 973
336 68
961 285
583 575
46 746
737 509
88 456
280 951
792 690
736 212
541 709
734 968
609 273
20 897
974 511
785 794
140 191
123 790
130 9
783 936
806 89
165 278
779 409
476 742
843 522
342 177
206 938
303 449
189 775
840 53
216 179
388 468
695 225
992 46
618 198
394 287
28 859
965 455
277 445
406 528
621 219
118 583
908 666
948 100
621 282
629 445
995 298
337 653
123 622
428 879
869 371
754 595
394 639
735 381
14 740
333 497
50 904
198 24
702 33
312 780
626 396
934 941
286 438
813 521
695 510
913 663
616 956
25 664
393 772
340 867
215 24
977 518
332 281
358 731
950 378
635 465
99 395
839 992
630 673
169 589
816 333
0 415
296 428
544 828
72 969
728 446
105 170
766 560
853 382
813 869
767 519
851 731
951 326
62 154
558 999
359 969
645 360
342 431
862 922
62 911
583 824
519 408
654 309
929 141
685 188
261 508
910 426
409 811
561 732
827 743
776 551
979 61
197 640
934 233
689 532
907 518
685 336
632 134
810 972
850 786
864 34
965 388
286 252
940 24
923 377
404 248
200 281
178 459
55 572
5 888
322 869
867 765
894 416
48 67
881 597
729 830
433 411
245 281
598 436
250 44
787 91
744 436
449 425
982 890
598 990
775 140
705 458
767 95
179 451
947 822
587 423
823 324
305 590
431 377
457 846
455 482
105 590
78 986
293 290
928 117
474 368
174 967
640 17
77 919
759 810
541 465
339 504
425 972
888 680
744 998
758 173
376 858
440 509
578 442
981 556
75 657
583 613
734 989
517 149
141 788
264 900
628 540
394 262
791 140
285 373
978 926
592 32
93 474
797 773
262 765
437 150
324 941
342 197
454 476
735 711
331 228
350 773
618 272
863 968
455 875
879 601
432 259
597 472
204 660
616 924
145 417
686 167
667 994
839 736
774 194
736 313
979 25
148 949
345 247
824 359
278 564
874 45
285 742
909 672
50 788
897 440
736 60
336 65
706 502
948 299
33 981
414 901
891 111
828 273
588 28
262 736
604 297
191 62
388 996
341 254
581 892
768 194
412 698
60 514
866 62
504 244
950 272
35 738
958 723
754 156
230 791
262 930
259 44
295 116
743 842
594 398
58 277
121 10
128 348
464 388
646 38
140 525
768 362
827 939
142 869
202 935
490 938
446 560
839 657
735 178
972 725
222 897
672 974
614 733
531 309
668 133
675 520
99 181
947 938
192 302
525 522
745 505
287 454
267 306
140 583
621 834
248 186
462 708
21 821
181 830
474 597
240 360
968 710
510 102
646 630
412 50
764 297
591 302
820 366
188 208
848 667
904 353
603 744
457 614
705 15
285 162
7 223
262 275
805 449
381 432
162 833
923 662
908 657
27 979
540 610
691 978
661 133
819 882
859 150
116 867
59 747
289 866
95 277
473 677
10 7
395 368
38 641
474 317
713 516
524 2
613 879
667 774
135 414
833 391
939 367
452 19
83 886
2 560
108 379
946 359
752 428
128 650
179 336
114 941
221 751
129 280
814 128
819 22
418 313
177 752
564 543
925 395
182 655
782 77
393 340
86 615
780 972
768 495
850 313
38 832
359 364
526 429
771 157
752 226
869 419
752 664
533 579
160 430
481 212
635 874
265 117
562 608
350 217
513 840
902 36
242 203
186 604
151 654
950 453
242 423
103 963
598 673
355 649
223 69
315 824
423 836
683 97
565 209
623 872
389 909
225 568
456 709
687 119
804 49
432 728
603 828
837 456
590 697
340 988
374 200
408 303
911 638
179 193
987 307
176 519
854 911
679 616
994 269
348 399
807 759
311 951
18 348
131 670
793 663
406 59
216 680
358 348
891 260
193 146
878 846
789 851
701 949
331 943
633 950
379 175
832 191
265 974
421 611
905 289
308 744
511 400
863 741
67 499
463 187
363 118
570 429
523 999
939 893
23 622
263 915
550 427
19 191
253 883
49 197
367 512
740 7
133 454
746 41
45 983
121 854
773 628
808 568
647 500
892 311
430 698
718 594
477 490
109 638
290 722
783 27
445 748
73 619
544 723
638 95
754 138
619 966
331 782
594 164
341 419
968 751
192 425
40 700
385 756
775 616
347 464
725 336
452 585
353 669
684 884
246 994
87 888
574 291
586 682
211 664
191 914
644 364
996 420
187 799
493 360
412 112
649 562
481 42
738 163
942 73
461 860
482 729
180 970
695 146
774 103
152 101
656 590
808 660
409 492
696 777
160 841
547 718
864 375
38 289
51 456
483 189
104 346
863 899
608 672
356 586
12 259
725 984
966 166
780 228
106 673
482 528
603 794
392 613
441 34
312 434
143 260
538 933
885 869
561 987
27 174
545 905
242 564
340 36
223 674
255 249
885 763
865 128
69 410
966 904
867 610
804 216
820 372
603 602
76 643
277 562
701 296
83 115
141 11
400 998
888 450
376 692
853 925
663 923
547 169
564 329
205 470
579 603
159 225
304 677
967 547
95 542
415 607
935 552
873 918
604 504
325 619
883 985
231 390
389 640
749 34
141 626
531 518
699 491
169 681
522 154
421 400
910 721
853 504
773 600
181 868
344 794
132 45
798 96
412 707
986 4
591 702
519 332
184 574
951 735
629 67
466 230
600 465
983 996
603 44
253 249
825 179
745 623
774 334
997 495
848 764
582 690
629 762
691 482
647 964
143 294
193 909
147 770
148 219
393 668
357 240
37 296
330 826
941 5
521 858
745 214
298 993
616 786
934 100
334 664
232 700
324 862
409 547
851 320
546 722
857 724
217 819
266 56
484 31
772 147
345 683
758 785
193 639
694 716
790 2
434 205
603 459
856 493
219 711
116 952
125 984
805 931
203 966
245 238
140 930
901 707
966 11
313 788
517 79
557 266
712 642
710 189
14 164
910 684
439 908
81 727
834 829
204 257
328 805
971 217
130 974
701 990
598 288
509 530
95 338
311 418
138 914
640 252
321 896
396 755
746 786
3 87
544 678
980 523
388 222
829 975
411 828
474 391
50 123
875 169
994 683
43 194
315 647
668 918
747 203
986 303
660 82
687 744
235 383
91 774
226 960
397 754
818 242
896 433
840 438
242 511
579 307
923 384
188 282
180 247
829 456
672 270
424 667
176 762
952 199
225 139
920 902
232 710
989 880
715 567
427 658
557 48
708 48
939 665
472 655
980 246
212 580
629 605
185 418
198 873
764 115
640 757
444 292
233 385
827 851
650 211
310 891
15 582
122 806
311 47
854 369
562 712
205 421
406 209
362 444
634 102
413 214
721 921
469 100
739 508
300 113
547 449
62 685
890 652
809 122
177 268
985 905
847 933
674 574
306 766
430 570
329 831
107 773
47 389
77 285
261 695
837 586
179 383
69 30
788 938
904 924
752 290
289 833
909 794
736 115
645 117
789 733
430 911
342 160
774 885
260 997
68 109
528 433
613 488
376 472
970 4
510 987
601 779
67 388
145 877
486 676
201 197
285 942
157 542
254 478
756 965
749 853
602 763
936 58
377 445
101 988
884 337
770 905
167 242
365 646
68 82
442 119
180 132
537 146
823 157
106 895
464 221
956 285
643 541
510 937
997 300
883 337
367 704
110 666
210 9
677 553
168 376
462 734
595 457
768 167
44 943
950 98
449 422
419 967
901 698
878 13
688 681
985 872
18 924
717 944
50 272
718 378
935 858
344 564
423 221
65 1
598 34
227 934
503 763
517 978
592 476
543 715
908 217
155 73
445 871
903 296
889 933
619 642
666 711
124 237
365 338
92 261
102 467
836 177
267 462
354 883
830 668
46 741
103 926
235 14
176 42
989 96
61 79
505 363
202 727
19 354
532 589
972 951
788 588
750 131
945 877
557 498
828 496
338 26
953 552
709 555
172 304
378 463
120 895
281 561
378 599
654 191
402 615
17 400
838 538
761 470
403 414
466 254
376 320
874 957
837 386
362 161
101 702
46 624
71 378
793 794
787 245
644 839
102 335
570 420
120 57
448 368
952 740
956 185
819 278
489 49
678 380
543 641
925 536
217 255
656 767
645 731
549 980
442 928
543 399
911 253
432 909
388 747
882 845
930 259
846 631
965 273
854 842
29 589
729 18
15 850
388 750
369 421
5 87
600 653
905 292
205 362
674 163
802 326
496 600
752 399
433 449
371 946
633 956
235 590
379 617
70 461
486 46
997 790
889 204
878 29
874 753
787 54
640 973
374 776
914 587
310 545
180 739
332 320
852 179
346 920
495 487
452 635
802 654
172 131
956 355
98 615
450 896
409 423
812 749
78 555
132 866
431 182
663 16
425 524
413 189
328 173
268 357
268 148
530 997
310 828
951 873
297 354
468 775
917 300
481 903
466 835
553 501
640 350
303 531
827 916
626 757
141 523
254 637
620 809
270 320
89 625
51 611
600 984
206 45
580 305
623 967
516 787
804 477
485 867
67 836
743 224
75 637
972 174
204 280
831 828
879 273
230 246
662 261
581 945
245 737
54 801
532 198
830 277
104 816
510 897
404 116
395 883
703 741
286 924
610 955
532 384
313 100
704 127
83 904
222 497
258 220
822 84
113 156
173 517
777 326
771 535
957 860
822 745
571 297
115 809
667 485
163 294
469 198
857 520
599 178
439 730
47 43
572 898
867 401
693 329
823 712
62 753
558 277
217 178
466 226
821 536
81 791
181 138
757 943
489 757
778 578
187 143
52 909
849 376
933 593
874 919
323 726
268 253
35 835
376 331
287 132
422 287
603 194
991 619
959 463
890 295
845 777
513 284
251 880
742 564
914 224
502 802
573 797
826 280
838 648
282 445
614 979
161 172
489 111
642 413
271 339
9 46
168 292
243 211
929 40
455 892
177 520
24 653
403 126
300 424
701 37
491 799
971 631
20 847
777 211
213 877
384 984
243 647
917 291
946 379
41 852
940 238
666 368
503 337
964 357
848 363
31 880
412 805
636 396
371 2
252 590
919 751
772 562
833 586
43 459
135 595
420 554
966 545
880 390
967 323
89 345
751 924
395 53
562 870
245 399
719 520
704 580
404 434
393 60
229 346
188 116
215 633
622 499
244 606
324 767
918 857
200 456
971 322
626 428
473 906
595 743
830 942
850 779
503 88
324 171
598 308
182 731
399 698
250 743
880 100
925 879
430 748
439 810
842 12
122 771
147 946
518 858
963 452
986 52
928 299
451 257
885 279
182 862
673 717
542 858
478 903
2 182
868 683
908 1
403 474
104 3
795 283
938 757
444 680
172 743
533 809
401 934
287 126
400 965
909 747
175 948
161 904
900 507
79 218
915 242
648 952
851 722
968 933
46 24
930 842
578 329
545 10
840 420
869 57
849 292
814 31
5 535
813 334
16 436
44 812
288 381
318 443
177 936
643 862
106 622
874 207
665 187
713 928
301 616
701 684
764 899
550 639
734 172
203 514
981 980
451 973
712 354
897 475
667 629
740 221
665 492
937 305
318 414
603 942
805 515
197 392
137 545
817 242
799 21
490 368
792 904
409 476
646 97
982 584
599 446
931 812
962 778
57 687
805 988
534 0
38 981
845 770
347 982
244 279
480 317
683 875
507 867
466 26
131 619
473 357
40 439
737 87
460 977
285 812
947 316
721 549
756 873
301 318
882 488
114 106
834 794
929 853
190 936
647 543
231 460
849 947
401 633
950 219
2 835
24 886
387 976
552 399
584 260
157 536
619 589
822 519
924 845
369 397
338 298
39 438
152 545
503 584
851 493
674 564
302 14
853 401
753 81
595 828
979 682
325 678
412 513
682 990
442 326
983 226
343 307
507 261
221 91
745 624
946 211
272 1
682 378
314 842
752 586
154 788
286 516
558 302
992 397
138 368
199 189
18 49
629 810
911 659
195 711
574 642
757 211
678 717
499 772
166 742
903 996
71 608
832 568
754 919
792 425
94 904
110 0
615 692
784 77
578 505
186 980
40 396
31 26
600 706
292 103
285 756
315 341
16 773
810 700
830 18
929 51
921 107
268 403
864 783
992 846
607 280
964 459
980 756
99 699
564 85
456 100
525 610
261 633
29 148
384 782
470 14
887 298
171 421
876 576
358 960
339 276
777 839
487 685
646 299
760 624
44 985
581 250
619 797
547 483
99 840
908 440
328 237
901 841
186 863
587 617
882 507
2 130
565 270
388 675
682 885
66 616
643 55
42 473
951 632
844 223
691 96
477 314
781 565
333 292
890 395
186 291
971 983
368 835
845 376
301 179
703 822
437 673
168 769
705 372
382 140
305 646
664 985
186 561
357 455
571 798
73 120
892 777
961 328
20 357
591 660
633 932
66 194
934 621
111 281
760 780
6 176
426 367
1 441
622 831
592 424
160 473
605 924
721 866
188 657
459 470
924 393
18 68
720 859
228 206
774 719
651 453
254 340
375 883
176 651
179 227
19 214
998 0
197 432
909 913
726 548
892 930
353 599
207 883
912 171
487 955
294 428
938 237
468 457
34 297
172 841
68 382
823 830
388 693
553 106
194 579
981 347
869 554
25 334
770 497
644 316
563 307
349 184
993 886
112 68
150 293
94 694
497 474
432 251
39 332
311 187
76 773
542 500
902 909
809 691
258 659
331 900
805 697
937 272
198 186
766 179
677 42
442 253
359 368
655 304
50 220
953 844
685 477
221 320
768 305
443 35
569 575
989 178
130 190
156 834
934 850
184 905
164 818
56 440
803 878
619 460
401 954
687 932
477 667
754 360
680 872
17 894
395 100
649 884
345 839
178 645
809 584
19 113
724 898
53 746
690 790
47 426
866 801
852 274
671 496
223 159
116 187
696 297
410 798
404 729
279 543
744 508
629 808
150 523
644 119
671 207
833 476
410 262
947 428
579 57
506 710
646 29
714 24
697 987
202 312
965 575
775 940
421 508
624 685
174 162
485 961
500 403
536 594
638 524
755 304
434 901
436 384
290 974
222 11
741 883
73 448
306 682
105 834
389 394
938 735
748 880
765 389
674 162
530 599
201 577
82 27
34 248
771 802
42 570
283 359
880 779
714 565
579 467
73 99
291 320
69 531
334 80
324 19
908 459
674 495
83 374
695 133
744 817
851 293
28 342
925 52
190 391
960 366
167 274
105 678
503 364
878 397
949 975
586 379
525 521
112 816
469 12
12 509
924 338
382 61
242 208
345 679
958 83
231 893
482 919
801 171
397 47
581 718
35 322
939 925
353 156
73 685
516 714
69 744
799 92
539 530
674 419
400 681
370 452
997 339
151 414
580 237
824 703
471 214
375 272
88 908
466 434
502 646
674 753
439 59
227 438
377 73
708 459
813 286
610 514
891 481
96 758
110 285
179 640
812 866
434 342
870 842
113 988
779 943
204 691
572 445
593 529
657 405
337 775
329 519
118 195
756 131
249 862
569 621
308 872
888 351
535 873
372 776
140 586
452 505
539 134
959 344
672 187
726 606
999 594
458 893
515 931
614 340
879 360
767 113
115 970
827 583
942 790
422 797
157 458
177 675
479 6
36 605
313 62
723 565
992 541
195 87
168 299
146 756
836 239
102 992
83 910
402 63
843 29
152 698
388 150
217 540
690 223
805 41
501 389
191 18
153 469
741 750
241 639
726 637
423 288
245 461
81 758
223 343
276 780
500 99
12 92
187 332
296 569
174 445
806 606
45 292
922 251
565 139
25 680
477 279
403 102
20 61
516 79
351 839
531 703
655 43
796 754
731 601
635 210
67 217
254 193
284 752
281 233
759 932
641 959
790 34
913 566
400 591
871 848
329 81
554 865
957 401
280 9
2 298
728 484
342 531
722 416
68 998
275 55
802 665
190 444
204 787
526 424
787 38
896 372
128 722
630 545
213 536
640 643
309 986
612 212
408 46
865 874
571 587
728 849
912 481
813 278
548 37
738 39
907 728
33 874
34 835
348 910
999 265
322 874
143 794
163 584
842 659
143 281
906 179
743 249
701 973
25 658
157 404
332 491
825 50
313 146
883 872
690 889
362 890
906 854
270 417
911 131
747 252
925 930
78 706
101 723
595 352
337 137
389 118
80 680
258 353
334 87
400 661
923 118
42 117
81 205
14 465
903 112
508 598
324 569
982 455
151 588
261 317
29 763
390 732
543 773
423 755
2 604
211 174
424 238
659 227
68 554
337 609
788 494
136 276
90 473
273 964
497 531
247 181
839 503
339 960
683 568
447 604
895 361
317 366
826 362
191 628
814 834
759 454
466 289
777 33
630 883
319 694
54 904
122 857
611 794
653 414
234 821
434 790
736 611
816 887
991 145
133 662
92 414
866 14
155 328
441 73
579 163
600 542
695 757
854 265
111 951
701 358
561 743
528 972
984 631
438 236
998 86
82 59
529 215
247 962
670 873
306 903
655 65
954 397
64 58
561 465
500 299
972 121
480 997
131 122
388 138
800 966
442 534
181 622
675 751
92 529
664 980
646 751
98 744
580 985
500 600
910 881
189 971
592 926
225 62
236 992
200 369
209 328
439 288
768 308
238 467
916 50
467 413
594 130
821 824
544 687
531 341
371 45
961 660
74 246
283 666
615 142
341 724
534 46
979 975
310 946
890 628
390 580
871 802
224 24
389 203
731 525
204 934
896 598
911 617
899 663
495 780
257 714
392 946
491 927
617 787
65 528
192 76
647 520
934 6
163 453
382 820
188 982
852 549
658 816
579 750
476 208
404 485
335 275
452 191
887 38
483 985
926 425
985 500
868 854
313 431
788 281
99 875
367 772
889 950
642 979
627 358
123 386
453 628
254 335
177 31
79 897
918 838
710 604
225 448
915 743
0 721
328 276
840 42
588 143
652 831
684 633
339 574
906 314
478 651
867 943
312 57
579 284
309 179
32 191
674 725
9 83
395 206
346 174
336 558
578 791
264 104
506 992
940 182
34 175
17 164
530 639
338 54
426 668
313 615
258 239
602 532
793 200
581 493
808 23
434 575
470 411
113 286
754 827
91 513
587 791
262 740
120 103
373 229
230 840
133 881
285 243
437 473
868 714
341 418
746 19
724 11
20 530
27 867
772 473
399 176
138 816
717 501
826 993
850 465
664 352
528 901
938 612
312 243
701 895
755 548
496 40
10 825
982 412
499 578
811 990
825 968
704 225
310 188
919 933
861 986
992 204
14 856
837 575
25 654
720 255
991 160
950 915
276 874
786 303
24 996
451 554
763 463
471 781
539 817
211 214
791 568
17 63
442 807
636 761
777 360
697 791
871 741
252 280
630 66
23 989
229 702
85 82
366 558
397 726
487 657
571 306
349 30
706 948
636 388
713 848
4 755
594 545
527 879
78 272
21 913
762 157
263 633
773 537
845 286
529 658
573 497
773 784
422 565
646 921
849 11
263 99
160 869
697 76
817 983
491 87
16 653
382 554
463 136
42 991
659 285
420 414
171 756
285 158
745 913
168 793
732 556
853 221
298 392
106 654
916 402
785 242
762 861
386 862
219 623
701 467
513 952
309 578
876 410
580 717
596 532
22 624
543 727
977 919
941 66
342 503
0 740
392 527
922 191
590 614
182 897
811 222
581 305
153 948
844 316
222 934
676 244
268 259
17 3
744 60
37 974
868 315
540 24
168 99
613 824
737 535
83 474
172 864
575 264
235 189
870 745
663 946
310 560
942 935
96 723
287 920
72 271
775 269
652 660
39 313
738 389
392 25
124 769
497 286
395 625
258 412
171 222
467 659
343 732
624 210
867 270
582 663
217 606
9 915
718 185
301 858
409 208
879 870
54 186
575 550
360 308
60 343
872 700
273 628
315 719
302 763
51 864
698 476
388 3
776 688
704 579
720 115
64 181
95 224
202 990
343 558
650 652
755 883
435 631
384 775
458 781
106 312
245 590
540 572
239 879
934 50
303 936
555 889
192 760
363 753
702 16
532 258
327 47
969 119
820 114
872 222
85 360
469 430
585 443
491 630
231 891
292 546
877 365
692 918
194 22
587 711
579 985
401 230
381 564
3 445
815 856
281 366
752 476
257 300
8 487
620 371
63 328
735 977
503 352
769 666
961 719
857 696
553 45
642 175
843 852
595 871
498 805
627 471
807 640
847 457
999 545
220 791
423 298
843 171
893 188
5 333
951 716
237 918
316 803
545 828
448 707
329 878
492 126
363 168
840 91
391 727
879 197
63 122
747 723
842 176
362 129
959 598
941 92
612 384
617 955
481 363
469 688
199 672
692 589
357 905
217 92
860 208
218 908
917 556
736 276
685 759
16 84
782 366
607 659
609 326
842 686
282 205
395 567
832 149
897 155
52 5
530 665
48 58
287 614
321 603
248 573
906 941
86 9
604 300
4 81
208 237
398 570
397 94
733 422
421 128
828 404
518 381
737 922
743 81
275 102
722 575
807 970
625 320
883 254
536 134
970 253
692 142
355 834
837 684
293 51
61 833
662 977
294 652
663 657
835 578
646 670
636 716
572 161
188 459
450 699
997 885
630 470
677 716
743 179
955 17
946 197
670 423
8 801
940 896
538 459
62 99
968 477
500 972
61 476
844 836
207 234
2 421
417 100
792 313
808 794
669 835
52 790
621 979
219 389
189 620
226 415
541 431
601 874
434 574
246 901
780 418
885 217
349 735
613 825
109 38
529 969
506 565
922 326
634 468
711 410
402 134
433 911
579 827
437 896
979 136
738 34
978 393
467 650
752 356
480 52
101 491
174 306
970 565
93 884
442 577
425 496
543 512
558 928
47 940
803 32
248 849
831 917
219 916
154 607
915 405
447 998
93 101
142 664
350 129
904 640
421 652
87 833
527 872
106 711
462 983
830 87
829 204
31 405
894 421
542 200
367 307
722 533
948 860
164 600
611 80
419 771
191 633
852 124
319 441
833 889
668 278
485 103
715 821
637 236
351 197
213 505
774 479
101 45
699 916
130 950
190 664
168 5
250 609
770 846
34 504
333 210
448 709
701 379
830 555
677 817
445 128
77 922
552 849
867 523
959 266
695 182
893 250
673 186
870 535
422 557
992 179
52 376
566 260
85 357
421 138
670 959
943 567
532 338
247 539
611 158
435 638
935 872
517 667
803 263
522 705
218 490
211 894
816 866
696 426
420 494
530 96
429 821
47 685
811 355
662 186
691 44
367 540
875 172
569 514
154 722
666 417
732 571
695 101
709 534
395 103
341 428
937 345
4 25
576 198
933 41
585 1
398 780
992 93
370 488
906 524
631 753
375 72
982 32
573 50
983 698
23 638
347 438
834 414
769 499
940 184
692 323
887 182
579 999
101 968
369 594
553 358
270 831
707 273
295 204
904 567
119 842
412 782
588 509
535 203
613 276
490 516
356 475
714 733
252 287
83 588
242 579
27 138
372 968
771 496
375 137
569 779
712 67
340 264
900 670
22 961
284 302
582 655
583 101
953 410
505 683
928 197
880 29
247 406
327 400
466 924
102 915
982 178
243 334
912 712
678 900
496 790
313 673
40 115
459 592
471 919
53 363
205 965
479 548
611 763
254 290
159 808
36 811
503 807
646 268
810 475
758 616
350 616
515 585
689 374
773 453
132 455
571 515
564 73
974 567
182 890
131 290
622 302
784 480
293 507
307 102
546 770
886 854
960 215
578 935
369 750
719 557
35 309
722 519
264 724
470 428
716 139
687 847
937 80
427 627
32 59
582 613
867 436
677 146
653 165
21 869
844 55
940 327
532 908
826 551
516 496
855 549
10 966
993 714
88 282
220 767
40 686
22 883
811 12
723 78
632 195
394 683
442 949
770 425
39 405
921 154
589 478
226 98
280 525
428 939
715 647
948 86
2 995
191 530
938 750
156 457
928 955
888 353
470 424
387 658
107 755
675 705
539 262
918 159
538 51
514 692
905 238
467 803
988 180
906 998
51 755
559 789
501 367
846 633
958 478
290 321
60 266
706 219
635 943
633 871
654 241
195 979
188 13
767 776
630 717
12 537
407 803
588 721
982 866
603 175
922 542
178 725
742 497
480 232
332 632
835 590
984 404
292 223
90 216
936 582
164 765
469 109
396 415
386 625
738 677
197 325
795 975
712 590
605 813
88 362
230 268
512 708
689 691
435 486
620 824
626 587
224 190
999 947
784 837
344 612
651 604
255 436
656 817
416 507
283 634
852 167
685 493
825 156
724 953
361 537
130 210
882 25
312 631
972 910
66 670
109 809
785 480
785 600
832 873
313 107
732 193
658 130
534 714
541 489
844 761
634 846
888 213
447 29
966 646
957 23
936 275
32 184
728 943
652 706
523 187
570 268
749 482
875 912
839 947
71 991
694 494
892 807
588 248
61 498
467 481
667 708
716 847
375 83
834 994
342 109
382 58
107 468
431 157
442 932
657 197
636 379
606 946
661 367
81 146
119 507
951 255
563 743
4 37
214 728
95 687
756 477
927 559
458 501
342 640
679 518
644 212
447 517
733 776
115 945
237 933
332 534
277 759
939 17
238 912
443 458
45 99
289 747
437 152
720 899
424 932
810 862
762 930
25 236
809 48
959 595
71 717
27 485
110 860
812 411
973 362
239 303
686 8
386 536
46 854
88 19
921 41
354 340
505 155
153 87
203 644
954 831
8 776
603 301
421 760
993 634
558 621
14 141
915 139
475 25
485 524
113 301
684 732
667 767
850 744
23 320
624 187
647 173
423 665
295 249
623 641
857 581
169 20
351 435
815 296
138 837
881 873
967 161
801 983
14 842
760 664
317 547
242 860
714 434
150 430
988 204
18 266
311 646
597 58
452 921
211 719
813 249
207 127
653 557
790 807
641 267
997 722
144 260
932 60
539 995
924 153
612 150
658 91
18 208
772 315
199 994
497 962
280 462
260 592
798 976
589 988
888 181
565 142
934 980
334 465
795 138
567 544
557 622
19 479
92 469
26 220
817 349
104 192
494 82
369 306
944 253
585 932
730 291
116 39
564 287
60 240
304 664
505 988
412 876
19 360
31 306
583 798
689 555
44 616
886 220
214 841
369 372
176 978
993 58
517 474
617 257
200 652
652 870
332 30
651 918
870 66
704 306
321 905
403 950
718 465
535 539
137 411
308 129
338 838
883 443
511 438
428 858
191 752
537 229
397 441
893 159
78 851
824 29
564 38
143 691
122 690
562 661
869 536
187 771
951 940
82 87
519 42
547 478
91 752
631 336
626 662
948 894
542 834
885 904
655 964
837 349
435 951
528 87
484 990
820 689
152 198
276 537
400 80
401 807
322 956
743 104
929 784
774 761
108 426
463 909
360 179
807 638
760 538
520 564
262 192
288 98
281 331
464 999
615 446
881 328
37 96
704 356
887 387
982 797
701 848
907 0
869 489
553 419
594 118
770 60
131 324
705 714
506 897
855 534
812 996
451 152
319 526
258 813
242 450
676 896
477 991
28 832
425 967
482 529
177 443
319 968
97 586
46 616
786 988
176 848
133 404
340 255
967 460
717 372
588 416
987 798
809 440
34 444
44 88
272 372
770 928
969 801
370 557
48 553
433 563
866 22
212 44
697 689
969 473
737 640
716 229
729 144
944 483
92 162
303 474
57 748
869 42
540 632
321 502
935 983
816 169
23 912
345 974
972 404
531 273
205 475
103 18
71 324
823 457
36 995
973 344
960 465
324 283
512 681
744 780
667 9
800 199
146 939
314 847
722 361
680 839
7 616
863 696
126 75
922 873
578 642
237 331
987 955
888 792
244 207
220 795
120 977
331 174
867 974
644 365
164 290
660 758
440 990
128 630
966 537
709 869
948 810
6 866
806 190
238 279
905 941
829 363
507 963
989 595
429 678
417 316
255 271
103 4
15 615
641 361
679 614
197 767
949 902
697 657
17 503
467 493
984 695
65 59
574 210
992 874
269 785
353 910
745 293
550 809
797 969
332 573
417 275
650 295
657 374
845 733
604 808
488 604
626 605
512 199
851 691
729 481
655 665
516 262
866 922
468 147
931 697
34 897
172 449
921 794
342 351
615 439
429 753
297 812
898 246
227 658
835 16
808 31
678 434
388 625
972 930
291 327
787 175
935 936
869 764
686 616
359 977
641 537
376 387
143 955
832 687
474 811
204 92
59 916
571 858
205 923
167 559
928 461
777 869
333 773
766 250
296 812
125 811
92 845
854 703
797 674
82 854
812 421
688 569
187 705
371 44
99 133
136 311
604 432
304 646
600 639
1 561
184 25
679 810
382 344
46 584
627 45
875 812
124 522
34 7
584 533
612 401
136 560
551 675
494 852
160 316
722 227
654 842
849 686
292 55
462 351
671 656
707 178
180 73
423 299
107 560
923 203
938 167
714 667
785 175
978 954
671 395
481 237
963 322
245 10
544 138
1 862
2 644
242 99
111 873
306 870
1 460
286 110
855 782
421 829
399 679
248 562
174 922
962 611
605 109
173 844
640 420
286 200
147 209
742 686
623 300
240 132
821 816
908 534
801 840
998 714
361 141
20 563
11 875
523 516
975 279
270 367
130 605
567 429
842 428
496 993
620 960
829 936
953 906
924 842
411 947
620 367
290 179
241 593
144 440
920 148
440 533
449 710
415 43
24 161
918 419
868 26
893 299
688 368
227 919
604 474
362 925
845 452
866 332
773 133
960 282
397 884
866 365
498 186
627 977
731 23
843 410
617 573
439 926
721 376
491 659
936 469
280 413
981 775
297 254
937 636
272 639
974 65
284 737
756 660
176 953
220 637
3 25
46 732
514 31
413 856
39 122
273 171
372 242
949 136
465 797
116 431
818 951
289 834
996 384
213 790
236 973
294 681
284 3
555 741
541 823
465 801
519 336
928 984
167 219
43 787
260 937
655 847
360 577
554 397
922 1
780 919
537 528
128 302
929 483
76 724
545 740
12 798
8 589
332 147
658 319
653 8
335 382
523 14
722 292
406 894
419 176
744 674
485 589
837 529
694 668
966 359
470 789
746 418
310 889
498 995
330 838
573 159
892 32
836 226
498 255
783 279
230 120
126 776
714 17
220 109
547 861
660 480
744 530
862 135
270 117
130 38
520 994
321 689
732 600
151 284
786 186
915 119
252 422
944 680
368 812
738 534
451 597
354 654
565 688
402 836
491 493
47 219
821 150
576 685
818 60
678 386
973 429
510 646
266 113
23 665
329 897
365 393
796 270
401 638
784 160
613 208
923 104
924 761
437 455
850 306
710 879
58 974
296 427
205 717
847 629
427 728
426 709
914 694
804 916
665 822
285 152
715 982
737 232
303 575
161 125
320 710
256 343
851 576
294 505
720 874
616 208
82 707
741 454
298 804
14 206
251 261
518 979
592 254
723 859
419 956
932 406
199 811
10 370
459 267
8 139
416 111
727 867
683 766
717 183
358 457
801 282
970 380
165 703
800 154
672 645
9 380
775 888
563 291
742 478
709 2
243 557
907 810
468 559
259 685
774 781
526 223
771 322
298 751
740 100
554 590
32 359
109 505
385 683
868 824
841 228
40 283
750 701
83 822
741 302
825 29
663 269
63 210
360 606
891 736
661 153
65 884
620 569
722 608
246 379
274 370
716 47
148 828
923 117
468 660
602 274
488 130
732 998
44 248
378 912
510 497
850 711
159 634
266 256
0 836
200 688
351 234
392 408
721 578
843 409
887 592
469 213
695 835
519 117
419 591
184 400
558 41
225 170
786 401
137 578
663 986
699 953
776 233
559 417
456 129
371 771
745 655
623 341
739 476
474 54
57 35
127 130
191 671
860 122
520 78
775 996
688 114
583 110
860 992
837 62
875 390
174 957
180 376
277 143
885 162
902 326
168 351
600 490
805 593
997 974
182 271
875 836
618 857
498 396
206 867
932 43
97 789
399 400
224 328
614 402
415 93
297 149
-1 -1 -1 -1 -1 -1 -1 381 20728 -1 -1 -1 -1 -1 -1 -1 -1 -1 59452 -1 -1 -1 -1 -1 -1 43359 39882 -1 -1 29063 -1 63952 -1 -1 -1 -1 -1 4557 41482 -1 -1 -1 -1 -1 -1 -1 62312 -1 -1 -1 -1 -1 -1 -1 -1 -1 -1 -1 -1 -1 -1 -1 -1 -1 -1 40432 -1 -1 -1 -1 10387 43522 -1 -1 -1 -1 41894 -1 -1 22347 -1 53779 37124 -1 34605 -1 -1 -1 5013 -1 -1 -1 -1 -1 42152 -1 40533 -1 -1 -1 -1 -1 -1 5360 -1 8494 -1 24037 37549 5427 50147 64894 -1 51380 -1 -1 -1 -1 -1 2012 8399 13220 38347 36631 7820 31167 -1 -1 -1 -1 17301 -1 -1 -1 -1 -1 -1 55083 54426 -1 -1 -1 23693 -1 -1 -1 -1 -1 -1 -1 -1 -1 22623 -1 -1 -1 -1 13890 -1 -1 -1 -1 -1 -1 -1 -1 -1 -1 -1 -1 -1 -1 -1 -1 19351 -1 -1 -1 -1 -1 -1 -1 -1 -1 40680 17103 -1 -1 27172 29862 -1 -1 56391 -1 -1 3414 -1 -1 62618 -1 -1 -1 -1 -1 -1 40786 -1 -1 -1 -1 -1 -1 -1 -1 -1 -1 39001 57925 -1 -1 56870 13083 -1 -1 -1 -1 -1 31689 -1 -1 -1 -1 -1 -1 -1 -1 -1 50247 -1 -1 35241 -1 -1 25056 -1 -1 -1 44099 63928 -1 4957 -1 -1 -1 -1 -1 -1 -1 56219 -1 -1 -1 -1 52337 31264 -1 -1 -1 17301 -1 -1 -1 -1 -1 -1 -1 -1 -1 -1 -1 -1 -1 -1 -1 -1 45142 -1 -1 -1 -1 -1 12578 -1 -1 -1 -1 -1 -1 39774 57095 -1 -1 -1 -1 -1 -1 -1 -1 -1 -1 -1 -1 -1 -1 -1 -1 -1 -1 -1 -1 -1 -1 -1 -1 59684 -1 -1 -1 -1 -1 -1 -1 61491 -1 -1 -1 23663 -1 -1 -1 -1 -1 -1 -1 60672 -1 30053 11084 -1 -1 -1 -1 -1 -1 27203 -1 -1 -1 -1 -1 -1 2186 44496 -1 -1 -1 -1 38867 -1 -1 -1 -1 17877 -1 -1 -1 -1 -1 -1 55630 10427 4058 -1 -1 -1 -1 -1 -1 -1 -1 -1 -1 38425 -1 -1 -1 -1 -1 -1 12347 58130 -1 -1 -1 -1 -1 -1 -1 -1 -1 -1 44117 -1 -1 -1 -1 -1 -1 31463 -1 49972 -1 59322 -1 -1 -1 -1 -1 -1 -1 -1 -1 4757 -1 -1 -1 -1 -1 -1 -1 -1 3534 60028 -1 -1 -1 2470 -1 -1 -1 -1 -1 -1 -1 -1 -1 -1 -1 -1 -1 -1 -1 -1 -1 -1 -1 -1 -1 -1 -1 50566 -1 -1 -1 -1 48189 -1 -1 -1 -1 -1 -1 -1 -1 27793 -1 27737 -1 33464 25307 -1 -1 -1 -1 -1 32659 -1 -1 -1 20077 -1 -1 11864 48659 29687 -1 -1 -1 -1 13841 -1 -1 -1 -1 -1 -1 -1 62668 -1 -1 -1 -1 39023 48459 5051 -1 -1 -1 -1 -1 -1 49731 -1 -1 -1 15294 -1 56116 25107 -1 -1 47685 -1 -1 -1 -1 58453 -1 11950 -1 -1 -1 -1 10195 49749 -1 -1 -1 4432 51673 -1 -1 -1 -1 53577 -1 23662 -1 -1 55972 -1 -1 -1 -1 -1 -1 -1 12116 4506 -1 -1 -1 -1 -1 -1 -1 -1 -1 25258 -1 -1 -1 -1 -1 -1 -1 39699 -1 64912 46242 -1 -1 -1 51229 -1 -1 -1 -1 -1 -1 -1 -1 -1 42542 -1 -1 -1 -1 27016 -1 -1 -1 37585 29274 -1 -1 47959 13187 -1 -1 48957 -1 -1 -1 -1 27726 -1 -1 -1 -1 -1 -1 -1 13259 34016 -1 16348 -1 32250 -1 -1 -1 -1 -1 -1 -1 -1 -1 -1 50925 -1 -1 -1 -1 54667 -1 -1 -1 -1 409 -1 -1 -1 58009 -1 -1 -1 -1 -1 -1 -1 -1 19613 -1 -1 -1 -1 -1 15913 -1 -1 1746 -1 -1 36897 64397 -1 41003 -1 -1 29393 -1 59814 -1 -1 -1 -1 -1 -1 -1 -1 -1 -1 21582 -1 -1 4524 -1 -1 -1 -1 -1 -1 64429 35402 -1 -1 -1 -1 -1 -1 -1 -1 -1 -1 -1 -1 -1 -1 -1 2291 -1 56855 -1 -1 -1 -1 59919 52428 -1 -1 -1 -1 49493 -1 -1 -1 -1 -1 -1 -1 -1 -1 -1 15647 39865 -1 -1 24544 -1 -1 -1 -1 -1 -1 -1 48948 29818 -1 -1 -1 -1 -1 -1 21470 -1 -1 -1 -1 -1 -1 -1 8518 -1 -1 26089 -1 -1 -1 -1 -1 -1 -1 -1 53725 -1 -1 30177 -1 43674 -1 -1 -1 29632 52654 -1 -1 36691 -1 -1 1053 2021 -1 -1 -1 -1 -1 -1 62945 -1 -1 -1 -1 -1 15178 -1 28224 -1 -1 57133 -1 -1 -1 -1 -1 -1 -1 -1 -1 8505 -1 -1 -1 49745 -1 15083 -1 -1 -1 -1 -1 -1 -1 -1 45643 -1 -1 21086 -1 39672 -1 -1 -1 -1 -1 -1 -1 -1 -1 16247 -1 -1 -1 -1 -1 -1 -1 -1 -1 -1 -1 -1 -1 -1 -1 -1 58454 58463 -1 -1 -1 -1 -1 -1 33162 47998 24152 -1 50939 -1 -1 -1 -1 -1 21705 42594 -1 46878 18615 -1 -1 46274 -1 -1 -1 -1 -1 -1 -1 -1 48339 -1 31933 -1 -1 11659 -1 -1 63675 -1 -1 -1 -1 -1 44766 58313 -1 58546 -1 -1 -1 -1 59188 24933 -1 -1 -1 13725 -1 -1 -1 -1 8070 -1 3884 -1 -1 -1 -1 -1 -1 -1 -1 -1 -1 -1 49374 46500 -1 -1 -1 -1 -1 -1 -1 -1 -1 -1 -1 -1 -1 -1 -1 20374 3437 45570 -1 -1 -1 -1
7
1 292 11 32 14
1 480 6 610 6
0 244 11 54 5
1 726 15 532 6
1 627 9 204 14
0 510 6 198 4
1 856 14 399 7
