1000 5000
619 32
706 836
610 16
678 49
364 805
207 500
35 895
740 876
59 600
363 140
799 515
877 426
725 689
29 153
10 46
275 970
351 349
230 627
792 779
145 334
906 370
650 373
757 633
536 102
881 347
64 602
611 648
583 233
462 893
396 913
329 987
499 354
602 391
554 677
48 698
240 693
682 727
863 848
107 129
168 789
917 985
484 419
528 197
604 901
893 694
208 694
9 537
576 290
112 783
572 889
340 437
635 439
120 516
742 35
963 510
366 764
561 246
968 419
748 235
834 176
810 318
173 892
442 121
888 974
518 764
628 519
498 117
53 45
378 258
439 523
627 338
860 162
365 655
917 91
325 834
771 170
877 260
31 954
284 653
865 894
819 39
493 445
570 822
61 867
725 26
616 601
786 750
354 79
471 266
332 481
13 87
155 192
585 468
179 551
191 138
809 209
386 836
863 206
801 112
313 536
87 486
703 184
24 968
559 35
172 798
963 308
783 953
97 18
405 145
830 122
302 885
714 444
560 728
496 889
621 345
669 299
486 451
725 785
697 890
566 465
676 851
529 651
582 975
99 440
148 38
599 290
362 847
367 771
521 29
124 502
403 253
711 878
59 707
674 982
916 711
54 730
348 987
139 865
965 310
908 950
281 813
588 711
39 599
851 522
869 337
590 841
245 674
664 898
995 843
989 405
517 18
727 310
181 632
628 780
897 960
120 871
579 317
354 715
167 560
985 221
412 471
765 57
154 851
105 802
244 689
481 71
612 309
381 96
213 319
774 226
989 438
795 525
287 409
598 758
54 98
586 151
125 835
455 431
780 795
301 607
953 687
767 508
841 730
363 670
215 297
261 176
78 520
814 984
315 865
523 739
396 447
280 120
489 837
262 385
688 757
684 27
182 717
38 183
987 656
563 879
420 592
250 116
402 789
122 337
712 565
230 268
873 89
264 493
911 799
697 575
204 181
649 464
752 890
557 664
409 392
888 185
282 665
234 623
584 144
881 709
66 551
175 881
487 17
192 328
511 323
104 894
102 528
198 931
607 140
642 721
830 427
762 198
523 114
806 176
333 268
362 879
560 581
664 84
552 763
267 56
83 349
219 646
531 718
84 765
941 251
135 506
246 148
330 884
922 57
323 859
83 119
26 763
131 237
842 210
663 815
940 51
301 167
728 291
169 197
806 921
969 63
334 654
965 961
826 276
742 17
387 799
170 682
403 807
778 537
337 987
444 539
316 323
713 493
598 143
843 555
290 208
444 169
196 625
803 582
319 998
531 302
135 596
618 991
88 908
874 495
464 421
478 492
289 432
854 332
694 249
297 585
841 729
840 229
66 722
712 898
376 106
951 617
178 282
217 959
427 816
88 837
468 988
378 408
280 97
100 380
51 567
766 447
676 71
783 334
285 194
599 957
829 327
724 254
112 507
896 944
185 399
485 128
422 674
940 490
730 953
553 658
619 516
624 564
728 143
95 970
673 755
907 936
40 303
3 344
212 292
636 469
270 524
458 29
527 461
256 466
465 526
60 803
448 899
150 187
0 931
693 15
211 64
997 667
54 310
232 238
254 177
528 296
96 264
105 203
864 854
375 716
882 210
995 102
267 16
575 779
670 386
804 715
306 196
547 809
307 704
392 891
254 835
872 525
656 247
695 781
719 430
207 442
345 433
971 863
286 867
25 967
970 594
358 729
59 759
885 753
227 306
164 784
787 271
679 76
153 235
433 683
234 615
185 548
605 396
218 778
883 849
214 859
524 854
151 778
822 484
74 268
857 802
932 120
170 585
68 429
464 955
350 818
216 99
604 467
843 724
617 921
676 169
415 473
674 444
291 649
22 662
113 370
794 456
82 495
432 579
996 743
571 188
243 115
247 892
183 974
414 605
109 893
11 158
453 738
702 797
311 167
656 278
546 777
875 721
394 355
388 337
965 266
125 763
698 453
226 588
449 220
86 735
749 588
932 393
904 149
972 826
179 753
927 420
223 527
327 623
655 467
36 64
856 339
297 761
903 180
446 480
54 645
881 59
854 733
90 5
38 311
605 147
769 182
580 334
856 595
321 235
746 446
572 283
949 528
441 129
539 959
333 275
894 513
813 762
638 273
557 761
850 876
752 44
382 146
699 834
366 81
652 30
664 533
271 625
340 505
94 680
53 984
598 846
823 710
484 289
721 469
636 249
328 857
530 22
90 793
380 52
171 687
749 883
859 282
866 129
326 399
620 461
66 156
741 447
570 832
38 246
537 44
485 939
364 969
157 58
131 210
908 415
71 155
875 106
944 543
480 282
239 916
615 302
599 317
770 479
137 64
668 993
436 816
197 740
955 274
846 505
641 1
789 866
788 925
735 675
152 577
342 972
99 445
112 617
445 53
223 918
585 909
778 87
567 526
328 312
419 300
398 549
921 931
161 643
705 842
210 589
231 996
469 266
40 921
935 193
345 926
565 193
968 339
355 315
334 488
348 866
976 632
952 506
909 739
17 69
224 508
242 400
912 715
440 212
954 47
695 651
586 415
875 6
964 587
894 822
744 546
472 627
495 593
940 239
900 937
65 670
571 226
222 469
198 331
201 758
879 34
50 405
297 837
977 181
725 731
107 376
644 995
878 651
2 360
256 257
88 543
506 387
830 69
180 25
569 90
290 726
768 982
674 104
189 366
719 173
951 745
573 565
168 811
752 25
967 845
884 272
398 685
360 605
379 381
590 232
430 323
728 29
844 328
600 891
562 234
740 517
317 432
301 687
931 837
230 24
63 254
398 3
123 748
902 437
691 955
369 989
503 635
497 440
436 449
240 193
593 334
118 702
348 996
566 90
687 343
781 113
643 93
701 290
396 208
243 125
300 828
708 262
366 660
429 249
49 455
282 90
475 974
535 860
510 428
327 862
132 21
362 413
714 101
480 267
805 808
91 405
926 196
666 391
48 199
323 261
304 105
174 3
784 178
324 250
906 607
619 770
222 485
128 304
205 389
316 655
181 857
906 759
144 927
155 193
760 707
883 781
74 540
233 427
27 61
556 720
965 978
456 385
735 710
215 282
226 842
638 194
277 975
890 30
801 262
891 171
934 951
428 972
793 585
815 276
178 471
133 73
404 722
371 496
140 410
859 874
700 801
34 702
21 706
321 257
477 808
293 731
993 264
44 303
578 341
673 509
123 533
902 735
522 881
136 149
125 264
20 264
251 781
802 555
501 556
289 818
849 534
17 947
403 247
261 370
814 128
379 834
596 279
486 237
999 301
51 6
785 292
454 70
185 318
867 453
147 334
127 933
593 57
842 987
196 947
975 571
877 262
82 242
843 136
599 660
570 160
387 526
20 192
615 688
436 756
376 174
968 232
412 375
697 418
169 906
868 778
642 549
636 303
188 631
295 949
626 775
1 976
410 650
509 506
865 563
133 533
738 516
655 505
261 931
216 30
153 454
74 638
122 779
541 803
143 817
673 90
706 965
289 604
715 441
178 721
167 13
786 746
416 114
541 518
971 341
233 699
176 88
180 552
821 324
501 0
33 698
793 567
437 470
657 892
31 135
995 699
736 334
759 837
91 445
56 62
59 612
581 75
821 150
209 245
826 266
209 171
898 661
919 223
240 294
985 772
2 955
171 737
605 157
296 602
219 949
621 753
85 948
596 783
182 699
507 212
854 601
925 272
271 778
0 16
643 352
716 327
292 411
755 265
723 486
229 356
53 5
754 567
44 854
293 862
535 628
561 34
4 714
692 594
282 313
436 319
136 67
345 788
364 994
51 18
782 619
499 250
55 229
966 965
249 510
572 187
176 116
84 806
836 473
326 578
296 667
766 518
544 205
564 465
110 168
277 881
822 856
558 234
842 283
647 187
898 433
498 578
9 451
370 467
711 111
304 461
477 422
933 146
460 564
362 109
565 788
740 854
629 440
307 200
894 98
394 225
743 400
833 183
536 335
160 607
19 145
522 815
842 533
734 599
856 464
84 787
147 302
739 385
47 447
674 963
65 733
945 803
354 142
863 331
861 447
966 332
878 15
258 773
774 449
334 432
561 272
799 988
902 282
266 659
968 593
292 735
388 842
731 950
813 386
919 288
91 437
996 322
219 490
151 907
113 679
796 45
149 643
182 52
536 937
230 591
467 419
759 229
72 994
305 945
479 269
143 887
964 715
599 532
141 476
706 162
640 743
922 368
907 529
510 182
458 505
222 126
70 654
737 818
364 549
926 804
300 847
702 873
865 87
664 945
194 184
655 115
620 158
642 986
141 789
542 708
971 556
102 65
985 613
157 853
395 247
395 961
405 203
209 406
357 516
548 371
242 439
575 556
603 980
582 699
575 899
992 3
563 611
716 2
825 330
239 693
705 300
619 926
938 401
107 282
40 291
694 421
540 126
843 183
863 405
719 556
92 861
753 30
750 646
231 800
578 973
996 299
840 664
467 292
524 293
746 502
695 564
398 500
436 522
547 155
944 712
480 66
263 266
998 889
4 128
856 301
212 154
496 745
738 767
811 362
201 847
994 269
288 54
439 571
238 50
893 60
638 405
18 211
492 55
65 10
208 60
352 436
584 531
610 301
931 5
545 106
494 80
975 477
524 986
700 582
108 470
142 154
986 820
755 787
155 295
227 707
94 821
67 712
671 746
522 415
372 220
640 647
629 991
440 215
999 549
62 554
971 87
351 133
411 45
722 939
529 377
388 857
358 863
767 337
579 82
600 663
870 241
745 552
448 699
75 362
441 943
952 374
418 511
537 98
842 496
657 140
534 391
702 711
512 494
530 82
906 348
326 38
300 513
896 973
507 975
433 998
940 665
322 19
563 376
176 303
965 687
400 431
148 987
829 708
393 835
10 88
273 416
106 962
24 357
143 30
204 317
238 388
839 765
947 489
913 230
428 474
957 732
936 221
698 632
243 927
157 965
797 706
204 698
720 858
78 22
684 745
613 506
827 578
24 451
523 70
859 862
831 931
273 22
285 554
923 967
691 820
925 366
899 416
507 569
736 849
600 904
566 474
838 852
139 257
868 520
90 407
60 142
186 951
766 312
746 825
296 499
10 30
184 334
175 978
839 171
589 964
840 79
672 588
329 495
778 52
874 520
852 244
286 13
313 632
446 342
130 232
241 432
27 536
920 784
817 688
579 43
922 506
901 759
769 131
215 970
369 410
532 647
372 345
804 303
49 378
887 596
22 502
946 394
659 540
980 40
388 626
397 688
347 634
914 724
119 563
204 18
542 41
154 277
20 303
370 860
83 841
187 417
906 299
355 429
304 214
811 378
754 552
740 37
781 922
927 337
118 692
695 167
57 673
268 763
142 547
901 48
102 666
58 356
546 729
901 553
840 552
965 289
820 216
193 968
608 394
667 365
183 607
26 925
776 827
372 907
780 380
788 740
88 255
35 842
404 561
525 195
783 400
801 223
281 198
845 987
459 983
169 19
209 590
193 672
924 979
419 759
465 912
351 386
762 887
792 480
693 608
591 796
657 220
599 917
651 318
929 945
246 321
443 391
326 551
942 761
549 590
388 636
965 200
294 72
946 468
498 856
294 304
657 222
324 947
95 914
105 853
100 443
965 552
393 276
553 930
687 259
455 995
359 863
706 241
799 99
362 839
823 22
668 472
511 664
167 82
427 905
822 166
862 661
250 991
892 813
794 72
533 452
306 603
686 453
927 386
483 825
189 401
299 427
833 935
667 110
830 903
295 363
748 142
902 412
177 124
430 247
284 453
385 472
984 27
225 974
964 710
793 825
5 740
182 252
79 642
564 422
739 90
643 239
896 270
182 773
316 840
797 512
170 922
704 271
43 115
892 435
577 460
161 25
419 626
316 12
879 614
512 406
357 758
566 976
43 821
163 942
511 982
486 802
838 975
486 578
304 837
71 162
584 476
955 532
859 259
297 774
94 909
363 389
229 26
398 511
908 128
289 355
101 798
195 449
7 855
310 842
379 892
561 582
679 74
21 882
655 773
822 645
451 177
885 576
372 587
238 250
117 956
258 13
846 663
174 345
531 253
772 103
167 557
998 510
202 139
788 442
644 12
666 588
562 315
766 139
665 484
609 19
15 48
762 881
868 841
821 568
803 486
296 608
614 395
20 381
462 338
735 449
413 446
47 561
379 710
55 555
407 58
136 321
507 351
461 484
872 230
252 574
727 275
402 455
110 237
353 86
541 978
235 218
62 525
246 488
820 656
817 618
567 689
294 431
288 404
314 649
639 150
634 522
330 660
684 279
608 54
203 792
867 697
417 82
275 545
507 630
183 452
995 94
803 524
663 86
818 16
825 550
599 205
860 471
842 739
390 834
236 945
505 817
453 606
808 138
492 841
249 464
65 114
551 872
240 430
447 823
945 776
602 380
998 942
292 355
943 76
236 459
22 766
524 287
924 927
604 895
349 935
198 705
523 465
947 761
733 980
128 312
887 259
339 847
678 718
602 41
132 457
562 180
201 213
933 408
574 897
476 291
287 200
280 907
216 51
246 297
388 410
571 459
753 295
724 507
808 118
883 708
182 534
268 860
89 400
604 82
326 471
102 445
582 327
185 409
221 241
798 512
650 827
571 28
830 379
314 893
998 349
788 646
572 646
540 625
50 86
237 286
851 178
826 380
13 422
685 54
961 734
647 85
443 570
390 567
381 197
274 890
860 76
31 261
257 882
682 661
376 264
562 751
555 159
488 570
842 597
65 635
830 622
955 624
87 750
319 860
683 277
401 901
812 994
585 920
175 598
209 21
843 867
590 846
832 633
367 772
761 986
918 489
481 546
446 596
503 919
182 246
71 988
184 455
657 392
387 93
224 514
935 88
30 807
355 891
983 564
613 720
838 660
148 286
928 15
703 150
884 0
415 656
262 457
209 194
667 398
758 468
814 284
948 910
474 798
917 615
204 180
550 812
572 120
461 989
922 215
901 500
714 248
577 887
213 673
415 382
294 988
595 440
373 200
73 473
316 819
12 469
106 36
487 270
636 710
957 843
231 420
919 501
460 634
196 687
103 160
560 767
753 989
655 268
800 881
167 490
218 363
328 432
889 791
109 311
82 983
960 359
458 5
555 356
599 548
851 823
679 133
709 590
383 648
814 545
246 4
22 775
39 205
658 781
152 310
528 429
937 619
413 173
617 418
562 381
714 242
647 446
60 382
893 523
777 726
871 771
260 970
500 782
975 924
232 520
830 663
86 606
972 905
902 479
532 479
1 589
200 502
938 625
492 186
149 850
840 496
897 436
762 664
960 319
674 631
143 661
181 222
61 159
840 570
775 946
931 942
332 170
844 814
483 24
909 513
645 267
472 461
382 133
999 164
310 171
572 332
838 983
655 219
212 701
692 285
868 737
248 212
927 139
475 340
548 139
486 81
144 153
422 183
137 878
60 999
234 298
62 872
338 226
169 64
20 718
585 865
191 994
950 666
169 90
218 670
618 907
814 980
595 100
760 211
459 306
503 901
983 904
868 99
963 722
692 443
683 195
949 59
444 468
495 783
325 262
117 251
603 278
930 951
490 907
823 99
985 635
733 879
499 17
636 757
545 290
843 284
55 244
619 586
356 88
667 938
139 164
972 298
847 643
413 453
793 526
595 765
757 3
575 913
220 918
395 553
673 464
581 665
967 889
718 99
639 999
23 615
421 485
32 282
511 207
480 985
384 453
651 850
283 948
21 270
901 776
974 707
816 670
40 143
744 856
645 520
691 738
95 110
314 60
358 231
582 457
120 337
371 689
585 33
884 895
762 231
875 48
807 31
967 791
814 387
598 198
881 464
826 326
445 984
638 59
448 425
655 125
27 902
28 305
177 480
995 278
804 923
16 458
368 600
48 18
234 380
742 244
723 463
352 140
602 228
377 971
478 604
598 85
282 188
735 55
126 80
422 194
154 268
143 487
93 461
300 95
46 777
475 743
99 166
841 64
903 796
16 861
527 553
817 844
386 325
869 797
922 888
698 56
419 747
776 154
486 312
750 708
383 739
969 808
182 374
208 231
63 725
944 197
338 708
822 771
116 261
76 363
784 336
277 188
750 592
552 351
621 882
189 746
161 491
624 402
90 238
266 918
8 267
36 13
303 924
380 341
749 830
145 984
632 881
457 941
165 468
34 678
903 554
458 724
834 48
935 854
2 64
830 685
442 6
58 936
437 191
580 307
50 765
607 442
952 263
73 787
288 21
522 638
216 305
969 699
327 547
877 902
369 452
454 176
719 129
547 197
98 807
197 707
133 44
982 471
886 308
697 973
518 644
999 850
676 122
447 637
943 5
427 633
419 885
766 93
533 292
985 700
710 338
934 157
31 526
499 1
863 819
549 948
483 145
873 549
77 902
29 240
208 128
243 913
498 836
950 785
956 226
986 454
664 191
212 51
817 238
557 940
211 882
960 798
994 980
81 517
709 889
790 575
787 965
177 147
455 782
616 812
439 60
264 367
2 944
37 53
226 660
744 733
98 369
13 621
639 133
8 82
368 570
899 756
511 945
371 992
31 147
335 548
546 325
38 726
195 914
783 250
254 444
423 734
377 650
323 283
963 243
64 358
197 156
612 353
533 793
350 167
287 51
188 430
444 515
836 373
148 337
568 907
681 452
440 791
153 143
397 896
504 681
881 444
67 519
796 694
290 470
851 536
523 89
739 900
313 217
542 384
212 318
481 166
5 830
119 992
736 669
593 995
155 824
2 643
323 518
888 315
725 421
742 254
77 389
785 286
331 874
503 151
639 347
393 57
238 647
19 138
268 315
290 284
738 608
675 67
665 153
663 15
6 262
3 661
838 379
103 430
491 812
286 658
214 688
619 952
321 105
889 161
194 701
122 913
950 290
87 306
439 38
662 214
427 193
44 488
725 769
837 235
745 32
449 578
214 111
514 746
296 264
596 375
665 749
424 839
720 249
359 930
599 271
17 541
192 157
543 755
142 535
640 33
631 124
758 267
937 446
738 198
51 893
122 986
780 750
283 136
752 133
197 350
918 330
661 93
81 528
820 522
591 703
634 627
453 238
916 474
641 278
598 413
428 153
763 936
921 679
11 745
0 14
870 778
28 137
719 914
627 365
24 892
132 317
593 90
548 39
421 373
513 396
411 933
335 331
322 541
674 798
920 8
160 371
82 163
778 306
555 882
221 441
58 821
484 478
65 768
729 526
129 747
785 803
764 943
726 640
769 512
412 180
854 158
875 742
637 70
616 303
399 576
49 8
229 624
74 751
573 708
357 128
523 410
791 401
927 853
56 66
977 549
492 686
52 287
987 789
618 585
400 820
222 450
819 662
685 204
660 690
430 947
87 304
143 92
752 932
797 211
180 426
605 945
417 691
746 525
298 938
517 848
37 741
255 528
515 294
151 180
983 438
374 256
727 888
542 919
860 786
283 641
449 501
990 151
552 940
715 513
868 263
526 47
136 112
247 396
637 398
681 295
687 342
249 589
41 409
723 488
31 76
683 170
605 288
236 936
399 804
534 954
671 635
443 187
707 162
825 710
363 739
248 964
548 245
316 6
624 116
48 891
386 149
853 559
85 558
907 673
824 61
458 436
268 515
577 975
696 772
22 897
856 288
489 408
150 892
56 142
75 218
707 951
450 913
188 646
354 567
733 510
800 248
516 603
758 392
786 753
880 559
59 312
548 246
642 210
431 768
355 160
461 259
219 891
650 652
247 344
420 955
532 570
804 195
601 628
128 784
499 366
23 578
424 960
796 360
871 762
799 300
328 200
313 715
444 753
117 265
401 61
223 608
225 119
631 107
288 256
662 995
472 2
524 594
837 494
92 414
623 588
259 822
278 0
560 439
695 230
996 200
542 672
950 532
531 128
476 259
760 777
169 577
247 674
208 385
158 135
365 636
57 896
698 800
952 270
589 418
989 302
697 353
365 11
148 985
196 121
918 397
844 509
211 501
488 456
74 155
712 624
258 505
39 864
770 675
25 329
882 565
376 47
465 287
534 258
324 699
903 745
283 973
162 753
818 284
192 771
740 252
503 467
37 111
913 45
491 174
349 437
47 924
875 911
249 494
87 863
467 729
352 946
321 170
537 592
779 748
996 269
112 171
605 571
307 42
227 560
224 231
715 72
31 414
962 598
531 455
715 730
880 514
321 883
397 576
174 974
58 883
61 860
532 821
548 78
90 172
587 911
116 891
608 409
532 466
148 547
628 293
424 92
427 121
758 696
412 466
658 399
21 822
262 570
490 610
68 428
499 33
692 308
763 49
215 479
320 717
743 40
427 47
805 797
50 69
225 842
723 93
212 902
401 498
414 145
105 170
349 301
306 299
220 84
163 889
769 31
785 678
318 992
329 374
482 211
260 722
533 630
81 453
675 641
980 128
483 410
484 729
926 651
528 739
629 291
162 447
74 595
838 758
768 313
495 181
761 394
630 746
84 411
662 59
469 452
666 478
17 874
244 313
739 642
606 945
331 663
77 52
844 197
588 463
723 724
31 482
911 271
428 615
252 388
692 518
422 834
503 708
441 24
644 611
558 998
378 924
646 786
88 136
499 393
79 866
155 298
941 215
158 924
439 509
548 473
168 986
90 752
958 895
153 432
477 82
56 401
303 208
774 901
367 742
989 113
955 517
480 679
210 968
798 783
704 638
352 597
222 955
597 800
144 285
461 69
283 506
275 654
893 45
884 978
697 40
792 556
668 206
908 286
414 787
378 684
135 713
275 728
135 280
869 141
383 77
879 213
528 12
468 596
752 319
130 804
947 157
748 670
923 816
9 966
851 91
513 864
704 796
208 451
238 553
790 719
349 338
624 89
945 465
928 788
957 739
617 645
114 556
531 519
810 837
578 279
674 792
441 148
997 709
479 226
13 20
778 859
377 126
392 993
490 306
924 2
918 564
970 88
868 847
705 165
741 181
779 402
613 550
371 919
134 305
912 990
664 767
633 853
795 601
284 254
403 944
984 335
281 896
729 378
184 125
610 240
494 546
754 63
401 691
793 423
489 911
464 247
291 517
46 742
840 936
410 5
497 7
99 170
883 858
741 613
952 143
967 811
675 112
333 546
162 414
35 209
453 968
648 690
716 347
537 789
660 59
475 260
906 907
214 636
701 75
713 874
408 857
400 437
655 785
176 850
884 476
502 513
625 555
930 401
202 233
800 746
514 708
614 642
924 684
970 375
28 987
965 798
84 197
193 94
697 984
371 126
923 975
469 107
794 0
533 209
929 555
207 934
90 80
64 49
791 932
172 561
754 229
189 274
493 56
688 390
742 994
336 305
10 629
575 879
140 168
164 598
856 133
51 655
877 462
877 480
96 349
892 698
814 74
736 706
544 441
663 32
586 636
555 302
626 304
889 627
874 89
176 752
128 910
761 405
657 352
805 373
930 522
367 884
928 614
609 882
792 99
502 926
778 666
521 482
973 47
378 75
483 734
529 728
128 63
298 662
684 115
852 882
987 464
976 143
977 723
124 736
491 949
297 806
736 17
876 924
695 902
638 650
476 301
483 103
817 552
802 358
767 825
84 612
742 834
526 27
631 145
570 429
113 822
461 760
789 272
715 835
26 981
877 802
237 433
1 88
786 710
270 871
557 673
631 512
950 972
412 53
616 909
198 664
641 379
266 481
243 659
997 236
843 405
904 53
394 625
988 163
589 968
973 759
891 483
904 336
828 766
639 262
482 978
45 467
944 582
571 457
599 402
793 609
50 790
133 769
986 232
436 828
337 863
877 671
272 822
941 679
262 684
390 305
546 297
520 326
877 404
494 355
81 803
262 869
851 799
548 651
505 349
563 257
513 879
425 396
286 264
490 296
372 821
613 414
705 796
782 506
804 512
969 761
199 767
266 867
674 769
459 94
43 380
532 328
98 103
695 864
345 641
303 170
2 273
271 102
340 121
679 43
105 947
319 219
254 909
519 276
1 123
890 195
936 431
352 752
963 763
975 121
879 225
241 596
645 457
70 445
576 130
83 645
699 259
320 192
902 866
670 77
103 183
906 786
679 743
878 371
734 191
896 660
814 769
592 628
976 880
560 186
693 526
154 967
246 572
581 694
480 963
793 418
473 939
951 853
656 209
317 945
587 972
768 808
379 76
375 585
445 130
372 504
755 870
575 356
157 322
758 434
665 741
846 131
943 210
82 510
797 198
148 813
992 200
796 459
997 964
297 903
147 256
200 468
203 379
318 76
558 693
481 834
115 335
636 850
482 226
488 598
89 214
566 688
399 699
517 200
705 393
423 749
961 623
68 666
488 992
309 171
423 944
962 562
66 335
852 898
155 940
279 569
653 693
501 187
102 256
105 502
892 988
445 317
930 728
666 246
364 825
839 824
833 844
883 665
25 611
824 232
904 686
680 903
955 564
550 347
823 238
891 896
935 83
678 864
15 324
205 675
865 468
117 483
992 356
555 825
176 998
32 928
764 209
472 770
674 483
224 134
438 68
414 847
405 675
845 657
619 27
25 604
316 822
71 885
218 533
601 448
54 475
693 305
729 384
806 593
941 412
705 634
483 796
234 311
911 437
517 995
276 302
216 119
762 980
274 526
353 288
953 398
122 639
388 795
308 480
202 759
158 612
390 668
986 974
180 596
260 444
946 72
211 141
121 209
711 322
452 171
277 153
684 872
969 852
193 829
638 680
776 549
219 512
687 463
188 450
189 558
14 412
697 268
396 795
561 737
144 908
291 133
409 332
885 9
350 559
403 76
646 115
707 772
441 66
273 580
865 664
236 701
319 346
793 761
41 139
590 817
831 102
264 598
902 379
32 846
659 998
37 178
115 354
709 685
946 229
702 162
453 72
156 216
198 676
101 717
4 701
430 714
431 195
543 52
45 120
388 229
381 331
533 954
331 769
966 882
459 205
432 726
782 151
15 319
131 540
178 235
929 117
138 761
51 490
127 927
58 987
395 465
960 347
627 85
375 780
314 117
660 920
214 131
92 797
345 899
693 399
201 735
231 534
853 924
74 464
705 467
895 954
92 781
852 396
396 111
965 676
11 314
722 456
546 173
644 511
605 641
202 940
758 71
657 379
294 346
625 525
177 835
556 741
904 801
620 109
753 215
675 961
238 153
308 509
791 294
527 104
339 858
325 918
592 756
134 907
961 36
834 37
553 528
513 737
181 832
831 860
675 1
344 352
666 191
315 395
825 253
306 527
749 606
642 906
995 888
414 588
359 118
798 342
801 191
230 302
546 492
128 897
454 218
411 617
828 920
624 809
139 513
278 175
888 731
106 218
579 156
555 821
329 807
767 354
120 250
556 682
943 289
90 382
333 592
973 284
214 409
656 432
175 103
232 543
299 399
174 772
33 758
299 445
110 758
240 157
230 38
447 603
849 584
223 426
731 162
635 345
415 629
327 761
469 852
890 136
244 564
72 711
456 710
598 535
26 127
719 695
558 71
164 920
172 394
166 400
730 261
326 456
361 333
1 652
643 113
798 148
283 447
221 884
634 89
165 286
125 962
223 526
826 214
512 914
795 872
599 143
920 624
442 668
971 211
655 682
690 321
802 106
0 564
522 628
439 399
208 398
328 910
273 109
339 2
72 903
2 150
762 633
477 459
255 594
430 629
338 701
780 740
934 106
992 808
747 69
702 4
609 595
493 802
719 967
380 332
523 507
409 31
557 779
912 863
869 265
308 236
181 514
303 823
676 493
106 938
846 530
791 142
390 223
343 286
74 871
222 383
295 320
777 311
295 703
787 546
437 48
50 689
98 836
524 140
150 475
646 234
421 484
178 157
666 60
529 309
89 465
560 844
307 102
252 905
670 717
856 563
427 955
264 479
334 688
272 679
408 803
882 128
797 425
417 674
434 353
640 41
476 445
222 630
822 985
98 570
570 283
858 446
16 800
89 283
14 830
288 817
60 38
272 573
476 189
411 180
368 51
399 403
415 221
476 211
58 288
813 484
250 170
610 174
784 474
143 232
322 850
727 366
135 491
637 641
265 492
106 867
570 107
468 665
286 504
179 751
88 667
565 108
758 243
453 721
902 66
292 177
990 871
865 531
751 130
499 200
540 484
955 784
781 573
687 303
10 289
271 595
545 26
887 78
994 681
603 7
291 963
0 62
373 870
695 55
946 94
491 958
520 754
582 910
90 494
325 680
221 155
201 736
20 613
93 291
215 441
224 545
626 248
234 192
213 370
797 685
434 505
232 997
453 297
902 899
608 92
212 233
612 408
616 226
186 663
732 886
12 710
945 130
221 162
409 752
346 911
798 377
806 117
848 641
165 583
731 249
177 2
225 61
537 625
59 412
53 112
499 656
187 831
235 845
882 199
920 656
594 700
993 47
895 560
568 544
503 826
849 142
154 491
326 246
919 194
554 273
718 162
681 702
794 205
267 490
35 252
308 659
627 267
747 877
949 317
16 580
374 244
314 162
884 432
982 767
652 97
807 837
76 16
263 734
592 296
497 734
336 140
16 801
653 525
807 803
56 539
264 407
157 14
4 943
642 451
41 595
41 119
517 287
235 61
198 806
128 509
443 484
970 80
3 535
818 701
982 395
9 464
33 88
867 628
497 855
663 250
64 152
495 887
861 567
584 351
209 575
533 47
28 850
183 162
224 866
79 345
399 563
548 832
219 895
574 449
296 603
481 265
598 582
331 832
119 211
569 792
352 190
72 451
580 305
142 561
171 763
709 856
147 108
523 483
439 239
651 912
481 776
406 469
189 315
554 785
459 574
902 106
758 92
181 71
695 229
208 842
420 204
983 55
92 154
924 524
25 582
903 258
226 475
251 455
229 268
483 342
484 879
520 828
841 261
356 365
317 166
610 200
740 414
524 645
565 820
132 589
733 111
134 217
371 909
832 191
719 281
75 788
144 36
946 440
596 964
798 488
523 286
630 684
333 871
545 611
728 839
123 978
647 923
935 803
704 140
500 282
550 205
742 916
9 350
911 420
633 890
101 176
859 899
177 557
53 584
908 237
412 39
549 49
751 105
661 941
964 549
124 411
886 239
20 661
833 226
691 273
36 185
692 369
37 410
966 629
881 941
274 667
184 389
810 507
387 24
183 263
204 705
69 62
823 69
877 866
573 447
656 693
490 906
258 858
154 619
712 685
46 741
466 474
543 670
553 986
578 197
789 190
394 499
335 462
993 913
534 674
342 89
807 710
842 740
593 552
748 410
457 126
597 383
309 313
547 97
293 381
136 563
964 895
301 368
373 853
385 3
851 302
818 9
784 273
591 994
207 215
680 335
431 384
265 906
887 556
491 942
361 269
125 638
949 571
451 134
187 755
29 660
694 917
67 34
319 396
629 352
847 833
281 372
920 66
895 805
576 646
670 35
216 295
781 426
609 812
577 861
489 687
635 293
456 396
940 872
968 964
357 562
453 770
466 121
540 352
554 591
697 923
3 401
555 826
712 668
118 181
196 674
792 426
851 640
383 198
636 129
969 200
332 929
346 78
254 243
60 977
437 719
821 847
531 918
746 889
465 168
730 153
541 910
399 235
692 701
105 691
920 384
809 993
825 982
182 205
4 141
511 185
457 284
63 919
631 677
912 210
673 9
569 711
674 930
868 977
58 780
115 83
109 4
610 5
77 544
988 940
646 403
385 935
228 399
794 936
640 534
115 745
289 944
112 810
931 672
220 743
835 307
383 291
160 584
684 570
514 236
687 246
508 322
376 870
179 103
219 812
233 329
201 52
430 777
943 369
523 158
848 118
47 214
65 336
184 544
584 963
455 751
316 688
364 622
982 40
911 788
129 593
202 167
893 174
751 632
586 878
18 5
510 177
693 465
754 742
970 52
411 19
220 893
225 832
561 519
301 754
807 528
512 300
671 346
91 993
293 955
164 98
915 609
3 848
123 635
336 68
607 932
877 379
301 413
378 726
832 188
348 589
104 535
979 387
423 881
594 359
268 603
279 366
891 998
18 261
888 396
607 84
397 249
533 278
396 959
43 704
276 848
112 366
165 377
46 178
806 226
807 812
763 121
573 379
324 445
352 124
30 665
98 234
708 128
570 255
67 573
425 20
233 19
96 240
957 768
260 418
439 858
138 479
794 206
351 106
887 547
581 543
623 712
453 846
57 851
585 106
659 152
835 283
17 595
468 645
35 661
33 878
388 138
437 648
571 792
80 573
598 638
994 767
218 495
597 914
754 115
895 241
837 202
662 452
584 691
832 616
492 586
563 742
159 371
452 466
145 846
249 769
534 964
831 178
194 119
525 533
648 843
174 799
549 119
934 374
205 982
408 756
698 850
287 400
765 164
987 403
850 314
606 202
411 950
901 433
987 730
97 544
187 190
192 226
821 573
415 293
903 853
77 264
709 849
548 727
650 383
229 97
450 177
829 905
126 236
108 835
645 710
104 338
577 905
36 107
438 637
717 787
857 383
364 15
376 910
715 801
93 273
5 60
813 777
869 469
651 18
552 93
484 338
53 809
460 280
785 888
65 944
852 44
407 466
941 671
806 931
613 809
873 251
191 154
447 279
305 503
484 434
789 544
301 322
700 75
602 891
338 788
456 179
733 693
236 14
840 253
673 425
433 584
641 294
878 253
794 964
265 596
74 803
888 325
307 929
341 68
514 534
101 794
105 760
383 522
999 258
214 909
830 448
813 541
820 417
116 228
283 909
384 140
44 140
701 741
769 24
982 480
61 449
593 909
567 417
7 917
646 2
953 47
776 686
406 448
653 152
565 297
730 596
596 153
962 256
405 229
286 185
584 834
932 501
987 231
824 303
645 234
824 522
380 686
622 414
410 560
556 611
920 562
762 278
982 524
817 192
365 422
942 21
391 766
984 396
424 528
590 312
66 397
639 658
795 737
942 85
16 424
954 174
772 896
980 670
945 546
727 676
902 683
241 163
451 609
269 693
397 408
260 668
238 958
322 553
492 208
15 530
255 497
753 456
620 775
169 207
238 15
717 216
719 199
992 721
682 457
105 790
7 625
557 330
58 295
822 872
216 887
664 399
684 568
821 910
677 406
440 128
225 841
197 706
460 363
697 659
181 279
378 749
859 561
937 452
80 159
971 198
254 329
715 282
376 553
709 88
836 6
984 439
26 116
280 144
103 684
581 702
698 684
559 307
182 85
345 19
767 246
346 182
726 522
795 246
497 169
780 615
204 400
972 875
802 525
854 426
726 388
970 82
289 669
513 910
565 142
404 248
385 235
351 540
400 92
469 142
690 709
99 106
987 141
894 780
591 684
752 605
652 427
809 9
530 503
459 416
381 513
13 776
644 662
977 459
550 828
877 450
846 721
549 83
312 139
225 36
843 539
504 452
970 609
4 822
966 778
666 784
31 408
301 311
919 746
910 502
796 901
225 503
550 806
315 763
557 498
239 602
995 759
215 543
550 389
323 999
144 321
519 62
262 175
772 294
533 889
662 177
9 53
72 21
324 27
806 14
65 68
763 53
714 149
141 919
663 789
102 633
328 437
854 590
591 996
653 983
192 971
250 677
557 171
138 384
427 727
687 446
860 718
257 236
615 452
954 955
185 661
868 417
327 33
626 918
367 723
654 661
203 323
253 555
191 371
826 716
123 167
911 386
640 419
160 213
404 768
734 168
398 372
697 694
378 291
620 449
592 556
624 679
83 242
44 357
137 3
909 376
759 267
275 239
305 714
365 578
595 264
990 582
529 562
630 151
288 66
219 361
935 376
832 661
293 438
704 582
409 237
330 75
47 232
308 991
120 479
350 946
75 665
542 310
219 897
816 305
606 491
28 654
224 750
111 547
785 88
992 270
652 371
317 619
856 482
975 597
367 274
705 895
848 101
382 443
777 355
74 654
444 305
104 393
789 401
708 965
69 700
24 497
526 620
525 431
880 963
273 928
416 761
753 119
245 549
529 843
936 898
735 191
390 754
488 290
765 241
283 769
675 537
758 469
507 56
987 451
32 102
271 192
103 536
309 300
939 20
580 705
399 240
938 376
333 941
364 246
365 353
387 487
489 216
450 420
712 192
923 125
882 607
312 356
852 412
451 4
966 508
378 282
178 436
671 776
310 879
28 227
654 29
81 932
509 930
378 600
116 440
629 880
468 800
26 626
481 15
915 628
994 51
994 437
336 80
662 97
135 245
687 312
74 193
699 899
47 84
224 174
708 637
373 277
735 823
184 324
537 702
262 717
733 454
147 904
354 327
710 723
258 976
133 229
292 791
70 725
530 532
329 40
42 115
933 790
406 553
757 122
348 445
404 319
63 319
970 274
599 226
323 687
949 0
661 278
742 546
300 801
213 65
872 49
131 275
415 834
747 348
219 229
441 910
283 516
809 204
388 837
627 468
29 289
345 177
271 305
836 59
705 565
779 327
321 251
435 316
94 526
559 682
216 419
321 228
148 372
874 61
801 58
963 132
406 660
174 310
78 280
511 733
661 76
357 654
63 422
231 162
747 870
973 519
217 824
998 968
209 668
636 346
657 999
7 739
548 743
580 657
265 267
541 729
992 401
353 137
818 515
158 694
33 234
1 255
444 155
894 757
956 464
36 199
148 433
881 432
618 678
298 352
251 548
371 352
172 70
684 998
554 41
139 388
945 512
316 298
965 723
352 435
20 660
906 766
797 574
353 682
214 698
460 572
210 211
868 362
948 260
548 427
238 836
578 192
704 276
172 35
792 304
275 103
569 794
928 503
532 114
120 189
786 389
382 76
336 712
630 915
892 393
919 515
60 971
985 779
283 916
812 66
711 766
660 70
699 494
411 880
883 461
917 53
75 188
844 150
795 259
494 423
728 534
242 162
637 194
108 248
741 501
577 990
271 831
569 963
294 719
658 356
205 753
994 595
444 37
662 334
197 523
667 986
288 742
901 380
220 741
791 232
566 548
464 176
62 254
568 7
469 31
828 928
185 8
796 4
459 473
968 59
114 36
34 313
391 494
823 178
419 540
117 462
197 136
642 332
478 89
314 415
794 208
250 940
220 350
231 70
181 467
188 292
788 101
90 234
359 723
750 628
382 372
880 312
406 713
645 570
51 851
68 153
523 914
608 144
370 820
718 432
967 881
156 423
264 140
204 818
414 514
250 951
966 500
111 102
646 511
687 368
767 537
183 345
392 379
639 152
870 931
960 503
147 258
681 419
957 995
704 729
298 599
230 71
340 427
181 753
483 608
153 211
359 500
546 818
145 542
441 896
734 291
385 190
961 136
341 714
766 29
95 775
144 136
519 829
312 708
977 753
532 689
818 812
551 832
44 917
989 403
355 916
944 175
769 58
435 405
229 740
871 511
686 733
867 435
867 308
384 50
331 251
439 601
460 568
599 555
416 30
29 467
740 586
627 792
977 806
964 437
751 722
645 436
830 883
499 842
320 4
630 931
696 905
801 177
374 770
593 666
940 788
307 549
264 180
289 471
377 494
100 774
376 91
609 560
504 679
937 214
476 310
859 537
711 408
980 308
794 751
267 452
19 311
0 60
172 328
7 927
788 371
750 286
619 443
880 99
518 51
16 905
486 597
533 805
569 921
774 421
990 925
183 990
831 385
238 344
836 941
209 246
791 205
712 643
201 626
589 344
438 585
307 167
204 872
288 743
688 975
612 315
895 784
869 553
847 156
521 137
341 825
416 992
864 454
3 342
787 416
301 808
609 734
510 49
7 859
631 224
801 734
338 930
109 146
720 962
967 291
878 207
966 613
105 352
22 288
166 763
482 672
675 791
274 74
401 441
222 607
876 182
395 424
958 329
976 464
353 327
234 808
642 295
196 326
82 704
218 67
575 500
361 227
8 407
757 474
610 812
550 499
272 146
2 945
819 369
582 966
340 776
631 396
261 703
677 58
833 785
896 30
820 900
979 706
982 863
724 143
363 160
874 727
196 513
215 393
125 727
77 991
233 775
777 327
701 88
206 519
360 365
518 74
694 682
745 590
108 351
538 894
316 414
921 290
508 633
1 869
260 80
218 506
574 394
724 338
783 51
238 452
400 43
338 885
12 16
362 94
547 761
744 597
553 194
518 213
637 725
694 905
927 998
314 646
781 261
813 549
687 214
320 777
746 117
567 121
633 329
357 250
19 858
146 878
846 910
235 868
115 994
692 176
973 691
346 233
398 342
194 400
156 319
131 844
672 410
650 684
883 981
70 706
554 8
993 855
413 728
957 639
937 719
538 256
948 47
3 914
129 590
299 236
681 255
440 279
546 938
788 743
747 899
614 856
407 302
378 815
46 187
775 749
446 441
580 391
468 253
312 661
597 251
584 182
765 539
360 560
365 256
760 674
123 289
715 974
97 218
966 49
352 159
454 692
45 604
105 745
390 941
696 592
824 788
240 92
645 122
465 518
727 127
715 125
506 270
811 317
665 766
477 96
344 230
614 150
633 991
40 218
322 687
275 802
104 818
952 861
6 923
544 59
817 216
140 318
383 467
568 417
689 448
661 585
872 263
397 151
991 392
886 141
512 979
8 255
692 324
667 885
271 71
406 757
559 390
737 139
436 687
309 482
583 468
118 944
892 828
643 989
624 552
613 987
210 190
634 363
507 698
258 24
150 98
35 596
370 52
478 64
451 410
722 33
886 167
369 672
927 76
967 732
614 512
997 908
147 815
509 580
886 545
460 631
337 643
337 848
409 602
345 634
406 625
714 605
975 686
201 266
2 378
207 90
549 387
951 534
940 834
145 839
560 74
491 975
285 574
906 558
936 725
861 515
345 457
782 60
622 287
348 820
464 318
79 428
85 561
335 305
372 335
818 994
684 969
107 355
775 394
107 764
529 164
671 916
253 206
9 803
735 453
933 395
485 906
755 126
433 823
636 2
575 255
462 846
276 882
177 487
47 0
222 624
454 5
456 498
28 808
215 755
698 304
312 304
2 157
717 361
77 256
28 802
36 124
14 684
111 584
674 237
161 102
78 502
254 521
854 354
306 659
31 75
281 351
361 464
616 602
80 136
481 387
558 56
736 121
182 843
682 484
266 410
204 991
499 900
226 664
26 425
641 337
917 82
46 887
828 91
627 582
715 469
645 935
84 857
157 790
792 508
63 572
965 691
376 103
952 211
120 407
761 988
565 779
151 329
211 635
77 335
969 676
790 911
729 746
595 955
65 257
195 272
923 840
754 767
558 124
65 225
104 320
411 901
340 85
892 524
124 842
500 970
849 886
311 929
120 118
329 501
982 319
352 390
161 107
532 74
730 965
447 222
493 435
368 91
401 682
717 474
674 456
576 930
82 0
711 807
570 0
0 536
414 289
811 426
6 431
377 552
670 978
607 899
637 705
692 710
817 703
463 663
628 400
896 138
776 642
752 83
625 98
989 166
992 208
52 319
652 795
174 979
977 344
226 857
443 252
19 997
588 269
311 489
624 872
586 319
43 712
561 377
578 859
626 600
569 613
238 957
719 916
424 524
646 315
910 642
314 723
365 598
514 839
946 376
387 177
557 237
677 350
255 176
466 697
747 330
901 858
567 989
131 794
640 477
724 814
956 319
690 510
748 983
611 641
617 495
619 319
534 700
768 100
996 586
291 359
134 518
739 534
831 855
876 849
333 548
411 664
615 377
916 769
898 807
721 707
288 574
400 270
213 855
661 107
31 620
418 127
506 585
869 900
359 178
293 728
903 433
242 843
268 611
360 181
817 140
882 218
807 663
824 711
552 972
603 685
769 623
724 386
963 393
683 93
663 725
463 538
214 854
664 614
590 866
89 722
102 176
864 353
352 912
29 370
964 40
679 801
803 269
462 266
106 746
67 770
805 884
221 743
37 486
707 681
718 874
194 298
394 0
557 428
341 465
922 146
241 296
351 601
151 490
789 575
360 998
506 52
408 566
233 830
473 27
892 229
361 467
126 797
581 258
708 185
479 129
631 593
774 510
575 945
348 386
164 927
535 763
291 74
308 671
936 88
541 437
963 253
969 263
884 469
896 900
749 737
562 33
565 403
660 777
891 910
995 510
607 875
665 141
524 650
898 478
344 751
160 84
918 148
760 935
800 869
390 14
134 61
71 222
813 711
435 770
5 439
618 134
376 536
27 192
203 174
513 18
840 393
213 759
827 53
26 305
582 123
912 130
380 302
672 792
483 181
951 109
105 610
636 926
999 508
133 583
192 636
8 512
115 157
435 721
297 375
609 23
115 422
66 506
766 36
492 944
982 630
15 638
2 490
643 377
763 896
23 358
156 722
577 843
630 888
322 129
770 766
64 51
126 863
599 778
833 860
385 771
614 84
536 581
185 24
935 623
405 656
121 219
468 788
18 284
858 493
557 680
74 877
835 12
264 224
763 214
701 810
545 383
555 648
885 811
635 279
675 635
935 912
708 122
836 516
646 792
95 179
980 955
936 144
213 500
790 231
627 994
492 520
899 857
179 342
403 181
281 858
483 114
783 599
383 24
322 342
260 666
330 170
679 738
924 154
532 117
429 119
709 143
205 617
91 428
538 911
799 971
888 50
876 574
838 767
82 906
509 795
646 843
864 384
646 658
181 931
453 250
374 607
317 597
712 65
548 222
970 343
814 221
965 306
458 569
45 599
285 729
490 396
895 122
452 759
12 105
583 73
905 855
651 761
866 874
117 708
-1 21395 22831 -1 13131 -1 -1 -1 -1 -1 -1 -1 -1 20631 -1 -1 -1 35367 21681 -1 -1 -1 -1 -1 -1 -1 -1 -1 -1 -1 -1 20257 -1 -1 -1 2730 -1 -1 -1 -1 57878 -1 9423 46070 -1 -1 -1 -1 -1 57224 -1 -1 -1 -1 -1 -1 -1 -1 -1 -1 -1 -1 -1 -1 -1 17501 -1 28589 8661 -1 -1 -1 -1 -1 -1 57882 -1 -1 -1 41942 -1 -1 43101 -1 49936 9612 45540 -1 -1 -1 -1 -1 -1 47956 20143 -1 -1 -1 -1 -1 -1 -1 -1 58207 -1 -1 37142 -1 -1 -1 -1 -1 -1 46226 5212 9683 -1 -1 -1 -1 34150 -1 -1 -1 -1 -1 -1 -1 -1 -1 -1 -1 -1 -1 -1 -1 -1 -1 -1 -1 -1 11674 20199 3439 -1 -1 -1 -1 -1 -1 -1 -1 -1 -1 -1 -1 -1 -1 -1 61049 -1 -1 41783 -1 47854 -1 -1 -1 -1 21135 -1 -1 -1 -1 -1 -1 -1 -1 -1 61191 14681 -1 -1 -1 -1 -1 -1 -1 38146 -1 -1 -1 -1 -1 -1 59972 -1 47439 -1 -1 -1 -1 -1 -1 -1 -1 25212 -1 -1 -1 -1 -1 26664 -1 -1 -1 -1 -1 -1 -1 -1 10833 -1 -1 -1 -1 -1 -1 -1 -1 -1 -1 -1 -1 7017 -1 3140 -1 61816 -1 -1 -1 16350 -1 -1 -1 57606 -1 -1 43022 -1 -1 -1 26617 -1 -1 -1 -1 -1 -1 -1 -1 60122 -1 -1 13375 -1 58677 10540 -1 -1 -1 -1 24159 -1 32698 -1 -1 -1 47485 -1 -1 -1 -1 -1 -1 -1 28531 50762 -1 -1 -1 -1 5468 -1 -1 -1 -1 -1 -1 -1 -1 -1 -1 3703 -1 58677 -1 -1 39229 -1 -1 -1 -1 -1 -1 -1 -1 -1 -1 -1 -1 -1 -1 36750 -1 -1 -1 -1 -1 -1 -1 -1 -1 60996 -1 -1 -1 -1 -1 -1 -1 -1 -1 -1 -1 -1 -1 -1 -1 22687 -1 -1 13669 -1 -1 22921 -1 -1 -1 -1 -1 -1 -1 -1 -1 49419 -1 -1 -1 -1 -1 -1 -1 40493 -1 -1 -1 -1 -1 15235 -1 -1 28445 60085 -1 -1 -1 -1 -1 -1 44563 -1 -1 -1 -1 -1 -1 -1 476 -1 -1 -1 -1 -1 -1 -1 -1 -1 -1 -1 -1 -1 36584 -1 -1 -1 55121 -1 24509 -1 -1 -1 -1 -1 25152 -1 -1 -1 -1 -1 -1 -1 -1 -1 -1 5021 -1 6326 -1 -1 -1 -1 -1 42953 -1 -1 25296 -1 9172 -1 18801 -1 -1 -1 -1 -1 -1 44625 -1 -1 43820 -1 -1 -1 -1 21186 18217 -1 53312 -1 -1 -1 -1 -1 -1 -1 -1 -1 2517 -1 -1 -1 -1 -1 16235 -1 -1 -1 -1 -1 -1 -1 -1 -1 -1 15800 -1 -1 -1 -1 -1 33774 -1 -1 -1 -1 -1 -1 -1 -1 9560 34619 -1 -1 -1 -1 -1 6821 -1 -1 -1 -1 -1 -1 60791 -1 -1 -1 -1 -1 -1 -1 -1 -1 -1 -1 -1 -1 -1 32146 -1 37029 -1 -1 9755 3494 -1 19252 -1 -1 43015 -1 56360 -1 -1 57547 -1 -1 -1 17327 51104 -1 -1 -1 60142 -1 7530 -1 -1 -1 -1 -1 -1 -1 -1 -1 -1 -1 -1 -1 -1 -1 -1 -1 -1 -1 -1 -1 63156 -1 -1 -1 -1 -1 -1 -1 -1 -1 -1 19105 -1 -1 20016 -1 -1 22841 -1 -1 7238 -1 -1 -1 -1 -1 -1 -1 -1 -1 -1 -1 -1 -1 -1 -1 -1 -1 -1 -1 -1 -1 -1 -1 -1 -1 -1 44272 -1 64793 -1 -1 -1 -1 -1 -1 -1 -1 -1 -1 -1 -1 -1 -1 47229 -1 -1 -1 -1 9562 -1 5380 -1 -1 18095 -1 -1 -1 -1 -1 46151 -1 -1 -1 -1 -1 48607 1510 -1 -1 -1 -1 -1 -1 -1 -1 -1 -1 -1 -1 -1 -1 49341 39092 -1 34488 -1 -1 -1 -1 10763 55912 -1 -1 -1 -1 -1 -1 -1 48271 -1 33776 -1 -1 -1 30589 8348 -1 -1 -1 -1 -1 -1 -1 -1 -1 43536 24135 10391 -1 11018 -1 39819 -1 -1 -1 61264 -1 -1 -1 -1 9816 -1 -1 -1 -1 -1 -1 56388 45973 26938 -1 -1 3390 3579 -1 -1 -1 -1 53213 -1 -1 -1 -1 -1 -1 64078 -1 43528 -1 -1 -1 7896 24833 -1 -1 -1 -1 -1 -1 -1 -1 -1 -1 -1 38859 -1 -1 -1 -1 43449 -1 62660 -1 -1 7334 -1 -1 -1 -1 61514 -1 18502 13060 -1 -1 -1 -1 -1 14768 -1 -1 -1 -1 -1 -1 6344 -1 -1 6610 65336 -1 -1 51177 -1 56364 1157 33116 -1 -1 25107 -1 -1 16622 -1 -1 806 -1 -1 -1 -1 -1 -1 -1 11279 -1 -1 -1 51586 -1 51069 -1 -1 -1 62214 -1 -1 23403 -1 28397 4541 -1 -1 -1 -1 -1 29775 -1 -1 -1 23071 28130 -1 3131 -1 50607 -1 38866 -1 20723 -1 -1 -1 -1 -1 -1 -1 -1 -1 -1 -1 -1 -1 -1 -1 -1 -1 -1 -1 -1 51949 -1 37258 -1 -1 -1 -1 -1 -1 -1 -1 -1 -1 -1 -1 -1 -1 -1 -1 23364 -1 -1 -1 -1 -1 -1 -1 -1 -1 -1 -1 63292 -1 -1 -1 -1 21135 -1 -1 -1 -1 -1 -1 -1 -1 -1 -1 -1 -1 60727 -1 -1 10713 -1 -1 -1 -1 23579 23159 -1 -1 14919 1598 28791 -1 -1 -1 -1 -1 -1 62923 -1 -1 -1 -1 -1 -1 -1 62195 11411 -1 -1 31773 -1 -1 -1 2277 -1 -1 -1 38159 -1 -1 -1 -1 -1 -1 -1 -1 1900 -1
9
1 706 1 80 6
1 599 13 329 15
0 23 7 569 15
0 436 15 994 11
1 52 13 382 0
1 408 1 133 8
1 241 8 18 11
1 65 4 439 3
1 343 2 52 9
