1000 5000
209 23
271 582
973 174
403 124
93 683
486 386
767 960
451 89
390 752
221 899
531 321
911 477
365 443
856 808
556 185
96 875
409 603
773 207
224 364
32 46
616 255
349 159
545 777
595 509
676 214
493 973
251 697
149 157
241 907
415 351
688 346
726 41
266 428
696 87
32 435
620 158
841 420
55 270
177 375
469 249
997 246
396 414
382 479
96 939
325 918
79 448
908 374
4 486
605 961
139 63
815 477
596 497
262 861
290 663
341 712
904 734
379 759
132 524
48 461
967 177
881 48
356 875
332 917
584 287
851 447
96 968
633 963
429 437
474 357
606 808
738 141
991 899
269 949
727 265
468 419
388 342
213 409
263 532
131 690
387 784
640 630
938 525
730 296
334 351
548 832
282 589
440 59
255 455
952 278
579 704
203 167
108 0
969 787
124 778
339 284
81 255
904 280
485 437
52 907
351 75
385 614
472 417
304 7
708 568
7 368
381 827
785 168
586 407
418 770
191 536
651 883
928 448
662 218
846 259
590 799
665 990
595 601
166 698
830 742
482 134
400 751
897 120
451 197
656 595
199 441
758 113
470 78
319 755
221 78
246 501
638 671
892 16
953 706
621 756
640 593
235 940
757 440
328 361
142 770
730 610
237 919
647 457
750 767
653 195
851 134
103 472
63 694
688 155
891 230
583 183
554 763
15 248
224 313
778 335
406 535
350 848
262 862
129 227
986 782
28 742
731 359
760 702
219 151
280 685
199 920
202 318
453 987
127 666
813 648
574 483
296 358
38 556
463 782
242 296
366 960
644 267
456 67
648 864
477 314
864 114
813 362
104 639
876 856
492 363
284 118
432 198
115 788
138 909
481 190
925 223
348 954
183 594
479 579
343 963
18 759
932 782
606 221
956 411
481 771
799 831
872 202
938 585
770 438
583 289
986 984
668 682
411 285
941 87
744 285
648 477
939 304
445 633
289 385
771 70
581 713
385 762
602 467
717 872
49 577
59 972
147 46
620 194
571 629
397 173
338 524
245 689
218 968
399 411
11 4
269 653
800 156
432 284
19 594
486 82
478 291
34 458
686 628
39 560
589 531
489 166
147 924
293 131
761 45
756 195
737 351
398 196
710 295
229 42
878 182
997 441
985 305
905 549
820 394
616 390
246 293
560 832
550 373
608 412
695 947
719 646
774 36
801 575
375 65
821 981
348 857
62 559
75 601
865 149
708 980
858 984
173 168
983 573
548 624
818 128
258 842
798 592
916 214
450 875
307 681
452 184
685 484
470 706
419 177
236 65
608 552
982 101
386 297
306 320
14 516
607 776
429 518
312 84
578 280
937 783
522 416
884 664
542 780
990 508
324 699
143 820
681 319
264 239
573 475
450 171
817 989
500 87
601 197
334 655
684 407
521 902
461 723
639 32
132 714
258 851
637 415
742 388
747 979
657 278
917 645
612 600
714 895
116 895
1 231
597 477
521 226
658 331
492 603
959 515
849 594
555 812
964 188
798 629
902 516
544 704
19 476
616 111
620 485
242 759
805 41
180 480
397 19
637 184
252 728
949 738
434 260
633 485
768 788
740 941
950 532
728 884
765 894
145 474
749 217
647 264
533 75
790 555
584 619
782 618
728 213
46 693
885 243
118 929
942 462
405 887
214 391
432 222
733 139
487 768
124 563
698 165
783 595
635 320
634 186
113 499
820 338
70 174
627 55
228 649
454 993
959 377
647 876
480 159
107 44
912 673
321 812
147 320
174 639
823 48
255 487
78 757
7 641
839 149
844 216
210 411
67 558
332 684
21 679
483 656
826 973
136 811
477 399
636 372
452 812
130 879
463 29
274 565
57 375
752 30
744 71
61 228
944 756
592 923
733 599
167 923
910 908
988 543
566 962
852 446
318 169
329 720
596 889
680 337
469 199
6 463
140 64
658 906
764 95
244 689
135 665
776 685
894 514
296 276
13 242
4 959
87 155
427 656
88 419
295 427
714 152
525 505
208 894
305 62
620 21
486 706
821 102
571 563
684 182
330 884
803 933
178 432
261 16
299 499
726 577
172 561
558 546
842 169
638 715
635 376
421 147
700 990
70 792
31 228
489 789
269 291
229 102
269 177
287 20
973 155
698 598
292 694
724 605
309 732
407 170
290 412
199 643
542 259
2 516
758 149
884 535
685 477
695 377
261 606
91 376
460 235
862 20
892 359
622 974
83 96
255 886
333 909
531 407
349 782
840 200
528 74
37 68
395 18
632 974
97 876
25 148
562 420
929 852
430 161
760 35
264 629
725 387
788 150
304 17
116 446
358 590
389 220
26 539
393 45
297 329
753 901
495 19
684 493
94 336
328 60
606 981
338 353
802 574
883 749
116 626
472 131
394 777
217 651
836 760
511 79
595 620
318 130
989 44
342 75
642 270
18 158
74 938
754 962
496 199
861 623
756 75
831 921
703 162
631 972
224 575
505 170
965 196
674 26
961 255
319 967
286 532
195 81
385 360
40 330
272 617
40 534
223 137
135 331
773 916
790 757
65 881
39 393
630 125
595 977
702 941
643 920
122 316
342 70
961 667
694 527
283 224
258 706
899 643
839 71
514 561
359 898
148 685
77 992
92 424
218 6
67 569
216 964
913 511
162 136
14 849
894 80
447 36
503 695
66 907
633 859
135 470
275 284
431 237
640 395
747 409
400 189
307 166
795 995
583 954
471 799
38 928
601 158
690 218
966 822
727 658
675 668
612 665
247 350
839 954
565 269
720 273
903 198
908 868
159 459
809 998
201 530
862 722
540 408
941 143
206 431
25 547
157 541
763 544
86 119
803 237
387 242
691 796
327 606
213 370
997 268
384 248
863 507
208 687
875 888
598 5
620 668
146 437
340 46
689 652
578 752
610 913
986 725
642 223
462 361
847 214
319 645
195 419
330 804
257 399
532 693
549 984
233 191
802 649
508 299
828 410
928 440
557 323
185 622
493 137
548 555
230 254
647 18
847 502
188 880
350 839
330 621
195 987
551 818
393 275
344 292
58 495
595 537
652 487
834 821
242 511
190 403
453 816
180 996
565 987
281 870
519 63
608 107
699 674
817 713
219 35
82 540
367 462
169 337
106 187
557 759
460 647
697 386
673 971
438 837
272 696
982 687
777 981
138 903
928 172
866 583
1 842
975 221
595 172
441 309
240 555
200 195
368 874
621 423
514 421
385 798
501 862
189 765
440 426
102 282
478 59
148 528
227 730
642 497
937 415
997 12
523 147
743 7
332 591
970 192
32 307
398 925
460 854
7 603
500 476
995 322
698 886
335 393
232 185
408 611
116 643
823 319
534 457
637 969
218 143
347 722
799 608
742 565
503 120
793 869
45 271
896 105
157 39
347 82
69 290
168 193
158 956
436 670
817 672
849 649
671 165
670 284
349 146
310 442
668 249
53 260
138 729
907 55
400 653
497 328
763 784
658 421
479 347
704 939
899 262
26 380
68 629
248 394
609 448
478 85
41 696
994 709
487 18
143 345
37 465
347 867
219 747
745 666
298 851
394 880
704 407
5 547
159 56
620 814
25 717
361 583
659 454
349 321
104 431
247 211
817 496
97 492
820 355
235 858
381 384
946 943
426 66
274 86
600 550
130 210
151 959
29 355
871 250
830 133
244 898
207 983
358 266
75 753
607 47
850 286
555 671
287 797
565 601
189 769
842 900
331 641
267 763
868 460
901 161
302 11
505 665
518 736
492 344
224 330
31 364
285 42
412 748
572 480
432 59
680 131
688 762
606 253
122 966
46 354
280 266
400 582
830 945
256 225
536 297
108 394
789 10
857 198
298 0
676 41
256 180
190 528
794 117
887 158
27 973
308 835
58 32
269 777
705 789
959 609
814 377
270 438
432 715
114 679
563 859
513 693
214 615
905 68
835 19
929 610
470 794
109 474
783 843
524 741
798 161
893 822
879 876
605 457
649 771
534 972
658 695
226 166
924 487
185 697
226 243
610 51
431 149
295 301
688 614
699 89
321 934
901 815
659 840
534 783
502 318
557 717
328 5
85 537
472 959
441 717
176 975
442 553
541 546
261 286
986 220
468 543
540 392
316 193
850 362
622 928
35 772
230 489
831 198
560 932
94 866
76 330
981 480
672 582
113 249
356 67
766 352
851 84
92 643
603 745
473 879
28 360
208 231
482 449
149 347
873 913
171 234
360 206
85 233
972 327
867 562
583 293
591 663
681 206
240 973
173 933
131 335
39 763
961 545
816 304
195 805
409 194
684 410
673 297
519 815
164 227
603 343
267 979
644 570
470 327
148 959
819 230
730 250
64 337
949 238
172 42
955 750
377 634
609 115
177 26
549 540
103 390
919 688
76 11
347 72
590 176
920 97
549 954
489 310
948 159
502 798
309 726
430 411
202 429
984 432
128 162
585 884
878 138
942 383
830 800
575 243
412 394
721 172
159 549
935 747
583 952
639 817
386 376
28 815
360 899
430 642
849 983
600 448
681 63
862 700
369 753
927 236
447 691
274 551
344 673
569 481
303 678
565 755
574 135
407 834
548 344
708 561
426 565
323 632
864 750
829 551
630 543
54 441
403 353
580 146
780 906
615 215
754 251
348 171
350 999
428 128
58 415
721 341
709 285
854 978
889 547
296 998
212 512
953 602
980 956
570 916
645 687
466 570
897 219
538 651
877 630
285 584
71 613
657 831
42 460
909 763
801 409
763 994
285 645
64 406
196 792
444 776
328 835
848 430
830 792
827 743
842 282
199 180
891 175
105 463
423 234
135 609
659 128
315 581
468 989
698 980
901 872
217 732
247 943
514 203
572 155
163 307
880 674
989 136
543 30
748 494
517 228
51 609
83 84
942 765
698 494
297 78
189 323
421 386
830 293
72 569
429 886
341 111
657 199
679 164
901 856
364 316
389 898
596 482
587 810
682 522
0 702
97 110
462 561
754 323
248 7
956 10
965 552
726 82
742 451
199 217
469 600
111 691
514 689
509 56
982 848
219 41
991 55
311 761
197 43
328 174
568 598
981 244
707 75
601 785
661 607
693 966
940 420
86 360
147 978
887 191
976 82
327 239
354 315
417 269
423 944
5 660
977 756
423 146
146 469
705 908
109 693
517 735
12 336
785 37
265 699
288 886
659 211
993 476
698 914
19 503
698 159
113 687
121 236
940 710
628 994
698 130
338 604
335 412
594 544
834 355
985 119
283 952
530 608
274 755
865 295
472 631
173 845
993 379
342 582
773 272
574 622
962 602
572 671
534 502
500 433
829 506
391 270
881 150
688 633
455 282
393 497
563 822
725 565
625 284
241 266
581 973
214 984
432 782
366 937
799 233
608 752
48 485
913 635
299 320
454 937
504 374
308 552
369 771
331 875
308 79
190 359
72 295
222 572
723 532
334 801
879 541
506 34
613 268
120 310
171 951
53 516
867 280
881 56
940 304
232 537
129 482
170 708
254 706
794 300
364 148
744 58
548 454
356 687
624 143
749 760
940 955
227 450
457 614
484 273
30 970
225 212
153 540
946 826
823 719
198 888
681 155
765 860
263 797
553 993
659 437
723 133
247 477
342 890
395 513
45 177
471 256
690 254
690 830
361 154
773 628
674 46
942 490
601 259
431 499
95 83
283 585
676 307
121 380
400 42
493 683
793 70
773 170
478 504
318 969
319 276
922 435
779 636
158 823
37 291
425 852
984 520
516 958
878 593
153 633
307 225
614 19
293 253
762 363
938 821
958 228
248 332
166 843
406 642
98 906
344 24
879 618
296 44
781 728
163 962
893 201
168 377
45 893
559 157
324 891
185 191
137 251
191 189
512 869
158 524
523 412
124 680
67 324
12 607
51 708
701 379
757 81
261 775
204 382
811 430
423 716
998 840
693 616
755 607
916 80
635 987
378 990
343 295
61 918
864 264
634 36
467 30
254 146
330 642
73 817
494 6
787 4
855 237
84 973
657 200
123 474
596 224
343 687
787 176
509 454
421 999
331 555
493 467
109 666
629 985
909 215
608 579
400 934
858 126
660 799
489 431
505 198
106 14
239 520
181 684
517 877
181 726
780 549
0 967
317 891
577 682
840 798
862 644
59 366
107 302
523 895
331 203
578 235
374 91
564 148
271 595
329 181
369 232
915 41
498 93
508 343
534 270
962 448
307 265
580 502
978 794
712 109
459 213
807 796
417 34
839 625
993 884
601 416
873 523
831 656
631 191
759 106
797 676
497 317
776 334
148 65
521 597
500 629
795 402
450 258
935 971
152 481
518 841
148 40
392 462
697 357
378 720
812 464
765 254
122 438
253 251
522 233
491 786
355 500
307 596
290 287
52 670
140 861
929 877
105 790
660 324
506 48
123 320
310 110
77 822
756 132
555 369
35 993
521 759
896 364
471 837
983 270
850 654
380 66
266 152
416 68
68 150
376 803
596 706
880 74
366 29
373 568
74 697
694 23
357 17
482 447
324 208
528 18
64 172
450 462
160 276
294 887
986 193
358 724
415 100
813 554
291 778
813 663
833 209
882 163
696 766
76 316
421 972
114 634
471 397
87 170
39 287
137 684
512 2
871 380
77 555
758 852
788 962
41 786
307 539
535 539
529 895
185 557
634 984
105 500
186 366
114 147
28 112
684 264
382 748
784 461
128 703
42 53
780 441
493 953
338 805
578 567
952 778
260 161
463 323
118 743
66 734
707 636
499 683
396 212
667 58
828 201
912 988
25 204
980 438
513 713
826 601
68 60
596 393
552 283
734 977
476 28
918 464
381 248
132 357
80 70
854 492
847 464
479 269
200 75
843 911
105 976
988 564
441 573
554 624
784 861
338 581
658 684
979 244
755 933
976 793
781 799
954 259
618 598
789 93
460 760
646 382
874 416
18 919
935 294
949 730
865 23
676 79
548 492
299 723
226 295
568 508
456 994
48 688
146 897
235 373
779 755
371 527
727 277
476 560
845 375
96 827
672 858
565 118
290 710
940 619
593 178
784 184
25 656
553 701
21 265
782 443
365 691
916 374
698 154
360 962
384 246
637 81
798 904
933 587
955 283
707 343
657 100
606 673
639 198
518 559
277 447
312 904
407 365
859 463
955 910
168 708
716 193
656 248
285 785
622 993
967 8
222 257
615 760
147 440
717 99
445 21
250 850
287 175
357 50
34 438
151 773
440 70
603 395
554 947
744 134
464 138
599 23
804 805
872 674
486 54
572 143
490 455
479 251
254 338
917 787
20 607
599 17
800 225
780 935
384 912
655 721
187 231
164 713
734 325
668 42
568 470
716 767
183 311
901 706
515 796
690 599
802 383
85 543
486 677
419 388
678 240
154 300
438 154
330 65
897 107
253 708
789 999
860 325
732 96
391 249
958 536
961 275
65 11
792 227
643 670
654 548
673 35
666 426
930 811
379 346
777 926
765 535
483 974
333 273
645 145
606 766
67 861
277 657
331 402
888 506
219 820
607 921
252 524
563 936
470 51
906 818
638 828
940 51
663 368
140 662
775 185
247 8
959 486
586 69
721 326
683 786
323 620
724 130
703 958
833 167
723 799
286 173
97 437
31 575
741 867
431 868
218 17
585 90
254 563
286 426
408 180
958 678
600 451
272 529
699 760
374 88
675 253
55 649
186 894
531 938
942 850
629 115
574 602
246 74
99 310
102 462
302 87
428 286
713 107
593 707
195 813
85 17
780 570
193 981
848 546
943 183
271 564
879 634
898 992
627 405
383 95
486 592
400 866
155 245
720 28
135 428
839 510
104 493
508 247
278 368
990 848
222 456
110 542
717 899
702 575
563 882
281 818
541 763
10 596
431 178
761 243
249 951
243 530
765 158
300 702
654 519
537 258
309 918
866 955
544 508
594 768
392 259
137 162
29 525
877 40
551 456
782 709
197 825
465 633
922 52
383 781
479 0
524 89
475 829
235 939
974 49
645 325
583 882
305 683
473 4
408 783
433 875
22 290
608 627
45 583
477 541
999 533
188 452
922 621
328 912
861 814
679 825
192 253
854 30
549 197
233 197
272 314
975 832
945 917
861 461
334 748
145 246
633 38
640 495
935 312
721 220
129 846
241 791
788 206
821 620
11 699
572 965
892 330
344 788
243 611
73 248
171 559
795 876
906 593
890 98
618 563
768 464
470 843
269 898
956 946
951 652
663 182
884 40
706 752
768 73
671 825
48 859
404 47
544 887
188 711
17 505
915 621
724 91
807 824
50 511
133 768
6 272
981 604
41 594
276 121
770 850
174 210
624 807
648 210
902 906
553 595
245 320
553 374
575 860
654 613
823 206
920 197
450 547
374 324
802 408
724 586
675 981
178 689
981 68
536 368
477 196
857 131
86 818
84 347
627 859
377 902
70 153
767 637
396 900
917 174
643 791
290 83
336 726
893 990
929 840
379 465
378 251
333 21
896 607
209 506
318 879
524 28
700 208
588 137
513 439
516 366
73 726
211 762
91 440
68 458
215 153
265 714
439 355
758 552
680 643
188 134
810 85
391 116
266 104
665 873
547 518
405 26
739 581
72 522
683 677
56 317
236 906
974 860
239 761
314 535
419 841
341 570
569 28
156 192
532 655
581 95
935 363
919 827
951 251
422 456
10 863
485 58
686 625
346 824
84 210
770 359
603 208
529 746
76 757
681 423
968 460
677 190
338 428
834 816
334 877
117 279
363 61
971 720
959 964
287 122
26 626
226 808
534 275
646 619
324 623
759 387
634 599
318 720
990 441
577 973
774 260
671 965
957 448
961 9
961 986
921 560
560 81
689 621
261 194
605 166
386 960
933 822
79 847
875 45
106 799
434 663
335 485
972 860
241 410
347 384
685 48
142 449
670 783
149 449
221 30
241 627
795 540
137 640
343 798
36 719
432 766
608 274
888 91
284 273
855 687
769 228
970 502
317 897
260 572
709 761
275 771
352 522
325 311
357 550
480 106
320 140
141 901
88 106
428 637
723 590
732 104
701 216
918 961
618 702
546 117
329 122
812 170
350 163
206 361
129 631
960 357
169 831
972 668
937 812
572 670
112 569
213 474
268 182
37 419
789 382
397 207
924 558
453 138
964 42
172 70
78 745
346 56
824 648
421 28
106 575
641 843
288 519
231 736
676 680
522 890
152 321
8 606
548 810
50 194
693 950
466 913
684 172
225 875
75 428
50 353
239 62
31 166
83 511
927 821
906 204
882 594
322 810
132 371
272 997
374 911
940 395
641 852
355 743
439 933
223 209
738 563
829 9
301 272
306 719
582 714
393 564
324 119
153 961
430 25
765 21
763 126
971 196
542 617
9 963
727 416
932 584
291 597
856 701
352 41
596 849
501 222
743 730
180 450
799 825
246 58
234 303
427 631
541 883
634 175
288 932
831 110
47 155
592 986
565 391
710 505
33 228
179 350
15 367
702 431
281 784
356 34
288 987
12 819
790 831
708 768
699 162
481 362
601 466
382 841
655 168
830 89
374 621
329 26
223 169
95 763
992 480
275 709
932 712
496 703
186 891
420 326
814 265
283 188
51 838
841 20
276 645
779 101
366 89
57 168
949 426
161 293
6 150
946 169
416 461
483 56
375 483
232 251
858 698
917 377
972 563
416 940
685 981
543 451
122 971
581 185
813 442
892 508
924 123
207 568
195 939
826 418
231 772
824 372
597 476
463 569
434 288
199 440
362 135
781 163
570 24
52 971
746 845
310 648
966 47
808 568
85 216
557 620
443 89
994 237
979 249
67 951
629 471
246 352
176 53
262 9
58 860
816 716
872 917
719 455
260 73
417 678
759 820
312 627
321 791
389 306
900 49
255 391
859 847
977 183
803 196
342 480
533 156
452 464
244 631
257 512
438 422
34 158
188 698
56 31
278 316
42 245
662 822
820 117
655 835
675 323
20 831
945 57
986 872
97 959
989 511
292 823
461 323
24 780
91 176
373 831
997 744
601 635
147 816
24 776
724 631
118 990
749 675
115 77
144 749
987 181
105 638
608 554
12 569
383 992
139 800
650 447
238 983
370 738
775 96
931 812
280 434
915 44
931 831
466 452
887 870
843 71
150 426
270 864
690 753
359 37
751 848
708 441
253 474
243 187
133 84
303 49
611 91
280 984
738 0
456 438
483 562
812 153
568 17
134 392
791 269
565 278
898 462
123 485
241 994
896 417
270 544
521 800
869 566
244 891
976 113
978 254
328 988
697 450
57 927
721 531
268 318
290 354
647 521
101 27
938 44
537 128
54 801
732 245
13 100
842 916
20 708
732 776
273 148
410 844
157 356
771 21
275 126
402 679
788 973
490 1
566 657
87 687
750 986
693 44
558 958
137 447
442 883
715 699
105 427
549 370
295 638
19 181
889 241
153 488
45 413
167 661
55 383
872 841
808 625
340 365
235 575
371 32
55 256
523 53
214 186
371 86
490 147
780 327
550 404
360 491
956 940
327 11
380 10
241 567
22 651
814 507
511 218
931 475
588 711
121 45
982 838
79 335
565 132
659 444
820 269
118 759
360 613
926 919
627 450
961 107
844 215
97 753
886 351
872 204
344 636
207 86
911 90
839 143
59 203
262 821
387 172
607 141
731 804
268 410
431 931
76 535
616 706
533 508
492 673
897 986
139 460
501 42
187 879
266 163
982 90
284 389
72 849
243 629
794 295
283 423
728 567
276 124
801 482
574 418
533 338
910 924
254 315
441 572
363 652
285 177
60 806
613 364
204 437
462 725
870 846
86 447
190 976
480 927
488 676
674 16
650 591
187 978
585 312
326 599
131 85
13 282
885 512
365 719
781 622
493 772
467 710
679 214
789 780
59 166
130 394
389 235
271 766
213 338
814 641
994 721
888 615
641 547
223 653
231 352
539 900
207 35
138 753
930 341
785 247
247 380
18 172
846 288
470 10
468 861
641 450
546 277
462 968
965 828
857 263
591 310
819 94
615 165
925 377
96 952
15 704
854 542
29 956
957 330
103 574
80 484
249 361
189 281
791 46
935 841
779 865
228 50
76 371
821 719
129 322
345 534
422 626
308 285
18 396
746 281
607 46
33 921
962 750
601 350
108 177
791 90
5 733
421 503
151 307
794 89
192 391
182 995
379 855
446 857
993 797
623 168
560 928
277 847
181 668
949 68
756 445
27 873
121 436
574 342
878 465
799 993
343 519
59 813
976 385
123 462
94 62
116 600
408 670
412 848
184 345
799 31
45 165
725 865
742 137
704 412
983 22
252 277
748 367
473 910
202 639
293 701
951 320
388 491
514 974
273 625
375 139
915 247
452 40
312 77
296 171
249 598
552 869
713 18
557 508
624 715
988 876
271 13
534 295
846 223
853 105
717 353
349 70
411 147
278 610
891 0
924 655
513 194
838 737
902 155
427 523
506 855
580 366
383 381
378 974
982 830
966 241
938 341
580 62
22 195
495 258
204 358
744 502
68 529
885 903
523 549
455 70
823 191
389 814
950 63
520 563
779 316
728 571
954 241
287 665
232 330
211 425
336 581
908 518
599 572
703 921
772 635
457 405
862 819
273 639
400 492
848 471
36 713
26 978
689 763
628 417
461 973
430 687
482 753
319 334
772 337
926 284
233 539
299 658
746 502
337 459
168 533
42 685
231 179
894 23
370 332
138 689
14 215
957 18
65 840
333 401
99 29
547 460
309 983
272 193
609 97
553 927
405 824
865 312
443 795
825 712
701 804
913 754
955 208
570 767
725 614
715 570
236 482
407 128
228 17
351 510
368 349
739 269
873 912
515 20
972 845
242 161
934 751
725 113
679 570
152 997
957 720
190 544
479 703
280 378
290 770
652 786
219 109
21 129
810 890
756 843
978 323
709 795
166 101
738 69
939 666
466 142
288 534
163 407
634 397
557 71
889 422
604 310
659 907
481 54
443 634
668 957
35 527
798 786
654 756
946 646
878 402
251 143
72 574
8 783
731 775
294 151
264 458
516 157
891 999
412 814
740 233
975 26
159 617
124 317
823 623
528 310
205 552
128 100
229 8
25 984
252 931
657 198
685 380
853 474
80 746
965 494
197 318
187 78
67 882
831 691
757 269
797 481
671 422
461 218
742 363
406 940
950 740
854 513
568 228
408 14
109 409
774 9
887 928
213 421
158 651
268 902
107 42
444 102
23 185
700 101
909 976
496 105
500 22
940 368
184 159
363 188
360 705
352 127
756 238
163 878
979 533
563 114
20 782
698 665
262 776
717 100
979 766
406 322
355 96
297 734
618 33
837 422
136 617
908 99
709 223
809 346
95 62
534 181
270 348
882 974
673 946
383 229
698 460
223 343
12 504
122 382
8 716
46 657
482 825
532 659
158 547
888 369
193 715
584 52
552 440
33 669
831 992
520 122
522 637
501 933
450 603
203 355
178 319
48 624
446 585
996 25
298 48
703 401
231 261
39 236
234 669
443 310
182 326
781 780
269 44
186 190
22 689
36 631
416 26
187 842
476 367
56 620
961 552
50 581
787 409
517 445
654 602
842 10
709 940
128 579
339 359
974 728
265 929
918 439
648 44
734 338
415 645
110 417
122 516
133 990
151 962
974 471
778 415
147 926
945 286
869 896
501 775
545 957
769 449
626 384
820 986
116 60
672 758
672 952
367 324
411 806
657 786
726 826
57 186
511 38
777 189
937 653
916 743
458 421
280 538
498 780
325 383
571 771
540 91
248 761
609 402
970 225
602 469
530 133
752 346
192 216
144 224
56 905
170 315
444 330
138 197
745 197
812 282
270 288
397 726
921 944
455 38
267 246
566 500
987 478
275 438
490 228
172 997
710 486
763 160
490 87
754 208
85 899
145 112
941 852
562 792
110 622
128 975
896 512
665 694
81 319
207 813
801 268
552 474
773 737
537 197
931 732
532 748
920 290
439 336
54 76
143 322
806 590
746 328
722 957
200 190
720 875
400 279
956 886
308 481
694 61
836 944
415 89
242 711
637 526
207 338
23 648
610 427
804 877
775 674
534 427
234 818
341 813
20 490
614 263
625 8
79 889
203 955
944 768
368 989
262 951
827 368
197 733
651 340
220 407
230 280
35 189
982 776
124 285
23 301
607 168
465 585
526 828
587 399
639 798
816 613
757 863
261 351
655 868
300 848
774 743
625 349
255 15
824 185
609 230
72 30
169 310
179 834
833 421
166 647
328 119
791 272
563 3
559 199
363 429
70 421
10 285
891 123
777 566
716 917
211 843
298 618
987 604
881 990
459 362
883 793
129 0
268 297
260 523
642 62
22 828
466 50
85 828
225 234
412 578
354 549
607 56
685 306
795 783
795 694
807 831
313 2
797 642
746 492
590 142
868 951
584 377
436 40
561 105
722 698
534 936
800 629
867 952
904 475
598 651
358 16
657 623
869 419
583 706
221 731
462 294
470 951
124 700
974 70
625 669
276 875
570 283
150 290
339 696
838 719
783 932
63 49
266 501
289 893
398 200
917 658
457 335
561 549
762 477
491 991
96 607
161 672
71 464
212 587
992 76
653 89
517 310
990 63
455 756
622 339
297 974
420 566
729 591
58 2
82 880
615 236
612 783
867 874
580 864
919 885
775 692
390 274
366 13
551 294
438 596
561 818
912 527
900 577
120 228
306 400
337 223
903 618
772 57
274 132
187 906
355 561
547 744
363 973
923 890
13 385
362 359
243 127
597 673
216 68
773 683
710 433
99 221
353 210
907 9
537 735
271 852
1 817
842 360
861 426
35 87
688 205
983 946
287 852
320 369
321 10
194 809
462 71
203 124
141 865
959 531
671 212
774 596
240 301
999 665
822 21
886 246
443 630
782 650
405 533
622 916
394 195
498 425
562 796
86 92
184 44
28 443
55 252
200 184
555 936
920 456
278 131
123 968
582 964
606 868
717 141
922 418
135 966
957 597
36 366
631 377
88 471
874 808
220 489
629 891
286 746
171 839
80 126
641 418
309 731
361 671
313 871
512 536
640 800
16 472
656 508
243 460
797 424
505 597
106 311
218 787
249 640
706 589
131 216
200 44
331 686
312 110
912 451
365 612
829 636
706 282
86 669
666 120
256 160
675 760
955 253
253 353
649 308
797 74
741 669
806 632
912 933
208 307
835 233
676 607
569 870
827 178
184 809
326 672
509 206
502 190
333 665
367 150
89 333
447 706
895 720
428 155
348 314
280 192
924 329
605 600
206 101
265 897
565 662
188 726
605 93
53 593
119 944
118 361
894 251
868 1
881 806
828 712
559 610
170 544
302 191
522 321
964 928
304 484
413 279
186 668
624 1
804 408
597 179
676 351
52 465
427 96
203 713
697 402
476 507
557 141
501 988
679 727
165 468
591 515
99 15
475 857
337 260
76 32
722 31
906 922
267 784
556 257
158 942
714 270
406 51
304 851
225 364
982 183
748 661
944 570
761 769
616 947
688 891
638 742
725 663
60 324
431 556
130 23
698 960
850 178
806 953
223 231
244 484
9 371
861 729
754 948
404 870
275 67
893 923
804 565
2 743
162 938
112 194
647 315
674 949
132 196
228 615
469 487
85 607
511 561
926 326
979 264
392 10
806 661
371 107
19 335
752 544
990 244
100 56
835 898
409 811
398 955
782 264
614 557
955 704
690 415
843 591
944 298
397 307
291 388
353 255
111 420
425 755
810 396
805 96
85 699
811 370
243 415
340 190
323 270
657 253
258 617
493 448
13 694
395 288
901 59
94 477
588 676
941 107
442 992
675 937
419 745
47 269
452 33
844 865
554 336
600 353
310 785
60 646
305 376
541 256
637 398
567 634
668 764
631 707
637 267
555 292
632 127
399 584
481 405
36 239
632 104
337 707
404 537
191 337
232 238
326 154
312 679
512 139
630 796
194 295
969 734
28 262
316 272
12 716
578 853
332 555
487 187
92 468
146 263
0 857
415 765
458 897
408 590
795 123
551 992
113 88
86 283
260 49
81 519
744 308
848 780
365 248
702 925
546 856
955 581
194 384
150 781
376 965
258 821
236 726
49 732
706 175
886 220
521 816
680 720
277 240
789 715
550 860
339 493
604 187
195 315
232 4
329 473
880 222
65 770
535 268
728 948
911 706
69 811
104 228
5 729
11 906
543 712
448 647
64 191
530 693
938 167
40 20
701 8
622 976
306 589
680 527
356 935
901 906
614 773
143 757
384 483
799 296
581 283
609 584
910 526
530 131
392 495
925 603
606 323
765 43
811 673
538 602
69 671
371 247
152 556
740 273
267 801
463 156
391 756
727 668
799 954
6 793
733 907
87 153
968 570
629 280
178 989
649 827
672 154
687 842
237 546
470 91
541 189
738 897
295 603
286 172
24 74
324 429
516 788
68 966
718 496
915 509
769 408
177 412
850 964
91 194
126 907
277 355
492 352
929 362
450 329
301 855
6 878
509 40
621 622
195 621
337 491
470 912
270 716
458 976
21 223
660 313
624 449
575 176
0 184
910 457
196 410
272 895
731 408
556 881
608 749
922 221
722 326
611 202
64 306
157 136
467 589
170 585
200 701
959 819
389 462
345 291
171 694
852 700
813 89
242 412
746 134
427 719
583 346
3 658
953 389
253 588
9 263
762 794
509 157
933 31
495 486
31 670
686 338
431 533
105 38
109 29
300 918
366 842
855 554
216 599
870 79
827 484
575 883
986 966
139 882
873 314
599 533
921 466
63 257
891 633
872 949
78 721
582 450
755 231
311 421
978 835
549 770
896 968
387 282
611 312
767 449
30 763
967 711
148 726
47 492
45 387
336 84
234 970
794 635
892 344
898 153
742 498
511 359
688 96
823 935
622 132
423 787
580 189
776 258
990 292
509 903
777 760
755 111
616 674
105 62
493 827
480 344
463 680
96 268
604 575
810 967
330 82
869 717
407 351
273 196
547 224
37 990
428 699
496 106
417 86
725 747
117 492
932 345
125 292
931 601
981 992
729 711
973 720
805 101
414 319
965 638
913 137
400 16
501 828
671 971
130 320
314 687
900 738
706 7
133 760
619 706
936 755
265 651
119 461
713 234
645 337
987 724
194 526
800 707
7 827
497 191
651 6
470 594
127 114
197 498
42 344
83 401
817 337
787 657
414 287
422 94
902 422
375 593
359 59
954 628
200 30
409 391
991 681
838 985
721 409
590 784
879 863
902 730
616 587
955 980
361 852
837 762
90 448
936 909
526 508
920 395
620 372
424 727
956 818
343 204
874 348
35 545
346 808
140 899
514 249
922 357
810 510
187 215
879 829
118 684
481 184
141 124
623 787
117 209
825 685
254 69
525 781
520 256
307 453
517 744
40 610
888 194
173 253
47 316
796 907
89 597
396 140
981 357
941 547
155 749
228 314
679 659
578 19
655 863
799 655
783 94
658 758
323 339
418 262
896 124
358 228
874 626
262 734
172 907
412 286
205 727
119 602
534 56
421 695
891 106
154 275
425 185
542 282
52 716
44 57
799 820
728 876
652 449
273 748
728 939
290 959
153 670
896 684
306 295
712 778
864 621
684 342
451 903
639 248
724 555
651 440
477 451
693 901
231 856
865 192
141 529
195 964
414 427
54 733
325 541
134 533
330 757
699 745
126 259
584 877
264 454
224 959
238 802
217 584
306 498
174 906
667 769
624 966
81 735
744 251
884 21
631 940
134 779
803 3
422 772
105 327
871 436
199 34
582 689
359 561
595 167
670 432
445 311
106 473
443 447
720 314
74 424
416 122
139 935
59 256
865 125
16 372
927 740
128 87
625 193
225 924
488 853
976 765
274 252
672 749
873 445
111 919
354 142
249 147
89 337
313 172
181 925
211 126
360 836
348 829
123 325
824 330
426 499
497 62
429 611
479 174
339 496
566 738
123 837
725 973
545 321
553 211
297 471
811 527
640 456
631 548
144 681
155 192
501 817
101 737
513 704
564 572
402 298
126 933
804 168
460 70
85 988
997 274
822 764
923 724
281 964
526 941
354 659
749 123
688 212
835 368
73 617
854 817
551 232
649 287
603 184
372 505
76 924
478 876
278 612
887 321
907 114
5 144
577 684
365 911
789 315
354 493
783 161
282 958
941 285
981 331
579 299
976 720
175 27
591 390
492 585
909 474
162 326
834 50
185 426
679 524
476 891
747 332
887 258
69 511
961 496
564 631
774 861
84 332
776 1
793 413
686 988
157 384
374 480
388 666
653 203
532 237
362 913
241 935
595 456
960 367
830 86
563 111
915 143
954 282
639 597
669 415
801 698
882 8
975 741
299 369
953 309
914 726
308 376
267 104
911 469
645 810
183 432
357 968
137 919
535 235
351 413
751 919
980 676
246 985
13 403
975 829
222 94
192 398
650 945
483 354
641 195
488 460
760 272
634 968
365 422
417 264
577 894
452 749
227 971
463 80
785 798
861 490
902 210
88 571
875 421
377 804
357 667
153 737
830 321
860 646
724 383
727 913
817 285
309 969
707 357
446 915
929 398
947 732
679 812
699 262
803 994
633 225
501 991
751 222
89 7
375 913
230 343
388 311
879 190
739 240
87 518
699 768
546 641
722 19
252 326
903 502
407 651
711 797
698 232
178 885
672 274
862 318
180 493
71 430
302 140
48 318
906 609
101 616
198 846
145 883
954 645
978 599
915 49
468 103
197 68
771 858
876 454
508 941
801 653
542 455
102 789
4 836
75 65
168 194
996 224
353 51
865 155
987 787
953 384
516 990
679 876
635 189
503 738
694 4
449 856
144 690
858 423
270 628
938 864
559 463
630 238
450 646
431 523
179 883
761 108
936 372
529 472
35 951
104 608
646 917
744 20
496 536
815 424
697 253
245 774
477 441
993 146
976 886
197 742
399 312
434 905
553 938
548 56
350 412
283 754
988 140
217 832
635 845
48 161
613 59
705 40
405 219
50 738
841 155
550 440
868 94
34 398
251 552
828 174
754 634
1 516
897 445
495 339
35 163
306 671
766 613
421 882
322 293
953 876
509 599
172 520
453 60
604 390
569 791
785 657
227 79
607 145
167 196
782 293
604 177
616 639
771 352
355 621
602 164
755 505
450 956
186 675
982 258
838 223
889 794
923 15
709 258
711 209
648 900
403 332
48 412
667 665
641 171
525 276
151 732
580 204
901 703
240 854
762 635
585 931
737 611
291 432
305 630
533 80
904 909
587 279
738 495
921 328
576 452
275 533
508 329
483 728
794 58
668 423
642 565
59 591
804 438
87 539
324 336
817 624
122 627
100 351
345 737
178 104
42 63
432 485
522 508
535 915
449 340
805 599
468 262
499 528
935 914
908 863
493 170
790 324
291 585
261 763
755 37
624 204
523 777
48 2
525 510
228 385
615 506
455 453
676 799
266 402
474 759
306 626
659 415
190 280
570 727
823 272
331 986
71 986
995 199
242 77
713 286
825 747
513 730
132 979
321 156
716 186
302 66
86 170
926 407
220 767
832 100
433 23
425 24
459 481
183 872
657 807
63 173
358 438
230 134
523 202
206 331
47 867
784 551
288 329
998 766
160 421
412 227
72 398
928 618
483 87
833 576
232 12
765 683
432 232
929 718
301 39
987 750
997 679
191 439
248 651
346 565
704 870
684 75
385 644
909 42
175 12
701 605
322 896
774 85
379 183
714 781
808 229
292 269
803 738
76 450
843 146
597 858
155 774
101 58
186 198
94 262
0 480
116 735
411 736
519 346
372 509
518 836
44 563
863 918
750 27
500 141
944 411
647 971
403 668
149 244
145 461
63 869
26 820
272 720
132 384
65 300
715 219
978 366
525 914
165 622
151 951
833 897
121 555
779 91
504 525
955 15
620 553
868 229
162 921
2 642
387 964
476 400
276 622
199 840
803 594
328 417
297 984
338 48
277 865
376 300
418 720
535 491
624 412
977 625
497 443
523 194
414 638
516 521
459 168
996 126
969 953
301 925
404 259
235 507
160 220
829 577
564 11
804 288
542 851
337 830
151 224
337 928
247 313
990 770
733 925
700 507
409 595
368 991
582 40
150 860
666 977
739 28
839 378
0 385
375 1
108 327
700 952
633 951
238 590
541 315
492 507
481 581
671 108
435 86
934 999
568 644
904 254
192 854
120 184
918 720
905 166
589 462
243 981
800 812
610 578
824 379
532 138
586 619
279 468
110 978
123 352
549 426
66 833
384 522
684 682
175 752
302 754
915 455
977 416
604 888
623 341
613 333
111 474
927 362
957 667
925 70
761 635
134 13
650 857
263 870
216 218
426 738
881 242
771 637
10 236
930 180
885 13
896 381
766 780
522 241
104 208
30 981
147 451
824 933
979 406
431 902
430 661
640 46
751 827
569 938
312 630
502 646
81 800
385 669
863 722
789 450
770 851
996 99
913 492
554 155
49 754
726 417
326 701
373 271
125 189
256 525
633 246
574 18
465 20
531 588
525 380
723 796
521 183
662 608
742 233
283 619
584 319
37 588
119 883
976 350
366 791
843 616
609 717
910 9
763 172
94 801
846 871
371 419
695 874
987 544
576 128
619 548
774 427
944 652
848 808
418 94
469 40
630 643
880 124
960 275
516 649
285 940
958 444
710 164
310 832
406 835
84 574
183 893
104 965
712 733
777 281
60 197
532 419
202 434
674 104
467 319
453 748
138 839
749 891
972 118
186 763
580 839
603 488
175 432
546 91
700 879
522 22
225 287
188 906
892 279
688 194
723 606
323 76
374 311
304 900
825 739
976 278
768 82
609 273
486 591
116 631
896 822
119 971
838 484
817 191
759 680
484 954
140 603
468 885
194 362
181 402
834 978
107 918
490 90
448 940
700 938
746 608
578 517
349 538
195 790
822 147
545 780
582 454
928 885
606 4
781 895
640 283
674 446
780 1
138 274
782 224
951 27
21 672
184 475
340 643
750 943
882 558
943 367
591 871
187 924
744 328
24 598
631 513
537 492
272 123
556 757
486 40
941 814
840 297
923 530
562 241
712 98
716 580
93 631
548 390
843 31
136 946
740 403
557 659
997 340
835 644
721 120
68 845
750 984
232 37
482 968
535 545
899 678
825 639
573 892
687 445
756 405
92 397
538 701
282 156
785 995
741 842
561 329
720 931
1 416
988 370
693 407
259 489
673 568
267 92
558 444
104 298
96 620
678 23
642 313
460 119
219 25
752 305
240 605
76 457
728 909
75 823
657 586
567 382
803 536
407 898
161 917
344 114
673 600
89 855
1 450
962 401
620 269
621 44
267 472
740 508
421 640
24 23
17 840
774 595
20 635
171 285
345 150
267 805
47 602
659 230
794 258
599 982
659 850
924 680
780 25
911 68
841 679
987 132
612 542
186 857
212 257
714 205
308 952
940 813
681 692
20 732
193 733
485 818
937 427
668 594
335 603
585 926
627 919
658 246
767 153
443 260
339 711
672 348
219 379
139 478
422 47
172 467
42 989
196 115
690 294
171 862
78 810
122 364
12 711
216 749
740 7
82 686
677 8
509 17
68 45
615 472
401 485
959 252
913 128
622 610
610 581
34 878
819 711
361 558
853 399
239 50
868 501
723 72
630 685
306 156
591 989
791 613
809 30
83 342
705 423
757 736
405 698
788 511
26 962
779 492
467 321
913 16
593 715
835 753
280 609
105 452
493 885
375 679
462 735
763 196
948 944
648 189
931 932
470 677
723 407
153 69
691 101
474 397
218 242
542 973
864 294
407 951
622 44
244 706
408 811
215 458
21 395
511 84
54 788
659 732
21 675
343 10
445 902
252 463
17 459
812 739
249 662
518 161
879 474
335 869
255 658
561 204
37 844
713 193
733 573
683 182
315 437
342 469
173 675
668 911
586 177
286 944
262 23
99 526
800 764
147 387
751 833
907 59
297 404
804 566
562 502
677 593
243 180
915 979
445 102
217 724
129 780
240 618
473 907
725 256
813 374
620 898
549 235
946 495
236 370
435 837
196 180
452 909
129 115
765 283
689 819
285 833
719 15
624 43
477 425
222 24
7 532
124 857
86 625
90 300
755 704
82 461
574 886
92 587
181 215
880 721
247 826
84 75
261 845
36 81
192 899
320 679
16 414
345 437
646 774
408 887
943 906
464 489
931 787
867 363
255 858
152 174
224 215
842 834
445 482
237 8
688 857
783 856
144 933
393 294
902 814
265 190
149 380
986 505
468 832
599 36
739 660
674 661
935 722
138 914
525 230
215 188
100 380
995 509
202 631
948 167
221 576
370 134
517 558
391 213
436 919
918 13
215 515
549 527
536 221
225 456
365 957
982 960
606 923
387 165
199 560
54 223
261 151
635 554
581 27
640 113
514 581
924 887
749 177
137 433
979 569
908 299
454 211
542 726
586 760
678 939
87 209
259 574
375 807
537 155
196 567
824 478
501 202
348 936
680 561
457 491
838 436
122 742
267 715
580 917
980 92
52 950
888 980
895 233
850 324
540 426
635 898
164 70
84 411
174 342
33 330
579 734
802 954
613 433
652 755
411 617
669 878
818 898
780 879
74 910
711 507
635 797
346 464
474 592
215 19
674 382
844 371
164 340
574 839
432 688
950 798
282 820
764 754
259 897
366 490
57 600
723 140
723 394
347 489
936 750
882 868
869 942
569 793
328 264
419 729
524 504
817 568
138 849
765 663
740 722
272 2
313 45
494 822
85 487
878 983
235 185
280 947
626 431
101 697
939 407
594 570
970 508
798 334
487 139
665 61
796 930
643 61
361 792
755 920
228 420
231 287
304 465
656 484
392 548
61 158
972 947
432 940
51 451
91 902
6 476
914 697
623 906
672 879
58 519
181 164
413 948
114 530
252 135
15 257
358 88
203 519
669 523
145 736
415 14
214 978
491 790
819 396
185 710
553 110
982 765
451 740
282 768
921 462
808 246
522 520
648 168
63 851
468 976
211 237
312 174
92 988
59 443
592 326
13 841
713 601
813 807
170 67
701 708
980 848
993 938
776 165
529 377
961 630
249 46
492 414
871 504
615 287
50 573
86 654
483 445
895 864
56 216
215 545
160 291
718 896
990 748
804 242
718 582
963 418
777 772
839 197
175 940
68 449
491 394
213 219
265 74
166 861
166 408
766 11
636 621
924 613
715 65
615 76
890 192
318 870
929 288
20 865
330 508
94 921
812 880
833 491
650 333
72 880
695 584
438 331
179 496
559 383
817 942
385 234
274 647
296 668
883 460
110 188
230 523
275 341
640 681
805 958
930 631
761 706
239 429
51 863
489 378
82 355
418 382
257 213
711 896
501 661
575 147
23 52
751 7
951 415
687 273
356 972
377 219
783 234
537 228
788 297
928 109
453 925
985 371
822 116
944 591
559 673
125 972
994 352
308 17
579 883
690 877
330 20
618 655
798 756
416 312
667 992
355 750
157 954
143 643
873 102
775 964
428 277
568 184
829 814
977 498
10 255
253 545
68 753
661 516
439 352
792 874
473 243
558 506
344 280
741 408
237 476
380 712
709 840
279 518
559 264
427 307
144 604
279 387
591 855
762 755
432 785
939 382
435 369
208 940
58 498
714 891
770 721
3 410
15 313
759 252
893 650
845 198
204 428
547 996
63 374
188 651
371 875
987 12
912 9
333 959
47731 61901 -1 -1 26367 -1 13061 -1 -1 -1 34108 56556 -1 -1 -1 -1 -1 37064 -1 -1 -1 -1 -1 -1 -1 -1 -1 -1 -1 -1 -1 -1 -1 -1 -1 -1 -1 -1 -1 -1 -1 46821 13752 -1 -1 -1 -1 -1 40597 -1 -1 -1 -1 -1 -1 -1 -1 -1 -1 -1 -1 -1 -1 52546 25874 23231 51539 -1 -1 -1 -1 -1 -1 -1 -1 -1 -1 -1 -1 -1 -1 46952 -1 -1 -1 -1 -1 56113 -1 -1 -1 -1 -1 -1 -1 -1 -1 -1 28752 19661 -1 -1 -1 -1 -1 -1 16496 -1 -1 -1 -1 -1 -1 -1 50462 40028 -1 -1 -1 -1 16081 14326 -1 -1 -1 -1 -1 -1 -1 -1 -1 -1 -1 -1 -1 3859 -1 36159 28307 -1 -1 -1 33450 -1 -1 -1 -1 -1 3646 -1 -1 -1 -1 -1 -1 -1 49263 -1 -1 -1 -1 36848 -1 -1 -1 13870 -1 -1 -1 -1 -1 -1 -1 -1 -1 -1 48543 -1 -1 -1 -1 37888 -1 -1 63061 -1 -1 -1 -1 -1 -1 43164 21035 20102 -1 -1 -1 -1 -1 -1 -1 39551 -1 27113 -1 15699 -1 -1 14118 -1 -1 -1 -1 -1 -1 -1 -1 -1 -1 -1 -1 -1 -1 -1 -1 12597 -1 -1 9021 -1 -1 -1 -1 -1 50857 -1 -1 -1 -1 32040 -1 -1 -1 -1 45827 62846 -1 -1 2001 -1 -1 -1 -1 -1 -1 -1 -1 36193 -1 -1 -1 5809 -1 -1 -1 -1 -1 -1 -1 -1 -1 61272 -1 -1 -1 -1 -1 -1 -1 5494 -1 -1 -1 10132 -1 31384 -1 -1 61286 46558 -1 -1 -1 -1 -1 -1 32347 -1 -1 32996 41504 -1 41424 23147 -1 -1 -1 41736 -1 -1 -1 -1 -1 -1 -1 -1 4646 51765 -1 -1 18715 -1 -1 -1 -1 -1 -1 -1 31055 -1 -1 -1 -1 -1 -1 17034 -1 -1 -1 26337 63413 -1 -1 -1 -1 -1 -1 -1 24971 -1 -1 -1 -1 53650 -1 -1 -1 46795 44874 -1 -1 43220 6791 -1 63066 40688 -1 18267 -1 -1 -1 -1 -1 -1 -1 47684 -1 52460 -1 -1 4031 43413 -1 -1 -1 -1 -1 -1 -1 -1 -1 11948 -1 -1 58844 -1 -1 -1 -1 56173 -1 46168 -1 -1 -1 -1 -1 20904 -1 -1 -1 -1 -1 -1 -1 -1 -1 -1 -1 -1 -1 -1 36249 -1 -1 10400 -1 -1 -1 -1 -1 -1 -1 -1 17716 -1 -1 -1 -1 -1 35583 -1 -1 -1 -1 -1 -1 55432 -1 -1 -1 -1 -1 10837 -1 -1 -1 -1 -1 -1 -1 34864 -1 37090 -1 -1 45490 -1 -1 -1 25296 -1 -1 -1 -1 -1 -1 -1 -1 -1 33244 -1 -1 -1 -1 -1 -1 -1 64635 -1 -1 -1 -1 37522 2817 -1 30534 -1 -1 16458 -1 -1 -1 -1 -1 6058 -1 -1 -1 -1 27369 -1 16315 -1 -1 -1 60176 -1 -1 -1 15985 55636 -1 -1 -1 -1 -1 -1 57504 -1 -1 -1 -1 -1 -1 -1 -1 39577 -1 -1 -1 25479 59892 -1 -1 62620 -1 -1 17695 40503 -1 -1 -1 -1 -1 -1 -1 -1 -1 11046 -1 -1 -1 -1 -1 -1 -1 -1 -1 -1 -1 -1 -1 -1 -1 -1 -1 -1 -1 -1 -1 -1 -1 -1 -1 -1 -1 -1 -1 -1 -1 -1 -1 -1 28155 -1 -1 -1 -1 -1 22945 -1 -1 -1 -1 -1 -1 1801 -1 -1 9620 -1 44908 -1 -1 2204 6707 -1 -1 -1 -1 59968 45116 -1 -1 -1 57914 51652 -1 -1 6320 -1 -1 -1 -1 32906 -1 -1 -1 -1 52221 46897 -1 -1 -1 -1 -1 -1 57647 -1 -1 -1 -1 -1 28714 -1 -1 -1 -1 -1 26174 35576 25133 -1 -1 21667 -1 -1 8273 -1 -1 -1 -1 -1 -1 -1 -1 -1 -1 60481 48473 -1 -1 -1 -1 -1 -1 -1 24689 -1 -1 -1 -1 39924 -1 2960 -1 -1 -1 -1 -1 -1 -1 -1 -1 -1 -1 -1 -1 43024 -1 -1 -1 42748 -1 28921 7030 -1 -1 8178 36307 -1 -1 -1 -1 -1 -1 59699 -1 5908 -1 -1 14670 -1 53723 -1 24158 -1 -1 -1 -1 12625 15326 -1 -1 -1 -1 -1 20146 -1 -1 8289 -1 -1 -1 -1 18253 -1 -1 47286 -1 -1 -1 -1 -1 -1 -1 -1 -1 31959 24984 -1 -1 2223 -1 -1 -1 -1 -1 -1 -1 45339 46399 -1 31051 -1 -1 -1 -1 -1 -1 -1 15798 31956 41569 -1 -1 -1 36870 -1 -1 11324 -1 -1 -1 -1 -1 -1 22447 18275 -1 -1 -1 -1 -1 -1 -1 -1 -1 -1 -1 -1 10118 -1 -1 -1 -1 48831 -1 -1 -1 13302 62875 -1 -1 63086 40509 61852 61407 64199 -1 -1 -1 -1 -1 -1 -1 -1 59088 -1 55537 -1 22493 56857 -1 -1 -1 7467 -1 39379 -1 -1 -1 -1 26322 -1 -1 -1 -1 -1 38693 -1 -1 -1 27876 -1 -1 -1 -1 -1 -1 -1 -1 -1 -1 -1 -1 -1 -1 -1 -1 30015 -1 -1 -1 21936 -1 -1 -1 -1 43899 47502 -1 -1 -1 -1 -1 -1 7102 -1 -1 -1 -1 -1 58472 -1 -1 -1 -1 -1 -1 -1 -1 -1 -1 -1 -1 -1 -1 -1 -1 -1 -1 -1 -1 -1 -1 -1 -1 -1 9662 -1 -1 -1 -1 3747 -1 -1 36491 -1 -1 64160 -1 2380 -1 -1 -1 -1 721 -1 -1 -1 -1 -1 -1 42043 -1 17292 -1 46936 -1 -1 1648 -1 -1 45200 -1 -1 -1 44922 -1 40860 -1 -1 -1 -1 -1 -1 -1 -1 -1 -1 -1 -1 -1 -1 -1 -1 -1 -1
6
0 777 3 112 13
1 866 9 16 15
0 244 3 6 15
1 328 2 652 8
1 728 3 846 14
1 668 7 131 15
