1000 5000
379 773
366 209
317 74
672 236
885 772
250 578
764 34
724 691
817 448
175 893
200 857
371 248
684 3
195 449
570 962
191 499
650 486
983 414
667 496
516 28
693 486
450 922
371 915
215 944
375 235
441 750
865 905
841 291
889 912
114 928
660 572
994 284
976 221
333 981
68 88
885 682
494 924
700 360
341 347
473 29
821 357
583 764
88 608
269 568
370 339
633 215
436 763
737 250
221 35
294 571
566 332
628 813
181 201
909 350
389 461
251 650
546 223
367 876
415 33
612 987
860 296
897 803
543 827
10 389
666 554
667 669
143 35
93 868
221 663
47 401
470 196
294 576
852 381
684 770
53 614
202 279
777 947
965 372
451 423
870 182
309 452
956 577
432 991
592 340
634 941
83 210
256 480
48 34
331 422
86 357
385 431
813 181
490 121
931 165
198 631
983 370
583 525
485 947
750 34
925 124
231 832
560 121
189 498
969 357
401 352
883 142
90 94
724 801
533 499
252 37
78 544
728 57
390 366
633 849
884 724
785 968
622 905
756 204
801 997
318 521
27 117
180 995
807 942
16 893
595 57
513 257
893 831
273 34
547 166
440 727
553 865
728 382
946 458
372 899
998 976
555 504
79 9
301 383
516 559
595 557
26 968
869 589
132 234
808 930
243 614
743 70
922 744
379 388
94 396
583 457
275 884
87 964
963 43
238 330
722 57
30 726
953 469
354 921
314 801
557 872
212 545
409 366
59 119
454 150
873 721
586 362
569 658
550 961
172 571
635 850
585 371
641 651
598 622
686 52
649 927
812 745
550 485
571 34
32 162
820 199
936 674
798 811
942 549
80 761
261 159
989 673
497 120
367 328
834 341
915 193
469 485
345 501
559 56
838 127
821 288
472 715
228 787
221 895
692 499
817 351
571 475
321 202
639 395
977 632
732 22
682 567
607 804
979 43
811 665
694 363
993 387
88 210
840 116
757 684
496 45
326 474
739 188
729 897
676 122
191 868
413 947
488 877
724 290
657 44
858 726
684 171
82 451
848 11
77 178
21 573
587 31
344 757
733 778
93 417
931 909
58 92
371 122
101 59
672 701
573 713
244 944
483 975
870 586
711 72
467 43
569 420
886 49
435 944
531 587
253 103
529 981
634 929
339 216
882 508
212 565
176 338
753 667
264 763
456 300
505 956
273 54
370 418
943 939
402 341
574 596
236 118
413 332
70 11
261 27
567 349
193 674
803 698
808 257
215 537
826 436
834 329
104 550
534 135
553 733
662 719
600 159
832 794
639 748
336 382
895 886
134 876
296 67
424 741
269 827
510 610
499 598
322 391
698 105
229 21
740 289
18 189
905 836
679 423
790 911
419 141
424 241
661 50
262 817
974 986
705 246
266 80
921 195
113 136
417 760
953 555
554 294
736 144
195 934
13 96
305 887
327 811
106 876
371 45
48 155
307 523
222 907
767 95
182 361
780 439
767 710
697 133
391 333
967 713
259 358
452 738
528 912
69 374
918 997
876 10
473 982
632 906
503 768
412 99
83 679
968 369
127 737
448 699
712 339
924 668
927 247
756 225
937 243
356 564
400 791
458 463
824 742
146 221
484 655
344 228
24 384
170 240
807 284
968 325
90 234
855 578
21 100
746 245
524 174
687 983
183 70
86 398
158 434
19 210
364 462
508 905
651 65
233 462
947 260
394 32
714 112
904 713
942 574
695 517
386 993
48 198
474 552
2 713
68 536
715 112
758 61
414 864
878 754
313 123
585 556
768 321
369 272
966 154
463 974
502 708
856 836
553 696
50 675
215 961
562 690
443 807
330 14
763 461
667 684
528 338
63 482
300 490
53 808
663 350
147 196
789 355
433 38
511 758
407 582
579 304
956 77
128 23
198 922
323 480
706 16
203 692
303 811
825 575
833 491
801 931
79 992
833 458
794 978
416 478
919 539
952 914
199 919
328 83
774 994
937 748
354 896
353 739
922 618
993 940
862 758
543 108
718 877
616 605
652 333
811 926
620 775
970 992
109 26
329 731
318 935
642 351
142 991
682 49
985 265
538 254
719 237
846 325
69 81
884 336
358 31
950 817
695 355
597 482
267 149
615 315
978 713
171 949
760 117
957 834
755 254
66 610
93 162
198 284
653 876
967 351
763 917
459 690
677 756
446 23
138 206
755 410
47 330
294 741
605 364
23 658
794 401
516 475
454 847
174 86
406 2
480 989
270 428
726 251
663 254
520 915
90 253
157 761
740 215
411 374
46 342
206 410
43 853
570 17
981 70
679 54
157 986
517 105
729 784
755 749
404 386
985 40
238 413
890 143
709 231
324 901
576 412
424 622
879 268
367 164
394 21
9 815
887 282
372 53
867 973
576 867
885 985
222 751
355 983
816 355
924 739
432 967
59 597
434 165
93 256
130 352
12 992
750 849
640 343
594 854
764 313
675 963
994 717
15 168
362 410
638 522
387 5
669 416
299 798
204 631
788 994
334 610
436 412
656 395
167 842
228 219
778 710
731 7
89 227
569 495
326 724
896 820
750 416
612 445
19 860
78 338
43 576
735 646
160 354
86 325
537 684
144 851
218 911
876 311
843 779
710 456
435 439
938 32
552 283
697 275
325 206
633 10
324 828
798 993
245 436
37 165
174 730
886 635
348 509
957 387
108 623
7 44
164 437
640 498
935 59
852 793
126 61
947 322
733 200
478 194
808 724
490 61
181 768
269 432
572 945
516 585
471 68
244 907
716 216
947 690
953 690
8 623
447 454
518 596
302 934
8 907
973 783
304 741
772 863
716 610
307 490
723 308
152 587
973 933
988 783
155 825
75 835
726 2
466 244
239 134
362 254
835 38
38 612
151 140
879 312
4 465
800 81
296 154
343 170
13 876
309 700
777 425
309 672
972 887
54 443
220 913
392 427
638 277
859 76
876 415
817 953
629 199
667 2
553 882
252 208
516 546
718 989
429 447
846 995
54 579
677 140
304 250
896 626
133 724
95 379
643 619
139 585
576 135
634 916
381 655
51 186
615 517
922 523
738 399
589 310
174 23
42 571
275 263
752 100
147 320
394 841
614 912
222 209
447 21
782 647
722 224
809 914
659 598
23 695
240 758
633 762
954 536
566 608
268 939
827 246
645 27
332 684
860 598
238 677
431 568
450 957
852 299
23 957
393 606
768 454
421 101
959 183
310 339
342 130
836 289
838 344
166 648
61 923
604 0
678 925
892 763
913 138
543 700
197 574
193 881
402 40
44 482
966 179
663 54
329 32
546 103
906 85
142 366
639 910
485 843
149 293
29 307
701 28
947 257
1 903
609 247
387 807
831 94
88 116
746 6
173 843
851 509
528 514
646 830
882 574
35 973
997 663
697 612
647 935
492 846
835 372
464 399
32 642
381 94
687 917
225 295
305 429
869 955
474 795
33 893
542 952
891 809
793 864
469 822
318 266
545 77
426 177
204 310
563 931
119 362
899 810
105 772
810 609
441 673
949 33
834 630
963 77
649 29
404 425
323 439
90 226
512 969
923 164
706 865
564 848
388 497
857 435
315 227
15 842
911 58
684 133
266 731
165 798
866 894
322 578
578 740
148 814
540 661
473 439
557 684
611 43
52 51
206 676
651 525
733 181
323 924
558 865
596 209
877 537
815 938
877 823
970 418
899 522
265 5
566 905
332 379
373 847
709 827
188 586
1 672
345 704
900 500
443 698
776 886
189 971
31 95
667 198
539 667
133 65
131 516
47 434
102 278
400 676
654 912
909 93
734 836
614 32
853 446
930 525
868 464
206 860
77 246
327 2
919 842
236 738
878 132
245 935
870 36
244 629
734 902
618 764
501 944
579 323
466 462
236 987
934 878
389 528
595 143
663 707
276 633
499 869
582 508
334 744
943 616
276 976
886 355
742 697
392 864
813 487
464 588
51 828
666 430
965 215
528 842
329 652
594 422
775 392
691 339
555 695
357 256
63 241
760 76
494 313
770 210
298 404
832 86
984 242
732 812
771 158
104 184
389 994
354 482
221 680
361 249
664 362
398 560
714 721
582 253
234 897
919 245
216 382
737 857
923 987
587 21
545 655
138 35
165 318
161 891
374 898
707 448
565 229
757 678
572 668
783 673
541 596
311 896
840 989
672 789
514 855
854 417
614 516
597 146
798 71
492 50
0 306
831 659
145 297
466 728
866 180
228 562
899 512
992 876
569 402
338 104
972 71
914 100
210 439
553 760
858 479
183 607
416 586
565 303
618 372
410 107
256 852
945 132
429 764
571 430
79 259
454 477
672 897
56 492
788 47
389 859
904 811
544 26
370 752
495 681
722 895
62 486
797 857
471 607
554 946
617 673
991 456
587 694
797 220
926 867
633 226
855 127
743 10
865 698
172 219
665 840
607 931
268 383
131 494
587 836
329 998
298 517
791 990
378 524
187 17
945 351
204 412
694 623
717 204
876 252
453 644
103 424
247 933
655 842
881 332
513 598
862 796
444 150
113 10
218 381
125 14
169 459
395 958
927 613
78 329
411 85
317 140
988 104
733 260
523 995
626 412
690 499
406 179
759 862
988 698
994 140
705 909
496 669
936 170
485 372
280 137
519 452
189 950
651 244
694 518
53 531
445 518
232 22
892 309
630 793
77 838
784 960
725 800
249 403
153 392
821 393
139 13
820 801
254 942
463 180
27 623
45 276
427 451
571 360
263 58
637 862
846 250
824 459
22 971
73 686
600 730
728 409
553 266
837 945
75 249
331 477
785 454
963 744
161 960
708 351
955 434
690 623
807 832
247 751
772 717
382 197
768 28
651 301
361 772
258 26
105 512
16 559
122 916
938 321
839 666
718 385
732 741
876 809
989 842
374 743
59 599
493 558
872 233
841 228
622 360
805 649
472 328
140 942
277 977
195 159
895 200
559 660
479 480
123 413
20 417
707 53
661 30
686 2
469 383
531 702
142 999
875 5
324 99
75 31
505 424
668 398
760 78
642 457
945 620
399 865
993 264
26 843
654 336
390 25
386 299
728 811
670 20
561 507
517 104
948 754
640 373
832 815
203 787
395 31
724 19
214 21
546 413
753 72
627 197
334 223
357 636
716 36
584 800
31 906
960 912
666 686
989 605
37 947
673 50
844 546
169 458
218 496
59 507
807 18
843 151
849 415
480 271
966 539
828 821
108 784
607 624
983 722
419 585
503 117
201 166
467 402
830 250
139 44
616 307
286 445
89 128
373 946
144 484
282 57
22 702
90 584
965 715
581 437
47 111
298 325
760 455
763 510
293 829
885 447
977 991
29 270
620 803
917 441
889 263
592 91
785 719
700 535
126 731
484 979
443 263
268 245
430 653
723 853
909 744
827 183
610 373
535 684
542 780
231 2
166 782
590 150
962 498
791 201
905 590
766 422
500 791
960 829
131 570
664 895
77 420
90 744
292 385
893 532
425 537
364 907
698 693
760 984
495 390
303 997
260 681
658 491
190 826
133 985
727 317
169 531
210 523
113 781
621 421
813 646
374 691
136 764
640 8
640 970
122 430
679 473
40 498
576 652
168 920
245 729
64 744
890 934
628 634
321 543
383 992
257 843
890 660
139 777
406 595
99 300
808 862
793 97
674 804
850 545
964 617
390 884
264 265
960 494
975 633
654 896
49 551
934 612
943 171
7 62
278 506
841 632
810 192
151 646
508 953
76 134
397 757
41 339
841 717
896 611
942 204
731 730
753 988
595 573
200 519
434 2
71 194
970 41
780 327
392 440
827 885
5 955
252 955
379 879
972 982
557 672
854 192
734 202
453 737
289 95
910 156
824 995
508 437
739 38
541 4
870 298
704 92
2 846
864 890
913 430
859 911
982 315
225 548
329 611
889 105
705 263
395 224
241 27
495 190
953 481
461 388
215 362
206 235
298 275
43 665
435 595
841 751
595 904
778 918
684 481
637 56
397 824
790 768
357 112
287 760
133 687
566 418
142 430
645 773
475 992
545 284
578 915
864 191
400 12
277 261
327 265
654 409
173 978
156 14
300 609
25 440
518 460
58 859
82 767
797 464
330 232
500 435
438 378
495 252
798 11
298 60
129 0
892 231
68 20
904 785
149 885
275 936
771 775
173 992
633 923
976 229
597 931
600 798
209 350
301 208
522 504
776 482
302 168
471 429
83 605
515 277
921 343
793 578
225 238
903 329
571 534
282 15
7 891
67 812
641 873
542 190
185 228
784 984
877 294
792 42
695 138
499 44
898 818
171 172
641 538
114 191
929 575
215 962
47 548
750 574
128 790
325 185
230 205
859 735
148 185
85 852
568 467
682 144
955 151
944 83
140 786
257 68
698 389
502 711
73 116
99 216
366 978
294 265
210 259
821 147
715 701
862 606
183 156
319 0
411 468
826 845
107 930
634 720
181 72
379 583
998 874
823 68
112 34
452 267
62 307
553 42
775 51
91 60
540 886
540 641
664 517
712 719
712 509
1 966
598 334
842 92
647 879
204 669
434 725
558 51
951 81
997 265
437 811
725 415
127 46
329 587
67 741
546 542
772 982
146 990
882 723
320 806
727 996
961 434
318 881
971 338
986 540
978 299
814 793
358 379
738 712
761 148
414 49
524 266
409 110
234 740
934 622
327 223
655 257
174 595
149 22
235 411
186 200
297 742
229 586
485 242
498 861
268 851
725 720
694 845
646 730
130 977
245 405
807 594
742 448
245 302
665 586
220 622
757 663
793 528
378 733
20 884
86 304
864 893
325 80
797 596
410 758
63 443
624 295
633 950
677 835
612 204
508 684
215 286
76 542
359 176
142 376
797 237
314 955
542 881
540 521
875 782
15 333
486 672
451 131
105 510
81 452
496 495
959 172
258 577
731 46
97 306
116 615
179 880
58 7
147 274
669 270
26 622
206 616
403 295
234 403
519 437
667 21
369 327
317 836
933 665
796 478
679 250
839 655
193 414
801 826
242 815
560 490
893 730
735 447
77 567
463 913
516 888
772 65
404 769
779 47
981 234
775 223
423 755
588 645
426 219
295 537
74 888
410 106
597 239
161 368
659 511
815 854
986 614
239 978
410 353
101 325
846 461
412 891
187 841
579 354
21 523
897 281
771 396
284 141
13 746
829 306
229 328
734 564
701 421
971 31
835 39
678 290
163 528
166 45
155 92
32 936
456 498
867 479
905 364
812 133
528 729
596 54
270 915
94 397
420 870
540 6
894 273
15 371
622 446
734 549
969 378
419 425
159 633
197 354
907 732
890 217
528 131
506 901
855 325
749 635
484 729
824 264
392 162
853 313
307 735
238 857
738 999
86 300
550 272
466 941
261 266
674 733
494 986
732 974
746 164
46 362
295 297
318 815
294 498
418 624
121 943
220 97
435 123
212 563
67 573
365 573
444 379
292 211
96 77
146 805
250 27
146 688
37 238
376 150
190 736
8 665
451 669
29 433
463 573
840 178
764 666
814 398
872 360
417 858
205 847
807 980
923 782
38 412
291 986
598 656
658 923
44 295
711 785
910 774
752 805
551 553
966 513
481 318
972 742
789 79
94 55
763 673
11 415
756 914
864 658
613 972
426 921
255 28
659 835
832 242
97 798
993 256
52 465
749 441
613 532
29 565
190 637
818 890
747 637
132 653
663 527
38 672
520 8
587 975
443 430
490 995
965 451
220 149
80 488
788 420
421 648
274 46
484 559
29 879
476 566
136 767
675 704
797 811
702 567
819 489
254 340
744 803
194 170
474 22
515 872
549 242
392 978
588 415
925 219
357 626
837 871
719 627
711 895
602 76
432 659
74 831
30 53
0 581
805 215
519 133
764 456
132 995
9 753
501 906
148 604
864 950
220 786
992 181
350 645
673 936
281 680
431 910
614 930
486 461
333 405
1 253
401 547
545 60
880 36
376 471
574 682
709 458
227 745
585 433
298 25
120 621
310 664
459 356
998 351
894 684
941 816
149 447
419 38
605 922
539 79
274 55
80 243
357 730
271 352
635 377
622 690
678 426
848 368
894 982
513 482
78 663
233 261
736 775
9 938
563 206
637 467
694 830
989 356
708 866
423 86
71 905
270 130
33 631
624 408
612 617
76 240
806 604
308 323
361 173
297 791
327 717
554 393
870 815
677 810
460 866
684 588
569 623
393 651
601 847
676 53
338 270
497 160
652 887
917 525
819 526
113 580
644 953
448 355
632 128
319 592
829 26
733 572
232 821
634 155
776 190
111 715
73 628
48 282
966 252
509 744
82 708
450 423
767 182
149 878
572 795
921 892
826 362
379 7
8 258
823 995
64 734
341 676
374 225
128 510
398 667
307 613
667 326
555 561
89 490
973 97
61 178
12 68
527 205
414 781
317 247
387 717
195 894
595 5
166 624
770 195
970 365
604 589
69 867
617 543
677 734
608 904
136 806
390 304
340 227
800 264
710 333
185 805
157 426
72 735
568 951
444 745
347 326
455 774
383 609
88 743
412 339
214 94
585 852
118 110
449 514
484 904
70 314
277 110
995 353
925 843
984 490
485 30
860 316
760 814
982 822
975 774
836 166
271 971
190 728
238 948
769 984
149 237
16 109
325 423
663 51
379 714
797 840
172 443
228 75
527 608
892 692
360 102
519 769
653 481
109 425
663 826
401 557
958 679
339 352
314 545
538 870
557 647
857 573
479 437
769 959
851 1
905 270
432 413
735 825
141 969
252 410
438 972
963 446
836 390
692 260
133 173
473 312
833 718
936 206
723 419
585 598
676 289
259 569
774 933
852 948
786 520
426 251
534 950
684 429
677 588
762 481
412 98
730 338
276 314
258 480
541 965
324 841
549 466
49 360
572 592
559 699
726 908
389 725
430 367
482 213
593 912
578 871
985 201
316 149
31 683
224 614
977 519
597 971
975 433
620 910
756 370
11 980
673 637
156 840
912 725
15 578
563 328
350 461
204 216
718 631
579 138
890 369
286 564
426 780
743 118
473 615
479 982
954 422
134 318
319 497
82 50
177 520
971 885
678 504
489 684
592 4
731 341
612 872
850 920
423 229
500 383
765 620
552 755
355 955
866 56
276 365
309 264
618 55
169 26
769 412
484 26
882 265
595 429
348 36
103 24
675 786
697 312
990 650
995 790
799 750
457 965
209 94
279 307
821 646
413 948
812 495
901 177
69 508
538 343
316 497
592 548
436 541
39 597
375 393
935 512
913 707
354 295
143 325
577 936
354 106
671 304
498 735
505 118
337 830
4 922
484 950
524 25
471 756
719 106
936 201
377 551
610 147
469 618
642 406
246 40
499 807
496 786
772 883
839 969
800 314
619 452
821 191
679 810
758 279
628 970
912 808
318 90
584 931
6 629
698 472
275 801
101 491
868 342
419 35
214 426
974 558
997 342
988 42
192 611
482 72
928 610
890 451
505 350
695 940
960 319
544 104
446 148
576 535
26 988
738 35
517 657
637 746
814 431
342 765
615 550
759 113
107 318
749 51
136 184
450 710
273 815
807 462
125 257
745 844
908 21
675 904
687 103
904 731
470 277
226 518
895 678
834 552
712 70
226 522
486 737
632 985
539 12
459 477
537 795
499 377
35 741
273 443
450 486
867 937
438 39
358 563
711 373
254 781
746 200
890 218
449 737
517 802
11 540
309 255
909 135
806 952
764 563
715 768
624 285
594 330
694 776
641 234
879 852
420 261
383 459
97 751
240 908
217 498
879 113
27 467
843 881
127 137
71 267
507 645
256 871
947 279
406 715
196 658
113 560
714 159
465 938
807 217
696 766
627 789
993 749
257 131
712 668
411 770
384 309
996 890
762 120
977 626
284 169
804 325
133 969
465 155
455 385
167 89
97 160
485 281
690 734
645 178
825 648
690 886
19 21
539 707
115 645
618 273
554 649
223 76
266 906
184 81
553 470
896 524
931 32
301 368
502 950
994 606
59 361
727 686
954 206
770 748
395 987
185 715
261 316
529 511
76 410
550 127
249 726
902 764
307 248
520 708
194 87
618 413
889 428
271 759
348 469
195 511
773 450
567 15
766 842
755 403
201 853
564 16
496 346
880 714
493 512
626 80
891 552
879 642
992 733
422 988
491 539
454 858
410 469
60 505
489 334
138 238
240 267
929 78
492 464
215 757
458 178
194 765
958 808
106 972
955 669
664 158
247 736
720 310
569 379
710 897
734 119
542 333
198 373
316 2
52 487
747 49
938 711
86 869
156 803
466 588
284 586
945 423
784 4
207 677
12 364
325 605
553 120
364 738
2 254
495 350
172 534
794 994
220 567
509 719
603 76
599 497
24 395
712 994
763 321
443 448
122 142
645 152
201 168
359 17
505 170
700 520
514 97
62 555
36 612
277 858
301 418
420 280
622 702
49 387
872 730
794 742
686 370
943 652
768 515
794 419
205 155
185 390
595 319
412 424
66 687
768 876
260 442
385 244
983 69
382 981
494 121
762 958
103 683
832 550
693 630
581 257
242 192
769 30
600 411
261 581
544 878
891 931
758 96
271 251
961 84
485 824
614 802
451 664
652 955
172 701
585 335
821 270
56 106
729 315
719 424
886 843
529 239
258 691
312 135
814 2
659 280
132 90
223 549
259 209
912 692
893 156
778 408
917 236
627 154
880 8
109 692
996 860
813 189
16 334
16 75
214 100
162 356
856 298
360 733
463 525
725 871
353 520
944 68
908 971
941 896
421 156
628 820
170 472
580 176
337 788
508 376
497 952
426 276
249 212
212 109
500 181
533 141
602 472
942 487
455 187
726 583
620 785
999 668
677 647
893 188
23 193
368 159
452 65
209 969
119 506
31 394
258 705
239 421
49 535
792 393
83 548
168 557
37 715
26 530
281 520
384 88
141 366
175 958
761 373
979 221
712 825
126 532
958 980
4 590
163 800
995 4
768 493
858 650
880 310
63 936
218 251
692 89
825 266
440 921
442 701
360 677
256 894
805 58
575 376
550 531
118 70
505 33
744 867
811 973
198 481
538 167
832 282
14 115
676 727
679 646
921 243
860 991
199 471
375 715
485 460
88 848
22 338
553 371
961 398
738 732
858 561
892 461
947 686
62 52
154 448
496 385
642 130
907 37
493 632
548 692
233 518
49 177
335 493
174 266
945 819
873 703
698 600
406 805
75 734
732 899
342 10
111 345
12 542
44 893
849 57
18 548
910 267
695 723
948 715
211 997
154 252
322 841
158 806
781 820
973 928
409 921
853 653
657 447
174 408
420 832
520 607
131 722
37 808
903 535
827 830
141 61
880 851
819 144
467 240
985 275
396 286
139 34
82 389
329 341
660 832
835 493
640 492
624 696
773 158
6 753
828 793
711 556
243 598
76 446
437 382
21 483
389 163
654 206
102 669
513 30
31 721
27 662
696 628
697 290
349 144
440 867
684 549
601 32
535 164
822 895
776 983
535 13
948 909
180 405
894 745
322 39
754 156
789 229
245 903
328 124
234 138
940 915
973 680
873 790
865 272
660 247
7 628
590 715
40 82
152 15
949 696
124 378
615 804
40 138
501 81
176 835
267 820
82 989
637 658
627 86
674 975
181 907
64 501
10 341
916 438
251 309
750 173
488 543
578 420
968 30
392 355
898 268
887 719
803 56
96 885
131 378
318 734
724 633
360 550
316 701
763 386
193 353
893 152
711 92
974 727
91 109
797 453
167 655
485 28
908 517
878 186
832 21
361 697
25 346
618 780
936 291
932 12
245 241
651 48
389 925
450 472
115 251
77 280
798 709
847 259
375 275
253 779
648 526
50 882
192 856
778 732
428 163
708 692
605 863
319 936
537 51
737 426
102 662
480 15
196 0
767 91
120 449
607 78
48 8
403 576
169 835
393 843
300 650
654 580
817 775
42 552
424 315
880 638
204 126
260 641
631 75
891 312
333 408
886 911
725 97
538 942
910 127
104 19
221 517
262 728
257 432
727 359
971 155
261 579
449 75
439 177
470 740
575 555
32 35
609 805
926 413
518 672
110 424
33 558
178 368
655 102
365 886
716 120
302 414
628 94
864 772
704 126
716 13
907 340
799 500
913 610
723 76
963 796
772 538
370 971
119 793
87 266
222 238
898 321
477 529
118 544
183 905
127 653
59 412
923 100
591 839
558 71
21 642
560 681
567 731
971 759
310 361
388 324
943 430
469 209
629 992
663 960
17 156
607 615
375 554
529 419
381 313
345 731
209 445
902 679
345 562
645 850
184 852
860 688
114 634
230 697
565 973
401 329
247 862
801 898
365 619
645 271
989 557
75 673
106 376
224 896
166 329
88 938
573 36
161 590
998 484
667 432
872 715
488 436
580 686
497 418
370 401
596 243
781 872
250 616
691 888
804 560
285 383
764 450
811 870
416 580
305 420
751 439
259 175
981 513
621 420
195 742
435 928
297 458
169 24
370 498
932 192
362 94
942 455
937 163
778 119
401 631
465 614
104 718
205 661
5 902
994 952
341 326
584 959
52 506
174 799
796 140
933 491
69 308
162 585
870 804
730 320
637 428
156 381
633 51
961 745
600 374
399 575
113 739
408 566
831 169
611 502
92 110
327 86
673 800
330 92
11 392
678 26
482 211
227 305
294 94
886 343
714 131
991 242
10 460
569 238
668 555
64 253
889 467
376 711
938 551
323 566
731 979
566 430
151 584
623 602
586 859
898 355
7 445
32 909
519 835
182 779
46 885
390 100
264 243
620 990
571 46
915 394
485 261
579 998
881 2
659 177
561 468
193 770
144 73
547 381
690 938
975 354
970 143
165 689
419 608
584 784
974 913
51 578
336 214
139 170
613 841
90 489
943 740
564 290
167 827
729 56
329 988
917 185
197 971
631 503
345 919
779 17
665 251
117 550
731 611
693 516
631 351
91 811
433 636
107 201
37 985
421 871
393 784
169 636
276 696
507 308
208 271
912 930
632 350
611 338
319 278
150 449
564 654
347 604
920 414
303 580
781 618
307 333
546 494
792 819
207 27
467 294
566 968
93 228
872 282
827 764
469 487
121 268
695 952
732 957
665 427
315 150
194 431
455 139
661 385
354 704
840 599
639 598
675 171
312 16
978 657
257 813
855 897
197 712
459 520
616 899
372 440
200 13
966 9
781 703
774 678
287 606
864 871
237 306
577 343
946 461
359 833
689 366
703 885
150 999
738 610
402 761
29 6
999 222
98 353
528 324
242 576
405 261
528 975
531 132
210 803
715 242
990 472
945 569
116 521
634 214
574 358
6 774
643 661
724 795
113 489
460 940
628 220
769 947
288 596
332 919
777 969
302 913
357 552
189 663
695 53
901 786
421 832
258 346
253 314
886 612
392 869
842 227
882 545
63 909
719 406
493 612
581 807
983 522
800 732
632 406
344 324
710 958
750 420
133 209
176 890
930 697
961 776
38 738
31 562
673 474
36 715
604 146
755 295
454 493
939 270
888 548
729 254
779 269
941 521
738 780
608 212
853 253
845 113
122 479
422 749
859 115
921 836
83 750
848 407
662 780
948 938
51 6
731 410
750 934
136 292
921 908
639 854
836 138
362 661
51 300
349 650
379 330
275 882
682 405
766 928
210 234
299 443
463 848
649 887
965 370
88 718
436 597
614 764
578 721
203 388
863 945
281 877
277 580
921 809
843 749
720 211
221 367
141 609
324 639
224 10
936 527
715 75
42 10
564 440
820 813
969 472
287 89
370 948
964 425
668 657
175 987
736 640
388 69
35 855
333 331
770 726
501 452
134 555
913 171
323 819
669 990
229 833
130 687
882 938
143 283
958 988
19 538
651 238
9 242
685 496
668 173
468 944
312 809
168 565
499 875
262 310
293 793
480 633
683 735
793 471
813 18
81 373
623 714
852 197
636 899
213 267
172 52
921 674
789 685
40 832
739 883
548 461
616 201
287 203
774 270
273 70
822 599
349 458
634 394
535 170
631 120
787 824
413 874
944 7
403 280
519 796
973 231
418 205
725 532
369 720
693 743
385 138
321 699
30 442
943 900
411 409
979 819
732 972
849 621
105 881
316 950
826 143
124 671
129 310
637 466
674 774
710 355
935 411
753 508
922 824
247 383
926 544
393 359
702 141
459 587
473 698
575 782
873 715
34 437
22 778
347 394
841 661
136 823
442 746
679 819
305 153
251 241
160 23
280 597
601 53
346 129
352 390
991 759
517 333
90 395
770 524
977 198
336 697
850 113
837 988
973 743
252 187
932 931
219 200
591 643
300 509
80 999
35 542
331 495
799 902
658 301
615 215
488 630
417 903
298 315
833 378
940 796
538 931
899 371
881 667
915 823
557 144
305 907
752 607
467 97
113 322
872 672
396 482
254 537
747 223
285 74
213 134
502 568
823 13
161 633
56 578
505 669
784 84
115 819
234 166
753 27
970 592
186 962
348 786
739 138
431 271
488 344
527 396
511 459
654 851
810 518
372 355
33 9
590 668
387 114
120 439
178 566
87 891
263 168
729 439
986 135
342 151
78 435
433 483
899 925
666 859
915 995
548 224
438 57
727 774
820 378
922 177
332 937
970 963
740 91
428 638
982 714
314 772
400 254
257 796
545 525
549 360
582 264
27 867
387 0
359 416
779 234
387 690
143 957
90 670
127 376
461 768
857 121
836 213
391 923
519 622
422 962
256 164
59 991
169 153
811 498
335 965
5 278
87 679
876 253
837 669
368 463
323 531
373 701
98 406
675 290
21 200
597 337
865 554
156 982
698 834
311 42
103 741
361 211
117 89
142 108
642 691
390 104
806 592
158 188
868 5
703 6
846 291
652 525
284 604
660 335
187 600
560 315
932 450
561 479
343 297
208 454
266 509
83 500
612 501
547 437
881 128
226 234
319 141
943 113
21 219
328 749
799 437
860 841
742 862
321 566
808 331
652 896
947 965
378 16
475 679
882 43
423 252
48 734
999 791
305 335
122 32
627 639
426 801
664 860
680 460
249 648
708 0
966 499
233 613
875 139
762 790
261 411
873 218
197 473
693 231
132 118
535 154
132 137
544 504
923 966
883 992
563 745
316 913
180 123
49 626
762 772
240 224
598 905
848 421
512 372
181 351
845 834
68 665
880 134
502 75
833 154
59 369
148 806
989 430
365 700
7 77
0 500
989 804
706 536
801 588
649 396
60 399
796 881
983 461
986 336
479 36
448 406
842 133
376 850
333 467
291 555
29 390
550 140
857 355
927 402
514 771
915 445
731 231
629 26
61 964
13 932
153 349
415 571
333 75
40 475
389 106
193 618
44 559
238 466
885 258
364 900
813 357
312 30
569 22
344 172
177 531
104 921
461 528
639 299
95 386
110 171
502 132
418 800
521 906
285 59
724 156
547 222
448 412
944 171
930 46
120 239
354 458
886 698
745 832
358 855
381 464
603 169
903 565
689 463
298 124
78 191
165 938
902 105
385 478
128 763
762 250
158 415
634 911
352 32
480 293
821 507
83 856
878 648
957 543
330 841
400 892
128 216
21 661
479 222
701 438
275 223
460 153
173 521
834 393
919 212
372 446
810 417
507 489
571 15
444 492
489 687
123 786
1 337
78 838
171 73
973 459
674 583
776 2
997 732
528 228
747 172
211 709
361 122
715 370
949 40
979 526
404 972
916 468
990 85
553 154
698 152
150 978
157 222
737 742
418 496
519 641
683 145
174 510
216 333
222 19
888 184
722 839
379 952
49 630
614 983
413 765
642 127
845 590
534 991
6 12
915 222
499 902
844 236
695 416
730 192
201 960
870 149
425 466
280 391
948 429
989 991
821 895
521 639
705 836
10 733
148 184
911 495
537 417
664 23
74 511
33 957
683 298
941 811
115 70
551 695
292 379
221 690
950 151
934 316
733 320
931 787
441 212
84 285
20 164
659 222
480 103
843 81
983 362
558 554
51 8
582 146
202 155
162 763
311 960
460 470
819 781
657 635
107 163
765 60
652 835
694 261
62 721
384 250
130 414
123 62
758 881
796 899
212 324
777 257
376 547
114 843
312 230
324 779
704 897
722 831
567 773
262 193
850 97
832 819
115 3
780 560
160 727
599 610
95 19
430 238
157 237
330 673
363 103
358 709
106 353
885 374
87 552
342 381
832 683
104 595
848 3
942 586
896 627
109 147
334 186
715 387
951 17
386 932
184 837
87 664
77 445
41 268
869 926
400 556
263 679
796 391
145 13
73 594
49 71
382 810
813 173
329 606
538 610
83 664
400 209
299 356
599 221
699 987
387 586
354 856
508 426
640 43
591 312
236 637
590 579
478 663
942 977
794 339
89 302
809 916
236 121
17 2
673 592
878 646
572 492
294 552
715 230
728 90
907 978
510 70
95 690
102 6
43 778
537 695
818 513
491 487
345 773
272 348
621 108
232 3
958 536
599 267
695 475
968 562
606 288
442 558
595 840
224 925
711 953
434 287
754 862
226 697
913 969
60 20
656 741
896 349
182 386
332 195
859 118
93 71
130 422
931 621
479 249
200 930
949 897
225 574
512 94
706 183
897 6
371 938
526 782
582 399
444 651
503 795
196 895
441 418
195 124
780 301
152 461
49 882
678 438
964 981
673 818
131 874
266 147
777 33
715 794
556 110
69 275
381 47
820 13
934 176
282 494
231 268
635 187
162 336
398 965
310 746
304 969
203 780
813 39
784 965
252 809
830 572
27 323
639 603
384 418
489 120
593 808
562 806
657 699
444 937
208 268
492 963
323 297
164 662
870 211
290 318
72 517
678 814
645 790
996 82
355 36
318 631
386 783
53 472
831 438
331 646
880 199
913 952
746 795
901 99
818 65
906 809
568 758
681 62
343 266
302 371
402 984
415 337
369 498
473 745
300 959
35 495
668 249
636 785
111 709
462 14
936 376
625 924
932 475
284 185
715 637
431 31
412 184
843 724
189 371
613 153
432 215
951 481
578 845
625 787
249 109
632 74
799 634
236 300
268 481
532 16
266 478
276 987
853 889
962 538
508 738
57 423
777 676
196 829
826 86
734 377
708 337
552 614
213 526
863 50
776 228
406 999
132 707
665 597
54 605
998 528
339 29
86 571
869 193
773 458
27 144
330 786
55 625
617 862
523 189
927 330
264 932
65 640
380 717
904 843
989 142
424 177
929 312
261 434
730 495
508 65
932 993
78 114
634 816
41 153
658 59
261 294
18 437
671 69
101 95
561 960
308 545
780 643
144 389
615 930
56 963
736 898
68 849
792 969
44 824
4 303
785 473
691 762
318 138
182 204
402 626
155 38
589 105
843 50
539 374
618 176
486 806
712 200
628 227
552 208
708 618
311 49
167 10
746 522
577 240
430 843
281 104
615 194
329 427
663 369
153 547
358 796
317 693
705 34
101 75
908 879
246 914
83 802
936 196
912 466
48 87
176 592
812 372
578 406
114 372
969 23
698 588
556 112
866 172
728 41
971 994
130 135
856 457
298 296
997 950
773 683
736 552
502 793
571 74
245 392
813 126
786 154
810 282
853 788
694 458
811 153
28 244
277 308
160 751
890 69
330 391
10 883
477 798
878 490
585 864
253 642
873 702
26 649
717 694
183 117
938 830
590 22
199 806
988 86
193 238
930 198
248 201
867 894
38 972
978 931
636 46
96 491
245 459
744 96
687 470
80 921
192 843
152 931
398 774
236 444
558 150
770 911
743 748
170 717
772 241
559 961
443 51
246 441
862 531
648 82
519 411
301 167
169 387
199 918
621 727
862 483
171 226
17 502
213 131
776 493
47 170
249 171
909 229
953 983
826 52
73 112
176 787
588 107
799 893
408 828
173 912
846 287
987 329
198 725
9 152
60 907
66 251
625 331
184 645
665 36
78 215
518 18
139 844
595 947
806 698
832 869
844 952
772 542
966 319
590 88
161 254
717 830
501 856
236 680
133 681
268 652
429 954
469 158
178 10
120 975
267 390
103 654
784 159
758 426
251 857
334 515
205 542
817 371
402 243
34 712
690 278
670 798
343 207
387 157
244 637
690 793
835 345
650 916
529 638
378 766
121 952
660 688
149 371
860 95
20 914
781 578
450 70
502 677
168 286
471 274
335 415
305 409
281 794
120 619
196 747
102 761
940 873
700 925
610 585
415 705
701 976
647 652
591 716
825 320
786 367
637 114
50 219
398 957
752 644
499 279
574 811
792 94
925 28
916 815
430 141
585 466
347 186
274 187
669 48
564 422
757 102
532 688
69 703
350 633
967 702
958 749
247 831
850 679
629 795
416 576
896 592
242 95
801 977
799 330
847 741
369 479
584 916
150 299
434 88
259 457
190 118
902 120
123 920
482 693
392 716
621 697
186 44
11 532
437 815
272 144
740 384
54 153
981 913
189 768
522 259
544 605
2 485
902 904
851 44
336 360
659 624
160 299
467 948
81 273
859 856
3 37
376 884
375 638
932 351
289 624
246 732
105 891
656 286
243 387
35 430
806 861
230 656
167 250
746 641
55 357
762 722
322 389
595 982
47 68
119 647
842 763
665 309
946 363
137 287
784 139
62 962
797 901
559 600
203 292
128 456
944 96
842 162
606 54
883 937
583 518
669 627
76 971
638 60
258 835
264 156
235 929
766 235
624 26
743 350
652 959
838 657
90 523
727 366
163 35
354 530
678 944
749 804
842 443
803 111
824 802
264 904
694 146
148 137
479 300
798 884
208 516
583 430
832 336
294 437
475 649
589 18
11 221
683 351
158 512
865 111
293 965
468 513
440 676
772 491
972 936
3 681
342 476
697 879
60 440
435 10
190 984
933 913
167 788
301 994
359 656
40 436
89 25
595 521
410 171
349 613
165 703
146 270
55 924
318 878
15 640
749 356
514 93
106 153
865 806
460 246
271 643
244 638
110 378
787 369
874 135
792 409
674 97
590 407
474 933
177 961
837 162
409 315
164 981
4 724
792 996
775 420
439 994
341 386
933 753
257 810
405 683
356 337
204 694
510 260
743 771
491 473
413 140
111 818
236 302
144 727
834 759
428 993
566 24
314 738
872 904
271 880
18 967
598 617
772 965
358 87
362 434
346 905
825 97
164 70
63 346
408 709
487 884
320 286
904 905
271 899
895 43
765 212
467 303
637 572
507 662
273 152
628 599
412 808
647 339
504 508
444 295
950 34
215 706
916 690
273 158
492 559
201 290
356 484
597 418
312 244
483 451
164 390
944 639
959 62
317 591
608 771
773 496
269 761
179 763
796 580
118 516
941 11
101 640
47 610
275 410
756 431
817 946
667 785
218 987
527 17
554 944
456 493
807 260
110 514
237 951
974 804
577 745
661 15
628 731
835 639
771 964
805 601
485 363
824 138
710 560
830 995
119 701
965 695
897 396
56 320
500 571
776 677
221 591
914 857
49 575
341 953
595 545
332 102
177 201
98 59
725 192
916 648
266 828
573 702
129 63
217 657
549 694
382 587
123 694
211 764
99 143
460 458
356 361
802 689
252 357
11 12
779 196
493 349
960 614
925 306
944 450
116 232
17 41
635 721
696 382
890 788
117 657
194 758
544 257
791 293
252 647
282 673
796 287
620 830
715 518
645 673
372 268
372 751
40 807
810 183
882 854
834 422
323 794
752 713
863 112
43 34
859 977
449 618
939 845
754 664
817 505
454 5
157 220
883 350
109 737
405 475
55 198
40 102
638 536
293 442
942 809
498 446
534 94
957 858
46 214
54 973
588 302
478 707
442 407
45 56
354 941
339 96
308 761
143 65
356 311
68 205
508 672
735 489
511 152
143 210
295 13
699 601
839 934
661 65
131 26
679 622
971 14
605 859
432 983
458 352
690 978
678 998
164 192
198 379
81 50
204 800
70 160
20 371
343 458
374 215
4 921
372 507
440 649
194 207
349 547
152 404
62 391
262 566
291 742
141 470
716 744
367 395
227 62
962 739
788 232
272 913
164 93
195 734
873 656
244 716
147 741
962 853
910 114
86 324
517 346
704 461
990 851
812 507
12 529
2 20
972 420
857 584
671 462
224 880
614 566
580 556
216 706
415 525
551 690
757 47
91 278
569 818
852 846
558 602
459 855
36 102
58 365
302 86
669 389
89 744
697 302
489 83
681 975
609 502
115 490
874 433
359 441
293 179
615 53
942 92
507 484
546 814
416 263
831 533
938 72
337 220
499 251
717 433
586 128
823 100
31 924
282 580
107 335
881 694
694 677
554 742
286 211
777 663
627 13
643 934
930 805
871 853
873 727
232 999
963 276
387 441
960 373
666 459
65 337
977 419
499 130
16 174
600 951
773 534
537 809
794 660
591 733
751 644
547 236
533 674
441 491
613 885
893 160
309 728
771 826
811 402
871 349
397 753
138 446
590 59
342 514
687 928
796 665
482 604
565 915
484 229
571 280
855 762
76 136
922 117
40 695
646 531
161 316
546 973
121 547
975 605
242 834
954 852
650 281
90 256
212 731
512 79
825 27
753 685
698 564
418 311
197 199
865 644
193 830
675 670
76 796
316 824
783 911
958 811
183 88
857 549
630 676
830 720
742 16
628 506
576 14
954 508
166 11
435 925
242 64
513 915
900 701
864 636
281 46
906 157
869 56
232 62
1 310
98 136
261 914
186 22
550 500
576 710
602 604
802 400
255 77
857 122
748 481
59 14
495 499
302 60
687 321
283 949
956 90
860 356
438 960
703 224
585 551
191 91
7 783
737 954
801 59
163 611
455 265
375 493
183 669
138 881
944 899
25 701
86 895
145 235
886 276
426 203
999 261
284 428
718 984
753 924
576 976
534 820
825 174
973 544
507 495
247 554
410 981
36 794
893 606
575 93
966 408
122 127
326 793
181 193
534 966
969 674
706 425
531 385
389 270
296 411
404 240
265 832
881 268
611 845
722 858
373 471
379 537
595 674
686 122
9 473
320 708
437 45
514 372
17 727
878 170
961 237
193 265
580 107
43 507
875 585
30 577
495 791
947 71
638 88
139 220
89 351
628 932
130 280
473 443
631 134
795 217
219 213
689 312
280 694
569 557
235 92
898 150
66 93
306 5
124 6
612 375
732 286
456 872
332 673
453 217
504 332
49 299
19 444
306 16
573 818
387 246
592 370
306 879
10 168
89 464
581 822
743 373
379 702
566 66
728 867
122 79
219 712
248 447
972 560
426 490
568 468
337 666
49 442
313 322
56 20
861 186
994 515
207 514
306 843
12 876
846 336
318 764
666 289
892 360
351 807
185 686
275 724
536 184
171 705
960 704
623 23
946 262
658 27
531 791
610 450
113 174
756 995
814 713
100 788
972 273
343 731
788 942
916 827
555 219
297 718
237 415
294 713
836 143
879 719
883 698
191 53
659 275
700 501
840 692
980 489
937 926
329 854
195 365
46 218
69 153
50 633
942 638
915 581
101 768
797 349
734 815
358 938
716 217
548 859
909 401
503 857
483 896
476 757
990 725
423 871
167 611
254 443
392 239
485 816
33 31
842 366
627 189
801 392
451 662
620 35
340 555
258 126
690 635
435 832
751 348
738 71
358 946
765 646
248 743
798 595
347 20
933 619
923 45
216 611
541 88
720 757
782 734
915 324
198 17
957 499
310 186
641 475
504 430
417 688
548 232
206 990
312 633
861 622
263 690
51 859
854 372
458 595
182 313
764 259
504 823
932 164
598 441
593 379
847 501
339 849
778 18
313 80
259 458
562 17
239 369
377 922
124 568
846 869
533 92
474 246
112 672
115 740
871 927
800 329
170 482
727 308
269 10
659 31
113 586
444 761
189 999
909 533
77 11
145 50
194 8
545 892
756 940
266 636
911 307
587 168
539 306
279 100
252 225
237 76
723 431
153 665
73 301
399 90
444 146
186 899
355 818
157 309
380 862
663 400
836 410
718 813
568 473
831 20
205 804
560 891
791 654
723 69
563 211
622 432
190 835
29 806
378 503
278 340
642 829
272 360
192 246
389 300
540 304
323 204
984 665
209 644
941 399
413 73
146 47
618 280
339 505
988 939
690 150
291 461
279 316
398 270
602 520
433 76
555 681
593 542
495 7
902 354
509 909
696 217
308 15
833 317
678 768
246 5
13 850
975 811
162 880
372 13
323 471
232 360
520 646
775 229
303 339
342 105
532 979
368 244
649 675
468 286
647 478
711 26
789 237
931 218
597 774
385 450
880 506
439 270
623 820
570 458
293 858
847 422
589 506
386 782
91 707
883 36
573 103
437 12
336 325
118 72
107 244
895 643
396 346
400 342
636 91
550 288
274 526
423 974
133 874
83 517
250 153
989 567
223 120
365 811
30 940
843 835
20 202
0 957
739 39
67 45
676 551
82 234
835 670
635 480
16 862
176 261
331 595
870 316
227 56
590 966
380 91
331 167
426 453
841 88
627 953
206 12
467 591
508 989
135 822
992 973
56 362
125 856
495 63
87 624
837 260
142 650
783 751
608 348
22 588
135 798
534 78
803 78
938 536
106 17
970 842
310 982
939 998
176 83
595 912
138 168
818 863
157 850
641 901
78 318
336 43
855 43
403 712
25 467
27 306
256 5
853 417
369 786
856 304
732 912
885 140
832 382
25 607
719 987
937 925
467 243
58 920
842 86
360 217
746 942
-1 -1 -1 -1 -1 -1 -1 -1 -1 -1 -1 -1 32207 -1 -1 -1 -1 -1 -1 -1 -1 60648 6030 21000 -1 -1 55383 -1 -1 -1 -1 -1 -1 -1 -1 -1 -1 -1 -1 -1 -1 -1 56255 -1 -1 -1 -1 -1 18309 -1 -1 -1 -1 -1 10777 13489 -1 -1 -1 -1 2108 -1 -1 -1 14947 -1 41204 -1 -1 -1 -1 -1 -1 -1 -1 -1 -1 -1 -1 -1 -1 -1 -1 6904 -1 -1 -1 -1 59113 -1 -1 -1 -1 -1 -1 -1 -1 35532 -1 -1 -1 3547 -1 -1 -1 -1 54733 4511 -1 -1 -1 10893 22291 -1 20975 -1 -1 -1 -1 -1 -1 -1 -1 8059 -1 52448 -1 -1 -1 -1 -1 -1 -1 -1 11253 -1 -1 -1 -1 60181 -1 -1 -1 -1 -1 -1 -1 -1 -1 -1 -1 -1 -1 -1 -1 4692 -1 -1 -1 -1 -1 -1 -1 -1 56512 -1 63562 22131 -1 -1 -1 -1 -1 -1 39208 -1 -1 5589 -1 -1 -1 42765 -1 -1 -1 -1 165 -1 -1 -1 -1 -1 -1 -1 -1 -1 -1 -1 -1 -1 -1 -1 -1 7546 -1 -1 -1 -1 54814 13627 -1 -1 -1 -1 -1 -1 -1 22501 -1 -1 -1 22131 -1 -1 -1 26545 -1 -1 -1 -1 -1 -1 15864 -1 -1 -1 759 -1 351 -1 -1 -1 57516 6766 -1 40821 -1 -1 -1 24944 -1 -1 -1 -1 -1 18245 -1 -1 8949 -1 -1 -1 -1 4093 -1 -1 -1 17336 -1 -1 -1 -1 -1 -1 -1 -1 -1 -1 -1 -1 -1 12654 -1 -1 386 -1 35810 -1 -1 -1 -1 -1 -1 -1 -1 -1 -1 -1 -1 -1 44999 36195 -1 -1 -1 -1 -1 -1 -1 -1 4196 -1 -1 20954 -1 36742 -1 -1 -1 -1 51343 -1 -1 -1 -1 9717 -1 -1 -1 37869 -1 -1 17813 1648 -1 -1 -1 -1 -1 46409 -1 -1 -1 -1 -1 -1 -1 -1 -1 -1 -1 -1 -1 -1 -1 43975 -1 -1 -1 -1 -1 -1 39885 -1 -1 -1 -1 -1 -1 -1 31658 58931 -1 -1 -1 -1 -1 -1 -1 -1 8337 -1 -1 -1 -1 -1 -1 -1 -1 -1 -1 18717 -1 -1 -1 -1 -1 -1 -1 -1 -1 -1 51594 -1 -1 -1 -1 -1 -1 17383 -1 -1 -1 -1 -1 -1 -1 -1 -1 -1 -1 -1 -1 -1 -1 -1 410 43854 2282 -1 -1 -1 -1 -1 -1 -1 -1 -1 -1 -1 -1 -1 -1 -1 -1 3018 63025 20665 -1 7009 19154 -1 64535 -1 37485 -1 -1 -1 23728 -1 -1 -1 -1 -1 -1 -1 -1 -1 -1 -1 -1 43362 -1 -1 -1 -1 -1 -1 -1 -1 -1 -1 -1 -1 -1 -1 -1 -1 -1 -1 -1 -1 -1 3223 -1 -1 -1 -1 -1 22860 36298 -1 36542 10302 -1 -1 -1 7426 -1 -1 -1 2155 2672 -1 -1 -1 -1 41229 -1 -1 -1 -1 -1 -1 -1 -1 -1 -1 -1 -1 19747 -1 22308 -1 -1 58060 27839 -1 -1 -1 -1 -1 -1 47625 -1 -1 -1 -1 -1 -1 64085 -1 -1 48185 -1 -1 -1 -1 -1 13837 37537 -1 -1 21121 38264 -1 -1 -1 -1 -1 -1 -1 -1 -1 -1 -1 29040 -1 26637 -1 -1 62518 -1 -1 -1 -1 -1 -1 -1 34212 -1 -1 -1 -1 -1 33484 -1 41312 -1 10706 -1 -1 -1 -1 3470 -1 17161 -1 -1 -1 -1 -1 -1 -1 -1 -1 -1 -1 34286 -1 -1 -1 3779 -1 -1 49992 -1 -1 -1 -1 -1 -1 -1 -1 -1 -1 -1 -1 -1 -1 -1 -1 -1 32456 -1 -1 -1 -1 -1 3461 -1 -1 -1 17427 -1 -1 -1 -1 -1 -1 45633 -1 -1 -1 -1 -1 -1 -1 10729 40066 -1 -1 -1 -1 -1 -1 -1 -1 -1 -1 -1 -1 -1 -1 -1 -1 -1 -1 63969 -1 -1 -1 -1 -1 -1 -1 -1 -1 -1 45186 6200 -1 -1 -1 -1 -1 -1 -1 -1 -1 -1 -1 34201 -1 -1 -1 -1 -1 -1 -1 -1 -1 43475 17274 -1 -1 -1 -1 -1 2417 59225 -1 -1 -1 -1 -1 -1 33913 -1 -1 -1 -1 -1 -1 3671 -1 -1 -1 -1 -1 -1 -1 -1 -1 -1 -1 63841 -1 -1 25901 -1 -1 -1 -1 2515 61984 60271 -1 -1 -1 -1 -1 -1 -1 -1 5322 -1 -1 -1 -1 -1 -1 -1 -1 44303 -1 -1 -1 -1 -1 27084 -1 -1 -1 -1 -1 -1 -1 -1 -1 -1 -1 15355 -1 -1 -1 -1 -1 -1 -1 2946 -1 -1 -1 -1 21814 -1 -1 6758 -1 -1 -1 -1 -1 -1 -1 -1 -1 -1 12793 -1 -1 -1 -1 -1 26562 -1 14769 19975 -1 37211 43011 -1 -1 21828 -1 25679 -1 -1 -1 -1 -1 -1 -1 36993 -1 -1 -1 -1 -1 40458 -1 -1 -1 -1 -1 -1 -1 27169 -1 2452 -1 -1 -1 -1 -1 -1 25828 -1 -1 5690 -1 -1 -1 -1 -1 1930 -1 -1 -1 27618 -1 -1 -1 -1 -1 -1 -1 -1 -1 -1 -1 -1 -1 -1 50686 -1 25213 -1 23851 -1 -1 -1 -1 -1 -1 -1 -1 -1 -1 62908 26464 -1 -1 -1 -1 -1 -1 -1 -1 -1 -1 -1 5811 -1 -1 -1 -1 -1 -1 -1 -1 -1 -1 -1 -1 -1 579 -1 -1 -1 -1 -1 -1 -1 -1 14320 -1 -1 -1 -1 -1 -1 -1 -1 -1 -1 -1 -1 -1 21668 24675 62302 -1 -1 -1 -1 -1 -1 -1 -1 -1 -1 -1 5938 -1 -1 -1 -1 -1 -1 -1 5203 -1 9957 17005 -1 -1 -1 27154
4
1 74 10 496 8
1 907 9 229 13
1 393 6 22 9
1 861 9 507 8
