1000 5000
549 339
592 963
902 926
298 950
276 144
676 149
848 46
246 28
338 426
13 296
656 547
68 431
646 386
133 622
73 156
596 873
385 59
31 574
740 782
877 710
361 999
635 271
417 944
205 222
475 715
396 999
315 514
257 461
918 814
291 338
1 351
996 862
715 311
234 991
628 969
751 237
985 163
439 898
978 459
856 273
425 553
359 34
668 545
245 818
217 489
300 258
837 110
451 339
483 191
404 955
347 883
258 897
435 90
36 12
920 143
745 504
804 611
791 574
137 620
741 204
719 345
515 110
176 140
878 689
316 435
60 610
699 732
531 377
449 610
417 923
260 424
25 798
500 572
736 236
902 392
374 33
798 870
969 717
981 30
638 691
875 607
741 357
625 41
381 967
810 709
453 506
963 332
597 167
568 556
700 469
189 202
541 267
39 789
151 980
227 576
96 77
709 58
135 299
459 443
346 264
890 21
914 886
786 49
427 405
797 150
813 994
99 674
250 211
501 258
961 85
697 292
343 11
267 377
533 437
43 694
540 608
861 797
265 1
207 478
450 118
521 600
392 885
285 941
36 137
28 697
73 106
189 837
69 820
294 324
899 143
197 997
15 544
787 296
652 589
545 985
333 870
4 246
982 812
133 731
998 261
210 53
757 977
331 528
180 260
839 426
789 292
67 901
721 93
767 153
206 684
266 534
763 866
517 473
388 344
485 263
4 878
261 987
757 684
341 6
189 534
462 312
570 406
793 634
658 495
278 178
965 385
897 538
957 721
115 642
348 93
689 834
39 242
114 710
872 964
939 990
761 132
23 671
104 452
861 620
279 245
881 990
857 782
921 294
954 869
563 131
690 450
863 178
928 637
209 556
112 719
768 706
109 910
62 886
165 447
985 318
976 604
752 328
475 353
802 651
3 723
764 786
48 350
513 954
353 780
627 506
953 510
657 658
137 225
713 48
997 872
810 427
122 423
618 146
148 471
884 941
405 104
610 712
737 505
837 122
701 716
959 970
310 656
293 667
705 894
306 749
346 915
174 621
179 466
288 660
490 786
452 175
582 44
663 185
467 749
865 297
886 737
44 79
355 389
541 350
457 237
470 818
923 886
813 963
7 759
506 330
706 439
781 370
50 385
771 62
669 528
448 942
409 38
742 365
132 709
939 528
161 63
659 862
73 817
443 336
689 39
289 7
135 291
114 80
754 300
859 150
33 687
304 685
638 215
339 398
133 334
125 969
721 774
749 856
588 775
717 168
791 784
654 86
987 773
631 135
720 838
527 986
166 198
286 754
476 923
218 986
631 170
409 717
670 258
151 68
312 591
216 628
102 152
566 673
128 512
973 611
610 461
628 302
980 48
548 41
36 285
422 291
981 586
780 237
983 260
226 668
89 718
544 580
430 568
406 684
249 173
905 816
733 376
5 16
235 33
500 947
255 460
520 996
503 471
80 801
506 583
756 933
613 878
466 611
404 428
408 481
185 635
642 659
396 863
320 462
822 952
200 226
520 839
266 783
637 795
806 357
595 566
904 958
143 416
117 772
412 666
384 520
193 21
646 161
444 848
916 84
583 556
8 399
40 472
942 58
978 741
407 686
508 95
982 795
354 168
955 119
64 265
767 961
296 308
635 717
150 750
877 491
478 885
413 240
278 118
640 876
988 736
648 5
337 260
71 19
201 39
580 316
263 216
609 755
444 379
941 670
169 27
142 382
494 639
883 891
984 952
323 364
552 854
818 755
614 762
560 138
179 519
105 648
999 538
241 325
256 513
93 844
141 656
610 549
236 220
984 531
255 309
644 701
567 595
493 247
801 110
859 620
854 220
562 535
411 790
7 14
635 482
733 313
96 88
113 472
303 369
134 586
338 169
227 314
632 359
774 634
833 537
357 418
955 493
73 702
607 832
235 508
134 440
839 738
190 252
901 722
375 82
362 812
923 321
450 169
234 304
922 247
913 167
175 884
205 898
581 452
384 480
337 934
553 334
777 527
292 316
642 626
254 752
345 775
568 456
170 23
579 835
331 952
695 988
824 567
707 67
763 614
784 909
105 418
367 425
345 63
798 687
960 431
309 173
98 638
693 701
551 121
169 410
277 894
512 925
849 662
477 609
20 794
388 680
131 849
599 907
550 346
66 802
308 878
611 682
853 516
254 334
508 309
681 200
13 249
562 679
595 300
543 808
610 600
485 157
804 781
986 164
788 884
695 501
536 903
846 724
453 397
581 442
558 440
895 232
989 781
80 357
710 219
877 479
768 54
969 493
33 792
219 884
961 812
249 320
900 982
309 410
812 446
456 599
915 549
268 318
985 112
785 489
220 134
869 814
532 970
451 183
522 468
323 214
546 88
233 316
559 48
307 416
858 684
444 474
501 555
275 2
13 440
891 906
190 196
932 314
466 969
269 613
363 270
479 353
426 299
408 361
633 127
249 839
673 865
269 689
594 44
727 708
752 191
447 747
666 444
276 869
129 517
275 336
319 884
665 109
269 539
443 370
731 630
421 10
519 290
507 251
69 566
849 238
661 880
732 268
810 553
236 495
670 395
60 227
539 642
648 612
546 412
834 612
369 979
766 345
520 948
85 122
791 75
483 33
170 461
595 184
305 505
550 367
592 589
574 852
490 129
397 536
521 737
925 525
510 385
406 490
105 4
200 240
903 907
546 195
75 851
567 429
269 572
841 231
598 354
175 367
842 800
379 17
544 129
177 690
149 359
999 332
528 909
841 256
184 149
144 136
929 87
441 553
52 365
245 443
839 741
139 532
780 138
173 628
338 571
362 201
338 287
302 854
61 273
227 553
921 639
479 152
13 819
27 325
223 660
374 435
421 891
393 97
807 398
13 341
136 569
857 378
58 5
775 2
62 122
566 722
37 135
619 379
371 70
796 852
695 400
384 127
511 856
531 925
292 256
549 83
642 673
532 704
694 7
410 946
461 171
931 50
964 50
573 436
636 620
242 524
11 29
444 520
401 478
710 701
992 257
723 866
685 621
465 767
762 732
541 672
812 73
41 321
292 413
612 2
216 927
425 517
481 12
839 341
777 550
816 608
937 384
809 302
940 963
498 876
619 467
311 435
728 529
925 799
637 44
451 783
25 404
526 703
156 748
223 630
568 54
854 622
916 794
342 858
480 126
474 212
517 614
823 127
960 680
18 418
267 334
237 71
852 329
270 723
622 641
997 464
105 318
390 46
326 266
86 768
951 689
678 337
641 189
829 410
610 995
510 499
41 706
280 138
527 453
949 318
75 653
891 634
109 133
566 680
622 464
353 38
287 264
669 982
584 554
674 931
982 51
199 696
461 880
851 793
304 966
691 331
331 839
765 313
442 932
271 355
949 996
753 8
369 345
302 637
411 984
737 619
648 115
946 535
0 925
714 263
697 932
15 568
790 200
1 126
28 299
530 999
272 656
466 792
386 821
286 229
819 877
425 832
398 351
105 800
564 682
367 204
876 305
35 294
190 507
452 167
526 569
793 276
670 171
61 534
439 437
482 634
519 962
977 403
293 892
112 676
841 453
961 499
973 263
795 231
925 368
601 246
184 851
883 529
410 804
632 510
769 806
456 701
961 236
934 633
830 404
643 839
351 612
750 870
667 656
391 51
841 378
640 439
230 112
662 230
734 195
545 79
831 281
535 6
406 523
317 302
711 381
107 411
984 225
679 952
711 47
837 772
76 214
764 516
642 12
73 285
651 494
947 507
631 507
736 631
852 22
419 580
72 726
217 794
507 819
558 833
665 296
441 911
344 714
268 773
933 772
867 203
510 21
473 554
68 446
101 217
799 463
573 739
873 795
317 239
511 890
753 862
150 303
58 946
262 932
779 78
249 405
135 102
983 299
536 928
273 583
562 709
655 325
676 964
427 258
935 59
366 216
399 894
702 780
702 246
169 611
987 685
42 390
814 689
529 18
468 181
474 259
354 788
47 361
481 502
200 91
530 976
381 600
276 772
35 631
104 256
121 368
481 893
452 752
889 301
528 495
861 958
161 693
678 4
645 922
669 627
887 431
345 770
857 923
219 130
400 145
568 617
847 101
724 24
291 440
120 817
247 135
70 90
739 817
463 331
185 287
724 127
907 635
256 91
700 200
23 251
402 722
368 242
163 717
199 737
211 677
653 947
392 475
162 495
166 714
728 430
697 988
229 18
855 677
862 401
407 654
799 94
128 933
558 923
759 144
299 824
621 40
189 35
972 793
219 437
437 295
189 889
667 104
352 312
990 294
591 982
803 203
722 488
764 476
26 533
166 48
329 253
19 531
737 556
698 52
572 222
193 122
678 672
631 537
377 51
513 816
746 519
388 98
50 762
488 479
232 863
957 938
491 498
480 489
898 304
814 750
827 229
976 595
550 206
323 370
551 665
518 810
501 187
406 429
866 41
98 164
284 876
239 178
850 398
362 236
65 242
786 990
367 180
432 437
643 602
944 767
603 733
77 449
526 294
271 674
422 261
579 56
35 459
436 335
239 388
633 198
834 705
731 855
334 567
270 398
278 84
263 249
206 733
615 90
326 681
970 121
101 208
853 852
24 656
705 565
245 353
993 31
571 868
12 2
949 966
734 994
515 326
627 775
710 843
179 726
625 380
629 190
599 521
578 317
795 172
651 219
805 263
419 552
832 837
993 683
568 360
72 114
426 998
935 879
620 484
340 230
148 568
498 12
95 282
974 621
683 162
651 8
689 711
418 690
363 298
446 114
967 337
0 625
232 554
757 724
644 393
333 746
932 708
664 527
596 220
87 546
184 336
913 581
214 669
725 729
549 655
449 567
230 513
276 65
857 256
467 858
510 96
879 331
395 674
695 384
460 729
549 767
116 530
364 863
315 757
803 109
568 4
631 900
86 461
193 382
877 395
855 790
786 284
966 962
998 384
955 189
45 607
308 13
988 115
58 331
989 234
862 661
401 30
38 668
94 537
801 203
599 977
858 356
838 319
40 555
891 572
362 661
754 688
412 393
313 265
948 587
230 717
839 894
598 721
457 672
598 414
534 162
139 524
788 897
660 89
289 808
111 86
895 176
663 662
62 282
376 217
210 832
607 805
405 135
296 764
878 146
681 213
698 789
83 786
584 794
833 117
173 780
296 44
126 104
640 910
823 288
894 992
160 987
135 62
432 624
226 826
89 76
184 303
829 467
877 226
91 72
484 289
892 693
36 893
324 209
947 575
558 916
96 664
50 543
243 797
556 859
244 545
282 75
224 804
907 219
76 369
365 202
116 242
118 217
688 987
951 558
626 831
583 61
86 791
734 171
461 728
453 949
383 650
670 218
991 56
662 476
853 284
587 40
230 828
594 120
273 107
474 857
69 662
850 662
790 11
545 121
337 703
19 789
272 682
860 691
287 993
134 334
425 954
796 787
192 368
758 933
312 784
956 325
403 257
616 275
957 170
827 326
786 675
991 509
958 134
71 397
645 533
213 201
113 316
664 665
904 798
437 74
916 78
556 985
436 242
659 468
789 625
327 523
299 453
752 510
332 887
12 16
994 810
77 480
726 159
679 779
587 554
623 361
794 124
254 677
523 874
78 88
609 72
969 124
115 395
290 594
627 45
726 729
14 433
544 947
429 199
639 234
752 551
778 270
606 920
462 211
184 575
39 768
256 918
732 526
998 97
733 481
227 298
871 454
191 655
569 914
286 301
73 851
363 801
115 842
717 992
390 853
745 833
373 347
79 636
272 804
906 811
729 613
569 831
260 664
937 868
6 742
862 325
54 195
730 371
9 929
144 510
761 865
689 341
577 249
953 990
916 217
934 823
439 393
986 393
896 559
926 798
774 975
621 919
587 698
573 616
336 809
50 737
712 163
347 466
531 385
308 327
405 369
311 190
59 128
904 606
989 979
442 215
524 892
656 74
22 921
472 134
168 110
675 980
708 425
810 992
231 361
537 905
384 287
21 320
676 800
959 715
149 301
551 537
681 352
439 72
570 899
915 371
559 843
550 976
37 951
291 398
433 106
323 628
89 426
219 408
112 493
459 231
664 135
879 440
450 62
51 984
427 454
803 437
721 570
74 178
295 360
854 73
127 787
898 879
90 885
353 677
483 387
347 135
113 64
708 297
880 361
500 510
878 402
658 435
381 285
924 503
279 634
956 468
689 473
664 252
252 545
58 140
178 631
883 580
584 411
95 463
228 542
273 354
607 941
415 731
180 961
335 6
961 638
723 537
587 941
420 79
195 812
777 69
7 836
224 871
262 561
959 276
544 405
818 552
785 95
669 12
422 559
260 995
315 110
292 908
553 248
692 315
172 370
799 936
940 959
552 63
261 418
614 233
955 288
712 616
15 818
738 259
124 583
149 261
654 615
509 483
447 975
80 587
708 415
387 223
2 181
645 564
632 288
183 396
238 293
381 971
619 671
446 298
809 169
863 792
84 471
211 674
949 474
296 271
448 353
330 923
614 336
452 31
184 121
82 456
968 638
857 982
879 141
27 34
758 735
522 428
717 788
678 426
140 365
884 128
58 783
74 970
889 397
178 508
868 525
381 469
878 947
195 717
409 746
638 967
240 364
549 323
173 769
285 551
407 670
712 785
602 793
534 326
511 402
346 618
576 548
91 811
662 877
567 672
836 27
230 24
830 322
915 707
829 8
340 455
697 634
274 864
202 282
945 450
757 322
376 629
879 997
833 197
299 87
338 929
537 504
112 298
324 967
338 572
758 105
730 928
434 229
751 345
800 470
699 382
586 337
762 571
169 2
291 868
654 958
964 245
206 32
706 740
206 166
39 826
349 888
790 436
752 310
128 520
994 355
522 122
886 878
659 233
841 635
565 21
73 302
46 964
265 55
135 50
487 284
47 963
155 186
257 313
730 501
955 772
811 68
690 257
18 437
851 575
873 993
958 631
912 500
354 469
295 180
391 663
289 999
897 812
55 561
702 62
964 405
177 403
778 1
22 227
752 933
706 756
384 513
364 71
913 368
423 766
649 292
835 708
49 48
951 703
748 798
287 626
289 258
959 328
841 521
880 490
648 458
431 595
360 192
580 169
275 973
261 613
130 640
611 728
86 112
639 224
264 715
474 186
546 656
469 866
549 168
696 209
437 966
558 879
818 867
786 330
493 503
584 83
557 838
195 936
776 713
452 223
494 334
298 949
32 373
484 35
679 989
360 808
524 505
379 913
267 718
808 437
205 253
341 831
754 228
827 512
185 186
657 889
410 583
570 572
562 582
638 724
749 12
116 834
902 389
689 710
970 711
897 527
229 706
250 910
53 312
421 255
870 349
22 797
523 733
771 202
448 253
510 233
740 738
42 326
325 424
233 583
408 184
910 356
267 80
102 493
430 248
384 424
643 953
632 310
938 656
373 631
525 983
616 892
859 939
363 531
254 451
909 222
150 492
74 523
647 516
211 442
365 358
344 327
502 616
720 790
619 644
655 548
618 369
269 251
18 124
593 481
686 557
146 232
901 736
276 410
812 113
683 19
948 234
987 770
248 666
275 586
922 272
432 388
61 503
93 665
952 704
713 62
384 578
58 194
86 248
475 936
576 767
396 215
0 607
128 756
441 725
12 539
238 611
715 523
297 30
240 239
567 405
351 944
254 136
357 93
419 912
406 996
269 383
399 60
129 681
736 499
806 97
739 17
58 666
42 368
177 213
229 435
450 51
261 782
808 189
426 317
550 837
762 282
101 264
352 670
561 799
717 292
54 936
289 256
318 744
94 188
229 953
488 128
657 874
479 148
924 787
594 581
816 251
1 831
573 81
854 672
122 421
924 52
7 19
419 827
374 456
230 381
54 313
498 91
135 335
200 94
923 589
215 392
325 959
276 759
660 125
199 21
812 500
542 503
39 834
740 948
576 779
519 255
80 703
309 907
40 833
599 720
788 262
293 810
928 228
236 686
367 499
248 924
125 951
493 585
775 962
737 370
680 422
641 653
998 454
598 336
154 364
12 794
555 25
832 62
434 26
629 37
555 413
19 859
136 200
549 353
560 779
305 431
502 375
641 956
94 459
835 674
347 934
440 645
860 225
292 987
513 178
193 166
108 56
320 308
31 621
25 309
591 841
795 902
521 452
422 435
161 288
520 358
803 214
246 341
307 178
582 48
142 191
466 504
916 775
449 90
822 913
75 512
122 604
912 853
271 786
428 422
97 348
183 344
258 119
82 739
986 985
618 130
865 135
217 722
935 425
775 144
279 728
940 258
205 77
34 379
307 933
463 102
551 419
564 155
894 161
66 123
917 395
766 930
544 164
763 815
324 741
352 770
8 835
200 676
90 94
582 961
84 500
43 767
627 157
322 68
286 909
170 649
949 774
489 632
830 274
83 113
282 986
152 169
361 729
572 879
556 652
640 948
389 159
513 918
905 769
707 105
699 701
964 271
823 645
721 759
803 639
868 901
491 0
918 388
336 661
469 528
253 755
688 42
967 580
769 561
392 644
89 971
545 508
571 729
4 696
95 176
552 918
389 81
511 619
688 836
797 264
912 638
461 73
34 677
927 786
403 804
784 240
448 89
232 878
349 453
550 28
150 602
393 42
551 296
77 72
556 672
631 497
95 864
45 344
33 110
646 419
769 138
117 472
242 522
928 92
495 804
857 58
910 137
64 177
515 154
837 624
205 909
820 898
436 479
417 826
693 933
629 995
55 354
163 748
222 882
17 679
26 763
190 13
280 791
132 138
393 494
120 736
813 369
508 596
404 713
685 589
842 39
716 547
59 954
944 994
340 742
957 891
414 915
826 673
150 661
459 663
710 784
649 423
355 124
313 997
533 523
752 148
800 209
194 998
124 652
296 732
856 99
862 491
136 899
618 218
319 794
970 75
537 199
860 117
682 902
434 118
868 276
895 640
934 60
116 450
190 119
396 58
649 850
765 879
847 926
701 698
56 408
743 0
394 342
659 576
789 682
348 327
870 531
589 731
495 957
777 893
965 780
181 625
484 544
773 794
156 152
688 76
434 944
330 68
267 169
223 430
580 282
857 154
759 681
511 970
910 754
559 811
484 596
997 537
754 648
204 887
84 510
76 667
187 618
750 722
627 911
712 840
109 57
834 554
380 681
638 731
993 636
855 178
60 470
873 284
211 247
682 926
927 204
434 571
746 787
701 996
314 722
140 21
285 375
776 898
325 979
878 148
529 872
394 437
0 121
603 48
250 77
114 642
564 277
225 663
663 805
151 823
914 463
265 370
251 302
394 195
738 843
271 565
454 470
716 913
477 812
75 199
978 383
688 419
753 607
768 491
397 91
320 838
950 633
171 499
735 581
93 282
743 388
839 351
797 884
164 269
936 359
922 172
265 104
434 382
858 722
913 416
589 191
943 427
554 755
365 478
417 830
900 779
242 761
0 806
102 953
560 322
804 416
815 706
677 705
211 544
222 237
259 926
785 731
887 164
969 596
881 928
312 602
385 230
267 827
737 433
611 104
741 946
646 471
888 247
381 118
239 805
873 113
869 377
222 29
532 11
337 14
760 281
769 425
854 985
699 672
88 712
794 594
894 860
382 83
807 303
732 728
914 46
401 233
574 194
346 743
328 267
362 840
876 99
960 669
758 569
772 3
153 113
704 163
935 440
63 605
898 221
359 910
115 825
806 840
697 767
211 411
915 634
633 555
236 381
263 14
692 668
441 446
612 535
734 405
391 938
82 106
402 766
976 529
193 491
998 639
338 374
773 525
410 12
706 971
170 482
113 937
226 50
904 10
683 697
917 3
450 11
806 619
768 735
615 591
876 232
865 601
612 898
393 180
182 650
468 921
671 483
844 366
159 242
687 4
512 784
182 22
317 167
563 818
127 898
820 326
971 507
831 737
416 723
30 308
107 738
809 503
741 693
946 272
963 100
948 656
536 837
65 151
980 243
789 162
347 467
956 222
955 31
239 936
450 141
201 996
910 370
267 533
740 176
838 625
918 666
785 674
434 896
683 377
867 906
804 637
428 203
112 78
247 115
833 955
936 980
665 980
816 565
726 593
766 795
27 712
217 309
93 573
883 417
166 270
970 540
952 762
455 328
872 448
347 663
40 414
543 217
580 177
192 225
13 396
205 818
417 533
546 936
80 222
170 825
835 806
847 992
869 233
912 182
179 885
729 565
856 512
191 562
391 184
317 504
763 578
805 486
766 609
42 346
778 61
983 294
589 594
788 365
264 576
693 374
918 598
493 23
471 734
288 600
722 660
520 376
912 996
962 232
935 34
671 571
704 584
533 540
753 448
13 227
2 498
475 529
217 115
363 76
252 801
619 711
187 335
904 619
302 660
567 741
65 437
760 147
739 980
731 898
896 431
431 443
119 865
489 7
836 568
472 998
639 339
559 522
82 137
235 369
795 295
531 619
426 637
504 541
494 838
270 308
906 22
187 775
728 700
827 621
144 937
550 914
512 290
172 182
128 194
66 925
508 214
592 369
598 44
808 451
390 437
27 956
986 25
687 68
721 559
928 806
95 244
206 578
48 867
991 108
594 572
438 132
660 974
222 683
615 375
925 297
420 440
621 42
900 273
662 309
889 530
883 242
821 91
6 72
288 250
559 979
389 416
815 941
962 120
314 906
101 126
925 587
851 341
990 757
31 575
350 31
737 924
966 162
312 259
261 642
392 535
49 971
686 982
627 731
414 550
106 131
304 649
140 545
739 109
247 771
35 888
813 175
799 267
315 862
358 647
654 177
398 189
187 41
511 801
735 671
649 46
213 479
159 850
535 524
133 383
432 830
534 693
615 808
843 432
612 70
726 314
956 171
658 876
145 436
34 515
796 894
294 446
921 873
135 241
500 584
905 733
180 706
964 370
443 150
634 726
661 447
608 787
958 91
72 284
383 150
421 503
954 285
178 427
338 625
56 597
638 119
824 647
935 466
141 81
375 474
146 799
88 130
295 430
380 654
316 258
179 144
351 996
676 477
716 685
260 536
311 545
291 841
574 935
509 180
685 590
115 90
62 322
635 92
897 560
598 172
138 154
206 96
343 797
132 778
521 703
276 145
534 149
871 655
745 474
783 703
853 296
199 528
492 64
190 62
565 735
587 741
291 623
73 372
183 862
970 178
612 41
196 887
642 884
138 507
966 734
530 845
124 774
418 604
829 964
805 564
114 630
237 630
91 531
594 457
68 481
10 588
394 131
983 508
539 811
207 691
487 660
582 359
556 517
577 381
947 145
161 779
853 778
479 65
825 329
666 853
671 326
587 167
117 324
325 727
121 625
448 434
624 530
486 433
7 651
203 816
57 219
404 823
75 899
666 88
328 263
695 589
203 810
253 764
867 224
673 873
628 181
734 257
317 529
649 803
125 759
292 454
963 547
316 788
671 5
852 988
195 569
546 677
88 224
241 964
360 814
34 181
301 656
279 700
803 559
284 824
495 850
653 656
517 608
193 792
376 968
80 110
569 382
159 745
219 985
226 262
549 989
589 307
213 753
693 142
408 383
436 405
38 494
447 168
16 597
886 531
787 755
339 374
497 61
189 789
22 493
950 866
652 386
44 800
586 298
349 929
518 927
2 883
669 907
571 209
284 634
246 575
177 258
537 512
972 847
898 319
668 257
808 207
67 949
955 756
195 125
436 666
829 479
43 417
768 425
346 963
945 397
356 596
948 219
919 670
372 868
184 284
808 744
429 955
86 649
350 531
716 735
321 174
88 653
830 113
108 930
898 157
372 436
787 345
323 141
387 601
149 944
991 38
241 816
346 731
139 923
996 979
8 913
943 839
769 876
400 921
126 866
654 919
188 575
12 401
82 48
389 560
889 375
830 605
920 482
385 659
252 330
372 780
576 257
603 713
730 956
431 392
86 668
533 493
570 68
851 457
541 793
941 680
323 272
508 42
599 525
386 766
838 381
98 309
656 885
360 954
618 388
74 56
532 152
906 85
374 96
84 336
872 531
751 451
59 71
300 690
151 97
824 76
580 778
383 886
823 583
342 921
727 598
51 258
448 508
212 878
236 24
166 776
716 317
547 788
497 858
881 944
638 503
427 214
92 239
204 387
466 995
822 346
418 49
303 19
494 615
924 518
332 507
784 4
237 988
80 41
296 591
666 243
700 910
941 536
364 580
862 139
988 991
820 53
765 912
873 492
777 91
638 272
144 904
199 227
455 893
28 843
736 719
347 743
380 602
793 854
585 710
51 287
530 44
115 193
138 568
503 740
323 817
595 789
343 318
9 4
977 936
655 233
44 309
831 902
665 101
215 826
836 818
364 757
980 368
521 492
676 331
846 885
492 859
341 710
523 473
867 868
169 876
388 558
857 882
587 221
26 880
92 474
92 781
870 873
621 137
495 503
415 827
483 339
410 697
921 267
402 201
603 985
638 264
70 564
784 794
571 516
560 580
626 651
423 813
466 855
607 958
85 630
477 541
399 235
767 984
511 82
242 142
177 799
5 572
844 987
409 395
857 974
79 266
568 516
187 311
97 596
363 391
78 270
903 552
415 112
572 383
233 268
772 723
602 550
160 962
256 16
931 945
132 396
420 114
209 592
860 354
798 849
940 289
793 271
916 160
840 664
661 499
741 524
170 435
967 711
439 97
578 725
661 211
766 615
830 825
188 439
610 5
731 625
52 815
874 635
904 304
322 36
798 851
337 949
567 664
178 799
151 101
134 619
732 45
184 405
601 46
283 973
508 185
129 439
550 796
5 950
505 880
402 448
709 74
967 521
80 983
73 216
518 982
616 150
240 948
515 827
229 484
2 901
673 69
863 992
137 491
736 397
895 740
123 348
862 440
972 915
155 551
486 918
417 26
926 298
378 31
955 683
23 694
189 265
566 260
425 499
444 398
363 584
409 748
601 899
947 733
367 955
624 66
920 879
766 597
152 175
10 802
708 461
665 507
134 357
152 459
776 326
49 278
60 707
210 492
910 341
497 330
491 674
890 848
413 808
780 305
427 268
796 684
639 957
678 771
810 384
565 959
749 600
518 380
832 375
724 911
496 328
706 776
649 980
345 616
958 555
604 644
865 62
749 663
378 727
326 595
245 722
398 85
371 629
561 531
940 590
297 820
651 182
708 364
510 594
122 10
606 644
967 100
263 928
504 163
232 155
478 968
155 765
315 412
933 418
804 803
461 943
231 738
119 21
415 145
183 172
846 701
561 333
907 374
33 886
14 876
290 499
337 330
258 474
275 656
803 529
80 810
419 811
248 462
920 205
760 683
826 46
982 556
35 138
576 545
542 521
49 544
543 100
961 680
176 67
347 350
145 573
331 850
978 218
530 948
620 644
645 927
765 813
876 228
890 545
742 327
414 678
46 880
508 479
31 558
139 784
286 494
92 787
484 550
44 234
497 898
414 36
289 604
953 706
543 264
984 15
284 513
116 535
433 78
663 929
146 47
579 353
175 624
623 583
405 627
523 909
47 987
261 298
585 47
389 858
636 127
964 741
692 872
441 802
8 999
561 46
529 320
864 891
31 174
298 704
844 970
961 308
837 77
216 112
897 957
982 109
213 662
540 744
134 176
160 167
407 256
185 49
141 96
562 205
413 840
35 927
164 94
909 561
420 584
100 558
346 918
70 104
705 982
53 207
303 105
457 435
235 857
52 554
706 480
757 578
927 287
927 899
477 502
129 874
493 271
51 531
213 225
8 990
705 938
85 328
890 611
515 557
220 17
152 534
858 434
612 731
472 890
593 206
108 502
49 100
770 640
696 623
671 200
257 522
929 497
52 379
869 647
385 350
824 215
173 678
463 132
924 992
757 36
865 785
969 314
504 527
103 188
639 909
263 923
765 156
9 113
206 428
450 342
124 844
569 718
415 886
472 475
311 776
793 807
236 510
152 759
751 78
504 363
627 61
916 819
190 653
761 292
900 126
216 234
553 935
757 705
918 690
325 938
922 836
521 458
846 626
396 299
861 150
942 96
7 296
57 792
427 33
645 530
434 148
956 758
357 123
213 40
568 878
277 165
980 316
90 464
259 302
892 244
550 526
846 357
974 889
682 84
56 778
777 995
967 382
565 619
829 513
47 623
87 647
425 647
664 598
416 767
504 886
870 92
888 753
235 737
679 894
583 378
645 536
527 111
398 677
260 216
266 969
407 869
470 46
699 753
703 473
322 256
740 418
746 400
450 833
734 751
253 409
94 126
107 793
908 274
84 741
88 359
336 625
274 576
740 644
723 415
119 615
874 872
243 104
512 433
698 123
917 449
237 215
842 286
480 273
724 749
191 729
261 61
438 894
425 247
539 900
179 882
115 700
910 106
932 690
845 159
888 415
763 102
461 486
173 973
393 792
8 15
647 544
808 724
111 832
801 939
809 374
195 749
865 582
782 596
990 819
693 437
128 325
43 984
414 610
541 780
445 421
492 985
974 865
519 154
500 376
223 227
556 508
449 487
183 641
459 797
760 624
978 10
111 463
26 96
574 845
752 555
664 547
580 289
733 887
740 917
825 622
281 764
229 12
957 780
41 227
444 601
303 211
247 207
865 600
169 715
541 889
171 619
976 962
188 761
167 488
456 529
865 886
261 598
362 494
192 421
193 611
920 47
154 322
722 411
42 895
995 796
236 642
966 960
343 8
402 115
529 25
535 638
14 218
121 893
332 299
675 561
731 247
380 907
250 662
332 143
946 664
860 38
134 875
757 281
753 220
945 960
198 595
468 793
990 514
946 84
616 39
744 854
227 858
347 52
634 74
384 67
452 511
676 591
459 845
59 418
911 604
347 218
123 655
44 159
302 571
109 8
12 896
623 249
777 611
953 815
322 610
151 379
405 504
403 502
363 727
444 54
969 531
359 909
542 325
867 138
204 160
983 618
100 242
10 601
629 380
940 414
407 991
356 454
73 281
779 991
827 251
516 720
777 35
334 765
234 278
274 722
903 64
863 786
21 207
341 242
535 854
329 634
192 990
746 735
834 158
817 953
623 24
273 134
155 533
569 592
177 810
65 111
788 593
124 160
16 268
45 31
15 725
88 759
973 757
937 563
416 366
346 22
399 280
328 625
60 347
180 450
565 359
110 650
742 903
3 959
3 995
886 367
970 503
461 741
466 745
920 313
49 680
490 816
622 414
553 643
672 113
641 499
512 456
926 248
911 705
291 223
705 140
974 944
118 633
383 235
430 973
992 140
127 205
548 991
490 687
108 790
439 961
784 239
714 713
59 604
304 943
378 253
484 445
694 490
752 167
511 258
675 18
391 586
735 284
897 268
123 723
679 658
619 828
811 279
895 976
93 177
291 340
969 802
72 293
959 234
413 968
783 655
685 109
678 19
407 627
247 404
313 623
240 376
400 405
855 656
76 863
655 860
461 47
464 442
541 405
962 997
566 739
318 291
663 562
289 809
114 354
276 807
689 638
168 880
395 175
318 381
84 39
781 807
365 663
223 449
831 232
158 642
635 295
51 469
60 85
349 776
956 490
186 411
330 572
197 62
899 598
94 840
517 868
59 177
486 116
529 62
531 63
875 969
537 506
116 979
864 782
8 620
79 519
288 329
828 180
965 526
172 619
441 955
569 923
544 837
324 592
965 860
953 239
63 655
780 528
56 987
365 281
396 74
93 190
719 360
736 213
455 89
245 447
8 779
654 606
881 318
54 728
257 30
430 422
223 218
771 891
783 561
633 835
632 824
101 249
895 556
35 256
861 402
732 844
153 82
492 398
767 761
844 546
591 163
44 165
310 36
68 368
627 130
63 475
471 197
511 429
212 978
676 7
396 578
531 827
3 130
941 500
115 291
558 250
509 699
974 668
30 947
507 671
820 194
17 757
918 497
135 314
642 233
994 665
979 925
920 984
573 331
8 721
597 525
595 555
265 948
103 325
182 145
274 524
522 837
888 96
36 468
766 242
759 384
924 387
256 46
766 302
317 847
821 881
628 16
95 589
129 160
467 102
740 516
72 592
837 333
444 413
706 956
797 290
348 420
530 713
937 516
534 310
152 740
760 74
976 192
239 191
537 941
221 713
445 444
601 874
168 243
556 87
627 347
438 577
676 434
451 266
792 502
388 672
2 530
676 455
782 121
76 866
559 881
535 584
154 752
294 29
636 58
93 704
543 558
544 219
992 206
161 652
653 972
122 497
583 144
880 546
433 341
752 287
960 995
366 370
848 558
577 78
547 836
403 970
620 99
982 636
515 583
298 603
834 100
152 693
911 536
991 464
87 703
287 653
165 898
431 663
265 89
824 32
766 92
735 359
936 326
648 454
999 230
322 675
924 541
189 780
902 130
163 584
128 572
703 212
502 614
931 37
310 961
967 908
10 582
227 415
505 24
634 22
101 280
454 294
553 82
953 787
294 652
683 121
446 376
157 954
863 603
783 303
430 326
957 947
188 623
656 542
890 253
890 281
549 272
514 525
847 53
565 659
183 650
361 184
820 571
21 826
832 519
479 126
650 958
415 343
825 801
226 370
322 72
170 496
73 327
573 877
854 305
277 332
555 15
308 478
846 593
569 926
720 444
177 966
43 746
534 187
978 358
362 954
189 819
375 458
935 534
264 578
874 391
943 906
914 754
489 835
365 324
733 400
245 550
323 737
738 887
848 561
425 845
2 579
852 672
871 467
753 626
72 178
488 923
998 283
778 967
695 720
215 492
983 735
266 926
648 431
995 366
651 464
289 693
360 934
423 150
930 58
93 35
763 986
113 887
281 265
435 403
334 480
391 543
545 509
139 214
148 457
430 402
383 140
880 924
600 160
812 339
295 724
142 24
650 587
582 140
927 946
122 956
144 148
420 602
302 621
215 168
646 382
387 700
995 751
601 476
855 24
755 119
510 157
428 182
700 987
148 532
693 821
136 680
32 123
661 270
642 128
946 289
338 872
369 64
212 293
443 310
624 738
519 317
715 115
455 757
813 229
21 344
698 193
296 888
477 775
204 304
792 494
321 660
995 268
582 476
693 638
642 876
513 868
295 8
803 205
667 865
952 508
712 587
836 674
596 885
58 55
772 170
355 153
987 952
893 108
124 564
261 674
585 289
295 963
150 154
583 175
836 42
618 904
359 783
945 471
734 678
925 238
153 181
198 789
815 579
40 808
395 2
701 109
166 515
204 111
772 950
621 587
696 0
344 375
804 852
672 449
574 104
622 306
106 623
281 530
849 826
358 516
527 877
527 534
874 717
806 461
466 21
675 390
238 871
18 864
636 300
616 277
88 186
14 675
797 751
315 668
287 814
916 270
591 246
462 488
613 614
236 912
429 807
982 602
673 359
57 994
146 579
386 841
201 351
939 726
567 840
415 903
160 542
620 82
253 163
221 780
109 32
952 425
123 121
310 774
986 825
370 773
195 200
738 113
409 301
221 920
747 593
637 207
903 816
33 370
938 542
766 880
694 164
766 174
775 852
648 164
768 651
329 955
131 94
501 956
938 336
792 299
483 284
191 601
70 884
211 153
395 838
261 360
34 312
184 400
929 375
823 416
206 643
289 266
690 764
420 3
712 965
672 156
41 461
105 550
797 623
983 433
284 401
305 880
588 911
900 831
164 663
830 410
805 370
857 247
66 311
482 842
853 774
260 762
796 703
125 731
429 93
293 3
818 595
77 189
955 417
820 399
323 567
589 530
209 950
972 815
5 233
256 334
167 445
798 333
704 984
344 113
624 251
968 481
71 359
587 385
114 790
420 322
258 247
961 58
818 945
164 470
920 429
827 455
737 806
985 834
62 317
380 69
848 170
35 83
105 113
244 938
880 550
429 296
650 358
461 406
794 853
593 250
998 553
740 763
782 583
299 700
475 982
51 29
566 764
251 990
487 781
739 682
387 122
918 949
587 547
753 705
216 913
369 211
968 335
643 843
709 77
204 395
333 728
799 658
843 775
749 641
993 499
947 851
233 418
42 423
576 155
71 507
431 231
182 288
173 923
858 974
928 998
418 708
905 523
567 936
93 97
194 253
915 22
180 302
145 339
228 486
298 483
435 169
880 155
559 21
119 251
270 483
94 806
209 488
666 839
487 247
793 611
414 912
235 299
156 14
959 760
786 360
27 755
440 693
503 305
74 385
987 587
148 563
954 938
826 672
856 379
482 88
251 653
520 800
756 473
105 978
583 41
812 590
406 571
138 952
697 376
28 18
406 455
839 672
212 721
220 561
102 308
39 86
326 477
63 256
789 743
13 476
290 652
139 722
260 129
538 106
642 126
719 447
273 592
412 923
749 710
735 858
515 272
976 555
194 215
356 847
99 247
252 717
506 922
473 920
185 411
167 484
311 993
104 135
579 688
389 790
434 327
853 925
9 514
268 281
844 204
22 767
196 116
101 74
536 447
590 398
371 476
308 758
683 472
112 144
631 640
599 667
162 304
346 368
92 740
490 939
278 948
256 337
895 558
63 211
401 506
448 238
65 120
475 423
279 703
237 485
770 896
555 567
682 614
722 162
287 169
337 308
542 465
324 839
643 890
752 894
195 14
323 780
110 213
137 703
929 147
730 547
542 1
163 462
144 110
909 479
575 770
867 386
765 60
319 30
250 766
943 362
826 662
498 739
439 300
247 783
379 865
973 217
850 676
191 281
103 269
353 19
670 856
450 899
582 479
739 563
134 765
208 953
857 898
593 362
500 133
826 144
47 886
459 810
915 349
221 979
917 822
663 235
6 465
319 473
142 981
12 267
885 812
973 939
301 868
643 420
845 605
443 284
824 576
999 998
348 834
701 385
939 915
872 477
572 911
216 357
101 887
101 371
445 368
201 515
859 82
200 229
263 635
798 479
776 275
694 947
365 901
129 363
865 362
567 232
738 98
890 356
451 624
328 217
343 932
54 598
653 389
762 664
174 460
181 804
150 228
515 856
890 166
594 650
871 968
310 556
821 245
772 594
165 660
625 555
742 687
786 958
159 190
718 24
526 438
357 252
703 272
52 880
447 66
404 689
455 688
502 167
730 677
717 257
202 794
55 448
792 906
701 843
828 770
134 775
220 25
442 810
389 151
312 433
771 467
411 598
946 417
664 877
434 794
711 801
246 480
356 232
140 564
255 20
847 685
788 253
813 15
68 869
745 36
128 11
294 734
851 957
26 55
65 302
656 442
336 268
451 610
524 783
919 497
415 31
168 596
212 108
302 338
7 943
589 719
381 781
859 284
766 960
417 23
72 280
572 197
43 299
903 455
382 135
170 536
718 878
522 575
616 591
874 819
830 501
354 493
177 322
212 446
107 950
882 57
227 280
132 200
904 690
359 175
296 832
936 795
395 462
484 726
566 398
180 506
928 25
701 290
536 651
173 625
874 15
59 483
290 494
432 223
315 832
407 319
350 650
827 523
494 784
478 613
841 271
27 804
7 453
835 704
580 106
191 8
715 236
149 274
544 14
989 21
296 520
125 870
837 451
941 562
473 769
336 276
397 789
748 669
727 516
187 7
586 1
625 898
198 732
899 42
429 889
306 902
904 987
630 749
747 984
983 98
115 867
663 469
612 399
696 415
324 508
445 590
181 10
846 156
459 836
588 513
869 568
662 607
943 395
422 295
581 367
772 32
759 406
205 522
85 188
959 435
5 399
884 14
168 760
55 845
619 748
423 609
453 654
968 835
722 198
192 219
350 370
989 784
332 785
788 492
876 112
612 751
513 357
714 880
837 877
149 473
598 130
134 478
319 251
947 776
294 388
271 133
645 532
159 716
544 698
639 77
629 863
506 286
845 500
582 529
366 207
368 590
589 340
539 719
766 860
273 102
985 580
416 112
475 338
331 193
258 357
785 895
687 967
779 294
196 891
884 673
377 302
742 145
20 602
252 817
61 678
988 34
571 245
636 170
98 555
578 271
390 382
114 238
661 795
476 576
280 333
575 477
701 37
85 469
763 186
49 959
564 765
288 306
571 909
218 529
586 446
948 703
500 262
922 898
112 837
302 76
858 91
116 822
736 58
597 952
338 345
12 214
110 764
661 647
13 192
863 402
186 694
501 808
349 592
710 613
975 260
906 743
221 19
867 46
157 986
774 130
195 744
875 869
869 486
651 419
222 549
333 109
106 773
410 254
253 84
118 600
831 568
938 943
109 494
747 94
373 383
682 910
2 913
695 355
468 542
804 5
581 470
151 906
465 377
751 726
916 567
339 848
292 885
659 204
581 688
544 312
440 102
311 707
973 408
521 478
54 788
324 346
432 37
237 340
974 560
161 776
565 126
782 150
756 486
863 267
866 524
799 249
601 233
482 601
965 857
172 663
509 465
359 187
236 183
309 144
898 982
482 193
122 574
660 733
241 976
921 150
844 459
417 844
417 131
412 700
789 624
586 722
227 376
452 591
567 391
629 516
975 83
559 383
268 875
848 768
892 610
573 949
38 609
899 494
150 929
112 434
941 823
477 918
39 353
462 118
864 28
335 919
518 206
586 173
668 152
481 401
693 755
283 30
463 721
630 343
515 924
24 815
589 512
418 559
801 275
821 55
874 868
793 644
477 395
477 107
448 346
18 853
175 126
207 546
7 176
633 208
554 384
106 539
280 312
725 932
92 791
123 346
390 212
255 163
64 940
627 498
862 840
545 804
442 436
523 147
994 274
162 823
60 737
925 895
841 343
646 292
560 822
3 129
56 45
831 784
807 767
681 126
187 641
379 384
943 506
49 713
930 530
780 704
881 663
186 961
415 982
928 539
206 338
970 307
749 917
388 692
16 240
560 267
727 293
820 861
827 802
472 120
387 527
833 93
412 961
322 376
131 733
406 703
324 115
730 854
880 331
595 299
549 409
323 811
948 127
777 556
161 916
576 816
938 855
5 112
700 828
232 666
324 105
176 12
40 189
563 979
72 184
370 972
571 533
305 116
367 907
235 394
218 960
887 261
254 823
261 26
672 696
506 490
310 163
374 250
557 737
875 71
786 924
820 937
321 290
623 170
720 210
840 688
861 870
646 403
52 185
772 89
534 356
682 203
699 244
931 161
832 419
439 204
172 71
260 738
791 387
380 666
247 486
140 355
934 663
55 16
132 586
159 236
391 817
694 70
261 529
407 692
730 220
256 202
660 52
352 321
997 331
868 505
262 512
700 479
667 848
486 846
0 665
639 379
44 443
890 439
645 243
275 599
559 292
106 44
285 644
722 645
940 482
355 966
928 996
482 942
759 756
806 950
612 567
137 407
158 403
558 330
529 510
867 52
144 929
107 465
632 620
407 128
786 752
350 538
58 232
356 817
452 37
682 41
466 482
900 704
987 948
474 438
632 389
937 19
865 430
101 135
872 110
970 340
753 995
97 301
776 509
959 626
28 470
402 12
612 263
899 495
215 483
461 366
648 749
48 237
252 270
222 257
429 10
98 796
131 195
233 348
155 127
966 306
541 114
858 16
446 601
950 445
524 256
185 860
914 564
493 333
639 161
976 226
19 579
808 249
196 205
806 190
299 703
592 641
789 997
956 492
936 578
727 932
961 141
546 8
314 837
847 634
524 277
411 280
953 775
587 604
120 534
726 434
370 565
802 407
734 50
36 999
962 307
621 43
192 253
953 163
602 607
188 247
402 558
862 253
972 200
196 603
935 866
547 9
515 829
160 87
741 926
2 936
163 473
102 297
710 175
180 309
166 980
621 197
748 119
858 770
483 627
544 186
330 10
899 404
292 495
61 13
471 180
550 380
241 41
703 707
257 937
359 438
778 197
524 695
535 288
680 198
849 355
894 963
284 212
154 914
795 788
162 777
967 153
202 612
78 735
620 122
177 719
725 546
817 722
893 724
795 298
687 902
598 494
451 500
629 983
501 924
379 906
132 248
989 588
712 713
851 823
251 703
241 122
990 913
431 694
503 8
159 622
928 384
356 931
858 77
332 700
26 635
233 123
652 887
968 756
252 777
58 415
335 678
732 705
577 789
82 120
561 488
260 282
72 449
811 184
798 664
554 288
734 484
854 986
277 496
575 493
821 658
93 668
851 933
48 427
723 780
251 699
747 466
101 621
63 370
304 387
103 566
920 395
734 547
491 1
217 836
594 938
578 112
817 397
101 839
486 650
623 180
568 882
579 370
544 92
434 168
302 710
104 896
958 714
725 936
805 732
370 886
567 586
876 887
336 409
311 51
767 801
998 857
963 546
80 486
809 94
655 15
205 917
485 580
707 685
284 879
860 851
824 741
898 370
621 562
577 891
47 540
709 138
293 907
432 154
178 511
319 156
251 184
478 447
185 605
685 926
419 601
620 835
528 195
412 304
958 673
802 547
412 987
975 786
965 37
464 343
911 228
210 476
353 738
782 507
762 36
220 942
485 860
355 537
357 727
475 443
413 777
773 448
225 585
580 849
241 249
265 823
263 565
37 533
265 292
624 420
588 638
921 580
130 845
56 204
284 971
707 351
523 499
443 321
277 964
123 505
352 442
140 514
178 515
855 471
964 546
674 925
474 452
820 734
450 367
187 488
89 191
579 180
467 150
158 545
831 7
856 943
196 893
677 122
934 139
89 703
639 716
969 741
914 305
699 141
753 350
761 208
719 677
995 413
339 200
315 32
350 462
714 820
265 998
213 105
87 109
224 895
344 323
744 420
960 595
902 765
471 451
287 850
73 598
689 290
922 519
40829 2666 -1 -1 -1 -1 -1 -1 -1 -1 -1 8827 -1 -1 -1 -1 -1 -1 -1 53531 55622 -1 -1 -1 -1 -1 26525 -1 -1 56383 -1 24366 -1 -1 -1 12548 -1 44506 -1 -1 -1 -1 56078 -1 -1 -1 -1 -1 -1 -1 -1 27467 63177 -1 -1 -1 38568 -1 -1 -1 -1 -1 -1 -1 -1 14976 -1 -1 -1 -1 53289 -1 -1 -1 41737 -1 -1 -1 52229 -1 35569 -1 -1 -1 -1 -1 -1 19554 58581 -1 -1 -1 -1 3965 -1 -1 13870 -1 -1 -1 -1 -1 22898 -1 26804 35474 -1 -1 32162 -1 -1 -1 -1 -1 -1 -1 -1 -1 55093 -1 -1 -1 57214 -1 -1 -1 -1 -1 -1 53452 -1 -1 -1 -1 -1 -1 -1 -1 -1 -1 -1 -1 53257 -1 -1 28880 -1 -1 -1 20496 -1 -1 -1 -1 -1 -1 -1 -1 -1 28799 -1 -1 -1 46731 -1 -1 16372 -1 -1 44468 -1 -1 -1 28983 -1 -1 -1 43682 -1 -1 -1 -1 -1 42874 -1 -1 -1 -1 -1 -1 -1 57986 -1 -1 -1 -1 41893 -1 -1 47773 32753 -1 37077 -1 -1 -1 -1 -1 -1 -1 -1 -1 -1 -1 -1 -1 -1 -1 -1 -1 -1 -1 -1 -1 -1 -1 -1 17931 -1 18048 32626 -1 -1 61981 -1 35770 -1 -1 -1 -1 -1 -1 -1 -1 -1 -1 -1 -1 -1 -1 -1 -1 -1 -1 -1 -1 -1 -1 -1 -1 -1 -1 -1 -1 29565 52063 -1 -1 -1 -1 -1 -1 1272 63733 21086 -1 -1 -1 49341 -1 -1 -1 -1 -1 5508 -1 10622 -1 -1 -1 -1 -1 -1 38036 -1 -1 27876 26791 21551 -1 -1 -1 -1 -1 -1 -1 -1 -1 -1 -1 -1 -1 62973 32161 41980 -1 55733 -1 -1 -1 -1 -1 25806 -1 -1 -1 57121 -1 -1 25969 -1 -1 -1 42863 -1 -1 -1 -1 -1 -1 -1 41888 -1 -1 32696 -1 -1 -1 -1 -1 -1 -1 -1 -1 -1 -1 -1 -1 -1 -1 -1 4611 97 -1 -1 -1 -1 -1 -1 -1 -1 -1 -1 -1 -1 -1 60903 -1 -1 -1 62251 -1 -1 -1 -1 -1 -1 -1 23683 -1 -1 -1 -1 -1 -1 -1 -1 -1 -1 -1 45262 -1 11691 -1 25908 14626 -1 -1 -1 15976 -1 -1 -1 -1 -1 -1 47883 35635 -1 -1 -1 -1 -1 -1 -1 62875 -1 -1 -1 -1 30826 -1 24317 56461 -1 2028 -1 -1 -1 -1 -1 -1 -1 -1 -1 -1 -1 -1 -1 -1 -1 -1 -1 -1 -1 -1 -1 -1 10368 -1 -1 -1 31555 -1 21095 28584 -1 -1 -1 -1 -1 -1 3897 -1 -1 -1 -1 -1 45590 -1 -1 -1 -1 -1 -1 -1 -1 8465 37590 -1 34416 -1 -1 -1 -1 -1 -1 -1 -1 -1 -1 -1 6042 -1 -1 -1 -1 -1 -1 -1 -1 -1 36718 59037 -1 60314 -1 -1 28211 -1 31891 -1 -1 -1 29292 -1 54349 -1 -1 -1 -1 -1 -1 -1 -1 -1 -1 23578 -1 -1 -1 -1 -1 -1 -1 -1 -1 -1 -1 -1 -1 -1 2719 34691 -1 -1 -1 -1 53371 -1 -1 -1 -1 -1 63865 64041 12102 -1 62962 -1 -1 -1 -1 -1 -1 -1 -1 -1 -1 -1 -1 45552 63555 -1 -1 36504 -1 61027 -1 -1 -1 -1 1156 -1 -1 -1 -1 34860 -1 -1 -1 -1 32302 -1 -1 -1 -1 -1 -1 -1 -1 62423 -1 -1 -1 -1 -1 -1 -1 -1 -1 -1 -1 5682 -1 38469 -1 -1 -1 -1 -1 24444 -1 -1 -1 -1 -1 -1 -1 -1 -1 -1 -1 -1 -1 -1 45543 -1 -1 -1 -1 -1 -1 -1 -1 -1 -1 35901 -1 -1 -1 -1 -1 -1 -1 -1 -1 -1 -1 34994 -1 -1 -1 12266 -1 -1 -1 3111 -1 -1 -1 -1 -1 -1 -1 -1 -1 -1 31532 43000 -1 -1 -1 29282 -1 53254 -1 42565 6711 -1 3987 59237 -1 -1 -1 -1 -1 49477 33010 -1 33483 -1 -1 -1 -1 -1 -1 -1 -1 -1 -1 -1 40838 -1 -1 -1 65255 -1 -1 -1 -1 22226 -1 -1 -1 50029 -1 -1 -1 -1 -1 -1 -1 -1 -1 53351 -1 30974 -1 -1 -1 -1 -1 -1 -1 -1 -1 58517 -1 -1 -1 -1 -1 -1 -1 -1 -1 -1 -1 -1 -1 -1 -1 -1 2162 16267 -1 -1 -1 -1 -1 -1 -1 -1 -1 -1 -1 -1 48741 -1 -1 -1 6377 44769 -1 -1 35382 -1 -1 -1 -1 -1 -1 34079 54518 -1 46757 -1 -1 -1 -1 -1 -1 -1 51680 -1 -1 -1 -1 -1 -1 12826 -1 -1 -1 -1 -1 -1 55752 -1 -1 -1 -1 -1 -1 -1 -1 -1 -1 31553 -1 -1 -1 -1 -1 -1 -1 -1 -1 -1 -1 -1 -1 -1 48964 -1 35675 8636 11626 -1 32792 -1 57251 52981 -1 -1 -1 -1 -1 -1 28753 44006 -1 -1 -1 -1 -1 -1 -1 30376 -1 15122 -1 6269 62882 -1 -1 -1 33748 -1 15011 -1 -1 -1 -1 -1 -1 -1 2261 -1 -1 -1 -1 -1 43172 39866 -1 -1 -1 34042 -1 -1 -1 47109 -1 4758 -1 -1 -1 19610 -1 -1 -1 -1 -1 63669 55177 -1 39307 -1 -1 -1 -1 -1 -1 -1 -1 -1 -1 -1 -1 43353 -1 -1 -1 -1 -1 -1 -1 -1 -1 -1 43239 -1 -1 -1 -1 -1 -1 -1 -1 928 -1 -1 -1 -1 -1 -1 -1 -1 17238 -1 43930 51386 -1 38451 -1 -1 -1 -1 -1 26804 40565 -1 -1 -1 -1 -1 -1 -1 -1 -1 -1 -1 62722 -1 13048 -1 -1 -1
8
0 353 15 684 6
0 185 14 932 2
1 874 12 230 3
1 672 10 40 9
1 59 11 180 11
0 208 1 889 1
1 229 15 835 10
1 643 11 942 8
