1000 5000
681 598
876 27
748 440
179 772
828 100
289 826
202 45
557 472
71 217
29 414
997 317
37 388
624 834
403 417
967 140
402 202
296 416
752 394
82 807
634 472
784 781
979 459
176 258
321 186
6 729
265 834
39 464
670 401
354 886
210 775
184 571
876 71
622 159
569 546
346 785
868 191
951 760
909 751
396 111
835 431
473 95
664 26
347 294
903 228
883 318
133 527
732 807
437 182
322 254
326 868
672 386
77 429
928 288
616 614
33 8
532 908
81 498
463 323
619 190
661 357
943 83
261 907
325 42
734 499
418 425
980 956
643 315
783 223
566 212
217 998
149 413
380 971
758 64
962 553
486 141
432 32
269 537
93 993
484 126
421 514
592 136
890 182
976 235
74 278
694 47
427 360
230 894
159 935
945 932
355 154
531 65
642 381
478 759
650 513
633 278
105 849
309 439
713 446
80 19
61 40
111 2
654 196
221 943
176 794
103 226
71 46
635 15
575 887
361 888
728 700
218 755
258 253
614 267
851 210
832 82
745 960
559 76
656 736
995 524
282 568
239 647
927 41
708 369
235 365
897 678
37 998
215 666
542 31
219 819
84 185
440 863
471 902
554 735
156 98
850 988
199 859
990 396
398 934
835 8
602 140
61 418
462 440
225 784
312 72
679 319
507 164
70 45
68 170
488 28
512 193
797 169
821 585
619 759
412 317
831 836
59 539
960 452
874 615
545 366
476 530
907 301
74 185
110 92
974 194
577 144
884 354
960 639
442 266
577 782
587 856
707 829
861 675
979 253
134 646
982 580
25 352
735 200
663 67
313 996
238 355
431 428
435 698
618 959
963 84
647 950
972 169
917 91
885 747
851 678
367 988
201 337
5 481
555 316
601 58
127 182
471 417
609 260
227 335
252 935
106 319
460 823
938 639
510 67
326 862
798 961
269 580
519 321
759 106
12 601
61 953
85 968
777 323
631 921
60 894
279 469
757 948
139 641
84 581
783 826
514 269
176 823
227 505
843 172
271 811
737 167
658 499
897 222
258 28
779 781
573 684
419 816
986 703
818 206
594 248
804 469
67 476
124 536
489 546
903 143
258 185
248 863
900 672
44 147
594 959
780 575
421 61
129 397
434 714
220 547
575 243
184 834
490 988
756 489
344 290
446 174
80 6
684 863
6 54
163 445
845 851
335 548
774 538
686 575
222 11
366 668
819 101
229 121
897 255
521 34
287 754
592 105
983 392
271 279
514 814
345 924
882 565
482 927
580 420
411 247
313 569
428 996
283 851
448 369
116 359
355 837
472 494
605 653
481 576
295 148
792 450
257 407
121 115
717 920
741 347
824 446
899 128
87 40
124 768
436 595
682 392
299 566
588 507
43 502
806 468
451 763
435 819
149 812
506 887
502 908
830 716
143 857
935 154
984 998
521 492
613 670
461 459
741 399
146 200
78 4
206 399
823 458
501 527
195 49
694 985
291 934
762 105
500 878
51 784
860 777
60 466
976 719
743 917
668 429
743 254
39 424
451 851
958 104
324 759
616 210
978 893
507 245
994 345
549 740
202 273
617 84
591 689
151 578
882 724
421 399
49 889
673 703
35 445
245 431
743 690
111 824
207 249
463 282
448 285
765 592
561 727
810 599
56 375
834 652
22 663
841 235
547 859
964 234
393 594
729 490
611 153
846 819
482 414
844 34
44 81
386 942
499 381
534 910
739 198
142 385
367 631
730 612
95 657
990 769
844 108
211 951
928 918
19 98
924 104
654 76
939 505
964 294
179 203
191 767
825 836
678 983
692 657
123 753
647 750
72 793
278 601
676 188
773 90
742 688
744 799
150 749
855 618
479 294
913 918
608 580
430 9
797 651
427 791
874 533
325 117
133 2
258 62
200 189
614 394
555 984
552 248
24 227
124 44
546 235
370 299
665 102
819 284
963 37
260 635
934 208
68 651
262 662
756 791
943 836
100 544
87 411
561 904
842 850
547 623
696 313
158 526
983 564
277 400
169 126
503 215
954 211
409 905
428 601
42 339
723 810
170 702
263 640
377 1
585 350
917 874
273 47
342 624
899 621
293 443
275 768
345 325
799 602
756 863
88 222
594 148
139 759
887 849
731 930
996 888
614 399
233 759
945 133
940 718
525 745
403 885
819 155
721 128
302 893
818 916
826 706
763 731
278 906
763 639
521 110
231 813
284 609
264 535
617 777
395 195
538 84
615 654
271 767
760 671
127 895
965 562
931 469
16 59
21 549
882 173
301 878
581 500
942 350
414 774
876 364
752 720
869 819
998 88
888 370
921 760
417 11
172 158
209 611
375 765
832 716
925 98
382 290
759 723
735 258
511 600
435 973
678 658
443 56
773 70
503 285
390 604
665 277
277 530
124 153
56 155
477 401
745 621
453 395
342 550
236 346
675 76
386 414
765 517
439 519
687 536
754 542
655 841
54 173
762 101
957 262
30 679
932 697
182 799
784 939
32 632
799 322
911 201
98 712
890 169
354 530
986 725
398 877
502 209
707 67
663 44
991 335
228 962
477 216
985 430
370 743
37 59
555 754
110 160
898 268
273 676
115 517
106 469
719 609
662 325
536 142
614 813
831 902
848 863
113 775
276 884
296 773
403 232
343 345
483 988
203 739
747 46
45 760
67 120
2 3
484 190
884 483
410 294
492 472
50 4
336 683
338 720
412 388
482 737
385 519
483 618
829 960
830 534
352 258
236 814
400 564
662 269
49 43
283 840
367 637
513 924
731 211
301 191
993 921
618 409
819 563
55 287
326 213
863 669
921 62
510 573
66 766
875 207
855 854
17 335
443 562
985 227
817 56
250 449
76 349
396 85
601 764
909 184
22 828
428 79
916 686
655 49
212 174
369 200
217 236
816 89
733 60
42 494
503 809
901 693
715 385
992 673
229 762
252 599
189 696
483 345
273 746
986 240
788 279
318 601
995 764
83 490
861 707
432 377
153 613
199 749
673 401
424 934
62 140
90 674
636 135
371 526
193 850
821 19
537 651
560 719
49 520
460 221
682 447
444 15
297 25
494 136
123 318
64 65
582 426
219 33
321 564
478 845
127 993
173 507
251 6
385 545
667 407
823 702
67 834
386 550
233 734
235 393
270 651
534 783
754 415
960 34
390 681
435 907
214 455
175 525
678 849
529 981
492 731
525 487
566 931
842 720
101 872
161 839
102 903
750 219
395 93
205 33
555 501
546 741
524 701
620 114
402 264
54 293
827 194
504 653
605 682
531 291
944 135
302 913
532 733
361 175
819 469
666 147
615 883
40 313
458 685
400 469
296 29
936 939
930 841
841 15
249 133
997 488
654 854
227 832
2 601
858 897
605 308
316 493
745 743
626 949
599 478
532 874
880 677
138 831
533 225
336 384
579 736
741 231
808 21
697 280
502 123
704 1
74 574
356 237
856 880
797 538
298 611
784 519
824 110
655 559
173 65
504 57
130 473
972 409
925 842
894 345
990 63
326 665
33 879
574 208
940 864
83 135
975 567
677 233
872 747
459 826
882 32
807 580
218 420
722 315
530 822
926 803
309 4
710 141
639 419
19 514
111 603
610 327
443 992
761 77
861 919
297 157
465 124
907 811
72 523
33 396
21 857
988 877
492 890
506 755
824 465
436 889
735 761
855 293
388 773
832 486
206 498
529 142
241 882
427 551
341 547
750 895
173 369
248 707
838 417
117 700
718 663
129 511
217 417
818 983
161 391
771 5
482 102
425 634
324 786
930 545
209 49
215 870
807 68
374 632
48 230
319 762
537 554
223 291
662 656
245 66
432 569
667 847
695 14
563 182
358 936
447 709
512 839
366 715
711 195
994 737
766 411
932 170
342 483
446 710
243 545
40 358
872 40
243 824
116 460
258 892
989 814
374 286
455 406
492 427
463 578
791 835
950 857
377 65
754 79
697 373
101 44
216 696
95 846
200 694
668 948
569 902
96 133
951 708
317 962
773 138
238 208
720 285
18 65
219 278
332 149
158 941
850 144
110 282
784 372
922 358
863 408
488 3
51 973
893 656
404 793
177 276
330 826
156 647
802 22
752 650
165 585
507 705
832 831
476 344
719 777
820 288
935 323
52 735
748 345
88 498
276 133
492 765
316 793
901 422
320 950
527 96
654 652
421 764
430 614
499 375
72 279
524 686
207 220
968 697
458 312
408 430
646 472
756 245
531 400
148 525
449 294
771 548
623 93
852 185
561 495
582 286
2 680
525 122
337 81
955 347
969 429
73 8
914 892
191 390
788 44
499 222
838 327
208 753
110 745
47 307
291 631
735 99
414 37
427 848
174 449
198 273
210 798
536 320
778 357
84 870
218 137
430 358
457 806
303 93
31 671
494 142
509 709
87 479
594 397
56 180
279 849
9 130
824 431
565 908
42 71
513 735
390 690
760 767
591 34
88 146
543 716
716 473
773 535
751 439
124 828
464 1
578 778
531 237
420 199
488 417
581 439
886 906
375 335
767 762
59 627
573 176
249 978
218 833
204 4
235 487
945 810
788 241
504 255
483 516
343 82
907 30
664 90
143 155
335 721
997 776
727 992
265 579
191 215
481 725
70 940
162 131
71 640
319 227
188 177
812 470
258 546
629 623
247 920
860 190
102 320
6 686
702 665
11 268
292 546
479 232
274 785
16 902
887 137
821 717
458 101
588 459
129 994
398 839
831 479
885 472
584 9
718 425
588 606
38 389
679 815
220 51
526 447
519 866
511 582
954 760
528 920
807 832
73 136
5 848
661 856
111 362
631 363
107 678
524 871
377 597
500 854
513 453
567 475
439 170
963 305
761 952
896 69
806 121
703 805
784 26
69 2
410 887
298 360
133 626
559 668
288 352
764 659
128 875
204 104
339 921
976 59
738 196
272 312
384 705
794 549
457 36
60 671
264 843
351 527
886 150
704 527
91 66
586 888
962 322
950 81
947 722
96 182
78 215
99 863
247 348
674 827
848 307
999 905
433 984
790 671
929 635
288 765
476 433
879 556
172 816
654 677
124 94
703 52
588 970
308 506
917 544
466 767
982 891
811 109
133 523
363 225
230 75
412 481
192 694
398 64
172 459
307 661
324 462
594 104
716 333
584 247
774 419
493 662
385 270
60 949
643 205
921 833
339 297
450 16
178 448
277 617
379 445
986 362
750 716
251 48
670 861
166 446
729 64
210 647
242 97
635 918
315 989
492 194
140 974
152 506
96 855
698 375
216 28
876 671
179 863
771 91
614 136
913 2
532 553
804 448
702 145
526 356
983 146
759 749
451 284
439 419
950 861
67 742
401 774
350 648
507 280
455 242
27 559
341 267
153 490
514 561
360 946
808 923
757 893
205 722
399 834
624 708
443 974
422 177
111 195
769 371
141 129
780 318
931 136
890 259
94 330
887 94
992 320
924 533
258 268
19 805
741 681
600 373
437 992
197 937
929 234
450 158
224 345
169 786
10 613
759 49
658 248
298 83
471 394
341 654
686 820
105 134
608 325
912 299
476 445
83 300
884 875
474 953
188 267
259 362
363 895
910 877
294 124
628 195
957 961
564 18
898 33
115 363
310 629
920 403
152 630
726 913
942 938
101 271
849 88
978 949
425 968
579 718
576 377
533 394
464 765
417 802
113 512
868 523
169 125
304 570
112 540
418 704
9 556
360 910
372 495
12 465
705 937
78 971
77 219
226 574
91 88
631 202
860 231
535 141
611 265
663 208
162 53
825 954
895 891
959 113
534 21
153 792
160 142
723 29
648 847
486 915
930 452
869 607
880 811
412 705
7 556
897 118
193 518
170 672
386 210
111 188
202 41
852 797
324 722
303 951
927 247
848 831
73 592
538 930
3 966
168 527
727 818
336 581
293 46
227 715
202 698
838 958
543 361
267 821
573 82
268 917
435 911
639 326
759 601
962 19
960 322
270 149
743 626
441 734
673 953
647 819
181 703
200 588
880 913
50 768
856 875
706 811
41 875
224 21
311 446
857 429
625 947
323 229
244 883
298 565
858 12
102 237
276 226
0 389
111 879
624 595
994 689
586 124
919 696
130 623
738 868
671 9
97 452
589 921
800 8
577 849
560 404
492 186
728 584
923 325
97 623
53 489
214 29
156 62
71 651
677 44
507 539
659 264
305 773
850 297
801 840
144 152
194 533
139 31
124 448
618 287
563 509
555 640
451 165
280 610
230 770
309 563
310 880
349 828
800 884
388 222
364 406
487 944
352 589
441 505
105 458
694 903
81 905
863 386
528 437
732 85
915 365
348 195
709 205
195 35
139 636
589 305
441 76
291 716
542 943
69 352
705 743
724 36
560 811
527 769
820 670
638 793
476 267
766 3
368 792
902 148
89 856
354 775
865 430
883 400
790 942
910 274
291 810
327 222
753 623
420 954
615 91
965 677
13 374
431 252
19 688
484 369
413 326
525 852
682 535
316 179
314 394
138 210
178 653
370 141
334 698
442 597
441 659
10 387
860 657
987 633
975 842
209 119
792 99
334 842
870 933
143 765
578 432
482 7
102 697
656 897
480 861
148 840
460 796
802 944
598 655
172 28
380 682
851 162
18 510
655 47
861 967
43 767
187 896
879 789
220 565
242 567
511 139
833 78
824 168
944 734
631 32
486 299
263 582
546 523
754 930
907 524
431 95
903 880
960 990
109 242
357 846
840 404
343 198
986 704
802 334
292 86
72 446
779 694
543 936
344 320
744 194
31 919
333 538
461 120
864 647
781 995
776 769
930 667
628 878
756 613
149 692
544 241
337 874
568 591
12 135
947 699
637 872
830 591
98 189
462 80
568 682
11 596
713 823
665 21
86 407
769 359
20 726
168 398
482 508
592 35
761 224
235 515
810 288
711 878
30 419
42 251
400 960
493 255
197 991
938 553
993 531
935 157
829 285
574 846
536 187
247 589
928 306
216 61
934 289
475 346
787 551
754 316
263 665
699 523
432 670
53 266
153 691
974 944
240 216
578 277
203 497
11 250
913 789
119 712
173 990
753 251
545 271
668 914
880 379
989 312
140 836
182 647
876 162
967 366
238 964
534 952
382 412
626 755
405 76
93 182
937 567
702 478
275 355
713 859
212 885
197 830
616 117
342 75
148 429
716 404
606 156
363 805
253 22
38 986
290 744
189 429
16 329
871 270
723 419
443 971
508 61
825 857
818 225
748 628
411 870
242 682
759 250
172 583
87 384
666 267
249 489
730 617
922 879
562 8
503 444
302 480
90 586
11 695
448 498
136 992
765 272
172 866
161 245
713 716
163 849
566 510
338 38
252 561
884 455
617 772
305 980
236 910
753 421
479 139
744 693
782 682
609 64
931 392
290 218
925 993
882 415
197 666
686 997
865 551
837 544
837 528
11 539
477 781
325 955
313 397
20 55
135 393
151 968
945 656
745 155
420 808
140 353
207 437
500 609
864 205
319 662
901 815
523 103
515 727
30 252
617 194
400 969
565 789
481 172
978 336
98 980
293 190
731 824
159 989
633 883
822 399
437 721
917 247
126 537
896 796
187 780
315 585
393 385
58 710
640 950
494 740
397 493
284 536
569 521
31 700
870 395
504 236
602 524
366 71
212 311
902 451
854 460
749 49
416 742
146 625
570 272
85 809
187 80
833 863
425 768
472 398
940 341
998 889
881 993
125 819
300 621
644 124
406 468
573 219
488 811
555 86
813 305
550 771
679 387
906 350
163 107
877 426
850 965
617 870
712 798
254 886
578 502
871 189
86 256
199 44
83 139
668 331
220 181
427 43
740 683
564 78
433 346
807 257
749 288
182 353
274 73
867 201
127 874
515 561
237 394
594 774
128 380
431 977
33 311
274 585
714 780
182 735
281 717
254 395
970 965
894 667
483 244
302 381
31 354
75 377
542 717
418 900
127 556
601 917
119 921
287 890
874 228
782 463
668 712
326 418
941 668
409 547
266 761
2 367
12 668
544 222
994 760
757 743
674 3
474 807
741 185
543 636
323 929
45 812
743 907
472 461
333 89
677 241
430 911
106 441
783 225
388 512
392 615
933 579
798 406
993 376
49 885
406 679
187 303
858 0
436 120
775 751
852 818
650 415
720 142
888 894
303 397
143 813
333 816
155 20
57 909
831 79
46 15
843 870
783 742
666 564
921 288
784 651
323 728
77 789
687 460
149 416
18 522
430 851
784 796
908 485
181 530
385 677
460 948
712 126
254 70
194 708
435 65
207 219
376 354
590 891
808 935
927 723
346 94
923 342
285 689
93 576
812 362
344 505
890 659
863 658
472 891
116 504
248 415
886 445
631 646
618 366
592 716
470 659
305 888
391 785
341 438
261 147
582 853
614 801
366 59
555 516
472 136
309 926
357 273
397 759
94 531
436 348
256 678
55 905
921 23
573 306
997 47
991 777
588 694
932 221
155 629
862 42
621 369
492 551
775 107
445 179
498 960
582 571
42 950
61 398
80 185
305 650
558 819
782 973
21 122
300 763
39 316
446 841
263 334
238 968
317 866
40 956
666 265
631 92
111 91
237 987
6 462
252 636
726 207
628 586
352 945
675 351
283 757
225 545
271 935
144 242
299 891
290 276
433 1
87 746
176 657
133 651
388 595
501 308
433 198
222 643
55 407
495 122
889 189
665 9
582 550
488 19
785 909
970 343
865 702
29 885
18 36
171 633
583 774
247 154
579 979
101 145
155 665
174 928
558 918
652 467
581 917
82 154
18 719
468 404
947 3
985 872
49 974
570 471
776 672
342 324
61 23
463 473
750 902
729 201
41 709
217 785
919 18
554 356
57 102
157 39
519 874
893 986
193 297
460 734
430 859
700 636
875 833
178 438
639 680
154 941
147 31
129 804
229 3
443 475
25 709
237 864
405 88
452 553
723 361
758 154
564 225
219 66
34 393
194 592
381 914
236 333
694 140
432 947
903 149
669 613
795 384
220 643
145 863
464 503
701 490
805 505
18 237
744 497
137 491
728 254
611 900
455 182
367 997
952 868
511 874
262 876
188 212
385 258
22 407
696 739
956 328
551 388
735 623
34 700
958 636
496 408
163 386
802 418
305 684
601 796
23 996
590 268
480 305
172 297
785 772
155 782
688 923
608 634
869 389
832 374
129 452
479 404
761 858
722 69
853 572
908 562
503 235
839 559
94 714
612 678
184 839
406 476
793 266
332 402
674 166
559 321
718 300
215 138
975 649
745 22
975 10
483 886
972 698
662 105
732 826
593 9
565 318
292 57
422 245
360 354
493 598
726 484
917 451
381 665
674 906
923 286
268 993
619 675
368 878
837 393
307 333
386 591
287 347
957 977
498 191
103 832
167 767
308 65
446 909
962 282
219 766
59 274
874 85
519 329
423 422
798 147
941 67
411 359
297 347
321 443
793 603
456 28
196 533
341 809
465 798
976 44
841 17
641 379
620 815
66 27
912 885
955 524
354 285
559 773
333 684
341 417
172 578
858 940
631 897
378 229
458 92
570 127
717 162
716 650
373 522
919 884
673 236
904 590
739 383
915 966
529 806
126 651
310 504
6 872
452 858
174 490
104 411
468 318
824 984
989 69
356 984
542 35
151 790
957 486
503 602
427 266
672 803
517 405
269 634
665 405
834 866
642 680
827 429
493 190
951 865
817 208
996 86
963 598
534 361
354 542
994 815
894 8
107 32
361 802
641 335
84 31
375 907
154 491
403 962
830 742
336 952
521 823
689 202
812 52
848 265
910 123
610 204
915 4
266 410
813 822
206 902
582 568
97 447
762 834
926 444
629 745
942 273
336 161
497 983
191 556
303 222
149 221
42 530
398 666
366 199
54 301
964 726
808 259
60 181
330 345
253 207
872 374
224 568
108 801
364 773
685 456
22 240
163 994
466 382
318 608
965 423
198 533
261 576
281 304
769 679
279 596
512 795
349 257
621 225
940 61
71 884
123 715
973 940
381 278
304 771
944 272
645 725
79 306
670 135
920 34
914 928
693 141
732 631
466 784
787 514
137 13
342 571
332 930
481 545
750 640
741 703
159 277
757 422
129 820
887 119
55 402
910 913
467 526
654 272
444 772
57 600
186 8
684 11
500 714
324 656
844 363
986 550
783 971
997 246
101 818
564 530
336 30
821 848
640 59
834 909
269 638
818 717
263 835
381 327
274 110
963 835
483 627
895 449
543 733
642 108
429 749
795 462
303 653
944 575
708 545
45 265
256 871
20 361
810 696
513 44
278 551
572 809
117 452
667 773
359 698
750 169
605 402
207 526
638 403
237 835
386 132
747 281
672 450
695 228
111 673
30 560
259 345
545 352
430 881
302 539
942 987
171 825
68 515
483 81
993 187
133 351
234 951
758 673
700 557
451 872
722 193
261 289
964 588
419 527
291 519
485 44
149 372
778 662
554 740
392 630
559 843
271 8
107 466
998 15
404 862
415 624
453 944
481 459
537 798
489 439
30 827
440 743
804 553
321 697
887 769
718 916
211 285
100 788
726 712
763 736
734 240
653 440
375 917
716 213
226 948
104 580
493 537
763 540
775 673
887 549
463 265
144 635
523 179
275 435
523 132
598 911
982 791
186 809
326 111
640 335
104 291
450 264
856 576
764 458
466 177
33 468
24 980
613 654
618 679
247 789
145 779
594 979
872 800
302 64
928 775
123 897
416 35
171 562
496 938
449 867
316 462
460 402
490 610
327 667
515 528
460 449
779 31
909 404
873 560
390 755
262 762
781 418
900 990
865 595
541 455
28 84
274 873
397 708
95 580
783 54
285 61
434 257
775 505
633 281
454 140
130 619
59 840
292 192
746 866
208 5
117 866
982 668
157 231
124 415
244 862
409 98
409 740
979 896
24 217
110 157
330 198
850 36
60 361
483 477
701 542
304 899
68 818
981 431
721 367
428 192
4 87
18 32
522 766
680 524
20 564
826 183
931 100
878 336
719 597
469 552
668 546
647 712
961 441
93 121
271 242
446 71
733 516
130 662
966 338
984 679
217 79
445 966
753 171
553 11
367 104
380 441
666 183
640 247
307 290
718 930
674 838
135 179
895 830
792 644
276 925
814 524
153 262
162 734
462 966
606 545
116 854
732 47
918 809
637 247
988 962
146 193
69 12
978 789
778 561
623 477
836 482
168 491
718 213
750 9
581 165
87 436
747 517
304 315
768 576
853 799
648 710
783 368
250 84
470 88
802 695
733 343
740 291
878 749
465 689
585 390
507 642
747 990
76 657
756 843
689 51
760 20
884 219
384 628
206 890
361 599
231 745
205 81
787 50
909 231
265 555
702 744
8 555
805 977
381 707
706 58
122 747
332 747
160 567
470 380
268 486
307 40
543 979
931 45
86 946
629 461
980 501
930 494
203 401
374 578
38 188
235 741
231 6
728 378
872 410
711 865
881 457
486 936
985 603
587 398
201 797
734 731
995 883
844 357
7 531
143 390
712 348
491 400
927 640
137 707
855 665
920 67
16 409
486 458
695 799
524 810
117 459
847 607
674 756
306 173
248 876
78 222
246 718
709 96
743 519
830 902
615 305
883 844
725 60
74 944
537 786
161 912
302 762
677 607
953 692
924 261
5 539
164 68
95 467
748 27
341 642
968 65
100 515
955 815
868 413
815 49
125 251
270 671
266 429
248 934
773 414
56 271
335 274
883 302
85 259
586 108
283 44
911 55
403 323
933 716
456 963
384 387
366 449
1 601
36 156
708 473
464 139
562 619
762 785
969 993
314 671
597 165
29 54
570 346
347 406
333 392
269 925
112 339
176 228
250 411
532 323
973 674
413 838
102 101
176 132
854 857
753 381
668 563
253 294
658 313
730 595
277 935
18 150
711 916
665 535
900 711
321 178
196 0
512 357
509 415
698 153
932 521
69 563
84 955
854 390
143 899
421 305
668 981
482 151
325 992
44 904
214 412
646 245
291 224
149 385
840 55
262 149
824 559
998 978
113 791
702 849
129 93
159 395
316 732
973 651
362 53
615 722
38 537
26 813
692 283
187 377
277 360
646 240
34 695
775 453
556 601
656 188
996 222
656 449
437 139
852 774
978 310
402 285
84 639
538 160
931 802
858 206
787 67
557 959
831 812
978 223
546 442
73 11
466 334
4 271
269 752
803 528
691 653
430 109
90 733
534 464
2 563
574 695
914 599
906 201
661 305
890 226
77 73
226 914
327 376
325 858
934 314
710 901
815 67
454 148
992 710
264 433
811 494
583 64
269 614
270 401
29 961
559 799
722 97
864 868
707 167
667 754
819 584
790 900
41 676
402 408
989 868
957 483
697 24
437 659
420 202
974 297
102 110
361 576
804 761
200 401
59 309
837 440
332 125
846 348
124 482
557 745
685 754
102 639
769 103
234 177
611 895
508 400
552 988
227 503
982 361
813 555
958 377
576 151
901 315
727 951
202 786
775 223
469 93
32 672
455 609
760 269
421 205
895 300
178 850
948 721
66 312
392 123
975 806
568 759
944 200
678 865
328 288
572 121
723 803
795 281
35 475
434 520
274 111
217 474
637 999
143 728
690 952
643 899
821 864
611 115
15 270
970 434
967 869
174 509
40 381
113 457
315 709
499 90
39 437
526 354
83 333
659 310
468 740
807 731
707 22
248 380
818 511
170 63
92 846
832 611
27 352
760 543
776 246
284 851
664 487
288 10
920 741
454 57
934 629
684 643
781 914
887 645
891 306
706 631
452 909
751 311
428 589
391 537
498 313
539 841
94 467
574 894
886 706
471 612
426 759
802 623
383 27
908 884
733 169
747 31
636 48
193 258
569 388
10 657
395 804
481 359
990 521
864 106
591 483
120 434
46 905
412 610
510 826
437 292
792 452
912 656
177 358
987 43
662 709
361 371
449 544
669 469
491 453
988 707
597 551
763 559
339 443
887 630
866 410
945 79
972 199
356 34
365 590
615 904
515 702
197 4
459 951
847 431
381 116
196 344
807 965
71 622
132 585
465 446
329 840
219 128
158 246
85 109
599 204
527 919
324 578
263 554
229 733
520 558
759 357
617 350
358 621
530 517
214 307
652 886
745 900
873 758
57 766
796 597
212 844
499 424
406 428
785 229
372 457
137 358
862 724
34 748
676 547
697 938
334 960
666 535
452 739
524 298
664 727
885 495
875 745
723 138
237 567
195 437
831 764
167 897
454 177
198 36
880 553
758 498
741 113
590 405
47 674
276 897
969 763
149 762
45 647
224 248
762 493
208 115
953 781
689 323
415 931
101 391
540 791
879 665
159 46
335 443
86 140
532 997
831 567
267 247
432 891
208 961
750 451
404 100
739 494
596 236
443 273
948 410
576 898
621 662
622 59
865 804
38 583
57 101
226 389
929 172
385 502
597 142
930 136
804 530
148 723
628 233
998 584
872 489
766 878
821 393
796 542
667 662
914 457
112 879
53 585
116 711
164 95
397 102
95 505
691 678
736 474
255 390
955 129
423 436
708 886
550 570
608 787
210 435
388 339
757 378
399 187
489 8
196 559
847 386
101 847
475 798
493 938
742 130
236 405
208 798
943 658
335 949
709 643
783 627
663 54
717 35
237 871
439 415
445 548
340 208
690 877
690 837
925 351
621 890
385 451
351 909
90 839
695 49
877 26
356 264
669 830
358 376
656 272
715 264
155 184
184 437
480 243
648 679
405 801
839 92
170 522
123 78
444 551
840 510
844 873
133 425
131 144
529 270
21 596
623 145
248 766
275 826
196 797
435 445
12 980
58 66
578 691
841 998
170 269
772 292
2 32
829 838
343 255
988 100
781 274
973 205
40 138
966 916
645 744
982 539
36 196
571 769
933 803
345 867
87 352
606 567
35 270
758 253
815 791
423 233
813 567
625 192
257 876
169 289
283 376
344 710
650 796
149 164
962 119
390 163
46 778
14 568
919 130
523 428
524 89
972 981
702 831
358 598
517 853
995 199
722 403
278 81
146 773
700 16
439 296
676 313
784 471
973 12
349 122
437 580
726 61
829 554
439 777
780 323
572 236
982 886
451 481
152 615
379 597
729 551
40 460
283 13
929 188
226 725
702 933
399 448
574 408
627 137
665 209
144 706
204 407
673 892
429 485
959 845
504 816
665 682
956 477
663 194
476 478
76 368
363 258
978 396
981 568
635 28
858 455
655 279
883 209
154 950
31 791
898 627
955 784
110 877
179 311
251 910
295 61
992 691
703 289
78 721
590 733
308 983
311 391
811 55
633 612
752 897
175 912
516 107
347 883
658 189
472 805
554 504
870 603
790 448
154 703
873 784
474 607
240 960
427 433
563 304
660 473
253 776
441 84
163 889
104 131
919 991
502 751
982 966
666 955
815 372
691 973
985 6
583 914
164 665
839 427
113 77
181 811
744 846
924 330
650 33
121 987
758 657
281 580
101 390
563 587
120 621
922 33
705 927
691 367
503 832
400 821
44 823
631 353
935 774
873 604
623 152
798 129
723 14
794 81
233 874
659 422
660 318
30 866
607 411
810 30
197 505
423 569
39 169
26 838
734 632
555 63
670 675
730 232
758 43
790 223
161 536
139 565
571 803
176 904
96 858
449 990
932 536
210 375
712 261
101 459
430 625
161 706
394 425
249 775
348 606
505 718
257 57
319 888
608 918
612 135
442 902
772 822
761 896
758 944
908 264
473 620
588 48
139 181
641 14
715 164
731 733
521 45
168 970
616 945
528 698
319 120
394 271
92 346
127 135
741 938
411 759
764 761
389 899
265 213
109 853
688 795
190 567
200 62
535 558
163 522
313 378
131 128
587 369
860 79
577 704
754 367
14 657
50 257
980 81
877 111
576 757
908 167
120 954
46 581
292 18
954 700
809 149
56 210
571 113
588 745
27 196
558 250
729 974
814 139
298 556
603 400
9 964
287 542
913 953
129 755
295 675
294 39
61 679
911 757
380 984
2 869
26 603
31 148
318 524
207 300
620 406
301 108
340 342
264 513
629 368
988 692
592 697
379 370
340 691
503 709
818 367
688 790
148 49
382 180
929 846
935 176
597 791
748 836
836 747
596 294
406 102
840 919
336 720
978 824
864 38
201 364
608 118
648 259
344 725
929 173
594 797
408 624
402 419
3 667
801 683
156 563
269 404
70 608
144 253
222 494
756 997
902 802
617 979
361 181
563 512
465 52
430 711
821 550
521 861
733 922
937 926
900 233
860 933
29 32
366 994
590 649
582 464
211 316
541 808
46 928
339 871
3 815
860 369
857 400
827 255
65 815
745 201
989 113
216 456
301 17
608 354
878 1
390 69
680 331
159 106
549 399
178 814
693 339
601 17
54 769
622 963
725 944
893 568
555 832
390 932
964 949
133 465
747 955
433 155
496 789
886 971
638 39
217 475
623 79
581 942
132 758
670 611
280 798
514 541
900 607
736 476
124 533
282 619
185 632
685 628
625 441
571 791
988 860
976 942
628 509
56 678
162 207
515 763
847 318
223 58
235 895
711 426
62 174
343 796
976 265
118 587
128 421
84 925
14 46
365 773
631 375
357 285
22 596
245 108
240 311
724 709
321 314
429 794
547 954
504 436
383 821
513 575
720 939
28 238
155 839
891 898
394 283
459 753
808 15
761 851
186 402
987 28
716 787
842 823
104 486
664 375
346 271
810 479
547 666
681 864
119 924
46 792
981 1
421 743
609 587
999 172
201 261
921 679
147 368
538 259
29 25
72 528
312 445
315 278
179 60
793 327
717 333
245 169
18 914
379 950
121 41
842 323
806 549
779 605
58 697
914 825
445 6
440 862
407 223
916 22
465 129
604 245
931 624
129 687
588 758
923 825
397 622
644 155
277 500
794 826
648 932
891 419
639 18
794 519
82 51
235 22
331 172
9 444
603 153
519 775
663 566
40 620
688 611
473 11
180 508
183 302
940 757
229 433
735 832
265 719
588 261
750 173
29 66
365 361
169 946
959 396
153 709
774 661
785 692
909 655
883 658
250 965
245 168
958 933
572 932
233 150
519 334
302 616
574 819
43 357
439 172
366 490
980 837
529 261
112 556
817 720
549 120
696 315
217 249
114 153
908 434
4 264
981 282
199 269
706 45
25 921
38 947
320 853
553 10
394 208
360 132
246 681
244 899
118 66
810 613
29 131
78 770
61 94
798 533
485 681
531 193
146 607
22 351
355 892
958 841
615 124
856 132
213 149
515 562
794 225
286 713
658 681
379 396
253 556
992 987
824 894
489 841
572 612
25 118
443 608
3 839
345 116
269 296
756 405
375 519
808 475
711 457
974 375
934 105
829 391
905 600
941 274
295 123
131 250
307 96
360 247
26 260
13 143
732 18
439 162
128 617
860 601
177 61
726 417
262 815
69 922
15 938
876 537
870 444
156 657
454 979
355 534
525 654
385 903
308 368
813 801
440 194
143 564
897 777
713 787
897 460
573 998
916 621
976 882
192 578
233 530
945 121
926 933
219 494
736 384
957 501
151 905
715 471
588 417
890 830
432 400
189 264
37 750
399 67
341 834
443 688
59 612
504 133
318 57
706 550
480 850
901 672
652 947
528 116
731 663
776 353
91 340
346 157
748 823
562 759
534 579
813 288
220 440
436 519
744 825
324 567
367 311
89 61
546 933
21 155
810 686
103 538
556 975
454 815
356 472
871 953
21 3
945 858
875 661
413 877
939 715
556 296
529 923
36 93
396 102
526 700
835 145
560 101
997 890
3 723
559 168
120 773
105 83
734 861
684 249
40 653
321 587
210 812
219 7
796 354
588 977
334 692
694 974
39 13
909 776
742 434
853 399
185 485
563 871
992 201
593 707
861 147
270 9
510 727
835 695
163 949
506 726
749 739
438 375
603 491
674 875
298 523
2 378
406 73
686 170
752 878
540 766
478 93
991 781
318 533
318 967
338 762
895 908
597 851
73 169
104 771
979 267
339 792
37 931
621 210
876 585
364 485
938 408
498 830
718 713
834 389
348 197
564 150
650 841
798 327
852 201
129 581
23 460
394 28
979 156
668 188
629 19
59 114
407 143
582 352
203 929
59 388
743 862
202 702
344 82
47 706
295 862
524 899
341 223
816 109
720 927
847 244
430 785
48 835
933 239
757 382
851 346
617 900
504 621
968 914
133 165
557 999
906 174
211 370
594 708
556 777
493 700
944 387
811 359
55 560
94 786
335 928
700 894
641 605
53 256
104 734
604 117
279 709
466 949
165 878
433 631
443 700
709 476
911 805
181 37
122 880
71 334
453 696
926 13
505 604
249 975
959 656
308 730
245 267
155 512
774 526
828 902
395 61
736 379
560 26
279 155
513 46
164 260
729 713
372 866
624 528
521 675
853 714
95 922
147 837
21 846
938 572
592 99
174 397
966 626
684 641
444 361
104 423
863 621
610 637
311 190
292 641
583 663
854 661
426 709
242 795
915 25
605 449
824 693
451 714
443 704
346 964
611 193
126 66
756 636
914 455
816 748
281 203
305 103
846 428
666 226
199 840
114 612
495 541
566 946
558 6
776 178
961 293
872 589
370 451
810 690
452 253
190 169
275 584
899 932
377 517
56 370
587 675
906 449
903 24
798 697
584 741
140 455
369 480
719 995
375 293
279 246
8 567
513 729
660 797
475 752
311 887
901 469
669 795
268 558
666 913
467 657
485 825
147 180
956 445
476 668
477 93
470 969
106 327
796 855
55 300
687 143
590 712
957 156
574 840
118 951
571 943
546 464
131 251
171 267
18 70
380 37
628 77
803 657
697 760
832 368
159 520
198 694
337 510
356 404
475 791
308 445
163 354
89 474
74 333
925 242
638 438
628 624
201 312
604 252
224 599
110 356
844 339
692 802
570 835
933 362
44 589
565 401
409 519
431 569
131 365
956 709
678 524
703 383
264 15
549 562
704 647
659 442
519 168
581 150
682 418
53 664
844 352
14 686
576 310
881 210
660 18
259 215
530 179
533 636
578 402
806 685
410 336
639 969
482 116
811 58
370 194
519 631
608 855
517 959
893 861
823 444
194 871
903 212
980 810
137 153
255 187
476 993
874 393
176 227
697 937
74 999
414 383
399 761
477 185
730 31
83 615
972 653
189 800
514 835
423 895
264 967
811 260
634 511
737 101
214 645
919 488
866 182
892 51
942 464
635 29
399 774
416 10
535 762
532 663
238 980
472 830
686 260
586 703
982 158
274 658
80 907
136 32
355 160
711 415
402 346
651 320
56 858
504 90
785 701
269 878
285 993
495 947
723 747
315 708
777 633
952 376
158 477
787 751
989 562
386 396
338 650
187 686
671 906
932 261
700 250
135 166
471 396
615 45
83 826
517 327
671 80
510 816
118 502
192 451
899 922
851 903
502 923
733 860
758 197
37 151
846 45
829 903
795 766
266 294
717 251
132 953
412 625
369 639
203 573
741 821
651 685
728 430
686 597
713 556
783 56
305 761
230 306
709 882
81 288
613 954
185 301
647 844
107 904
503 481
383 659
914 908
178 518
343 449
43 50
623 523
115 389
653 943
479 352
462 309
137 778
880 405
333 100
453 688
687 586
556 82
452 552
947 395
731 177
459 946
706 250
506 527
650 504
225 9
395 434
89 319
209 449
343 542
602 366
369 237
1 765
312 676
491 653
647 932
877 495
544 207
113 535
130 314
482 22
774 364
192 171
17 40
824 919
688 77
30 4
15 347
992 879
430 78
232 393
944 580
438 3
258 793
767 939
700 318
219 221
512 19
209 199
163 376
372 830
564 491
667 855
270 606
795 236
205 315
967 547
334 669
472 655
460 625
67 368
662 528
597 88
730 939
299 273
132 830
163 781
753 447
875 106
20 966
501 931
144 603
309 990
669 130
869 990
447 437
333 822
599 209
876 92
485 168
378 422
622 154
73 809
724 168
219 913
402 907
502 14
847 197
779 881
196 775
560 624
171 789
932 851
701 982
610 911
483 849
808 530
533 856
702 613
900 49
205 329
789 255
240 205
74 798
57 643
492 651
851 773
512 908
509 962
877 476
130 606
854 998
895 121
840 665
463 692
174 307
857 126
257 419
669 355
261 343
564 0
220 154
283 493
635 424
679 471
294 684
878 532
359 651
4 270
293 805
334 165
113 62
929 981
30 155
390 921
7 145
706 274
355 775
711 686
599 328
501 405
199 413
284 91
579 887
644 869
480 695
0 68
354 630
45 596
460 484
497 142
282 812
333 782
199 992
230 615
758 798
593 737
415 284
316 511
257 971
383 521
657 148
911 848
103 241
402 650
143 698
172 915
117 484
524 648
439 554
501 871
973 158
820 897
417 164
479 711
362 600
136 832
41 856
635 410
417 104
156 568
164 662
630 876
547 849
189 84
801 112
111 828
500 645
959 991
32 26
541 816
650 795
303 641
817 858
332 432
560 874
890 970
287 463
759 327
156 902
365 311
267 658
326 580
820 113
859 815
756 31
85 58
837 523
569 463
779 729
30 957
881 32
825 643
506 552
104 238
768 0
884 396
603 279
294 348
486 367
913 943
133 50
989 433
763 316
963 198
224 711
815 560
192 512
724 207
341 849
429 514
715 468
634 430
279 297
28 993
136 489
72 629
451 597
775 110
432 575
415 343
839 416
899 645
941 970
882 135
578 396
895 551
22 798
835 310
250 283
46 344
1 764
828 770
431 244
508 348
16 529
25 368
624 53
141 585
922 481
948 292
681 311
375 418
188 179
539 869
290 696
967 887
1 812
137 37
680 215
710 63
754 825
600 271
184 983
445 231
653 205
888 557
124 534
282 128
670 210
777 454
621 768
137 215
673 102
899 785
219 544
721 854
69 561
524 537
869 485
379 530
180 642
193 485
559 904
195 147
437 236
803 222
181 786
805 474
433 814
442 818
485 309
320 561
130 983
273 791
79 885
255 35
128 436
86 248
726 457
355 32
630 273
274 945
923 37
543 554
307 970
825 57
196 232
212 72
514 715
532 172
846 468
686 387
481 79
946 216
584 760
359 45
524 363
908 421
46 568
258 618
314 328
72 31
655 169
832 307
938 377
823 657
13 653
143 949
554 694
442 781
804 132
989 128
723 171
533 366
379 400
514 732
334 660
694 276
534 909
133 715
879 249
815 539
263 881
815 755
949 389
378 776
37 73
488 539
135 579
38 451
530 391
683 621
318 891
744 464
164 17
507 947
556 783
764 545
639 331
926 623
237 977
195 814
230 446
884 742
548 149
943 686
487 185
759 279
177 351
550 639
567 258
536 684
658 243
116 720
306 80
322 423
781 868
665 234
610 28
740 294
195 852
940 959
423 712
240 244
702 922
443 307
74 836
472 898
709 304
203 940
875 536
200 238
470 408
923 670
370 460
311 36
744 381
942 451
426 936
352 361
460 547
704 562
519 671
758 506
555 881
129 156
550 602
950 475
622 460
165 763
20 308
404 97
732 932
279 667
602 175
155 230
527 487
952 255
781 851
961 687
568 209
673 625
660 694
857 182
801 825
565 86
911 973
518 175
328 124
372 924
430 66
831 637
486 286
924 321
129 993
717 424
42 696
216 115
538 324
228 627
572 438
872 61
198 496
928 405
324 626
657 242
939 431
57 488
723 811
109 107
312 372
154 317
304 911
799 340
831 580
575 741
722 398
291 897
738 367
855 277
812 512
695 968
460 226
201 920
19 249
155 642
646 823
159 269
280 614
513 25
652 518
754 653
191 488
65 6
42 565
910 122
886 758
480 298
478 262
983 614
86 240
848 830
864 439
948 329
427 249
397 644
616 496
667 71
142 561
412 36
197 875
133 813
851 207
405 373
54 363
8 456
7 706
258 882
567 729
315 955
687 421
75 133
180 925
316 433
715 159
74 241
899 391
229 426
912 667
172 410
663 258
161 764
757 67
90 536
39 982
392 780
651 26
9 648
667 142
580 599
527 281
270 574
681 691
645 56
877 660
278 31
929 747
374 235
602 163
886 795
630 837
489 863
164 677
996 817
887 105
744 519
91 58
994 430
524 72
678 913
408 642
601 161
863 963
604 501
95 921
700 166
381 225
190 642
337 176
479 545
966 116
698 916
33 455
222 35
900 811
837 132
944 52
334 825
998 511
168 298
430 853
529 184
898 677
829 569
335 179
621 288
696 360
949 92
302 154
384 178
459 756
988 702
81 828
71 303
947 279
785 301
663 428
386 19
800 149
2 587
797 46
731 700
689 935
338 435
804 399
807 396
826 855
578 450
766 813
443 65
89 911
135 94
59 889
56 979
465 508
65 487
532 595
303 48
531 445
766 650
386 67
229 452
358 555
711 959
707 783
892 61
326 824
732 925
177 205
917 627
956 574
281 366
540 219
504 256
773 821
724 324
315 810
824 162
759 42
771 50
199 344
961 74
459 2
639 913
511 162
142 990
241 291
53 767
210 104
388 808
409 902
138 253
563 676
205 797
529 961
709 278
569 730
23 842
526 943
761 4
109 86
512 98
241 528
45 72
398 570
346 900
448 335
737 364
511 491
570 925
141 239
44 689
112 893
14 464
838 217
222 312
271 707
934 11
579 345
629 927
735 640
616 692
931 806
958 284
437 956
948 136
769 989
574 551
693 388
353 183
394 160
862 583
925 788
745 962
539 705
909 204
113 961
140 893
259 445
791 111
112 512
283 188
67 923
494 556
132 689
655 545
886 151
984 778
140 6
284 931
915 563
11 165
687 451
289 634
445 623
219 371
564 245
221 847
871 291
744 196
143 100
885 8
714 675
509 884
718 554
279 721
217 875
678 298
367 602
344 444
688 586
761 228
630 907
305 763
554 984
339 190
107 534
430 308
615 768
603 391
485 372
710 581
543 690
217 732
137 599
148 125
540 704
714 255
168 437
415 983
802 521
353 911
122 284
383 338
759 894
498 339
822 778
32 978
388 588
144 753
990 64
159 49
343 357
354 606
675 160
385 861
723 46
570 187
911 449
545 536
228 226
207 284
517 482
182 659
240 90
71 134
540 963
231 49
71 426
643 175
723 967
182 156
170 408
689 223
240 934
961 584
632 892
136 989
603 708
969 947
950 689
998 48
714 918
747 220
625 821
351 964
337 26
129 900
578 985
116 61
160 235
986 845
60 304
131 247
735 915
862 572
868 5
145 532
664 85
448 262
352 701
258 102
238 267
217 964
847 467
394 51
870 663
866 148
351 81
268 894
65 960
184 376
290 90
266 135
953 908
341 570
358 929
234 214
75 138
444 622
819 700
40 703
653 853
994 3
491 931
740 21
89 376
618 693
861 729
555 987
170 89
723 450
287 60
335 101
92 170
486 206
419 904
519 977
93 913
38 850
85 938
713 252
178 177
8 11
396 867
297 926
782 802
170 5
234 394
971 48
961 215
727 820
90 769
85 876
211 243
16 253
929 24
255 465
234 667
73 587
402 942
222 108
871 331
254 971
395 458
745 550
305 973
279 280
344 517
633 710
642 651
443 636
587 747
637 883
455 20
565 39
51 684
725 652
645 392
516 487
755 798
181 90
795 130
696 8
870 824
966 431
727 595
618 274
115 550
194 512
459 856
917 955
519 956
635 463
914 707
93 360
218 280
706 672
75 988
514 859
264 56
-1 22103 -1 -1 14055 -1 -1 12593 -1 -1 -1 -1 -1 -1 -1 -1 51082 -1 -1 63933 46901 -1 -1 -1 -1 -1 -1 -1 40354 -1 -1 -1 -1 548 -1 -1 -1 -1 -1 -1 -1 -1 -1 -1 -1 -1 -1 -1 -1 -1 11347 29508 -1 -1 -1 7862 -1 -1 -1 61759 23868 -1 -1 -1 -1 -1 33400 -1 -1 -1 -1 -1 34840 -1 -1 -1 -1 -1 -1 9661 -1 -1 -1 -1 -1 -1 -1 -1 -1 -1 -1 -1 -1 4817 -1 -1 -1 -1 -1 -1 36688 54683 -1 -1 5964 -1 -1 -1 -1 -1 46734 -1 -1 -1 -1 34916 -1 -1 -1 -1 7383 -1 -1 7661 -1 -1 -1 -1 -1 -1 14838 -1 -1 -1 46974 -1 40529 -1 60349 -1 -1 -1 -1 -1 -1 -1 -1 43495 -1 -1 -1 -1 -1 -1 -1 -1 -1 -1 -1 -1 -1 -1 -1 -1 -1 -1 -1 12198 -1 -1 57006 -1 62943 -1 -1 -1 -1 -1 -1 -1 -1 -1 -1 -1 -1 24546 -1 21890 -1 -1 -1 -1 -1 -1 -1 -1 -1 39616 37977 -1 -1 -1 -1 17772 -1 -1 -1 -1 -1 12577 -1 -1 31562 -1 4037 -1 -1 -1 -1 -1 -1 -1 -1 -1 29791 -1 -1 -1 21422 -1 -1 -1 -1 18420 -1 -1 -1 -1 -1 -1 -1 -1 -1 -1 5671 25576 -1 -1 -1 -1 24186 -1 -1 -1 -1 -1 -1 -1 -1 487 -1 -1 -1 -1 -1 13659 46785 -1 -1 -1 -1 12801 48723 -1 -1 -1 -1 -1 4915 -1 24475 -1 -1 -1 -1 -1 -1 -1 -1 50931 59320 -1 -1 -1 46245 56037 -1 -1 54348 -1 -1 -1 -1 -1 -1 -1 -1 44950 -1 -1 -1 56040 -1 -1 -1 -1 -1 -1 -1 -1 -1 -1 -1 -1 -1 -1 -1 22088 -1 -1 -1 -1 -1 61056 -1 29004 -1 -1 -1 -1 -1 -1 -1 -1 -1 -1 -1 -1 -1 -1 -1 -1 -1 -1 -1 63551 -1 -1 -1 -1 -1 -1 -1 -1 -1 -1 -1 -1 56354 52155 -1 -1 39332 -1 22634 -1 -1 -1 -1 -1 -1 -1 -1 -1 -1 29884 -1 15065 -1 -1 -1 -1 -1 46255 -1 -1 -1 -1 -1 -1 -1 -1 -1 -1 -1 -1 12346 -1 -1 -1 -1 -1 -1 -1 674 -1 -1 -1 -1 -1 -1 -1 -1 24517 -1 -1 -1 -1 -1 33663 -1 -1 -1 -1 29560 2649 -1 48551 -1 22252 38977 -1 21884 -1 -1 -1 -1 20902 -1 -1 -1 -1 -1 -1 -1 -1 -1 -1 -1 -1 -1 -1 -1 -1 -1 -1 -1 -1 -1 46142 47010 -1 -1 -1 -1 53562 -1 -1 -1 -1 -1 -1 -1 -1 -1 -1 56570 -1 -1 -1 15129 52846 22665 -1 27320 -1 -1 1759 -1 -1 -1 7489 -1 -1 -1 -1 22055 -1 38133 -1 -1 22783 -1 34725 -1 -1 -1 37569 -1 -1 23918 -1 -1 28390 -1 -1 -1 -1 -1 60317 -1 -1 -1 -1 10551 -1 47326 -1 -1 -1 -1 -1 -1 26460 -1 -1 -1 -1 33823 -1 58403 -1 -1 -1 52274 31479 5680 -1 -1 -1 -1 -1 -1 -1 52612 -1 -1 -1 -1 38778 -1 3395 -1 -1 -1 -1 -1 -1 -1 49508 -1 -1 65365 -1 11646 -1 -1 10409 31404 28251 48881 8469 -1 -1 -1 55155 -1 -1 -1 -1 -1 36268 -1 -1 -1 -1 -1 -1 -1 -1 -1 3154 -1 55356 -1 -1 -1 -1 -1 -1 58750 -1 -1 -1 -1 -1 -1 -1 -1 -1 -1 -1 -1 -1 -1 -1 -1 3203 -1 -1 62961 -1 -1 -1 -1 35190 -1 -1 -1 -1 -1 -1 -1 -1 48984 -1 -1 -1 -1 59239 -1 -1 -1 27293 -1 14425 -1 -1 -1 -1 44667 -1 -1 5704 -1 -1 -1 -1 -1 38526 -1 -1 -1 -1 59266 -1 -1 -1 -1 9766 -1 45487 -1 -1 -1 -1 11714 -1 -1 -1 -1 -1 -1 64201 46075 -1 10667 -1 -1 -1 -1 -1 -1 -1 -1 55910 -1 -1 15884 7649 -1 -1 18727 -1 -1 -1 -1 -1 -1 -1 -1 26330 -1 -1 -1 25093 -1 -1 56013 -1 -1 -1 12543 -1 -1 -1 46524 -1 -1 -1 14012 -1 -1 -1 55429 -1 -1 -1 -1 -1 22009 -1 18474 -1 -1 47932 14739 -1 -1 -1 -1 -1 9080 -1 45247 -1 -1 -1 -1 -1 -1 -1 -1 -1 -1 -1 -1 -1 -1 -1 -1 -1 -1 -1 -1 14235 -1 -1 -1 -1 -1 -1 62493 -1 -1 -1 -1 -1 -1 43070 11356 12232 -1 -1 -1 -1 -1 -1 -1 -1 -1 -1 -1 -1 -1 -1 64159 -1 -1 -1 -1 -1 -1 -1 -1 -1 -1 50611 37538 49245 -1 -1 -1 -1 -1 -1 -1 -1 -1 -1 -1 63016 -1 -1 -1 -1 -1 -1 -1 -1 49589 -1 -1 -1 -1 -1 49519 -1 -1 7748 30676 -1 -1 -1 -1 47368 -1 -1 -1 -1 -1 -1 15439 -1 4711 -1 -1 -1 -1 -1 14843 -1 -1 -1 -1 -1 -1 -1 -1 -1 7972 -1 -1 -1 -1 -1 -1 -1 -1 -1 -1 48303 -1 -1 -1 -1 -1 -1 -1 -1 -1 -1 10005 -1 -1 -1 1332 -1 -1 -1 -1 52710 -1 44019 -1 -1 -1 2532 18995 -1 31943 -1 -1 -1 -1 -1 -1 -1 -1 22436 -1 4790 -1 -1 -1 -1 -1 -1 -1 -1 -1 30454 -1 -1 -1 -1 -1 -1 -1 -1 -1 -1 -1 -1 33647 -1 -1 -1 30981 -1 1536 -1 -1 5211 12798 21471 -1 54688 -1 -1 -1 -1 -1 -1 -1 -1 -1 -1 -1 33548
3
1 597 3 569 0
0 724 7 522 6
1 815 2 438 10
