1000 5000
104 555
253 584
918 823
41 925
795 401
527 406
506 972
882 710
11 912
488 55
861 580
325 247
403 171
775 914
783 952
409 140
801 92
432 77
695 653
962 503
574 677
513 477
631 179
812 124
674 534
86 856
169 774
62 481
530 564
495 17
2 86
452 43
438 737
280 746
830 317
969 256
589 671
623 931
804 511
66 593
88 61
308 238
891 643
301 381
209 533
363 520
90 18
548 180
123 378
48 294
324 771
790 773
955 365
738 112
393 216
778 973
500 852
689 500
497 964
414 150
263 508
124 355
803 409
740 589
191 949
441 795
379 724
214 533
208 354
204 70
132 910
933 719
969 681
629 63
59 524
170 859
869 26
403 526
243 600
468 177
266 6
779 59
203 685
774 779
174 799
481 786
343 411
617 638
359 764
603 200
12 734
769 250
339 772
104 21
663 408
669 935
123 818
190 122
169 478
791 235
354 723
279 418
110 880
580 756
512 586
906 703
736 915
824 970
505 734
830 90
483 16
454 554
564 746
665 304
904 187
111 549
714 289
239 469
148 788
75 683
942 757
165 90
906 526
599 811
602 511
561 432
623 42
608 675
81 779
201 417
833 672
133 6
29 300
933 777
764 393
852 215
857 86
950 162
357 458
67 664
914 557
961 552
838 279
73 71
841 339
209 915
144 448
408 536
690 844
74 866
859 555
636 74
775 492
176 198
418 840
411 590
980 371
684 112
256 404
373 845
867 927
462 660
300 481
167 699
72 767
315 583
574 348
506 665
523 404
307 548
428 653
587 103
988 227
894 997
714 613
292 816
798 272
763 419
37 805
306 39
60 714
22 818
842 317
168 634
710 922
71 834
358 776
852 340
816 912
51 455
775 200
61 827
109 827
161 906
75 805
963 508
322 10
930 254
944 873
942 312
358 384
938 859
840 149
677 967
325 653
406 39
507 755
75 286
187 572
841 763
877 451
734 761
771 990
3 436
963 494
570 561
320 493
331 242
748 803
176 475
807 158
628 915
369 676
510 452
381 591
76 777
328 969
762 333
950 580
618 301
234 788
55 420
791 388
637 173
873 370
558 839
963 344
597 882
489 660
512 118
885 833
900 663
901 523
312 126
313 695
980 993
865 310
916 278
182 647
111 141
451 217
59 919
50 424
108 564
173 680
227 558
335 685
599 315
824 976
81 361
617 674
528 829
349 987
182 928
526 914
100 292
41 946
332 571
61 694
328 364
355 590
771 614
164 292
137 261
488 822
734 543
500 922
348 862
80 364
142 147
434 636
633 24
439 541
890 827
812 800
939 701
639 993
116 276
29 312
153 468
396 475
283 627
826 647
513 663
71 296
333 499
314 873
954 543
455 800
320 266
957 681
856 148
2 452
359 692
967 582
74 677
355 886
169 941
425 897
112 708
301 892
159 314
527 64
923 229
226 14
669 443
26 187
463 915
555 137
685 294
332 51
653 352
358 268
386 695
310 211
11 879
371 820
775 91
957 937
493 53
880 251
507 675
624 754
552 175
141 731
359 244
406 43
206 232
673 619
822 513
359 884
336 502
666 760
52 18
843 400
184 437
291 0
495 390
166 659
215 620
25 345
832 475
188 763
307 922
634 714
735 749
0 487
54 105
595 91
76 100
640 670
630 724
149 173
573 794
556 654
706 665
923 129
801 107
713 818
709 18
952 715
891 770
5 764
501 606
302 563
891 491
937 665
441 376
58 903
594 873
110 123
439 357
770 348
582 813
13 702
775 16
628 927
522 470
374 316
709 481
529 481
271 123
141 115
315 377
850 454
499 732
88 989
522 701
228 913
714 760
555 989
562 473
135 602
173 890
841 467
599 627
53 920
599 224
544 282
785 556
116 551
522 765
886 856
25 364
671 303
485 852
366 268
54 264
90 727
750 599
513 243
107 235
390 839
988 397
580 990
316 50
324 251
266 479
434 183
339 389
713 867
387 570
699 55
216 862
85 522
874 363
429 279
986 330
966 746
727 186
597 911
563 254
377 89
131 8
167 369
854 24
150 376
146 417
759 563
877 693
270 822
422 838
911 895
620 186
518 95
903 136
926 144
592 527
965 691
895 475
317 44
531 540
616 170
850 114
984 422
914 135
910 138
522 303
677 366
467 484
290 316
485 153
838 749
376 363
402 36
436 247
797 64
564 246
533 487
72 692
295 875
424 710
852 341
412 411
697 795
852 172
419 606
165 727
954 59
766 96
470 574
919 371
189 30
708 835
24 382
104 782
918 476
422 44
814 552
461 866
449 252
800 847
123 510
592 266
145 218
737 807
282 66
867 40
318 632
492 350
191 229
330 244
651 432
228 280
55 375
858 177
35 215
818 135
804 541
652 413
845 691
401 553
0 324
696 583
87 829
712 292
912 783
400 852
688 790
119 342
704 770
970 161
321 902
272 721
644 416
93 839
669 307
572 397
690 473
252 502
17 546
387 808
252 670
144 149
962 457
412 502
972 82
338 507
110 479
703 539
849 587
144 549
955 178
805 316
69 19
678 254
192 425
544 223
644 129
629 112
584 514
779 159
121 851
85 198
792 992
804 91
845 914
177 449
559 465
895 113
303 972
111 740
966 509
451 981
200 103
642 539
967 87
318 599
997 492
844 995
296 374
175 880
233 737
29 723
195 264
854 26
564 736
804 655
485 128
476 797
983 556
337 972
918 140
836 408
641 578
254 335
759 573
641 175
593 87
870 181
480 482
848 421
435 813
677 968
373 313
685 974
464 91
9 102
132 97
370 323
314 450
635 108
90 794
193 887
492 139
900 98
628 345
699 317
122 771
812 298
349 215
484 912
7 302
145 315
812 115
2 362
273 512
837 833
44 357
719 176
25 266
950 84
463 990
125 328
588 30
754 876
156 781
325 524
883 877
995 629
474 695
2 617
326 235
902 612
283 130
381 32
906 878
587 650
546 235
902 649
719 825
739 106
187 272
168 239
255 648
847 61
166 719
741 245
568 678
889 804
898 580
492 463
453 77
480 266
663 346
450 58
975 981
310 155
17 248
496 623
695 359
920 775
778 501
247 812
727 716
859 498
147 888
428 45
710 929
45 278
473 134
381 171
59 599
251 148
731 592
603 908
648 180
737 577
376 642
798 467
528 775
951 761
294 226
617 673
803 620
358 238
164 935
917 96
465 763
818 285
907 28
903 2
196 623
949 690
769 997
782 859
133 663
94 54
338 213
209 296
267 240
811 914
970 494
443 114
719 709
578 270
858 58
358 175
209 411
927 249
588 874
732 241
617 806
666 996
62 294
366 573
741 716
739 562
706 269
402 264
499 396
170 73
210 390
715 301
571 77
329 189
8 722
564 189
218 261
629 271
167 283
384 753
422 949
910 371
681 270
712 603
671 841
207 353
101 354
852 538
155 463
961 947
575 933
601 924
357 154
586 200
384 322
269 636
980 423
660 923
907 68
12 367
615 453
69 880
855 577
709 426
737 858
815 87
444 623
391 77
649 351
86 107
523 487
634 103
328 824
567 575
615 653
994 104
688 807
324 803
860 294
124 477
725 626
315 128
716 575
989 86
992 220
316 807
832 567
175 812
869 754
118 617
752 587
25 852
758 264
716 107
757 222
308 518
783 909
170 517
22 4
960 882
379 146
250 770
448 551
40 254
613 451
703 553
847 663
834 223
711 251
595 12
207 90
768 525
300 452
391 750
95 746
129 77
916 207
961 405
575 674
172 8
125 565
225 310
67 514
530 161
958 901
324 83
599 128
981 704
661 89
967 570
319 878
786 94
24 406
594 569
642 201
44 520
204 741
262 433
539 178
121 381
829 151
805 583
696 265
281 359
502 362
872 94
746 457
532 94
811 490
202 940
838 988
529 890
634 369
504 419
375 534
216 674
728 513
707 112
598 845
328 793
877 314
96 850
429 540
242 917
658 441
904 784
360 648
647 977
265 691
928 0
660 267
31 174
773 82
798 860
976 87
63 347
342 19
415 565
695 544
173 794
544 254
383 407
123 959
720 313
454 500
384 511
322 95
343 284
707 47
475 487
307 842
569 98
133 620
546 827
669 298
203 462
768 38
498 589
907 410
455 491
345 798
388 415
858 909
244 837
143 976
338 505
558 814
290 946
875 443
402 469
787 775
328 161
910 800
513 896
998 452
112 163
756 498
472 699
689 549
574 242
495 292
629 269
767 975
580 478
933 135
43 850
618 8
895 778
422 969
224 699
626 995
424 724
131 432
41 730
12 363
405 870
67 558
153 239
330 450
886 56
552 470
217 184
412 693
882 902
625 915
819 405
611 952
182 532
372 101
414 169
788 754
331 145
51 920
447 368
649 712
219 540
389 2
301 435
124 443
44 292
87 755
292 294
617 75
116 742
613 15
124 427
175 739
281 95
227 103
849 594
578 998
181 915
594 855
589 548
886 13
754 303
27 10
877 237
657 589
233 901
351 953
824 682
954 586
52 91
239 604
23 92
57 217
140 707
45 787
941 137
806 824
508 187
264 665
708 519
798 86
475 248
259 975
732 245
348 668
14 210
163 550
793 32
109 133
802 864
962 70
715 470
219 379
812 947
387 921
162 499
962 67
601 31
819 341
563 281
501 415
468 753
571 209
256 30
40 153
140 363
938 126
678 782
581 388
757 595
554 369
786 633
650 311
264 576
197 49
751 641
988 330
648 107
149 706
574 259
321 591
791 738
423 544
637 832
112 776
594 124
640 336
305 334
225 771
352 650
250 733
3 474
275 912
51 758
762 627
836 898
805 292
214 987
801 702
788 488
715 458
508 993
531 715
504 763
448 128
422 675
187 924
499 647
388 748
682 18
946 62
193 508
149 760
682 633
498 419
292 548
6 557
845 302
687 156
546 138
537 141
349 732
134 93
316 561
744 640
223 270
77 161
433 264
369 943
762 484
78 924
204 480
816 620
101 512
124 430
804 873
398 688
104 39
922 872
410 899
769 848
945 552
637 156
9 402
358 886
804 516
597 561
845 500
163 922
820 41
941 469
384 810
59 773
294 886
509 164
878 340
240 61
819 243
645 296
297 465
562 766
664 451
274 353
523 303
102 661
415 424
973 889
820 113
65 197
451 668
438 487
498 907
321 284
121 501
807 343
727 93
982 551
205 789
633 847
382 901
309 179
986 254
183 416
341 388
961 414
420 384
609 763
11 90
49 733
187 416
226 517
49 755
718 458
800 696
211 58
67 828
826 592
745 648
193 798
556 2
103 149
517 700
496 565
377 361
531 192
145 57
20 951
451 150
869 284
826 126
791 996
504 468
969 934
103 858
9 133
385 591
286 685
713 864
822 454
678 705
902 26
285 373
594 21
626 175
949 149
316 137
752 629
246 653
673 806
414 796
505 74
820 636
952 574
457 61
809 224
131 13
215 979
160 25
248 761
321 592
502 762
774 234
809 722
899 961
274 311
810 124
180 323
73 104
266 296
755 321
333 284
340 56
725 888
872 933
988 5
345 860
578 292
515 854
456 860
691 102
900 238
220 173
184 929
96 323
148 419
676 640
850 592
195 842
153 102
2 25
273 281
535 527
811 568
725 753
262 147
831 348
809 295
634 417
498 702
181 472
639 142
314 370
599 380
766 935
904 392
701 776
447 715
43 84
655 846
739 700
672 454
934 77
558 459
430 751
913 824
442 646
50 931
481 898
910 339
499 118
567 150
33 737
644 790
460 446
478 844
729 495
804 383
15 954
460 728
728 916
115 544
949 294
910 893
593 422
976 428
122 933
377 696
193 249
823 402
915 632
157 150
45 407
928 193
892 159
979 791
66 695
125 544
393 772
697 66
558 825
592 342
352 125
453 524
15 700
57 526
47 962
42 180
404 825
545 827
596 484
78 104
650 274
103 638
674 272
693 46
497 622
559 101
9 44
171 42
251 426
605 487
773 314
402 309
726 323
64 422
36 806
229 613
858 594
537 333
120 226
888 563
920 923
713 261
500 544
439 849
88 895
568 74
903 561
595 449
969 450
865 309
218 550
889 885
39 744
272 626
566 766
557 657
285 279
34 875
133 577
227 445
108 381
423 851
120 108
463 616
576 799
781 391
483 172
925 535
62 235
868 127
888 404
215 765
323 734
565 479
951 321
683 863
459 852
41 812
800 733
582 819
516 820
174 650
192 254
848 148
686 480
24 749
360 122
439 182
825 598
513 192
797 837
112 232
56 4
37 404
322 160
843 273
742 260
924 299
76 746
248 270
781 821
247 156
422 668
261 963
432 257
528 904
629 250
322 521
428 345
330 162
813 495
264 981
510 368
5 712
547 905
597 801
641 126
114 852
594 189
810 986
337 992
655 231
114 366
682 562
597 694
629 627
313 637
16 857
493 193
462 805
479 551
927 288
741 124
15 190
776 388
688 964
875 680
787 291
458 561
581 549
204 6
917 995
535 852
979 931
38 613
757 81
236 453
124 917
793 907
771 892
374 273
563 658
388 24
460 978
180 561
108 359
134 75
195 969
500 781
240 595
241 17
461 46
754 7
85 99
257 743
465 77
514 237
987 73
981 315
732 237
766 382
815 144
134 947
28 784
331 518
25 919
677 97
448 239
775 530
971 673
535 350
262 425
598 647
542 640
376 334
610 336
720 956
260 693
215 285
807 799
945 101
583 762
9 976
816 788
930 853
105 197
55 717
353 487
147 368
463 611
123 658
715 54
908 824
285 449
655 375
598 378
868 455
914 929
386 627
855 525
298 141
112 443
232 452
163 744
987 98
286 123
12 731
736 950
207 471
825 655
659 901
92 165
165 547
178 835
554 856
803 862
716 577
768 75
494 460
696 198
449 152
611 705
66 849
576 267
132 424
400 124
170 211
436 241
365 314
518 803
552 166
784 680
621 370
861 994
501 746
342 443
682 266
525 578
55 76
230 158
90 805
691 763
957 669
985 127
71 597
906 59
357 140
649 770
208 239
720 275
322 481
825 547
350 905
546 110
641 233
388 445
825 415
16 195
858 90
133 193
525 172
597 883
318 359
871 891
477 192
177 53
11 706
941 577
692 672
358 734
910 176
298 357
359 781
815 97
296 707
45 180
705 884
322 343
810 895
638 446
880 98
449 334
254 175
403 143
407 638
457 986
190 68
258 63
207 515
269 856
458 573
827 981
501 440
20 638
231 952
362 694
788 580
651 251
827 741
522 536
70 27
504 787
584 159
39 276
384 504
305 905
588 803
349 109
677 529
604 995
224 486
952 187
699 857
58 264
151 18
659 763
993 775
738 132
253 961
325 516
519 210
444 53
40 96
486 861
663 854
893 101
597 676
318 308
336 234
264 941
966 647
950 218
848 121
473 237
792 468
240 655
832 490
248 503
867 693
465 275
944 826
432 980
55 925
661 461
676 574
299 53
330 599
912 396
760 408
29 432
507 172
173 264
372 17
112 54
380 834
489 192
274 397
445 34
228 924
631 353
296 143
129 544
999 754
282 606
128 732
95 974
489 635
235 615
910 716
51 562
232 649
705 656
167 595
486 490
507 658
695 875
607 573
377 525
859 835
336 810
591 143
729 558
185 665
157 487
371 594
755 262
319 597
634 799
963 937
565 755
978 728
700 854
852 701
578 200
306 92
137 940
301 566
275 299
521 487
569 216
829 133
450 185
627 751
694 359
280 122
697 757
606 810
304 399
459 612
801 864
608 489
965 584
439 628
603 809
310 379
534 648
860 59
0 354
727 679
258 228
508 604
188 264
118 41
388 361
948 886
736 669
51 508
757 669
532 190
360 168
60 244
158 815
77 616
836 486
625 585
38 504
752 430
360 473
335 13
877 143
80 2
226 45
953 607
546 958
67 609
26 126
388 615
484 981
436 843
916 595
543 739
963 973
296 572
218 199
108 844
760 438
946 666
665 538
1 192
706 57
972 218
912 938
198 871
208 243
415 419
975 610
790 457
25 915
118 56
639 334
730 933
879 297
310 81
779 277
55 792
656 995
192 599
776 861
35 956
952 145
942 358
916 891
280 641
619 432
754 126
650 786
384 311
700 499
601 449
792 435
784 608
767 475
911 909
531 71
126 632
838 361
43 942
651 924
976 197
944 187
948 861
930 901
59 944
566 881
757 943
712 70
562 191
728 477
139 18
880 823
83 434
266 800
607 828
479 675
77 730
422 180
884 956
342 801
778 404
483 647
335 535
141 852
52 68
850 892
48 789
818 176
65 740
878 82
547 397
305 486
389 179
716 882
864 698
1 325
786 793
924 415
738 625
291 203
175 263
986 11
552 487
702 637
373 424
156 69
397 417
747 851
272 964
717 996
895 168
883 200
677 440
181 627
166 791
165 644
402 764
315 337
986 714
869 273
420 203
913 932
680 613
679 569
432 14
717 36
214 527
415 593
481 160
804 723
936 640
224 992
170 483
236 455
895 748
430 148
61 502
460 555
851 475
985 892
745 202
787 382
638 65
896 921
481 845
933 669
449 510
952 645
222 193
115 131
963 509
619 665
14 230
635 70
122 913
52 88
269 798
444 109
429 968
7 806
680 66
841 251
999 601
74 352
573 798
948 602
309 579
209 491
305 323
435 53
915 297
647 882
728 699
392 99
639 40
770 155
843 976
184 586
267 814
689 160
812 194
139 75
511 998
879 562
26 731
435 926
346 136
85 707
555 959
360 452
847 762
791 243
842 782
566 80
289 442
667 556
353 557
722 645
90 356
499 28
13 776
339 12
401 689
620 205
683 209
300 164
467 160
245 277
106 20
830 951
947 720
34 758
801 669
5 825
351 222
837 329
28 590
71 667
210 997
935 489
901 961
379 973
526 286
712 888
89 868
357 136
611 275
815 374
81 228
689 779
897 49
989 51
681 712
419 588
76 625
584 522
0 732
154 733
565 577
837 735
45 170
570 694
641 235
283 113
126 700
863 883
135 868
689 392
260 589
354 731
562 752
706 885
939 807
768 721
304 67
50 856
735 160
782 243
579 307
981 492
499 420
632 495
312 206
725 304
812 300
169 477
177 977
787 737
63 516
800 705
657 206
341 103
250 854
46 342
518 540
791 364
911 690
843 528
32 361
233 458
395 243
927 475
968 460
225 650
653 968
627 53
778 392
415 974
410 670
961 962
668 313
378 416
757 476
23 933
632 778
676 411
268 735
275 449
170 53
218 529
395 249
521 867
457 829
737 591
991 934
869 951
519 79
611 49
40 539
240 192
955 121
167 163
628 831
58 75
63 753
909 218
774 455
775 495
541 942
808 722
47 964
900 446
997 993
855 960
288 388
953 943
550 709
111 709
999 85
255 265
485 955
926 353
795 865
925 651
700 981
162 196
435 798
323 269
984 517
444 874
656 621
192 754
444 22
666 54
507 179
176 438
223 327
581 20
195 402
238 207
557 700
669 413
176 939
915 786
44 727
283 427
796 441
822 745
385 640
515 639
545 884
99 556
600 23
401 269
403 353
446 1
725 985
1 736
865 649
413 655
285 346
676 841
567 664
596 75
573 40
551 934
885 617
736 136
276 943
472 254
755 825
800 315
955 798
472 285
981 471
767 899
844 454
456 610
934 567
25 265
809 220
849 103
407 226
5 245
421 303
721 891
652 682
479 533
265 422
789 758
517 433
928 51
47 603
404 201
196 222
978 932
830 630
336 742
194 665
194 255
917 86
213 165
238 844
647 458
458 258
703 489
769 482
519 743
654 921
460 489
747 975
25 997
521 513
143 696
149 585
560 651
529 414
324 237
982 312
645 354
737 185
562 533
849 668
794 354
451 694
976 802
436 905
359 337
743 312
104 374
664 419
959 880
33 989
870 638
291 30
100 991
32 547
962 88
423 923
611 111
663 656
91 174
490 341
959 894
868 866
598 272
37 774
352 325
40 434
440 301
391 699
706 344
696 86
932 214
695 567
126 364
884 951
227 691
671 378
208 362
282 830
164 503
737 639
849 433
113 766
710 455
64 216
928 431
910 63
984 206
98 229
283 407
279 123
942 160
703 121
953 284
32 747
606 357
282 274
302 254
668 645
196 570
152 606
764 175
91 467
212 172
493 967
912 581
104 385
776 464
572 112
742 985
94 159
676 439
624 917
519 120
92 888
71 348
30 36
318 914
612 33
397 526
779 70
652 35
407 498
462 739
45 609
835 170
504 170
469 482
451 924
103 76
35 305
614 128
511 69
33 710
256 465
138 130
122 932
917 691
985 746
260 825
67 716
623 69
125 993
454 439
181 177
552 418
630 548
152 832
157 547
926 637
547 634
410 633
865 773
663 117
110 261
56 653
678 798
100 797
226 859
437 513
784 580
780 625
85 497
371 858
53 483
49 967
967 963
497 910
34 146
442 719
103 740
814 307
328 95
335 80
459 783
580 841
574 419
759 503
295 222
971 791
422 620
986 263
436 96
569 432
167 433
281 756
791 557
83 251
887 896
227 7
902 653
839 492
325 3
827 25
792 976
957 458
173 910
595 285
364 353
816 354
967 705
676 155
577 38
62 211
279 430
165 374
830 342
451 854
12 570
342 158
404 294
924 783
893 504
958 348
951 326
328 176
789 334
485 252
93 572
685 953
677 557
678 453
284 894
865 988
934 560
477 709
438 373
371 629
610 333
209 879
104 391
907 537
266 445
375 686
91 585
858 261
545 429
933 372
692 746
39 680
383 327
659 958
304 818
538 588
384 789
56 316
29 555
855 83
702 887
920 58
621 488
442 733
395 4
602 309
909 691
704 494
918 824
777 547
748 171
451 469
583 914
647 934
763 555
36 34
467 876
17 537
478 713
59 166
623 947
106 672
533 6
628 992
356 412
259 234
418 143
623 348
93 623
89 98
806 149
237 27
141 262
807 139
330 34
522 65
273 486
127 447
828 128
289 206
246 839
644 930
782 982
796 954
226 679
512 695
258 760
94 553
412 457
107 645
827 986
948 495
773 336
748 442
958 844
562 611
106 117
743 158
377 81
787 759
480 150
117 75
852 856
765 577
624 188
77 648
460 957
21 868
738 167
967 513
399 281
715 520
757 85
684 38
40 399
696 721
997 801
602 922
872 785
808 74
809 509
121 88
898 912
189 942
786 748
577 990
716 287
284 761
916 936
281 827
540 224
551 129
151 684
651 383
947 388
240 745
823 359
448 147
361 900
851 967
294 197
426 724
543 922
380 626
838 318
918 482
486 444
241 445
634 425
915 429
69 586
564 245
87 210
740 284
531 362
921 320
962 618
636 386
757 584
242 550
892 291
236 649
10 818
115 427
640 562
411 385
731 494
533 201
401 309
818 813
126 806
580 914
148 480
755 301
937 713
920 337
859 37
387 893
777 937
989 944
929 154
681 656
840 16
379 248
294 348
138 897
101 311
951 879
149 649
907 376
498 51
911 1
45 276
138 4
805 759
349 467
7 12
744 579
996 539
568 220
997 992
121 171
603 381
679 153
266 840
947 319
638 709
41 200
497 180
40 67
533 972
587 6
766 29
454 747
46 699
592 425
577 265
196 833
683 919
283 792
439 868
361 468
80 491
155 216
193 270
510 222
769 654
801 110
146 331
448 278
535 464
9 173
558 949
102 322
36 801
724 378
244 785
901 974
961 69
231 668
160 494
260 940
942 885
774 97
469 62
409 769
877 516
651 537
30 776
502 792
615 560
636 257
237 804
279 303
787 573
634 831
488 343
417 935
779 697
348 788
744 111
717 136
239 456
347 911
797 364
784 557
479 589
502 654
584 531
409 872
488 14
857 607
193 141
834 401
503 299
943 870
491 232
875 217
281 927
850 846
981 125
874 754
327 457
508 919
586 715
571 247
472 614
639 285
318 999
944 207
917 472
752 394
702 691
720 588
596 900
583 304
77 906
90 692
742 499
404 164
774 974
810 597
579 460
162 369
376 43
882 693
531 717
463 820
577 45
754 270
219 35
169 734
892 465
934 619
250 390
16 666
683 803
187 664
265 970
88 15
444 398
986 150
548 505
694 619
600 437
145 527
605 159
518 62
592 133
885 517
938 247
227 336
828 829
483 508
723 504
182 175
948 503
648 215
623 874
662 192
879 227
107 2
839 525
938 26
186 813
772 148
929 977
559 212
669 643
725 555
140 321
34 492
249 616
312 57
280 555
105 501
281 37
221 792
23 120
647 243
231 258
442 353
182 104
759 49
7 905
183 832
438 665
29 45
732 11
286 639
300 306
785 839
411 839
197 771
312 243
521 497
621 665
921 282
790 375
684 894
770 698
460 508
958 517
519 988
458 376
176 9
95 899
912 841
728 252
972 602
529 19
424 928
844 993
527 786
708 892
383 84
648 820
685 242
10 800
504 555
80 900
498 190
525 966
86 182
902 605
975 836
135 761
712 872
445 495
999 845
51 197
242 111
747 862
797 175
2 555
39 721
23 534
123 512
385 258
460 619
876 319
23 273
43 635
839 917
914 974
664 872
380 165
108 947
527 782
89 461
157 795
933 194
304 380
541 251
244 648
605 84
420 247
36 159
636 814
470 25
742 107
216 138
207 99
112 919
762 664
494 886
599 198
985 324
83 673
928 303
356 624
378 537
997 841
40 461
638 600
581 959
1 518
894 662
591 340
508 134
474 726
34 70
945 265
388 275
103 781
533 505
227 90
322 12
884 897
742 338
247 256
207 329
296 284
987 33
920 512
435 778
950 155
898 851
178 699
527 168
842 212
7 898
667 211
226 945
646 312
963 242
294 595
390 734
325 285
271 738
359 880
208 56
176 956
131 973
46 557
722 343
8 267
406 682
967 215
181 705
753 617
437 311
463 994
551 296
947 216
15 53
623 88
828 712
41 362
17 195
154 394
964 239
340 418
570 977
623 311
346 127
409 154
486 194
870 490
504 740
975 759
969 554
990 83
336 278
540 699
290 414
640 723
677 637
970 800
617 644
68 879
199 692
107 900
990 951
914 864
921 213
945 940
181 42
610 863
178 79
778 142
702 341
872 468
917 369
458 696
982 167
979 615
550 855
649 957
106 918
259 132
517 100
903 357
523 718
827 443
260 855
254 713
594 64
44 946
423 353
540 283
159 540
73 433
483 334
381 856
118 696
102 512
994 866
930 253
866 420
732 467
573 454
846 244
756 964
645 58
638 85
79 495
982 438
869 493
66 359
664 355
750 462
543 649
990 223
575 314
769 29
461 665
227 822
771 957
979 28
973 996
710 198
361 341
150 634
736 813
807 421
810 190
458 901
549 345
988 795
962 666
447 681
862 659
58 443
326 568
550 389
389 289
412 829
226 984
730 290
125 850
469 568
599 804
895 16
964 860
826 164
885 58
953 779
915 321
313 253
77 893
285 345
35 568
505 130
173 44
542 607
202 55
34 482
621 12
301 594
651 242
298 587
41 914
93 446
981 405
160 783
152 330
676 211
700 192
824 885
848 981
26 151
773 644
720 677
984 840
78 949
988 224
640 278
132 447
361 882
653 106
807 80
743 827
468 540
978 828
980 16
364 679
539 974
723 984
16 244
100 779
686 106
449 78
489 988
194 731
703 436
299 139
549 186
868 481
56 777
721 277
392 556
949 571
220 601
310 130
14 657
727 384
990 800
47 688
247 617
661 854
886 150
461 84
455 156
214 335
799 738
520 91
933 943
165 189
160 479
351 320
753 633
664 509
132 623
757 79
101 255
142 74
723 774
202 208
932 297
420 838
594 42
946 209
723 337
448 784
776 91
151 521
519 568
793 821
872 453
689 621
501 943
248 59
655 368
243 685
314 69
392 330
930 561
643 355
629 810
632 678
581 116
844 51
642 836
649 320
180 541
793 271
515 245
313 935
177 740
706 444
251 311
237 104
149 181
30 595
120 340
53 484
564 969
658 799
403 631
486 10
514 376
154 821
871 673
827 278
755 358
451 234
590 286
192 119
659 336
33 661
407 689
902 264
568 990
686 286
985 767
91 849
753 979
326 677
777 732
652 433
509 229
649 164
171 720
437 300
484 414
511 573
43 868
61 862
601 618
883 605
34 484
378 45
146 551
401 242
552 32
731 599
398 717
142 751
400 549
524 664
843 112
778 991
283 567
726 980
978 94
830 106
398 636
0 708
350 167
266 364
636 902
679 83
347 315
288 353
498 349
929 749
682 475
389 846
158 411
110 906
870 222
17 124
41 762
957 194
517 96
951 44
546 553
143 337
593 731
504 368
878 574
113 901
833 998
533 531
863 693
543 112
936 520
666 679
414 535
36 366
895 147
396 897
185 931
662 876
197 311
755 159
32 842
911 413
150 956
236 539
951 610
820 931
700 151
900 383
262 438
999 4
651 862
921 657
848 825
189 865
684 195
222 589
183 974
972 516
314 104
203 812
464 908
272 979
70 491
380 346
631 871
948 567
890 265
140 873
149 418
198 766
362 454
12 457
850 140
175 499
342 318
636 584
600 720
709 9
170 541
199 338
284 744
10 889
424 689
563 719
644 747
473 776
195 944
606 111
641 594
855 628
555 207
795 47
960 13
740 445
346 125
139 611
910 297
758 383
68 834
213 139
589 584
766 648
965 794
403 533
747 342
171 514
87 374
896 976
936 75
48 747
306 233
974 976
426 705
539 836
670 956
845 408
336 88
540 789
83 178
440 423
22 95
378 361
406 338
258 659
254 614
839 840
443 286
347 243
96 261
637 97
947 565
255 647
127 578
104 643
963 364
565 866
458 133
958 141
256 627
887 29
22 284
453 667
388 3
496 125
866 673
920 930
59 60
801 549
73 632
169 52
326 383
740 56
869 995
738 207
919 4
515 543
735 573
245 19
17 235
594 450
986 623
788 984
434 629
756 94
762 649
363 878
138 817
805 760
490 581
990 859
657 728
731 868
735 333
405 146
710 646
689 660
704 247
584 676
52 977
260 247
708 821
927 870
671 347
58 402
922 734
211 89
88 713
560 391
98 993
874 269
45 446
523 875
863 737
957 443
718 536
301 711
123 991
433 698
182 785
665 412
733 188
777 793
337 490
689 791
653 317
956 199
453 79
247 955
101 468
718 877
82 794
613 33
505 351
158 354
416 739
781 351
706 113
859 96
432 194
12 883
145 376
333 681
989 426
857 377
300 252
297 215
806 712
746 439
349 197
959 833
942 315
492 243
709 888
809 972
350 94
452 83
256 203
789 151
967 143
841 928
71 245
356 702
726 721
611 354
656 436
744 251
648 618
360 345
289 307
919 685
631 567
285 303
53 502
501 439
729 634
259 47
455 161
552 370
613 383
803 82
163 79
779 993
216 241
698 430
657 698
330 485
497 344
972 689
588 392
544 92
255 580
559 938
477 19
839 228
612 588
273 634
425 674
95 931
693 971
105 931
51 237
723 711
631 445
184 810
811 340
606 235
16 177
530 555
853 830
215 671
250 678
435 22
35 660
217 358
194 837
761 406
449 141
221 302
57 411
344 887
669 828
927 881
322 928
640 709
165 398
408 331
209 812
479 548
621 240
857 478
550 820
920 148
114 786
550 176
276 132
785 940
308 71
791 119
974 817
330 714
561 594
700 489
703 889
274 814
614 237
283 678
684 437
129 744
542 856
168 645
45 944
376 100
291 146
601 855
750 136
697 205
137 428
778 797
718 770
23 929
467 562
818 655
610 696
96 673
430 194
994 604
279 747
973 813
920 190
453 594
926 91
354 982
108 234
403 78
407 749
814 748
979 16
757 178
306 385
985 322
437 414
641 821
539 804
617 810
370 609
640 258
631 551
446 814
562 912
275 452
227 905
913 7
219 187
645 978
176 433
166 717
790 622
887 842
898 498
263 816
340 606
419 669
814 598
385 166
617 957
761 346
351 207
490 4
426 358
882 265
865 654
542 247
464 32
988 986
744 291
238 689
310 25
473 215
778 185
594 257
740 304
333 637
453 562
623 210
968 261
463 701
650 894
471 443
132 655
165 498
284 223
860 357
639 59
978 188
436 852
104 482
574 714
137 417
874 8
656 896
222 27
405 328
25 181
925 431
887 63
838 902
463 783
133 950
21 248
541 680
200 527
485 38
542 986
755 56
264 484
750 446
780 460
775 335
82 435
97 40
836 142
375 670
229 132
581 732
681 913
196 764
864 76
978 388
45 889
36 655
150 65
201 564
312 148
337 546
840 763
710 180
172 529
722 739
559 304
347 254
791 938
557 471
739 413
560 657
796 191
575 780
307 960
149 505
195 435
5 747
515 49
635 422
983 219
974 476
686 199
754 455
339 820
527 621
696 412
863 760
102 778
861 606
518 642
980 118
574 567
638 521
445 317
418 246
783 208
221 65
388 799
336 690
703 629
597 601
457 123
201 837
26 225
48 705
554 726
533 633
7 498
924 370
548 438
266 21
904 132
813 44
751 438
631 10
143 259
689 303
834 663
947 261
41 921
272 48
62 30
275 436
40 353
560 190
729 293
944 355
121 720
977 394
366 163
64 960
557 544
662 695
48 603
980 384
544 719
171 590
429 629
247 282
502 288
61 89
254 827
659 157
220 673
635 725
105 526
613 654
230 701
512 266
480 439
105 476
82 387
274 21
120 147
151 417
828 387
55 291
950 998
830 756
453 166
733 516
3 898
651 484
535 729
755 924
536 142
544 650
594 261
56 595
796 733
636 31
363 406
991 427
517 764
148 260
660 254
234 298
217 350
743 722
832 840
917 610
622 315
569 415
764 557
390 172
811 859
268 152
912 61
615 723
850 449
62 124
503 360
642 69
973 854
203 979
555 629
457 861
714 872
534 697
174 340
329 128
99 508
133 568
547 371
959 70
411 354
721 176
655 411
850 770
783 161
257 48
540 337
678 801
814 33
145 51
930 202
936 137
723 497
204 854
114 908
401 369
56 901
722 994
329 727
327 505
674 184
606 709
30 947
91 317
303 580
150 418
976 811
271 370
329 273
489 469
570 320
983 444
812 176
405 913
434 937
711 212
594 783
515 452
177 679
298 255
683 363
902 75
299 911
443 192
355 340
594 752
209 884
114 585
34 17
235 584
345 941
387 913
34 836
821 199
922 505
567 127
879 963
705 244
112 994
415 185
316 553
133 509
12 850
479 162
185 176
724 332
465 57
702 485
596 446
992 707
726 226
31 793
588 218
570 108
960 813
434 431
400 379
380 402
961 361
943 459
230 495
117 778
570 163
530 28
599 646
744 522
164 779
42 283
389 603
578 246
490 384
562 22
979 946
682 21
277 540
388 440
106 693
608 58
197 15
954 337
544 711
8 971
463 55
554 434
248 103
566 350
283 524
38 934
56 985
611 106
846 257
639 601
195 485
63 853
821 993
780 580
436 987
802 16
352 559
185 50
324 1
674 497
471 804
950 81
381 146
631 382
440 551
399 476
614 968
100 332
804 73
756 188
372 799
808 352
480 98
975 968
585 897
680 362
391 338
439 240
727 696
292 973
44 166
657 278
805 815
926 453
366 543
730 593
476 651
20 298
495 272
674 926
902 202
581 887
980 795
359 753
988 267
706 705
276 627
93 629
361 697
21 175
297 229
187 786
267 698
654 398
468 461
273 390
96 723
937 313
294 912
379 381
821 995
484 101
681 965
560 120
256 886
509 413
894 889
921 325
69 867
468 901
152 806
250 719
361 705
22 88
26 771
233 397
365 452
555 690
199 348
50 925
881 705
795 54
891 343
563 828
288 366
433 442
377 871
335 801
301 145
850 432
921 739
949 188
236 772
453 689
881 985
764 888
801 318
288 25
313 610
174 144
205 279
576 585
970 97
159 164
734 674
422 746
128 423
31 527
466 685
706 989
150 314
995 989
792 581
386 334
20 538
33 803
181 739
309 956
913 582
416 635
759 854
414 834
398 547
729 797
442 104
520 170
450 386
610 136
885 20
603 139
117 714
430 915
483 612
619 936
355 323
230 497
839 127
30 864
622 990
891 730
433 835
930 810
426 199
623 889
259 585
443 210
386 209
78 317
977 591
311 198
466 243
340 269
625 31
939 519
55 17
505 163
158 96
526 606
690 818
71 462
71 516
312 342
224 866
564 780
353 344
89 124
2 131
18 597
915 593
466 972
341 94
288 139
583 875
88 323
157 272
351 799
700 36
328 918
141 766
169 907
601 99
109 993
879 737
297 73
111 29
393 468
801 270
371 895
40 437
934 196
780 951
194 266
34 866
463 919
700 457
791 447
964 26
22 542
723 820
833 699
264 828
579 188
865 800
829 334
641 24
785 987
838 963
157 303
642 986
46 183
729 338
787 427
63 67
790 414
137 61
546 433
666 262
331 678
27 744
577 629
806 737
211 629
105 215
448 176
794 333
622 17
255 105
688 563
520 880
453 542
64 85
261 789
296 543
582 734
140 255
302 140
247 487
159 158
268 415
99 707
896 35
734 121
93 532
73 768
746 554
428 110
570 939
684 742
568 348
60 585
371 289
577 55
120 68
671 779
615 90
848 237
296 565
536 439
710 558
57 957
460 882
759 165
18 562
639 250
111 936
623 670
668 988
252 909
118 378
900 327
275 590
853 35
482 208
13 620
473 267
573 659
360 996
826 881
138 432
808 991
277 243
57 823
268 440
925 391
830 369
620 530
613 17
480 263
533 4
481 590
95 878
781 392
614 922
663 892
584 186
936 603
423 675
62 854
438 904
527 429
419 215
403 965
795 402
530 235
89 208
975 512
106 762
545 669
628 800
948 370
797 305
491 929
17 159
553 91
782 918
748 271
783 543
228 734
299 392
715 907
103 880
268 926
929 312
257 741
744 383
464 36
656 701
913 350
215 168
193 329
125 36
977 982
341 547
293 350
514 484
46 680
667 587
928 806
71 394
744 597
613 601
532 974
588 225
172 45
227 860
58 523
636 332
81 753
918 741
832 615
946 808
236 89
296 648
860 788
235 748
249 332
604 6
832 295
581 374
554 875
243 641
220 448
665 60
223 37
665 378
53 130
376 27
632 403
29 11
874 997
429 796
479 799
172 863
935 868
503 16
501 961
491 193
498 809
685 492
602 772
306 265
772 233
669 100
59 355
851 67
736 19
315 112
3 769
475 646
239 668
430 842
780 76
452 258
749 375
544 945
945 495
141 572
473 321
492 695
793 254
284 68
251 554
438 419
991 33
247 663
165 845
529 587
0 425
982 222
426 49
178 760
206 11
603 958
305 200
64 685
614 402
270 142
890 111
389 581
424 558
908 27
370 983
269 491
155 114
85 12
212 933
972 201
186 126
864 585
953 149
219 699
42 944
323 191
540 528
33 570
390 502
761 150
274 796
361 69
534 551
844 10
677 361
654 822
786 379
101 754
210 728
240 363
832 939
567 245
4 141
984 679
20 191
653 616
254 412
395 148
432 32
179 694
870 328
317 93
225 415
793 506
839 759
510 791
472 250
550 157
376 162
690 747
276 414
215 637
334 798
644 660
357 267
246 989
174 789
376 676
919 774
793 559
129 314
900 266
149 513
540 951
659 377
726 977
466 401
122 131
414 312
525 731
273 461
858 608
681 779
341 776
60 634
274 433
522 572
814 286
673 859
890 353
288 62
970 76
18 996
988 662
603 585
140 268
823 37
634 979
373 753
243 896
48 159
700 678
433 903
978 491
65 524
10 103
815 303
406 360
762 6
183 48
857 338
612 243
306 260
97 557
821 937
77 417
734 914
439 258
512 454
287 966
296 683
75 796
729 609
164 388
705 855
18 26
620 458
726 739
991 871
827 486
339 377
559 840
294 152
601 564
669 663
91 84
474 820
684 608
783 227
90 132
411 575
293 308
149 220
613 204
223 727
216 626
829 598
233 904
720 447
771 655
653 435
433 886
921 46
125 626
430 44
270 831
359 689
544 835
794 972
862 401
11 324
107 542
595 850
122 376
202 200
213 215
991 566
832 779
526 30
245 556
926 522
153 641
103 160
84 14
936 243
803 356
917 31
819 153
504 758
642 627
716 738
224 309
700 452
737 241
651 424
158 154
726 615
45 314
188 44
644 300
73 98
78 384
676 167
114 903
265 301
744 850
496 346
709 604
473 343
815 908
921 248
850 496
338 520
550 801
93 372
255 960
172 83
114 856
487 869
223 628
417 765
340 125
919 936
542 777
108 14
539 294
591 136
113 302
612 862
300 122
902 754
989 742
961 489
295 453
494 209
299 333
434 467
527 717
669 420
786 654
787 712
896 845
579 806
154 134
55 269
21 630
733 223
205 35
876 786
737 686
259 50
359 577
338 122
803 284
669 552
506 831
514 599
393 591
748 726
756 971
963 245
147 940
999 736
617 477
33 577
584 548
457 784
691 281
86 930
915 678
508 546
219 64
190 804
289 575
988 745
412 27
106 434
673 738
4 445
537 629
262 420
930 824
509 859
947 658
101 724
1 595
46 78
354 802
501 938
520 301
854 305
66 227
74 695
270 726
265 942
18 886
718 526
302 962
7 171
985 101
1 598
804 987
90 639
363 831
708 340
482 296
157 268
319 363
552 5
783 305
967 468
62 760
321 637
299 593
914 579
163 184
460 551
258 876
155 634
185 592
39 896
747 293
272 880
728 847
930 362
581 533
366 205
595 339
586 445
842 944
279 773
377 164
94 326
403 239
83 821
674 597
83 873
491 383
127 219
247 265
679 197
622 155
680 462
726 978
942 459
271 931
810 389
892 820
257 514
293 454
355 272
24 890
70 967
425 847
444 310
580 292
434 756
770 336
592 587
975 195
482 286
415 207
125 90
37 295
905 118
492 985
277 316
748 704
210 953
574 357
444 203
84 46
339 677
344 424
138 40
435 804
835 565
895 13
139 431
600 870
808 635
404 169
208 473
254 179
38 587
596 544
77 201
740 112
873 970
851 642
547 387
494 27
474 603
104 151
682 876
126 297
708 205
941 839
782 426
685 61
539 222
473 794
806 168
801 229
539 314
160 827
167 547
518 929
102 5
84 49
594 655
833 282
67 144
629 777
568 302
0 626
97 880
493 165
466 358
220 856
102 450
102 809
722 985
223 588
390 748
152 2
301 106
76 198
126 524
8 575
632 52
796 984
818 669
773 384
141 681
575 111
75 512
377 239
17 360
19 902
763 362
933 524
113 1
771 403
529 93
339 148
570 882
988 885
30 498
551 368
135 183
580 321
493 800
588 20
320 234
570 124
337 151
248 50
563 213
31 678
837 348
278 984
470 674
907 512
921 498
936 416
255 42
646 863
570 175
80 541
47 12
314 802
303 577
392 48
81 566
557 941
467 761
739 955
233 637
899 588
223 11
879 42
414 947
261 135
481 541
319 968
323 944
87 883
628 928
548 333
584 6
274 585
849 719
589 755
268 256
440 917
402 565
645 727
330 110
420 886
283 328
271 255
146 393
772 428
725 217
462 927
432 827
653 936
494 501
21 965
539 479
167 463
909 61
485 312
999 504
793 51
725 294
258 865
525 333
794 655
742 459
721 854
765 858
406 530
763 50
449 479
19 495
997 241
675 899
141 624
931 359
413 160
976 984
579 927
516 81
523 435
743 781
508 276
845 186
759 482
963 537
533 669
124 189
26 293
186 159
724 258
104 525
483 503
131 129
586 775
179 510
696 428
532 986
519 874
565 508
784 316
933 599
767 526
635 882
54 861
873 207
906 255
90 367
198 946
468 128
644 211
939 189
617 509
648 587
159 318
739 151
934 61
909 66
955 665
623 29
868 705
882 73
249 625
205 699
271 384
63 906
827 978
590 513
317 666
784 150
607 440
162 232
713 608
206 44
397 716
130 68
128 571
409 370
634 197
574 844
123 500
752 440
378 903
974 159
885 759
756 143
312 716
664 139
642 319
790 427
201 805
23 835
576 948
771 663
612 812
342 656
299 366
845 92
983 667
489 421
263 269
946 215
170 508
42 744
901 375
110 189
297 656
435 43
180 636
260 172
732 44
583 10
217 484
83 842
811 967
183 391
803 174
980 990
247 613
79 427
538 650
551 359
967 16
415 243
316 340
850 462
915 291
185 51
684 182
832 906
679 485
942 37
229 546
199 717
480 897
397 325
392 539
915 766
351 866
469 96
620 586
752 103
395 155
702 117
837 101
637 192
907 377
882 836
305 85
159 681
741 787
417 83
930 555
20 865
1 244
450 49
696 914
532 883
815 703
285 542
769 184
549 122
335 645
216 1
830 394
836 250
897 829
831 653
588 812
770 563
324 639
732 187
113 72
446 63
977 496
350 956
851 793
830 375
191 206
210 139
88 699
347 104
269 16
665 868
220 370
201 515
644 60
121 689
41 412
272 952
91 761
120 551
809 23
331 742
934 690
233 639
846 997
776 563
481 579
15 807
646 598
118 207
690 404
246 94
743 467
961 626
757 496
248 341
935 472
825 929
819 66
842 404
369 79
803 235
772 213
965 43
357 807
281 771
74 518
125 479
245 459
288 19
370 863
613 556
970 540
188 850
82 164
560 801
93 74
502 535
592 952
514 969
405 430
475 813
581 831
357 502
104 634
345 62
250 331
361 580
197 496
321 363
52 337
249 521
738 160
645 287
161 704
486 258
934 84
435 876
118 804
824 503
275 213
248 308
774 907
13 230
672 123
229 375
301 920
635 183
946 968
22 223
397 8
402 423
256 468
359 827
57775 -1 -1 -1 -1 -1 -1 62223 -1 -1 25007 61004 53153 59700 -1 -1 59967 -1 11634 -1 -1 -1 -1 -1 -1 -1 29127 -1 -1 -1 57498 11488 -1 35553 -1 56227 -1 -1 -1 -1 -1 10389 39718 -1 -1 -1 -1 -1 -1 4886 51794 19450 -1 -1 39875 -1 43220 -1 -1 -1 -1 -1 -1 -1 -1 -1 -1 -1 -1 -1 -1 37672 -1 -1 -1 5972 -1 -1 -1 -1 -1 -1 -1 -1 -1 -1 -1 -1 -1 -1 -1 -1 -1 -1 -1 -1 -1 -1 -1 -1 22647 811 -1 -1 -1 -1 -1 -1 -1 -1 -1 -1 -1 -1 -1 -1 31901 -1 53098 -1 26738 -1 -1 -1 -1 17042 20808 -1 7995 -1 -1 -1 -1 -1 -1 -1 -1 -1 -1 -1 -1 -1 -1 -1 2591 47308 -1 -1 -1 -1 -1 -1 -1 -1 -1 54387 -1 64268 -1 -1 -1 -1 -1 -1 -1 -1 33704 -1 -1 -1 61646 36722 -1 -1 -1 -1 -1 23656 -1 47293 -1 -1 -1 -1 -1 -1 64003 58987 -1 -1 -1 10092 -1 -1 -1 -1 8553 -1 -1 20681 -1 -1 -1 -1 -1 -1 -1 -1 29468 -1 -1 -1 -1 -1 -1 -1 20328 -1 27975 -1 -1 -1 -1 -1 56973 -1 -1 51269 2232 -1 -1 -1 -1 -1 -1 -1 -1 -1 -1 -1 -1 -1 -1 -1 -1 -1 -1 -1 -1 32212 -1 -1 -1 -1 47770 -1 -1 -1 10821 -1 -1 41086 -1 -1 32754 -1 31046 -1 -1 -1 -1 960 -1 -1 -1 -1 25382 -1 -1 -1 -1 -1 -1 -1 -1 -1 -1 -1 -1 -1 -1 -1 -1 20494 -1 -1 -1 -1 -1 -1 -1 -1 -1 -1 -1 58659 -1 -1 15010 -1 -1 40523 -1 -1 -1 -1 -1 6528 50661 -1 -1 -1 -1 -1 41853 -1 -1 -1 -1 -1 -1 59279 -1 -1 -1 -1 -1 41382 6352 -1 -1 -1 -1 25896 -1 -1 -1 15061 -1 -1 -1 -1 -1 -1 33640 5718 -1 -1 -1 -1 -1 -1 -1 14297 -1 -1 -1 -1 -1 -1 -1 43796 -1 -1 21192 -1 -1 -1 65298 -1 -1 -1 -1 9384 -1 5361 -1 -1 -1 -1 -1 49591 -1 23751 -1 -1 -1 -1 -1 -1 -1 -1 -1 -1 52885 -1 50502 -1 -1 -1 -1 -1 37008 21366 -1 -1 -1 -1 -1 -1 -1 -1 -1 56701 -1 -1 -1 -1 -1 -1 -1 -1 -1 -1 -1 -1 43708 -1 -1 59498 -1 -1 37325 -1 -1 -1 -1 -1 -1 -1 -1 -1 -1 -1 -1 21507 -1 61463 -1 19093 -1 43897 4125 -1 -1 -1 -1 42864 -1 -1 -1 12738 38980 -1 -1 -1 -1 3865 -1 -1 35613 -1 -1 26923 59500 1574 -1 -1 -1 -1 -1 -1 16502 -1 -1 -1 -1 24085 -1 -1 -1 -1 -1 -1 -1 1791 58780 -1 -1 -1 -1 -1 -1 -1 -1 -1 36908 -1 10278 -1 -1 -1 -1 55133 43271 -1 -1 -1 54412 -1 12428 11198 -1 -1 -1 14169 -1 -1 30206 34377 -1 -1 -1 9239 -1 -1 -1 -1 -1 -1 26241 15887 -1 -1 -1 -1 -1 -1 -1 -1 -1 -1 -1 -1 -1 -1 -1 -1 -1 -1 -1 -1 -1 -1 -1 -1 -1 -1 1628 -1 -1 24352 -1 31752 -1 -1 -1 -1 -1 -1 -1 -1 -1 -1 -1 -1 -1 -1 18045 -1 -1 61918 -1 15851 -1 51270 -1 -1 -1 -1 -1 -1 -1 6182 -1 -1 -1 -1 -1 -1 -1 -1 -1 -1 -1 -1 -1 -1 36784 -1 31784 -1 -1 -1 4517 -1 -1 29550 -1 -1 -1 44545 -1 -1 -1 -1 -1 -1 3288 -1 -1 59905 -1 -1 -1 11130 25913 -1 -1 -1 48283 -1 -1 -1 -1 -1 -1 -1 -1 -1 -1 -1 -1 -1 7432 -1 -1 -1 28803 -1 -1 -1 -1 -1 -1 -1 -1 -1 -1 -1 -1 -1 1985 -1 -1 -1 34035 -1 8147 -1 213 -1 -1 -1 -1 -1 -1 -1 -1 -1 -1 -1 -1 -1 248 -1 -1 33050 -1 -1 5214 -1 25907 -1 -1 -1 -1 -1 -1 42637 -1 20240 -1 -1 16849 -1 -1 -1 49681 -1 -1 -1 -1 -1 -1 -1 -1 -1 -1 -1 -1 23538 -1 -1 -1 52828 -1 -1 -1 -1 -1 29176 11130 -1 -1 -1 -1 -1 -1 62862 -1 -1 -1 -1 -1 -1 21574 -1 36175 -1 -1 -1 -1 -1 22630 -1 -1 -1 -1 -1 -1 -1 28189 3538 52729 -1 -1 38707 -1 -1 -1 -1 62022 -1 -1 -1 -1 -1 -1 -1 -1 -1 -1 -1 -1 50565 -1 -1 -1 -1 -1 -1 60828 -1 -1 -1 -1 -1 -1 -1 -1 -1 -1 -1 -1 -1 55580 -1 -1 8858 21030 -1 -1 -1 -1 -1 -1 -1 39561 -1 -1 -1 -1 -1 -1 -1 -1 -1 29116 -1 -1 -1 -1 -1 -1 -1 -1 -1 -1 -1 60023 27599 -1 -1 -1 -1 -1 -1 -1 -1 -1 -1 62980 -1 63417 -1 -1 -1 -1 40037 -1 -1 -1 58269 -1 15563 38517 49510 -1 19422 -1 -1 -1 -1 -1 -1 -1 19418 -1 32697 -1 -1 23587 -1 -1 -1 57707 -1 -1 -1 -1 -1 6360 26867 -1 -1 -1 -1 -1 -1 -1 -1 45489 -1 -1 -1 -1 -1 -1 -1 50783 -1 -1 -1 -1 -1 -1 -1 -1 -1 -1 -1 37153 -1 -1 -1 -1 -1 -1 -1 -1 -1 -1 2266 -1 38250 -1 -1 -1 15171 -1 -1 -1 -1 -1 -1 -1 -1 2417 -1 -1 -1 -1 -1 -1 -1 -1 -1 -1 -1 -1 -1 -1 -1 -1 57028 -1 -1 -1 -1
2
0 164 11 859 13
1 412 12 849 2
