1000 5000
240 396
523 364
386 629
326 28
722 101
932 599
479 345
227 545
995 808
235 467
372 216
228 981
868 809
265 431
630 933
717 964
942 89
636 217
760 505
844 167
338 920
528 452
853 195
636 147
540 76
348 720
456 106
692 101
665 233
603 971
579 132
952 669
764 572
224 753
683 830
133 652
552 375
142 912
694 97
278 656
263 67
406 768
299 82
473 167
189 696
552 604
649 666
646 805
94 592
251 400
967 683
723 674
944 505
144 788
583 937
731 232
795 713
296 916
142 229
895 50
91 207
622 9
356 676
490 643
447 407
477 407
68 745
133 173
445 821
413 673
570 144
286 785
113 263
704 329
79 410
380 129
874 420
463 286
492 847
318 866
249 436
31 551
736 996
404 355
437 249
756 304
176 735
848 474
625 949
365 247
237 258
849 364
899 137
785 301
931 698
694 866
280 520
490 299
228 988
465 818
162 411
899 476
537 566
255 934
14 746
148 98
151 698
309 176
95 49
106 207
729 388
989 691
945 788
841 451
620 67
941 310
259 401
128 839
782 478
887 368
489 539
959 410
606 896
935 638
501 67
346 873
550 713
499 722
114 318
311 176
833 373
110 147
835 862
362 73
503 738
924 844
496 331
74 52
571 219
738 519
534 889
592 246
17 510
186 319
352 138
999 606
402 945
263 409
754 437
543 157
400 69
769 961
928 632
47 42
523 828
637 677
126 290
164 913
695 439
619 360
153 504
526 250
941 844
204 850
775 162
671 147
11 700
58 277
484 674
490 32
171 925
384 391
552 484
437 911
200 767
796 889
513 413
599 822
707 804
601 334
864 845
833 355
670 868
963 484
253 556
544 615
18 366
500 636
334 125
251 863
373 995
694 587
694 876
667 672
3 20
513 422
847 662
470 857
3 497
232 452
430 776
252 66
597 268
525 206
829 843
720 277
838 556
139 624
152 699
910 383
324 982
672 934
196 170
379 293
659 5
290 526
138 627
220 668
981 970
634 350
342 39
484 303
676 438
379 295
369 460
746 361
78 168
932 940
383 799
94 390
402 611
219 595
903 80
185 88
206 62
103 256
484 918
983 223
12 8
400 593
952 59
584 657
979 92
637 3
56 221
609 446
732 886
8 376
548 977
152 403
588 563
947 965
246 99
914 486
360 274
72 561
215 181
652 719
823 741
331 516
845 70
778 792
434 664
895 529
326 243
552 284
383 571
710 989
784 445
968 935
713 660
825 295
954 556
567 136
778 26
491 536
738 476
513 158
523 935
813 486
316 251
918 500
93 490
819 920
241 231
571 563
392 56
232 984
693 921
662 170
177 213
62 896
49 785
259 860
852 622
150 138
972 254
354 774
722 592
814 728
50 389
132 738
195 183
606 653
295 984
312 173
982 367
952 65
817 53
655 532
577 441
517 912
551 793
456 375
514 707
222 555
147 34
211 950
517 527
424 40
717 699
828 791
285 419
508 690
292 538
284 334
453 709
934 142
266 830
543 12
809 964
156 83
714 716
623 597
943 971
73 531
166 516
160 487
622 883
843 410
244 840
607 252
351 928
969 565
957 110
625 192
424 607
522 867
94 10
48 443
904 220
930 139
947 665
706 367
314 290
771 30
204 554
546 727
161 847
181 596
983 847
938 395
482 493
125 515
340 655
276 939
875 988
239 555
703 316
642 421
779 518
177 40
539 431
412 521
895 826
393 128
153 679
554 88
294 347
657 292
801 868
996 555
288 902
711 521
893 6
717 323
459 506
627 659
688 160
893 352
325 631
740 55
769 921
798 771
508 830
575 618
315 398
633 748
283 31
420 538
233 313
353 847
281 99
410 663
816 818
740 885
589 461
429 629
457 672
487 713
147 872
190 52
401 533
996 958
377 692
520 227
148 640
98 606
473 468
389 126
70 19
14 270
678 199
599 866
988 153
62 123
743 632
622 354
274 670
524 938
180 549
122 339
358 962
701 196
625 493
216 450
320 540
578 860
573 460
832 578
470 105
644 625
381 792
686 935
722 463
939 552
984 604
957 311
979 660
425 307
309 271
906 458
726 684
405 483
295 150
130 34
395 465
705 799
574 727
631 664
626 491
165 428
897 845
205 380
402 485
527 632
696 30
961 138
506 126
645 17
421 56
685 72
964 303
704 420
15 132
675 441
132 673
336 845
585 241
547 506
823 818
206 163
194 960
553 355
2 106
73 862
300 618
272 354
145 84
293 213
673 656
759 106
986 114
801 459
23 589
26 661
471 308
128 754
100 95
522 205
369 212
188 566
763 350
445 576
900 447
416 554
201 623
697 812
379 309
753 293
615 663
29 412
643 230
406 997
840 354
940 417
261 649
493 441
653 750
816 254
506 417
111 144
515 646
710 900
270 451
901 847
688 448
876 81
77 990
715 259
175 808
86 53
261 249
128 824
869 999
391 741
138 382
3 833
548 495
739 389
789 368
324 298
133 76
652 962
460 552
902 876
317 347
255 533
340 624
868 583
819 640
325 578
433 502
712 677
814 388
266 228
519 696
567 787
949 717
993 607
127 225
237 908
836 410
602 243
766 248
683 822
870 486
420 428
426 19
437 825
686 243
80 72
685 236
371 657
784 826
152 819
497 253
665 85
940 635
833 871
560 110
233 224
154 749
809 699
777 817
526 151
165 691
195 371
951 173
842 106
85 709
381 920
710 855
874 476
933 134
424 27
915 252
212 624
122 73
692 151
305 435
601 93
184 624
509 425
399 939
145 392
41 221
995 282
319 908
487 440
240 940
692 507
193 203
264 846
969 285
773 889
839 819
536 187
888 347
360 479
346 998
387 581
379 117
970 963
82 80
437 868
360 724
509 262
387 232
446 169
707 683
876 324
122 949
632 634
617 857
410 130
489 344
407 369
493 654
908 123
149 981
880 291
684 950
66 696
677 69
933 871
240 47
163 335
143 717
800 911
556 124
447 457
180 893
706 303
627 641
6 539
278 363
702 905
864 571
271 351
616 467
529 360
798 839
323 529
569 282
402 353
922 119
114 805
7 278
575 152
556 835
461 116
472 455
16 320
5 833
671 817
713 654
945 550
83 382
329 782
222 911
86 294
210 114
961 152
382 108
221 23
301 330
142 948
849 560
87 773
808 662
605 183
233 169
488 289
276 122
319 407
687 805
40 896
514 237
356 897
696 271
947 199
718 385
918 649
297 682
615 368
861 805
196 936
909 112
257 638
442 914
786 936
103 254
345 852
867 926
203 749
465 240
437 166
524 371
783 738
270 767
644 117
908 129
369 228
707 702
932 559
370 533
747 57
823 214
223 979
834 511
269 642
386 181
526 721
635 487
464 98
853 764
745 659
980 975
198 599
46 450
55 271
487 892
487 39
799 616
884 534
520 311
399 835
252 681
186 195
591 551
707 178
132 691
614 502
293 649
792 543
8 957
376 457
264 79
490 166
547 447
662 796
408 537
83 39
736 15
329 553
111 274
863 524
316 340
387 747
144 555
599 943
29 903
151 972
0 329
267 674
739 431
137 982
361 368
816 556
968 269
603 450
579 643
817 174
507 70
901 891
790 282
334 919
331 593
988 50
620 195
612 615
46 856
23 351
646 946
627 730
781 218
903 530
393 670
767 93
757 597
46 163
586 872
585 296
957 253
789 75
490 718
1 887
223 99
320 407
285 515
974 424
956 511
860 195
461 478
276 473
276 314
918 651
471 797
557 62
557 715
743 470
447 400
278 62
890 457
490 126
841 408
444 992
268 997
731 216
46 883
791 676
745 46
967 941
104 430
728 654
769 343
500 899
56 916
791 770
277 696
683 641
855 738
121 706
748 258
988 202
521 441
606 244
538 45
313 666
690 595
68 50
709 48
462 111
769 298
370 84
390 693
114 609
158 331
432 206
510 587
223 826
518 387
834 929
517 491
815 725
726 509
94 642
662 955
987 366
914 144
439 276
101 622
2 412
582 490
103 479
512 149
265 174
876 409
993 974
669 802
956 729
503 366
659 191
17 189
886 386
229 860
87 54
631 42
182 531
597 595
117 749
903 346
865 552
796 844
646 41
646 310
138 774
803 696
705 744
144 293
571 611
90 416
476 127
811 366
816 609
222 476
334 246
287 783
72 263
542 652
783 118
985 406
51 305
738 196
208 371
870 675
972 752
902 463
681 616
954 905
320 170
609 781
853 414
513 365
992 579
516 698
466 999
465 633
214 247
574 96
90 288
540 199
48 225
528 570
130 251
494 246
14 92
965 240
391 636
349 973
425 846
152 552
977 760
622 503
76 940
34 893
32 492
928 822
233 894
80 169
27 270
991 828
94 275
331 462
343 85
241 444
281 50
187 72
228 162
925 868
730 985
309 870
786 655
3 774
471 496
398 401
597 861
737 493
593 796
515 655
455 809
389 671
392 73
896 235
884 471
724 32
867 431
188 174
938 49
626 411
550 434
276 296
476 965
191 135
760 957
803 397
89 373
691 336
882 307
498 608
402 130
990 140
780 467
502 981
553 826
603 297
458 874
200 243
941 298
409 737
520 720
482 912
138 963
462 804
34 555
616 900
975 414
258 188
66 634
265 88
79 52
574 580
585 316
242 458
801 73
520 44
670 198
320 207
116 546
543 859
251 156
640 999
274 814
154 847
31 277
987 742
330 944
23 6
437 431
390 485
88 401
944 343
356 141
297 438
975 126
313 154
966 192
716 102
391 708
613 239
146 88
244 997
883 435
673 825
519 871
83 612
294 732
587 866
383 113
701 577
453 795
161 969
222 76
873 253
454 0
258 20
513 170
888 710
642 682
503 306
267 272
279 263
518 217
849 205
125 757
211 455
255 310
424 480
592 545
679 832
654 589
771 938
746 963
787 408
225 597
697 287
808 304
334 620
513 417
219 598
29 524
141 28
529 744
80 645
180 32
767 489
415 654
51 706
209 657
883 714
59 538
648 416
125 705
427 363
419 405
969 37
931 996
315 949
594 147
282 648
393 158
770 411
338 525
996 891
880 709
993 132
953 509
96 361
77 116
205 559
551 133
667 501
217 499
429 815
663 454
902 963
46 166
407 511
162 508
859 416
597 858
112 762
837 471
246 11
883 544
901 242
635 816
137 582
297 178
950 612
175 525
996 596
530 515
486 798
446 36
202 291
598 7
671 954
806 871
677 353
300 920
438 311
716 653
779 752
165 436
132 47
506 451
89 425
911 546
82 689
767 414
539 57
203 105
60 322
868 867
981 109
910 638
37 760
201 936
507 746
129 340
317 75
647 354
514 830
952 633
969 494
247 676
660 663
413 827
293 755
138 171
269 209
474 988
11 618
699 596
748 753
728 256
776 38
846 887
100 528
473 204
991 511
655 819
946 247
408 154
610 686
194 887
565 225
607 42
221 497
445 578
32 84
399 29
962 282
208 169
125 102
594 432
164 633
358 847
613 390
419 988
463 269
301 609
761 319
816 561
952 589
769 167
581 415
180 125
200 396
459 794
307 293
163 474
676 379
194 109
529 867
510 373
135 924
510 848
945 839
725 625
279 685
463 346
829 925
241 118
14 508
308 581
117 468
569 451
48 205
428 585
561 452
535 875
855 12
231 40
963 236
556 333
54 391
963 841
315 846
636 5
611 693
807 674
195 621
636 776
264 984
859 186
202 473
287 67
48 719
133 334
161 105
789 957
30 611
888 101
212 85
416 331
121 719
481 954
338 753
708 670
470 945
647 426
644 972
252 218
997 223
236 378
226 384
890 260
536 281
821 361
776 431
492 466
906 62
304 692
308 799
540 341
105 395
124 758
84 87
157 696
981 645
114 690
132 764
535 894
211 584
374 714
628 573
961 682
97 43
680 43
945 241
530 996
803 312
542 171
310 990
688 991
135 988
695 217
103 654
293 11
197 387
753 39
527 182
488 17
266 504
566 709
906 260
306 314
687 750
81 760
204 469
709 118
853 757
896 723
998 980
329 340
923 686
996 260
276 641
336 41
274 439
694 988
596 278
797 823
166 674
515 951
480 20
585 522
827 885
469 638
760 862
889 261
898 100
263 198
258 245
966 540
835 621
665 613
254 980
329 285
273 687
42 503
725 256
394 949
861 538
453 736
659 874
772 917
388 788
342 269
564 816
546 52
976 43
93 147
461 982
781 525
997 473
325 458
511 887
924 647
563 206
94 772
336 936
331 184
15 696
22 90
712 458
734 837
248 197
71 730
944 286
830 609
959 125
589 849
400 47
914 707
476 465
100 847
891 900
507 36
166 917
542 566
761 719
668 468
644 192
790 158
800 531
915 304
413 732
862 661
103 266
257 873
604 107
232 962
188 338
111 701
224 618
224 138
432 930
443 26
185 197
363 960
236 177
864 553
12 362
466 529
756 587
881 607
165 302
825 63
0 915
516 765
593 169
276 591
658 353
375 159
239 261
564 478
483 480
792 75
663 42
747 182
486 414
773 327
530 858
215 20
628 322
643 766
450 1
189 801
233 599
796 374
496 872
656 403
878 369
988 532
795 213
967 653
320 480
596 773
561 157
793 544
225 22
538 571
60 175
429 352
726 180
244 159
18 483
879 142
170 307
766 521
534 28
821 246
53 660
628 93
776 986
180 587
344 616
276 331
929 780
633 829
820 22
498 7
303 103
823 966
495 860
496 492
801 821
958 633
745 117
151 261
884 750
923 680
478 198
727 440
222 668
473 111
842 505
980 272
555 838
850 221
349 261
839 415
390 394
675 276
869 384
186 982
174 140
23 21
560 938
544 774
6 368
560 175
289 581
634 198
29 624
870 222
271 75
575 170
816 10
882 644
927 63
493 561
841 115
395 515
11 464
471 150
540 563
434 314
331 543
195 136
598 232
649 112
962 223
890 491
108 393
63 395
583 237
8 761
684 580
243 173
349 677
462 182
47 497
124 312
754 481
340 372
75 156
937 889
437 112
465 114
596 571
909 943
110 942
540 304
144 534
220 556
706 325
607 774
436 18
816 900
836 850
9 81
318 431
545 691
997 288
500 944
839 962
387 295
943 129
276 776
281 184
897 950
254 691
287 910
827 515
626 446
475 541
761 469
175 948
739 163
824 77
195 358
999 514
841 561
347 385
336 549
701 899
498 272
844 722
444 994
680 317
168 683
820 935
165 563
218 137
537 634
778 978
175 33
353 108
543 431
913 222
211 588
666 92
583 515
968 223
652 727
781 612
585 657
552 761
481 855
111 495
709 183
9 641
491 975
640 183
659 353
935 670
469 849
796 527
924 300
982 362
291 328
648 510
246 339
270 157
259 37
696 935
328 369
444 653
344 857
56 933
110 570
263 303
178 91
644 675
925 126
255 515
141 65
560 598
879 517
407 694
193 127
803 746
888 396
104 904
689 813
587 753
746 511
152 649
156 450
344 79
507 664
132 933
411 501
261 563
429 627
50 653
905 233
561 352
923 454
813 311
498 168
964 714
856 151
396 475
280 981
444 784
663 247
795 899
860 885
184 962
740 605
3 598
819 83
647 478
883 358
265 43
949 443
848 96
235 65
258 921
500 264
279 437
472 747
970 498
695 47
767 879
20 89
335 643
17 36
175 671
928 173
657 690
409 603
270 731
68 329
980 755
154 579
285 715
718 567
566 402
765 105
967 678
648 88
964 277
437 963
539 618
72 340
146 999
336 409
254 431
253 916
44 138
123 842
619 365
231 107
631 726
94 851
40 600
465 448
521 580
331 598
270 196
41 128
44 301
5 206
399 458
203 296
674 44
535 77
278 89
793 780
520 315
587 444
661 883
118 340
130 82
584 665
489 694
441 214
710 30
364 151
62 548
942 429
415 589
38 983
803 278
315 849
592 30
409 348
363 210
566 377
242 845
35 129
665 789
521 886
992 286
5 121
244 767
714 459
267 438
730 282
522 108
835 234
591 724
261 225
824 464
568 317
871 256
494 788
113 358
169 436
75 276
278 415
837 974
496 378
568 630
408 383
184 933
156 393
97 687
450 890
867 293
104 780
231 775
788 918
51 160
795 76
540 137
295 327
26 816
422 694
593 590
49 687
393 519
684 139
585 793
549 691
78 862
857 371
937 173
189 763
101 142
45 125
518 210
297 670
670 256
366 103
647 872
646 371
289 338
936 94
10 974
536 517
940 554
740 679
832 159
955 30
541 482
14 898
934 939
433 489
119 597
458 606
282 500
507 250
182 315
633 710
468 689
812 227
390 559
129 520
297 554
827 618
858 239
93 532
556 875
649 658
599 393
619 371
667 4
431 208
721 876
722 602
103 322
184 867
210 917
52 490
104 307
54 692
545 767
226 847
161 273
793 96
752 453
449 966
848 838
896 545
715 813
221 889
131 370
590 82
993 384
185 1
28 120
547 30
534 882
237 469
350 335
402 741
654 662
74 13
939 99
29 290
853 659
672 843
973 906
453 400
556 987
333 987
512 936
706 829
798 773
23 868
265 764
628 233
712 218
778 467
859 547
630 410
987 240
119 9
953 483
92 249
403 107
947 117
617 770
214 907
204 344
243 460
892 846
813 146
39 87
666 356
717 159
976 401
560 133
248 491
340 355
310 672
469 910
270 22
121 839
996 80
223 304
569 393
74 658
449 582
744 540
209 511
321 313
952 256
220 252
569 551
58 662
887 253
463 625
597 322
515 850
527 893
579 396
352 75
271 889
838 231
754 611
273 522
214 125
229 326
514 30
831 410
35 912
210 612
642 63
746 354
522 477
337 911
408 369
382 579
394 514
604 595
910 786
54 223
62 63
971 746
636 197
602 364
545 258
605 964
972 660
826 642
518 476
428 71
979 863
577 588
222 394
633 729
927 490
250 759
17 508
526 231
423 24
104 199
822 642
314 490
164 168
398 585
566 959
199 601
63 267
713 268
366 715
316 14
66 737
801 869
759 816
429 934
923 948
844 408
451 799
271 28
119 466
415 340
873 112
525 960
623 535
832 135
36 946
730 4
733 972
200 308
630 660
49 930
788 569
524 500
763 452
206 900
355 588
407 35
987 108
219 931
760 917
968 96
220 378
26 829
827 758
891 93
161 984
571 105
924 5
792 969
359 370
556 382
74 673
163 347
974 637
391 408
647 963
835 855
371 756
200 804
827 716
893 646
243 801
590 8
281 135
819 378
129 306
684 887
972 437
267 606
753 729
204 61
475 553
733 993
727 714
735 559
439 409
599 202
914 276
599 735
676 124
400 555
132 852
770 654
671 320
19 751
403 338
557 663
868 592
362 107
534 428
518 277
667 282
621 821
270 584
887 975
328 22
845 57
828 5
931 190
261 7
334 681
80 233
46 802
228 953
880 221
588 56
902 930
877 839
82 582
784 372
580 844
434 791
741 232
6 886
206 366
252 238
2 333
494 722
457 430
177 128
690 945
131 366
700 482
523 170
637 701
32 781
94 529
751 322
394 789
222 267
522 526
406 249
591 395
335 793
645 53
911 898
94 119
19 973
266 84
791 659
569 771
980 606
545 133
281 75
627 763
262 145
495 521
750 379
131 696
164 857
72 891
631 169
298 430
83 503
380 55
901 502
418 962
905 120
743 71
975 466
552 689
26 706
332 301
659 203
484 595
902 398
43 897
600 605
476 582
904 223
632 466
294 670
439 205
495 568
864 818
340 811
935 295
991 764
324 8
703 760
676 354
615 449
965 367
970 415
3 510
706 627
657 19
897 290
623 60
170 508
522 103
594 560
1 908
648 36
41 33
232 968
277 361
114 187
514 740
188 279
231 564
0 583
298 632
834 811
865 271
434 535
702 189
876 734
42 299
401 903
193 631
999 941
532 220
668 570
198 525
967 124
183 668
929 544
726 153
262 832
347 898
555 334
610 398
425 219
16 292
635 663
440 93
479 493
709 917
554 455
649 43
118 439
852 753
351 57
378 14
340 814
630 186
186 58
319 732
392 941
825 87
686 967
395 774
544 387
724 355
33 143
832 16
246 709
892 928
671 461
423 517
434 916
611 669
931 5
329 611
902 941
33 19
43 888
102 768
795 619
592 181
8 400
181 466
928 878
8 747
756 258
145 657
993 343
767 796
434 188
171 676
853 471
999 335
501 619
597 320
871 927
631 896
557 610
303 558
629 255
40 423
31 624
80 203
1 548
895 711
942 512
488 333
423 226
751 285
540 279
485 191
831 30
558 165
119 791
180 638
40 871
731 85
119 388
634 946
504 129
32 262
980 945
431 305
881 734
819 372
353 559
402 48
163 43
734 646
773 757
590 812
67 482
964 991
586 306
73 298
933 187
298 12
776 152
250 121
315 323
335 380
483 588
236 934
850 428
742 695
608 378
18 839
349 520
304 768
908 510
866 680
982 175
771 270
536 524
120 549
386 583
608 493
220 318
527 376
425 259
972 480
412 371
720 922
100 838
364 288
789 444
132 38
601 156
316 348
914 151
447 586
306 400
650 89
876 787
616 411
524 68
983 79
572 112
127 286
931 430
846 912
127 214
991 222
492 758
614 470
870 51
614 1
357 456
455 938
91 234
183 885
820 810
813 283
462 602
221 370
897 382
344 884
105 566
27 754
335 393
515 944
868 435
775 838
603 797
585 808
587 237
518 426
828 646
469 946
297 492
674 157
179 558
692 385
385 772
986 639
919 660
649 183
214 267
75 166
865 201
160 647
77 454
337 468
214 48
679 598
877 764
463 856
416 434
334 387
325 378
451 760
414 198
597 712
742 551
635 928
765 342
654 825
452 899
376 668
738 225
133 39
233 512
811 91
115 605
580 856
866 320
571 890
496 384
729 236
662 576
888 740
556 291
3 506
836 691
79 403
9 391
497 839
732 870
584 878
141 852
989 786
447 950
331 122
398 876
304 544
864 552
701 917
996 690
69 829
648 673
625 71
555 658
206 848
530 260
299 983
941 141
379 968
498 586
367 859
863 652
127 933
524 653
654 90
288 471
760 357
904 682
731 124
608 309
644 744
80 323
360 663
161 970
289 421
143 198
643 760
679 946
963 152
981 925
577 943
220 227
63 183
786 45
154 789
330 601
759 26
560 195
701 811
767 100
127 420
439 994
732 667
93 69
871 271
982 347
645 753
484 688
771 21
152 659
592 939
886 94
855 947
497 774
405 610
149 868
845 217
330 960
141 488
298 865
577 69
187 338
100 725
23 1
956 8
211 331
357 399
250 904
844 165
67 177
714 363
774 68
165 38
614 566
914 287
8 263
818 442
712 531
368 608
352 366
799 411
716 380
867 976
120 574
346 94
297 654
71 694
144 898
759 453
80 44
751 868
775 877
355 53
241 275
281 29
954 345
644 986
809 94
738 837
614 637
266 152
11 73
242 378
879 602
946 250
513 411
496 817
596 457
550 561
301 433
202 49
624 790
249 774
198 23
743 16
887 889
105 0
122 267
482 145
88 930
993 567
505 806
900 27
652 229
309 907
167 882
122 740
736 725
239 535
876 434
692 270
349 715
729 675
843 182
448 471
2 791
652 530
344 462
521 867
585 204
430 442
298 888
804 910
901 538
651 140
285 411
208 660
753 511
837 437
257 818
312 460
699 327
208 733
541 233
198 370
661 519
383 732
715 149
528 538
736 416
703 724
300 761
585 687
423 751
15 99
859 66
267 684
238 296
166 361
100 604
379 308
633 884
668 747
138 672
402 905
361 783
806 954
812 527
315 886
675 539
241 791
470 513
656 141
870 231
455 245
28 46
184 429
317 580
554 304
937 167
336 24
851 478
912 187
898 421
748 176
101 835
358 777
69 17
256 132
675 312
687 835
813 916
765 802
586 810
25 595
679 431
866 557
228 431
565 65
231 990
96 999
469 52
307 475
793 221
406 508
572 185
396 762
727 931
952 193
71 46
66 392
430 646
118 940
279 233
270 252
497 362
374 968
217 445
341 157
589 278
431 510
245 226
305 897
712 948
866 373
338 336
323 462
502 934
806 934
971 544
955 560
7 657
863 804
371 236
571 798
822 294
44 892
31 405
26 857
463 516
985 913
156 144
508 147
756 809
153 960
355 739
520 199
894 315
102 412
487 937
896 289
640 111
350 709
635 634
351 408
684 769
555 724
959 725
612 856
943 908
290 542
18 260
623 185
525 485
430 662
623 963
291 177
0 973
45 727
971 600
532 864
424 297
994 295
906 539
733 625
886 381
618 931
943 776
62 844
245 395
618 961
458 801
660 6
176 570
659 894
384 864
745 138
157 564
479 453
436 378
828 324
640 609
906 887
139 926
198 495
316 781
4 15
634 556
829 712
172 742
281 412
408 942
425 601
560 961
529 661
340 13
66 128
156 745
839 852
685 168
120 527
232 833
157 845
8 377
582 848
373 507
133 553
205 183
685 937
368 74
41 381
556 549
39 70
67 677
817 905
821 209
296 961
762 951
801 544
65 695
772 632
600 806
13 525
531 680
813 258
428 141
324 935
867 448
285 240
71 449
228 155
60 753
91 595
846 874
716 876
354 225
62 349
303 867
47 72
124 426
535 803
248 67
923 558
652 723
778 415
963 0
497 623
653 185
630 953
185 533
491 375
321 578
915 238
857 530
876 870
200 175
228 253
854 278
766 25
142 639
782 634
379 217
25 900
103 59
821 508
466 880
391 380
635 656
441 985
930 401
812 459
723 697
707 294
40 510
992 276
545 130
414 16
431 203
232 27
655 909
449 498
120 412
270 292
553 140
777 926
944 864
882 456
418 691
9 289
690 382
259 807
953 581
435 962
127 300
494 481
688 568
875 651
177 778
269 170
524 858
341 751
710 416
227 378
889 511
294 409
47 942
606 958
625 21
661 438
526 125
694 574
214 863
226 919
930 648
673 412
571 568
217 905
914 629
147 143
174 516
926 821
839 887
161 600
670 455
310 935
569 91
465 468
982 733
140 574
244 604
735 797
876 723
378 743
476 969
255 858
417 919
575 17
537 603
805 999
427 108
269 772
566 535
263 182
267 845
808 144
631 841
846 66
739 156
408 114
507 697
647 95
69 332
765 457
63 631
179 913
796 297
666 825
215 434
827 301
574 892
870 782
988 558
317 890
717 615
662 533
521 589
131 355
932 487
233 559
85 399
299 723
579 335
938 731
704 733
615 191
955 681
159 929
527 363
55 229
722 227
93 922
531 563
941 986
24 686
508 219
806 76
507 0
245 530
857 272
937 498
522 498
159 914
197 412
178 15
887 14
424 492
835 540
948 880
987 234
931 701
16 314
769 947
478 352
555 992
70 228
333 98
649 450
214 301
377 302
602 734
775 496
907 724
501 954
733 262
224 341
679 929
655 105
493 85
492 604
677 744
573 869
411 114
717 556
915 250
569 449
522 36
920 948
539 367
109 843
841 355
51 533
957 116
241 502
420 716
222 600
486 393
522 907
896 432
949 645
187 525
541 756
203 908
223 701
121 843
845 630
787 763
411 294
816 975
512 862
615 901
804 319
381 298
909 404
182 791
752 292
971 771
211 918
834 725
617 719
660 819
248 667
153 200
255 439
505 817
907 687
288 5
228 627
862 98
472 999
736 826
669 729
745 755
799 660
688 232
686 482
855 743
891 766
527 403
902 473
684 563
379 760
266 643
302 205
507 815
452 734
931 547
224 373
836 725
786 725
895 785
795 30
1 750
808 959
707 386
551 331
711 269
491 235
306 891
296 326
553 831
993 737
243 836
300 105
127 234
752 179
715 555
398 434
452 842
257 575
962 169
388 88
792 170
54 446
556 868
630 486
443 931
891 685
20 132
842 344
127 782
503 789
704 557
249 260
786 701
931 123
504 401
676 436
84 330
584 953
763 541
142 548
56 351
428 385
174 941
440 4
683 472
140 224
173 736
884 638
213 295
665 61
654 832
845 148
600 603
605 117
540 961
471 462
913 409
152 220
506 947
186 364
719 901
203 615
428 179
452 355
0 584
174 31
286 228
360 629
145 456
274 910
670 658
463 348
50 2
538 410
234 483
610 541
435 995
893 299
43 259
639 946
453 861
744 109
174 894
246 62
661 269
857 153
919 94
535 191
103 384
897 273
466 499
293 737
948 890
738 147
484 156
215 685
218 612
44 525
12 351
123 47
142 913
175 300
55 604
553 81
196 785
219 53
701 540
787 172
533 23
987 636
430 644
151 476
498 148
168 343
509 524
973 303
119 423
716 970
787 125
400 140
663 53
810 869
825 442
34 502
438 63
247 622
147 450
613 499
954 323
89 884
391 942
646 42
199 393
790 485
305 900
544 16
191 466
868 68
61 527
526 199
979 910
586 955
601 666
344 4
845 889
30 432
465 348
143 865
218 228
880 286
512 478
939 797
700 78
751 206
439 591
99 406
795 575
425 811
901 932
229 134
164 934
345 706
94 634
481 375
483 148
964 555
224 90
28 89
873 793
124 710
835 603
372 624
29 428
290 94
263 949
888 618
21 498
278 843
996 365
733 623
549 318
566 172
24 181
983 311
604 22
367 488
845 846
873 389
993 884
391 866
839 3
792 301
274 950
487 243
727 21
631 258
738 756
956 490
974 567
885 571
210 810
213 652
927 658
592 762
229 641
626 29
487 237
398 160
752 477
615 460
453 868
191 527
725 345
974 158
163 102
30 399
945 409
346 548
831 514
383 523
378 597
1 379
535 119
503 681
703 720
578 917
321 423
236 79
260 759
896 462
485 601
14 874
28 730
499 991
796 328
511 281
576 87
811 59
425 355
94 134
849 338
551 547
876 481
823 842
766 557
3 762
605 869
689 177
696 117
513 108
110 291
754 250
55 657
66 730
473 912
255 452
412 812
517 810
846 462
154 186
553 778
411 622
889 333
63 513
544 193
539 859
238 811
389 140
148 597
162 878
878 559
402 394
488 641
692 134
950 828
793 823
37 22
583 565
456 873
987 202
313 258
124 292
403 935
42 971
946 325
910 339
987 981
940 13
345 336
397 695
295 187
296 123
995 94
187 163
643 38
67 964
875 964
252 634
124 532
334 866
235 0
904 811
943 656
227 307
761 778
448 126
802 316
120 602
574 924
924 658
139 203
605 676
449 262
382 589
815 284
919 633
695 613
710 716
94 298
612 121
797 599
752 614
833 313
354 98
10 440
481 658
791 433
659 829
143 751
369 312
508 235
442 855
455 932
70 732
860 199
588 179
306 504
748 458
401 328
632 479
55 227
949 607
734 324
401 784
808 701
465 577
743 479
244 613
691 380
789 807
398 270
397 743
719 714
319 874
578 696
836 366
317 551
174 615
648 692
832 888
971 939
188 238
52 434
601 936
935 226
445 539
625 827
277 302
492 12
618 820
5 517
567 402
92 473
647 320
609 872
378 579
20 663
933 52
116 213
51 82
317 781
862 829
773 216
17 347
841 533
745 738
782 208
381 643
307 851
36 22
46 255
512 372
237 288
383 169
890 180
891 371
916 19
811 697
134 279
203 325
38 580
415 650
463 987
549 586
403 150
754 657
164 485
467 892
113 761
267 6
29 874
37 581
675 576
734 848
19 218
69 758
63 111
560 276
299 585
488 558
305 616
553 551
632 922
250 947
197 720
457 353
376 666
854 823
375 704
885 29
892 499
265 35
349 395
434 985
993 771
572 29
86 885
476 538
357 322
540 153
843 51
209 60
807 207
5 800
147 788
83 414
99 267
839 957
723 126
948 929
83 426
807 112
888 286
385 47
901 626
634 962
888 353
858 316
261 61
349 401
671 214
80 654
457 27
87 497
791 297
245 915
616 262
263 666
516 359
839 181
27 289
325 878
410 337
26 148
928 346
447 809
896 861
299 973
289 322
321 875
272 979
287 923
384 241
27 163
994 809
752 110
663 734
914 0
562 390
176 209
359 838
0 245
366 414
857 976
527 936
553 669
860 297
109 105
786 210
929 193
568 323
923 446
96 399
170 559
67 605
815 252
198 41
619 340
470 418
435 9
100 727
137 665
873 675
918 786
401 191
213 303
170 314
208 388
88 468
711 51
731 295
811 485
190 759
315 578
209 239
88 797
897 314
977 623
300 960
332 810
668 912
411 657
127 491
111 403
875 370
733 583
105 234
71 782
764 476
174 25
494 404
949 983
697 465
478 306
784 679
632 794
94 997
773 146
554 782
566 168
447 589
488 491
382 758
199 777
877 700
302 870
18 302
139 67
946 27
464 906
297 751
565 137
576 361
828 585
576 72
366 996
469 219
700 559
248 816
811 941
143 528
812 445
249 643
147 348
183 274
919 353
93 826
207 405
446 962
764 168
369 150
363 849
249 424
86 880
890 25
144 193
794 576
542 153
853 681
156 205
592 441
26 10
216 64
549 204
535 524
163 145
326 187
893 422
856 747
777 634
158 903
19 750
698 355
195 805
911 237
70 60
724 623
49 898
464 944
455 144
275 996
469 215
952 260
617 321
960 423
855 636
852 32
712 522
453 443
944 470
287 335
446 985
72 343
512 342
614 552
644 69
218 278
917 470
839 928
307 731
576 27
208 861
223 712
354 476
20 940
330 518
176 514
288 70
485 291
366 524
495 485
797 742
811 743
691 530
234 383
672 902
541 582
200 489
536 788
348 954
736 458
382 811
632 846
688 376
933 261
54 481
679 447
884 764
81 457
806 11
67 630
151 715
49 478
892 361
884 312
827 543
836 329
983 279
118 416
228 310
54 597
341 594
823 817
13 894
544 360
729 263
59 243
817 77
353 377
262 756
907 542
965 579
649 479
875 352
360 722
218 136
295 615
156 402
758 292
25 68
279 738
619 954
202 251
86 940
218 95
570 290
50 867
31 866
141 581
213 93
989 411
137 660
419 220
846 933
697 131
501 929
924 636
308 673
265 484
951 249
771 38
819 178
857 869
803 280
119 44
863 364
178 360
219 736
48 616
215 467
657 351
497 439
553 668
857 412
882 910
882 791
977 341
758 702
918 487
156 437
640 942
298 538
406 632
469 838
690 498
670 942
608 791
113 572
568 157
320 119
712 521
885 719
310 427
426 387
466 989
402 941
252 825
818 792
990 489
176 446
381 456
679 410
722 673
938 339
439 402
320 382
204 961
552 718
401 708
591 360
251 21
895 646
679 456
484 485
133 260
99 362
413 561
87 959
718 334
422 987
986 439
998 564
221 536
245 931
285 290
251 718
20 471
60 127
355 902
325 376
552 253
534 867
132 232
357 816
457 558
170 212
571 849
366 318
762 660
324 117
370 179
510 394
427 804
725 849
927 363
791 428
524 498
524 221
323 399
766 475
34 203
879 409
515 717
612 954
337 972
912 765
108 801
766 443
762 613
65 669
562 939
214 925
901 52
413 641
484 730
931 912
406 12
464 368
954 408
985 593
785 823
816 684
261 651
228 626
639 141
418 283
309 793
887 886
555 606
31 144
672 871
874 55
620 850
194 93
796 144
400 924
492 781
560 103
212 134
729 758
236 633
288 119
930 91
452 597
547 319
456 32
90 730
965 618
851 938
333 182
730 659
353 116
545 973
899 529
74 529
727 410
873 175
541 355
301 976
403 782
222 209
720 209
496 526
364 508
769 446
340 647
685 16
499 349
792 81
227 128
575 707
493 92
997 200
988 867
598 48
528 266
604 176
181 462
761 250
193 561
336 280
293 184
780 642
522 261
434 242
232 556
193 980
891 937
577 253
46 599
125 974
85 32
470 463
542 112
868 909
20 475
287 664
985 717
191 177
721 516
112 885
547 119
233 463
216 813
201 53
727 69
437 907
79 71
365 4
62 148
587 681
674 561
470 934
481 41
841 941
59 522
83 697
680 478
112 449
169 903
651 787
862 125
360 704
924 431
636 47
497 992
772 131
527 842
30 318
682 486
283 883
472 1
484 60
785 799
481 618
451 884
766 708
638 218
56 271
601 575
927 311
347 789
89 172
561 856
627 73
845 660
420 407
604 370
219 907
210 287
182 293
174 29
801 617
80 739
515 86
616 571
843 187
246 575
595 759
125 729
36 907
770 468
842 948
63 471
798 26
774 399
228 346
689 815
684 38
483 704
194 672
18 685
999 609
43 402
555 756
777 542
942 626
223 280
432 619
376 863
421 978
966 114
965 949
249 850
440 123
724 237
616 726
237 242
345 256
666 895
716 801
924 387
686 825
648 738
676 970
661 209
814 334
889 772
600 722
668 727
806 888
36 376
612 613
863 516
81 756
766 296
190 902
183 591
916 805
221 706
979 403
927 617
834 535
312 14
542 343
84 664
52 853
908 630
160 792
286 42
708 765
34 378
577 93
234 637
887 697
679 521
204 83
51 165
655 389
496 944
31 644
249 948
797 498
292 953
696 706
723 532
642 8
893 811
791 338
325 363
61 851
586 70
842 409
111 160
302 913
675 465
202 596
610 466
555 98
215 307
578 483
186 690
806 634
417 682
61 94
785 803
115 691
977 21
15 500
37 680
807 844
622 754
227 329
807 447
470 415
883 393
218 822
677 531
449 118
635 124
807 949
146 52
896 155
754 643
859 852
958 753
838 697
710 4
211 609
453 509
565 324
85 601
864 938
862 857
378 391
81 431
237 790
726 685
304 27
439 789
47 619
471 275
495 702
674 39
367 729
34 685
27 774
136 620
365 228
331 139
192 519
837 495
233 275
356 491
674 730
368 496
273 734
770 291
6 234
313 55
30 987
141 206
282 701
967 456
591 659
83 758
383 767
863 970
303 358
487 879
676 6
930 302
322 453
355 963
784 147
851 299
432 675
401 172
610 731
622 685
569 448
645 8
710 943
24 205
862 254
759 383
812 908
468 749
921 762
143 427
383 335
809 87
157 720
461 422
263 609
501 562
981 391
673 818
271 767
846 928
615 41
373 960
966 260
52 867
38 728
705 642
678 595
211 149
349 328
997 185
141 35
568 101
30 247
233 907
28 296
23 118
138 721
63 370
749 651
532 675
107 752
540 212
335 458
857 901
511 312
951 687
836 810
220 802
589 627
768 648
507 309
515 765
297 37
272 447
442 228
375 939
667 392
716 31
971 946
925 682
769 436
714 876
208 557
13 719
785 672
795 300
576 829
81 203
622 834
437 476
287 891
283 129
389 816
410 87
67 118
245 156
19 551
809 15
289 38
603 66
796 375
428 662
723 360
454 270
185 911
187 534
984 956
417 471
660 542
781 490
326 81
916 226
980 446
99 837
178 948
675 92
917 873
916 137
769 808
825 639
532 886
860 451
93 739
245 956
250 808
639 663
636 403
960 341
920 213
371 156
263 880
934 59
606 313
142 656
393 303
409 591
310 318
504 987
487 475
952 21
521 461
327 80
449 204
445 398
740 172
373 786
208 555
84 240
857 60
744 244
971 303
878 498
744 613
490 499
983 696
883 134
541 447
186 526
709 41
13 70
851 1
117 34
368 643
78 253
137 733
651 155
231 253
925 115
30 502
48 39
560 787
947 608
200 680
834 204
509 40
64 555
491 542
303 951
503 722
381 231
465 235
942 243
921 938
835 68
456 105
822 624
640 459
923 787
2 756
570 356
206 194
315 676
405 204
496 105
138 294
410 873
741 737
294 70
334 661
411 769
207 21
830 257
114 808
640 363
969 395
120 136
390 170
571 987
635 734
13 637
799 819
171 177
840 359
646 882
262 725
5 962
544 111
791 22
816 294
936 657
140 332
148 329
177 280
467 571
239 376
344 868
235 408
179 517
525 847
246 580
789 271
822 74
805 583
75 52
142 372
578 73
268 590
207 439
401 827
683 465
526 646
170 791
304 630
422 385
142 465
755 253
939 685
164 995
987 569
372 49
451 672
816 420
944 245
796 146
887 9
909 55
441 93
539 357
437 52
294 775
508 762
91 2
265 228
328 650
514 146
354 596
917 282
761 592
672 673
76 820
767 917
181 501
176 561
205 776
205 523
72 146
312 701
678 696
369 166
193 96
241 166
666 419
931 682
194 597
145 990
182 202
51 674
565 888
257 554
690 376
176 30
569 250
178 944
221 998
569 444
165 335
351 527
511 289
1 699
354 957
928 781
540 43
136 468
166 396
11 365
168 866
854 287
719 288
868 707
253 700
352 694
238 689
118 87
551 343
67 960
186 848
181 340
248 864
719 421
945 255
608 535
874 696
721 736
274 878
304 796
704 591
833 479
683 795
22 54
326 698
81 125
923 158
695 368
149 455
559 130
88 260
29 830
391 125
484 368
268 188
332 932
879 694
247 568
390 915
112 818
521 324
434 979
616 138
799 15
710 116
937 252
374 518
88 325
183 567
385 820
428 374
871 137
235 502
420 749
93 49
374 902
831 280
618 26
83 216
459 465
109 440
441 740
983 516
145 312
81 704
434 751
610 972
364 877
215 653
899 185
270 959
675 808
423 541
587 853
959 151
839 640
693 574
50 479
434 461
851 3
271 323
403 489
37 956
994 665
874 859
140 679
328 490
989 934
307 555
976 551
674 34
547 743
942 526
928 330
973 423
219 203
775 808
892 602
171 444
443 511
467 827
948 358
733 924
922 149
900 909
877 675
244 448
59 790
281 745
28 164
432 828
179 910
929 908
383 336
485 633
831 488
714 713
443 802
391 217
344 533
31 211
920 833
805 828
438 325
440 954
417 16
433 633
830 625
29 917
909 481
477 67
509 59
822 916
220 328
150 110
868 178
536 480
341 63
742 385
994 387
368 350
435 125
900 717
216 431
560 983
645 399
483 750
993 203
513 664
90 820
177 322
844 368
116 630
110 523
34 889
893 205
690 533
797 5
614 503
26 867
700 350
935 141
526 852
125 142
90 231
174 687
791 321
450 893
725 368
109 682
414 326
803 300
145 573
77 171
458 200
557 958
712 419
487 48
284 871
480 399
839 805
459 370
387 576
124 686
508 325
381 82
107 536
799 427
249 277
539 774
340 216
385 144
742 918
305 147
482 28
48 552
790 965
230 503
495 51
478 744
529 463
141 848
130 320
648 553
981 8
869 948
298 132
552 510
497 109
479 718
963 868
824 624
834 227
814 62
75 913
746 551
769 564
532 191
441 921
492 20
626 688
492 960
890 649
283 335
553 302
861 735
526 80
888 243
571 832
951 401
272 344
356 830
254 982
290 461
441 23
765 759
839 636
465 444
403 356
767 474
295 891
760 25
418 442
683 604
487 931
821 504
511 82
925 790
547 142
9 60
722 686
743 385
337 286
374 567
273 295
930 558
602 3
740 196
538 841
4 654
31 431
12 661
470 788
789 443
690 471
642 40
817 432
826 644
81 283
726 579
785 972
516 649
550 322
775 188
476 91
542 71
586 524
695 39
670 595
427 859
943 12
347 203
49 272
169 164
163 727
85 339
480 410
737 840
316 350
986 159
408 818
213 543
584 877
181 451
608 675
174 418
235 447
453 837
658 336
176 64
47 487
325 926
739 722
206 443
865 736
954 314
830 618
261 924
327 739
768 843
412 513
497 990
280 272
877 538
861 575
100 213
775 909
328 198
979 40
149 968
945 877
433 4
346 786
223 647
802 882
682 872
922 148
779 535
824 431
296 73
657 263
922 888
751 619
79 140
792 906
708 823
285 344
268 869
931 421
358 730
850 224
605 732
12 426
102 900
986 529
256 796
877 300
239 925
880 828
632 357
74 117
4 989
495 291
777 679
765 729
58 300
916 961
583 97
641 556
20 962
800 588
186 915
567 504
680 234
828 182
724 900
209 624
612 568
474 873
281 999
422 27
274 799
11 757
738 355
922 547
241 170
293 562
32 312
335 780
600 587
291 88
463 651
238 956
365 73
667 331
512 299
149 426
360 694
343 736
76 501
682 424
213 979
718 503
912 257
146 585
839 451
586 884
840 635
281 149
285 93
684 712
532 678
599 990
351 586
710 105
566 700
726 468
732 73
115 555
542 842
922 904
60 881
834 121
662 580
289 239
1 931
328 604
98 777
893 667
754 85
595 743
729 714
987 959
973 552
464 252
632 663
332 966
794 495
622 333
22 579
158 879
323 365
40 112
629 472
2 780
479 444
21 248
833 701
496 28
886 814
98 991
260 741
515 839
418 643
213 256
369 73
986 360
526 995
333 178
494 543
56 120
133 639
258 666
32 510
48 630
149 279
104 520
132 593
681 979
235 358
910 767
57 935
486 336
313 357
995 407
926 180
200 556
133 875
280 834
720 31
218 906
387 577
75 434
384 138
24 372
971 248
785 274
79 200
768 900
444 738
180 332
283 757
894 78
299 60
589 740
92 724
620 363
568 286
6 731
530 629
239 664
96 997
931 331
862 660
638 413
172 792
64 845
705 4
752 286
901 460
702 512
977 49
281 132
535 54
425 885
20 806
385 174
135 737
930 748
484 604
769 172
651 826
440 334
767 374
668 730
146 581
533 336
445 291
21 276
454 110
710 566
331 242
765 100
575 450
774 537
621 129
279 247
372 150
330 558
157 930
847 701
86 574
556 564
364 215
385 653
405 759
373 574
836 402
248 660
966 801
868 421
865 253
896 334
435 916
483 914
958 630
874 361
22 984
218 799
219 346
526 929
190 948
75 978
417 659
415 575
144 224
713 693
880 329
421 300
665 802
707 206
2 914
765 632
842 298
361 948
390 406
229 993
596 917
886 794
700 876
39 123
-1 -1 -1 -1 -1 -1 -1 39104 -1 -1 -1 -1 -1 -1 -1 -1 -1 -1 -1 -1 -1 -1 -1 -1 -1 -1 20901 21820 -1 -1 26594 -1 -1 -1 -1 -1 -1 22640 10421 -1 -1 -1 -1 -1 -1 -1 56718 19154 -1 -1 -1 -1 64513 -1 -1 -1 -1 -1 -1 -1 -1 -1 -1 -1 47245 -1 49728 -1 -1 -1 27693 11915 -1 51958 -1 -1 -1 -1 -1 -1 40812 -1 -1 44583 30353 -1 -1 -1 -1 -1 -1 41725 -1 42155 -1 -1 -1 38459 -1 -1 -1 -1 41472 7822 -1 -1 -1 -1 -1 -1 -1 -1 -1 -1 24873 -1 -1 -1 -1 -1 -1 -1 -1 -1 25380 -1 -1 26336 -1 -1 -1 -1 -1 -1 -1 -1 1962 -1 -1 -1 55619 -1 -1 -1 -1 24337 -1 -1 -1 -1 54961 54526 15343 -1 -1 -1 -1 -1 -1 -1 -1 -1 -1 -1 -1 -1 -1 -1 28995 -1 -1 -1 -1 -1 -1 -1 -1 -1 -1 -1 8609 -1 -1 -1 5737 -1 -1 -1 -1 -1 57331 -1 -1 62819 -1 -1 -1 -1 -1 59170 -1 -1 -1 -1 -1 -1 -1 -1 -1 -1 -1 50325 -1 -1 -1 -1 -1 -1 -1 -1 -1 -1 -1 -1 24072 39138 -1 -1 -1 -1 -1 -1 -1 -1 -1 12919 -1 -1 -1 -1 -1 -1 -1 -1 57171 3739 -1 -1 -1 -1 -1 -1 -1 -1 -1 -1 48944 -1 -1 43679 -1 -1 19336 -1 -1 -1 -1 -1 -1 -1 -1 7409 -1 -1 -1 -1 -1 -1 -1 -1 43412 -1 58892 -1 -1 -1 -1 -1 -1 -1 -1 -1 30590 -1 -1 -1 23530 -1 -1 -1 5634 -1 -1 37003 42340 -1 -1 -1 -1 -1 -1 -1 1835 -1 46057 -1 42158 11650 -1 -1 -1 -1 22077 -1 -1 -1 -1 -1 -1 -1 -1 35215 -1 -1 -1 -1 -1 -1 -1 -1 -1 -1 -1 -1 -1 -1 5136 -1 -1 29067 -1 60344 -1 61841 -1 -1 -1 -1 -1 14612 -1 -1 -1 27365 -1 -1 59879 -1 -1 -1 11944 -1 -1 -1 -1 -1 -1 38240 -1 -1 -1 -1 -1 -1 -1 42540 -1 35021 45217 -1 -1 35515 -1 49556 54636 -1 -1 -1 -1 -1 27558 43174 -1 -1 -1 -1 -1 -1 11349 -1 9396 -1 -1 -1 -1 -1 -1 -1 -1 -1 50074 -1 -1 1598 -1 -1 -1 -1 -1 -1 -1 25094 -1 52897 49914 -1 -1 -1 -1 33083 -1 -1 -1 -1 -1 23056 -1 -1 -1 11192 59684 -1 -1 30027 -1 -1 -1 -1 -1 56938 28080 -1 -1 710 7479 -1 -1 -1 -1 -1 -1 -1 -1 3917 -1 -1 -1 -1 -1 -1 18573 -1 59624 -1 -1 -1 -1 -1 -1 -1 -1 -1 -1 -1 -1 11893 -1 42817 -1 51899 636 20658 -1 -1 -1 -1 -1 -1 -1 -1 -1 -1 -1 -1 -1 -1 -1 -1 -1 -1 -1 -1 -1 -1 -1 -1 -1 6233 -1 -1 51768 -1 -1 -1 -1 -1 50369 -1 -1 -1 9190 -1 -1 58024 25432 -1 24507 -1 65473 -1 -1 -1 10260 -1 -1 -1 -1 -1 -1 -1 -1 -1 47106 -1 6929 -1 -1 -1 49428 52269 -1 -1 26024 -1 -1 -1 -1 -1 -1 -1 -1 36515 6416 -1 -1 59966 -1 -1 -1 2527 -1 -1 -1 -1 -1 -1 -1 23199 -1 -1 34255 -1 -1 35246 -1 -1 -1 -1 64543 -1 -1 -1 -1 40542 24464 -1 12020 -1 49614 -1 -1 -1 22863 -1 -1 -1 -1 56543 25761 -1 -1 -1 -1 25303 -1 -1 -1 -1 -1 -1 -1 -1 40859 -1 24284 -1 -1 -1 -1 -1 -1 -1 -1 -1 -1 -1 -1 -1 -1 -1 -1 -1 49443 -1 -1 -1 -1 -1 18926 -1 -1 -1 -1 -1 -1 -1 -1 -1 -1 -1 -1 -1 29149 -1 -1 -1 -1 -1 35720 -1 -1 -1 -1 -1 -1 -1 -1 -1 41795 -1 -1 22693 -1 -1 -1 783 -1 -1 -1 -1 -1 -1 -1 -1 46871 -1 28483 -1 -1 -1 -1 -1 -1 -1 -1 -1 -1 -1 -1 -1 -1 -1 -1 -1 -1 -1 -1 25390 -1 -1 -1 17251 -1 -1 -1 -1 -1 -1 63594 -1 -1 -1 -1 56144 54288 -1 -1 49619 -1 -1 -1 -1 48912 -1 8812 -1 -1 -1 -1 -1 -1 -1 -1 -1 -1 -1 37544 -1 -1 -1 -1 -1 -1 -1 2004 -1 -1 -1 -1 19812 -1 -1 -1 -1 63370 6770 -1 30349 -1 -1 -1 -1 -1 -1 -1 -1 -1 -1 -1 -1 -1 -1 -1 -1 46292 -1 -1 -1 61604 -1 -1 -1 -1 -1 -1 42535 5476 -1 -1 -1 -1 -1 -1 -1 -1 -1 31756 -1 513 -1 -1 -1 -1 16635 -1 -1 -1 -1 -1 56554 -1 -1 -1 -1 -1 9543 -1 -1 -1 -1 -1 -1 -1 -1 6305 -1 -1 -1 -1 -1 -1 -1 -1 50873 29602 -1 -1 -1 -1 -1 -1 -1 -1 -1 -1 -1 -1 -1 -1 -1 -1 -1 11558 -1 -1 -1 -1 -1 -1 -1 -1 -1 -1 9915 -1 58139 -1 -1 -1 -1 -1 46028 -1 44223 10935 -1 -1 -1 -1 -1 15501 38066 -1 -1 -1 -1 -1 -1 29131 60924 -1 -1 -1 -1 -1 7924 -1 43987 21910 -1 -1 -1 -1 -1 -1 3278 -1 25527 -1 -1 42731 -1 6663 -1 64624 -1 -1 -1 -1 -1 -1 -1 12414 32744 -1 2134 -1 -1 -1 -1 -1 -1 -1 -1 -1 42247 7323 33611 -1 953 12738 -1 -1 23088 -1 32446 -1 -1 -1 -1 34128 -1 42936 -1 51020 11257 -1 -1 -1 14502
9
1 104 0 595 2
0 708 9 571 12
1 274 9 704 6
1 380 9 918 10
0 851 8 246 11
1 105 1 366 10
1 483 3 688 1
1 177 6 307 10
1 807 14 102 11
