1000 5000
99 598
653 233
218 952
358 980
577 365
704 947
457 771
205 183
384 932
935 405
532 343
32 4
275 360
716 757
116 597
908 857
166 519
537 605
181 483
356 343
538 529
824 810
161 165
684 775
604 38
906 658
634 265
935 957
772 9
134 583
654 792
165 637
361 270
30 83
327 641
846 975
385 340
788 559
228 830
902 595
767 460
899 919
260 771
762 152
420 858
234 860
601 144
236 279
162 134
940 451
166 14
426 267
885 708
684 24
393 18
670 297
486 829
948 644
885 570
906 466
568 18
691 674
903 845
328 578
760 786
893 220
273 594
165 515
450 187
218 868
344 18
205 754
520 578
374 393
124 388
351 709
401 971
910 543
762 904
608 492
399 69
221 891
108 533
71 217
829 498
199 904
898 377
520 700
109 432
479 656
402 879
134 571
368 236
162 51
349 322
787 968
561 453
77 475
261 11
96 998
52 105
657 466
7 577
928 458
66 674
339 742
237 596
527 338
574 98
270 887
957 549
147 648
930 348
681 591
808 71
423 209
694 381
283 950
694 99
423 418
105 806
835 66
181 242
259 64
329 535
761 599
669 220
946 198
41 560
411 79
851 679
939 35
79 150
236 139
689 636
110 539
316 213
824 536
578 412
489 790
100 327
97 993
74 894
618 478
916 99
42 364
920 183
324 964
356 338
597 13
586 739
427 197
383 4
494 508
502 196
707 262
68 337
818 725
703 190
412 311
16 815
827 68
718 836
671 144
578 102
309 625
709 187
919 211
1 838
312 770
939 765
573 139
243 154
17 735
744 579
156 276
406 543
754 756
167 930
596 83
17 782
398 742
593 679
850 915
844 273
465 677
606 545
161 667
437 683
836 348
666 851
179 60
177 639
600 928
23 868
142 364
829 54
737 451
939 16
763 43
824 172
511 703
490 795
270 996
733 978
969 973
431 302
748 52
44 716
218 483
622 614
421 340
386 560
391 354
726 56
697 224
48 268
158 15
933 853
50 490
287 140
541 435
452 435
952 749
788 744
46 191
619 78
610 944
859 184
545 636
398 111
886 494
983 79
190 504
237 694
94 325
776 928
247 868
914 688
50 702
577 944
672 150
765 365
65 545
876 831
493 674
393 924
173 688
52 259
32 279
878 228
198 260
699 726
524 246
540 802
999 313
742 313
818 36
483 906
514 260
979 815
375 457
255 754
399 290
519 333
281 731
385 773
992 852
780 287
757 282
465 675
585 478
456 865
349 557
532 380
256 567
884 648
645 883
610 489
498 48
697 519
200 917
307 899
843 693
121 674
273 593
894 495
912 986
869 500
980 932
995 316
183 91
408 288
599 556
42 394
732 86
288 579
974 504
340 380
747 994
331 638
568 742
207 437
181 247
492 680
616 571
955 753
393 130
994 147
558 918
418 21
568 485
391 633
393 488
535 625
992 761
320 318
974 364
724 651
642 677
511 685
164 834
885 477
971 171
459 229
47 550
789 263
786 716
282 189
78 897
783 189
314 465
13 558
159 260
36 910
105 915
571 138
632 494
775 749
979 23
739 172
710 409
854 879
614 624
652 381
280 797
215 223
891 656
10 836
291 852
530 450
683 104
750 930
501 640
190 945
753 292
664 365
703 916
438 993
380 21
653 296
77 729
195 344
882 937
494 411
733 439
187 104
88 391
26 387
978 76
506 797
247 654
920 940
3 905
279 600
339 649
431 670
459 918
850 661
127 560
358 126
82 124
808 19
141 499
954 824
510 527
370 860
241 828
732 532
679 823
48 434
242 418
659 688
655 442
337 384
955 716
82 864
975 42
327 398
263 217
658 886
269 414
663 947
462 702
651 904
501 198
259 747
195 10
238 913
396 173
710 663
927 620
518 364
81 489
946 964
834 172
995 672
671 137
411 517
741 88
699 823
633 146
730 181
180 606
214 594
738 143
471 378
220 218
938 475
332 69
544 640
481 765
987 659
462 836
403 643
870 400
205 100
4 570
396 348
180 860
252 612
23 960
64 877
895 904
795 389
777 130
798 565
45 523
897 517
259 740
928 150
534 638
321 181
377 48
229 760
946 25
780 155
936 203
990 682
425 139
590 634
970 107
301 546
462 988
323 718
124 255
935 16
810 595
933 431
851 266
70 87
742 528
53 593
813 446
416 120
679 517
308 964
772 552
456 492
290 202
367 171
106 110
190 904
322 536
851 992
822 851
399 49
276 682
948 60
585 649
489 194
266 777
819 662
601 556
663 60
280 15
961 680
915 801
197 810
949 958
406 482
546 498
968 556
50 740
177 854
218 328
937 780
845 17
506 850
307 595
536 368
187 116
43 200
458 307
801 881
176 836
857 186
892 649
507 8
112 966
544 961
949 363
233 861
688 118
305 993
956 269
981 325
996 537
687 92
934 510
902 587
104 341
423 144
460 181
969 468
480 886
65 366
725 232
790 931
490 999
357 945
37 333
55 197
897 680
733 696
415 978
511 550
331 21
415 288
69 853
715 285
483 468
117 939
680 427
294 116
622 820
80 35
811 840
578 550
815 883
742 909
565 528
24 925
309 622
643 310
570 262
882 154
334 107
925 352
826 454
592 387
10 608
873 201
267 96
571 739
652 108
942 860
862 179
617 695
181 507
263 257
32 167
879 678
823 244
266 88
435 105
233 51
373 56
356 250
55 924
260 576
731 68
934 278
621 330
444 539
667 715
388 204
582 892
890 8
893 113
689 244
466 137
416 412
985 350
64 132
976 101
63 563
761 511
139 331
237 239
189 104
83 93
385 615
178 114
573 113
836 313
806 812
793 946
782 891
983 527
416 327
78 937
12 243
206 837
574 433
668 956
316 104
502 141
44 653
338 455
845 189
714 231
541 431
708 942
74 995
625 160
215 74
248 460
318 694
753 477
570 348
780 36
964 388
898 728
994 510
559 576
386 751
557 994
904 343
627 950
789 599
332 67
923 505
424 646
78 996
924 735
991 500
29 503
677 258
896 126
721 754
791 279
678 525
578 443
101 597
838 62
569 489
80 416
593 127
171 819
588 679
215 110
867 405
931 145
681 101
737 150
798 520
843 961
104 507
748 789
186 98
781 247
191 985
474 732
561 883
748 515
485 169
275 692
18 43
181 493
431 678
428 660
537 726
364 950
209 851
392 889
334 910
186 621
725 4
429 769
323 242
526 831
529 545
131 107
532 501
183 54
898 778
642 597
111 990
21 432
121 356
740 261
507 855
590 520
694 549
966 766
759 53
571 800
270 613
559 463
739 716
776 121
435 287
77 859
605 27
604 538
560 874
543 799
602 335
382 402
947 534
604 859
349 167
949 998
385 315
763 525
240 287
384 986
388 133
123 673
319 130
133 490
952 872
724 963
827 568
701 726
630 89
899 757
193 454
253 61
961 414
549 242
514 816
186 551
82 176
458 494
767 554
971 966
865 892
197 119
129 657
988 186
853 725
838 367
41 950
554 889
335 967
394 769
117 5
571 641
136 251
987 470
616 726
939 507
216 12
754 367
386 83
256 235
998 784
611 724
313 230
188 266
698 410
421 106
704 767
469 769
50 256
621 825
331 345
47 164
918 716
633 897
767 50
909 388
329 637
635 922
475 311
67 513
221 697
376 573
35 941
950 806
120 749
762 610
484 426
9 713
481 392
657 186
875 823
732 891
687 481
676 183
693 849
113 964
938 587
972 321
496 57
211 605
65 601
640 964
925 242
992 982
103 705
421 562
906 740
157 539
274 576
27 131
800 181
266 889
236 972
75 72
833 49
972 936
949 814
464 887
420 620
29 562
575 877
173 411
228 953
827 992
746 780
787 843
325 621
44 277
498 210
230 293
964 881
269 1
590 864
302 263
714 119
721 401
2 509
907 960
11 864
330 844
564 748
448 778
880 719
748 994
408 795
933 535
622 329
739 803
118 438
462 950
337 778
313 49
869 121
841 704
420 315
465 799
868 151
913 880
858 152
478 179
863 470
856 182
0 46
513 937
102 94
799 196
326 493
984 968
462 812
208 222
471 699
214 855
130 612
301 346
995 330
641 150
8 24
862 50
546 669
80 922
407 367
570 525
369 653
16 377
129 589
70 226
841 978
256 158
138 940
458 498
773 874
487 417
212 765
902 557
390 541
546 827
716 568
287 173
228 122
689 166
653 977
212 540
438 723
897 120
68 829
793 303
814 178
517 812
552 625
403 279
312 790
330 145
513 103
933 850
951 319
990 531
894 124
59 257
240 955
773 383
424 763
572 341
936 333
146 901
632 299
0 417
544 774
452 412
21 810
810 801
748 939
947 102
576 679
386 855
684 94
118 889
748 927
966 629
196 842
826 791
412 547
700 578
701 615
579 915
458 43
530 223
876 40
828 938
409 505
707 751
804 455
60 94
906 553
774 521
909 530
58 261
278 895
116 361
200 670
388 431
810 452
882 400
272 906
884 179
900 222
144 51
479 957
508 674
711 413
746 743
297 156
39 86
300 187
781 243
368 673
199 479
991 930
271 61
386 250
563 317
615 402
759 636
338 994
296 410
42 518
981 919
313 764
201 305
692 261
865 694
479 333
277 70
532 64
244 249
950 143
606 579
458 639
938 615
396 191
578 497
344 22
344 558
405 564
70 614
615 261
495 397
241 959
37 114
781 194
744 148
115 786
468 807
577 743
169 667
158 329
391 56
767 514
772 892
179 615
454 194
345 5
27 447
50 95
755 338
326 699
421 464
557 432
861 160
302 863
472 855
423 306
481 603
314 908
88 535
451 196
959 660
950 354
143 801
568 784
376 99
710 307
649 919
175 979
645 416
935 978
776 137
764 141
478 858
646 875
910 81
223 920
220 116
785 926
674 928
39 495
994 865
222 734
80 51
962 222
887 841
975 192
791 548
433 847
285 883
520 123
767 185
295 539
681 24
170 433
781 852
420 855
436 903
414 586
170 117
220 925
212 477
923 203
469 732
908 991
61 926
168 948
918 920
22 158
420 126
26 530
246 596
47 155
924 851
691 690
827 518
446 838
19 86
867 810
700 874
906 394
918 872
605 961
455 378
968 579
929 736
680 45
644 91
490 317
938 870
921 655
225 423
934 338
653 190
406 830
754 193
953 836
826 764
737 189
898 326
248 689
108 433
359 199
530 814
704 365
371 267
221 204
401 555
559 131
596 835
940 901
43 719
100 170
387 117
832 530
566 784
151 879
767 824
459 756
483 741
521 109
329 205
709 257
886 569
565 261
936 214
688 789
25 220
794 802
166 248
481 186
117 540
63 281
947 450
386 644
171 230
929 231
747 676
654 880
626 823
335 415
954 782
400 52
709 686
84 738
187 973
206 42
480 779
327 63
547 37
391 801
291 844
151 244
662 158
883 979
966 592
464 597
564 36
711 630
65 334
494 590
119 636
992 587
213 58
167 261
720 395
654 651
28 862
244 581
481 726
693 106
570 993
43 95
327 322
955 432
396 335
350 326
480 590
670 130
610 38
17 635
78 773
671 622
558 979
387 713
807 76
262 62
849 127
701 604
636 437
137 269
987 483
54 320
922 652
454 591
551 64
357 970
61 375
45 420
924 473
806 592
241 189
825 79
298 944
534 847
934 208
148 596
948 784
301 229
570 482
440 687
206 979
609 829
967 507
928 734
2 718
126 238
572 166
485 979
857 406
65 114
861 302
468 243
760 368
308 293
106 96
823 850
550 106
460 130
895 400
493 822
871 878
871 830
458 244
608 158
917 900
471 840
875 943
631 664
895 206
241 472
411 30
52 915
536 283
2 101
582 851
719 855
797 563
754 953
149 694
848 208
61 575
59 83
155 537
686 813
19 352
879 336
375 665
864 562
370 50
642 403
956 153
811 923
575 883
776 978
622 281
839 609
204 455
319 789
336 190
889 93
481 637
645 116
852 539
706 41
326 449
523 671
890 54
698 561
66 969
903 699
793 376
654 980
294 842
92 858
39 81
519 490
245 612
658 718
141 414
77 408
85 319
125 960
159 38
88 232
715 431
685 917
503 176
259 309
703 965
353 847
581 930
655 226
968 705
604 832
663 187
418 739
724 939
586 315
993 761
850 10
338 569
613 481
679 210
907 28
395 397
17 638
388 925
851 330
258 958
736 148
51 655
715 9
780 662
705 613
787 893
241 771
865 990
929 683
930 260
667 824
33 648
615 361
308 632
611 725
646 445
635 658
836 321
257 430
64 543
742 193
413 760
335 667
484 537
750 325
603 43
997 308
231 39
17 41
657 553
35 269
959 912
689 28
493 338
708 571
635 987
503 942
611 341
693 417
324 711
391 165
400 671
402 999
939 612
547 197
916 457
492 511
989 280
18 846
308 226
557 461
524 106
428 769
969 214
773 709
413 984
126 777
305 62
284 971
245 215
331 51
222 635
30 191
96 439
481 655
137 79
366 989
304 963
586 112
941 755
927 532
505 356
726 575
988 530
380 70
346 293
542 638
197 179
596 757
957 592
780 988
40 818
814 585
425 73
907 875
200 292
768 425
587 352
390 587
77 161
751 680
375 308
681 103
3 721
346 936
818 325
231 185
706 460
460 784
44 610
286 198
424 21
780 595
202 337
461 760
50 134
834 612
590 88
868 401
293 410
762 170
69 85
816 743
312 466
151 784
99 639
44 658
425 833
815 420
337 577
365 63
928 360
556 6
229 524
60 782
994 687
208 556
844 502
62 702
497 997
52 130
555 197
794 624
704 392
820 564
836 791
861 675
686 364
256 646
239 958
736 459
478 919
758 731
926 921
696 188
215 416
953 71
994 713
554 203
689 777
152 103
690 642
677 94
231 825
975 999
386 754
219 880
78 204
282 888
316 410
457 805
841 419
15 754
321 754
777 985
871 336
708 366
563 163
509 830
998 829
658 410
628 685
435 140
504 955
545 95
309 681
439 336
659 511
720 26
208 502
64 111
94 457
110 410
532 147
625 13
848 800
561 109
707 854
395 244
743 529
494 812
750 967
236 29
588 121
640 655
457 512
889 145
144 244
524 674
404 717
260 402
82 600
794 478
646 374
632 998
325 793
554 902
275 592
632 672
168 184
461 455
16 661
618 379
652 877
999 493
248 886
283 509
542 278
268 112
730 875
866 345
994 921
806 58
714 532
546 250
201 473
959 218
790 804
660 223
907 284
80 210
841 344
218 190
399 227
696 168
404 156
499 83
411 839
694 374
174 636
809 151
373 255
531 341
483 910
344 644
806 291
637 980
168 651
723 666
214 186
503 245
268 876
34 563
683 363
345 486
896 426
474 198
628 755
637 822
661 628
486 41
630 223
980 821
886 473
634 206
153 948
38 371
444 980
319 195
881 489
498 386
913 81
399 973
434 393
800 481
916 735
185 592
932 184
745 722
281 87
838 229
840 253
476 782
170 683
298 4
52 249
25 772
874 116
396 846
771 370
33 471
770 974
704 487
876 864
186 444
183 153
362 603
71 963
311 51
114 536
256 468
389 779
367 551
72 621
306 824
310 557
180 656
81 610
230 598
602 625
648 206
88 703
510 743
700 354
1 419
249 189
858 661
109 990
575 996
477 430
926 622
540 315
298 229
899 338
949 820
394 967
443 957
519 318
289 13
644 600
26 562
996 718
759 399
841 577
547 824
356 97
535 733
625 468
635 557
237 309
281 830
850 54
581 150
903 207
728 0
428 776
567 500
549 182
199 494
17 467
940 672
634 95
756 433
599 402
665 365
633 224
544 116
844 647
290 381
364 629
170 96
253 606
543 79
839 461
744 732
844 122
816 517
298 390
523 555
37 326
186 635
665 741
708 823
841 602
342 128
740 966
397 188
975 277
182 789
850 771
485 199
655 867
590 669
714 799
177 465
758 851
388 723
921 21
638 371
750 261
364 440
498 517
266 864
32 726
615 770
338 821
726 187
279 452
481 500
492 246
589 804
884 954
924 394
110 71
623 520
185 453
382 467
455 392
706 936
493 591
945 841
667 574
121 882
494 985
417 983
210 543
615 466
9 843
509 501
530 499
740 182
460 147
421 929
27 214
855 492
507 826
140 505
503 320
901 136
283 662
994 803
823 830
282 934
22 550
543 51
456 266
721 397
158 792
777 261
868 831
72 292
252 960
773 745
383 600
272 904
34 565
160 546
680 700
715 199
408 223
377 227
319 519
683 913
26 960
319 354
906 162
354 927
561 414
805 571
932 290
67 388
217 133
622 979
798 980
8 93
598 668
896 363
155 912
395 989
290 813
974 613
38 385
705 110
767 926
577 954
926 685
958 11
52 273
404 674
958 972
984 494
182 546
215 289
651 609
212 144
628 553
474 271
999 569
684 756
279 598
538 553
959 72
370 803
221 833
853 87
79 115
906 683
503 101
706 160
799 192
480 495
115 961
267 592
48 736
406 991
169 246
121 12
903 132
43 495
940 795
290 86
406 732
630 11
995 317
426 30
140 51
756 353
768 182
479 735
50 114
953 969
741 898
943 547
664 783
918 723
851 146
823 876
645 458
474 30
513 346
299 630
643 989
999 792
654 695
288 490
577 18
824 549
145 317
962 903
202 14
426 930
39 663
265 212
803 144
292 492
596 877
84 49
287 407
65 40
323 950
289 160
41 540
341 347
758 440
27 53
467 553
737 860
965 374
672 525
499 899
112 85
82 972
145 158
565 212
585 161
261 651
116 388
597 206
769 955
759 295
71 972
246 191
107 94
585 907
104 584
664 901
499 889
932 0
837 615
46 59
293 942
969 891
445 536
598 946
387 127
623 0
735 426
280 270
695 62
733 522
682 679
198 781
658 236
683 593
112 463
773 912
756 315
169 393
738 129
936 504
826 306
712 929
166 279
660 765
650 248
398 736
650 61
446 15
837 994
660 625
225 304
982 335
503 300
127 477
218 537
328 815
481 939
935 770
205 693
313 116
426 867
902 482
752 58
582 559
747 593
614 137
885 15
184 490
554 1
35 998
295 181
324 580
23 710
929 110
434 432
94 386
702 373
357 722
352 981
65 643
746 827
866 538
994 334
180 249
30 491
374 870
845 579
45 56
666 408
2 165
621 570
708 925
713 100
429 873
19 67
535 800
380 549
973 835
523 547
96 429
427 323
584 210
392 841
735 878
671 279
801 795
168 200
42 833
899 84
89 107
90 492
470 174
502 427
690 788
26 667
653 51
726 113
972 139
103 9
681 161
124 468
312 188
466 915
326 177
337 992
331 365
292 245
141 478
642 484
129 114
623 277
727 423
487 107
906 967
546 796
459 564
705 820
778 449
683 923
202 799
785 251
447 689
434 18
88 696
634 937
615 398
302 58
292 660
887 60
807 671
11 309
869 447
135 407
14 185
378 798
271 75
683 286
163 601
644 558
711 467
140 535
1 157
966 213
547 967
476 25
207 303
73 975
837 302
981 2
561 280
357 419
72 544
813 283
669 952
252 789
922 974
887 178
647 714
375 136
329 427
717 481
43 150
629 876
950 534
236 228
484 747
352 268
395 112
213 674
348 994
879 462
666 725
821 640
399 391
572 403
782 850
633 811
22 946
918 996
793 257
169 367
619 671
375 985
155 886
665 733
174 133
160 378
870 968
109 754
58 458
441 258
519 782
234 15
870 31
389 304
318 788
142 920
408 852
141 486
21 105
109 804
328 833
0 848
525 399
945 922
280 440
453 552
640 761
681 404
442 48
91 370
687 775
939 651
645 947
150 192
172 951
703 484
570 75
731 217
723 864
830 747
158 307
302 583
351 734
704 307
361 925
323 51
516 29
753 784
650 974
800 838
521 712
700 754
918 189
710 776
314 533
392 740
392 765
665 807
553 563
730 394
579 213
820 46
460 164
148 723
18 884
793 900
970 715
156 358
733 758
798 995
344 498
83 512
444 104
921 3
33 61
159 815
984 957
444 877
390 241
237 231
622 599
560 452
40 602
499 678
144 285
212 635
426 696
775 336
438 325
479 290
240 838
715 745
352 430
621 77
504 193
926 625
450 942
220 95
663 943
13 704
454 926
871 331
405 126
340 612
67 52
17 237
413 567
282 932
490 805
69 596
531 898
715 378
83 492
367 597
786 813
23 906
800 960
659 381
542 152
22 408
113 917
719 776
591 365
541 708
238 264
175 727
194 768
624 451
459 142
654 16
538 459
376 56
367 307
685 198
569 871
157 833
513 470
489 305
617 416
965 235
586 387
832 963
561 943
822 894
831 158
965 1
302 633
22 458
499 388
888 803
750 583
117 926
576 580
626 765
86 832
632 22
98 410
107 434
756 694
45 672
105 550
412 540
905 16
141 317
860 201
573 725
371 520
806 207
696 984
234 274
991 524
321 125
773 72
106 951
979 260
193 953
155 852
390 211
712 159
648 722
48 126
630 528
738 90
572 794
223 497
428 518
137 761
348 976
289 803
365 144
681 102
68 931
107 501
348 362
603 668
708 13
402 312
45 560
151 258
264 293
765 518
80 810
960 423
170 97
251 363
744 690
1 807
710 812
2 138
67 265
695 602
931 878
969 634
381 33
764 506
356 908
355 641
594 217
96 778
441 920
754 230
226 159
724 155
177 631
67 928
35 341
23 205
775 323
166 88
61 304
416 533
54 146
881 367
535 519
607 849
675 232
743 334
467 59
207 46
931 184
406 738
415 872
105 55
534 217
520 432
588 601
503 621
630 261
585 807
435 141
267 94
493 654
284 275
29 846
955 653
811 36
246 175
244 203
884 150
159 598
860 218
365 879
531 541
872 649
100 24
984 599
424 935
833 220
58 108
955 226
873 368
751 758
297 627
213 362
714 773
835 156
674 100
727 300
415 574
178 214
78 394
998 611
983 250
683 945
951 447
144 804
53 858
111 623
414 655
962 461
546 957
470 194
236 733
549 802
493 446
465 533
68 774
772 353
535 441
797 94
753 401
649 940
490 265
26 450
891 300
221 573
677 562
163 842
579 762
500 979
724 209
219 261
341 875
485 719
622 82
671 864
942 807
635 103
353 935
128 22
539 714
225 576
175 666
887 311
531 560
93 792
880 508
145 416
426 774
261 33
731 658
534 415
1 255
731 213
797 113
579 588
753 234
881 39
283 885
72 58
61 37
452 706
76 401
796 430
870 180
907 590
196 1
449 844
925 335
332 532
47 953
265 406
373 629
45 91
473 649
992 494
85 245
168 559
126 527
674 503
470 676
85 707
713 467
15 16
539 349
156 556
906 221
646 643
197 761
70 525
152 744
973 35
221 2
822 772
189 557
313 400
869 900
172 641
635 841
626 427
427 609
320 313
511 316
148 603
202 59
121 263
533 575
670 131
12 636
907 374
72 486
920 151
706 654
565 27
641 661
403 967
141 609
603 176
243 494
495 345
814 230
272 557
722 872
262 548
830 150
538 263
498 611
99 225
298 269
142 667
332 814
793 992
271 521
4 297
910 31
934 424
473 315
615 735
573 347
842 888
641 541
659 178
455 546
891 292
949 713
561 843
364 323
108 810
327 862
699 775
458 405
919 212
444 683
22 65
631 797
532 667
852 549
943 715
647 563
210 179
425 934
107 102
147 212
769 487
630 29
559 730
931 797
869 952
827 346
328 334
6 819
83 350
95 267
801 301
934 692
69 103
316 620
416 208
818 930
736 725
418 122
305 28
97 924
60 243
227 67
679 320
518 47
764 178
802 940
814 204
532 187
186 747
447 235
692 102
728 576
450 737
965 528
971 346
995 86
503 895
430 633
866 996
931 460
535 483
144 827
410 634
947 844
929 161
51 997
271 324
472 417
807 445
485 913
975 80
760 558
534 631
896 796
184 585
254 973
722 589
404 323
495 726
529 646
230 437
461 801
676 451
312 899
100 636
958 941
878 784
685 889
618 179
571 403
647 737
248 64
344 357
601 12
712 416
497 515
457 11
148 444
109 982
152 244
316 727
854 875
995 725
75 364
244 390
249 884
849 812
162 316
998 327
199 520
483 952
840 355
811 874
530 234
971 188
449 401
402 756
923 608
547 517
600 164
994 240
865 206
935 203
322 793
643 27
50 155
643 43
569 164
117 833
742 834
801 998
577 58
22 929
984 736
455 710
940 44
22 57
146 389
855 740
65 283
394 739
719 909
954 118
342 282
754 61
867 129
360 189
890 695
517 629
957 433
672 5
957 541
41 354
557 9
5 867
297 448
818 248
71 120
247 677
813 546
579 456
766 468
491 693
292 214
946 39
709 386
178 166
35 29
559 917
646 599
508 405
16 106
207 757
201 426
121 871
865 153
916 8
349 229
578 499
531 338
787 628
787 831
139 405
393 784
950 686
17 719
151 735
2 979
240 909
110 444
83 384
987 651
790 660
472 47
152 72
960 762
458 675
968 6
472 270
742 311
917 616
503 807
298 997
892 945
780 897
873 136
261 440
858 875
461 526
657 673
397 435
421 620
941 633
705 414
429 147
374 506
258 812
774 154
861 630
594 654
370 988
581 577
529 70
345 753
651 317
500 356
2 227
725 401
597 317
282 561
324 755
732 800
128 294
113 81
414 266
159 814
843 710
107 214
967 270
838 885
946 851
855 437
252 813
495 265
242 0
338 181
528 87
780 989
903 583
656 676
584 416
42 684
602 387
717 713
214 457
793 780
765 52
819 361
833 599
937 436
585 542
392 128
269 866
945 981
265 935
987 737
841 919
164 948
314 53
988 588
7 953
633 915
825 368
467 484
409 969
456 401
202 194
399 149
561 580
901 872
782 303
939 542
825 875
143 463
501 996
710 928
288 541
128 756
803 442
527 956
636 313
437 747
91 278
834 470
56 15
899 799
712 731
404 570
947 383
581 622
115 126
941 53
158 645
134 914
862 728
286 489
99 997
850 4
529 520
968 453
20 150
659 929
23 636
382 816
195 371
364 880
564 391
576 38
47 317
429 38
412 340
614 93
925 422
891 791
499 848
938 54
791 683
938 218
843 874
933 564
32 810
477 992
493 667
975 292
270 743
685 18
573 111
184 926
22 711
342 584
239 456
576 13
720 14
901 92
623 53
304 355
296 628
809 53
609 356
319 389
788 252
203 604
538 328
295 489
548 686
998 877
282 22
717 682
723 912
161 701
551 426
60 774
647 638
717 993
14 157
263 791
136 305
976 874
104 976
450 904
515 405
447 344
923 399
664 929
747 839
70 324
850 387
394 476
569 17
839 154
600 694
27 124
608 866
906 896
661 144
70 553
857 607
493 397
698 891
563 293
149 984
475 99
331 186
298 193
303 430
711 486
664 699
32 842
369 253
343 741
553 669
86 797
168 135
856 951
774 775
297 252
840 321
59 110
92 949
41 949
573 840
843 392
768 543
465 502
74 519
817 679
537 692
665 865
637 217
231 454
566 367
978 442
286 248
855 285
668 782
583 496
106 671
784 885
613 928
840 301
494 212
438 769
130 840
917 505
1 429
690 674
807 860
772 701
192 810
954 576
925 838
85 221
480 442
106 384
136 2
523 59
669 240
29 437
715 571
970 731
175 264
385 477
630 737
928 319
677 149
999 970
219 491
8 496
596 342
498 875
417 450
450 733
752 583
207 402
186 265
559 613
745 64
355 703
722 319
931 138
929 373
14 10
8 756
25 488
144 829
493 447
76 919
667 547
163 184
582 899
64 386
762 276
390 17
417 393
413 541
204 193
213 263
496 818
42 362
137 647
480 610
27 2
219 662
563 343
421 830
930 25
533 636
186 602
267 620
297 721
55 979
849 931
408 948
286 125
892 800
272 158
322 105
344 318
165 61
649 916
236 390
274 344
177 821
661 103
625 976
299 494
974 73
710 848
331 564
504 773
840 77
820 255
79 893
311 577
384 630
610 718
554 324
562 987
669 476
722 638
345 889
592 822
152 79
730 17
710 814
269 440
514 375
208 60
329 730
867 885
706 923
757 665
379 556
237 902
750 336
514 757
505 938
626 973
761 816
165 326
867 422
30 640
444 876
150 68
288 643
972 27
534 903
43 53
288 216
666 402
637 609
678 856
502 942
307 588
758 573
909 427
450 124
233 848
376 731
983 608
100 435
766 546
477 996
492 422
626 828
590 363
52 319
524 82
211 448
176 975
7 932
744 592
348 518
322 594
203 792
759 17
362 569
308 58
670 462
865 946
254 296
383 575
251 596
540 777
715 297
927 741
685 958
785 718
3 108
311 915
850 580
361 824
85 14
564 702
723 394
222 103
880 371
246 959
140 692
751 83
343 973
878 466
379 229
487 971
686 394
63 263
609 598
99 235
623 265
370 308
628 401
756 567
774 963
805 357
337 106
803 809
437 882
508 242
283 639
244 580
297 614
632 537
487 489
478 233
223 975
188 676
83 226
23 374
840 448
57 693
303 776
892 415
478 682
510 422
1 643
907 482
924 601
119 81
763 928
192 406
393 299
145 462
796 834
894 833
120 465
274 950
315 87
249 815
610 288
58 665
926 292
39 448
167 107
703 244
657 809
148 827
23 991
98 802
178 511
843 636
661 743
97 294
886 565
166 283
398 848
118 133
580 109
916 707
511 47
643 107
310 168
448 789
700 338
280 156
964 908
29 751
798 990
41 585
788 776
917 589
258 892
639 38
751 255
279 932
921 194
454 760
349 59
599 928
280 992
909 857
848 282
1 278
709 42
740 119
827 263
956 562
72 62
516 773
533 715
610 144
600 580
551 445
136 584
431 551
447 816
481 844
164 998
718 986
247 517
811 569
767 558
660 698
263 542
84 334
394 959
758 481
49 957
97 304
509 7
615 964
367 886
447 615
717 98
912 246
900 199
118 809
804 504
277 539
226 413
396 662
743 569
129 61
668 981
469 819
195 983
930 176
530 745
693 136
273 713
195 305
466 234
19 385
583 192
339 95
978 823
744 928
426 639
687 474
545 631
613 49
276 325
962 927
722 465
105 608
635 267
254 672
830 250
663 417
450 888
929 821
747 436
468 136
422 664
172 184
393 572
422 413
274 275
421 401
387 415
965 503
250 171
888 771
437 417
978 30
348 853
52 631
857 138
843 509
787 248
20 848
601 416
94 599
686 296
332 228
551 612
339 170
491 333
11 91
838 674
343 708
762 431
320 636
536 712
968 903
267 356
292 301
330 642
666 133
583 650
319 346
730 500
470 877
592 289
235 561
963 119
910 360
22 875
93 500
826 793
544 96
560 799
832 355
270 235
76 242
272 693
86 202
492 222
470 28
200 806
453 649
117 65
456 655
367 201
371 236
896 811
288 328
916 352
269 690
834 977
520 160
125 224
961 330
77 85
835 521
274 87
805 139
994 858
412 684
139 130
187 173
830 759
13 436
313 458
869 251
363 397
844 286
950 258
223 47
351 982
156 730
861 62
25 797
814 583
791 257
405 137
766 115
837 355
413 876
767 687
790 924
485 119
875 477
88 383
527 583
522 219
19 286
570 439
732 770
571 412
990 756
702 536
766 728
757 183
338 214
763 30
125 701
649 147
913 650
808 259
629 28
50 924
23 292
721 756
241 497
457 955
37 925
655 433
734 882
372 26
659 262
567 327
858 864
596 283
934 544
642 409
252 37
261 848
660 525
434 796
128 951
12 247
514 493
703 825
387 463
709 905
728 265
136 615
184 925
475 591
563 896
12 347
387 203
851 404
104 992
180 789
526 115
863 705
795 804
314 551
704 233
457 566
872 7
230 680
846 691
15 777
379 374
489 298
882 997
876 374
565 88
275 589
445 108
134 318
646 409
223 474
762 343
749 434
933 185
584 945
615 318
500 765
882 743
339 34
600 417
8 109
936 151
93 680
340 915
625 163
307 434
852 538
116 221
481 143
715 32
520 484
250 859
35 748
633 137
646 36
861 854
24 340
31 5
83 453
975 90
250 251
434 277
166 518
493 836
481 860
885 417
709 990
69 208
704 938
926 309
932 753
68 801
260 625
884 665
591 363
359 874
85 149
18 751
184 923
923 437
323 227
516 279
128 843
123 172
850 715
510 440
897 777
269 78
232 841
705 118
695 989
297 41
851 72
668 624
0 42
108 411
380 515
837 157
227 350
690 416
886 728
695 411
775 414
419 772
159 358
567 745
837 806
770 914
438 489
799 364
502 624
576 858
371 749
805 801
320 938
531 283
895 24
977 185
729 727
829 692
169 805
715 223
115 83
782 550
592 586
985 810
514 229
111 650
474 717
685 711
235 779
792 368
794 723
177 848
765 121
476 399
854 494
565 647
487 112
542 99
31 680
241 473
917 258
524 297
622 377
895 694
974 783
373 158
197 123
685 640
986 749
620 514
423 206
466 638
343 907
501 320
554 506
741 467
469 309
149 604
949 402
798 908
630 968
550 936
854 942
124 338
801 381
79 171
883 147
762 593
461 654
379 632
928 643
281 101
5 507
254 472
355 488
93 572
351 134
434 563
768 13
67 480
651 936
832 800
271 408
150 808
302 519
781 873
185 417
887 960
331 776
508 737
559 444
961 36
705 480
317 659
867 789
569 972
46 742
982 206
996 186
710 974
461 74
156 19
674 170
579 235
507 726
386 91
443 991
249 527
926 434
287 521
346 885
77 609
572 122
928 180
134 727
628 645
107 468
738 745
303 253
40 446
364 823
864 875
945 399
355 763
259 995
95 571
228 491
174 113
580 174
765 523
381 802
11 753
74 691
974 982
935 527
220 765
82 281
158 316
363 309
242 165
169 110
893 987
242 387
105 748
899 383
996 639
224 337
254 611
59 841
703 465
892 54
252 637
424 65
95 123
795 574
39 362
802 750
604 530
572 162
364 502
311 662
258 968
678 794
377 887
138 891
973 350
420 203
31 145
42 490
682 221
696 673
507 876
763 244
829 987
420 572
834 292
214 674
397 874
48 639
617 662
30 903
176 899
532 333
138 780
549 396
645 405
447 550
963 389
814 633
467 647
823 998
438 254
297 849
752 355
398 905
288 369
921 778
431 222
456 851
3 49
394 802
47 607
745 993
383 893
386 597
931 668
933 777
379 245
146 541
31 403
186 269
84 15
480 580
332 512
977 891
444 277
393 854
906 544
426 801
159 880
141 973
904 352
785 765
294 630
741 732
36 257
698 565
895 862
935 696
538 972
569 341
197 696
734 228
107 804
716 704
494 559
64 830
146 437
691 93
751 443
501 63
981 46
556 628
674 183
817 143
831 481
91 507
791 400
945 164
625 646
771 243
515 370
75 21
840 182
354 981
130 774
594 697
600 646
385 607
184 471
337 336
254 976
718 593
535 641
335 968
805 782
724 546
123 161
799 645
443 358
915 573
254 871
221 173
588 719
922 410
172 759
813 63
383 356
396 888
640 817
47 369
888 488
651 942
496 825
860 635
441 332
553 311
58 509
876 613
645 898
321 68
382 871
217 973
350 803
212 555
504 888
951 622
786 893
961 455
889 64
985 217
110 188
916 796
352 519
665 984
918 157
585 946
61 274
522 635
22 118
295 807
616 941
302 943
731 514
523 937
231 8
536 803
897 505
639 921
968 279
831 290
413 685
347 331
724 555
775 365
525 340
634 839
836 329
569 333
501 267
255 293
515 571
655 67
628 841
636 15
95 557
118 187
959 694
925 504
800 708
723 21
309 659
479 545
512 278
689 408
880 59
27 825
572 470
911 505
244 815
88 61
567 300
650 617
67 828
939 729
222 939
243 497
28 500
272 946
193 620
210 593
831 195
498 909
657 581
573 414
422 15
522 663
269 702
657 467
769 268
995 469
355 43
424 954
780 794
165 709
945 994
140 47
303 873
567 484
822 289
993 843
950 837
151 828
29 949
941 720
283 117
389 509
856 241
425 76
5 384
304 142
281 116
407 536
201 99
793 544
401 982
347 715
281 769
627 966
524 801
969 779
934 11
397 523
385 154
785 911
530 542
551 534
223 201
815 464
897 368
325 657
495 217
475 402
853 910
662 473
722 850
284 689
665 955
631 529
668 666
19 361
856 287
334 327
185 822
878 202
131 106
751 523
956 367
394 706
899 721
353 486
463 679
446 300
194 806
155 952
727 640
174 579
823 674
578 280
52 976
448 661
857 525
254 226
303 859
736 498
389 508
882 385
762 397
769 151
946 414
570 895
449 90
114 332
236 264
404 728
44 49
785 437
891 952
390 570
918 421
298 918
7 261
665 781
103 14
54 530
266 243
65 325
162 484
9 324
996 900
512 688
707 298
770 431
225 759
706 882
390 230
86 67
429 793
802 120
34 751
84 45
146 138
149 583
531 929
201 444
898 537
705 597
870 460
58 536
434 103
90 923
197 503
461 114
593 765
816 999
919 412
164 483
573 572
299 606
26 245
492 955
469 896
888 568
106 633
928 305
497 933
497 674
734 97
308 776
397 689
669 919
480 952
833 557
386 983
732 100
933 355
534 204
359 98
902 967
186 33
156 393
993 288
737 847
746 395
478 426
776 777
22 663
463 508
548 461
101 62
406 977
288 92
430 580
955 781
186 609
393 220
375 934
102 166
698 535
565 913
799 982
930 124
692 259
886 208
768 355
768 446
964 867
830 262
99 857
422 318
652 449
788 396
85 687
507 154
905 190
296 431
868 233
595 795
120 494
838 957
942 751
174 279
237 364
221 655
471 682
738 181
36 293
761 461
509 332
130 676
809 315
919 966
632 150
562 916
111 695
744 329
151 304
705 903
579 693
527 376
229 592
55 261
288 432
254 686
359 684
393 420
12 562
836 381
267 756
551 490
845 214
590 821
338 474
828 693
379 53
735 812
274 136
601 643
58 289
207 65
161 508
150 548
493 680
614 517
453 954
199 212
877 66
234 926
561 180
176 611
448 518
851 84
469 140
110 12
2 836
440 576
932 720
579 754
654 288
604 46
956 193
134 807
332 533
628 748
294 725
268 457
397 528
885 761
144 742
395 208
15 920
625 199
159 588
934 223
966 218
505 859
839 428
756 479
567 976
348 868
992 977
823 49
664 869
973 763
1 245
613 946
746 407
397 650
774 368
408 27
287 433
170 384
447 80
462 259
894 64
988 755
257 492
65 703
343 984
522 59
493 629
254 397
162 781
457 67
12 467
230 369
796 7
777 492
257 33
146 123
568 365
397 521
342 960
353 468
281 372
451 2
258 469
879 799
125 650
441 287
438 342
165 939
403 81
22 59
489 707
338 1
228 765
895 149
550 197
963 822
106 638
455 348
679 894
650 506
145 361
350 30
32 741
599 627
855 700
80 824
634 418
834 61
97 351
927 146
398 874
332 791
633 220
881 531
843 181
615 957
727 826
105 237
827 309
14 820
177 545
256 915
887 298
322 623
155 429
330 294
565 939
192 90
743 339
275 497
681 767
308 669
301 599
908 519
298 169
904 413
989 590
562 936
307 300
338 40
436 641
717 555
49 604
977 570
689 911
944 560
501 136
376 46
726 843
111 394
868 378
877 758
201 38
71 600
740 10
35 435
795 125
849 844
646 0
493 569
690 455
51 378
500 659
853 607
214 747
170 645
976 917
897 647
610 207
540 795
166 559
955 284
219 766
550 852
180 811
102 190
537 9
240 674
24 128
643 325
397 905
632 844
779 869
813 642
48 772
110 579
753 766
675 310
174 878
970 147
498 204
361 806
976 386
578 381
573 969
854 878
879 884
131 140
177 324
104 968
945 948
273 687
657 37
67 541
405 378
784 713
396 913
754 808
32 619
595 593
982 804
559 658
888 421
15 26
793 208
288 580
13 431
60 603
764 158
187 363
231 815
618 966
855 671
154 766
486 931
925 121
322 682
640 859
193 593
335 267
946 631
301 578
511 338
27 72
86 82
372 848
945 108
627 207
39 253
843 915
644 694
294 605
295 603
379 158
964 771
291 460
845 919
296 448
220 677
553 463
348 184
1 173
720 834
429 473
748 828
455 357
352 366
63 185
597 575
379 511
896 310
319 504
498 599
791 665
490 339
11 170
175 73
285 627
693 943
573 297
316 194
799 898
903 403
958 477
824 569
90 397
756 336
621 481
710 977
390 324
544 603
111 747
454 577
63 11
363 746
150 887
681 785
45 571
200 753
178 917
190 269
455 579
157 181
983 415
27 389
298 635
311 364
96 154
425 83
144 476
512 559
55 629
734 356
620 460
924 112
227 459
690 273
951 98
149 622
997 144
346 306
627 742
855 852
938 592
416 285
720 974
664 212
858 961
971 265
784 581
817 787
915 191
64 310
36 489
415 8
470 356
230 432
977 306
927 843
522 491
293 875
830 803
133 718
600 169
56 179
893 805
827 391
914 568
747 126
401 18
255 644
585 128
275 99
481 818
597 792
598 5
730 976
880 966
111 699
276 843
882 902
947 142
545 740
183 211
552 582
60 393
503 384
638 846
634 476
977 182
380 224
18 488
387 472
695 134
49 705
204 138
575 382
802 613
457 271
460 179
754 839
400 545
674 852
977 558
67 397
216 100
93 107
883 633
619 224
456 94
721 461
141 522
86 445
193 743
675 33
962 143
576 897
94 666
692 109
546 832
181 174
426 233
434 870
952 690
536 899
247 816
369 68
508 742
258 558
217 449
298 736
590 338
41 454
347 239
990 80
489 425
784 666
559 198
843 324
128 958
10 945
833 392
242 369
807 762
209 683
957 621
673 502
679 119
30 801
944 532
735 65
964 82
122 849
964 774
480 511
238 641
378 28
488 985
544 943
206 816
789 648
614 501
360 352
287 525
678 114
924 824
725 224
996 803
774 505
98 763
395 995
628 305
429 284
547 957
116 868
762 134
277 508
3 926
290 926
15 149
437 127
308 418
322 489
208 717
199 718
998 79
304 648
362 822
612 345
622 761
227 435
489 845
474 740
548 72
144 190
254 125
429 482
149 599
714 78
93 396
774 592
483 711
148 669
846 265
243 58
606 502
825 401
405 342
91 274
447 119
314 871
259 848
52 110
512 861
10 585
312 203
47 722
493 307
465 259
225 895
223 0
276 790
170 373
950 201
227 158
46 585
518 756
176 414
978 768
257 541
718 950
430 652
633 714
730 158
630 231
247 993
667 766
910 104
812 246
49 685
623 268
832 390
528 696
66 229
550 241
890 504
239 954
872 956
460 554
300 730
707 571
909 811
335 69
881 919
989 243
445 470
465 161
28 126
103 544
497 173
480 69
710 526
91 388
176 112
848 568
406 117
490 787
719 511
357 723
495 296
445 80
646 980
22 167
391 857
730 363
822 300
690 797
487 928
439 241
948 548
662 757
824 590
303 603
654 601
580 279
622 842
114 379
965 509
324 886
704 532
157 374
324 844
389 711
410 448
91 268
845 258
12 675
439 951
787 517
635 13
208 552
87 667
816 448
207 408
625 938
317 991
332 711
406 158
815 321
351 261
588 932
173 831
527 496
990 336
611 428
725 112
5 512
213 92
715 977
455 796
338 382
313 445
137 771
201 449
186 954
958 620
544 761
144 665
486 491
766 191
392 341
915 81
337 754
277 459
297 423
504 102
801 98
683 799
532 881
942 336
698 772
902 258
152 969
926 972
957 452
776 580
510 3
807 475
500 995
500 447
437 398
563 474
222 716
943 530
748 84
453 517
492 806
275 163
307 858
814 327
351 852
835 958
96 370
857 491
173 6
710 949
338 374
768 114
838 728
755 422
176 378
326 853
692 488
565 731
812 69
289 393
164 146
654 99
662 117
985 365
806 569
932 165
780 211
921 17
141 907
287 878
924 901
819 794
687 794
611 169
907 576
325 149
48 49
718 450
583 901
65 848
436 954
704 925
223 236
917 155
647 828
339 903
211 38
56 642
870 0
627 688
853 138
613 737
356 390
546 104
841 847
41 418
532 899
268 255
170 55
608 520
34 57
702 352
877 480
225 530
464 952
815 129
844 702
605 33
835 250
497 657
808 485
76 323
313 325
525 743
406 551
955 995
161 193
661 41
42 371
519 91
504 389
839 347
365 451
421 319
788 94
32 885
434 572
127 15
659 342
107 670
21 591
967 482
665 987
564 129
159 960
408 914
408 719
57 707
174 576
296 52
909 394
669 229
258 551
29 725
187 168
920 809
639 319
245 200
582 873
709 209
968 820
978 784
223 700
859 960
389 817
157 393
384 325
285 984
349 864
590 510
230 233
837 258
887 721
515 533
127 978
763 356
959 484
799 648
942 308
873 724
2 587
476 731
881 808
466 56
445 641
175 622
365 529
774 170
40 790
966 929
740 800
309 122
107 659
858 50
925 811
995 784
537 761
268 224
222 985
632 579
309 235
166 718
404 189
239 508
928 530
756 558
734 306
373 698
15 367
282 514
355 817
436 350
209 585
613 557
956 950
361 754
123 330
148 505
251 301
301 347
254 100
11 235
519 604
628 681
768 903
672 401
806 861
543 603
181 432
447 706
482 416
489 599
137 490
407 909
2 114
747 220
656 187
601 650
444 616
829 179
968 207
628 30
742 235
416 689
381 663
102 510
297 173
992 74
57 192
939 308
919 101
528 763
688 379
616 19
804 650
655 444
470 0
584 762
681 870
189 416
295 638
713 961
132 334
172 439
208 705
982 694
549 466
402 253
265 721
981 674
202 510
323 745
376 254
160 627
117 835
256 76
179 568
555 358
-1 -1 -1 35242 -1 14485 36186 -1 -1 28618 -1 -1 -1 9274 39495 -1 -1 -1 -1 -1 29008 17970 36068 -1 -1 57366 -1 -1 -1 -1 30005 -1 15270 -1 24445 -1 -1 -1 -1 50773 -1 -1 -1 -1 -1 17467 -1 -1 46026 3289 -1 -1 -1 -1 34932 -1 -1 -1 -1 -1 -1 9306 -1 -1 52745 31721 -1 -1 -1 -1 -1 -1 -1 -1 54989 42749 -1 -1 -1 -1 12312 37418 24983 -1 -1 -1 -1 -1 -1 25553 -1 -1 -1 -1 -1 -1 38997 -1 -1 26581 -1 -1 32920 43107 -1 -1 -1 15616 26128 -1 1522 -1 -1 -1 -1 -1 -1 -1 -1 -1 -1 -1 -1 -1 -1 -1 -1 -1 -1 -1 -1 -1 -1 -1 -1 -1 -1 -1 46596 -1 -1 -1 -1 -1 -1 -1 -1 -1 -1 -1 -1 54992 -1 -1 -1 -1 -1 -1 -1 -1 39025 -1 -1 24588 -1 19969 18026 99 28247 14899 -1 -1 -1 -1 15231 -1 -1 48862 -1 -1 -1 -1 -1 44604 40365 -1 -1 -1 -1 -1 -1 -1 -1 -1 -1 -1 1437 -1 -1 -1 -1 -1 17075 -1 -1 -1 -1 -1 -1 23600 -1 -1 -1 7322 -1 -1 -1 -1 22782 48086 -1 62344 -1 -1 -1 -1 -1 -1 -1 -1 28843 11395 -1 -1 56203 -1 -1 -1 30174 -1 37157 28379 -1 -1 -1 64748 -1 -1 -1 169 2421 -1 18843 -1 -1 6641 -1 51314 -1 -1 -1 -1 -1 -1 -1 -1 -1 -1 36204 -1 -1 -1 -1 -1 -1 -1 20056 35364 -1 -1 29221 -1 -1 -1 -1 -1 55847 -1 40076 772 -1 55668 -1 -1 -1 -1 -1 -1 -1 -1 -1 -1 -1 -1 -1 -1 -1 -1 -1 -1 -1 -1 20424 -1 -1 -1 -1 -1 -1 -1 -1 -1 45368 -1 -1 -1 -1 -1 -1 -1 -1 -1 -1 58424 60486 43395 -1 -1 -1 -1 20790 -1 -1 -1 -1 -1 14702 -1 -1 -1 -1 -1 -1 -1 -1 -1 -1 -1 -1 484 -1 25605 -1 -1 -1 -1 -1 -1 7231 -1 29003 -1 -1 28291 -1 -1 59849 -1 -1 -1 -1 -1 28356 -1 23290 4348 -1 -1 -1 -1 -1 -1 22604 10483 -1 -1 -1 -1 -1 -1 28377 -1 -1 -1 55457 -1 -1 -1 -1 -1 -1 -1 858 -1 -1 4183 -1 17217 -1 10068 54831 -1 -1 -1 -1 -1 -1 7828 -1 -1 -1 5395 -1 -1 23650 -1 27942 -1 -1 42264 -1 -1 -1 -1 63552 -1 -1 -1 -1 -1 -1 -1 -1 -1 6977 -1 -1 -1 -1 -1 -1 35495 -1 48161 -1 -1 -1 -1 -1 -1 -1 24492 -1 -1 -1 -1 -1 -1 -1 51595 -1 -1 -1 -1 -1 21095 -1 -1 -1 -1 35857 -1 -1 -1 55678 -1 -1 701 18936 -1 -1 -1 -1 -1 -1 -1 -1 -1 -1 -1 29560 -1 -1 -1 6092 -1 -1 -1 -1 -1 45527 -1 56448 -1 -1 -1 -1 -1 -1 -1 -1 -1 47037 -1 -1 -1 -1 36280 -1 -1 36158 51850 -1 -1 -1 -1 34329 9690 -1 56663 40963 -1 44812 -1 23303 -1 64566 -1 -1 -1 -1 -1 -1 -1 -1 -1 -1 -1 -1 -1 -1 -1 -1 -1 -1 -1 -1 -1 -1 11879 -1 41550 -1 -1 -1 53389 -1 -1 -1 50868 -1 -1 -1 -1 -1 -1 -1 -1 -1 -1 -1 -1 47752 -1 -1 -1 -1 -1 -1 19690 -1 49231 -1 -1 -1 -1 -1 24339 -1 41542 -1 56736 -1 -1 -1 13328 -1 -1 -1 -1 -1 -1 -1 -1 1290 -1 -1 -1 -1 -1 -1 -1 -1 -1 -1 -1 -1 -1 -1 -1 -1 -1 -1 -1 62530 -1 -1 -1 -1 -1 27269 -1 -1 -1 -1 9227 -1 21238 -1 -1 -1 -1 -1 -1 -1 52638 46961 -1 -1 -1 -1 -1 -1 -1 -1 -1 -1 -1 60569 64437 42249 27163 -1 -1 58160 -1 -1 -1 -1 -1 39546 36222 -1 -1 -1 -1 -1 -1 -1 44893 -1 -1 -1 -1 -1 -1 -1 46565 -1 -1 -1 -1 -1 -1 -1 -1 -1 -1 23832 -1 -1 -1 -1 -1 -1 -1 -1 -1 -1 -1 27524 43585 29564 -1 45168 -1 -1 -1 23810 -1 -1 -1 -1 -1 -1 -1 -1 -1 -1 -1 -1 -1 52593 -1 -1 17427 -1 -1 -1 -1 -1 -1 22595 48029 -1 -1 -1 2190 -1 -1 61461 -1 51903 -1 -1 -1 -1 -1 -1 -1 -1 -1 -1 -1 -1 -1 -1 -1 -1 -1 -1 -1 -1 -1 -1 41366 -1 -1 -1 -1 41913 -1 -1 -1 -1 -1 -1 -1 -1 -1 -1 -1 23566 -1 -1 -1 35269 -1 -1 -1 -1 -1 -1 -1 -1 -1 61551 -1 -1 -1 -1 -1 -1 -1 -1 -1 -1 32393 22886 -1 43543 9643 44658 -1 20900 -1 -1 -1 -1 -1 13317 -1 -1 -1 -1 -1 -1 -1 13770 -1 -1 -1 -1 -1 -1 -1 -1 6529 -1 4978 -1 47561 -1 -1 -1 -1 -1 -1 -1 -1 -1 -1 41211 -1 49635 -1 -1 -1 -1 22258 -1 -1 -1 -1 -1 -1 11242 7827 -1 38471 -1 -1 -1 35438 -1 62735 48960 -1 -1 -1 -1 37861 -1 -1 -1 -1 -1 -1 -1 -1 -1 -1 -1 -1 -1 -1 -1 -1 -1 -1 -1 -1 -1 -1 -1 -1 -1 -1 -1 -1 -1 -1 9630 50206 -1 -1 59241 -1 25358 -1 -1 -1 -1 -1 -1 45591 -1 -1 -1 -1 -1 -1 11130 -1 -1 -1 -1 -1 -1 50399 -1 -1 -1 -1 20319 -1 -1 -1 -1 -1 -1 -1 -1 -1 -1 -1 14595 -1 -1 -1
0
