1000 5000
735 105
655 4
175 255
496 825
917 573
511 61
436 789
771 439
282 20
505 263
594 812
549 914
715 440
57 623
179 100
11 716
570 446
849 460
32 611
895 554
402 515
569 525
264 62
342 876
17 164
405 420
100 349
404 151
98 850
781 559
282 260
597 950
148 944
303 222
718 314
306 467
214 954
655 609
387 708
592 278
701 348
442 805
893 91
813 904
646 845
349 751
615 768
238 437
906 969
826 421
324 287
105 181
356 136
209 563
900 408
709 38
210 475
212 154
277 88
260 792
655 565
434 967
203 85
473 572
357 945
775 344
973 593
785 229
837 581
591 935
980 329
616 386
546 513
803 822
564 679
125 357
430 460
317 470
102 366
174 867
696 657
906 480
274 65
494 743
142 824
195 615
796 440
54 321
841 883
961 850
982 546
646 581
548 149
510 82
423 771
214 822
255 479
98 571
110 395
363 949
309 809
782 378
942 179
830 79
677 548
605 747
556 107
272 95
736 326
925 86
865 80
407 790
839 483
290 237
638 696
548 693
934 283
188 230
811 991
905 660
161 476
43 816
803 89
808 876
639 200
531 923
472 953
14 894
559 106
780 906
784 674
367 672
563 645
205 518
691 40
358 243
611 634
313 430
469 811
941 548
547 656
799 681
586 395
612 875
902 13
442 724
173 366
316 570
797 715
103 380
823 409
773 200
178 167
408 690
968 568
786 124
391 590
554 169
747 843
216 9
910 630
162 628
663 379
667 353
939 538
475 818
426 746
555 70
277 761
438 194
812 882
954 462
870 335
243 292
316 705
724 26
512 424
895 858
827 529
288 395
905 86
445 812
426 846
558 106
795 563
812 540
168 406
932 533
895 985
557 465
474 114
553 137
600 303
195 439
62 792
904 513
189 50
769 831
446 542
628 678
198 257
479 517
334 668
450 281
965 404
165 626
927 694
719 754
564 413
977 854
698 850
915 504
529 28
147 285
679 917
857 536
341 807
767 413
170 174
334 435
532 843
992 578
55 518
349 451
447 47
971 536
221 205
24 578
757 980
895 7
582 699
81 587
153 203
385 715
140 19
710 865
614 274
749 579
822 606
325 770
377 548
105 481
149 403
803 401
600 368
440 996
870 627
451 540
943 555
717 147
227 530
589 104
30 334
975 486
330 361
342 719
149 780
667 737
381 911
876 466
501 331
428 488
910 341
988 200
823 510
741 370
89 974
722 923
638 471
174 784
918 369
105 785
401 572
294 864
808 294
108 215
427 499
312 864
495 729
369 982
890 87
163 547
649 139
24 701
914 679
285 193
927 760
13 804
549 266
135 979
96 513
625 281
722 714
607 743
407 889
510 60
761 284
313 816
884 610
93 386
659 981
455 340
46 642
469 893
352 309
614 807
818 622
239 121
502 512
438 586
540 740
702 820
842 7
720 823
259 74
421 782
132 375
365 539
362 534
819 418
132 604
43 327
560 641
714 907
237 141
990 29
818 205
789 910
605 708
312 783
822 749
823 251
373 314
742 805
215 365
610 636
852 149
598 270
863 437
487 365
579 385
738 998
493 971
235 772
249 775
530 306
260 201
842 200
344 433
411 172
708 92
395 994
212 646
117 941
285 540
74 957
726 864
218 441
535 716
608 600
478 570
763 750
849 495
139 355
754 197
960 614
710 395
309 786
852 291
885 760
298 566
703 200
709 464
446 559
911 314
597 782
651 199
252 803
114 483
228 954
577 517
337 428
961 245
637 426
398 109
67 699
800 732
997 293
476 331
564 590
598 238
251 587
304 965
848 528
867 69
631 716
902 370
832 858
651 451
628 913
870 906
0 689
960 593
176 108
838 874
587 943
745 838
487 289
221 317
388 726
56 178
159 544
746 625
594 336
696 481
15 133
33 656
105 855
4 699
305 922
986 509
778 204
551 193
765 414
514 662
345 344
361 193
453 840
271 458
26 28
119 151
583 659
414 278
196 78
244 497
549 477
471 813
758 665
362 681
250 174
726 457
544 977
495 620
867 599
576 582
189 54
438 13
506 378
375 612
830 42
594 332
235 53
974 672
940 237
503 747
817 389
203 939
377 942
485 973
422 661
868 83
858 481
387 467
95 622
682 620
944 464
454 661
723 235
980 399
508 690
440 245
724 797
731 851
687 493
56 607
741 542
56 97
198 903
268 585
10 997
343 592
356 734
204 875
917 663
217 548
612 702
202 391
993 849
962 549
584 277
208 147
306 426
244 859
39 724
364 528
228 242
104 666
446 421
957 443
28 323
685 926
354 968
943 327
537 939
613 375
938 870
976 25
78 920
566 104
919 810
976 670
613 76
116 107
538 425
114 521
587 807
253 32
703 935
188 697
722 61
520 189
124 962
401 826
176 743
954 357
501 959
111 178
960 357
100 92
138 675
32 194
161 370
46 505
626 759
341 449
183 727
243 262
849 616
833 446
711 575
737 538
997 717
656 186
775 309
707 645
471 51
287 971
826 830
383 34
25 138
211 388
200 70
693 623
808 228
88 498
339 459
616 902
815 267
92 772
537 931
167 744
976 786
420 658
906 171
111 931
712 866
932 199
132 320
726 959
864 410
42 758
575 115
423 927
539 700
2 714
297 897
618 400
783 804
264 479
347 892
981 3
292 218
783 185
521 389
250 53
660 493
167 312
742 295
344 565
757 485
721 446
70 527
532 65
60 831
432 336
514 247
465 602
446 777
844 952
429 664
360 719
371 174
464 867
318 406
371 158
158 843
773 612
48 163
923 204
868 73
590 200
948 357
997 319
178 232
285 704
943 699
921 324
63 263
846 783
173 235
38 256
318 954
804 0
704 901
993 506
651 115
974 434
409 84
687 639
515 909
817 821
572 96
365 947
913 486
60 370
376 118
293 455
387 344
748 154
540 374
858 737
738 790
637 165
515 351
8 306
420 396
697 626
707 517
712 991
610 271
737 691
756 244
644 316
196 902
713 49
646 714
111 667
155 923
374 84
761 631
939 648
136 284
5 154
115 854
740 293
542 24
493 835
605 47
287 276
8 888
94 238
803 378
13 577
63 208
642 557
411 274
141 323
120 534
344 925
945 446
34 401
853 100
22 229
622 23
10 255
787 734
243 936
860 584
990 268
432 197
251 252
949 581
452 262
875 518
772 944
297 886
17 226
68 100
257 762
341 342
804 300
824 553
887 141
517 482
666 24
275 79
738 957
576 360
82 886
628 705
977 857
377 810
243 246
300 91
322 760
659 943
378 614
395 106
231 418
113 624
259 987
293 943
298 930
648 58
433 616
259 691
117 738
309 289
537 335
232 577
184 521
324 890
240 291
71 597
495 492
347 667
860 627
171 950
85 565
338 946
697 861
227 915
685 153
220 517
348 331
834 470
640 641
909 474
389 656
435 367
745 90
986 395
806 982
740 738
508 83
384 604
566 545
199 473
442 547
531 254
584 655
399 909
844 153
612 696
880 689
511 17
601 325
299 813
787 505
162 570
977 61
759 837
402 698
857 741
231 778
275 765
962 601
928 145
752 313
632 284
395 685
88 159
283 810
924 13
311 442
52 912
901 623
534 966
987 756
904 351
904 517
329 343
512 830
479 77
708 999
851 34
341 396
336 821
257 374
688 840
755 838
506 36
329 176
400 966
162 823
420 719
38 573
705 167
153 370
311 639
51 735
208 584
663 677
731 446
921 536
307 950
7 735
125 474
818 128
713 696
426 125
490 66
401 564
139 338
557 973
609 268
821 583
596 404
723 479
175 206
558 999
820 551
118 360
557 29
763 626
356 921
796 603
779 813
402 77
877 861
595 431
47 436
846 297
600 100
940 314
889 8
299 162
297 366
128 597
890 473
180 32
900 582
33 392
74 358
245 704
988 844
279 618
185 346
725 955
549 146
90 259
446 402
270 79
640 151
461 125
952 369
371 974
51 906
56 512
579 345
117 171
207 493
155 740
204 909
309 916
551 849
276 318
153 577
820 581
664 88
604 897
263 313
159 105
873 504
998 882
994 791
0 585
712 579
224 977
818 346
949 133
364 462
727 215
393 233
641 165
438 495
172 691
178 36
199 364
109 562
318 601
152 442
940 746
980 689
546 123
641 184
881 534
831 320
356 134
935 117
155 729
336 359
462 186
72 317
481 326
593 586
514 640
433 519
159 378
725 754
383 566
638 578
300 715
421 507
113 871
336 787
841 801
243 222
311 812
926 486
72 119
425 898
455 606
62 876
761 53
837 913
336 378
837 7
809 702
786 691
51 696
65 896
964 558
946 914
827 137
705 969
621 438
923 329
164 716
751 557
57 552
614 347
207 779
455 549
626 916
125 548
0 655
522 900
948 66
482 701
317 172
925 617
589 911
876 270
324 833
412 10
103 378
631 525
312 582
863 674
410 240
878 179
139 306
265 172
531 385
289 665
749 900
740 476
782 401
660 164
745 661
410 461
743 994
151 249
825 91
689 48
306 309
548 827
951 792
657 885
609 334
411 441
127 220
677 308
563 517
370 33
258 318
746 140
413 4
522 793
283 772
117 346
167 535
72 598
372 330
168 71
327 630
160 431
360 238
398 372
325 59
928 249
980 765
115 779
276 759
639 235
248 207
110 704
470 296
346 843
404 228
931 439
936 531
894 837
355 303
526 831
656 552
531 495
183 505
467 973
241 455
808 53
484 624
832 56
780 415
331 45
10 461
936 846
501 945
588 735
820 741
297 429
806 502
225 938
466 458
404 574
123 988
815 334
986 43
639 805
613 555
761 24
371 617
721 10
356 94
716 481
418 490
777 157
677 205
380 972
65 126
324 76
497 22
408 149
950 464
157 327
84 938
617 21
24 824
515 671
69 49
411 323
187 421
110 24
573 557
103 979
644 478
159 974
320 778
635 865
968 246
723 787
142 551
802 413
228 410
298 207
685 236
15 66
898 815
162 821
921 901
701 541
404 111
348 226
489 259
663 103
2 540
321 897
599 813
322 937
889 406
287 385
142 349
928 206
321 775
487 797
95 504
139 483
348 191
571 530
219 888
413 315
510 699
443 346
80 6
919 727
207 131
959 658
605 331
255 753
811 737
535 986
941 662
443 810
967 831
766 964
275 315
131 645
13 169
630 149
579 133
425 695
900 235
253 191
367 787
437 842
769 775
308 383
39 572
729 57
941 203
70 117
384 66
208 544
754 293
941 261
421 612
494 7
489 403
390 816
711 79
257 978
425 798
720 829
1 872
331 290
920 913
364 363
965 492
194 329
112 973
344 276
603 336
740 482
342 626
55 435
40 31
544 766
281 2
624 301
866 278
863 151
98 366
179 607
799 885
567 910
366 961
660 976
838 849
782 630
270 785
651 336
393 51
480 411
831 932
986 719
113 363
629 644
986 68
366 374
188 581
297 822
99 813
505 751
409 504
850 121
309 396
478 229
475 201
421 133
708 408
115 232
329 997
574 33
709 133
771 864
916 547
815 935
547 631
741 182
970 232
156 823
467 108
910 863
266 596
284 420
613 618
187 859
642 211
71 25
995 220
908 7
652 18
549 223
330 693
617 945
60 453
574 724
327 134
602 281
667 550
961 113
642 974
197 844
873 335
905 119
53 522
684 346
714 795
675 742
670 472
115 593
236 627
646 283
604 31
916 188
784 740
63 249
276 998
744 885
934 804
462 905
961 836
47 672
904 596
128 381
706 458
500 688
20 873
937 881
270 800
647 668
74 17
517 27
710 373
204 491
271 956
829 136
741 689
449 726
629 1
766 304
183 900
207 470
20 870
168 319
622 36
819 137
704 924
824 533
754 64
211 259
420 395
442 690
75 879
821 335
65 943
958 724
724 775
634 524
480 640
9 63
354 489
512 422
514 380
650 210
976 232
807 484
854 640
403 923
331 784
58 482
200 126
215 387
551 236
126 698
367 906
328 818
919 777
260 176
83 372
37 896
547 652
355 862
548 602
143 156
711 498
869 580
72 677
449 75
394 779
286 689
962 352
301 226
131 396
256 391
222 386
264 607
250 391
255 691
19 308
918 526
13 114
621 127
82 612
699 16
834 49
262 888
713 536
255 536
458 577
419 713
251 115
68 569
635 960
27 793
641 387
877 863
973 183
385 555
185 398
416 318
877 595
782 352
569 802
63 679
896 133
390 464
203 890
73 160
751 342
619 229
515 286
518 625
950 424
1 12
859 166
503 157
512 847
59 386
101 869
574 158
847 294
304 424
420 988
877 512
318 338
89 131
301 122
717 583
972 218
475 61
50 626
431 61
101 672
730 953
28 806
300 909
471 371
895 313
947 981
391 430
118 822
731 322
124 1
560 353
538 705
972 201
603 610
882 387
298 995
778 244
849 153
693 618
857 986
952 562
209 463
137 554
757 135
921 955
93 515
780 424
320 539
710 361
699 479
63 990
465 832
255 259
889 647
2 747
774 124
105 348
787 846
278 223
205 968
309 553
852 250
602 225
987 218
521 928
507 20
449 167
144 157
330 748
75 340
505 543
192 308
521 260
429 468
685 106
115 278
403 481
173 390
633 270
54 549
452 948
795 425
235 364
977 920
121 637
109 601
514 817
307 648
471 642
658 311
592 787
362 706
306 562
922 634
489 522
618 565
165 13
449 41
340 182
78 628
497 831
241 690
288 908
915 398
224 431
687 619
479 500
93 987
46 585
418 692
894 985
560 875
162 97
464 719
416 560
547 482
220 179
585 304
472 173
159 933
700 675
284 449
427 76
344 574
203 208
673 752
802 280
277 203
780 766
911 161
57 425
873 559
753 473
523 258
768 25
525 535
298 483
94 940
476 68
756 491
597 431
377 569
731 946
831 404
507 866
270 657
253 851
734 909
68 213
463 964
715 397
982 232
164 984
369 559
785 954
674 560
173 129
655 519
152 937
25 47
417 287
925 174
883 984
281 611
758 277
824 223
87 946
709 270
106 489
233 330
693 55
243 701
922 30
726 774
207 800
274 48
685 698
210 862
951 583
724 378
364 905
540 82
670 690
48 485
18 231
264 108
553 190
25 363
675 343
403 339
17 374
427 928
956 858
868 166
340 122
885 103
677 753
481 472
757 299
494 498
419 858
92 826
216 117
594 826
286 605
995 46
900 856
116 815
121 908
286 606
498 314
540 485
56 970
742 518
862 997
512 829
177 588
684 849
17 776
226 235
481 688
102 611
11 692
525 860
273 33
391 759
443 604
666 408
978 505
284 452
597 834
897 316
532 15
704 931
666 827
483 891
976 38
591 901
178 734
420 45
437 9
244 415
786 984
739 443
473 680
195 86
352 63
513 944
712 555
834 513
22 702
678 522
230 673
656 687
677 796
7 648
269 755
69 984
54 616
644 605
888 300
947 407
488 183
959 349
974 862
916 101
592 402
794 41
60 441
639 778
369 351
8 563
696 41
983 345
224 0
276 978
819 154
342 104
723 302
949 192
216 656
990 133
685 883
936 778
880 598
674 544
83 240
499 721
801 361
287 309
278 760
356 154
682 511
849 455
135 90
596 154
925 889
575 265
926 537
69 458
60 988
855 690
211 131
80 516
652 74
530 485
895 153
642 955
197 300
655 622
106 315
109 476
460 474
695 623
124 73
292 386
30 674
752 826
38 910
597 192
25 366
114 599
213 987
67 674
540 211
938 611
691 510
739 639
994 722
954 631
478 797
732 602
14 752
611 292
69 95
0 498
277 974
697 581
841 951
324 337
128 476
615 238
996 212
552 538
392 293
970 463
661 343
88 460
158 651
852 370
685 704
164 651
899 269
319 222
755 31
552 78
213 667
78 358
98 652
887 560
699 421
251 845
713 761
228 12
678 905
589 303
271 765
756 109
246 867
899 525
302 686
319 964
841 859
303 357
693 423
556 700
710 933
446 367
785 328
424 701
60 512
601 956
327 859
933 685
763 784
162 899
130 677
62 61
278 198
260 265
152 895
637 449
563 690
118 575
989 619
300 418
769 789
585 110
131 154
858 346
951 397
490 85
855 29
536 443
103 646
105 901
738 367
66 831
780 913
109 259
231 890
308 831
85 184
663 828
408 303
648 659
602 645
195 344
449 16
206 212
38 702
544 651
331 66
816 729
50 106
858 47
294 761
442 568
359 219
874 71
34 479
798 261
431 245
30 363
145 603
608 602
815 324
440 817
883 966
870 803
415 414
866 720
788 888
858 937
462 163
656 825
669 234
66 798
82 812
47 681
374 116
601 907
855 756
994 760
884 837
369 277
423 341
106 987
367 409
225 624
945 990
70 353
705 113
837 983
697 652
487 82
222 116
456 830
636 78
208 969
806 370
927 949
147 966
91 577
201 94
261 597
700 38
927 447
83 288
381 831
772 398
375 325
80 284
608 349
199 593
875 264
577 421
998 986
972 799
628 998
938 516
715 946
614 983
859 358
291 829
656 628
498 949
582 855
177 542
254 549
202 652
134 604
407 925
706 896
241 20
654 506
821 84
616 862
657 246
467 743
713 893
41 573
472 252
147 24
410 271
792 75
39 651
731 956
627 15
535 288
715 756
889 321
349 162
951 870
142 164
240 585
358 839
830 442
503 544
529 587
189 539
844 811
40 877
612 838
585 879
21 787
807 710
957 937
88 31
269 261
997 382
145 872
815 400
948 793
991 730
5 981
127 365
181 865
452 412
304 208
727 940
695 202
30 675
776 737
644 858
677 724
615 825
594 927
538 553
503 849
405 7
270 552
304 97
885 381
518 393
678 521
479 310
735 887
142 791
477 524
846 50
273 897
161 611
214 426
938 636
367 568
734 767
283 632
609 633
256 598
146 583
112 667
309 106
312 815
956 44
769 572
702 420
537 942
353 275
140 695
278 673
181 732
301 82
953 484
834 432
155 361
259 2
2 752
823 706
354 572
222 958
762 505
802 753
183 863
676 786
149 855
463 947
857 596
4 211
311 148
78 448
848 21
863 607
853 544
792 87
955 722
454 713
190 514
586 853
169 705
965 478
810 882
305 96
122 129
851 362
979 615
651 592
785 714
651 691
855 281
535 146
965 372
336 709
428 341
302 659
820 604
446 423
964 737
306 927
883 214
76 914
176 180
392 795
694 551
818 824
1 653
329 894
924 771
374 86
30 799
29 641
662 365
608 732
34 426
298 942
659 22
689 473
542 162
764 301
412 796
59 70
390 342
338 652
169 878
859 505
311 457
242 109
270 282
77 845
164 568
351 715
558 875
882 955
535 951
751 547
423 76
441 575
554 309
478 290
29 636
489 22
440 48
783 251
856 293
967 769
555 624
254 83
967 614
651 209
761 341
869 656
51 577
184 941
351 287
720 186
343 600
142 172
873 817
356 730
554 951
852 769
756 693
883 928
381 205
594 641
295 717
148 910
503 136
329 68
94 285
192 22
769 782
10 420
23 129
803 440
642 773
334 248
905 366
761 510
732 79
67 948
125 623
431 512
717 317
994 603
533 846
53 153
719 334
812 409
724 37
404 52
150 867
691 286
188 366
925 800
338 975
435 285
735 826
544 732
17 939
602 184
452 624
925 792
957 774
527 389
361 401
252 939
816 877
739 877
395 290
138 46
504 91
100 337
986 242
211 320
661 54
819 309
493 105
645 806
784 792
501 661
547 226
913 684
926 361
121 813
432 831
985 63
763 133
859 691
541 490
297 689
44 596
387 915
546 536
461 24
887 184
734 238
424 229
537 925
233 554
332 367
251 551
995 686
560 249
90 760
748 951
498 223
966 34
633 31
785 492
248 870
982 461
357 337
583 372
279 736
401 483
628 752
410 632
315 146
252 371
592 67
817 402
31 768
982 457
565 833
431 932
760 223
493 922
875 412
770 246
861 987
916 67
736 739
637 408
204 865
927 961
118 380
472 286
165 101
35 561
343 493
999 969
293 244
207 497
589 604
353 248
134 542
58 317
128 624
543 550
573 479
650 668
154 367
996 722
385 927
959 127
606 103
648 881
66 778
335 728
248 229
885 920
564 283
847 695
142 741
784 279
107 567
693 180
978 845
544 702
727 144
136 917
280 992
629 425
332 635
545 901
836 662
787 500
38 698
312 30
836 453
682 308
235 957
255 435
32 199
407 984
170 454
720 908
41 950
462 519
670 980
723 166
558 762
492 781
941 750
924 32
203 696
369 723
766 316
955 787
846 583
468 269
55 636
423 833
332 938
343 208
376 51
756 308
386 890
375 972
626 275
219 650
570 468
70 731
299 599
251 324
206 648
204 334
743 647
249 709
685 618
817 988
539 446
517 13
93 581
665 981
172 844
494 746
172 136
764 234
567 404
473 949
951 807
635 799
575 854
644 508
989 832
556 446
29 634
264 670
309 818
897 55
590 6
873 431
166 230
432 823
285 786
831 650
326 340
763 47
361 417
521 142
290 891
49 102
756 931
942 702
294 866
508 672
248 896
191 429
795 983
348 961
704 583
64 636
501 525
647 338
21 825
930 350
935 350
195 881
735 455
706 288
457 702
690 802
839 185
883 988
848 472
622 239
201 609
66 249
763 706
776 542
514 616
591 227
949 571
118 696
772 674
175 623
899 705
764 184
288 68
930 415
655 704
903 32
314 890
188 416
900 994
909 90
177 583
817 637
306 224
117 356
770 348
114 816
618 29
754 140
504 252
775 450
21 85
48 587
733 421
897 21
270 150
196 925
194 698
531 176
1 791
503 944
13 391
531 445
305 469
596 949
399 338
540 848
103 735
14 730
143 497
454 211
678 349
600 833
211 135
334 982
998 271
454 598
217 365
519 302
563 911
425 395
80 598
65 271
791 568
281 274
911 710
229 395
337 248
772 612
678 738
382 48
974 328
109 560
703 797
751 202
945 986
172 86
719 326
91 584
521 204
618 915
564 784
406 933
985 920
820 868
294 933
53 233
604 576
50 47
170 134
965 913
529 682
184 88
417 11
359 551
253 797
549 92
751 111
447 463
365 796
388 53
756 839
353 733
93 801
275 825
781 985
384 20
175 664
5 294
596 295
641 732
313 952
345 777
544 198
983 438
92 682
413 469
591 679
585 689
830 177
210 969
412 132
562 5
343 850
711 237
931 805
659 13
113 72
306 286
104 932
130 126
608 479
952 965
840 264
523 816
35 53
198 263
640 673
558 184
35 592
645 43
196 378
850 938
701 770
69 601
149 841
627 415
527 812
625 188
110 649
56 144
208 366
959 149
233 114
881 533
116 284
354 877
503 82
338 145
332 227
265 555
720 533
358 627
819 795
76 449
247 149
259 557
925 532
27 336
232 975
125 908
708 166
588 708
580 439
637 423
345 499
388 200
663 676
303 900
860 891
62 497
692 28
411 942
361 371
816 828
244 858
668 2
823 993
463 894
301 512
360 454
299 491
454 958
511 414
510 756
850 817
379 625
673 846
582 683
102 202
18 92
758 20
158 62
798 250
714 316
823 744
724 623
95 997
879 497
40 950
526 695
155 714
630 158
499 303
391 753
811 589
898 632
632 621
301 977
356 740
36 98
294 420
892 642
990 288
569 894
821 178
375 53
329 338
528 953
667 288
355 972
931 826
406 856
494 624
359 245
44 739
528 55
951 612
657 230
720 368
593 925
494 993
113 453
710 519
135 17
231 525
31 367
165 710
93 377
455 901
562 242
155 595
281 379
403 471
400 380
997 7
311 124
647 577
653 231
605 620
375 564
985 637
750 704
234 437
969 63
279 75
286 998
160 77
568 842
667 438
602 698
167 223
702 475
374 89
951 493
365 203
878 785
12 460
71 407
889 231
312 364
481 240
329 7
946 342
550 54
578 378
247 657
484 924
518 240
286 420
759 492
701 63
238 464
681 268
404 275
823 73
658 937
818 69
24 391
385 137
536 686
505 460
21 764
669 348
875 717
774 753
928 241
485 512
863 901
985 479
220 605
52 409
770 360
763 106
768 212
616 470
515 240
469 719
756 552
337 839
863 682
321 243
32 596
834 229
575 107
851 863
121 206
926 52
845 853
354 806
140 408
985 445
111 999
671 352
103 252
596 639
811 41
562 705
517 999
310 992
880 767
274 170
154 980
534 475
803 935
747 189
56 317
335 646
422 670
19 612
551 883
371 983
465 843
481 75
441 44
7 643
204 850
918 419
297 154
83 504
836 184
959 943
355 781
501 539
850 299
674 632
762 653
832 120
222 715
971 889
849 644
444 28
451 842
950 866
808 489
794 496
161 521
991 656
211 757
50 419
222 55
802 681
118 682
206 377
554 851
394 423
35 241
320 717
924 628
481 429
362 318
856 537
606 518
852 285
135 156
592 332
962 650
628 117
158 402
531 896
699 157
598 745
754 784
226 681
793 219
191 902
220 98
212 674
888 699
538 465
706 162
247 987
707 143
659 352
729 459
452 755
307 433
469 714
195 15
238 787
535 357
644 282
703 779
894 150
960 287
381 344
582 939
349 131
183 327
997 232
482 506
852 159
222 765
473 31
882 314
775 464
250 184
161 789
477 924
811 348
428 611
576 577
487 431
586 233
446 689
662 965
980 662
822 303
781 730
14 136
693 988
319 326
757 128
185 954
207 498
371 910
227 850
328 110
159 683
79 988
764 349
75 315
333 4
790 696
572 169
830 434
684 20
476 88
542 631
214 146
674 522
145 102
71 990
327 848
568 283
140 938
791 63
845 963
515 747
762 749
926 161
644 898
535 510
34 515
529 806
852 391
718 195
976 595
589 212
61 532
355 534
669 637
89 996
683 355
83 909
180 10
285 164
842 522
281 265
715 537
444 801
50 560
908 688
905 183
799 94
575 353
414 883
394 881
590 883
833 539
653 58
648 270
237 713
181 762
116 332
148 427
474 635
884 762
49 893
279 978
7 760
86 797
91 129
362 157
396 679
943 993
338 811
190 96
459 953
94 768
110 687
374 171
659 222
269 11
261 615
740 381
630 79
434 381
568 759
251 431
27 679
127 932
285 534
792 334
832 431
678 932
370 378
243 658
106 192
498 607
900 981
635 912
188 536
55 814
171 184
292 955
129 379
841 473
141 7
713 47
18 728
607 874
599 150
751 360
779 76
880 576
240 303
754 429
169 893
729 792
195 746
821 66
660 133
155 112
379 602
468 817
689 189
812 94
929 54
705 304
124 94
759 851
245 723
447 621
140 722
364 501
309 572
77 851
971 735
630 11
260 791
467 884
441 348
818 258
372 895
814 422
508 370
673 39
632 370
70 219
3 311
939 934
386 341
123 613
726 502
501 5
381 373
699 423
749 994
467 576
947 273
728 143
165 327
169 461
215 470
160 212
138 365
333 345
423 304
667 952
127 717
387 395
533 172
329 633
534 163
741 884
220 908
19 428
213 540
308 47
129 829
422 172
473 429
577 138
951 87
480 524
537 1
383 944
429 92
45 494
237 789
169 462
703 112
858 713
693 954
324 462
800 535
962 722
656 67
717 777
408 292
911 432
7 377
668 625
767 541
582 640
643 688
174 427
147 869
207 758
58 437
150 405
778 576
651 377
989 788
355 93
726 618
913 100
206 827
310 318
692 244
502 229
11 530
318 910
600 862
933 461
697 426
754 860
886 195
955 854
686 355
603 728
533 865
209 108
52 479
831 523
778 872
261 264
604 148
397 221
482 589
587 554
618 389
769 578
197 570
69 515
290 844
784 852
95 224
901 743
572 528
258 202
109 422
119 700
712 146
105 119
872 359
48 987
964 405
564 942
215 765
302 623
468 207
637 920
0 843
422 561
571 689
0 493
274 922
128 27
208 259
850 228
884 126
983 221
335 894
261 137
167 74
99 72
506 883
786 289
749 952
353 92
403 485
830 209
105 21
302 429
836 0
212 678
900 5
282 365
362 29
737 110
988 166
655 530
130 689
925 217
756 536
832 329
214 615
354 92
423 985
667 800
699 344
208 368
810 887
615 197
406 975
369 424
984 975
775 49
971 232
182 77
467 496
134 212
845 221
507 285
149 193
823 525
142 156
596 528
539 72
436 917
396 180
466 883
15 746
156 812
950 960
303 927
687 935
922 483
245 884
483 499
518 112
372 8
281 393
161 252
753 258
568 307
104 432
520 436
174 193
60 532
906 162
845 540
2 186
886 979
487 719
647 924
109 584
934 436
474 383
361 237
841 971
522 815
897 548
359 508
559 944
905 819
294 610
212 132
771 178
553 368
4 21
989 15
345 802
550 779
20 68
260 949
547 505
142 918
313 912
254 133
584 933
702 419
862 573
296 196
124 368
549 23
533 575
364 505
10 211
924 372
235 155
128 867
450 352
280 362
581 258
309 626
98 448
306 504
865 51
147 858
350 718
880 893
187 834
337 730
248 958
319 468
448 575
788 784
541 665
808 211
841 750
998 114
984 684
583 166
153 638
844 279
806 204
83 667
845 554
722 427
810 778
362 768
420 136
46 392
724 684
992 99
909 716
443 898
748 190
283 147
731 519
46 971
601 854
171 159
127 194
142 231
968 437
211 467
791 840
372 925
156 632
874 222
245 154
464 210
401 19
814 4
553 322
262 498
1 269
242 201
616 125
121 554
745 322
811 582
638 484
500 725
976 270
397 563
463 287
372 907
655 844
370 892
503 702
203 294
872 494
140 117
169 643
245 518
705 283
441 668
51 106
223 333
833 377
181 686
658 518
750 753
736 29
614 154
427 136
122 55
318 698
757 503
599 420
54 454
765 378
162 106
862 216
380 607
849 476
379 578
111 966
128 64
207 787
686 918
98 304
570 20
339 9
514 88
526 398
105 94
347 912
461 930
705 658
38 733
948 295
641 380
704 337
150 741
531 919
350 15
411 827
326 855
714 680
852 877
693 525
234 298
310 886
797 597
592 693
913 745
649 160
282 510
590 976
242 313
290 120
576 808
975 597
33 849
837 916
986 176
693 881
912 790
105 201
709 743
447 819
489 527
298 754
189 297
862 19
841 264
370 253
486 817
823 433
245 127
476 170
659 869
397 35
229 910
70 92
457 403
364 329
298 845
375 188
654 591
75 761
149 396
583 64
551 25
971 788
263 739
324 79
749 95
551 617
436 613
317 632
541 894
469 671
408 295
725 283
945 68
148 587
876 656
949 873
425 908
207 985
421 463
319 37
120 966
693 745
11 547
149 88
315 554
422 472
513 82
793 440
770 396
245 838
979 820
18 79
45 305
459 266
656 77
465 332
822 352
575 620
44 322
68 323
522 566
82 646
581 608
711 326
779 718
298 442
693 571
187 340
253 765
813 857
228 492
201 21
960 923
69 684
839 442
409 966
387 476
601 291
881 590
518 584
910 850
205 700
511 113
588 0
8 143
23 494
969 923
563 258
754 188
555 827
152 154
597 690
716 548
493 109
82 718
586 8
190 966
396 787
476 215
19 802
983 42
207 639
699 337
299 921
89 446
228 949
783 111
919 529
731 27
478 97
657 324
453 325
90 47
451 306
457 559
152 327
936 359
541 446
251 721
518 294
666 394
639 468
953 82
290 506
589 267
970 992
296 545
793 591
707 639
17 324
194 4
981 140
633 965
309 659
715 651
330 667
239 497
31 736
670 479
486 730
900 165
525 822
272 895
815 830
900 13
374 749
670 947
1 241
395 98
346 6
131 150
90 729
260 668
786 944
593 371
858 149
291 738
419 477
186 342
261 853
50 445
583 353
598 733
379 6
114 96
795 130
397 67
693 607
464 637
972 512
424 551
929 370
232 894
21 836
238 661
383 530
550 202
319 389
991 535
576 16
850 24
21 375
483 460
311 129
608 218
826 935
68 82
899 381
500 211
368 777
407 64
303 177
366 460
68 75
429 680
903 268
723 311
816 588
935 423
187 294
943 875
82 791
842 608
635 840
889 934
778 723
794 385
3 151
466 480
274 830
499 665
491 502
565 226
945 12
50 467
350 713
863 570
963 994
881 333
656 407
189 497
110 498
604 757
632 241
717 735
426 858
808 700
247 998
240 115
590 85
777 73
51 987
813 822
464 550
458 137
145 988
898 977
665 826
98 147
660 89
915 837
872 482
433 767
136 217
934 298
302 824
793 644
33 296
978 633
857 880
98 592
230 446
64 257
53 113
402 635
994 565
828 855
4 495
364 243
724 366
315 383
108 314
678 71
528 880
408 628
189 658
357 547
967 782
400 689
489 154
70 83
32 181
96 868
352 975
99 772
671 598
13 686
900 281
803 218
964 669
615 370
267 650
177 219
913 709
165 581
446 75
77 486
136 176
7 425
430 394
641 0
960 381
590 193
825 373
828 457
955 367
927 912
852 889
439 215
291 615
76 873
6 175
608 680
3 862
387 499
938 536
64 643
254 187
653 113
263 239
971 769
963 899
228 595
178 621
459 733
100 715
397 502
676 200
82 532
33 729
928 715
955 780
848 219
483 582
553 718
969 429
630 920
360 153
502 986
617 749
254 163
934 24
350 515
793 50
946 464
634 903
599 227
208 235
567 260
698 545
250 532
540 326
783 253
271 25
424 220
221 339
452 503
767 588
167 963
231 436
687 533
228 897
616 25
941 638
365 517
828 83
159 267
763 98
682 674
458 724
385 778
51 260
855 465
74 44
611 665
600 761
900 154
619 78
749 258
591 355
715 130
987 276
506 248
353 775
206 624
442 957
285 343
633 48
352 265
373 857
186 952
428 345
416 915
475 677
925 412
378 940
280 785
717 672
314 280
330 252
146 86
266 447
790 653
382 741
777 408
996 578
92 448
865 421
646 328
773 115
804 365
747 461
185 176
952 158
306 485
342 833
120 876
642 98
429 920
601 473
864 889
71 287
651 121
608 611
738 943
473 371
455 966
846 362
32 740
111 992
350 569
925 355
493 107
768 283
474 38
687 419
365 219
975 763
714 871
838 270
712 310
621 196
387 295
42 125
281 554
125 80
916 424
675 176
677 518
928 34
47 221
697 205
737 998
262 147
857 516
791 985
794 412
343 575
912 30
185 748
604 137
266 381
589 560
18 548
271 781
354 484
219 375
490 826
937 83
9 206
594 559
912 696
199 631
861 569
312 568
835 222
865 74
798 336
627 476
190 413
527 827
549 998
247 824
401 114
846 858
427 552
275 428
190 248
157 891
113 141
402 203
735 518
736 476
876 844
406 201
693 434
315 219
790 632
104 275
801 678
786 911
754 161
341 325
985 548
838 4
243 643
43 951
226 189
115 620
643 173
93 304
159 725
262 803
435 407
889 995
766 740
612 618
922 600
864 860
342 17
772 609
371 784
571 724
852 317
776 237
731 629
280 215
687 438
160 159
958 638
719 687
631 548
137 72
676 528
876 791
318 341
269 745
339 133
13 68
799 212
696 948
765 46
555 933
659 141
655 379
284 385
633 212
506 598
160 829
13 658
702 600
179 237
123 636
527 604
314 889
952 995
20 916
22 673
683 119
687 507
493 224
626 161
605 963
650 316
269 102
248 871
889 703
100 64
176 697
973 415
858 250
603 659
591 694
118 892
631 414
732 112
641 324
915 78
123 5
599 661
695 462
852 183
130 294
581 868
393 998
472 919
840 551
693 653
462 549
168 564
919 718
132 78
207 792
124 794
827 395
949 987
536 847
944 963
868 953
664 687
358 950
886 692
37 822
407 203
930 711
606 727
868 420
46 928
245 83
603 258
940 337
760 959
798 853
887 568
255 751
48 189
261 585
482 114
731 251
314 664
210 309
398 407
172 327
146 840
319 768
856 190
360 330
50 455
664 372
451 392
596 238
481 653
571 287
313 351
885 834
646 321
406 570
425 857
233 956
226 772
821 428
694 665
92 168
793 637
671 127
823 368
156 0
660 963
460 237
204 35
349 38
346 233
480 459
860 157
785 186
793 830
110 182
859 733
589 422
649 46
748 329
334 263
88 118
187 291
276 654
58 124
237 334
21 925
387 313
750 12
526 57
840 951
915 826
958 966
681 41
707 384
391 642
7 873
186 252
136 400
325 461
184 215
184 738
621 523
65 162
515 506
811 770
826 362
364 400
166 247
408 162
741 43
247 667
338 196
505 23
515 130
666 873
262 692
760 583
700 247
821 372
333 561
152 616
777 289
493 726
598 789
276 384
828 372
776 342
951 503
478 436
739 966
13 524
801 199
528 83
800 222
996 290
532 10
606 591
144 624
397 987
650 378
731 253
471 442
655 694
978 102
700 736
775 864
495 641
543 107
869 521
103 740
118 37
533 937
10 491
656 583
288 112
699 748
585 946
607 513
515 670
514 487
573 647
718 267
165 388
851 752
527 612
778 94
947 857
716 466
764 560
886 93
309 689
896 43
318 568
817 517
890 352
265 58
606 870
626 484
484 602
717 991
678 708
735 753
210 380
66 589
916 973
254 946
992 885
263 308
19 617
251 453
349 709
152 830
593 315
954 107
930 566
694 506
789 38
838 27
358 307
336 811
460 702
21 158
529 334
42 705
980 285
851 20
673 247
363 896
405 149
303 75
589 561
553 516
937 346
693 801
247 875
574 515
10 753
320 524
542 535
634 392
528 215
907 348
217 218
369 181
812 918
4 830
625 938
204 795
991 999
90 771
244 537
813 340
666 334
646 282
107 629
647 28
138 290
417 739
309 143
751 408
989 794
611 596
147 981
966 611
537 310
276 741
959 5
376 578
898 820
928 349
682 843
14 916
223 951
808 150
862 543
928 318
942 803
632 735
771 872
643 558
932 466
907 817
100 833
348 277
642 782
325 791
781 610
57 462
779 77
194 760
767 259
428 41
266 267
226 174
488 44
736 765
366 287
682 862
104 637
356 495
983 716
213 802
852 602
274 791
714 553
445 51
747 204
191 383
821 857
663 87
144 553
613 601
622 813
683 556
509 251
88 403
378 952
889 268
912 301
526 176
90 13
600 334
721 41
998 465
294 801
533 469
393 139
372 460
849 227
34 15
813 630
897 746
23 445
944 871
588 90
516 73
279 483
270 212
148 569
756 689
177 706
964 601
609 607
85 922
684 464
476 90
605 670
315 296
207 943
746 173
960 12
819 835
192 169
785 419
9 883
576 400
737 840
610 278
231 173
960 644
579 833
640 89
579 591
477 675
128 98
743 670
734 158
485 85
418 83
934 720
245 327
211 741
260 216
666 8
398 635
258 371
600 320
100 250
208 160
793 998
368 735
814 733
248 218
680 585
545 872
591 377
818 214
745 648
858 972
200 10
385 127
712 198
19 938
670 51
358 791
829 397
424 723
885 772
56 138
345 482
334 474
968 813
344 915
937 826
55 142
467 937
877 784
278 658
446 850
545 20
471 427
255 140
85 627
647 335
498 54
46 322
941 879
738 772
815 710
812 266
831 205
403 180
42 25
82 288
582 255
812 100
530 568
775 653
687 685
103 51
149 902
712 399
237 435
536 576
372 877
192 227
194 703
483 506
23 731
667 284
594 269
466 940
97 692
198 327
603 303
603 440
171 847
877 179
829 439
138 683
68 136
368 24
734 86
625 818
230 119
729 770
567 787
635 983
131 56
102 476
256 533
881 168
99 763
337 999
964 698
289 799
92 727
255 30
567 305
927 806
921 469
501 844
730 335
705 663
694 28
235 543
271 4
751 677
23 996
278 515
956 802
917 310
806 509
268 926
704 148
94 603
13 126
760 575
984 496
314 706
28 907
383 480
344 664
306 324
967 163
810 129
330 708
609 82
93 184
715 708
932 269
296 288
476 89
889 433
44 105
499 430
991 272
97 122
567 185
335 907
760 512
158 555
807 226
432 643
222 94
485 801
408 219
718 384
900 126
822 921
455 630
436 709
694 41
755 993
208 268
873 662
636 480
694 158
661 95
537 94
661 253
385 261
907 545
332 999
655 754
201 523
980 481
884 233
992 931
4 901
712 301
219 829
89 532
731 119
66 323
647 397
88 891
557 895
53 939
140 563
290 525
642 347
984 38
492 157
454 814
312 549
231 938
404 372
919 985
438 364
903 518
146 202
132 445
632 89
177 624
690 229
824 625
3 819
811 931
752 250
134 711
848 735
948 320
128 439
227 829
392 421
952 637
144 989
289 273
969 22
181 204
265 454
407 718
662 128
340 73
104 135
202 350
545 5
915 70
863 566
8 339
263 338
137 606
43 686
456 71
180 79
761 913
803 969
899 442
695 27
309 574
758 869
965 947
812 35
693 983
421 691
783 760
473 411
233 618
539 218
345 116
601 316
999 886
620 66
330 3
819 223
928 666
688 589
433 872
438 829
265 689
943 8
606 305
347 674
335 245
344 834
49 683
415 333
406 329
763 758
31 248
295 9
778 18
197 527
636 193
781 536
742 762
200 46
529 104
361 84
0 19
447 200
675 589
710 330
869 553
344 757
749 627
132 672
123 620
802 292
889 797
136 998
779 130
408 564
650 137
253 721
731 444
248 121
345 850
195 352
220 727
589 471
406 9
310 381
477 758
706 609
551 110
904 958
746 444
694 661
298 194
429 185
164 643
380 976
842 858
107 420
900 0
814 183
514 145
18 547
682 325
71 814
61 212
811 662
654 241
490 250
100 467
480 814
84 548
158 544
106 41
41 359
321 938
806 137
137 916
300 581
998 612
647 77
469 52
968 542
902 674
908 255
649 87
78 262
419 995
243 361
854 904
393 95
498 136
610 823
894 419
840 716
920 398
379 650
165 686
367 402
262 202
278 403
340 552
342 981
875 336
558 637
714 269
252 936
107 332
16 694
825 680
475 583
424 448
608 525
411 523
110 618
428 195
654 97
897 777
589 363
175 484
169 618
688 58
911 66
972 531
820 430
761 227
487 964
768 771
972 609
467 733
389 362
310 951
54 588
997 951
668 969
336 991
667 894
431 625
436 114
530 15
131 246
749 719
817 569
899 644
189 882
872 298
66 913
218 564
570 401
274 522
879 105
903 275
176 229
138 16
514 860
32 997
648 532
528 59
796 659
273 44
599 482
579 766
76 378
361 738
419 400
353 118
242 660
835 181
621 187
572 329
37 145
644 835
687 832
20 345
429 700
918 349
908 997
930 673
19 761
411 536
753 118
195 674
420 47
65 958
485 938
61 358
959 539
9 945
660 622
67 35
463 59
830 272
349 95
631 239
735 195
413 102
292 372
665 520
786 397
959 649
529 175
139 450
890 80
684 663
183 694
343 848
256 162
259 171
271 145
539 862
414 622
488 119
306 185
423 118
575 494
825 101
188 334
500 403
324 435
313 306
840 76
961 122
845 612
221 568
438 248
812 407
450 45
324 723
499 992
139 633
929 330
577 798
152 520
169 939
815 594
626 678
690 506
550 50
949 150
506 283
372 559
465 191
195 392
860 7
116 150
331 586
770 920
416 783
83 879
513 232
97 990
464 778
875 971
601 51
626 42
455 330
799 879
826 433
448 328
253 343
402 477
447 206
946 986
53 976
997 420
543 51
424 989
859 191
953 850
819 531
415 647
806 792
933 344
569 394
729 531
224 786
732 65
471 746
390 421
362 912
178 982
819 944
653 487
599 389
76 126
959 991
130 550
12 795
83 126
95 399
4 262
526 513
922 975
992 567
849 917
947 505
559 178
241 909
265 239
483 189
296 599
41 299
280 852
218 926
498 942
864 590
964 945
498 263
772 143
966 906
982 713
932 781
952 79
401 313
645 967
800 793
465 281
192 975
639 189
820 955
898 625
153 441
838 772
652 681
76 403
340 15
589 448
937 438
982 193
581 789
417 985
698 112
963 664
289 257
911 63
182 9
638 289
957 106
9 933
919 75
119 109
609 259
174 499
61 457
640 183
45 273
942 874
450 608
275 376
74 453
591 567
5 444
919 336
586 78
30 225
809 644
385 900
10 454
796 979
636 256
107 794
877 734
73 748
632 530
245 313
976 513
656 49
579 917
314 18
699 700
497 982
733 316
386 505
737 501
561 527
466 689
605 133
200 108
728 557
148 480
228 416
200 726
393 106
56 652
820 615
908 331
448 110
800 525
671 122
164 850
690 433
607 941
272 85
308 959
214 271
533 55
829 659
604 366
377 166
787 66
997 756
666 951
414 655
773 302
461 251
783 690
401 777
143 615
124 667
883 648
90 497
641 42
830 986
300 685
840 845
279 405
186 200
178 883
176 139
513 147
98 587
216 208
608 339
528 696
571 907
77 564
667 170
973 184
870 461
710 985
72 591
508 770
462 157
491 20
583 631
86 367
368 13
332 742
710 978
154 562
118 29
500 547
697 135
647 215
965 564
22 567
71 309
411 468
845 513
807 310
226 464
196 587
414 28
94 173
201 749
225 330
284 249
18 173
551 941
2 500
146 165
556 454
620 904
997 664
49 40
660 589
760 119
215 424
257 721
372 670
829 850
245 789
610 637
453 433
150 292
660 555
629 183
940 58
324 378
331 601
121 677
719 266
121 298
603 122
111 700
84 935
189 810
696 922
815 768
439 361
107 803
832 379
853 357
762 428
170 682
962 674
569 25
968 847
856 989
545 817
560 977
299 998
802 571
185 861
952 631
187 189
186 689
350 284
717 661
901 946
103 338
478 20
453 786
655 1
495 192
438 151
931 279
733 157
787 100
15 463
11 781
397 579
391 951
528 536
142 672
168 382
198 546
937 519
900 6
819 355
-1 22312 -1 -1 27153 -1 27414 -1 -1 -1 -1 -1 58869 -1 -1 181 -1 -1 -1 -1 7935 -1 -1 -1 -1 -1 -1 44788 -1 -1 -1 -1 -1 -1 -1 -1 -1 -1 56824 -1 -1 -1 -1 -1 -1 -1 -1 -1 -1 -1 -1 58615 -1 41244 -1 -1 -1 -1 -1 -1 -1 -1 -1 -1 -1 -1 23901 -1 -1 17598 -1 -1 -1 -1 16805 -1 -1 31547 -1 -1 -1 -1 -1 14775 -1 38313 39459 -1 -1 42092 -1 -1 -1 -1 -1 43338 -1 -1 29343 -1 -1 26067 -1 -1 -1 -1 -1 47239 -1 -1 -1 63011 -1 -1 -1 -1 -1 37176 -1 -1 -1 -1 -1 -1 -1 -1 -1 -1 -1 -1 -1 12730 -1 -1 -1 5502 -1 -1 -1 22467 -1 -1 -1 -1 -1 -1 -1 -1 -1 -1 -1 -1 7502 -1 14773 -1 -1 19003 40527 39400 -1 -1 -1 1634 -1 -1 -1 -1 -1 -1 -1 -1 4519 -1 -1 52484 -1 14025 -1 -1 21622 -1 -1 -1 -1 -1 -1 30084 -1 -1 -1 -1 -1 -1 -1 40050 -1 -1 -1 -1 -1 -1 -1 -1 -1 -1 -1 50569 -1 -1 356 30630 -1 24430 42409 -1 -1 -1 -1 -1 -1 -1 25045 50764 20119 -1 -1 -1 -1 -1 -1 -1 6747 -1 -1 -1 -1 -1 -1 -1 4980 -1 -1 37554 -1 -1 -1 -1 -1 45180 -1 -1 -1 -1 -1 -1 63607 -1 -1 -1 -1 58584 62908 -1 31225 -1 -1 -1 35781 -1 -1 -1 -1 -1 -1 -1 17740 -1 46995 -1 8036 -1 46330 -1 -1 -1 1244 58558 -1 -1 -1 -1 -1 -1 49160 -1 -1 -1 -1 -1 -1 26025 -1 16458 -1 -1 -1 38248 -1 -1 -1 -1 -1 -1 31970 -1 -1 -1 62664 -1 2631 -1 -1 -1 -1 -1 -1 -1 -1 -1 -1 21606 59692 -1 -1 53787 -1 -1 -1 -1 12450 29350 -1 -1 -1 -1 -1 60086 -1 -1 -1 -1 -1 -1 -1 -1 45435 -1 -1 -1 15894 -1 -1 -1 -1 -1 -1 -1 11234 -1 -1 -1 -1 -1 62537 -1 -1 26115 -1 -1 -1 -1 -1 55324 46553 3205 -1 21426 -1 -1 -1 -1 -1 -1 -1 -1 -1 -1 -1 -1 -1 -1 -1 39821 -1 -1 -1 16536 45876 50278 -1 -1 -1 -1 15567 -1 -1 -1 -1 -1 -1 -1 -1 -1 -1 -1 24108 -1 -1 -1 -1 -1 -1 -1 10961 -1 -1 -1 39095 -1 -1 -1 -1 -1 25410 -1 -1 -1 -1 -1 -1 -1 48508 -1 65370 -1 -1 3614 32832 -1 -1 -1 -1 -1 -1 -1 31279 19980 -1 -1 -1 -1 -1 -1 -1 -1 29495 -1 -1 -1 43073 -1 8566 26207 -1 -1 -1 12292 -1 -1 -1 -1 -1 -1 -1 -1 -1 -1 -1 -1 -1 52076 -1 -1 -1 37055 24362 -1 21003 -1 -1 -1 22639 -1 -1 26294 -1 -1 -1 4434 -1 -1 -1 -1 24877 49139 -1 59903 -1 -1 -1 -1 -1 -1 -1 -1 -1 -1 -1 -1 -1 -1 -1 -1 -1 -1 -1 -1 -1 -1 53646 -1 -1 -1 -1 -1 -1 23043 -1 63568 39872 64706 -1 -1 11915 -1 -1 -1 22772 -1 -1 -1 -1 -1 -1 -1 -1 -1 -1 -1 -1 -1 -1 -1 38718 -1 -1 7462 -1 -1 -1 -1 -1 16091 -1 -1 -1 39230 -1 -1 -1 48938 -1 -1 -1 -1 -1 -1 -1 -1 -1 -1 -1 52511 16407 48395 -1 -1 -1 -1 -1 -1 27786 -1 56998 -1 -1 40116 -1 -1 -1 -1 53975 -1 -1 -1 -1 -1 -1 -1 -1 13634 -1 -1 49777 -1 -1 -1 -1 -1 -1 7761 -1 -1 -1 -1 -1 -1 -1 16470 40297 -1 -1 -1 28241 -1 10956 -1 -1 -1 -1 -1 4563 -1 -1 -1 -1 -1 -1 -1 -1 -1 -1 -1 -1 -1 26476 -1 -1 -1 36277 -1 -1 19372 -1 -1 -1 -1 -1 -1 -1 14295 -1 -1 -1 -1 -1 -1 44729 40743 -1 -1 -1 -1 -1 -1 32548 48237 -1 -1 -1 -1 40935 -1 -1 -1 -1 -1 -1 -1 -1 -1 -1 -1 -1 -1 -1 35391 -1 -1 -1 -1 -1 27302 -1 9098 -1 -1 54554 -1 -1 -1 -1 54088 -1 -1 -1 50749 25290 -1 -1 -1 -1 -1 -1 28742 -1 -1 -1 -1 -1 -1 61245 -1 -1 -1 10813 -1 51415 -1 -1 35474 30377 -1 -1 16861 -1 -1 -1 -1 -1 -1 -1 6667 -1 -1 -1 -1 -1 56396 -1 -1 -1 -1 -1 -1 -1 -1 -1 -1 -1 -1 44469 6811 -1 -1 -1 -1 -1 -1 -1 -1 -1 2108 -1 -1 -1 49634 -1 15210 -1 55364 -1 -1 33721 -1 -1 -1 -1 -1 -1 -1 -1 -1 -1 -1 -1 -1 -1 -1 -1 15723 -1 26177 -1 -1 59576 -1 -1 -1 -1 -1 -1 8954 -1 -1 -1 -1 27935 8000 47994 -1 -1 -1 -1 -1 -1 -1 -1 -1 -1 -1 -1 -1 -1 -1 -1 48804 -1 -1 -1 63110 -1 -1 33204 -1 -1 -1 954 -1 -1 54357 -1 -1 -1 -1 57785 -1 -1 -1 -1 -1 1942 13841 30580 -1 -1 65443 -1 19663 -1 -1 -1 -1 -1 62823 -1 -1 -1 -1 -1 -1 -1 44605 -1 -1 -1 -1 21998 12489 -1 -1 -1 -1 -1 -1 -1 -1 -1 50129 -1 -1 59958 -1 -1 45996 17366 37603 -1 -1 -1 -1 -1 -1 -1 64021 -1 -1 43252 -1 -1 -1 -1 -1 -1 -1 -1 -1 27036 -1 -1 -1 -1 -1 -1 -1 14689 -1 -1 -1 -1 -1 -1 -1 -1 -1 -1 -1 -1 -1
1
1 68 8 565 4
