1000 5000
811 575
976 203
842 807
208 457
677 250
451 341
364 122
387 411
453 391
86 362
478 456
693 964
537 635
291 57
291 5
759 664
343 478
536 845
218 252
651 357
160 853
779 631
64 13
528 314
38 540
408 871
597 466
530 722
886 304
63 913
229 276
176 197
52 314
759 290
551 217
236 418
290 311
758 53
149 340
242 208
223 791
482 107
28 839
22 129
525 388
818 133
577 646
534 888
693 83
94 133
529 139
762 936
178 840
830 418
873 418
458 959
719 655
693 668
892 775
778 484
743 200
675 481
179 870
600 988
664 334
265 710
136 513
126 319
981 468
787 729
599 150
275 103
367 987
292 348
951 182
560 442
550 43
704 380
444 484
24 879
337 375
294 516
433 870
887 176
470 772
16 838
796 978
339 579
583 690
780 105
813 423
833 404
732 557
976 352
749 659
169 944
92 750
639 923
218 932
913 365
602 380
487 197
313 473
300 748
148 997
870 766
216 832
10 593
180 982
810 727
462 64
406 175
340 936
265 761
862 123
492 362
971 690
585 190
277 196
247 818
829 178
463 121
100 21
634 213
366 722
799 378
260 584
717 21
627 175
358 583
66 788
710 918
669 880
611 124
444 539
385 276
759 793
819 379
135 602
6 893
178 431
771 164
572 172
182 592
171 549
439 613
971 562
436 917
483 32
208 980
63 935
989 567
9 303
964 383
165 388
923 232
259 591
288 831
27 127
774 835
700 618
574 792
826 533
922 928
892 420
887 404
317 601
665 71
582 87
591 70
56 578
986 981
282 913
291 504
109 440
966 506
487 793
514 106
238 402
46 805
42 820
630 378
50 5
171 346
893 541
246 766
569 751
908 952
364 581
161 831
390 28
982 213
45 636
884 60
37 432
993 772
121 866
127 61
222 577
219 904
252 274
83 90
967 839
313 776
640 946
851 117
0 766
676 654
884 931
788 59
650 515
844 302
953 631
603 690
293 503
448 781
872 814
806 193
923 453
901 830
724 994
717 598
770 291
271 469
272 524
145 693
804 255
992 21
941 138
93 865
77 575
519 255
244 499
549 475
254 5
863 389
784 116
219 386
551 950
601 177
354 832
512 82
165 247
656 952
202 646
133 42
165 976
911 73
135 994
44 502
339 699
236 668
448 241
958 637
403 277
426 508
353 635
306 742
813 15
713 517
202 20
516 48
363 350
820 812
510 830
774 484
342 625
144 915
326 831
773 394
397 342
116 91
636 762
209 223
372 808
207 493
947 348
925 525
333 771
822 204
748 177
760 487
937 33
380 933
585 658
854 766
996 694
473 142
34 138
282 165
821 694
683 925
742 807
494 987
453 675
533 283
839 262
207 189
395 266
730 336
524 562
137 868
665 995
55 366
691 807
469 604
322 376
132 490
599 744
284 838
220 657
600 10
299 327
79 622
871 584
975 220
582 14
527 360
481 281
669 456
153 19
438 220
602 333
485 424
685 181
557 346
809 524
153 397
168 248
453 85
109 859
380 58
282 222
651 330
616 905
184 332
110 704
37 462
799 281
642 267
193 486
539 695
319 964
194 484
506 376
598 258
588 971
90 834
179 104
349 391
739 992
226 20
633 800
992 49
552 29
327 463
436 383
917 583
662 92
418 10
697 813
760 83
940 0
805 150
744 643
993 114
809 789
691 139
909 134
708 186
602 399
332 956
141 478
141 488
546 819
526 990
538 821
72 928
327 356
476 393
475 471
682 925
85 920
232 749
117 961
957 831
189 975
189 133
905 862
291 847
308 80
991 507
692 971
707 245
779 755
503 749
7 318
684 557
989 318
980 183
495 51
252 825
44 375
523 967
444 732
556 531
124 791
857 265
206 163
67 929
44 287
459 588
325 176
272 178
7 586
853 600
868 447
761 636
215 615
992 358
50 611
374 286
926 34
228 213
992 880
120 344
520 817
556 687
812 941
58 431
545 85
777 604
293 826
405 472
728 846
339 725
294 295
767 707
998 908
846 577
306 602
68 725
26 469
397 10
79 972
699 346
845 261
481 619
694 851
613 467
244 707
181 362
988 959
415 462
441 372
410 656
66 885
144 855
62 49
815 99
398 272
26 355
46 292
787 47
585 650
971 274
620 752
518 481
360 735
782 967
405 223
738 951
14 550
261 452
311 230
65 343
819 946
426 942
160 116
938 146
645 765
473 809
219 936
847 825
340 778
700 123
55 968
496 725
475 791
607 788
901 187
472 261
440 961
559 894
867 894
342 222
323 140
36 669
169 518
652 461
95 429
14 627
859 361
740 76
559 500
471 269
49 187
570 217
356 913
671 265
40 296
57 210
537 148
143 846
2 646
464 129
941 106
896 368
253 299
788 804
517 12
46 893
239 32
737 968
770 798
937 999
811 344
577 452
895 249
275 533
95 796
529 938
98 889
926 296
128 144
158 605
428 726
854 600
78 181
617 209
44 854
446 596
985 147
980 251
304 740
399 827
370 998
730 128
227 566
618 871
17 99
156 155
531 502
112 677
294 368
692 340
311 867
210 223
793 385
258 160
807 833
410 300
259 713
155 251
366 451
270 107
102 559
780 706
802 176
10 214
415 302
447 863
729 61
324 443
803 556
409 603
678 705
866 707
711 625
239 881
309 256
49 83
313 954
467 62
393 863
416 593
243 621
229 59
293 947
275 738
814 815
375 648
352 867
342 311
699 775
481 703
111 916
710 52
728 172
372 137
106 54
268 195
625 700
367 73
343 341
803 375
139 314
34 212
267 613
718 514
628 930
247 888
701 553
294 312
137 713
981 140
153 52
450 650
439 661
607 733
925 80
200 61
17 761
814 336
173 804
675 310
162 113
775 758
760 764
422 763
610 417
398 825
433 384
863 342
478 362
950 503
897 67
358 858
678 931
710 267
604 142
756 330
882 661
108 4
977 134
282 740
167 978
976 138
689 302
568 586
385 691
204 687
600 433
882 248
7 475
791 321
905 995
692 41
990 520
903 904
655 439
111 910
904 276
603 815
794 395
77 386
590 271
967 361
74 137
300 367
587 505
570 572
303 714
895 713
885 211
28 17
153 402
961 159
650 162
919 681
163 884
880 332
153 152
262 743
502 376
459 5
912 12
709 963
467 377
591 522
76 96
212 853
153 861
497 978
600 365
925 485
386 792
549 366
759 671
735 370
775 514
266 888
472 588
699 255
846 328
274 711
119 825
592 279
600 200
217 782
10 866
270 426
853 588
437 8
77 692
98 434
995 863
714 559
264 500
946 335
631 857
569 48
737 954
418 866
725 429
926 50
587 722
602 318
778 907
82 938
503 695
422 894
461 298
549 101
805 884
282 968
368 395
168 287
961 147
28 466
154 650
930 980
783 828
792 279
404 652
880 540
85 921
898 140
281 866
355 783
279 319
146 720
797 56
623 572
793 529
655 780
64 314
654 640
404 141
53 512
323 582
76 661
971 533
361 866
245 289
871 725
319 615
336 290
375 147
920 785
161 641
869 288
705 839
425 311
747 400
4 846
385 962
127 186
591 240
705 338
79 370
125 134
681 465
225 270
78 274
918 54
205 211
86 12
308 129
253 61
650 691
517 248
224 780
733 770
284 689
690 184
393 949
165 279
733 719
621 377
438 795
100 689
139 686
820 460
179 171
860 827
208 641
632 203
495 482
970 497
980 487
113 297
500 360
870 146
420 367
671 706
978 351
873 781
628 545
175 127
75 386
297 145
381 904
537 621
525 223
398 417
995 85
249 418
254 330
867 229
591 854
55 805
412 49
619 135
418 67
619 857
446 688
6 610
107 621
616 220
288 194
43 164
11 42
853 403
207 981
705 987
307 642
653 579
247 663
361 393
491 960
996 806
163 219
280 341
637 570
693 359
269 235
365 79
140 672
990 208
533 927
464 182
885 610
698 687
266 701
630 6
784 723
96 553
175 565
549 556
28 871
838 114
40 575
518 953
287 572
606 461
835 552
959 303
544 437
851 339
790 470
942 917
289 473
206 977
476 944
334 109
815 792
788 632
256 531
584 815
841 659
112 645
440 948
217 42
707 290
39 190
592 318
804 717
314 500
241 6
207 284
581 292
732 696
468 527
995 941
427 535
62 203
486 113
482 573
630 194
483 611
160 924
105 35
442 351
219 416
357 87
372 168
900 419
296 483
754 777
601 287
423 452
202 108
112 448
379 709
990 779
779 744
961 712
647 618
138 694
609 461
434 895
833 434
392 704
979 247
869 114
218 286
862 574
322 515
248 350
52 44
127 458
682 779
435 436
73 922
505 906
207 211
417 694
800 379
933 110
236 489
930 658
63 972
987 825
252 773
535 973
709 945
136 167
291 605
162 605
447 952
187 94
940 873
378 718
220 942
717 957
559 290
430 371
23 514
594 939
153 947
703 68
927 77
280 160
215 274
429 295
64 550
545 748
638 336
233 709
324 49
361 906
240 805
31 370
829 278
332 870
778 900
612 58
665 736
563 758
819 955
637 36
119 502
460 205
186 841
510 36
676 455
118 460
906 867
879 338
895 472
735 440
754 488
813 32
862 477
707 561
990 722
453 367
369 424
125 690
633 192
629 862
908 597
525 761
867 923
788 410
925 26
856 892
135 789
334 115
803 306
240 252
604 168
158 472
419 874
244 348
130 393
312 305
422 162
513 248
71 25
268 164
53 88
980 457
744 141
19 965
475 900
617 842
164 503
456 109
158 343
76 708
639 329
64 743
596 240
13 548
584 939
358 327
403 676
818 142
928 959
389 986
687 986
225 179
342 773
829 272
325 980
162 890
741 445
116 539
501 981
696 935
523 741
3 49
647 460
549 829
846 477
93 483
439 765
460 779
598 90
45 918
451 628
153 37
409 83
580 735
138 930
653 832
698 515
856 252
411 224
233 131
641 676
63 217
846 568
228 718
596 577
483 549
901 563
381 622
851 147
519 594
414 121
543 87
486 425
111 367
913 321
2 895
514 80
95 311
389 775
205 115
377 840
684 252
165 674
428 226
752 323
827 805
170 424
676 732
124 906
828 320
200 265
608 939
720 88
381 8
631 140
475 215
282 107
615 299
970 919
334 997
902 691
966 413
633 597
730 791
527 120
362 704
733 868
450 234
578 660
331 263
70 67
974 535
608 582
798 924
265 191
910 145
583 682
996 178
903 11
441 380
111 939
523 143
240 74
999 180
494 905
366 174
980 8
60 401
462 466
463 57
34 729
485 799
959 27
682 646
107 374
8 409
661 870
745 967
730 966
460 361
684 632
156 330
896 596
933 963
278 634
653 65
617 129
461 408
472 682
404 816
741 178
641 961
539 879
655 619
279 973
338 885
342 48
700 819
689 207
270 241
42 365
701 343
440 633
39 141
197 37
298 136
360 529
228 312
316 483
497 601
46 149
425 344
954 682
122 169
811 577
943 223
279 473
153 252
346 784
374 941
600 412
899 45
270 293
728 554
307 65
225 828
788 397
253 250
620 189
951 489
569 540
9 380
172 735
298 354
36 787
968 73
173 72
611 131
44 482
956 714
478 121
408 267
815 805
395 543
3 944
566 693
7 204
556 56
653 989
442 455
541 838
712 959
771 124
661 133
350 717
579 493
432 67
909 130
286 950
599 282
84 994
483 744
905 83
818 174
105 781
843 672
494 407
204 199
143 859
948 313
547 291
752 938
718 889
3 176
110 540
616 197
946 438
754 685
11 711
895 393
189 817
507 296
280 615
232 472
13 551
366 16
327 770
160 993
250 410
793 882
669 162
906 916
915 9
131 864
247 526
882 887
20 443
594 118
268 685
134 450
242 327
15 908
476 162
984 148
874 475
669 240
497 568
355 983
882 118
900 86
534 686
67 85
89 250
992 438
536 917
844 802
363 700
703 476
529 477
433 185
507 638
113 948
734 261
883 363
170 468
453 942
747 276
430 299
358 335
586 677
360 629
977 943
182 887
744 227
862 376
295 479
628 781
455 294
979 159
34 578
670 613
252 728
438 402
459 531
774 966
955 388
453 383
535 942
60 828
401 429
409 672
753 734
912 746
404 325
733 205
31 155
290 959
664 158
386 997
270 857
34 246
832 406
57 216
190 243
895 70
468 846
40 546
276 946
459 888
320 666
179 400
87 924
456 92
783 637
933 402
226 378
602 24
382 409
635 909
257 381
339 673
540 399
279 776
699 532
320 369
685 166
973 828
981 637
534 576
738 328
889 735
812 886
600 5
501 379
88 650
930 647
63 944
92 439
85 394
944 256
187 465
341 957
5 938
841 423
829 604
626 660
48 746
42 291
45 211
945 387
388 616
873 560
620 20
219 393
50 13
956 717
597 772
430 370
783 619
29 929
5 828
291 660
213 382
583 809
664 95
481 586
917 266
198 781
425 654
755 909
152 31
776 792
907 490
898 944
80 899
825 491
177 607
732 436
793 658
358 395
179 646
965 948
236 307
800 808
304 381
412 719
795 574
552 300
44 658
950 403
431 696
482 846
136 985
532 918
450 19
601 619
196 566
881 50
411 793
695 207
125 773
240 529
553 642
551 170
631 720
263 475
5 692
503 672
618 716
315 994
422 479
934 394
288 311
53 624
640 504
732 416
441 22
250 359
128 957
112 781
722 229
121 162
87 819
594 792
475 868
734 258
872 81
952 568
780 817
903 439
671 547
55 609
893 328
743 838
277 940
260 144
931 926
218 133
306 587
728 790
949 118
706 13
110 864
804 372
47 877
869 569
640 604
845 733
19 433
810 119
147 887
298 296
959 70
707 493
570 252
221 650
161 230
235 356
451 686
796 457
462 576
416 390
600 712
770 391
544 14
513 271
75 495
609 813
171 232
269 211
720 389
37 5
129 251
398 215
311 210
585 929
987 299
389 456
760 986
665 205
344 103
281 330
109 395
628 856
628 414
417 683
580 493
737 918
871 641
235 97
272 67
479 953
989 504
989 952
276 306
952 999
822 53
362 891
166 717
864 287
592 208
719 247
160 144
679 73
994 949
718 821
444 470
225 130
915 289
117 124
856 83
330 299
931 843
104 218
221 298
839 840
192 847
640 438
843 304
796 776
67 94
364 804
165 285
231 172
897 791
697 857
366 41
731 861
917 388
398 113
243 66
353 70
570 970
716 521
452 815
194 243
777 889
260 197
237 354
130 101
54 818
119 489
899 207
215 226
19 761
280 627
258 877
259 928
143 194
699 309
715 609
303 647
344 872
760 154
362 758
935 687
409 25
688 105
764 740
13 945
964 255
546 293
502 279
391 29
865 793
200 430
657 591
641 637
692 181
326 849
25 41
709 88
772 365
739 605
191 132
870 614
471 770
235 795
811 93
207 261
36 697
839 411
255 730
314 137
984 406
760 657
264 225
505 209
467 137
421 323
469 891
615 572
306 725
59 830
487 779
409 475
515 166
995 131
598 491
51 655
715 913
798 746
114 584
782 657
51 218
676 579
666 800
913 264
72 316
871 906
850 934
15 148
83 74
160 278
838 571
323 723
146 771
968 788
68 390
858 290
575 515
217 150
577 706
254 230
60 117
564 416
380 899
696 109
569 725
260 219
440 394
364 357
851 438
440 43
16 898
821 260
568 354
10 437
816 348
972 294
750 664
554 139
330 252
383 53
471 939
973 28
637 122
543 895
180 585
783 311
444 500
581 168
186 782
888 827
123 408
901 358
719 972
392 67
960 648
845 843
492 825
466 160
911 236
699 786
183 422
251 336
766 254
283 525
793 769
567 329
407 125
781 577
894 505
809 445
57 72
707 490
326 517
662 74
581 406
849 973
779 244
603 176
568 34
13 929
806 758
59 362
934 886
929 870
384 508
538 983
402 120
79 782
125 70
514 339
979 237
791 88
315 847
438 718
247 163
767 692
192 272
373 924
111 27
584 977
569 129
829 291
921 540
521 961
745 928
513 209
546 430
609 760
649 909
372 112
293 80
390 949
109 917
700 325
679 335
853 689
149 93
626 959
757 263
928 116
106 199
822 540
109 527
198 602
774 788
568 533
39 436
104 427
893 956
276 189
631 146
281 782
27 851
515 965
170 399
597 406
646 632
315 672
560 416
700 778
29 728
534 580
269 104
311 620
701 510
747 712
872 746
773 635
445 724
330 106
658 633
638 123
283 746
826 415
733 300
322 61
508 435
441 691
889 40
657 831
637 37
934 86
807 429
440 970
761 716
746 429
98 93
875 406
92 57
493 482
425 338
801 659
110 531
693 193
410 793
292 168
853 173
130 816
654 879
91 318
217 247
551 64
357 625
232 213
494 156
808 966
754 672
239 408
388 838
419 124
848 611
471 715
81 187
882 557
753 943
139 312
433 754
336 722
164 504
957 68
861 227
801 752
456 506
799 369
141 847
163 197
371 170
310 192
186 405
888 78
738 712
181 155
680 559
259 991
648 111
343 103
690 1
117 129
481 682
29 236
469 248
557 92
273 111
4 990
95 887
501 117
409 17
732 689
147 348
550 520
83 638
341 71
200 804
295 802
244 819
803 83
720 137
807 931
457 420
115 979
119 927
187 765
547 474
157 785
24 619
209 420
816 942
166 512
306 90
857 283
240 331
938 939
665 474
668 885
718 292
705 481
950 757
758 454
98 970
481 207
214 639
644 671
69 763
436 897
534 377
162 613
482 245
408 552
292 237
522 541
346 975
736 392
515 257
990 108
977 941
870 384
475 929
621 337
106 210
528 673
780 405
928 402
636 337
830 733
962 163
567 372
123 584
666 543
454 911
959 905
642 202
211 744
238 858
928 262
794 968
888 330
162 637
530 522
863 805
694 839
509 287
431 914
730 387
687 694
547 454
16 885
353 518
978 67
453 213
48 595
807 878
563 753
5 12
600 862
987 874
102 481
406 297
975 182
387 367
523 629
649 679
405 437
521 409
252 280
625 645
951 621
967 553
470 186
717 328
769 846
410 952
437 746
388 365
863 634
233 183
709 312
762 386
672 72
122 117
553 704
87 177
765 274
236 245
775 267
236 302
791 306
89 702
645 693
308 75
380 332
165 24
382 851
96 678
812 242
763 218
415 711
168 589
402 961
354 688
830 239
817 191
682 72
229 249
906 411
573 972
769 197
541 129
934 81
105 327
586 277
78 34
291 858
43 127
383 10
630 611
735 971
735 284
233 530
791 410
971 536
350 177
346 724
102 627
919 475
367 547
507 84
194 301
493 156
650 677
423 816
181 730
437 907
295 1
902 243
358 127
425 359
598 788
475 834
497 936
857 675
280 806
719 944
541 755
254 723
561 404
307 676
687 701
41 136
99 757
482 120
543 242
377 544
282 734
208 660
546 926
25 439
819 287
848 868
471 287
735 628
670 215
298 791
804 195
58 637
700 556
867 11
872 133
779 648
117 988
370 307
140 795
357 61
866 77
604 247
410 481
522 300
698 879
53 978
435 441
80 403
367 745
245 430
355 764
53 482
833 973
755 918
295 811
905 562
931 80
117 965
259 743
804 422
611 9
276 236
487 421
78 167
824 918
267 278
948 583
380 577
900 537
729 735
606 75
256 384
935 145
531 87
326 381
325 773
945 801
53 975
370 417
324 953
616 884
875 649
447 934
724 133
592 839
736 66
387 741
607 842
636 136
77 610
840 17
894 658
254 269
769 858
480 9
639 899
85 234
120 86
146 921
869 921
654 964
736 597
997 583
706 490
503 92
677 858
837 897
887 714
989 499
522 69
113 536
448 601
653 759
750 981
438 203
945 178
918 300
710 482
34 16
567 303
514 971
22 309
645 647
590 980
447 286
112 689
273 500
905 554
211 535
28 781
859 183
922 630
878 630
752 388
804 35
618 10
691 186
672 609
861 724
757 398
834 195
559 899
846 221
455 288
803 87
958 965
821 965
506 898
767 226
705 949
729 457
491 961
166 359
507 338
508 922
660 949
147 922
722 420
959 372
37 252
351 767
225 852
796 745
259 946
265 226
255 724
277 486
374 298
66 986
295 25
861 536
906 723
552 832
889 425
371 59
302 458
770 83
89 866
240 201
798 136
763 609
725 666
169 812
409 240
630 972
616 807
600 706
71 94
537 136
773 739
679 886
650 703
591 517
285 47
36 947
40 986
261 978
893 883
276 389
118 303
863 497
579 250
920 576
581 394
27 328
909 484
124 89
642 567
305 66
665 276
562 636
343 790
404 28
72 152
880 660
212 851
43 82
827 937
754 91
515 542
730 636
428 123
218 725
906 95
837 522
234 113
306 419
438 73
363 573
450 976
85 763
463 971
388 109
171 241
728 158
602 332
671 496
408 992
986 850
36 398
135 849
705 474
945 507
529 90
261 808
669 794
635 726
349 997
104 503
856 694
561 753
94 354
803 802
252 560
981 197
224 192
927 859
406 751
219 254
112 471
360 975
652 61
278 912
177 99
546 651
791 406
889 643
23 511
338 477
236 18
879 290
878 690
915 134
284 335
839 721
522 76
203 306
70 31
758 100
421 645
343 838
754 347
341 316
423 374
121 154
387 80
470 382
508 458
852 464
800 484
908 465
882 967
476 446
393 41
632 826
31 910
791 643
582 878
907 714
834 89
174 212
838 76
674 234
895 854
521 173
227 702
295 12
701 480
55 222
684 423
978 995
532 865
706 287
900 35
533 8
179 929
455 920
779 531
213 469
203 774
903 373
571 89
134 790
718 532
39 121
700 602
300 72
387 563
409 206
830 898
565 413
988 126
572 708
547 1
817 894
338 29
194 116
152 339
705 801
63 223
136 595
974 720
119 793
322 304
683 9
976 491
138 229
103 978
467 143
367 973
223 166
810 723
965 664
41 323
430 967
331 76
498 680
758 204
508 419
165 992
512 626
857 582
379 321
526 180
413 102
420 181
54 855
546 344
572 265
197 909
130 340
984 226
462 146
226 47
900 661
848 156
973 693
69 591
168 437
94 65
67 493
476 235
482 506
350 999
837 263
963 402
982 571
53 243
269 914
34 677
567 699
52 815
685 933
875 802
895 654
805 100
835 117
827 572
498 592
137 939
518 443
676 655
295 945
145 980
909 473
434 506
820 156
465 783
816 273
674 0
726 14
714 704
495 864
314 723
938 186
324 495
778 733
125 707
107 128
685 202
513 718
380 94
830 996
333 38
624 156
939 489
706 931
53 630
99 154
533 132
271 647
922 967
36 187
875 141
785 570
166 812
122 977
562 995
402 381
503 658
817 344
55 817
669 844
787 945
79 575
858 102
308 99
276 708
262 580
469 597
225 549
536 986
45 819
847 423
171 809
632 404
834 457
70 77
213 86
303 477
542 803
478 344
464 381
656 503
134 713
10 9
21 8
886 836
348 297
96 811
388 492
889 254
221 685
598 697
102 173
214 284
909 671
432 913
366 382
829 914
792 560
737 724
75 111
803 863
247 383
48 712
990 819
886 731
119 161
745 856
601 620
141 858
763 558
108 233
352 768
859 4
673 378
106 532
411 884
822 833
62 320
991 77
390 344
832 828
43 782
143 356
825 148
220 518
51 493
378 729
72 827
38 318
742 596
802 407
289 390
553 610
729 654
627 394
460 938
330 662
189 155
407 740
67 520
601 546
51 374
358 475
627 916
226 198
550 286
435 442
73 5
970 727
753 85
12 737
55 963
114 837
619 258
543 893
379 247
345 196
489 290
984 193
422 289
662 923
556 338
643 530
452 398
936 225
47 640
615 324
33 369
980 875
908 168
367 755
378 677
626 685
97 242
43 491
167 976
913 474
282 899
863 747
458 751
22 906
387 365
829 118
12 996
420 998
806 802
169 491
730 659
689 998
993 892
535 162
45 318
123 723
393 32
851 607
388 723
138 673
331 856
837 53
953 290
905 964
651 858
238 994
350 868
451 843
514 607
819 266
241 659
266 772
813 910
134 689
395 462
750 239
470 657
565 599
365 837
794 562
779 954
46 860
72 939
803 987
412 70
893 777
908 603
758 331
516 139
404 569
913 990
4 185
289 191
618 114
477 889
389 932
0 873
12 672
801 91
699 163
222 551
839 600
320 773
186 182
638 691
884 650
141 787
981 86
609 153
740 585
198 189
268 490
546 849
57 50
379 10
308 159
678 295
424 838
625 313
621 260
242 818
994 737
837 82
780 86
565 692
524 174
658 312
443 572
654 316
643 203
536 216
829 815
900 593
115 625
973 984
442 116
74 165
137 3
531 622
473 694
623 248
187 460
889 107
982 4
153 1
807 926
541 799
443 404
517 603
495 418
739 454
988 480
841 698
358 26
42 435
259 83
820 837
620 898
345 426
959 949
212 507
585 853
546 571
718 287
836 915
429 347
997 960
912 588
754 861
824 499
78 519
203 607
741 99
606 83
463 623
605 35
23 830
690 913
83 981
99 607
831 243
611 31
292 45
691 704
128 423
138 336
492 709
666 667
930 385
838 896
100 562
425 125
897 648
171 931
346 26
322 187
430 8
808 420
788 919
441 809
572 491
505 512
90 481
484 684
520 416
168 895
279 133
518 216
256 898
375 511
155 295
692 240
261 121
996 49
961 143
693 470
809 840
954 31
638 14
756 802
552 297
776 493
284 733
522 349
179 588
807 740
73 48
45 500
713 1
927 756
27 385
222 3
821 279
0 12
520 109
576 701
626 242
442 468
113 862
733 849
710 417
563 912
784 839
502 333
879 550
821 510
627 356
641 473
909 284
158 850
404 517
103 284
638 122
753 114
461 464
763 717
498 704
137 449
823 552
44 706
110 369
787 407
796 231
28 53
362 692
524 416
938 505
958 961
829 185
310 982
389 481
310 413
820 842
657 258
768 898
350 986
310 210
904 709
200 243
429 306
974 786
986 840
24 776
647 178
712 374
363 933
941 460
196 207
362 853
9 688
446 255
802 586
114 596
658 800
244 428
703 257
70 531
173 683
360 986
37 119
719 638
187 912
957 679
652 522
113 430
236 839
847 89
996 850
410 237
442 279
875 788
144 721
271 921
424 303
293 950
191 148
387 620
713 283
559 586
889 318
586 417
88 262
332 136
368 169
722 869
710 120
115 473
80 181
136 966
724 277
797 365
193 399
781 563
398 302
96 23
914 290
906 526
810 113
739 335
156 711
956 794
794 295
640 69
295 204
497 476
945 197
538 872
507 408
790 355
751 109
541 645
376 52
990 702
251 751
720 362
513 447
255 541
994 660
414 196
883 871
132 974
394 356
596 729
235 574
86 408
145 492
952 402
58 390
199 80
405 932
176 221
474 738
717 704
809 405
146 347
706 632
428 788
988 999
529 516
755 662
710 208
781 416
503 884
93 586
546 667
887 948
376 293
6 382
115 293
670 529
3 56
402 627
249 419
215 901
602 955
366 868
361 73
402 256
138 368
822 837
236 901
33 276
909 891
705 460
415 109
217 871
157 845
778 927
499 830
662 842
379 559
980 730
324 499
535 349
269 374
629 850
561 147
391 495
294 78
999 933
778 483
242 785
328 749
576 492
461 936
939 985
425 226
770 689
254 256
537 131
83 39
945 406
288 429
385 263
306 14
122 661
925 622
721 426
627 207
521 488
687 809
932 100
394 20
824 842
418 787
792 352
150 80
422 673
695 929
127 434
113 6
395 100
159 69
511 458
741 645
321 312
422 975
125 596
325 504
895 562
396 367
458 886
57 526
962 316
122 964
653 811
849 662
539 890
759 169
704 901
446 158
604 442
781 431
310 385
687 394
930 59
787 973
319 569
712 836
917 469
337 177
189 807
580 693
75 196
53 673
504 624
246 903
261 496
401 236
470 415
327 919
296 904
625 574
716 256
130 395
656 599
381 218
283 158
999 298
921 667
261 62
624 993
583 422
762 358
936 154
657 31
353 532
574 96
234 766
979 139
474 151
539 26
912 866
904 978
653 619
926 112
620 376
19 278
478 46
230 397
947 269
290 967
478 919
944 73
76 408
636 853
522 731
427 781
184 692
429 988
572 396
238 241
403 748
323 402
178 344
493 149
369 752
249 204
937 484
671 416
730 617
63 324
668 61
942 164
815 457
441 11
317 231
353 96
934 478
826 547
479 0
760 677
991 383
174 621
146 123
127 221
450 102
836 461
856 557
708 849
895 396
479 302
418 768
574 742
411 905
216 748
714 789
159 653
742 959
566 352
11 459
524 270
863 846
123 386
858 118
707 922
584 891
567 302
322 804
177 935
985 467
362 650
352 643
206 388
243 464
827 93
818 623
890 577
914 831
729 152
106 454
206 313
82 972
424 559
771 131
320 415
528 130
789 937
149 751
546 524
978 836
554 497
878 648
832 726
68 281
477 709
430 78
987 808
862 910
314 489
797 481
774 513
68 199
997 507
208 14
158 879
282 473
864 655
832 62
66 347
800 911
70 789
297 534
163 672
539 641
432 359
917 457
658 696
215 897
168 237
763 244
467 657
562 195
742 227
130 726
640 288
772 70
843 230
731 609
72 800
640 989
808 607
426 473
82 999
486 213
848 684
771 867
222 96
794 30
603 281
625 325
549 750
849 458
561 281
601 132
524 652
796 221
115 362
669 674
128 89
574 70
769 737
6 448
185 727
211 108
296 67
974 583
293 712
726 679
881 203
778 68
305 332
877 979
384 83
967 924
533 406
745 661
805 10
320 511
919 963
653 476
292 777
201 963
287 750
677 861
244 329
920 489
481 665
603 703
817 598
433 205
898 494
312 327
388 166
720 998
878 887
211 834
352 880
581 612
35 106
24 647
385 202
421 512
404 431
909 549
472 327
538 196
161 696
625 997
89 704
866 493
83 119
966 962
637 273
102 791
128 10
361 884
688 277
254 633
445 250
339 509
397 542
453 423
294 711
811 801
305 42
408 831
535 628
472 351
193 351
297 29
386 375
31 628
623 586
542 818
289 987
193 596
897 599
62 473
149 142
433 520
119 32
703 906
957 418
326 88
718 192
576 409
903 938
547 300
401 947
754 510
78 30
506 761
23 108
244 473
488 295
83 979
303 194
129 685
351 3
342 614
495 603
390 268
234 718
586 758
236 244
732 625
424 568
471 948
60 302
293 351
462 510
782 325
603 673
211 343
84 316
502 407
38 393
472 360
819 330
23 150
742 967
994 66
416 0
894 235
577 79
429 542
544 501
507 611
60 731
153 755
861 299
406 687
443 118
613 450
709 937
941 552
747 413
851 813
56 72
394 158
936 892
609 712
725 543
282 545
754 63
827 649
366 245
901 343
744 42
332 38
622 188
872 308
849 178
186 698
643 231
328 225
78 570
200 434
348 627
808 263
547 101
917 802
860 533
45 591
86 64
530 62
840 117
72 322
478 586
908 937
55 282
337 423
106 182
915 453
399 932
461 388
13 486
754 435
592 935
570 404
623 216
136 400
406 72
643 104
512 673
835 986
449 29
56 418
637 753
740 398
740 933
965 595
772 665
148 611
650 483
171 944
228 692
364 795
37 632
799 338
596 359
116 181
733 588
153 180
745 879
966 956
882 358
868 669
32 641
361 530
669 281
393 551
733 887
642 628
256 216
937 471
121 933
688 456
758 101
127 776
411 486
195 847
276 119
396 339
394 980
80 531
202 648
590 329
320 496
524 454
870 940
901 185
310 628
69 362
337 948
965 183
605 128
415 47
629 500
928 676
753 472
80 393
593 683
429 461
418 590
395 96
922 327
671 132
407 987
53 221
252 66
141 88
160 990
480 868
307 248
213 202
99 368
621 547
561 998
227 653
580 680
46 859
477 702
572 470
804 154
919 885
595 299
639 68
137 482
799 249
790 968
924 689
475 511
834 222
606 931
571 63
707 641
509 848
661 441
727 848
86 598
308 399
72 520
438 423
397 301
586 900
894 531
393 250
178 855
541 408
962 641
924 868
944 323
210 314
869 621
562 680
536 724
555 902
267 446
27 183
777 919
606 631
104 834
967 132
556 492
746 482
757 942
542 789
776 365
252 115
286 545
450 233
722 114
705 976
808 38
348 957
297 978
832 981
453 823
372 837
260 925
112 668
604 359
965 807
55 110
716 334
876 197
287 100
666 960
503 237
747 553
174 697
877 517
212 230
407 123
49 408
355 509
764 314
58 861
762 953
712 716
750 265
980 363
430 346
614 617
253 769
238 72
610 341
584 738
922 139
281 829
227 777
680 723
620 689
226 885
825 383
553 489
725 656
657 578
730 554
884 821
475 883
865 829
879 797
259 888
365 867
873 792
959 65
537 186
97 140
347 380
220 279
188 710
975 148
535 993
792 282
278 622
156 148
488 781
414 497
170 886
936 907
899 9
997 716
519 45
639 86
785 214
757 987
949 464
634 876
556 594
89 15
526 389
193 106
415 368
495 289
951 884
542 997
244 252
74 786
186 827
728 725
135 419
482 388
758 107
103 840
10 915
868 637
739 632
985 67
117 294
541 668
691 676
198 350
7 379
262 19
694 427
421 462
584 414
77 812
136 101
459 921
875 391
597 493
135 978
782 766
112 572
144 506
663 742
807 182
365 931
359 192
451 940
268 770
175 364
626 726
768 136
880 450
899 842
806 626
201 514
631 686
222 294
257 199
126 633
194 912
130 674
318 705
523 374
794 838
219 963
954 589
703 242
718 589
859 788
841 263
779 967
434 409
950 935
861 521
722 32
92 554
551 988
617 258
751 511
847 874
261 709
582 432
314 951
210 804
513 338
783 966
21 412
461 952
69 698
372 312
118 540
345 768
125 730
371 283
625 124
15 413
597 218
209 517
338 562
464 754
383 227
568 330
288 860
647 256
683 962
455 234
15 826
772 250
502 571
168 742
585 374
460 590
714 765
808 336
956 634
379 974
487 594
547 672
334 699
774 960
683 848
183 701
187 667
26 770
717 271
440 103
237 724
477 75
918 491
801 7
165 243
59 73
578 748
231 367
45 704
625 762
872 299
599 343
902 825
437 722
408 426
750 546
979 719
3 909
884 722
247 133
849 837
194 835
238 441
309 516
439 887
912 664
394 401
118 117
91 105
790 171
519 88
109 226
620 429
197 34
534 343
771 298
502 219
734 164
502 760
665 164
722 995
866 312
997 438
129 519
858 896
130 218
449 212
389 704
621 718
886 961
604 37
771 84
530 347
129 200
974 606
130 128
205 967
18 991
826 230
402 660
267 10
190 327
770 66
489 909
645 762
769 196
632 489
448 240
101 790
433 728
911 398
823 118
930 831
213 884
310 320
398 38
231 665
921 339
555 979
355 883
732 879
527 130
950 833
154 826
419 233
731 416
780 423
548 128
857 510
172 391
836 977
58 441
621 239
314 937
55 421
410 528
905 352
138 17
673 511
912 58
266 535
286 106
943 95
203 15
268 550
402 353
767 689
298 341
603 272
855 455
318 286
378 573
508 169
98 365
503 94
718 48
283 181
529 280
183 284
654 193
362 896
623 836
122 318
824 512
400 739
996 710
768 236
906 387
102 514
598 870
367 673
86 419
889 138
657 123
304 684
151 435
536 499
867 214
658 780
861 476
32 376
476 816
18 923
711 935
32 275
760 139
475 603
910 953
950 999
735 690
831 189
499 246
191 253
362 971
394 293
793 480
747 678
234 791
106 316
215 99
710 767
784 402
207 275
909 337
916 464
904 478
761 566
294 413
594 561
838 787
673 298
897 206
953 834
542 256
269 329
217 505
742 151
107 629
56 189
996 731
584 771
535 133
524 628
85 908
290 39
581 520
207 649
101 569
991 875
552 169
825 835
43 8
503 767
116 345
188 374
7 417
935 421
130 369
219 853
354 779
585 751
62 54
583 390
383 253
898 72
842 433
524 827
447 676
961 533
994 635
484 876
319 499
672 831
475 888
62 905
968 200
500 748
565 632
707 375
452 804
493 395
190 343
720 764
55 896
251 757
901 654
454 636
998 223
153 385
953 330
901 731
708 501
462 954
24 608
532 524
601 460
923 140
620 453
923 800
4 47
782 99
604 855
604 429
867 108
638 738
799 624
815 384
457 82
426 464
583 851
233 887
191 456
754 516
959 201
147 809
706 581
334 210
423 953
318 608
967 761
181 703
78 955
64 761
778 845
117 827
48 896
238 802
335 190
415 911
509 256
451 557
563 604
211 457
868 100
480 938
647 798
383 941
253 169
249 899
887 856
652 281
551 114
750 312
615 370
61 836
257 640
62 707
778 691
756 207
336 465
784 271
34 36
317 869
169 534
919 493
719 235
10 657
886 986
64 304
535 722
629 76
418 848
424 19
935 604
602 601
99 573
822 121
406 855
893 183
39 629
344 743
248 134
295 751
268 337
40 911
419 635
289 134
545 537
471 851
79 115
455 523
642 735
936 362
359 476
839 123
531 91
496 594
87 85
561 91
393 760
497 435
101 926
257 173
130 629
25 755
517 189
401 382
133 49
907 433
637 165
39 352
936 95
725 986
614 184
591 149
575 25
695 549
452 292
297 818
301 763
367 361
445 500
310 786
471 536
444 355
82 139
822 280
654 2
965 482
54 332
815 96
722 968
706 48
841 716
381 93
788 748
660 958
450 680
571 779
117 193
404 523
36 580
87 274
785 72
240 963
513 429
95 276
12 864
279 59
981 585
978 82
504 178
95 246
768 256
301 365
856 567
908 804
561 577
624 605
141 686
851 937
222 39
568 245
414 624
616 400
833 293
8 623
947 79
981 17
377 622
485 476
705 840
411 671
605 104
482 534
635 297
932 310
885 892
766 756
389 272
695 151
64 477
621 437
862 454
184 706
500 231
806 812
828 662
414 561
18 741
953 65
880 377
950 988
721 124
785 834
181 682
160 875
862 820
739 571
34 225
146 283
990 17
383 814
813 141
896 886
623 504
373 532
483 720
554 950
598 32
994 310
372 546
795 513
652 722
925 348
776 269
413 36
903 3
26 695
369 474
733 172
770 297
399 42
599 875
887 183
839 821
470 664
738 383
338 266
67 624
227 467
135 761
9 424
460 591
344 839
750 113
465 258
434 370
259 49
704 21
491 590
79 404
993 586
163 961
595 537
941 725
772 398
78 811
663 539
927 863
537 316
446 889
846 152
874 441
525 542
751 864
205 858
769 386
38 20
995 436
833 361
965 784
788 365
280 283
884 797
201 31
972 711
478 197
518 685
706 390
337 691
551 809
60 641
637 745
366 161
206 923
566 427
918 82
234 29
695 277
71 776
134 448
241 371
909 963
214 55
839 313
785 829
812 767
521 315
912 652
496 254
961 212
650 969
999 464
39 554
805 550
701 927
129 975
874 948
476 415
406 712
697 749
44 578
127 712
205 671
769 827
705 716
10 755
865 257
498 19
132 4
163 879
541 60
788 102
920 948
556 824
759 592
518 991
4 853
289 406
366 232
158 612
674 807
366 317
971 70
611 652
743 646
725 934
77 642
309 114
927 577
564 2
544 993
969 706
910 603
397 77
765 941
201 403
230 503
91 746
163 10
92 290
338 275
602 172
26 647
867 566
379 710
318 183
368 74
289 869
287 0
187 751
434 182
329 170
635 964
551 929
826 81
132 497
730 382
30 16
961 689
958 427
325 739
565 99
940 574
838 821
312 397
506 905
565 931
663 231
748 460
256 547
591 122
81 944
149 887
276 666
480 580
708 564
456 662
867 796
62 240
174 306
40 62
110 869
850 849
124 899
131 107
246 53
875 180
263 719
199 575
246 802
652 804
209 261
581 142
658 160
806 926
501 486
25 218
632 186
49 301
957 622
715 52
356 471
902 870
46 566
907 844
58 43
219 602
428 402
862 823
432 893
115 322
359 196
23 434
837 940
498 824
453 593
920 623
364 204
732 278
953 581
247 207
994 707
980 701
52 875
638 178
514 701
746 863
730 90
62 463
601 284
730 431
515 312
142 257
796 934
424 17
118 148
479 271
884 197
237 894
473 670
878 190
424 529
125 438
925 907
458 528
548 18
721 247
713 24
6 197
206 165
440 11
216 442
952 473
815 834
108 369
42 139
913 852
836 863
193 101
674 768
718 560
125 626
126 956
219 951
167 645
611 886
461 944
369 364
354 158
973 284
571 249
282 984
818 138
579 268
65 157
960 112
272 373
452 657
826 220
342 437
244 347
183 629
599 980
864 991
631 552
272 388
105 94
753 279
712 14
104 326
741 998
368 857
396 885
925 845
634 378
753 719
19 34
528 64
971 430
910 930
436 945
224 262
792 829
656 629
300 256
885 663
19 682
636 563
409 51
654 8
588 480
94 823
949 457
439 307
628 895
141 255
517 244
251 42
645 343
145 432
847 32
463 26
47 237
981 148
500 695
634 82
22 65
711 35
232 931
570 200
690 173
632 148
840 889
996 108
563 944
48 220
695 709
901 121
645 761
353 115
709 761
868 689
894 650
370 454
52 782
15 131
13 849
779 181
211 715
249 288
127 67
764 344
181 557
808 353
244 870
902 743
276 204
118 295
832 663
311 337
538 859
107 190
984 285
864 867
534 117
265 859
462 572
526 835
175 6
406 84
162 522
279 420
628 755
550 919
626 931
180 553
163 913
767 653
600 126
255 13
833 253
876 881
46 660
876 603
391 571
22 542
164 440
382 687
73 37
457 946
680 667
329 819
794 154
610 654
668 692
960 421
229 56
156 158
313 54
823 451
340 169
289 731
589 96
223 293
875 582
382 488
786 709
701 98
762 48
312 955
58 563
827 278
572 224
424 517
599 578
592 506
64 835
244 35
628 491
50 949
436 476
938 262
728 253
393 302
968 542
247 396
815 927
569 358
757 24
863 564
721 322
716 913
232 309
823 920
168 468
131 242
273 231
12 611
159 17
991 874
460 119
252 181
921 115
601 180
317 665
877 284
87 102
147 968
713 819
291 180
474 537
968 890
657 376
730 756
289 719
364 55
881 77
687 1
619 672
26 425
84 841
273 201
972 321
173 359
428 769
0 365
969 426
201 676
302 812
495 767
876 390
930 941
236 108
114 790
547 103
763 160
675 123
929 490
591 92
89 35
311 755
601 875
397 638
952 896
819 375
80 433
633 689
385 424
513 611
596 783
950 116
207 208
987 390
832 231
31 696
698 300
795 840
114 717
21 463
875 22
609 533
59 461
508 919
900 278
395 686
328 536
309 327
322 330
41 845
814 478
30 375
372 435
571 931
120 947
374 905
28 73
254 921
831 365
684 280
461 197
560 944
781 115
684 107
214 706
338 759
547 355
414 668
461 680
596 281
273 656
44 355
329 10
512 212
549 84
950 54
621 512
766 406
32 973
247 490
736 964
926 714
342 670
490 887
838 808
33 700
298 368
218 765
590 675
17 465
918 17
110 410
610 30
401 641
109 401
250 662
623 853
313 666
1 748
636 97
483 152
179 0
479 415
206 813
762 400
338 807
214 313
460 427
140 350
529 784
736 438
119 50
522 180
133 511
969 416
510 87
902 131
100 254
598 594
58 336
358 198
848 300
877 632
724 617
47 438
568 755
518 576
598 860
2 138
408 736
430 781
918 454
194 469
325 165
962 669
838 143
300 816
433 855
547 298
358 414
883 125
872 171
441 565
871 702
622 357
413 807
30 87
602 4
74 574
549 727
255 845
148 925
362 106
53 747
221 986
369 927
751 49
648 226
994 518
132 263
711 204
319 539
865 91
239 13
902 709
590 477
422 420
23 967
159 9
544 316
113 898
951 475
965 430
784 918
317 838
975 974
578 131
724 59
997 41
204 774
865 478
610 173
971 989
586 176
843 274
56 929
937 768
455 283
149 592
291 386
975 519
881 639
303 143
736 854
673 819
836 627
175 840
922 885
878 356
176 706
594 286
52 177
210 879
524 171
392 59
723 186
367 702
886 633
795 43
461 143
143 102
134 510
946 788
860 431
433 147
475 606
761 285
422 715
564 165
560 985
156 164
670 610
672 298
839 696
4 238
263 859
242 229
793 379
461 852
893 552
498 857
513 936
146 770
834 488
619 234
73 835
166 124
930 394
819 835
306 488
117 516
715 851
973 501
188 262
411 437
38 15
886 704
125 145
18 946
326 561
291 918
192 686
248 608
315 470
471 85
405 330
733 223
961 585
92 507
40 87
598 138
137 910
231 614
188 234
566 148
571 813
930 143
278 252
529 68
933 427
970 388
500 651
256 648
210 777
653 98
471 523
161 781
558 968
53 80
245 901
153 67
232 311
735 45
831 735
955 11
407 563
74 120
683 246
123 131
441 388
600 373
286 472
699 966
581 422
289 782
717 142
538 679
596 762
978 611
29 252
439 702
363 563
385 197
426 965
693 183
808 475
828 569
327 643
37 38
743 52
938 498
639 950
325 207
112 400
593 641
597 784
396 112
254 518
521 750
946 7
485 622
304 441
251 654
214 40
484 46
892 338
434 661
30 206
590 74
637 133
16 467
702 857
846 765
969 257
73 767
163 552
207 200
460 923
340 118
210 251
666 902
55 346
306 480
505 251
509 72
226 152
341 68
168 511
575 545
674 743
937 994
260 597
362 430
758 13
610 323
762 892
145 332
170 721
893 126
953 348
673 173
811 314
549 45
302 325
632 163
50 474
823 484
631 697
202 545
577 459
11 131
406 643
778 427
531 702
271 713
87 777
291 663
477 185
-1 -1 -1 -1 -1 10468 -1 -1 20079 -1 -1 49367 -1 -1 -1 61358 -1 -1 -1 -1 -1 -1 -1 -1 -1 -1 -1 22738 29313 -1 -1 -1 -1 -1 -1 -1 -1 -1 -1 -1 -1 -1 -1 -1 -1 -1 -1 -1 -1 -1 -1 -1 -1 16581 -1 48436 27268 -1 -1 32616 -1 -1 -1 -1 -1 28531 -1 -1 -1 -1 -1 26657 -1 -1 -1 4198 -1 -1 62472 -1 42024 -1 -1 -1 564 9602 -1 -1 -1 -1 -1 -1 -1 -1 -1 -1 -1 62576 -1 -1 -1 -1 -1 -1 -1 -1 7371 -1 -1 -1 29277 -1 -1 -1 -1 -1 -1 54742 -1 -1 -1 -1 -1 40547 -1 -1 -1 -1 -1 -1 -1 -1 19227 42365 -1 -1 43297 -1 -1 40267 -1 -1 -1 -1 -1 -1 -1 -1 -1 -1 -1 -1 -1 -1 64905 -1 31123 -1 -1 -1 1014 -1 -1 -1 19623 -1 -1 -1 -1 -1 28709 42179 -1 -1 -1 -1 -1 -1 -1 42008 -1 50233 -1 -1 -1 -1 -1 -1 -1 -1 -1 -1 -1 -1 -1 -1 -1 -1 -1 -1 -1 -1 -1 -1 -1 -1 40239 -1 -1 46757 -1 -1 -1 -1 -1 57050 -1 -1 -1 -1 -1 47483 -1 -1 -1 -1 -1 -1 -1 -1 51229 -1 -1 -1 -1 -1 62486 -1 -1 -1 -1 -1 -1 -1 -1 -1 -1 38020 -1 -1 -1 -1 -1 -1 -1 -1 -1 12753 -1 14849 -1 -1 51173 -1 -1 -1 55651 33896 49277 -1 -1 -1 -1 -1 -1 5699 34210 -1 -1 4720 -1 -1 -1 -1 -1 -1 -1 54289 -1 -1 -1 62827 -1 -1 -1 -1 27583 -1 -1 -1 -1 15729 -1 -1 -1 -1 -1 -1 -1 -1 -1 -1 -1 -1 46043 -1 49206 21778 10857 -1 -1 -1 -1 -1 -1 -1 -1 -1 -1 -1 -1 -1 -1 -1 -1 -1 -1 -1 41330 -1 -1 -1 59870 -1 -1 -1 -1 -1 -1 -1 -1 -1 -1 -1 -1 -1 34798 -1 -1 -1 42808 -1 -1 -1 -1 -1 -1 45203 -1 -1 -1 23684 -1 61292 -1 -1 -1 -1 -1 47166 -1 34355 -1 5781 -1 -1 -1 -1 -1 -1 -1 -1 -1 -1 -1 -1 -1 25610 -1 -1 4815 -1 -1 -1 -1 -1 -1 -1 -1 -1 -1 -1 -1 -1 -1 -1 -1 4747 -1 -1 -1 23181 -1 -1 -1 -1 -1 -1 31603 17304 -1 -1 -1 -1 -1 -1 18647 -1 -1 -1 51004 -1 -1 -1 38736 13073 -1 -1 -1 -1 -1 34935 -1 -1 -1 -1 20090 -1 41436 -1 -1 -1 28213 -1 10814 -1 -1 -1 -1 -1 -1 -1 32841 -1 -1 19366 -1 -1 -1 36524 -1 -1 -1 -1 -1 -1 -1 -1 -1 -1 60567 -1 25881 -1 44494 -1 -1 -1 -1 -1 5080 -1 -1 37354 -1 9852 -1 60237 -1 -1 -1 -1 32548 -1 4349 -1 -1 -1 -1 47868 -1 -1 -1 -1 -1 17059 -1 -1 46972 45721 -1 -1 -1 -1 -1 -1 -1 -1 -1 -1 -1 57375 34766 -1 12318 -1 62373 22922 -1 -1 -1 -1 -1 -1 -1 -1 -1 -1 -1 48798 -1 -1 -1 35541 -1 -1 55522 -1 -1 58381 -1 -1 -1 -1 -1 -1 -1 51636 -1 -1 -1 47836 -1 -1 -1 -1 -1 -1 -1 -1 -1 58447 -1 -1 -1 -1 -1 -1 15620 -1 -1 -1 53484 33825 -1 -1 -1 -1 -1 -1 23080 5758 -1 -1 -1 6122 -1 -1 -1 -1 4360 -1 60513 -1 -1 14293 -1 -1 -1 -1 -1 -1 -1 -1 -1 43596 -1 -1 -1 -1 -1 -1 -1 -1 -1 -1 -1 -1 58589 -1 -1 -1 -1 -1 -1 -1 63182 -1 7428 16903 16116 -1 -1 -1 -1 -1 21578 24941 -1 -1 -1 -1 -1 -1 -1 -1 -1 33474 -1 -1 -1 34935 -1 7279 60892 -1 -1 28761 -1 -1 45774 -1 -1 -1 -1 -1 49613 -1 -1 -1 -1 -1 32282 -1 -1 -1 -1 11805 -1 -1 30491 -1 -1 -1 -1 -1 -1 -1 -1 11786 43405 -1 -1 -1 -1 -1 -1 -1 -1 -1 -1 -1 60890 -1 -1 -1 -1 47993 -1 -1 -1 -1 -1 -1 -1 -1 -1 -1 -1 35263 -1 -1 -1 -1 -1 -1 -1 -1 42967 -1 -1 -1 -1 -1 -1 31162 -1 26309 -1 -1 -1 -1 -1 -1 -1 -1 -1 -1 37701 -1 -1 -1 -1 -1 -1 -1 -1 10224 55952 -1 -1 -1 -1 11153 -1 -1 -1 17358 -1 -1 52190 -1 -1 -1 7219 -1 -1 -1 -1 26637 -1 -1 -1 -1 -1 57133 -1 -1 -1 -1 -1 -1 47679 -1 -1 -1 -1 -1 -1 -1 -1 -1 19883 -1 -1 -1 -1 -1 -1 -1 -1 -1 40245 -1 -1 -1 9273 26846 -1 -1 -1 -1 -1 32789 -1 -1 -1 -1 -1 -1 -1 32807 -1 -1 -1 -1 -1 -1 -1 -1 -1 -1 -1 -1 -1 -1 44959 -1 -1 -1 -1 -1 -1 37638 -1 -1 -1 -1 -1 -1 28961 -1 -1 -1 -1 -1 -1 42876 -1 -1 -1 -1 -1 37408 34816 -1 -1 -1 -1 -1 -1 -1 -1 -1 -1 -1 -1 35598 36431 -1 -1 -1 -1 32913 -1 -1 -1 -1 -1 -1 -1 54837 -1 -1 26294 -1 -1 -1 17739 -1 -1 -1 -1 -1 -1 46112 -1 -1 151 -1 -1 -1 -1 -1 -1 -1 -1 -1 -1 -1 -1 -1 10005 -1 -1 -1 475 -1 -1 -1 7031 21434 -1 -1 51164 -1 -1 -1 -1 -1 -1 -1 -1 -1 -1 -1 -1 -1 -1 -1 -1 -1 -1 -1 -1 -1 -1 -1 -1 -1
10
1 241 3 747 1
1 425 11 158 13
0 330 12 845 2
1 551 4 10 13
0 870 10 105 7
0 149 6 145 9
0 652 10 998 3
0 147 15 526 14
1 583 8 825 6
0 558 15 824 13
