1000 5000
639 948
142 265
260 810
877 127
615 799
407 386
817 259
519 112
852 673
125 749
574 206
874 141
750 937
362 220
947 484
471 712
45 775
931 794
472 682
242 677
390 829
262 268
694 130
636 184
788 635
666 188
807 207
290 251
57 782
495 994
704 804
646 463
452 760
894 180
12 805
867 315
510 959
910 142
416 742
454 288
984 820
933 236
349 68
333 689
585 928
497 786
392 994
41 277
389 235
988 715
875 196
486 301
736 321
54 745
42 196
445 552
56 288
613 432
140 453
608 345
979 429
290 294
985 352
630 435
535 930
552 90
161 113
136 225
22 125
10 517
131 97
285 214
570 950
329 928
846 106
959 43
827 743
884 682
30 277
426 651
448 316
835 1
444 266
8 541
951 227
106 23
695 784
421 64
833 375
34 869
905 688
356 874
975 483
289 364
835 193
713 967
97 776
116 671
433 404
622 217
52 571
273 985
591 1
793 978
18 764
610 486
368 693
571 828
131 141
832 489
565 367
369 352
812 197
827 282
388 146
404 407
925 652
709 817
5 495
610 638
932 701
572 590
477 997
266 906
354 616
949 408
988 703
813 962
356 452
516 751
137 669
548 614
827 953
853 129
598 956
217 838
944 328
70 840
123 502
91 235
204 451
678 412
977 937
972 672
464 861
351 270
955 773
591 442
113 313
850 507
482 652
695 176
476 89
116 75
690 436
452 624
703 861
699 414
12 393
544 370
467 495
195 813
225 406
652 585
867 369
168 344
499 205
643 713
46 853
113 429
543 309
355 766
189 760
881 343
113 877
595 223
812 744
444 436
125 879
850 909
100 921
194 492
681 327
43 599
764 792
657 813
174 276
811 143
931 316
974 223
712 665
688 34
984 980
395 591
941 943
308 713
845 725
833 958
635 499
598 57
740 519
423 578
401 73
295 998
196 482
394 635
334 669
962 690
400 319
502 864
534 157
164 296
223 523
845 413
716 291
264 995
823 246
425 858
76 1
364 596
889 917
15 382
299 477
334 529
799 640
367 101
874 111
121 456
889 627
532 735
916 336
252 644
681 864
385 121
651 671
514 929
762 859
228 225
454 156
309 569
865 143
865 519
995 124
873 698
453 484
154 900
16 366
830 761
285 661
326 960
120 280
18 127
303 437
209 194
537 401
934 117
525 490
122 39
815 730
385 754
631 286
841 657
470 457
741 23
199 757
376 727
971 648
284 18
790 490
402 379
593 276
565 64
974 308
881 83
128 19
773 721
177 855
759 706
878 692
28 375
525 688
296 228
505 905
651 76
207 487
102 882
605 162
376 444
779 856
249 322
254 125
691 341
985 267
578 798
453 508
782 136
641 993
624 675
929 976
468 775
625 552
379 768
902 784
302 879
646 598
884 634
792 752
39 752
693 575
282 493
341 232
321 377
354 151
526 843
763 148
918 402
962 774
122 730
287 892
587 679
949 478
467 739
355 246
214 924
438 419
596 479
902 283
462 988
381 562
508 836
473 379
106 693
859 757
546 406
200 838
179 142
529 29
702 939
845 182
131 935
636 858
408 193
451 74
541 583
941 710
395 823
631 328
783 645
701 348
948 406
822 142
491 828
744 872
399 686
402 835
151 656
132 979
473 889
607 93
288 380
21 133
175 5
266 744
383 385
466 877
739 96
344 608
464 160
641 378
653 392
535 570
119 692
710 223
910 720
991 332
601 956
856 636
898 534
695 910
737 831
762 563
440 921
711 561
899 495
533 246
725 79
32 260
576 911
891 355
3 223
459 792
78 39
145 566
520 946
779 134
833 397
359 408
216 669
840 909
631 572
502 301
834 773
503 444
988 861
495 954
148 714
859 615
579 492
551 351
652 907
116 129
753 994
959 25
288 967
197 350
196 246
869 589
147 445
476 675
805 999
87 420
875 200
844 684
497 967
773 370
422 151
607 213
863 890
940 304
411 944
16 302
769 592
310 512
12 6
298 327
317 806
918 641
233 601
6 525
635 938
839 23
721 117
169 633
118 151
10 891
818 76
543 724
678 779
93 523
776 684
945 429
427 565
47 92
773 956
301 185
528 256
19 48
803 194
209 907
718 567
4 817
87 101
645 878
424 570
303 945
142 785
849 956
783 816
82 31
392 762
482 0
734 566
305 721
405 425
507 681
715 481
933 418
213 276
454 723
368 366
335 893
336 961
529 582
702 23
51 834
650 455
30 448
940 290
113 303
916 301
103 111
369 717
505 414
558 272
599 804
202 997
462 157
22 555
715 694
264 378
654 958
42 756
136 751
982 57
885 367
650 586
398 672
452 118
138 431
358 102
48 197
995 452
101 377
684 661
113 24
615 850
421 179
703 396
616 319
842 805
642 591
649 429
31 210
642 417
257 987
782 552
600 233
407 793
453 587
274 805
238 838
301 736
453 76
605 567
479 927
150 569
679 326
236 240
713 354
129 37
2 902
319 729
158 802
249 218
770 77
372 852
331 726
154 815
888 122
865 495
856 556
854 429
56 950
456 764
497 379
278 612
980 696
371 241
428 662
451 948
993 277
965 742
617 543
891 479
784 402
609 637
438 128
469 416
392 621
439 657
9 282
36 411
146 402
366 960
496 996
398 927
891 676
415 105
349 857
620 437
443 433
425 62
467 869
954 920
672 927
692 730
503 298
280 786
405 190
55 797
106 588
537 898
790 446
926 195
957 989
20 924
643 494
131 273
674 920
672 814
82 88
88 689
984 215
516 778
710 268
908 757
961 830
607 378
717 291
620 835
620 445
428 154
434 217
399 28
192 178
382 873
515 909
283 601
820 384
251 199
941 795
389 255
118 905
370 101
23 736
10 288
443 15
66 952
967 71
183 802
325 554
975 437
104 912
885 314
625 681
489 694
519 124
978 458
450 570
674 108
456 152
99 261
280 547
648 778
158 385
595 858
552 102
561 881
143 286
223 141
580 419
797 399
144 23
881 200
86 30
57 537
866 498
285 783
304 977
809 1
941 338
547 722
879 748
882 44
131 282
42 788
755 183
55 678
860 831
909 135
263 382
930 643
899 126
923 330
380 849
703 860
361 106
81 115
678 840
267 185
684 206
208 845
980 935
590 720
131 565
730 349
871 473
948 139
576 822
206 272
224 770
356 316
522 297
32 896
369 859
259 873
248 999
70 160
835 41
572 69
825 428
977 574
172 367
84 46
509 847
678 623
494 699
581 648
715 251
792 658
730 334
748 590
76 479
246 272
649 760
288 580
474 495
152 165
172 939
302 335
485 982
588 766
133 328
529 516
85 371
174 625
476 690
880 802
62 697
465 768
288 691
359 207
151 142
838 888
259 394
542 109
938 402
892 515
201 298
834 379
638 334
577 655
387 436
172 656
675 989
40 661
114 231
29 354
537 772
120 653
916 293
657 830
579 653
365 443
525 185
466 959
265 806
550 231
646 722
479 373
742 473
667 482
456 256
525 774
886 939
955 689
305 366
684 623
604 882
928 277
835 343
680 743
421 786
780 588
636 762
968 64
821 125
75 255
981 170
498 424
56 466
451 263
303 491
381 811
309 222
833 425
598 851
201 34
687 600
557 648
819 561
407 96
967 216
117 295
436 993
372 23
614 451
93 292
466 143
35 382
130 594
455 353
297 489
545 524
607 371
528 36
171 426
17 545
876 834
885 113
874 410
936 915
415 96
491 356
494 999
856 908
45 505
484 917
170 948
285 507
594 340
621 916
431 583
741 752
279 587
225 467
503 73
92 108
232 246
817 472
653 112
910 44
462 582
112 712
546 872
160 275
898 870
848 267
647 909
4 209
708 949
111 714
320 425
378 292
57 174
614 223
894 560
246 66
127 601
166 700
869 75
4 682
898 854
74 831
703 360
962 50
518 365
398 272
750 522
387 332
278 70
16 138
761 436
794 209
814 303
506 138
459 884
529 857
811 682
720 304
986 418
526 778
792 552
52 10
40 11
103 345
219 801
955 304
792 383
22 416
255 746
933 913
583 502
321 577
375 366
622 297
807 876
624 247
632 511
119 895
726 587
343 487
620 161
374 817
809 654
644 856
302 899
383 62
976 852
4 699
738 604
302 383
437 425
209 994
494 98
643 72
215 228
552 975
605 720
639 330
761 707
881 541
612 497
199 845
293 746
913 436
9 121
838 855
996 997
600 852
777 835
983 890
345 247
912 409
548 769
347 882
536 386
93 160
237 548
877 973
321 935
887 339
164 583
80 119
540 664
445 767
199 394
56 664
677 441
148 813
791 282
419 678
697 293
243 508
243 818
100 831
114 654
643 158
204 526
815 665
101 317
726 932
919 316
664 53
183 647
222 255
585 167
201 121
478 713
624 980
77 730
916 980
478 493
582 105
534 203
239 207
940 784
892 375
989 408
854 565
25 879
994 832
221 59
888 793
490 664
180 762
733 553
48 998
895 878
846 688
38 958
865 874
944 710
975 158
128 95
783 291
734 369
151 600
179 448
343 108
274 831
392 713
327 257
32 979
23 552
616 94
81 880
675 864
277 501
310 303
269 803
129 914
965 945
999 427
209 92
920 969
599 144
151 27
257 527
262 0
787 685
773 978
433 681
464 233
266 171
753 775
19 100
891 630
957 125
768 567
745 980
348 336
119 582
94 449
98 186
939 391
638 165
929 924
239 771
812 282
407 51
224 454
798 4
937 972
204 310
799 294
849 145
378 277
16 982
37 449
899 445
886 952
20 145
575 730
894 701
736 633
190 393
689 263
631 825
160 89
377 21
89 104
397 395
32 456
31 920
26 996
17 552
2 183
720 518
394 734
632 235
438 334
42 909
887 488
766 902
26 680
648 105
189 265
314 685
208 225
993 544
216 447
585 459
882 427
491 404
47 610
474 76
930 485
626 676
362 563
897 347
186 974
293 910
497 199
829 758
54 839
607 452
937 825
759 305
818 751
96 139
946 677
901 137
451 628
313 105
966 277
622 235
779 422
131 799
624 251
739 16
974 264
749 925
422 998
705 102
509 826
826 702
40 454
579 517
468 780
978 416
726 113
481 928
286 713
103 693
462 763
290 484
549 140
372 842
815 638
875 269
385 614
347 621
11 319
534 891
872 269
370 78
147 351
508 639
9 355
962 918
819 356
660 329
942 610
428 2
674 741
873 180
494 47
145 55
730 303
971 815
756 257
877 339
257 812
484 395
16 815
923 889
898 32
568 746
638 252
722 391
187 44
684 138
301 988
809 749
722 472
315 561
864 727
588 474
107 95
393 916
307 893
536 439
819 257
74 78
785 544
279 421
955 487
104 45
715 37
823 369
897 310
0 637
378 425
34 294
230 384
111 326
473 982
601 948
686 546
475 758
75 235
678 295
736 205
953 603
73 611
149 698
848 872
101 814
763 740
836 140
860 916
41 675
531 230
94 20
776 170
165 452
530 532
78 736
253 967
757 781
784 72
515 288
807 605
351 814
789 198
635 670
902 714
271 790
520 414
856 976
45 14
683 739
512 441
45 344
38 224
405 456
72 617
80 473
205 995
535 920
888 637
538 143
476 296
254 549
52 257
597 142
592 578
209 729
593 134
491 207
930 167
614 776
602 589
112 550
720 868
469 715
325 640
331 307
392 919
141 770
427 110
950 319
143 961
49 652
948 331
955 969
405 903
532 268
576 26
291 507
508 532
863 895
444 910
475 937
623 301
834 710
799 231
344 326
776 51
616 597
935 165
18 786
29 275
991 215
836 986
740 661
510 146
631 314
556 47
461 31
518 702
632 771
213 271
223 591
114 168
774 314
679 873
681 32
529 753
445 405
348 80
350 362
67 778
893 319
928 524
715 335
720 116
640 366
427 414
908 869
133 628
704 383
871 296
113 287
627 678
391 886
341 760
670 314
879 134
835 463
157 602
739 426
192 704
703 89
612 785
968 121
656 34
324 686
139 573
54 442
955 856
283 114
505 703
487 238
424 856
136 365
229 28
144 579
824 937
751 111
972 492
4 207
911 992
483 576
959 350
18 280
555 149
493 959
508 751
307 138
353 266
571 209
953 469
392 920
944 491
716 706
689 913
293 803
860 525
713 79
828 758
932 448
907 34
413 426
873 824
869 190
526 935
154 854
201 597
924 549
727 94
979 68
25 281
637 192
577 7
699 496
725 598
970 428
238 755
295 50
431 373
426 477
838 199
365 633
310 539
70 653
619 791
280 796
63 204
233 759
631 293
441 184
761 139
993 757
84 494
205 529
201 393
630 175
968 105
542 351
490 447
1 715
192 996
793 778
641 84
61 443
590 430
325 50
168 219
5 149
774 926
682 798
419 489
603 127
503 197
33 120
935 48
22 992
662 160
706 223
151 356
512 897
581 703
902 900
915 715
783 99
547 415
788 412
310 495
827 778
312 621
216 596
112 777
168 338
79 775
476 743
864 692
299 86
235 922
607 140
214 244
850 161
22 921
387 49
711 292
123 381
121 722
411 592
640 455
127 250
574 13
933 278
375 560
892 91
211 460
476 503
282 592
702 589
616 2
111 984
982 916
217 416
635 416
614 450
297 990
535 924
943 210
740 636
346 660
36 368
255 628
786 713
651 111
919 942
584 235
47 872
631 474
966 350
637 521
127 945
704 628
67 456
874 901
842 821
242 0
967 611
724 456
461 389
181 698
106 5
631 332
57 414
294 40
844 527
482 370
53 560
220 561
956 88
179 35
888 900
385 542
161 191
470 581
802 381
675 741
386 956
301 817
395 191
422 97
813 176
234 533
659 493
404 204
825 361
404 427
993 945
440 656
680 451
840 314
921 893
994 420
505 58
553 344
226 928
928 43
439 276
505 603
610 999
11 679
680 589
112 853
565 38
708 984
501 337
248 64
99 743
284 49
296 366
403 685
745 878
614 328
477 860
312 112
869 347
116 257
799 23
589 734
921 374
975 439
283 495
352 558
682 931
500 248
39 538
402 946
162 152
583 170
938 127
899 164
622 450
195 621
664 454
477 55
473 132
166 636
281 771
304 642
167 358
383 401
170 220
745 286
276 231
94 597
690 468
148 363
633 662
932 573
285 152
270 503
149 524
722 549
198 66
788 441
333 393
235 343
455 683
943 897
153 695
666 88
497 961
755 77
515 741
792 448
217 729
396 552
335 864
19 29
255 659
560 657
724 354
79 795
62 250
353 438
857 932
136 727
200 199
569 892
707 18
962 435
659 686
268 346
406 274
479 764
523 767
119 511
714 790
658 925
110 558
344 370
374 264
427 744
751 477
208 58
239 72
365 639
154 307
931 699
926 46
791 747
619 844
103 268
926 810
292 995
290 328
206 573
585 834
184 330
405 75
629 135
595 995
410 146
118 588
99 192
632 812
529 731
998 789
379 166
647 149
371 517
432 203
917 849
105 461
151 321
963 239
934 988
144 40
180 424
662 515
727 177
675 323
802 817
94 695
400 919
928 28
393 593
584 890
300 814
516 51
84 470
719 799
259 726
485 650
487 388
179 374
675 960
503 202
262 320
684 371
969 127
887 856
28 31
950 372
142 204
752 836
135 425
483 810
822 848
107 6
437 951
320 66
739 618
448 841
773 345
807 272
860 603
801 31
999 775
419 150
697 992
937 179
971 161
846 30
325 389
915 283
617 521
370 371
938 684
532 765
723 754
31 361
752 442
569 382
247 449
201 346
426 570
193 409
212 167
508 97
184 777
351 190
8 963
185 710
766 49
289 246
771 584
836 229
857 461
421 492
262 984
875 861
115 821
15 872
709 49
330 677
328 34
27 498
528 554
103 258
735 467
750 915
812 957
737 595
112 592
274 215
980 877
298 821
740 585
502 66
5 12
643 56
500 861
513 159
589 591
833 800
191 959
408 383
896 873
920 801
501 824
755 137
510 220
979 508
36 954
438 431
299 886
516 535
428 744
149 477
487 306
659 458
329 89
667 71
128 413
900 461
48 196
541 882
32 437
728 50
160 607
705 152
966 687
500 74
486 781
984 509
346 503
620 535
635 977
519 847
969 586
302 278
493 353
855 80
612 603
471 806
319 898
957 93
284 733
341 292
873 849
46 504
94 683
390 595
578 529
232 500
151 109
74 497
22 608
638 379
498 51
473 941
462 794
225 547
500 428
450 295
489 277
352 110
412 721
427 903
639 121
770 359
815 573
634 156
549 43
650 796
498 503
878 315
322 531
23 462
438 151
984 659
415 262
212 680
240 700
444 698
812 723
603 721
51 703
765 249
804 356
315 414
742 650
9 573
744 865
841 953
203 359
668 544
672 727
208 940
522 241
850 318
976 642
186 680
59 167
353 651
688 548
318 396
644 74
501 783
109 944
20 817
756 15
794 760
393 914
588 393
939 676
814 430
454 649
961 10
482 634
423 104
696 838
892 553
311 818
589 343
509 527
78 540
411 694
779 101
48 672
449 325
679 212
927 467
271 227
681 333
829 412
788 750
636 181
595 979
624 920
987 951
785 679
186 862
797 557
525 918
582 655
755 582
41 608
877 447
624 893
660 311
842 287
720 768
362 570
867 97
461 477
531 261
148 219
259 3
36 21
889 458
96 133
887 210
372 880
945 623
544 973
444 110
348 750
262 368
493 170
585 897
447 548
295 108
143 818
492 427
265 895
279 930
515 444
966 800
725 890
294 43
335 889
259 397
805 829
984 733
426 344
324 612
998 326
195 727
760 411
191 190
692 163
561 237
178 417
57 952
800 710
509 137
281 343
149 676
61 777
58 159
672 425
522 609
786 543
171 332
343 683
840 378
10 75
404 141
627 662
343 555
701 550
13 801
908 987
669 299
401 393
838 241
836 231
849 998
774 365
606 909
54 894
343 816
11 244
676 491
731 327
394 281
4 293
626 403
637 482
46 724
104 705
494 784
855 967
822 781
317 526
108 483
255 784
651 979
521 320
812 496
193 57
570 68
840 118
290 425
964 282
311 10
287 706
5 468
702 164
867 599
433 80
878 959
844 769
606 106
782 485
944 473
807 140
248 217
802 172
975 642
723 99
961 768
638 272
249 528
854 540
215 209
925 788
146 644
159 109
830 434
49 826
65 343
269 770
513 753
840 103
985 196
974 983
43 512
252 334
347 5
49 57
434 525
932 913
611 46
577 676
714 419
11 855
680 154
389 603
672 957
579 825
772 899
202 153
801 889
832 425
606 107
657 923
776 764
547 565
105 698
218 693
243 789
885 913
765 44
111 361
152 630
355 456
950 535
664 525
525 845
784 634
901 472
963 197
407 819
949 430
203 707
677 214
540 725
325 489
365 412
429 392
326 223
360 89
759 329
427 397
11 674
428 124
64 503
662 260
123 556
40 980
756 922
726 689
732 144
467 738
92 660
964 234
491 701
882 928
122 776
321 446
989 974
828 858
314 266
447 158
887 353
798 703
761 615
199 281
236 133
244 888
243 878
870 590
957 504
581 900
35 164
239 939
819 120
134 864
350 200
609 956
980 261
219 826
65 673
439 979
291 530
994 105
465 268
442 760
243 667
289 573
597 390
406 212
442 65
261 122
856 618
40 884
857 48
820 54
826 640
870 621
984 601
599 89
766 339
312 276
150 285
394 796
655 909
196 171
204 485
565 279
131 120
773 553
693 576
397 376
847 110
930 53
89 313
749 902
561 436
612 309
648 705
102 952
5 303
927 526
754 327
778 600
882 338
863 333
397 660
598 499
524 775
5 10
555 376
98 670
680 261
179 507
78 324
878 825
83 646
273 125
904 922
110 554
84 509
739 490
142 74
508 605
935 774
819 182
968 3
157 140
523 529
576 98
451 951
148 724
563 828
109 770
381 895
40 156
579 77
547 898
119 698
777 708
540 718
119 775
226 235
454 866
745 337
697 598
166 76
556 397
326 281
229 351
953 383
324 75
911 588
84 514
557 802
261 983
139 108
590 567
817 336
10 302
756 92
401 856
936 964
329 811
446 299
659 230
877 50
997 628
630 807
450 69
83 836
399 475
164 671
768 50
620 915
365 836
999 707
359 733
98 324
456 718
839 67
152 192
843 336
997 35
346 367
51 900
172 207
480 180
455 630
821 966
492 769
295 995
892 435
65 640
376 384
619 988
752 365
644 211
468 879
936 807
71 35
56 550
469 802
677 617
821 94
818 62
482 450
208 975
385 120
849 573
228 650
120 851
17 934
296 795
633 865
324 52
705 636
268 276
484 424
130 796
238 103
814 383
961 608
239 920
20 553
691 92
205 305
741 314
275 568
29 212
67 317
961 549
166 552
982 636
737 869
433 412
236 771
450 355
441 820
455 809
894 959
748 943
397 897
50 305
799 977
387 305
319 902
598 474
522 9
435 395
172 963
487 529
168 170
741 446
640 474
704 510
55 491
715 65
889 26
75 512
315 47
761 167
517 75
482 574
67 529
863 820
238 479
440 253
726 272
158 72
528 603
145 938
904 499
612 231
271 183
509 124
33 771
565 316
174 227
635 490
702 871
52 251
346 496
357 151
158 596
590 523
942 267
140 825
686 274
64 123
804 815
89 874
622 501
920 257
451 126
988 325
171 179
245 372
592 467
169 817
321 367
362 711
327 935
389 144
795 990
903 813
666 454
107 497
38 534
666 362
50 637
323 249
867 272
216 454
835 316
241 590
861 732
485 735
752 587
325 806
835 645
145 660
594 883
207 194
173 829
50 461
145 466
825 518
15 473
397 255
117 15
957 161
156 940
866 865
669 213
711 682
551 103
187 391
232 920
66 808
251 690
583 33
335 426
713 310
945 889
955 32
944 754
398 627
544 379
131 679
244 136
185 404
965 279
219 481
736 903
112 628
718 658
446 167
892 938
510 428
933 103
33 280
697 24
106 573
324 784
601 499
110 819
843 653
859 470
692 437
462 408
140 451
142 525
279 547
781 721
694 710
63 485
352 1
262 375
598 742
393 606
876 505
240 648
296 707
374 387
628 814
714 5
159 311
521 37
907 519
985 896
523 897
353 817
272 285
318 870
281 437
901 362
149 579
20 831
671 469
741 602
842 963
835 506
513 66
701 681
514 273
367 595
362 294
191 158
342 794
681 199
586 196
673 186
542 237
846 269
616 40
778 781
412 605
6 166
322 503
926 138
927 333
37 755
558 302
92 491
373 518
483 962
5 826
485 226
781 460
888 716
862 391
637 990
51 956
98 80
42 404
494 768
55 906
717 59
246 372
712 563
546 243
884 565
557 340
82 21
153 190
382 489
283 529
556 353
679 128
614 342
956 378
934 890
591 603
636 642
327 229
85 855
905 89
674 238
298 342
488 281
86 756
793 32
476 590
116 973
634 175
984 77
672 735
186 277
958 771
702 937
331 691
720 152
701 846
27 770
995 985
841 611
183 270
98 284
782 118
207 656
755 140
385 717
224 341
476 796
559 387
745 302
676 347
533 368
272 72
960 60
989 174
860 607
355 280
745 747
977 705
513 935
392 862
409 685
106 843
381 439
51 592
703 160
135 278
488 110
205 700
42 591
162 503
950 88
244 942
637 818
329 53
513 456
401 30
280 990
343 325
888 565
913 827
179 333
393 352
850 467
110 678
96 720
720 989
526 347
670 844
713 164
503 211
485 668
900 488
636 392
155 595
496 944
537 850
227 984
444 317
347 181
225 346
2 269
27 237
824 817
395 511
565 309
199 534
791 658
194 650
9 549
863 997
310 660
770 901
220 410
422 583
381 709
876 227
623 841
798 335
149 621
143 676
724 320
542 428
5 712
480 767
986 474
342 676
910 99
782 947
844 2
171 905
88 406
197 181
394 795
438 586
972 91
580 943
171 334
363 635
372 585
230 592
158 208
17 727
502 780
504 644
687 268
907 600
79 516
636 972
186 158
846 487
589 166
881 700
180 459
240 427
465 615
18 287
545 235
615 938
292 548
838 443
299 495
544 926
854 699
792 921
735 429
946 692
253 645
150 709
537 746
978 470
194 666
98 448
660 160
918 570
11 929
790 740
46 94
833 554
804 659
606 969
942 646
173 595
364 33
783 996
560 618
875 527
940 150
405 673
988 438
793 360
491 28
474 78
350 954
956 237
390 440
812 649
964 375
301 460
989 755
7 727
189 932
620 606
958 678
433 319
134 919
785 405
814 549
366 230
306 735
138 112
211 486
738 785
457 8
627 883
862 431
639 632
536 358
931 801
966 900
647 383
393 555
918 204
12 535
144 333
59 953
132 253
0 682
878 437
284 546
511 503
468 963
225 712
802 477
212 721
873 275
316 596
230 75
11 741
311 880
51 404
855 367
950 808
469 809
856 156
808 298
574 493
703 707
415 977
266 434
632 802
543 76
346 563
76 697
199 632
576 475
529 835
30 127
380 224
261 208
557 892
685 730
144 449
550 927
629 730
840 135
243 136
450 124
616 708
233 758
923 47
128 437
242 651
666 349
298 425
268 180
576 506
349 516
651 900
931 709
247 15
795 527
184 230
738 199
910 921
535 974
302 490
514 873
704 648
649 967
595 485
577 688
258 71
362 488
931 834
532 868
125 960
205 867
79 620
784 144
63 882
946 230
698 716
644 848
872 159
451 96
282 848
10 260
565 69
763 186
541 793
128 188
373 98
992 637
299 579
420 631
204 523
805 446
837 437
111 827
21 991
65 64
939 442
835 450
101 500
968 271
804 355
795 336
98 144
960 861
536 524
501 28
79 602
481 619
950 258
44 73
964 168
904 859
355 73
775 748
741 229
687 929
723 257
287 62
37 472
542 377
396 708
467 982
175 436
477 137
454 848
398 432
978 742
83 244
170 290
691 702
459 352
224 734
712 988
943 247
200 299
487 931
882 629
475 237
396 685
954 576
224 688
871 963
306 660
394 884
884 196
428 261
723 943
809 958
675 134
876 626
763 956
441 603
797 900
630 165
587 331
11 440
765 78
727 131
804 864
770 112
736 714
89 532
28 951
228 34
450 414
155 232
765 830
765 961
465 673
85 996
143 993
655 980
363 192
194 58
862 877
316 168
29 287
7 472
181 621
89 538
512 445
458 251
539 232
783 22
895 371
308 472
105 240
559 77
739 37
951 603
355 179
99 580
594 359
699 845
870 963
158 128
641 481
749 556
754 988
652 921
704 436
662 624
247 945
598 701
218 792
462 663
372 833
413 77
697 271
429 38
204 571
49 515
804 235
360 145
696 929
10 937
766 126
713 37
841 393
446 135
600 657
295 965
650 937
446 902
533 778
810 400
904 79
864 431
44 19
815 84
340 668
25 994
351 173
126 304
496 370
494 816
119 784
977 959
478 351
358 251
288 305
988 459
477 592
247 286
824 178
204 288
773 717
931 737
826 560
513 292
850 584
916 588
157 735
656 96
729 449
775 135
126 646
542 615
448 234
761 918
389 906
602 782
145 27
315 709
354 990
770 531
110 267
44 15
150 834
763 268
314 9
359 702
492 978
163 895
965 989
478 828
410 723
577 134
53 955
193 231
756 968
758 380
597 996
696 81
934 455
173 27
738 922
868 833
902 152
748 840
944 777
978 410
19 557
721 259
519 925
33 235
379 822
318 370
153 134
833 369
295 43
413 87
274 861
935 30
384 454
801 262
498 472
19 479
937 951
700 7
268 499
617 343
626 493
760 149
710 999
257 661
795 744
152 385
78 748
749 184
31 495
662 16
216 515
512 394
577 313
342 819
939 962
608 582
272 513
398 233
203 240
768 935
264 591
151 759
523 381
222 570
698 231
290 552
225 686
546 3
144 56
601 31
12 97
734 519
717 15
154 800
584 158
352 952
349 558
941 374
51 61
488 681
74 145
766 311
956 467
541 565
75 943
845 138
303 623
268 941
233 201
841 116
948 255
782 466
32 133
25 255
142 783
95 626
733 125
792 111
749 490
620 878
759 349
371 930
684 508
340 745
382 168
65 935
672 790
293 687
680 58
772 938
34 199
424 636
334 546
965 677
372 134
494 13
863 565
592 141
3 305
944 212
126 366
438 448
413 870
811 858
271 56
863 765
957 601
446 816
525 141
711 378
603 23
412 633
123 752
417 107
586 569
833 671
876 385
459 463
169 703
880 27
283 138
133 701
818 394
835 122
649 403
721 821
836 635
373 678
950 354
654 22
368 791
752 243
164 68
635 461
157 762
391 241
663 149
47 539
648 279
533 193
755 558
253 523
718 83
363 871
475 787
641 895
630 890
802 859
606 772
448 192
757 211
307 490
716 349
175 739
115 365
717 146
598 537
784 641
674 927
735 918
149 567
133 190
811 335
461 377
193 527
689 980
315 201
582 612
113 667
266 199
245 637
869 37
746 801
262 943
440 193
306 651
275 98
667 63
60 923
234 463
221 608
805 521
939 43
638 433
231 767
216 211
939 745
787 30
408 118
956 78
987 764
472 969
56 896
659 738
396 376
805 680
406 124
396 174
536 941
872 478
332 238
784 102
92 11
25 304
517 881
755 603
831 173
132 107
223 936
303 966
601 85
554 348
940 312
506 217
281 664
399 129
801 491
239 391
221 377
733 182
728 554
996 702
260 446
729 18
422 440
606 343
909 995
260 470
411 821
61 737
15 17
946 652
63 673
190 121
567 678
140 922
247 448
202 272
592 313
610 76
98 950
759 742
875 150
122 747
42 436
76 883
770 440
469 470
695 697
417 29
674 300
316 515
438 255
134 293
127 365
414 895
939 813
905 957
10 242
79 647
218 834
801 157
42 130
378 354
158 213
50 950
281 511
232 582
594 724
436 171
625 168
815 726
682 770
383 48
131 863
518 883
817 270
574 90
623 237
907 616
278 823
168 222
967 904
531 108
2 689
432 658
382 680
368 105
542 742
788 579
343 964
826 863
496 243
365 30
708 336
33 714
654 325
510 153
828 600
947 586
943 370
966 475
688 21
458 6
986 382
270 561
280 907
263 72
244 837
19 915
428 537
985 447
306 515
526 130
48 697
205 385
12 698
49 335
681 657
816 577
338 428
785 996
170 563
426 458
319 222
361 540
925 555
377 966
864 140
161 239
164 179
967 982
695 747
157 373
567 918
573 481
453 337
394 809
615 37
754 980
498 247
924 701
288 727
799 675
405 178
136 431
676 298
566 436
980 33
479 829
870 538
59 484
589 178
287 111
315 967
28 452
210 762
74 472
233 285
253 908
105 92
250 118
262 686
997 591
1 862
793 514
96 640
50 150
409 268
913 919
774 741
667 625
439 573
292 611
470 341
414 838
564 843
360 542
618 392
609 660
675 18
815 469
729 628
178 826
975 573
870 93
755 797
113 794
341 109
879 204
685 690
8 43
116 166
95 334
324 749
196 191
782 133
775 797
57 928
457 535
67 925
113 532
280 773
182 351
603 74
355 287
516 367
611 173
715 693
854 407
25 227
580 499
680 775
958 876
620 316
261 724
428 589
433 256
62 501
619 83
650 592
432 995
921 518
646 122
569 51
554 748
178 854
283 957
162 358
863 668
227 809
45 69
814 512
31 424
997 55
283 706
977 566
226 560
726 574
537 813
54 535
686 578
696 735
137 856
311 674
583 884
934 436
255 889
196 791
87 368
804 754
79 848
907 97
163 484
673 601
606 515
536 870
919 697
403 920
317 330
883 407
782 64
226 260
874 576
951 759
921 448
7 197
790 379
458 322
542 862
828 324
353 280
864 66
350 942
54 976
592 711
500 647
869 667
294 523
586 656
516 715
448 185
26 289
981 174
120 125
435 403
587 755
966 524
146 220
803 148
592 160
821 437
994 903
452 145
703 455
135 882
111 854
615 674
117 8
523 718
26 251
294 741
481 62
201 615
4 939
838 711
137 53
554 12
870 914
449 856
767 717
469 110
670 536
206 885
57 567
766 585
742 645
53 774
931 210
673 937
402 832
557 183
947 190
902 980
318 936
904 829
592 746
539 668
717 111
256 234
352 748
989 54
743 231
809 862
181 573
618 135
966 997
607 747
822 372
134 51
248 837
106 102
828 632
960 105
86 779
727 724
570 358
404 109
320 751
236 700
460 237
159 152
796 429
934 771
315 760
800 426
315 232
626 421
862 250
532 57
34 839
532 258
745 259
641 137
555 171
638 293
644 613
604 906
694 249
921 90
277 968
891 165
389 410
936 618
738 884
629 218
560 441
566 183
909 98
743 877
112 524
827 131
16 612
597 636
407 184
919 952
451 561
318 379
608 379
25 899
940 166
836 753
724 471
153 443
533 833
767 348
401 292
763 227
138 767
179 235
718 63
199 503
588 909
772 272
700 429
777 483
741 176
854 718
6 230
367 202
155 150
720 241
720 375
216 677
896 185
835 82
193 394
434 852
854 801
656 175
925 199
80 66
774 685
710 244
145 10
375 748
297 309
652 990
949 976
310 884
400 815
637 496
294 297
178 572
710 790
445 782
966 159
468 130
69 920
128 218
900 757
788 600
106 891
947 936
825 576
941 978
494 37
225 437
384 596
529 845
375 464
325 507
816 209
490 226
435 217
191 575
933 205
178 304
267 181
922 178
149 217
474 364
815 352
283 96
510 853
817 199
785 466
414 155
126 32
667 634
134 589
931 854
575 679
85 106
505 214
176 667
985 156
362 663
905 423
880 753
395 928
797 157
875 365
506 638
56 755
969 35
19 173
726 705
5 848
455 33
338 45
386 561
581 557
733 556
68 16
973 823
45 123
651 664
619 314
52 516
469 726
654 165
502 430
325 498
143 821
210 53
873 388
13 594
572 552
839 807
92 697
462 803
3 357
908 398
464 157
821 458
980 752
973 938
200 640
982 676
585 97
122 269
168 812
480 238
783 539
998 968
663 695
212 774
770 28
190 483
547 129
68 229
634 587
360 36
696 412
655 396
101 963
131 459
84 833
27 67
345 341
948 940
210 579
337 83
204 187
4 830
971 892
242 161
808 390
419 801
90 54
154 596
759 920
105 727
35 221
647 707
347 367
801 122
27 117
385 813
318 213
169 528
918 923
623 268
418 659
85 139
295 602
954 96
895 772
575 120
423 219
256 907
628 418
390 385
702 372
1 152
444 963
114 473
209 348
595 481
271 259
552 896
554 529
988 384
325 710
90 165
823 467
221 20
262 509
194 293
326 690
678 234
359 595
154 583
576 46
583 638
385 937
713 677
75 486
911 536
524 795
574 537
907 850
946 201
402 764
334 110
38 590
687 502
32 198
480 328
715 762
331 805
280 357
528 872
776 739
384 741
384 662
547 2
491 320
295 372
813 627
970 979
185 561
162 164
500 678
716 656
350 238
891 335
750 351
90 869
539 233
301 917
28 223
0 989
685 119
679 674
522 783
397 50
377 518
629 667
988 915
999 839
971 402
781 769
195 35
636 932
860 395
390 522
313 604
830 544
555 37
89 963
426 690
242 914
964 984
928 173
265 943
527 132
136 7
798 871
360 478
802 602
1 661
617 459
482 873
130 418
147 754
533 509
863 912
512 684
813 35
675 600
226 498
816 834
807 528
441 993
915 873
515 548
147 339
242 973
494 20
463 558
372 108
822 887
665 637
128 203
402 143
862 181
26 232
440 429
352 135
186 883
316 644
749 75
103 255
760 154
142 283
153 676
130 346
530 511
432 157
33 483
481 907
383 657
726 314
342 703
925 853
360 1
619 403
409 601
207 663
275 28
479 413
2 1
91 127
76 535
656 646
729 909
583 62
557 684
894 923
714 831
114 127
450 719
106 977
894 447
620 670
755 794
240 287
904 788
71 679
45 982
70 185
612 307
666 179
879 133
933 684
440 424
596 428
7 74
886 735
782 439
431 743
536 126
125 643
567 220
678 406
394 539
809 634
154 809
139 632
555 317
362 548
747 539
634 163
183 46
103 724
814 168
128 608
236 343
16 999
991 935
787 868
417 433
604 964
248 536
380 1
621 53
201 291
874 173
160 890
587 208
161 809
996 821
7 397
926 714
290 377
563 461
334 251
149 656
165 545
473 1
307 481
97 827
22 891
525 771
364 169
685 24
775 149
110 938
846 188
381 230
137 671
106 642
252 549
119 887
375 145
795 741
972 803
844 876
608 101
297 699
309 823
938 949
734 704
971 490
145 281
78 110
289 49
119 10
952 269
776 90
633 617
478 935
143 471
293 729
569 695
479 33
295 634
801 985
212 153
514 963
386 466
536 709
831 624
322 316
999 833
849 945
482 66
501 647
219 151
380 542
438 758
846 278
544 825
528 317
103 567
207 148
455 123
963 487
12 305
718 823
216 821
522 164
642 770
264 517
202 265
779 418
164 149
242 92
543 66
190 146
869 5
616 375
81 706
119 230
488 956
368 60
234 605
583 69
599 374
307 395
467 556
200 82
224 165
625 618
940 334
296 378
124 914
303 941
65 775
227 279
599 968
765 902
261 366
603 800
826 916
360 866
244 233
512 231
936 986
269 408
981 623
515 631
7 634
497 383
477 156
539 100
518 134
222 867
68 545
781 728
51 364
984 72
60 592
928 888
567 423
899 340
505 543
96 245
134 99
736 702
384 967
922 630
669 676
921 373
193 240
483 480
177 948
950 133
464 963
183 253
641 903
999 288
492 890
341 25
249 769
638 862
886 937
936 129
133 345
992 403
996 952
503 33
622 904
484 411
532 926
51 73
160 244
993 576
557 63
759 791
116 279
324 92
149 714
489 365
351 510
629 525
813 97
117 820
964 312
84 121
800 914
398 544
253 999
514 654
82 295
402 684
612 687
554 284
583 243
154 517
254 328
32 697
92 848
965 932
613 368
308 723
55 986
457 147
378 749
128 524
127 624
549 75
634 919
757 335
462 292
235 16
875 612
601 828
161 194
694 419
934 836
421 274
708 821
60 460
492 848
352 409
681 438
18 180
436 139
272 793
417 373
944 987
672 858
950 616
562 966
116 616
646 491
698 636
301 952
401 53
971 390
389 788
90 959
650 184
787 711
467 398
965 374
695 494
527 107
470 661
945 551
279 10
471 940
889 739
978 701
626 468
657 594
649 819
354 488
568 34
780 606
261 161
588 496
396 451
817 697
966 244
806 825
285 919
228 484
507 12
493 287
627 673
487 567
467 434
12 338
11 965
672 270
349 345
445 479
930 924
385 953
972 24
588 658
234 711
89 991
737 651
146 549
308 795
717 625
94 819
185 288
333 897
671 135
160 480
641 620
842 480
224 146
189 575
173 866
57 341
881 253
32 815
995 973
824 45
128 588
508 515
881 246
899 437
337 809
723 358
471 926
111 493
802 898
40 946
133 219
370 443
678 735
898 780
44 124
752 492
236 67
631 361
464 981
26 466
968 730
25 448
568 920
840 555
839 849
494 787
36 551
632 693
284 591
792 692
386 223
626 982
351 580
754 71
849 227
476 602
423 918
982 506
303 873
53 728
952 706
435 745
821 371
401 460
455 485
374 238
910 353
789 142
688 225
447 334
133 169
463 584
275 928
646 678
110 147
502 87
901 503
962 267
177 943
264 488
695 499
437 141
525 415
139 661
959 622
955 834
809 425
345 717
386 812
222 752
208 509
913 898
601 124
447 860
296 625
533 371
622 986
433 573
563 361
161 512
250 291
66 62
406 141
514 969
200 109
39 72
530 90
199 671
9 929
726 1
938 580
479 234
261 685
187 788
622 240
802 491
397 220
103 85
885 564
364 413
738 505
638 632
211 345
306 670
341 13
546 97
658 438
248 425
236 426
242 692
855 658
412 958
830 473
289 912
782 274
858 802
560 492
791 837
752 93
491 444
777 788
874 700
284 693
800 61
266 401
845 828
171 667
938 712
954 224
880 62
324 999
118 722
542 570
592 667
973 355
242 399
559 571
204 511
77 716
668 167
709 426
280 461
157 911
104 101
597 927
922 877
925 727
259 680
380 178
449 245
205 281
761 385
35 282
279 261
879 762
404 366
763 737
825 928
233 3
763 80
843 556
137 887
603 621
31 344
860 305
971 93
561 274
847 446
1 610
978 279
65 645
739 639
942 398
764 199
700 520
662 110
107 357
724 152
849 811
370 788
702 140
980 493
81 165
987 258
387 654
848 551
872 936
60 707
429 584
865 386
234 727
446 693
202 31
2 244
63 669
311 871
333 632
803 806
556 844
12 932
789 88
93 451
750 516
200 941
897 973
938 124
396 357
508 344
86 126
495 888
284 366
808 979
542 355
158 287
348 532
160 955
269 771
89 344
387 1
850 428
418 296
373 16
766 875
686 865
877 387
599 709
926 606
12 710
944 446
191 28
742 568
473 770
509 401
319 966
929 838
907 843
896 349
785 249
385 241
642 813
457 536
451 927
935 110
224 887
722 957
522 342
885 528
661 326
908 460
146 701
780 60
688 375
314 236
231 221
139 868
610 499
945 856
235 809
985 797
934 625
956 82
650 533
468 342
389 926
227 936
770 974
316 691
859 166
585 296
953 423
81 257
327 791
298 189
868 0
806 251
0 293
110 564
907 243
933 782
589 821
557 370
200 97
538 613
147 736
215 224
397 248
565 894
735 405
837 284
95 367
930 572
255 484
477 274
817 112
775 283
922 389
853 400
238 632
110 107
508 333
960 975
455 96
656 483
65 625
525 943
430 900
480 723
735 927
687 46
252 329
939 175
736 98
62 113
922 333
796 545
438 589
45 244
395 963
746 620
682 222
169 855
271 16
847 179
714 143
435 383
621 75
824 603
830 685
52 683
828 474
412 205
236 624
807 228
581 859
892 836
596 503
616 751
758 38
137 493
742 955
582 678
633 549
287 922
936 136
74 628
231 542
302 343
470 708
697 111
402 509
189 74
27 70
953 102
298 829
828 965
556 115
414 935
411 170
245 832
144 745
24 43
313 370
827 146
203 692
89 375
961 394
251 343
36 934
72 546
14 945
115 794
717 623
676 822
256 417
777 419
412 806
353 383
129 14
307 571
531 904
698 244
669 395
34 22
153 972
458 157
550 362
984 526
203 956
274 707
463 754
918 1
118 463
768 232
499 482
232 634
953 658
652 85
327 290
226 279
57 128
682 258
932 264
993 840
670 387
164 71
176 528
218 705
242 461
196 372
556 110
157 158
286 933
868 861
709 902
955 33
511 709
910 498
578 144
417 297
695 103
182 71
144 767
19 107
153 495
277 767
114 660
866 204
948 926
66 893
264 725
897 627
212 718
930 137
279 858
803 924
193 827
626 692
193 824
772 327
983 41
665 582
198 503
119 151
590 936
787 21
335 291
579 987
463 723
54 24
78 826
327 961
926 159
436 28
765 394
648 360
587 389
674 926
757 819
754 370
396 760
631 78
548 117
30 746
217 673
92 730
511 706
517 157
863 618
998 52
298 272
402 408
788 778
821 19
70 447
569 296
996 875
163 478
406 585
757 171
196 465
347 716
357 416
608 7
497 121
456 85
332 127
161 505
47 744
277 486
344 600
679 532
136 497
102 449
722 475
370 720
163 588
606 1
722 213
527 659
393 731
80 786
888 28
245 343
950 974
384 956
941 259
20 361
392 194
439 473
950 104
371 280
634 140
812 805
13 905
584 146
204 715
863 586
676 199
178 57
883 192
635 250
378 762
829 322
984 458
106 922
94 382
860 606
632 979
463 893
766 553
678 588
369 927
243 27
461 11
150 257
868 568
751 888
508 13
725 668
366 157
904 177
483 931
140 99
173 596
897 178
306 850
837 572
963 526
923 208
750 188
235 875
829 737
498 935
136 875
247 824
129 0
712 371
10 460
163 207
801 541
831 197
681 270
463 573
881 289
971 418
321 762
690 965
155 66
174 157
459 731
538 877
322 96
666 89
719 184
330 453
775 882
139 247
353 547
529 734
751 305
18 701
999 38
905 35
441 854
43 288
496 143
209 317
937 4
339 922
859 385
532 42
865 884
391 772
921 731
364 648
292 582
524 0
137 363
131 524
356 667
738 667
445 906
326 985
231 181
70 542
555 864
527 776
127 309
731 32
486 609
807 536
191 735
891 487
815 298
953 30
886 355
358 90
42 864
13 796
411 622
313 539
288 996
946 645
385 719
164 920
788 99
473 43
82 599
638 694
83 796
449 234
402 239
927 297
156 635
981 286
8 881
907 765
186 669
178 876
686 310
531 810
35 595
609 906
317 977
239 340
808 221
236 554
212 176
139 333
560 670
306 987
137 279
44 230
381 321
446 627
157 463
286 460
790 511
460 632
718 826
787 367
940 397
43 81
427 639
835 491
840 521
139 110
631 596
126 942
451 223
554 544
244 195
434 66
962 760
525 689
958 923
90 836
223 712
368 38
541 660
770 236
138 358
506 35
563 81
483 365
920 25
428 711
736 263
622 848
204 476
484 86
865 717
693 128
242 907
231 183
764 7
310 455
551 146
317 481
568 612
498 257
351 611
961 634
788 168
799 406
979 101
914 470
471 850
699 903
1 65
337 901
135 722
888 1
609 111
173 150
675 981
330 319
339 885
27 948
266 485
176 899
780 29
969 446
308 869
654 215
104 476
785 657
101 744
425 285
33 104
400 604
321 471
587 510
79 815
746 868
144 400
677 932
882 101
837 339
606 985
405 616
768 738
462 902
350 756
868 68
864 871
960 894
995 280
537 561
530 581
774 730
180 630
827 124
782 48
437 170
-1 -1 -1 -1 -1 -1 53124 -1 -1 -1 -1 -1 -1 -1 -1 -1 -1 55044 -1 -1 -1 -1 -1 -1 -1 39692 -1 34460 -1 -1 -1 -1 -1 -1 -1 -1 -1 -1 -1 -1 -1 -1 -1 -1 -1 -1 -1 -1 -1 -1 -1 -1 -1 -1 -1 -1 -1 -1 -1 -1 -1 -1 -1 -1 -1 -1 27249 -1 47035 -1 38821 12002 -1 -1 17285 -1 -1 -1 -1 2487 -1 -1 -1 -1 -1 -1 -1 -1 -1 -1 -1 -1 -1 -1 -1 -1 -1 -1 43828 -1 -1 -1 -1 30920 -1 -1 -1 -1 -1 -1 -1 -1 -1 -1 -1 -1 -1 60363 -1 -1 -1 -1 -1 -1 -1 -1 -1 -1 -1 -1 -1 -1 -1 -1 -1 -1 -1 -1 -1 -1 -1 -1 55882 -1 -1 -1 -1 -1 -1 -1 -1 -1 -1 -1 -1 -1 35309 -1 19820 -1 -1 -1 -1 -1 54083 39499 -1 -1 -1 -1 -1 29652 -1 -1 -1 -1 -1 -1 -1 -1 -1 26058 -1 -1 18441 -1 -1 -1 -1 -1 -1 55101 -1 12458 -1 35259 -1 20510 -1 -1 -1 51621 -1 -1 -1 42169 -1 -1 64257 -1 13335 27440 65077 -1 -1 61553 48369 -1 -1 -1 -1 -1 -1 56293 -1 -1 27311 -1 -1 28153 -1 -1 -1 28972 -1 -1 -1 -1 65016 -1 -1 -1 -1 38396 -1 20465 -1 -1 -1 -1 -1 36590 -1 -1 -1 -1 62601 -1 23387 -1 -1 -1 -1 14651 48377 -1 -1 -1 -1 -1 -1 -1 133 50354 -1 -1 -1 -1 -1 -1 -1 -1 -1 -1 -1 -1 -1 -1 -1 -1 24012 -1 -1 -1 -1 -1 -1 -1 -1 -1 -1 -1 -1 -1 -1 -1 -1 -1 4036 -1 -1 -1 -1 -1 47014 -1 -1 57313 13202 -1 -1 -1 -1 -1 12064 -1 -1 -1 -1 -1 -1 -1 -1 32983 -1 -1 -1 -1 -1 -1 -1 -1 -1 51856 -1 -1 42501 -1 -1 -1 24881 -1 -1 -1 -1 -1 -1 -1 9862 -1 -1 -1 -1 -1 -1 -1 -1 -1 -1 -1 -1 -1 -1 -1 -1 -1 -1 14543 -1 -1 -1 33184 -1 -1 -1 35321 -1 -1 38463 -1 -1 25161 10538 -1 -1 -1 -1 48380 25994 -1 -1 -1 -1 -1 46183 13581 -1 -1 -1 -1 -1 43106 -1 -1 -1 60046 -1 39216 -1 44642 -1 -1 -1 -1 -1 -1 33533 -1 -1 26440 -1 -1 -1 -1 -1 -1 -1 -1 39624 -1 50203 3177 -1 -1 -1 -1 12708 -1 -1 -1 -1 32020 23846 35423 -1 7176 -1 28471 6072 -1 -1 -1 -1 -1 -1 -1 -1 20774 37314 -1 17661 -1 -1 -1 32920 3299 -1 -1 -1 -1 -1 -1 49140 -1 -1 -1 401 -1 -1 -1 -1 13644 -1 14896 31360 -1 -1 -1 -1 -1 -1 -1 -1 -1 -1 -1 -1 55126 -1 -1 -1 -1 53080 -1 59713 -1 -1 -1 50547 -1 -1 -1 -1 -1 -1 -1 -1 -1 197 -1 -1 -1 -1 -1 -1 -1 -1 11269 31540 -1 -1 -1 -1 -1 64406 42420 -1 -1 -1 -1 -1 -1 -1 -1 -1 -1 43863 -1 55905 58672 -1 44755 -1 -1 -1 -1 52863 -1 -1 -1 -1 -1 -1 -1 -1 -1 15395 -1 52694 -1 32086 25715 -1 52433 -1 -1 -1 14145 -1 -1 -1 -1 -1 -1 -1 -1 26853 -1 33999 -1 -1 -1 -1 -1 -1 56351 -1 -1 -1 -1 42754 -1 -1 -1 -1 23555 -1 -1 -1 -1 -1 -1 -1 -1 60029 64035 -1 -1 -1 -1 -1 -1 -1 -1 -1 -1 -1 -1 -1 -1 -1 21951 10397 -1 -1 -1 -1 -1 -1 -1 40777 -1 -1 -1 -1 -1 -1 -1 -1 -1 21838 -1 -1 29199 -1 10334 -1 -1 47141 -1 -1 -1 24160 -1 -1 -1 -1 -1 -1 -1 -1 -1 -1 -1 -1 -1 -1 65261 -1 -1 -1 -1 -1 -1 -1 -1 26592 15087 -1 -1 -1 -1 34348 -1 -1 -1 25243 -1 -1 -1 26370 -1 -1 -1 -1 18582 -1 22323 -1 10173 -1 59101 -1 -1 63444 -1 -1 -1 53616 -1 12773 -1 22522 -1 -1 -1 -1 -1 -1 -1 -1 -1 -1 -1 -1 39608 -1 -1 -1 -1 -1 49085 -1 -1 -1 -1 -1 -1 59804 -1 -1 -1 -1 -1 -1 -1 53272 -1 -1 -1 -1 -1 -1 55491 -1 -1 -1 -1 -1 -1 -1 -1 -1 -1 -1 -1 -1 20798 -1 -1 26413 -1 18774 -1 -1 -1 -1 -1 -1 -1 -1 -1 18667 -1 27468 -1 -1 -1 35060 -1 55845 -1 2710 -1 -1 1514 -1 -1 -1 -1 64335 -1 3261 -1 -1 -1 -1 -1 -1 8958 -1 -1 -1 -1 -1 -1 37845 -1 -1 43196 -1 -1 -1 -1 -1 -1 55025 25632 -1 -1 -1 -1 -1 -1 -1 -1 -1 -1 -1 -1 -1 -1 -1 45083 31154 48618 -1 38304 -1 -1 -1 -1 19879 -1 -1 2050 -1 -1 -1 -1 -1 -1 -1 -1 -1 -1 -1 41062 -1 -1 56842 -1 -1 -1 -1 -1 -1 -1 31741 -1 -1 -1 -1 -1 -1 -1 -1 6486 -1 -1 31039 -1 -1 -1 -1 -1 -1 -1 11473 -1 -1 -1 -1 -1 -1 -1 -1 60556 -1 36549 -1 25927 -1 -1 -1 -1 -1 -1 -1 -1 -1 -1 -1 -1 -1 -1 -1 -1 -1 -1 -1 -1 47107 -1 23568 -1 -1 -1 -1 -1 -1 -1 -1 7624 53960 -1 -1 -1 16639 -1 -1 21557 -1 -1 -1 -1 -1 46955 -1 -1 -1 -1 -1 -1 -1 -1 -1 -1 -1 -1 -1 -1 -1 -1 -1 -1 -1 -1 -1 -1
1
1 859 3 319 15
