1000 5000
360 731
631 515
859 3
33 265
119 826
582 63
736 712
184 467
113 798
812 396
813 850
346 437
679 753
406 866
292 507
450 715
553 394
224 849
191 726
969 808
122 528
412 440
659 312
675 528
664 395
584 338
889 559
585 993
625 591
80 218
946 191
763 684
823 879
600 444
36 838
964 585
940 854
53 574
892 555
521 921
199 287
289 450
302 257
346 507
844 429
229 799
966 405
150 740
997 228
589 886
93 206
21 332
98 949
518 215
225 20
282 481
704 309
55 405
993 663
799 329
217 760
76 957
920 777
725 678
933 831
988 326
78 270
458 147
821 935
947 104
210 841
447 850
43 98
627 963
270 999
451 960
389 36
592 760
55 627
526 660
555 890
424 300
908 977
331 952
120 33
998 133
42 587
997 75
932 899
900 93
473 696
83 226
835 325
601 900
745 64
972 698
577 52
724 850
867 871
849 252
568 877
718 24
175 793
924 313
259 244
395 564
328 758
702 618
595 926
849 48
81 484
985 45
884 878
659 205
204 277
145 583
115 269
804 28
576 950
504 511
991 831
989 494
502 781
935 910
910 415
666 494
882 665
455 113
113 583
534 942
737 877
508 289
663 377
94 244
337 333
551 349
619 511
628 761
392 288
146 103
889 301
122 705
386 678
318 900
413 474
300 11
776 640
631 128
90 520
859 519
454 305
816 549
452 319
648 414
798 784
633 731
54 270
934 743
328 178
931 62
314 193
157 921
731 147
429 529
805 926
923 983
979 507
775 571
85 429
972 556
172 75
311 519
509 270
505 294
326 427
76 224
792 239
279 419
557 618
631 239
33 204
711 786
892 187
686 271
439 826
481 446
188 808
495 659
653 909
982 124
187 145
19 412
873 431
93 680
40 712
245 268
50 436
285 153
768 986
148 682
606 696
415 437
175 391
554 434
392 947
494 571
15 646
918 527
985 92
556 355
669 719
239 361
342 855
495 779
238 958
310 502
99 723
391 993
356 362
902 804
640 183
904 884
340 122
596 865
266 631
364 456
560 336
587 376
280 542
589 335
360 173
998 156
671 304
741 983
410 380
188 22
159 374
379 344
978 461
792 185
572 994
826 697
955 324
466 720
142 482
716 65
138 983
189 951
584 968
249 753
287 348
505 742
801 281
226 806
788 53
24 824
844 528
109 494
200 867
554 441
476 811
762 737
809 779
372 487
859 388
663 567
583 660
867 907
906 168
499 664
721 10
828 856
477 369
421 454
747 432
801 572
508 880
948 890
646 807
8 617
933 91
703 6
633 687
701 825
833 7
481 529
16 298
452 559
896 27
505 475
593 910
860 544
897 255
94 530
136 476
67 446
782 587
96 283
359 474
360 997
384 777
763 874
783 97
373 885
746 410
17 576
86 894
187 832
547 10
866 517
301 632
864 538
109 677
628 322
506 485
718 339
837 122
838 529
974 355
753 653
993 998
747 104
639 737
351 241
802 65
896 521
228 725
65 569
73 248
517 122
398 235
548 989
101 549
934 886
502 544
738 116
806 429
706 96
366 440
819 651
404 506
246 327
975 199
739 321
43 936
495 522
591 821
464 377
303 595
604 951
27 525
369 905
107 811
349 820
704 79
865 783
147 124
984 358
184 263
798 568
686 127
87 296
342 12
35 380
16 180
535 354
180 790
83 732
682 804
853 767
950 558
620 573
291 580
88 957
540 211
566 847
784 641
482 947
652 94
228 593
536 314
468 328
853 797
892 210
153 860
976 228
398 875
955 197
365 593
256 258
994 916
228 489
587 371
965 718
993 538
528 32
139 419
654 545
211 246
709 621
892 899
973 304
28 281
760 660
452 135
814 321
214 190
821 216
596 532
649 898
420 352
686 866
942 480
662 239
996 216
359 419
841 624
398 419
680 157
32 423
676 23
177 5
144 176
262 53
351 318
19 877
325 513
290 271
526 556
384 639
589 31
378 28
507 293
216 285
297 884
322 437
44 181
778 683
742 777
433 799
555 747
617 148
794 315
151 665
564 829
949 472
358 662
533 635
822 925
369 738
804 157
765 122
498 445
844 707
685 69
967 662
38 941
51 971
767 824
140 226
708 888
358 793
129 284
755 394
602 825
761 948
257 113
231 633
965 269
95 100
453 621
431 891
745 420
71 612
186 515
951 60
859 337
722 415
124 580
323 652
556 510
468 510
613 630
650 73
218 653
56 643
985 305
535 257
483 572
353 856
12 397
891 893
911 968
236 602
527 892
638 141
179 71
839 258
180 10
634 357
63 391
186 184
658 484
294 6
688 996
915 797
20 945
847 621
427 738
681 217
272 108
290 685
58 209
603 922
220 971
426 929
97 414
414 908
145 249
940 660
456 819
73 983
673 519
302 223
286 353
569 303
173 879
877 93
999 207
382 441
835 558
802 707
395 665
697 220
307 186
993 609
31 344
109 439
316 508
186 348
700 506
983 144
868 287
413 596
848 313
244 439
697 699
715 787
30 277
752 819
702 325
66 10
411 551
795 274
977 68
745 437
781 523
339 460
968 391
731 151
674 617
906 839
777 172
524 56
15 903
136 367
911 37
583 926
1 88
483 213
448 11
425 114
98 292
66 637
836 96
240 41
273 515
46 740
638 928
981 639
491 143
74 470
776 61
657 185
972 661
405 837
213 673
464 667
655 589
919 828
556 317
603 460
954 881
736 420
103 154
108 878
738 266
527 183
573 305
259 822
169 896
795 352
781 607
301 745
566 320
555 262
783 108
990 133
305 577
400 938
638 775
958 801
268 645
392 950
219 870
237 332
461 762
270 378
623 892
181 683
193 57
513 184
625 549
353 517
856 751
419 656
518 604
548 997
879 76
19 679
293 767
280 207
847 775
413 520
991 473
167 264
515 770
617 142
432 679
693 620
539 882
865 249
475 455
491 960
83 493
529 365
510 188
629 773
667 388
908 430
172 609
505 228
746 126
506 600
216 845
236 589
760 284
440 781
12 537
768 83
418 966
207 472
509 156
555 386
411 354
17 619
490 164
849 312
3 774
852 3
492 850
423 193
513 928
903 360
97 41
322 181
323 667
520 454
230 993
344 42
338 394
4 505
440 185
450 876
645 581
616 139
121 6
800 604
509 801
783 422
817 32
914 617
247 152
931 250
965 765
751 705
736 825
818 855
323 262
937 321
840 47
872 750
21 827
914 42
747 102
207 455
294 340
415 296
99 894
875 391
616 196
656 148
55 81
823 594
222 837
153 529
453 51
936 699
942 240
918 955
761 988
31 925
294 883
766 437
620 490
32 36
2 372
433 640
915 348
859 780
854 919
264 682
614 827
399 92
338 742
226 304
514 909
32 366
51 692
608 619
929 188
95 934
708 704
892 306
733 919
811 917
107 331
251 292
241 568
860 676
563 244
261 24
914 157
428 958
602 379
793 912
582 729
428 567
560 695
13 979
305 330
807 748
869 881
532 490
879 17
946 37
634 444
872 850
768 527
384 744
341 185
281 532
511 878
910 849
716 578
260 560
859 613
311 506
348 694
222 359
615 903
950 75
596 719
377 958
212 423
580 57
56 16
899 839
921 165
756 440
457 637
724 776
674 823
525 755
482 612
102 497
776 86
436 7
975 201
485 371
698 946
225 217
285 49
215 124
58 173
988 244
737 893
10 617
703 957
236 765
527 204
424 583
541 87
564 251
64 904
117 527
901 938
717 35
966 408
427 126
701 885
5 844
567 437
622 213
539 545
663 733
738 625
844 288
293 704
143 890
687 810
171 240
36 121
244 760
124 423
533 222
770 592
536 276
971 848
899 341
915 307
784 662
993 852
344 742
248 668
207 860
943 725
437 702
102 539
684 890
872 546
73 231
793 145
718 158
74 675
760 440
334 369
19 702
535 660
720 658
525 121
306 251
140 55
885 967
202 722
381 666
467 691
767 520
560 772
440 371
701 33
735 217
66 382
964 645
950 966
332 466
240 647
488 957
909 547
873 491
311 726
1 98
810 934
3 319
546 883
325 681
439 288
545 32
109 393
568 405
322 200
162 655
777 23
153 970
48 983
918 196
574 50
51 88
670 261
561 565
38 444
673 522
867 257
81 112
565 607
32 409
383 558
452 805
845 722
979 26
802 53
14 290
341 442
646 936
623 914
576 662
801 967
940 37
995 610
771 756
145 836
205 464
903 910
185 780
59 496
370 770
819 152
174 522
204 965
807 710
306 780
20 707
842 456
448 506
260 70
101 847
455 20
960 832
866 697
835 891
3 796
117 314
767 132
113 80
249 322
551 299
114 806
854 36
835 212
415 492
938 969
317 10
699 902
972 651
852 904
116 342
167 194
930 590
614 227
251 490
702 777
496 999
910 88
326 483
21 698
575 13
937 75
563 189
535 292
370 669
967 842
40 149
183 50
826 875
536 25
437 922
713 970
235 570
707 19
806 883
569 649
791 78
419 293
147 81
228 730
903 677
793 369
991 644
931 325
567 19
34 763
898 301
628 176
197 287
20 632
795 285
485 701
481 175
796 550
463 920
482 707
231 356
339 281
401 68
887 59
624 550
942 262
632 411
678 589
368 244
223 943
465 951
121 257
566 770
739 875
8 130
665 791
277 221
650 222
319 114
867 905
936 992
999 410
301 150
392 696
517 201
78 825
593 857
777 357
445 627
361 491
918 474
881 707
162 674
91 157
817 558
11 834
887 585
524 823
958 409
611 669
824 772
567 330
121 856
733 285
977 104
75 344
361 664
156 787
391 913
811 38
173 630
567 701
819 838
129 824
847 420
10 698
650 255
835 391
376 775
66 114
191 801
110 382
27 38
544 602
113 989
989 858
174 510
68 545
747 153
724 896
43 153
180 795
558 267
7 756
426 714
632 437
208 103
979 734
32 558
476 556
252 305
257 101
885 626
438 442
621 992
28 441
192 329
862 939
893 625
756 812
7 849
917 638
698 330
864 53
163 286
290 506
514 825
231 167
801 918
677 629
368 6
706 926
204 459
406 625
403 302
353 946
41 864
690 761
625 542
339 916
530 470
891 132
692 102
623 1
680 650
260 659
962 924
527 589
955 743
705 394
571 74
552 625
690 920
640 931
82 566
73 988
145 218
506 704
968 95
946 25
966 41
15 209
216 598
264 111
14 184
999 728
438 540
226 782
822 751
946 430
612 973
581 594
131 275
54 664
333 255
657 559
729 122
233 514
591 530
923 77
233 297
235 477
223 156
315 113
783 741
781 936
247 904
476 19
885 125
553 85
432 808
489 625
601 24
919 521
575 283
71 129
221 847
302 918
705 663
104 978
559 627
561 897
273 755
915 960
375 657
420 654
243 802
21 168
260 8
542 76
998 154
356 220
103 67
847 862
637 928
834 219
63 231
206 195
534 512
297 412
422 410
968 645
76 625
990 294
646 701
462 511
473 836
431 517
498 422
91 792
671 546
573 996
35 267
476 512
866 862
216 274
505 345
581 653
746 161
487 176
481 273
18 910
580 257
21 947
42 604
122 747
992 279
788 937
106 315
912 527
409 969
381 980
510 953
478 727
396 116
811 791
833 316
290 555
765 449
79 292
439 775
704 297
744 956
553 546
344 173
98 675
546 198
18 250
949 355
898 754
809 462
14 688
519 271
492 619
643 670
491 217
401 693
604 381
775 945
798 959
247 7
907 641
507 569
684 124
987 473
54 14
562 832
528 49
140 447
139 161
197 337
400 392
693 28
426 663
239 984
33 136
970 485
775 245
467 312
504 476
981 359
289 966
825 875
427 159
898 263
610 155
412 689
24 712
922 340
862 67
856 444
669 761
529 159
623 255
148 616
469 404
73 674
486 501
902 284
578 53
294 674
79 493
533 525
851 852
353 437
527 976
938 641
109 664
770 777
298 609
903 889
575 192
28 129
495 161
208 687
84 23
212 681
917 977
964 471
194 530
1 661
588 985
457 174
53 570
890 334
560 462
726 385
642 812
84 660
484 958
515 796
639 844
186 383
692 182
310 271
128 375
391 116
182 42
417 221
509 997
752 689
73 202
127 661
558 997
648 585
730 833
149 632
780 590
261 217
234 493
600 223
385 582
615 526
812 114
385 448
570 429
635 547
93 72
88 805
980 759
668 721
236 44
793 191
182 104
604 638
170 490
517 69
993 751
787 506
998 343
390 228
68 593
737 838
985 801
845 710
157 529
901 737
276 9
942 289
478 673
202 331
25 22
612 649
558 9
58 702
750 295
140 845
343 791
24 568
605 297
997 26
226 262
91 862
551 579
536 369
474 965
943 378
518 834
546 7
9 842
384 411
110 672
344 0
4 613
265 457
766 77
619 720
782 336
615 155
455 454
188 889
758 349
361 959
219 707
98 110
687 945
299 221
71 608
262 364
613 566
460 72
15 149
232 215
255 52
175 823
772 341
896 962
628 237
876 168
533 204
779 653
227 199
877 27
71 367
440 451
665 804
365 899
456 586
355 341
389 169
724 155
464 59
176 116
438 684
278 180
696 827
477 645
527 373
594 199
78 424
77 93
404 695
839 856
811 528
71 227
436 674
747 955
564 455
74 544
929 598
914 938
588 925
592 788
768 703
353 546
643 160
470 111
50 339
949 639
48 430
453 564
361 655
952 374
587 9
301 800
730 706
687 820
505 125
268 880
823 416
540 626
774 77
817 80
542 189
262 330
67 93
387 171
640 790
400 857
386 669
21 42
523 558
388 462
155 648
0 912
660 134
435 276
786 867
525 179
71 704
443 322
312 183
339 282
794 627
245 426
938 213
540 686
168 437
609 761
928 496
674 488
685 658
614 335
791 660
9 415
944 677
379 387
328 312
608 593
236 920
180 608
706 808
136 712
873 131
262 844
943 270
478 517
64 151
316 459
615 447
174 455
923 14
543 73
133 992
358 569
525 934
726 733
480 801
561 572
842 985
803 347
525 780
525 913
613 269
465 631
795 22
825 647
65 632
812 329
814 192
266 968
953 565
236 714
553 0
491 320
1 392
356 446
98 442
616 401
794 858
982 134
753 59
4 597
652 100
286 499
541 602
470 138
894 912
186 627
287 70
674 742
42 163
984 773
696 505
919 520
56 445
425 648
60 625
177 697
928 284
876 67
40 422
36 30
328 536
848 387
189 192
136 411
971 8
829 800
241 724
767 207
678 223
640 267
461 532
591 65
752 273
858 514
482 35
202 706
147 384
521 851
605 795
463 622
875 603
435 634
92 659
947 557
493 296
362 704
778 420
118 894
65 490
823 455
469 317
554 388
363 805
695 713
183 974
716 126
742 90
134 968
82 936
408 599
703 302
290 524
870 732
165 476
29 620
196 746
774 840
572 936
311 891
356 421
785 432
928 449
749 965
330 398
979 491
427 978
196 67
220 30
329 484
48 61
527 587
115 666
900 785
267 682
921 429
276 238
884 296
153 60
468 579
20 779
855 201
981 898
38 403
793 918
332 94
262 179
55 643
809 718
953 170
245 743
463 293
12 65
396 293
792 385
333 206
707 969
410 352
334 519
848 244
26 460
732 181
512 967
835 752
878 405
833 3
256 300
547 113
372 989
699 336
489 495
416 725
647 984
403 765
628 382
506 104
774 567
997 860
730 902
471 908
411 382
18 113
170 369
674 186
176 429
38 443
395 391
959 68
30 263
14 558
281 817
862 445
915 611
167 390
251 166
902 471
560 655
427 622
967 521
738 562
963 889
51 4
620 393
399 821
827 107
973 563
848 681
972 309
398 162
714 340
200 827
319 171
784 954
771 736
108 732
444 928
1 496
58 561
540 143
112 276
548 10
855 529
673 608
766 70
244 357
491 145
671 968
872 470
811 524
81 92
266 958
940 508
351 89
163 849
467 325
945 642
790 895
77 146
254 652
345 765
218 917
875 430
2 120
620 412
901 50
523 113
901 207
243 912
638 961
174 399
83 407
920 948
88 109
657 332
413 529
215 205
427 150
302 457
578 848
859 118
683 335
691 243
541 412
247 192
251 824
668 931
770 983
555 545
20 641
615 774
667 174
134 473
463 434
437 203
200 654
885 525
331 940
941 622
751 834
819 188
459 276
588 779
544 770
599 728
135 499
666 991
721 872
794 193
696 649
49 318
708 615
970 732
692 986
272 101
997 855
48 694
149 847
615 87
404 308
965 608
246 159
767 209
593 563
289 207
68 837
417 346
591 544
519 321
773 178
184 529
864 899
730 189
231 392
752 402
938 912
619 366
208 438
593 367
405 863
291 829
375 508
844 856
62 414
312 554
264 790
91 331
483 104
79 610
200 271
84 912
931 397
93 661
890 564
68 154
930 782
336 525
893 268
996 759
800 26
213 289
374 553
476 246
838 659
210 416
680 608
943 490
474 214
273 929
649 916
953 847
503 730
790 923
107 632
14 366
838 393
305 797
858 147
914 381
633 49
279 416
534 984
736 855
645 751
844 215
508 350
337 753
321 512
486 96
266 144
323 217
884 766
232 897
701 184
415 163
919 467
227 612
605 201
599 476
901 936
741 422
747 826
767 66
326 617
545 820
490 93
627 805
42 627
801 77
406 24
411 578
846 178
469 765
94 191
83 513
777 937
453 456
620 852
420 185
189 839
315 567
453 195
591 537
190 870
913 282
344 500
936 849
551 334
341 600
576 320
641 152
953 38
84 502
839 16
120 465
618 911
302 240
198 348
533 576
534 282
349 397
935 877
195 598
186 554
216 535
6 478
216 762
509 441
514 42
770 709
962 197
966 524
377 926
937 155
125 273
877 923
946 667
967 200
394 853
260 32
368 770
515 241
404 416
249 382
890 753
15 322
5 355
639 398
212 729
959 45
805 848
263 148
729 133
759 39
818 264
462 607
222 152
505 278
140 342
354 48
490 350
395 418
508 701
221 94
174 988
200 172
391 566
47 475
496 606
32 460
532 965
843 855
882 837
212 302
136 424
435 411
43 692
600 275
67 539
116 467
650 537
769 523
735 497
158 961
786 677
244 190
593 166
855 46
318 172
961 245
269 927
492 782
737 248
521 557
485 766
42 438
503 515
838 69
771 59
986 812
782 536
533 413
326 755
667 910
551 341
247 181
989 20
756 93
305 264
264 914
598 350
920 733
708 569
265 224
559 355
841 283
302 774
555 695
634 980
770 267
565 520
328 1
56 188
370 453
1 714
461 464
154 138
981 810
987 75
165 145
244 116
275 677
863 799
628 689
466 421
162 812
694 684
141 563
319 960
537 147
239 12
752 242
744 582
689 520
273 456
346 665
414 377
384 313
205 880
128 549
359 545
964 52
430 664
243 766
405 930
97 739
714 760
61 788
702 298
509 767
276 635
246 149
193 743
892 338
421 312
180 273
377 445
610 674
77 435
507 856
376 998
565 837
274 636
273 19
616 570
996 261
441 992
327 452
917 130
32 445
488 84
743 367
434 445
95 439
269 254
222 244
759 847
664 199
108 849
992 431
229 237
98 199
908 62
784 760
747 675
669 892
69 711
2 410
276 350
640 661
290 679
268 600
296 895
501 855
485 753
188 414
53 228
36 889
350 838
634 9
945 29
34 758
444 736
593 433
754 482
186 306
475 542
125 73
213 34
246 624
945 512
544 14
296 585
207 934
21 651
303 575
246 350
328 666
952 994
501 963
270 621
526 189
457 662
47 375
737 580
131 644
175 645
707 289
87 173
230 100
706 60
472 569
347 667
763 96
328 532
108 262
397 146
347 410
616 993
994 300
723 695
557 612
542 724
919 26
359 473
742 120
241 490
35 736
573 849
195 407
598 715
833 799
980 260
58 730
104 98
359 889
312 943
544 873
963 812
241 503
498 702
983 994
53 58
131 179
634 994
228 236
457 255
401 483
494 214
667 988
617 117
669 866
553 508
756 591
362 469
977 227
864 543
890 933
921 649
476 465
784 32
761 277
943 110
789 470
586 110
326 900
804 88
705 562
451 859
5 395
268 847
684 27
129 373
806 35
153 436
719 983
985 8
324 128
966 715
565 533
16 826
883 634
669 750
790 177
16 399
921 535
578 553
337 394
904 89
505 351
54 639
94 109
806 882
763 509
591 594
398 551
731 624
881 771
634 197
916 250
268 772
819 31
920 805
962 95
32 88
772 836
654 170
951 146
236 949
546 554
792 278
127 295
74 272
117 747
950 537
419 19
164 177
886 754
997 503
975 107
131 243
593 585
393 965
799 266
288 231
230 209
631 17
740 148
961 371
542 819
987 426
785 458
517 915
772 604
399 293
536 545
360 757
666 890
115 515
918 704
991 92
43 277
409 651
619 454
287 748
476 925
641 438
296 508
188 187
154 326
161 612
280 372
691 441
950 944
9 317
445 930
56 125
988 103
469 49
326 452
407 748
854 815
85 157
429 749
173 86
510 909
431 328
937 649
265 640
897 354
595 689
863 84
95 371
948 640
714 537
52 153
281 946
273 490
924 914
563 375
506 882
301 15
454 579
498 753
759 718
523 167
226 14
837 666
541 374
10 555
762 666
676 536
649 177
86 679
386 523
298 616
93 448
411 525
958 827
53 121
401 26
872 480
419 261
839 257
575 108
522 577
826 340
240 459
180 892
356 111
674 739
375 229
767 288
409 151
958 604
859 455
377 518
197 877
240 865
627 121
670 473
679 223
575 571
382 43
22 817
896 552
243 108
433 955
228 282
755 723
359 262
691 300
489 587
25 586
331 763
899 313
90 792
265 718
31 551
644 621
702 311
530 669
311 548
330 234
706 991
764 996
571 684
767 101
182 697
859 328
820 276
126 878
37 702
506 231
0 977
594 688
982 337
509 810
53 899
993 275
123 754
203 908
453 390
339 95
311 980
388 858
35 925
597 797
178 972
433 644
990 161
745 89
790 1
257 174
874 972
952 929
981 115
282 937
721 368
565 404
147 646
281 746
508 361
980 619
316 500
178 541
559 60
591 244
322 470
392 834
807 744
335 144
675 152
813 976
687 224
955 532
996 651
510 546
229 97
226 61
507 726
659 368
946 920
238 12
977 492
646 752
986 846
419 213
63 808
77 747
908 58
187 241
29 324
835 559
848 880
687 617
970 510
826 691
903 712
930 116
318 819
399 623
722 421
310 744
233 760
870 286
711 982
224 241
656 203
205 111
100 904
146 476
946 429
33 761
717 593
225 971
168 915
583 501
570 109
588 370
942 179
386 781
216 229
132 425
890 761
758 518
716 924
827 373
872 611
15 645
724 48
217 100
917 301
397 89
577 882
836 74
648 819
412 705
937 963
590 993
329 989
824 219
15 554
896 901
672 871
337 800
842 365
491 263
775 997
976 425
823 228
686 691
862 195
271 214
680 481
633 302
325 13
843 598
945 893
194 38
916 542
21 818
851 72
361 972
744 291
62 938
68 58
637 886
756 385
973 336
223 715
31 924
846 812
464 60
306 661
869 110
895 922
882 499
401 515
605 925
21 618
224 50
1 234
604 502
782 366
734 206
186 467
748 558
957 681
701 879
869 567
33 690
508 646
396 842
667 354
893 390
514 113
107 522
436 446
198 874
370 80
555 727
858 991
929 487
656 359
937 179
31 728
336 952
206 285
378 758
48 84
65 715
703 399
563 718
987 660
228 530
684 569
322 858
758 347
983 818
726 970
156 41
775 342
331 561
790 232
723 691
47 258
160 196
150 687
144 838
512 712
381 269
763 224
24 577
752 815
171 875
909 987
366 706
617 336
475 687
349 537
288 93
925 183
475 148
484 114
536 255
907 571
354 21
923 208
781 278
552 770
178 931
560 183
892 599
931 863
663 254
424 542
625 778
982 94
842 81
541 572
964 926
490 326
338 816
44 872
311 316
273 669
47 436
141 74
432 305
260 929
690 701
673 275
107 506
669 860
251 738
498 301
935 155
201 539
229 475
120 514
657 23
478 950
419 603
515 128
201 993
747 0
869 116
353 422
450 375
611 443
117 100
73 682
291 87
394 264
89 430
630 324
340 554
14 791
780 104
565 869
486 218
281 98
124 537
976 192
577 55
579 952
228 146
991 72
165 578
528 482
635 195
20 944
469 261
553 797
914 10
501 693
972 558
859 435
969 438
169 429
180 198
430 202
296 460
435 104
572 611
703 3
767 931
738 803
860 512
418 550
517 68
655 60
816 763
47 135
448 39
800 626
222 913
482 227
845 775
314 468
647 459
424 52
268 149
924 201
476 552
848 299
381 932
675 297
651 185
341 1
594 380
854 641
221 919
728 780
773 445
599 966
55 736
492 577
486 589
255 44
894 720
727 851
719 129
618 833
597 374
691 510
236 757
509 738
901 735
492 375
593 179
672 126
586 569
132 368
154 537
534 289
618 297
29 114
119 923
305 368
421 58
769 393
636 654
38 823
190 982
26 136
827 642
820 849
805 541
129 578
873 104
921 425
302 155
129 57
44 798
971 418
544 483
23 822
899 512
501 241
64 901
676 301
327 746
589 583
139 276
929 155
159 370
94 81
869 587
558 726
1 464
620 804
58 796
946 270
430 279
474 919
560 463
76 100
586 311
210 449
884 120
60 807
490 118
375 477
111 304
969 22
362 810
674 546
218 432
908 283
682 299
864 569
733 579
679 962
784 992
348 342
291 723
88 33
916 122
654 990
535 521
401 995
339 723
502 454
839 57
266 638
29 283
847 205
800 657
359 724
920 368
964 496
584 905
863 200
365 769
20 788
558 809
384 293
620 99
381 143
123 492
854 948
552 42
714 269
62 682
976 107
871 6
395 269
68 699
306 965
272 552
559 553
393 835
733 800
870 707
998 532
546 379
206 48
462 318
102 573
799 411
727 591
440 306
654 643
266 278
586 985
232 247
724 350
845 203
966 352
201 383
37 118
486 305
45 176
736 567
472 11
348 814
994 533
88 833
392 812
247 979
581 688
420 682
405 698
780 732
482 581
148 593
307 139
250 221
143 787
170 841
897 236
667 554
999 146
958 815
95 383
714 699
533 253
762 602
310 976
885 227
443 294
533 81
58 674
772 723
893 939
742 772
816 83
107 147
364 205
280 559
330 773
254 585
652 489
268 638
980 151
509 658
358 317
116 466
268 182
692 940
930 602
943 718
663 76
652 856
290 333
995 51
579 57
93 665
552 966
717 378
736 133
136 737
681 532
787 323
846 671
357 288
765 779
72 206
580 0
514 336
374 564
595 678
751 981
244 132
320 526
43 309
953 106
733 492
792 988
692 776
826 360
383 213
645 53
43 371
32 661
769 526
145 687
122 410
282 735
48 86
213 923
236 663
674 382
524 192
353 267
511 40
77 19
381 424
809 966
854 630
194 656
426 386
994 536
138 837
893 834
729 334
471 103
950 509
307 204
419 787
443 544
691 61
348 682
557 318
927 486
397 762
321 751
673 427
56 577
863 191
732 39
149 999
35 457
394 659
672 948
792 336
636 232
583 451
298 810
917 626
554 926
442 968
885 433
798 466
315 536
837 623
699 672
234 516
919 949
326 253
573 202
986 493
881 133
801 886
198 278
93 636
560 16
864 986
802 847
20 54
829 696
570 277
47 317
853 927
929 482
967 22
492 96
415 278
859 798
976 104
578 929
636 67
230 129
715 868
245 113
100 172
524 545
992 135
325 921
22 125
60 284
980 710
318 703
14 455
224 443
175 152
272 594
801 822
252 545
751 97
488 526
133 734
281 916
634 547
306 799
820 485
534 805
452 204
334 413
496 717
555 645
991 871
222 139
254 569
311 881
970 722
16 236
836 601
440 965
334 833
432 942
778 991
363 964
164 672
990 567
278 318
183 976
236 750
495 982
5 821
727 273
585 349
887 622
433 884
228 374
889 961
35 550
885 739
687 754
533 63
866 789
959 687
843 13
998 834
844 893
196 914
102 903
727 485
439 378
96 104
737 784
266 856
654 829
633 436
395 936
458 983
986 602
668 524
459 197
196 585
463 196
87 766
77 154
286 140
885 942
550 268
454 681
442 75
97 191
175 808
75 840
295 300
598 895
720 369
486 221
82 398
351 444
718 731
897 613
780 960
759 848
141 176
384 427
868 863
235 601
424 624
960 773
91 659
174 627
716 652
315 34
268 887
719 700
989 317
705 242
668 324
10 931
869 617
160 541
509 328
547 498
227 708
756 701
718 48
197 207
248 530
24 49
382 962
535 4
100 841
380 693
261 216
737 125
756 810
709 88
87 52
17 513
570 49
269 391
983 943
753 488
322 119
993 804
159 753
367 501
567 216
769 466
326 323
751 841
484 933
155 351
113 607
178 938
730 862
585 946
791 52
351 556
361 510
642 37
902 269
457 109
174 550
267 591
174 350
85 70
229 901
535 560
18 663
904 414
888 131
313 920
344 64
806 632
51 628
176 714
743 232
731 719
700 116
508 205
951 551
62 818
2 804
380 933
194 770
120 821
131 698
906 411
327 45
390 746
43 829
179 928
926 860
501 198
979 11
631 875
149 845
431 646
225 331
988 314
507 675
30 814
457 193
195 781
380 572
37 170
226 925
878 201
622 655
238 999
946 547
49 742
310 811
482 366
516 840
954 870
360 519
576 173
354 286
207 251
793 268
597 751
219 150
582 398
811 655
793 264
612 500
869 209
193 222
953 17
724 806
54 869
888 370
435 944
899 753
242 427
726 917
775 165
594 77
750 65
301 378
351 199
892 680
558 334
186 125
120 124
59 724
269 904
381 626
400 941
60 812
925 434
226 751
357 506
726 124
588 65
631 726
197 193
805 311
901 821
740 899
199 779
199 102
806 305
324 814
417 553
805 837
798 816
736 590
564 681
745 33
126 4
424 435
315 995
628 632
947 97
872 461
158 356
185 165
939 130
250 409
10 564
601 946
523 687
41 513
686 25
882 661
17 689
389 147
894 73
170 167
89 0
999 413
548 735
948 588
605 662
666 460
117 795
358 926
676 328
907 141
898 737
266 915
491 512
117 524
528 546
356 123
600 453
94 797
425 457
858 255
429 428
352 634
61 464
775 76
129 255
559 317
134 112
742 534
649 552
367 767
811 680
85 959
605 545
56 20
613 56
677 792
214 129
586 642
847 423
787 472
400 821
982 400
628 363
498 848
165 573
421 922
928 459
730 411
911 741
388 164
674 525
407 310
849 284
573 970
995 167
511 971
985 451
83 862
372 956
346 644
776 789
734 834
527 935
417 533
425 519
323 224
271 432
878 132
924 627
531 236
168 302
773 575
250 17
92 140
567 986
642 898
95 590
280 4
715 535
812 632
254 511
754 563
468 321
100 868
409 876
560 234
816 865
642 483
246 696
435 98
557 389
79 936
860 51
353 294
807 425
606 155
784 397
716 546
153 259
216 419
711 300
826 903
640 384
111 689
536 523
916 717
764 25
470 62
98 863
949 450
149 146
482 695
667 434
330 609
548 170
633 70
535 663
60 98
961 948
534 170
624 914
749 882
536 50
447 763
383 992
220 219
901 864
485 705
47 255
241 157
70 500
539 144
669 186
551 983
467 374
666 982
402 321
336 140
381 155
853 431
324 227
371 879
815 31
970 99
258 248
80 417
730 597
12 433
381 262
833 605
621 26
889 665
726 384
126 968
691 951
20 798
690 729
500 639
192 100
517 484
799 895
891 195
596 507
245 369
904 333
39 153
351 210
956 988
654 251
314 25
171 490
348 264
494 922
608 982
234 20
142 668
953 406
770 974
124 191
946 914
616 653
715 566
226 15
70 377
113 512
647 776
651 440
322 745
326 508
21 799
343 718
744 192
219 875
204 344
779 990
637 116
475 888
559 808
262 976
468 337
947 171
75 771
190 37
152 649
548 271
435 814
192 797
385 747
146 418
190 415
760 241
104 862
526 118
434 51
329 978
490 163
986 654
87 682
856 59
322 635
164 449
856 429
557 904
76 786
399 286
46 217
860 98
698 924
29 588
976 582
127 868
386 349
71 104
634 251
262 927
327 10
708 663
570 525
1 820
784 712
966 9
908 925
840 384
709 851
748 492
556 399
686 855
649 613
359 139
777 598
782 434
939 383
878 808
656 951
686 626
897 985
682 231
539 204
244 824
384 184
582 419
672 427
720 716
87 688
932 996
276 544
3 130
213 871
865 201
183 405
532 661
678 516
461 358
232 692
351 757
297 498
633 67
445 150
681 112
918 38
47 678
620 624
144 156
456 383
845 9
46 664
48 161
699 474
21 46
747 867
502 65
112 975
215 243
899 20
853 384
282 651
805 953
853 829
52 346
82 337
572 720
657 955
790 144
576 157
965 792
439 233
694 870
67 177
288 992
339 855
280 162
342 16
747 674
579 173
954 634
25 432
620 569
738 9
99 925
714 588
826 802
978 813
201 756
326 493
754 407
915 381
954 983
71 14
496 176
443 717
855 611
447 335
139 840
174 79
512 713
125 290
132 529
464 262
627 418
917 177
683 569
482 83
310 94
528 595
925 856
80 671
191 100
176 910
280 943
341 673
313 240
599 595
457 172
561 544
249 72
200 840
118 845
43 54
74 558
507 444
965 135
329 204
645 75
44 73
318 838
623 459
101 261
923 339
603 940
315 25
267 49
714 879
97 668
674 313
984 538
513 172
597 354
119 829
627 89
746 219
808 36
143 109
655 506
750 686
917 834
149 44
973 166
692 632
266 279
277 721
53 155
812 36
537 612
665 689
684 717
72 585
752 186
603 990
301 859
513 430
368 800
280 193
551 55
904 1
566 769
519 546
703 371
191 154
622 535
450 575
78 928
113 318
886 663
87 104
36 22
308 617
431 922
614 398
208 710
6 928
323 433
12 608
921 800
704 834
949 575
168 583
671 143
174 702
24 514
160 692
689 347
718 100
562 355
387 588
913 130
630 516
417 793
498 340
887 728
266 745
714 65
615 345
121 183
888 576
873 463
773 982
72 303
578 415
60 601
893 699
308 361
695 12
328 673
918 36
806 951
316 243
64 726
659 530
210 794
520 177
241 215
713 679
646 786
80 873
706 75
332 577
442 890
270 324
902 147
966 313
468 432
150 684
380 357
665 36
489 420
505 913
591 718
743 874
385 125
464 303
770 284
621 209
593 902
177 11
198 722
91 717
907 129
24 796
760 907
773 480
131 416
341 295
896 458
875 551
41 816
232 324
82 406
838 420
910 230
431 895
104 10
203 466
530 533
330 850
128 168
486 911
230 388
177 247
632 383
695 389
773 538
834 945
545 258
960 826
536 361
973 779
23 240
648 978
247 581
954 528
97 342
600 662
239 254
679 246
436 425
776 711
43 592
313 12
262 361
709 765
154 758
18 797
237 316
544 907
479 861
701 454
139 507
219 43
367 363
308 184
54 921
150 615
993 352
45 854
830 704
318 680
190 661
158 431
675 832
336 993
297 771
661 973
655 273
708 523
131 308
970 763
155 349
86 273
924 278
397 394
392 489
671 330
635 744
680 525
906 368
952 487
504 772
103 134
79 131
87 576
8 909
130 738
206 983
747 87
610 614
547 37
372 674
428 346
907 40
116 990
205 132
278 684
741 290
288 534
3 296
382 347
823 98
135 985
17 387
208 989
869 366
539 371
358 149
392 874
722 793
292 97
157 952
845 786
494 207
76 105
648 93
690 948
703 410
788 629
313 971
321 220
788 223
704 22
528 177
296 968
860 729
200 287
175 627
513 213
502 204
353 973
485 729
726 394
68 331
216 235
330 75
800 395
657 892
212 6
179 19
838 115
614 265
307 404
925 269
485 347
314 424
894 929
560 777
240 886
719 20
385 970
152 797
687 481
264 829
636 469
537 344
823 248
919 609
892 111
447 206
765 772
482 264
407 124
150 193
613 995
784 229
43 626
531 564
870 654
964 378
831 56
651 936
473 294
40 779
289 993
514 200
204 271
223 481
420 457
399 220
522 674
674 600
143 793
805 294
161 771
446 756
646 841
901 869
710 401
462 82
782 337
173 780
87 81
791 587
608 572
630 89
39 240
992 321
283 917
875 556
381 271
596 41
276 691
804 555
168 480
955 569
438 559
957 974
708 626
125 484
57 405
569 890
386 186
685 314
153 991
805 526
796 5
415 701
989 406
480 88
318 136
69 119
796 151
238 281
919 816
316 685
1 735
950 83
190 464
551 589
47 112
190 507
356 668
417 702
18 843
949 736
967 364
254 472
595 411
600 368
198 475
304 823
450 444
29 983
382 363
135 198
927 536
496 957
573 336
559 124
322 340
278 344
704 306
673 604
106 236
520 840
788 555
93 271
75 863
625 716
718 75
615 222
830 716
682 689
264 753
812 482
620 679
957 951
246 454
823 5
173 45
840 132
60 470
946 830
513 153
278 496
972 979
595 854
251 699
693 325
135 286
714 529
969 8
521 76
538 434
523 544
898 163
344 915
694 595
304 820
862 453
800 17
923 951
272 691
788 225
660 596
998 892
128 200
83 641
738 923
457 707
757 463
593 864
356 21
763 82
77 58
915 523
885 314
567 443
356 657
434 29
285 414
736 991
112 796
748 924
304 805
946 526
140 33
487 229
980 371
474 592
384 618
42 457
439 876
148 520
837 436
796 161
72 344
350 993
546 14
98 308
631 961
704 491
701 277
635 488
951 824
438 495
126 281
679 443
143 502
670 235
787 736
808 307
965 175
672 370
796 543
4 369
756 882
12 198
110 640
5 455
579 300
413 898
900 104
769 553
221 587
992 846
35 601
157 181
715 368
658 110
239 612
95 133
191 521
164 976
864 739
830 107
187 65
18 333
249 506
67 926
322 642
173 83
711 385
235 481
834 61
88 92
542 23
576 473
641 574
345 81
522 795
186 436
96 645
714 671
553 917
946 146
899 110
765 433
867 86
517 848
436 209
279 589
871 322
16 149
354 649
147 185
825 75
161 972
224 666
929 270
256 44
680 341
572 550
49 692
618 432
536 738
690 816
725 57
986 943
813 83
449 281
112 457
650 624
639 960
294 169
107 176
994 988
368 904
496 415
991 657
934 304
481 677
582 593
600 805
482 648
74 527
568 530
189 425
142 215
628 432
617 361
684 402
214 643
823 938
916 920
930 850
756 274
482 694
138 236
734 78
661 930
139 736
671 425
392 306
504 687
554 709
184 987
41 286
181 701
317 955
226 686
143 970
768 550
655 983
611 636
249 727
471 485
780 256
965 91
775 523
404 212
184 439
485 658
979 978
482 251
653 726
783 263
910 389
512 381
598 899
272 394
540 910
718 897
896 996
153 724
690 850
110 817
654 325
299 333
419 524
578 322
651 727
754 68
887 716
505 135
921 588
510 795
500 252
733 690
210 597
326 457
998 778
581 732
381 920
882 235
325 7
834 665
581 836
968 706
344 835
927 958
329 373
826 734
835 337
187 834
552 848
249 567
86 266
547 568
672 20
991 771
803 973
229 306
564 530
591 992
420 473
866 350
23 829
895 915
155 106
220 449
253 255
42 840
807 933
909 895
849 471
737 780
310 603
897 936
742 327
203 976
885 21
12 439
499 105
871 582
953 475
451 628
752 375
574 260
69 622
669 880
47 591
485 378
187 796
546 854
318 455
525 831
429 575
578 265
894 317
512 126
868 843
821 877
495 467
233 873
408 242
568 534
481 364
712 607
70 363
597 950
245 830
622 989
760 45
358 730
635 800
685 457
531 23
620 943
906 592
346 230
762 78
652 85
428 715
6 910
534 374
8 776
508 26
968 918
588 753
135 596
605 263
984 238
954 614
858 398
41 455
550 241
309 386
597 389
547 936
228 100
545 131
983 123
560 922
11 295
473 975
912 440
503 303
536 730
604 128
996 984
743 624
495 487
586 147
458 430
380 582
739 669
184 349
450 273
11 263
450 393
544 308
616 38
587 656
993 775
810 378
224 640
614 991
242 633
934 170
359 539
93 837
331 181
547 445
82 696
544 867
116 861
548 962
84 528
132 331
566 821
192 208
133 885
214 649
41 179
790 985
141 53
418 638
147 471
223 726
438 688
679 985
746 976
105 661
723 628
708 446
198 5
740 846
228 647
820 588
912 746
299 317
56 597
706 795
744 681
185 999
476 90
531 537
661 723
675 766
163 24
769 805
317 98
595 403
971 646
358 878
161 727
18 678
955 713
930 727
826 440
946 411
291 45
75 705
728 290
158 516
182 237
44 422
243 85
514 838
58 653
513 26
819 583
124 617
147 864
432 300
518 371
638 952
410 914
53 951
49 700
358 643
658 245
739 472
528 102
195 653
493 332
295 924
184 452
300 51
151 71
317 226
917 856
980 990
71 362
719 186
981 741
708 272
359 691
458 615
142 370
149 38
493 225
369 818
673 797
751 920
138 113
545 446
824 337
937 881
574 569
528 545
624 637
330 226
991 980
88 100
126 267
753 915
916 618
163 25
156 855
220 354
712 534
912 907
472 495
477 497
541 237
732 923
698 780
731 523
442 987
424 926
481 956
13 263
667 665
41 967
299 239
859 872
147 446
20 527
900 556
747 404
384 437
923 876
116 559
496 602
443 390
477 510
948 527
382 237
634 579
955 885
835 960
280 434
804 664
483 448
999 712
381 947
652 827
529 718
718 270
448 961
947 636
798 899
69 769
581 536
2 424
818 247
357 774
465 967
489 306
513 955
915 28
433 944
648 164
618 25
403 798
803 234
0 806
726 741
15 525
855 193
261 591
894 230
464 837
695 823
474 687
957 64
149 416
32 993
941 427
450 517
212 166
566 503
561 223
678 301
833 90
509 294
121 197
826 749
862 234
791 190
199 741
861 100
562 305
588 652
755 389
944 412
477 993
634 730
153 885
761 343
769 97
597 981
27 39
202 634
181 771
487 196
345 286
528 115
934 418
858 997
941 452
919 630
64 676
80 182
540 268
47 712
527 81
566 486
300 787
408 80
503 988
647 348
105 743
459 30
230 769
162 96
627 484
777 426
550 867
426 49
880 798
235 15
125 777
267 712
266 876
625 234
948 846
626 470
507 869
401 274
732 444
321 966
882 796
913 102
511 357
156 847
765 663
748 895
965 432
218 235
762 223
297 661
217 429
833 336
308 833
390 565
195 864
318 592
796 582
65 608
228 250
478 709
172 691
829 539
893 502
154 867
516 0
707 202
738 492
724 221
692 725
739 725
455 298
400 319
895 103
851 806
393 793
277 527
981 575
727 431
17 6
270 750
911 511
474 400
624 752
723 546
510 436
190 563
61 256
260 789
685 35
667 203
395 683
839 618
977 570
639 819
963 397
667 87
440 935
895 74
764 664
163 245
621 393
889 888
902 651
541 408
417 347
576 860
713 269
581 726
9 265
863 342
814 353
55 248
590 760
593 548
298 456
350 466
747 129
349 295
349 345
4 488
951 532
690 509
267 567
704 334
163 996
0 264
998 208
301 738
376 593
925 305
725 471
112 19
784 441
901 429
106 778
908 970
641 27
114 574
390 878
454 892
292 269
111 710
337 724
395 312
535 285
750 740
865 722
971 453
425 525
720 976
351 231
940 140
524 847
986 403
833 576
68 969
579 150
552 274
408 956
259 293
64 301
78 13
756 243
664 579
943 978
472 815
70 410
259 561
461 224
851 11
456 427
132 143
990 423
37 789
404 836
409 947
670 656
132 104
815 397
273 582
117 671
252 537
940 920
750 502
502 542
64 267
387 66
273 792
626 416
808 527
536 24
643 375
591 945
373 515
721 594
233 906
205 322
433 114
371 627
2 192
943 611
619 449
481 968
221 356
473 832
485 337
814 891
354 117
463 624
862 257
95 377
149 806
329 778
670 820
68 133
115 758
24 978
921 302
57 844
681 523
700 806
668 629
939 137
103 807
574 300
49 566
15 330
31 66
333 622
26 916
227 115
947 992
22 336
728 214
218 796
542 459
126 622
917 314
394 683
655 492
961 349
902 83
418 640
941 100
167 103
994 617
652 524
743 668
875 823
858 847
876 970
94 568
910 644
216 517
523 748
464 864
901 801
73 892
786 734
507 819
981 720
429 895
531 568
862 716
865 972
945 791
903 741
734 113
775 281
372 11
561 963
638 362
708 324
782 846
270 30
508 650
965 325
480 574
300 286
718 404
517 698
534 187
573 18
873 587
63 511
328 880
544 195
678 754
155 521
555 905
366 221
914 667
543 849
241 607
424 129
197 896
83 87
193 960
626 609
801 29
62 467
517 483
378 256
557 419
185 102
431 354
637 485
918 140
656 3
864 664
166 24
604 701
125 911
892 83
702 134
23 671
935 471
621 368
449 898
827 89
359 717
309 407
236 729
672 747
230 29
971 218
452 370
269 141
955 438
304 908
92 525
205 894
381 627
169 816
231 738
263 825
441 561
622 534
889 386
458 607
523 274
274 457
256 900
987 928
378 465
18 156
176 817
54 817
888 473
400 106
561 617
951 350
440 147
413 134
815 150
750 501
150 538
801 495
963 355
895 448
944 89
216 916
940 208
952 609
801 257
339 353
162 365
17 893
632 649
51 911
229 777
196 525
552 904
119 264
357 301
250 279
616 611
659 671
508 772
498 991
335 433
716 646
289 730
544 159
880 133
271 371
113 810
777 853
479 165
216 868
808 90
134 247
73 862
840 40
735 798
652 703
-1 -1 -1 -1 36879 63090 -1 -1 -1 53266 -1 52953 -1 -1 -1 39988 -1 -1 -1 -1 -1 -1 -1 -1 -1 -1 -1 -1 -1 -1 -1 -1 -1 64493 -1 -1 -1 -1 -1 -1 -1 11907 14769 -1 35401 -1 -1 -1 -1 17913 -1 -1 -1 13743 -1 -1 -1 -1 -1 -1 -1 12457 -1 -1 -1 -1 59430 -1 -1 -1 -1 -1 -1 -1 -1 -1 -1 -1 -1 249 -1 -1 -1 -1 -1 43265 -1 -1 -1 -1 24745 -1 -1 -1 -1 -1 25347 -1 -1 -1 -1 -1 -1 28106 -1 -1 -1 -1 45547 1955 64320 -1 -1 56916 -1 -1 -1 43544 -1 -1 -1 18187 -1 -1 -1 -1 -1 -1 -1 -1 -1 -1 -1 -1 -1 -1 -1 49828 -1 -1 -1 -1 48025 -1 -1 -1 -1 -1 -1 -1 -1 -1 -1 -1 -1 -1 -1 -1 -1 -1 -1 -1 -1 -1 -1 -1 -1 -1 -1 -1 -1 -1 -1 -1 -1 -1 -1 -1 -1 -1 -1 8995 -1 -1 63937 -1 -1 -1 -1 -1 -1 44890 59283 51367 45960 -1 -1 -1 -1 -1 -1 -1 -1 -1 -1 -1 -1 -1 -1 1165 -1 40667 -1 49164 -1 -1 56251 26096 -1 -1 -1 -1 58700 36345 -1 -1 -1 -1 -1 -1 -1 -1 -1 -1 -1 -1 -1 -1 48668 57662 35363 17154 -1 -1 -1 -1 29331 -1 -1 -1 -1 -1 6970 -1 -1 -1 -1 35555 -1 39503 -1 51507 -1 -1 -1 -1 16912 -1 -1 -1 37220 -1 -1 -1 -1 -1 -1 -1 -1 -1 26291 -1 -1 -1 12378 -1 -1 -1 -1 -1 -1 -1 -1 27505 -1 -1 -1 -1 -1 -1 -1 -1 -1 -1 1536 -1 -1 -1 -1 -1 -1 -1 7750 -1 -1 -1 -1 -1 4445 -1 -1 -1 29007 -1 -1 -1 -1 -1 -1 -1 -1 -1 -1 1056 -1 -1 -1 -1 -1 -1 -1 -1 -1 40942 -1 -1 -1 -1 -1 -1 -1 -1 -1 -1 -1 26859 -1 -1 -1 -1 -1 -1 -1 -1 22361 -1 -1 -1 -1 -1 -1 -1 -1 -1 -1 -1 -1 64519 23974 -1 -1 -1 -1 -1 -1 -1 -1 -1 -1 -1 8034 -1 -1 -1 -1 -1 2893 -1 2006 -1 -1 -1 -1 -1 -1 -1 -1 -1 -1 21850 -1 -1 44198 62619 -1 -1 55102 -1 -1 866 -1 -1 -1 -1 -1 39491 -1 37522 -1 -1 -1 -1 55217 19546 -1 -1 -1 -1 -1 -1 -1 2343 -1 -1 27307 -1 -1 -1 -1 -1 -1 -1 -1 49546 -1 -1 -1 -1 -1 4841 -1 -1 -1 -1 26996 -1 -1 -1 58461 -1 34094 -1 -1 -1 -1 30697 -1 -1 -1 15255 -1 -1 -1 -1 -1 12189 -1 -1 -1 -1 -1 -1 -1 -1 -1 -1 -1 63533 43509 -1 -1 -1 -1 -1 -1 -1 41355 -1 43365 -1 10761 -1 -1 -1 -1 -1 -1 -1 -1 -1 -1 -1 -1 -1 -1 -1 7089 -1 -1 -1 -1 1780 -1 -1 -1 -1 33490 -1 -1 -1 -1 -1 -1 46027 -1 -1 -1 24825 -1 -1 -1 -1 -1 -1 -1 -1 -1 55124 -1 -1 -1 58494 -1 -1 30557 -1 38498 -1 46642 -1 -1 -1 -1 -1 -1 -1 -1 -1 -1 -1 -1 -1 -1 -1 -1 -1 -1 -1 -1 -1 -1 -1 -1 35044 -1 -1 -1 -1 -1 -1 -1 -1 -1 -1 -1 36405 -1 -1 -1 -1 -1 -1 -1 -1 -1 -1 -1 -1 -1 -1 -1 -1 -1 -1 -1 49251 61886 -1 -1 -1 -1 -1 54508 -1 18239 -1 -1 -1 -1 63897 -1 -1 -1 -1 -1 -1 -1 -1 -1 -1 -1 34474 23685 -1 -1 -1 -1 -1 -1 16132 -1 -1 36273 -1 -1 -1 -1 -1 18885 -1 -1 -1 -1 -1 -1 -1 -1 -1 -1 -1 -1 -1 -1 -1 -1 -1 -1 -1 -1 -1 -1 -1 -1 -1 -1 -1 -1 -1 -1 -1 63390 -1 -1 -1 -1 49424 -1 -1 58131 -1 -1 64417 -1 -1 46516 -1 -1 38560 -1 -1 -1 -1 49061 -1 49225 -1 -1 52424 -1 -1 50863 -1 -1 -1 -1 -1 -1 -1 -1 -1 -1 -1 -1 9801 -1 -1 -1 -1 -1 -1 -1 -1 -1 27014 -1 -1 -1 -1 -1 -1 64128 -1 -1 -1 -1 62370 -1 -1 -1 -1 -1 -1 -1 -1 -1 -1 -1 -1 -1 -1 23907 43879 -1 -1 -1 -1 2426 -1 -1 -1 -1 15889 -1 22678 -1 -1 -1 -1 41193 53174 -1 59042 -1 -1 -1 -1 28907 -1 -1 13685 -1 -1 -1 -1 -1 -1 -1 19796 -1 -1 -1 -1 -1 -1 -1 64338 -1 -1 -1 45811 -1 -1 -1 -1 -1 -1 -1 -1 12435 -1 -1 4419 -1 -1 35610 -1 -1 -1 25256 35638 -1 -1 -1 -1 10002 42626 -1 -1 -1 -1 -1 9010 -1 -1 -1 -1 51826 34131 -1 -1 -1 -1 -1 -1 -1 -1 -1 21839 -1 10082 -1 -1 -1 -1 -1 -1 -1 -1 -1 -1 -1 -1 63634 14381 -1 -1 24958 -1 -1 -1 -1 19974 -1 -1 -1 -1 -1 -1 -1 -1 -1 -1 -1 33613 -1 -1 42366 -1 -1 18562 -1 -1 -1 -1 5041 -1 -1 -1 7492 -1 -1 -1 -1 -1 3358 -1 -1 -1 -1 -1 -1 -1 -1 -1 -1 -1 -1 -1 17043 -1 -1 -1 12929 -1 19873 42899 -1 -1 -1 -1 -1 -1 -1 -1 -1 -1 -1 -1 -1 -1 -1 -1 -1 -1 -1 -1 -1 -1 -1 -1 -1 -1 -1 -1 -1 11230 64983 -1 -1 -1 -1 61090 -1 -1 5941 -1 -1 -1 34925 -1
4
1 41 0 847 2
1 842 13 406 15
0 619 15 808 11
0 87 8 261 15
