1000 5000
13 552
146 460
173 453
8 369
656 302
898 576
759 682
469 592
134 602
336 999
944 945
798 547
621 658
696 748
891 972
722 352
561 643
721 931
422 578
170 994
35 902
409 41
226 725
384 715
443 288
61 336
756 297
602 702
345 802
482 35
295 948
110 132
779 349
982 864
412 27
797 176
215 156
598 26
588 6
374 608
651 601
616 301
206 661
516 215
669 564
747 68
456 904
695 451
5 419
234 557
763 613
16 468
150 445
930 341
231 319
313 518
981 534
335 778
890 604
177 86
513 879
158 455
352 865
475 97
267 358
975 159
13 523
812 403
506 49
111 183
461 404
433 733
440 139
635 558
942 904
959 151
468 61
210 314
360 558
219 254
657 581
65 696
46 860
302 231
481 407
307 423
727 332
602 595
721 205
19 88
247 198
48 928
271 954
86 910
184 323
106 203
21 952
382 751
131 391
9 995
390 397
409 732
546 84
729 897
672 233
791 437
16 699
153 536
234 215
862 169
474 617
612 733
761 974
973 657
788 79
414 453
647 137
960 116
827 997
837 582
503 868
525 996
327 310
169 346
720 923
113 547
704 161
181 713
367 859
856 746
556 209
415 567
930 270
323 464
630 306
589 636
407 24
664 346
989 362
498 115
769 896
930 601
8 446
87 874
65 45
531 545
116 580
926 833
112 323
633 288
35 187
471 984
244 506
482 180
128 607
380 837
489 838
249 19
690 59
558 840
614 607
786 12
605 700
178 847
635 895
159 996
360 9
618 317
539 419
506 389
836 499
291 835
128 704
283 627
585 334
920 994
574 585
408 585
63 24
78 1
178 388
470 666
769 279
488 247
823 642
851 302
758 519
86 216
449 671
479 505
12 826
942 894
371 835
57 263
842 89
707 546
556 523
790 31
557 441
516 371
21 219
568 174
658 632
601 993
925 34
711 906
820 393
504 122
963 357
849 417
637 286
217 589
663 750
503 931
981 27
926 63
225 465
294 239
668 688
438 535
264 82
798 514
482 150
393 711
110 147
99 858
922 171
354 704
742 564
355 644
448 501
236 621
502 74
742 174
20 495
237 314
955 109
958 384
452 862
1 255
430 600
898 678
953 207
845 307
867 94
866 842
471 772
470 622
585 84
475 905
314 655
316 68
583 88
848 726
823 472
360 39
313 139
571 779
137 74
359 473
406 543
502 433
145 371
117 502
745 687
573 23
437 973
953 919
52 43
571 468
461 290
586 40
417 882
220 672
421 847
858 151
920 611
869 676
606 725
664 260
967 112
937 670
580 355
635 232
20 769
932 126
619 485
850 537
78 322
350 537
543 283
83 805
145 711
409 813
943 305
718 81
626 707
638 753
793 235
461 365
818 93
390 849
317 619
575 934
86 885
605 487
89 430
811 823
280 32
477 25
901 9
124 36
374 776
465 613
288 867
467 877
232 177
699 559
145 375
156 738
934 812
520 255
397 13
70 732
45 279
222 554
412 698
105 393
162 258
559 686
924 367
893 962
365 729
196 288
120 392
421 124
85 726
967 198
915 3
632 951
387 763
319 472
532 168
906 247
603 92
294 88
303 538
750 258
677 77
448 698
939 304
937 552
907 571
78 527
617 647
298 145
166 848
616 5
214 669
546 795
896 872
622 918
682 944
926 451
833 518
265 353
130 793
10 850
841 719
658 305
633 512
53 906
218 701
955 350
38 123
234 122
981 211
170 646
747 965
101 983
880 854
658 345
804 643
711 197
535 922
101 611
232 807
10 521
478 925
206 105
83 884
260 963
191 569
228 267
697 35
133 416
9 421
533 572
751 582
643 469
33 479
98 397
182 661
492 18
436 487
124 395
599 219
771 9
698 205
19 988
644 712
973 672
551 997
380 335
736 494
521 898
530 479
941 534
517 363
849 38
601 482
120 940
26 864
466 479
85 978
24 898
878 128
355 652
465 638
667 516
591 854
430 638
129 873
982 475
275 302
788 997
418 397
426 744
77 446
85 921
418 759
493 771
300 556
894 31
828 519
729 94
321 661
121 796
890 334
532 173
367 954
281 686
525 90
144 129
23 851
898 229
157 565
280 405
150 713
187 866
270 605
668 170
931 409
829 18
261 194
503 772
254 456
752 771
845 988
157 847
7 366
452 256
394 962
833 887
0 223
288 190
527 81
979 498
912 642
644 191
397 330
782 503
118 464
953 997
373 408
611 515
860 595
68 993
25 410
154 597
696 759
815 920
528 242
919 611
742 547
831 301
645 634
780 105
414 576
190 174
356 995
22 152
188 111
514 11
890 308
920 963
317 541
589 685
345 690
225 808
935 257
403 511
590 58
794 398
962 137
506 831
398 336
316 957
51 690
321 2
148 973
296 886
0 908
51 224
847 106
965 592
187 96
935 470
54 332
818 374
332 722
474 779
755 946
803 317
875 187
549 587
595 949
749 757
908 885
589 928
973 698
42 81
42 495
889 340
665 865
259 27
905 420
368 392
449 962
146 908
561 67
796 450
605 653
568 467
119 566
780 969
30 990
934 528
861 508
105 226
76 274
688 25
431 706
594 917
447 231
443 282
570 27
837 11
538 780
510 908
498 973
791 978
529 118
759 927
825 90
510 410
256 709
370 927
371 960
534 950
937 297
549 714
51 767
282 499
601 952
642 371
756 808
151 115
990 168
999 677
16 835
38 233
45 247
775 368
556 296
927 900
50 945
911 941
161 788
657 109
542 523
965 517
335 924
344 288
647 253
908 964
70 292
972 265
993 206
265 303
209 14
224 82
58 500
774 712
624 787
357 496
951 699
947 687
942 377
528 42
746 77
892 320
550 109
104 719
56 200
606 983
541 524
25 79
753 335
823 256
201 763
537 378
581 183
858 512
288 515
368 779
832 759
167 275
17 734
916 890
51 886
807 41
706 292
327 156
961 535
990 392
128 843
538 713
383 530
431 29
233 516
683 146
879 307
859 839
618 783
265 816
235 481
354 214
141 285
639 901
515 188
651 221
512 157
574 651
107 953
673 669
13 482
11 828
834 503
643 229
214 787
831 477
96 399
387 386
915 783
206 940
362 0
542 872
294 690
787 202
266 537
363 947
534 724
989 292
598 903
369 776
217 2
807 873
167 29
222 977
608 81
140 511
344 508
479 663
7 832
893 305
181 894
390 811
576 746
321 439
809 303
37 514
479 666
44 732
434 783
473 518
726 602
664 594
428 656
743 33
385 559
762 14
398 719
818 9
966 272
707 608
326 3
832 129
334 182
219 31
147 150
887 669
221 956
426 82
289 675
198 512
508 730
472 67
473 53
973 878
341 820
747 128
8 902
655 813
727 247
943 689
727 428
897 265
914 748
370 36
453 340
872 898
855 576
136 42
656 607
665 512
796 424
218 110
374 168
429 349
287 937
587 998
585 954
498 581
453 661
976 50
264 923
641 954
490 263
315 460
361 283
522 930
269 188
771 468
14 884
512 23
994 686
391 722
671 49
370 612
286 569
699 886
812 844
346 488
556 718
389 984
768 540
230 78
209 671
303 124
723 57
264 342
828 298
594 531
411 751
646 625
457 53
540 598
475 209
421 59
816 383
760 746
289 95
314 710
476 15
967 724
423 321
989 110
692 696
858 361
850 971
386 695
931 288
927 508
79 429
95 77
201 916
300 0
369 474
718 552
67 839
750 32
16 356
638 67
632 48
946 491
553 658
776 13
768 438
282 803
401 249
648 360
926 123
695 53
408 327
242 805
811 417
0 559
323 329
194 519
51 266
595 61
789 272
377 694
902 934
581 33
847 19
208 752
453 960
880 600
436 699
27 242
553 639
388 820
609 637
137 180
499 365
452 282
691 283
139 795
90 210
251 483
860 914
69 762
804 782
759 857
535 549
973 736
901 733
154 858
670 247
192 455
655 183
701 122
836 737
46 855
320 985
68 497
136 87
8 610
532 647
231 261
936 531
968 507
846 309
817 58
557 263
862 921
83 443
775 491
163 812
281 502
600 517
980 892
709 293
35 53
541 872
726 219
775 653
860 292
289 860
159 909
827 281
528 39
676 6
632 17
209 554
177 316
794 567
692 298
575 664
340 788
557 453
83 934
468 79
112 849
103 385
967 758
450 706
116 737
947 404
964 944
890 566
357 707
815 730
832 818
610 775
536 705
68 677
221 462
926 254
433 181
864 395
806 366
32 885
827 745
253 318
115 470
893 48
386 241
111 561
562 312
60 288
128 40
7 80
841 115
411 926
40 223
863 976
612 170
484 838
235 437
498 618
931 40
622 36
769 820
737 258
644 125
285 736
991 67
852 66
165 119
914 381
97 669
331 412
228 988
729 254
903 388
274 740
235 308
308 89
373 535
86 171
986 902
716 927
334 199
636 576
841 945
747 943
396 371
153 349
168 763
140 301
213 308
827 95
422 962
711 471
537 429
956 454
58 347
924 843
613 603
850 446
99 57
371 767
721 292
515 466
414 478
783 678
482 2
230 330
794 485
146 756
457 907
615 339
648 662
313 749
403 567
200 192
612 122
455 448
826 300
579 191
409 992
705 953
269 585
184 269
423 585
115 667
578 600
229 56
506 431
710 672
255 463
520 269
342 868
773 896
85 145
490 721
706 943
837 179
689 830
112 852
256 805
53 606
270 410
586 819
442 659
81 951
351 680
189 64
923 781
246 725
150 269
825 320
608 151
932 775
886 629
665 74
809 750
644 41
885 243
236 165
150 406
970 951
21 59
687 96
978 700
112 808
778 898
64 293
747 635
601 864
529 268
282 27
820 5
182 734
470 463
536 935
354 262
212 23
636 336
768 367
722 379
341 660
906 514
177 570
890 732
391 787
501 434
467 132
38 732
185 480
763 663
607 236
537 84
176 732
600 868
52 448
438 110
814 707
167 783
457 287
868 154
194 138
799 615
562 407
518 994
377 445
805 976
201 572
779 744
768 608
836 36
334 978
75 553
176 203
752 330
580 668
279 328
448 508
789 853
812 205
905 491
417 374
899 435
890 808
251 973
893 810
67 639
924 677
613 264
621 224
87 91
958 9
632 529
807 553
510 441
232 116
986 974
108 888
876 377
691 530
567 887
112 536
354 434
806 656
634 74
865 309
208 58
826 279
410 390
934 160
207 658
313 537
286 632
970 829
845 309
490 567
537 714
758 456
730 392
245 490
747 656
513 253
633 886
429 402
706 945
420 995
376 299
408 322
226 427
334 835
801 400
653 20
653 115
38 599
369 828
998 249
137 413
841 973
433 194
835 603
932 843
933 350
946 412
383 751
132 303
389 54
886 955
240 711
711 244
675 700
812 164
260 271
776 775
571 126
817 887
841 673
114 468
526 648
331 852
133 821
637 79
523 605
69 787
828 437
357 894
890 905
882 554
679 396
45 646
536 646
504 129
267 162
222 641
829 985
216 615
235 124
865 12
357 566
248 36
562 723
72 371
342 461
653 345
18 934
300 233
420 323
430 160
315 421
6 589
579 988
389 846
55 29
480 308
344 355
37 362
18 603
401 860
537 671
324 190
56 690
105 231
225 311
15 669
397 516
740 246
417 930
226 265
562 121
408 696
358 34
740 481
414 388
8 850
193 514
956 834
922 394
52 381
447 390
72 620
416 229
525 536
349 731
860 787
966 102
493 349
759 360
773 115
749 221
434 853
365 355
81 939
666 586
661 932
761 207
699 799
183 324
819 925
391 768
201 326
279 879
247 101
105 672
815 828
582 18
463 590
552 232
86 847
646 791
79 866
122 95
621 677
480 525
907 480
919 692
784 768
262 720
365 604
455 306
600 551
615 327
841 235
9 346
250 4
976 705
697 338
322 921
760 479
234 71
861 530
664 705
283 73
778 310
112 64
972 409
776 158
893 804
409 663
812 595
648 596
549 413
879 429
788 95
922 694
957 608
237 422
276 409
581 65
226 343
867 53
671 455
508 973
276 821
778 963
282 545
387 483
452 781
857 618
515 581
807 576
970 881
383 271
465 896
294 687
544 741
126 292
203 586
752 316
277 497
388 776
629 881
659 478
515 696
336 627
870 142
811 941
337 431
962 740
657 939
338 861
148 752
796 319
722 494
830 730
497 582
649 345
515 263
629 928
321 138
758 43
619 107
743 611
43 703
633 11
191 257
95 552
369 596
931 879
21 359
555 186
372 624
371 653
790 85
265 369
407 483
727 99
380 641
155 656
65 101
374 674
498 739
255 170
364 249
338 308
614 932
72 465
510 454
617 12
227 662
262 957
426 519
171 136
100 77
966 902
879 727
615 540
665 945
856 965
894 711
542 568
366 870
839 290
296 604
110 775
839 595
396 722
539 331
491 560
213 246
688 12
885 617
516 410
613 941
191 14
196 316
413 910
930 899
458 460
897 303
967 79
673 845
241 200
246 454
470 202
97 137
584 255
439 338
977 189
142 426
172 933
779 211
507 103
89 960
506 109
37 480
426 725
809 529
662 974
677 820
330 597
428 113
361 270
561 844
455 400
136 645
286 120
357 603
831 367
133 689
478 954
238 927
373 288
165 207
671 522
644 651
742 391
999 488
537 404
505 235
791 342
845 599
84 758
425 286
373 548
74 874
763 656
539 219
405 248
870 423
467 379
766 663
320 11
18 63
64 888
295 44
720 635
771 583
703 37
441 414
142 487
488 204
243 958
179 270
734 761
253 92
981 0
226 542
645 477
128 75
5 714
332 807
89 863
688 215
157 224
522 293
592 486
680 324
478 340
916 675
945 62
861 164
3 913
380 210
174 50
566 228
411 509
189 507
623 443
887 269
18 55
373 180
341 317
811 903
725 174
217 753
73 846
892 775
229 110
876 893
891 558
857 642
348 227
63 105
497 16
651 991
54 571
662 850
776 261
414 590
427 6
705 821
733 880
523 376
746 513
892 99
973 179
695 298
920 426
307 616
913 778
650 535
81 247
943 577
643 232
413 438
64 169
264 227
455 638
315 663
301 383
198 689
17 285
940 352
247 911
713 172
112 479
653 217
704 400
449 602
164 137
41 500
685 132
978 585
572 938
283 231
805 6
707 461
13 970
750 424
754 96
257 791
168 350
618 871
309 806
584 265
408 119
527 352
350 504
641 48
433 338
124 626
171 74
285 8
85 680
142 234
290 443
307 284
712 808
959 828
889 329
540 292
346 797
287 404
153 845
847 306
361 719
573 723
551 453
318 864
797 563
606 846
69 730
272 644
103 927
105 646
141 656
708 858
523 273
35 220
973 223
342 975
647 108
419 167
287 448
928 480
842 795
394 254
9 246
849 172
161 453
564 996
565 542
665 919
586 720
471 261
89 759
787 832
147 955
289 633
646 785
375 767
804 617
390 637
102 336
618 989
722 707
191 744
481 702
180 816
723 99
489 231
281 340
20 157
401 472
573 834
715 348
372 594
864 438
314 41
248 982
168 638
25 972
593 14
375 943
528 312
615 440
929 788
600 468
541 578
570 259
268 5
628 98
15 832
265 165
651 745
475 336
161 142
454 304
8 367
991 375
271 511
442 982
254 106
783 859
422 410
725 621
717 841
135 706
692 604
658 91
761 398
852 205
335 146
521 227
471 363
75 514
125 35
375 818
647 977
324 675
624 384
665 137
650 588
868 107
498 181
321 531
659 460
788 955
880 41
69 910
938 392
682 494
991 739
607 189
947 256
150 313
106 107
776 2
594 878
939 615
394 419
572 541
770 976
939 700
637 687
916 43
158 979
661 507
613 346
3 92
354 400
381 520
783 529
514 867
150 14
742 146
786 849
986 804
57 861
557 690
450 79
921 2
643 801
514 4
383 202
709 400
305 163
869 179
221 681
707 616
314 207
932 101
792 838
95 824
558 967
439 567
568 459
876 652
219 105
173 120
530 215
8 887
916 494
74 203
946 897
508 945
285 629
644 615
19 443
936 696
578 806
960 632
363 188
488 587
220 929
934 965
539 774
25 687
88 311
119 169
311 952
337 247
894 714
149 315
289 266
377 886
261 428
510 117
80 68
603 714
251 880
530 432
398 393
954 598
126 724
597 380
20 615
426 0
861 727
573 800
940 408
133 349
930 913
293 800
915 320
464 253
807 237
300 45
86 45
844 401
505 732
359 920
57 839
527 280
182 641
615 661
866 201
754 920
403 955
281 348
706 741
789 442
943 864
175 240
406 272
194 838
891 669
268 410
874 918
457 578
752 372
838 811
716 905
650 754
700 229
187 912
976 284
483 185
992 251
885 973
83 529
419 818
254 835
268 280
46 139
850 735
540 457
463 591
849 691
831 707
169 502
555 479
673 597
579 593
413 711
290 91
22 828
622 489
549 679
577 136
696 904
349 800
178 679
518 698
637 254
380 697
157 900
889 540
514 850
542 156
831 864
785 889
748 354
756 45
566 864
362 303
548 214
843 738
266 519
615 536
672 752
360 783
342 270
17 955
696 580
630 300
927 733
246 135
76 272
987 366
190 787
700 103
531 71
623 927
243 511
713 95
383 306
223 145
952 402
912 452
39 649
569 31
771 49
508 384
900 732
581 416
373 321
269 566
885 744
571 27
920 172
93 868
772 749
580 949
627 2
525 741
347 211
148 657
686 29
691 937
939 812
793 275
411 843
42 633
515 50
702 391
400 200
582 441
107 380
548 572
970 724
313 46
713 905
847 149
154 436
164 180
541 945
873 107
874 218
159 910
969 568
21 960
573 797
427 538
601 137
752 493
317 874
987 943
106 738
400 997
120 362
559 51
765 99
240 848
338 151
622 752
611 981
850 931
969 604
787 776
834 51
371 899
872 859
691 599
196 480
566 391
415 958
984 100
638 748
482 266
351 102
119 205
922 988
629 872
5 206
460 639
754 989
293 491
910 493
924 107
467 792
711 727
572 895
871 124
609 591
268 819
783 257
53 997
383 341
610 774
778 87
779 204
331 525
675 284
69 830
275 540
437 127
924 45
215 145
224 378
643 662
323 504
408 709
877 215
622 927
306 364
186 97
218 928
959 664
625 8
489 57
389 525
172 938
4 222
13 796
528 708
148 943
432 263
970 311
750 37
612 382
82 700
169 714
587 170
586 802
739 268
767 151
407 558
477 258
205 719
663 131
60 732
952 67
368 200
319 673
591 494
492 587
794 666
319 622
502 692
759 265
46 197
940 555
338 108
791 581
998 320
103 854
208 418
943 640
4 634
327 188
808 970
560 3
405 426
46 879
922 266
851 269
170 420
143 419
927 817
745 179
113 104
50 58
537 211
926 999
574 146
195 638
318 700
317 7
310 708
697 735
472 334
867 616
886 897
9 850
804 828
436 814
91 619
368 658
203 311
649 200
730 763
42 491
749 539
783 873
516 749
854 777
575 878
160 726
412 795
409 84
373 343
227 326
681 624
659 791
721 533
340 404
340 87
661 624
39 582
449 326
973 285
937 432
969 399
388 17
92 598
999 616
64 556
269 613
6 103
513 855
715 295
702 53
956 345
709 768
620 967
818 919
340 546
192 643
607 438
744 879
541 758
619 65
176 404
334 395
941 545
483 966
152 892
132 993
86 589
964 585
968 82
419 771
794 474
538 924
554 918
110 213
128 564
105 244
323 352
102 493
745 625
511 690
701 207
953 137
549 734
976 293
3 897
719 612
166 130
531 251
842 555
441 16
751 642
422 128
484 552
762 136
92 766
313 632
598 458
575 663
539 113
29 135
759 481
903 624
59 613
306 525
615 107
930 434
138 873
994 78
773 824
591 655
460 237
571 366
692 198
315 729
614 940
412 310
948 723
343 74
794 919
748 461
503 573
979 180
955 150
606 485
310 278
424 761
269 261
840 220
129 482
699 311
696 282
367 521
413 590
899 15
319 973
945 854
256 16
270 222
247 492
805 828
836 675
515 411
142 514
720 239
78 293
54 248
895 293
83 683
701 666
805 849
73 968
694 218
570 613
297 39
809 288
862 122
550 219
390 532
804 9
341 997
125 544
886 612
640 551
960 655
201 279
335 432
715 594
415 650
336 408
739 778
152 239
596 774
827 833
846 567
727 949
619 525
459 967
632 266
685 601
747 512
843 651
407 380
329 897
181 355
402 60
454 84
663 559
737 565
975 142
717 562
651 77
652 454
583 169
394 240
487 446
375 410
768 575
112 221
381 593
577 758
836 766
440 743
808 503
401 265
685 580
876 449
220 474
555 753
898 805
411 309
227 922
122 72
223 506
499 226
430 533
533 338
161 825
860 415
483 720
382 117
526 407
649 344
27 761
384 894
687 78
822 23
371 718
326 260
239 828
994 360
499 422
753 32
251 624
384 614
305 635
636 574
212 252
701 123
483 594
66 770
655 872
798 392
734 205
814 467
134 345
375 589
931 509
315 737
530 360
770 372
536 469
467 22
348 760
507 993
300 509
292 876
60 392
660 231
54 864
953 540
166 758
102 286
37 116
138 432
46 5
432 143
475 278
979 432
389 466
908 930
371 630
920 25
23 842
341 878
438 180
661 192
861 518
570 250
387 786
526 89
834 338
251 258
517 306
453 843
280 204
146 129
540 193
270 670
141 838
32 804
803 78
385 277
225 804
660 184
972 820
610 715
537 894
34 5
615 365
672 647
729 119
958 198
244 189
465 328
494 193
669 797
388 93
734 247
758 956
964 936
265 498
876 707
559 397
896 774
749 747
288 641
66 724
266 14
76 655
811 91
147 545
580 443
612 599
437 586
863 119
581 70
405 481
341 361
848 950
629 584
742 138
311 8
31 167
461 878
937 917
470 110
697 361
175 464
362 19
410 411
856 112
689 788
234 948
610 570
59 351
502 122
390 292
67 975
668 514
636 847
825 681
555 820
651 543
315 615
429 700
710 925
590 991
358 943
54 197
335 903
533 2
817 455
759 526
521 219
269 534
88 983
83 398
860 814
919 43
176 956
115 135
441 600
240 134
836 669
266 1
262 293
946 132
132 606
844 192
798 844
653 655
167 610
913 591
695 2
608 679
127 725
127 849
783 767
53 195
803 614
391 279
766 14
748 607
39 710
294 301
116 88
536 612
762 432
10 354
556 670
500 80
202 773
943 126
624 926
690 131
333 746
254 910
310 555
400 879
941 127
233 656
30 934
945 159
236 608
561 306
727 905
824 118
360 395
884 755
245 421
30 507
349 705
235 670
215 435
178 27
887 248
643 742
730 442
868 512
836 53
239 837
297 144
740 65
389 633
648 12
201 408
392 372
633 85
573 564
484 653
698 597
591 532
149 621
382 102
306 873
6 649
748 566
473 517
488 682
601 898
204 232
328 392
117 166
833 385
971 90
114 501
844 395
816 812
20 89
642 316
215 483
700 0
86 669
647 444
660 678
256 746
61 763
639 258
37 591
378 894
422 789
669 368
40 512
25 367
377 126
413 284
121 224
648 97
458 965
738 890
422 412
736 631
789 999
857 942
364 934
153 496
955 783
989 697
873 690
496 719
27 541
163 613
377 729
805 674
244 239
761 493
266 412
953 702
328 931
5 123
692 868
806 337
945 247
709 162
671 193
62 221
448 254
307 848
104 102
1 433
189 414
113 141
752 615
128 115
595 394
285 731
587 745
182 857
479 654
855 980
818 44
860 864
135 944
327 609
878 709
847 610
65 728
150 437
900 946
503 660
995 293
868 682
24 859
401 376
459 218
883 739
687 704
367 3
561 634
508 671
728 734
779 377
132 235
868 703
294 356
867 179
720 624
371 189
448 930
867 965
815 956
814 780
662 444
317 869
496 541
968 374
212 20
641 40
145 657
74 25
361 833
303 320
316 876
776 551
659 467
554 612
546 775
375 569
84 494
941 804
718 368
232 761
565 879
771 296
409 588
825 274
776 265
973 824
848 711
947 855
176 951
848 553
778 732
835 428
141 289
567 23
335 936
103 907
585 25
902 494
244 245
163 607
445 824
319 422
541 252
662 176
995 603
159 44
739 587
399 669
153 712
451 265
5 737
768 79
665 738
963 685
578 874
519 782
776 290
603 744
102 675
809 960
665 770
404 358
729 681
479 569
262 544
81 183
798 794
728 651
54 326
160 6
120 32
317 779
546 57
445 833
27 999
293 345
598 618
967 181
393 547
200 656
234 264
970 113
601 266
559 422
90 575
452 687
817 239
775 76
997 21
801 411
745 270
491 525
900 252
123 39
292 269
0 373
984 658
466 937
654 296
554 575
396 315
393 53
708 518
71 785
220 290
115 598
658 142
25 740
197 757
710 548
586 683
284 94
268 719
286 453
413 264
738 810
461 389
183 650
195 355
82 266
641 556
48 26
2 437
519 453
928 317
804 677
624 319
395 244
236 423
448 377
687 538
253 953
405 51
653 327
924 302
327 704
237 80
103 47
537 238
157 228
678 618
606 587
447 771
684 177
176 970
736 297
309 201
14 57
364 148
140 569
476 97
42 480
393 70
742 788
649 737
6 394
827 151
666 629
758 108
2 414
453 789
492 920
89 978
983 726
157 188
821 486
879 190
351 884
466 731
452 567
530 46
194 309
11 381
609 214
706 878
214 472
691 410
776 196
264 167
412 323
669 88
533 660
563 979
563 35
587 385
183 194
132 569
69 217
474 701
27 871
473 609
208 367
706 877
239 818
114 762
475 345
274 442
252 268
594 931
990 656
658 200
206 724
87 247
164 496
167 713
697 968
415 743
875 735
685 926
333 922
630 640
944 659
957 527
268 405
135 835
611 438
190 703
140 317
490 86
789 79
812 584
166 972
143 222
74 505
480 355
805 965
725 681
128 640
313 20
588 954
974 463
398 823
669 9
338 131
758 552
640 864
117 291
318 795
965 891
912 866
289 701
783 851
836 120
549 452
59 560
446 938
793 569
171 897
946 853
182 311
814 831
251 413
598 113
463 636
521 711
207 520
976 476
744 992
892 709
237 491
943 951
215 761
395 599
255 758
231 334
315 254
500 25
287 221
161 909
346 563
233 891
323 386
800 868
905 999
110 500
246 68
911 648
139 88
515 523
848 201
276 609
869 240
355 159
404 178
620 204
616 444
634 844
99 868
510 590
751 340
560 102
457 467
771 199
414 340
804 842
706 397
19 143
583 645
306 231
138 967
485 213
915 984
968 281
967 605
320 56
407 13
292 654
217 607
659 689
298 832
791 664
374 935
643 626
727 149
716 182
701 401
968 576
786 596
95 40
966 740
607 246
819 858
258 264
725 437
305 750
473 907
284 875
691 820
319 136
459 671
139 56
472 74
118 171
520 284
755 756
711 164
757 770
54 159
695 182
513 361
73 724
92 980
518 28
812 938
192 15
374 390
778 803
347 617
745 108
17 163
641 759
804 451
58 923
661 955
746 176
975 765
914 761
35 539
35 151
695 87
919 294
38 522
371 55
363 186
935 526
437 513
343 913
725 344
451 861
899 743
555 948
424 978
327 46
538 255
862 48
184 413
451 739
884 84
942 777
628 428
845 361
368 850
101 670
254 280
552 152
83 531
252 893
347 908
124 331
705 32
528 593
54 966
0 624
831 387
810 351
840 779
800 472
215 718
146 946
769 971
125 15
249 504
347 290
703 391
423 613
229 191
221 105
692 408
811 909
113 872
455 413
610 29
226 227
190 946
296 416
338 197
958 130
405 207
605 507
38 58
442 116
97 850
771 54
417 658
442 551
496 603
593 723
200 603
155 920
235 700
675 592
664 268
14 808
989 325
539 338
420 934
429 37
750 592
258 336
288 429
37 437
734 312
872 567
177 676
721 74
4 344
688 434
638 957
10 799
91 207
660 189
111 964
923 669
241 821
731 347
362 150
868 148
224 184
340 706
962 539
138 746
943 874
10 360
277 19
436 518
36 169
26 513
623 938
305 940
280 623
645 743
587 794
986 443
109 396
757 293
54 144
946 96
289 116
208 261
792 335
642 559
450 822
822 830
689 481
72 393
971 68
726 588
980 185
339 983
573 372
918 486
383 332
133 104
137 544
198 873
107 722
475 56
175 180
277 313
131 332
693 552
369 347
380 554
785 250
67 181
544 267
146 540
601 160
692 561
68 877
201 369
135 536
382 336
133 412
409 36
191 444
599 349
205 429
157 592
811 453
935 448
851 124
651 978
240 383
177 737
355 358
118 919
365 418
435 572
932 159
525 401
109 314
627 18
317 739
521 805
938 631
469 726
46 355
590 47
958 518
144 239
512 916
147 829
288 895
71 104
934 451
740 104
841 943
412 738
548 514
406 317
850 998
358 513
252 106
471 663
785 190
530 219
650 72
534 307
959 387
172 582
75 248
417 325
570 83
804 531
810 79
17 493
75 385
42 723
918 128
200 341
581 419
654 694
267 715
597 517
734 988
7 460
375 749
846 482
752 978
737 561
47 668
990 963
799 613
383 325
357 4
49 649
973 829
463 532
62 376
53 671
618 162
69 809
588 659
455 631
838 545
43 141
235 114
875 539
511 856
414 92
993 974
350 381
493 642
925 874
918 913
292 651
401 954
564 761
343 836
696 990
408 346
66 530
909 360
652 434
932 759
700 135
348 837
901 100
759 252
489 409
626 917
769 527
34 279
805 453
59 57
953 987
548 136
93 43
753 497
154 628
699 125
892 196
698 557
842 664
940 576
757 462
181 259
233 156
695 149
820 425
574 191
36 127
796 267
889 157
658 5
241 910
674 471
580 962
346 693
48 219
414 578
97 793
742 435
103 991
558 902
200 487
92 79
180 870
183 284
554 89
68 187
108 639
204 897
29 53
340 149
526 109
762 193
198 894
76 42
39 23
939 581
946 837
993 776
785 798
24 562
999 929
416 358
993 563
279 95
644 592
560 603
288 508
614 470
573 580
366 661
486 182
343 936
843 261
925 31
596 295
442 76
842 109
109 463
354 381
601 493
903 568
814 354
249 745
716 427
993 456
449 385
809 813
225 339
991 631
559 450
331 979
190 397
781 534
364 438
785 125
525 81
464 822
888 55
306 775
663 886
146 973
586 952
23 925
221 497
412 674
208 321
648 412
67 534
307 531
939 967
483 908
661 308
667 288
943 641
932 460
147 660
903 871
154 721
89 498
392 871
411 792
402 570
987 676
681 986
186 407
183 554
842 756
307 942
433 953
380 432
415 576
749 887
209 823
24 552
28 129
819 240
202 941
618 116
369 655
623 738
88 343
939 769
250 97
296 478
669 250
538 288
413 127
45 690
500 533
771 721
791 155
837 829
725 241
744 999
483 100
782 431
294 376
880 234
356 629
695 213
997 630
686 272
512 276
878 828
967 220
25 609
459 889
225 12
999 166
627 111
118 521
858 117
579 438
41 187
354 607
994 558
123 541
251 514
521 349
724 445
679 560
839 227
261 727
639 176
934 453
419 307
451 436
120 272
446 450
871 497
623 889
504 29
518 317
189 954
111 815
894 478
637 54
195 816
877 141
983 149
453 402
528 483
794 924
948 371
5 237
465 133
993 496
49 331
37 862
132 539
158 634
503 439
850 905
33 693
300 19
512 361
968 326
148 542
230 172
337 319
225 257
615 532
510 563
856 270
939 244
112 887
279 620
667 725
76 533
130 715
126 464
625 49
471 206
84 90
462 905
463 188
137 745
375 330
865 950
478 135
690 100
625 329
260 127
19 972
269 722
117 150
650 978
686 722
356 765
204 813
497 688
961 760
62 60
151 669
49 110
253 114
888 633
895 732
569 786
961 130
36 301
784 40
318 965
378 545
127 42
898 624
438 988
307 990
253 379
728 403
725 775
210 842
320 461
336 371
724 942
986 32
141 754
395 506
801 567
766 619
174 346
903 638
706 845
596 730
915 580
412 713
252 828
270 749
624 482
80 199
626 303
893 447
679 964
161 696
934 192
577 339
322 592
174 623
640 63
602 894
143 207
520 998
798 762
248 801
995 461
430 657
780 641
605 238
125 918
823 104
106 186
744 952
313 173
968 608
569 346
863 31
581 479
654 544
792 300
407 155
961 162
830 671
635 130
543 295
46 631
466 699
969 248
972 340
867 481
148 779
205 147
303 801
45 341
491 794
239 409
960 743
82 701
402 912
34 566
666 711
546 364
390 72
963 317
517 88
552 408
434 446
645 219
584 810
645 841
988 410
978 62
228 605
962 693
38 633
933 941
751 49
982 568
196 681
844 655
984 463
833 419
747 892
564 766
369 489
486 219
620 993
114 665
244 474
690 403
697 625
710 265
239 678
212 446
332 896
531 410
231 490
287 12
911 228
153 753
17 970
542 947
60 967
170 970
540 364
610 583
569 380
647 920
352 117
565 809
421 749
303 790
200 991
423 571
946 530
496 771
953 673
713 603
69 73
737 633
990 295
308 202
655 957
522 413
136 839
630 814
922 321
848 712
902 901
964 499
165 671
945 686
908 907
69 753
248 267
553 82
164 83
866 952
655 977
129 1
147 685
490 932
929 8
985 287
882 679
13 294
890 262
266 345
322 686
132 983
883 370
286 963
170 466
438 907
301 319
653 339
482 889
222 173
854 1
900 702
94 718
740 413
50 317
46 936
955 393
208 694
934 626
513 579
660 825
8 229
384 627
466 616
83 128
769 415
490 249
456 419
103 514
33 377
500 161
516 592
822 546
301 456
12 22
200 481
841 743
518 557
315 834
751 996
7 697
509 654
26 370
263 602
551 694
598 35
256 723
787 858
948 763
16 115
672 835
696 156
766 893
674 139
49 890
79 693
185 692
204 64
310 253
705 807
796 297
888 682
174 622
363 525
121 639
332 235
682 581
489 608
564 558
221 262
202 118
884 266
655 1
870 529
98 294
158 397
151 376
504 547
881 39
859 877
533 116
345 436
342 976
440 636
243 221
536 675
238 823
845 231
213 879
275 267
972 411
993 85
174 378
310 333
45 579
231 279
277 76
891 145
635 290
14 792
402 885
463 184
294 188
645 39
192 776
134 633
334 331
421 972
949 4
36 225
998 801
489 793
538 188
26 361
754 520
661 776
127 544
838 268
833 267
127 195
625 581
870 301
157 250
299 711
33 31
504 630
124 559
646 118
737 821
975 386
801 857
247 997
971 524
160 990
91 691
983 185
296 959
195 958
895 238
983 476
986 533
94 683
643 281
51 27
277 891
141 537
983 762
192 889
820 62
895 634
625 113
37 533
706 236
206 560
913 981
696 135
138 158
257 872
740 781
562 77
65 40
716 695
203 545
433 373
997 82
407 961
834 351
769 271
429 283
578 352
634 914
605 219
126 645
4 516
130 126
411 645
658 528
987 6
752 336
623 276
740 430
374 576
169 479
897 848
676 937
205 732
831 111
258 702
573 809
548 306
433 125
574 644
574 290
229 447
399 434
981 786
155 998
661 123
725 198
657 214
94 220
996 173
76 846
17 579
7 247
282 182
113 856
226 666
679 848
855 885
644 409
542 791
594 960
531 780
13 141
358 11
843 421
812 800
57 969
972 831
124 111
58 625
915 314
566 143
334 966
901 15
400 859
652 484
117 566
924 911
652 5
186 778
291 223
384 683
945 109
582 211
373 537
652 45
855 825
615 503
106 420
405 918
276 332
679 128
322 819
456 569
441 190
895 373
906 972
313 685
143 845
112 776
9 468
267 490
612 128
17 753
777 557
439 352
421 589
951 921
71 982
328 336
404 695
595 247
867 149
685 941
46 318
756 577
448 41
983 827
148 811
835 83
705 213
378 83
184 121
37 467
918 513
129 691
133 998
542 28
393 249
208 477
208 90
55 171
289 326
273 355
448 409
469 955
584 260
849 852
830 785
549 472
638 464
357 801
528 399
187 199
106 365
870 918
614 226
272 117
975 869
589 740
546 214
1 806
402 138
431 68
507 748
208 846
711 255
494 290
420 476
672 444
127 668
430 708
840 861
939 37
483 44
384 925
277 861
780 469
964 534
870 33
10 80
277 718
92 423
589 700
601 311
810 607
293 588
129 454
327 200
393 620
418 469
354 382
770 604
395 452
678 68
673 161
68 803
900 32
922 772
639 741
912 437
157 149
95 308
434 852
899 813
61 893
136 149
321 1
665 22
630 667
802 311
953 187
165 865
468 619
418 335
898 253
683 120
218 821
693 278
293 948
79 532
93 696
804 49
535 785
495 161
26 4
43 981
448 699
454 619
644 530
352 695
641 291
879 777
707 879
520 731
686 85
702 341
536 12
616 904
811 734
73 612
831 845
993 336
149 713
667 672
252 587
474 638
405 707
568 851
457 30
828 895
524 355
505 815
501 4
336 347
664 208
216 559
639 171
676 582
468 642
371 963
356 594
214 350
352 795
329 987
389 922
775 463
621 428
421 780
193 626
938 921
679 285
498 98
639 992
126 531
86 538
907 164
306 862
919 42
28 813
799 179
662 666
222 366
584 70
250 196
832 996
536 585
482 964
257 505
237 207
613 8
583 494
568 360
86 265
355 928
264 807
454 936
262 493
864 904
46 267
11 327
268 605
573 624
265 453
273 973
96 291
95 949
775 662
714 452
654 880
324 910
164 752
931 58
716 109
799 100
835 446
798 694
633 347
748 349
968 0
250 392
791 726
271 527
277 643
351 934
525 823
260 928
739 592
215 764
355 819
758 755
223 435
798 620
277 237
968 433
252 338
898 625
208 948
858 763
494 98
723 614
337 505
621 102
121 760
29 525
678 878
436 628
782 934
994 788
563 614
631 984
341 225
29 188
440 94
708 739
274 337
123 715
623 664
181 351
803 329
533 651
949 306
21 185
337 87
731 300
505 962
804 152
930 248
890 120
674 699
856 553
127 101
227 22
564 456
768 430
808 730
723 402
78 706
890 690
509 406
955 120
6 214
476 488
753 482
86 131
570 893
615 358
975 780
116 750
981 622
643 286
819 514
213 412
983 370
478 664
167 446
857 256
701 865
424 658
420 204
862 878
237 143
285 636
985 99
906 485
131 812
473 951
109 557
299 385
352 621
461 860
724 346
544 398
363 943
300 751
332 37
618 113
233 424
890 505
706 992
852 654
684 388
996 2
673 53
682 40
266 711
619 493
743 564
986 623
647 598
120 887
160 371
931 965
758 592
790 216
708 317
216 242
793 381
876 877
959 639
314 609
545 568
698 259
860 733
155 755
28 314
254 68
267 486
880 753
457 834
86 269
818 488
50 401
867 556
610 295
357 264
666 575
227 5
557 616
331 693
820 529
606 189
309 680
492 969
100 620
155 725
639 623
394 599
426 5
210 138
595 778
233 873
494 988
630 552
524 21
705 708
247 437
706 366
219 586
439 375
265 885
876 965
487 692
256 475
380 375
885 639
779 674
83 338
210 286
204 996
883 948
967 625
202 680
279 109
710 451
322 867
683 360
500 645
835 118
982 957
885 566
931 972
936 473
295 194
118 497
653 952
872 525
8 49
902 529
4 659
843 495
933 400
935 51
551 485
770 631
738 408
629 177
49 373
891 187
223 703
642 12
368 745
779 94
825 272
821 58
129 413
515 585
978 507
796 584
613 65
656 984
342 993
457 966
419 613
353 974
283 938
425 372
617 653
729 14
580 741
734 88
53 237
312 415
789 299
941 377
291 313
808 813
52 219
7 725
970 798
281 224
112 859
643 881
959 212
364 903
151 364
106 250
40 909
606 118
369 905
92 443
917 266
217 879
974 477
897 542
78 437
98 446
80 777
997 42
673 260
746 782
598 499
59 140
493 787
380 86
129 683
238 198
428 364
581 97
386 104
403 214
135 196
78 267
830 963
221 80
175 475
382 63
537 992
547 622
703 139
944 655
436 226
71 760
740 720
953 431
57 643
688 482
92 776
911 779
558 524
642 485
812 822
637 470
637 428
428 235
349 431
50 122
130 791
554 62
632 367
454 264
80 556
368 572
841 654
889 886
615 751
594 538
968 687
247 273
687 855
214 519
473 129
160 677
396 410
632 893
573 592
841 871
397 360
895 723
70 703
776 995
357 348
346 304
77 153
213 254
893 546
172 884
729 481
845 188
379 249
139 641
267 452
965 12
783 607
28 971
948 98
963 741
226 524
144 355
353 533
457 556
481 290
488 883
198 787
43 248
120 979
537 45
85 900
130 116
989 831
205 251
390 851
132 717
959 351
102 712
720 284
532 332
730 436
229 661
970 407
563 119
202 674
514 861
216 196
471 991
396 674
90 994
96 750
676 479
869 226
209 292
818 183
121 0
903 267
637 926
545 745
692 974
165 795
364 999
889 891
984 63
560 709
879 428
625 433
992 657
420 270
91 249
121 392
541 226
851 811
351 545
56 74
295 172
704 412
390 925
150 199
572 124
728 52
224 672
710 16
329 369
947 1
987 608
455 980
149 551
589 623
311 648
602 900
5 141
24 635
121 545
175 141
501 721
517 926
969 947
122 74
345 50
855 601
790 463
929 277
103 479
77 648
921 540
465 771
821 717
967 712
276 471
339 616
856 987
88 24
602 776
575 258
115 806
999 507
401 967
638 259
248 671
500 482
384 471
189 69
19 111
469 786
947 13
252 979
811 102
256 56
627 563
288 510
304 609
67 551
925 828
413 969
831 736
930 763
296 137
556 762
801 232
137 425
807 195
215 9
86 570
274 363
411 277
373 665
302 254
185 131
846 568
906 315
290 583
219 517
774 350
478 518
201 917
49 136
29 231
187 409
645 614
834 641
313 917
970 242
263 689
60 52
614 808
196 176
790 762
957 86
319 906
171 816
555 720
923 281
758 207
751 44
600 988
384 217
836 119
313 248
729 974
771 279
618 266
219 140
701 519
939 237
380 311
694 849
119 616
688 530
489 532
752 158
168 546
414 1
716 374
500 526
957 108
362 83
567 848
246 826
656 987
75 843
705 110
167 132
524 709
574 467
774 41
638 106
643 111
351 496
590 220
653 687
31 554
121 533
199 34
328 548
406 725
184 299
459 870
986 211
726 190
696 498
325 137
282 7
177 469
849 985
90 619
161 157
631 872
283 598
195 253
750 422
752 167
16 920
922 347
384 170
737 937
284 53
550 49
827 488
0 904
572 46
865 393
5 869
213 790
86 831
705 209
63 83
124 44
795 243
785 584
658 761
649 891
638 674
538 429
377 834
666 399
176 764
622 87
799 534
787 487
167 329
912 896
835 726
441 979
374 519
984 468
82 187
472 674
912 697
713 182
760 841
102 601
608 83
420 888
862 985
459 97
455 964
860 743
108 841
139 668
605 684
969 482
394 587
905 419
209 593
425 643
457 404
541 570
455 381
348 118
632 787
965 832
435 83
637 224
381 758
977 876
231 801
381 737
504 211
10 787
527 240
547 534
95 765
972 989
704 834
693 112
806 2
771 773
115 437
50 660
798 904
209 261
278 156
420 104
25 355
380 386
988 764
319 531
631 735
414 762
869 16
593 555
431 160
335 562
790 205
581 956
71 894
727 484
554 515
374 618
948 777
698 637
410 658
703 583
724 84
354 867
452 712
759 794
489 63
229 345
972 2
534 826
176 387
474 89
256 156
937 593
836 414
284 626
804 148
571 644
769 723
734 334
697 915
229 829
260 200
342 399
642 405
160 234
960 303
560 849
277 424
507 671
784 896
415 813
638 597
33 29
801 21
938 452
138 391
51 46
733 799
129 623
832 552
705 988
470 252
624 37
389 176
37 126
155 742
984 905
106 466
795 734
387 766
316 978
977 944
716 968
624 233
259 257
74 197
349 335
632 997
426 39
384 850
943 310
213 14
25 501
313 557
635 52
507 123
87 153
473 942
101 904
257 511
845 987
931 827
184 271
847 479
682 281
608 659
151 569
803 40
284 819
562 565
44 353
782 182
806 332
276 841
118 773
510 199
396 424
796 338
138 467
492 439
579 340
262 345
894 901
718 728
380 397
824 749
372 730
45 178
255 263
855 613
528 32
112 3
138 20
696 917
856 826
787 951
658 287
363 45
133 42
166 765
98 831
807 800
7 948
781 681
220 752
316 255
728 126
2 152
979 968
54 789
25 40
17 11
355 563
109 808
718 817
303 20
364 61
58 577
447 155
435 220
829 708
997 158
998 410
413 618
855 99
257 667
417 358
754 594
713 411
16 717
316 258
373 862
267 65
840 610
770 459
559 537
455 653
731 758
575 480
493 891
448 817
518 843
614 938
279 143
953 428
862 405
41 882
509 207
981 842
801 89
985 285
65 526
141 348
132 24
952 579
798 372
703 605
231 928
924 289
298 201
669 184
192 587
24 889
730 660
215 61
274 12
378 783
639 106
362 708
43 890
833 929
644 733
608 369
744 635
280 665
231 714
376 324
749 635
504 977
832 906
517 423
78 330
803 159
995 301
595 363
502 422
535 833
747 7
773 897
187 816
580 721
917 390
229 250
759 597
64 250
540 410
100 645
6 539
183 569
646 945
319 218
925 103
564 618
914 650
683 713
153 652
331 469
384 809
162 624
59 186
471 705
364 140
558 574
231 436
75 59
580 291
700 849
149 799
890 898
793 977
635 910
299 163
637 898
911 891
200 196
343 120
869 707
829 793
737 953
898 774
889 618
367 18
233 919
731 787
541 446
914 133
797 376
163 265
758 826
158 421
490 477
548 195
646 684
781 266
691 593
215 217
533 988
493 687
-1 -1 -1 -1 -1 -1 64506 -1 -1 -1 -1 7765 -1 -1 -1 -1 -1 -1 44742 5396 -1 -1 8460 50465 -1 63529 -1 60445 25211 -1 -1 -1 -1 -1 -1 -1 -1 24261 -1 -1 -1 -1 1214 -1 -1 -1 21565 -1 -1 -1 -1 45917 -1 -1 -1 -1 29200 -1 -1 -1 45455 59883 58060 -1 -1 -1 42718 -1 -1 -1 -1 -1 -1 -1 -1 -1 -1 -1 -1 -1 -1 20825 52398 50173 -1 -1 -1 -1 -1 -1 -1 -1 -1 -1 -1 50695 -1 29450 -1 -1 -1 -1 -1 11683 -1 -1 -1 -1 -1 7227 -1 23098 -1 -1 -1 -1 -1 -1 7909 -1 -1 -1 4055 -1 -1 61371 -1 -1 -1 -1 -1 -1 -1 1876 -1 -1 -1 -1 -1 61411 -1 -1 -1 -1 -1 32906 -1 -1 6224 -1 -1 -1 -1 -1 -1 -1 -1 -1 -1 -1 -1 -1 51290 -1 -1 -1 1704 -1 -1 -1 -1 -1 -1 -1 -1 -1 -1 -1 -1 28240 -1 -1 46131 -1 29840 -1 -1 -1 -1 -1 -1 -1 -1 -1 64450 44363 20621 -1 -1 -1 -1 -1 -1 -1 -1 -1 40371 56362 -1 -1 -1 -1 -1 62085 -1 17849 -1 62371 -1 -1 -1 35275 -1 -1 -1 -1 -1 26271 48662 -1 -1 -1 -1 -1 -1 -1 -1 -1 -1 2386 50590 -1 -1 -1 -1 -1 -1 -1 -1 17284 -1 -1 -1 -1 -1 -1 21773 47173 -1 -1 -1 -1 -1 -1 -1 -1 36642 -1 -1 -1 -1 -1 -1 -1 -1 -1 -1 -1 -1 -1 -1 -1 -1 -1 -1 10347 -1 -1 -1 -1 36462 -1 -1 27867 58439 -1 -1 -1 58853 16124 -1 -1 -1 -1 -1 -1 25420 -1 -1 -1 -1 -1 -1 -1 -1 -1 -1 -1 -1 -1 -1 -1 -1 -1 -1 -1 -1 -1 -1 -1 -1 -1 -1 -1 13661 -1 -1 -1 -1 -1 -1 39909 -1 -1 -1 -1 -1 -1 -1 29949 34180 -1 -1 -1 -1 -1 -1 -1 -1 -1 -1 48048 32267 17737 -1 -1 39555 -1 -1 -1 -1 -1 -1 -1 -1 -1 25271 20848 -1 20733 -1 -1 -1 38813 -1 -1 -1 -1 -1 -1 -1 -1 -1 -1 -1 -1 -1 -1 26000 -1 -1 -1 -1 -1 5870 -1 -1 -1 -1 -1 -1 -1 -1 27857 -1 -1 -1 -1 -1 -1 -1 3973 -1 -1 -1 -1 40296 38350 -1 -1 -1 -1 -1 -1 -1 -1 -1 -1 -1 -1 -1 -1 -1 39029 50339 35029 22842 -1 -1 1369 -1 -1 -1 -1 -1 -1 22143 19258 -1 -1 9227 -1 -1 5741 78 -1 -1 -1 -1 -1 -1 -1 -1 -1 -1 -1 -1 -1 55517 -1 -1 27984 -1 -1 -1 43964 -1 -1 -1 -1 -1 -1 19614 17642 -1 -1 -1 -1 39538 -1 23189 -1 -1 -1 -1 -1 -1 -1 -1 -1 -1 12418 -1 52596 31191 -1 -1 -1 24353 -1 -1 -1 -1 -1 -1 -1 45013 45724 -1 -1 -1 -1 -1 -1 37350 -1 -1 -1 -1 -1 -1 -1 -1 46873 -1 -1 17363 -1 29474 14191 -1 57081 -1 -1 -1 -1 -1 -1 -1 -1 -1 -1 -1 -1 -1 -1 38778 -1 -1 -1 -1 -1 -1 9019 -1 -1 -1 -1 -1 -1 41476 -1 24234 -1 48445 -1 -1 -1 -1 -1 -1 47044 28926 -1 -1 -1 -1 -1 -1 -1 -1 -1 -1 -1 -1 -1 -1 -1 -1 -1 -1 -1 -1 -1 -1 -1 -1 38594 -1 -1 -1 -1 -1 -1 -1 -1 -1 -1 -1 -1 -1 -1 -1 -1 63220 -1 48564 -1 -1 -1 -1 -1 -1 -1 -1 -1 -1 -1 -1 -1 -1 -1 -1 40284 -1 -1 -1 31258 -1 -1 28585 55041 -1 51550 -1 -1 -1 -1 -1 -1 -1 -1 -1 -1 20623 -1 -1 56825 -1 -1 -1 9666 -1 -1 -1 -1 -1 -1 -1 7236 -1 -1 57678 -1 -1 -1 2043 -1 -1 -1 -1 -1 53891 -1 -1 -1 -1 -1 -1 -1 -1 -1 53669 -1 -1 -1 52584 54261 14803 -1 -1 -1 -1 60495 -1 -1 -1 -1 -1 41997 -1 12251 -1 -1 -1 -1 -1 -1 -1 -1 -1 31198 -1 -1 31321 -1 53232 -1 -1 -1 -1 -1 -1 -1 -1 14187 -1 -1 -1 -1 -1 -1 -1 -1 -1 -1 -1 -1 10785 -1 -1 -1 -1 -1 -1 -1 -1 -1 60302 -1 -1 -1 -1 -1 -1 -1 -1 -1 27222 -1 -1 -1 4540 -1 -1 -1 -1 -1 -1 -1 -1 -1 -1 -1 14474 7758 13637 -1 -1 -1 -1 -1 30836 -1 -1 -1 -1 -1 9440 -1 -1 42158 -1 -1 -1 -1 -1 -1 -1 -1 -1 -1 -1 -1 -1 38318 -1 -1 -1 -1 -1 -1 -1 -1 -1 -1 61462 -1 -1 -1 -1 -1 16629 -1 -1 -1 -1 -1 34927 -1 49072 45170 -1 -1 -1 -1 -1 -1 -1 -1 -1 42048 -1 -1 -1 -1 -1 -1 -1 24527 -1 -1 4648 -1 -1 -1 65528 -1 -1 -1 17609 -1 -1 7565 -1 -1 -1 -1 -1 -1 17403 -1 -1 -1 -1 56457 -1 -1 -1 -1 -1 61542 -1 26906 -1 -1 -1 -1 -1 21241 -1 7734 -1 -1 -1 -1 -1 -1 36851 -1 23815 -1 -1 -1 -1 -1 4714 -1 -1 -1 -1 -1 41850 -1 -1 56940 -1 47873 -1 -1 -1 -1 -1 -1 34893 -1 7037 64596 -1 1292 45445 27837 40166 -1 -1 -1 -1 -1 -1 -1 -1 -1 64847 -1 -1 36891 -1 -1 9610 -1 -1 -1 61632 -1 -1 -1 -1 -1 -1 -1 -1 -1 -1 -1 58920 -1 -1 -1 52968 -1
2
1 292 15 481 14
1 294 15 819 10
