1000 5000
361 210
402 785
43 574
50 867
417 303
454 128
565 423
680 580
996 235
843 913
732 992
116 285
397 914
899 88
890 613
205 610
270 957
802 60
368 872
965 453
587 303
775 528
256 503
741 507
742 276
666 20
860 662
271 951
644 952
116 701
550 800
927 516
694 52
976 381
91 931
567 602
259 839
638 496
717 843
717 468
826 746
850 845
310 92
732 929
178 920
766 828
676 737
396 991
891 14
949 48
826 162
24 510
978 88
815 651
406 541
122 270
135 978
904 793
88 424
561 756
306 445
42 256
501 328
201 872
673 557
901 791
624 738
470 63
724 760
229 587
919 501
440 431
490 152
981 238
955 270
138 694
458 104
518 945
149 542
205 65
699 282
127 855
825 661
35 863
251 983
295 660
138 476
144 512
275 771
544 593
57 987
204 857
613 195
952 448
57 742
56 764
593 961
255 952
715 834
665 574
214 382
181 980
372 796
606 67
677 475
152 765
322 240
369 628
176 358
165 533
356 871
436 185
448 335
973 222
268 260
101 602
127 601
213 618
339 206
346 329
669 658
459 294
734 533
462 975
225 714
654 351
793 284
485 375
116 413
18 479
550 501
493 220
996 559
712 456
368 294
108 918
171 976
884 938
695 597
83 693
800 349
140 838
325 419
400 36
954 153
652 546
346 172
37 182
52 104
740 880
988 895
948 609
663 750
739 250
585 968
580 286
549 12
578 953
263 179
713 51
300 242
605 595
180 59
987 11
661 447
359 826
241 662
75 801
819 424
385 810
261 392
55 634
437 730
329 73
830 430
989 14
858 142
985 524
501 84
162 223
142 146
699 122
61 336
623 770
390 35
1 154
110 897
316 156
869 264
714 108
265 821
751 320
769 607
517 630
333 97
513 947
338 420
542 67
369 73
94 72
585 905
610 973
404 357
816 385
827 676
26 872
434 207
752 179
689 378
185 761
730 161
702 23
464 75
873 89
983 38
679 810
103 788
955 303
97 11
966 95
198 793
485 493
199 487
701 594
953 425
547 210
277 538
51 376
296 804
789 157
843 165
635 835
592 711
580 602
319 548
121 810
380 847
50 672
909 972
251 920
832 699
922 87
469 629
924 242
51 637
372 983
563 403
870 63
792 984
525 416
179 4
426 835
367 821
733 750
999 43
640 819
322 228
789 885
137 801
199 432
541 981
179 855
716 414
867 610
239 649
488 693
287 57
211 941
421 524
695 920
242 245
943 111
860 428
981 84
22 899
671 894
448 429
470 402
182 994
531 9
967 695
996 628
341 7
851 484
396 30
386 98
484 573
263 473
533 439
309 504
785 16
618 671
301 956
928 78
221 661
908 657
420 278
315 59
67 715
457 921
630 757
941 95
772 334
575 54
651 535
211 197
474 51
674 843
887 44
624 169
110 346
759 77
329 738
923 584
580 374
737 86
800 121
860 304
945 500
7 74
69 864
355 636
287 269
593 342
364 161
84 332
4 213
225 123
583 578
646 16
802 220
574 939
64 116
936 520
108 735
546 131
891 344
933 255
624 53
734 634
421 33
455 110
125 228
872 196
401 136
443 115
57 392
949 654
993 507
707 394
426 599
483 537
102 984
339 44
818 625
37 848
215 174
157 361
756 822
485 930
131 438
427 60
244 496
400 16
52 717
135 454
897 5
865 767
672 935
915 952
764 69
678 228
622 428
7 121
357 371
713 206
30 539
614 497
782 410
339 437
743 25
373 654
949 177
635 284
840 343
92 413
761 952
351 95
542 196
123 989
77 231
145 708
835 114
493 650
214 873
773 747
372 643
966 477
632 548
595 712
600 518
24 84
682 993
626 715
826 284
286 509
431 872
709 158
683 146
611 758
529 377
655 961
992 339
831 300
496 883
528 803
499 331
49 317
902 258
395 905
422 424
201 912
596 616
675 372
859 488
876 591
584 600
944 367
233 655
451 563
160 622
458 34
925 18
641 680
433 820
514 172
616 936
40 250
159 746
802 902
407 349
114 545
25 295
327 200
272 332
625 762
872 556
400 64
25 376
842 790
684 689
14 479
285 80
687 671
189 341
854 599
805 422
433 782
639 134
473 256
327 805
394 461
380 814
849 764
584 609
616 37
59 672
266 45
602 141
145 28
142 272
668 967
373 95
906 213
340 125
55 110
638 840
100 851
60 987
784 770
546 758
324 829
404 943
65 249
343 36
405 586
97 893
548 898
429 836
886 63
403 906
45 404
904 810
222 671
980 913
426 728
323 280
727 245
704 181
743 616
45 611
86 225
23 553
494 272
829 165
850 70
503 166
943 545
10 722
855 558
611 935
313 336
198 803
111 101
478 770
644 165
827 501
885 585
754 864
734 51
749 315
276 569
325 89
404 124
255 298
309 134
491 303
873 489
78 946
134 729
433 379
881 185
170 501
967 271
503 740
484 545
805 255
365 37
501 194
227 299
347 146
944 817
499 146
935 919
806 142
592 808
824 962
516 720
598 329
919 745
187 161
151 316
901 241
276 257
399 883
538 516
365 2
712 644
85 270
662 417
735 690
57 568
310 880
684 653
297 230
586 383
534 259
152 662
576 827
832 552
322 463
923 50
947 746
857 844
435 596
408 699
472 709
662 131
749 502
830 435
945 12
123 247
832 6
722 537
895 770
434 211
607 367
604 968
631 69
375 127
861 795
196 386
563 755
584 56
272 528
290 882
406 729
472 505
813 919
612 589
670 35
779 924
776 477
432 320
145 146
282 794
943 73
311 858
249 293
649 862
704 122
462 392
149 642
281 833
502 106
982 723
402 972
804 884
789 153
178 960
789 350
101 650
262 139
829 675
247 113
893 231
28 915
392 753
165 99
735 170
221 487
102 344
329 982
349 301
666 1
630 942
513 215
206 618
127 559
318 194
50 225
466 41
526 446
126 798
298 173
797 182
344 938
422 48
896 984
72 759
480 692
958 654
717 130
245 87
278 163
223 417
512 19
102 420
439 17
262 891
930 724
969 409
167 8
654 841
126 646
768 266
875 206
390 579
678 777
646 833
847 927
749 276
123 329
7 584
996 112
152 818
144 489
698 621
197 620
197 393
332 225
977 674
548 328
863 116
250 527
713 571
939 638
422 413
411 31
667 891
254 928
339 65
360 614
474 16
323 997
244 4
504 345
358 921
88 508
338 746
246 921
32 3
643 482
105 540
975 146
240 799
227 282
201 867
969 794
279 107
476 152
36 221
995 753
140 93
364 631
64 256
724 59
314 9
688 988
969 568
605 558
991 316
537 283
327 48
687 814
550 322
758 660
812 619
841 552
900 265
380 272
219 602
15 606
968 730
971 941
839 806
476 528
246 142
927 933
886 724
14 388
696 355
969 371
687 681
854 74
388 194
990 155
19 483
333 298
563 37
617 395
231 889
300 764
729 21
897 595
427 96
587 684
957 818
15 122
948 538
868 637
325 362
627 421
577 718
648 790
17 899
483 679
390 51
936 19
352 949
495 422
152 593
210 309
683 565
383 634
252 977
86 208
826 841
807 901
703 62
194 919
149 228
899 914
541 826
773 814
956 790
542 213
632 612
367 115
291 939
379 458
908 23
173 613
191 11
883 756
579 983
447 298
432 950
621 795
913 928
213 247
208 199
187 684
452 473
265 749
237 388
72 262
699 888
458 391
199 112
554 610
944 160
368 347
504 699
456 741
819 952
587 856
759 753
309 371
763 591
682 309
37 321
664 405
863 615
475 352
831 17
205 962
466 121
693 965
605 555
148 427
878 90
67 622
255 106
974 452
152 680
807 742
493 977
205 433
928 317
983 794
151 323
208 361
693 399
173 620
652 467
918 195
417 719
514 85
427 395
236 563
446 77
469 540
176 509
880 830
639 348
41 221
67 686
654 83
664 326
319 390
857 193
950 332
397 549
965 790
526 774
737 735
394 485
203 453
407 492
748 800
909 800
838 348
856 579
559 497
945 755
394 101
814 159
66 813
643 238
253 585
385 824
377 905
763 510
600 261
842 652
180 590
670 238
48 24
528 314
578 649
326 983
307 330
629 103
707 426
675 214
272 186
478 999
427 168
566 979
398 138
390 970
465 638
246 156
267 256
769 68
101 411
838 538
958 630
42 402
281 90
634 731
470 668
322 411
313 440
827 112
291 32
219 350
602 113
140 785
660 971
756 608
901 114
6 970
73 624
227 38
312 48
557 956
888 318
143 333
415 707
894 355
391 259
219 438
963 610
281 447
700 597
634 471
243 495
129 462
114 205
486 559
468 53
808 351
249 953
807 749
686 565
487 213
124 569
547 714
582 301
948 292
536 475
511 963
568 991
620 164
942 250
122 673
280 607
748 321
403 57
674 201
966 137
346 392
317 915
891 668
757 910
113 676
676 712
506 405
483 141
384 327
778 370
317 227
641 685
333 194
377 0
609 161
201 409
667 274
437 280
948 866
91 343
325 876
386 697
179 229
259 187
355 952
858 472
836 408
190 100
512 696
591 918
394 806
966 986
846 190
960 976
326 303
683 984
643 656
279 781
523 808
447 220
291 922
934 964
685 173
35 974
547 977
914 464
905 760
784 333
665 215
80 46
182 229
88 84
937 534
310 556
200 245
865 977
7 515
336 452
476 884
469 604
339 983
709 390
88 943
555 94
209 738
502 195
963 510
115 949
138 38
982 865
202 363
272 48
318 514
558 50
831 525
752 454
247 167
490 980
160 188
324 31
987 944
382 128
657 433
593 815
678 855
436 988
612 776
622 60
936 803
821 468
89 191
344 928
840 860
538 121
395 814
660 987
401 863
447 484
506 8
978 819
333 636
431 215
413 655
767 74
203 156
537 139
129 337
817 487
408 976
219 269
739 949
861 500
156 414
845 402
250 116
917 510
554 940
914 75
80 106
861 198
805 435
855 632
295 863
895 843
398 254
240 380
150 536
743 479
448 686
158 427
332 71
373 781
555 936
865 886
645 949
669 146
317 940
861 838
728 836
857 174
402 405
529 30
168 623
532 680
644 962
659 294
863 398
660 926
119 714
535 88
768 182
351 415
704 40
765 873
180 883
655 588
668 343
197 7
354 232
103 326
437 614
986 526
472 410
185 49
878 122
824 697
453 356
353 966
707 110
400 256
938 466
195 198
469 693
186 802
433 242
299 495
442 506
511 18
270 404
854 259
940 247
118 568
961 308
668 999
274 59
25 405
138 984
378 935
950 777
710 313
762 444
738 474
990 268
783 437
369 667
311 247
466 286
878 962
982 774
298 142
777 992
316 329
447 872
371 95
453 768
132 765
329 3
244 513
718 15
939 185
667 936
903 461
270 279
745 132
274 688
85 508
953 697
106 741
668 502
33 759
543 118
722 117
167 196
712 957
423 827
142 370
664 543
801 735
217 226
543 643
405 299
162 109
163 179
887 586
367 629
230 535
256 184
473 893
470 866
941 895
423 479
990 73
327 50
960 188
25 517
436 6
276 664
481 473
695 443
108 499
179 0
228 554
833 399
823 903
615 381
982 899
228 871
58 407
91 865
149 604
779 52
592 705
610 297
406 245
65 895
742 179
561 387
559 474
867 11
449 689
840 974
750 642
459 529
9 740
396 817
865 116
23 209
603 642
318 824
868 641
309 743
191 455
956 857
963 962
771 494
677 954
528 581
335 306
583 997
36 249
309 137
658 338
552 934
43 819
302 78
942 490
288 750
811 32
293 984
968 498
336 522
8 248
701 972
218 253
16 937
11 464
741 558
821 858
929 609
425 926
334 739
651 580
849 976
601 489
380 399
539 427
299 292
254 356
196 445
942 765
282 764
300 318
56 198
12 154
475 423
847 164
58 896
709 840
885 104
754 237
115 374
317 306
841 565
350 399
157 401
471 106
879 50
512 831
994 309
558 244
574 626
373 550
98 335
818 550
820 219
1 631
480 326
670 512
502 18
173 435
516 142
222 878
694 351
710 55
757 89
490 976
312 878
388 687
263 681
721 890
482 718
869 965
917 199
573 89
746 177
771 15
877 381
503 917
705 285
737 474
472 556
204 557
744 20
27 167
915 278
790 224
578 667
967 326
921 341
100 93
573 537
712 317
101 311
244 375
698 6
209 708
275 201
667 649
478 273
422 302
689 784
688 879
650 635
251 791
380 193
172 539
218 391
264 336
48 988
196 392
772 220
955 76
992 665
323 607
870 777
636 847
17 780
554 284
358 998
567 389
494 296
590 639
584 153
320 496
977 973
253 339
880 629
412 156
708 331
803 449
715 392
803 82
892 108
851 234
152 496
757 49
569 115
820 505
765 741
286 899
575 183
483 204
16 359
983 556
563 718
650 478
548 588
594 233
504 385
891 387
203 752
311 137
47 602
994 764
789 989
746 975
765 270
885 727
285 398
988 250
370 530
959 461
998 967
387 878
874 144
854 97
948 662
898 275
900 182
176 672
788 221
134 402
769 429
751 432
8 44
886 567
58 212
589 746
290 449
799 33
220 366
608 54
808 390
284 179
923 485
836 752
348 195
398 240
561 764
909 177
248 392
353 355
395 219
977 503
51 503
668 522
781 528
824 254
28 266
860 404
634 395
832 31
801 286
694 588
575 467
253 754
352 106
298 67
275 66
690 305
119 262
59 197
856 458
189 132
556 348
873 186
82 118
498 32
416 409
837 557
269 139
733 571
261 187
14 50
822 907
885 2
392 552
651 974
545 929
649 166
814 547
343 823
20 818
110 211
935 229
849 439
701 251
512 6
617 297
296 42
986 502
0 47
51 102
278 919
440 971
980 601
171 843
193 66
911 384
54 109
220 321
39 108
535 705
385 412
330 385
542 374
169 986
715 833
374 789
752 663
633 230
113 326
735 102
881 680
667 943
162 792
965 326
314 941
99 110
706 378
109 177
367 306
436 532
938 613
522 572
84 320
336 81
491 651
632 396
621 82
546 651
564 764
83 492
721 791
422 373
503 301
870 290
859 492
402 593
504 523
951 963
966 166
16 570
852 645
84 968
125 302
802 824
267 216
281 226
913 124
648 465
44 850
878 460
21 558
118 318
782 434
79 334
80 665
772 931
803 203
726 612
963 407
343 578
468 708
90 315
216 353
295 835
933 746
901 204
843 624
744 776
368 58
883 462
665 42
160 103
567 706
341 277
872 130
76 766
383 771
823 561
881 727
270 415
629 46
903 514
978 843
104 141
371 59
216 53
167 541
725 373
559 421
618 735
922 787
373 9
801 603
392 32
556 744
424 809
395 64
244 239
382 762
847 733
699 81
325 316
189 676
307 490
762 851
890 612
337 663
328 668
959 963
504 667
648 292
12 490
138 903
857 239
397 878
219 202
738 533
120 342
388 309
887 545
448 614
570 152
237 638
35 559
939 239
980 758
895 268
205 435
306 397
89 706
689 934
745 638
845 876
124 494
222 785
711 358
937 974
234 460
491 919
751 801
387 332
621 722
179 975
478 598
417 838
799 604
677 111
748 354
487 96
115 244
355 189
359 766
762 190
252 16
627 733
542 885
889 752
945 119
892 439
576 220
483 518
880 333
130 429
777 350
405 37
476 230
812 783
619 536
280 543
402 548
455 829
866 688
571 864
913 141
633 868
326 505
255 932
895 97
94 508
202 389
494 238
414 57
906 757
357 146
840 13
616 509
372 998
260 495
35 293
345 836
507 330
500 416
466 964
299 584
423 601
325 177
795 547
883 136
478 905
817 374
484 786
395 602
772 90
86 243
890 53
609 490
845 781
376 482
139 909
258 367
295 459
318 702
112 852
228 750
534 193
703 361
500 213
469 526
346 344
82 224
919 414
660 407
571 44
546 432
282 51
30 370
918 760
503 332
971 923
582 883
459 224
110 491
339 559
100 821
547 96
885 145
724 394
879 259
346 220
691 305
720 992
893 381
767 907
929 304
431 303
619 105
66 38
822 850
935 782
180 913
2 731
113 891
704 376
190 478
415 656
690 439
145 584
457 928
144 928
76 862
932 570
138 731
960 123
180 372
208 532
276 729
765 178
935 846
230 854
687 54
597 444
488 165
956 377
320 44
276 839
272 692
629 830
556 772
50 478
381 937
3 431
191 868
748 686
816 562
461 777
980 350
409 773
392 119
812 512
836 475
827 83
532 44
327 609
346 906
391 738
867 329
14 960
172 629
55 285
408 35
323 118
18 667
826 611
268 145
610 957
120 796
212 582
353 407
795 633
502 80
468 507
213 944
950 779
455 863
606 240
856 868
521 339
699 264
516 795
704 486
370 288
485 998
63 464
108 40
180 381
127 233
241 330
559 154
860 276
737 773
151 415
951 630
792 455
672 746
289 745
791 921
925 834
989 158
882 179
131 788
129 583
977 94
0 863
584 66
247 130
632 502
448 577
696 995
877 149
520 439
518 710
136 219
742 983
750 617
996 297
840 541
833 8
481 172
667 209
17 724
901 310
117 293
635 3
113 332
784 233
359 397
680 506
895 638
452 828
428 905
49 532
919 163
700 342
326 378
880 896
333 368
141 859
170 47
690 902
34 145
875 297
62 260
358 722
528 717
581 728
714 110
978 906
421 799
245 513
589 843
733 176
329 888
901 994
692 144
344 488
472 585
165 932
166 662
122 562
150 212
928 394
666 260
480 558
690 964
504 986
375 8
738 932
668 734
345 160
853 465
34 785
354 548
191 482
855 978
912 585
897 649
832 555
241 543
486 252
776 264
327 210
3 579
58 897
660 622
622 961
240 60
140 635
535 304
298 584
591 116
416 739
508 538
79 757
917 712
30 854
171 190
419 126
225 340
652 921
202 716
282 190
304 722
669 859
873 169
478 274
622 29
690 461
519 647
200 97
941 156
193 504
172 257
877 621
102 827
875 647
841 935
386 633
695 132
882 16
33 98
256 212
470 758
424 898
879 793
829 29
640 157
19 265
915 597
70 480
808 324
152 870
541 178
408 430
960 958
523 279
131 132
688 997
955 613
186 542
339 693
198 942
48 514
210 929
780 366
62 438
800 295
913 192
343 491
158 914
667 991
200 270
67 353
375 318
225 607
365 865
243 434
549 866
427 226
718 513
135 242
130 671
462 542
777 493
954 603
888 768
479 328
518 441
859 549
365 763
850 24
743 831
673 544
58 606
510 10
449 0
246 247
547 230
266 515
464 139
682 718
496 465
283 294
480 48
991 22
246 489
191 986
518 763
108 79
837 622
310 980
622 471
37 233
559 148
425 411
140 777
992 784
177 369
410 858
36 577
538 193
882 213
188 708
777 102
589 881
912 416
723 54
375 148
351 910
268 493
431 359
150 759
797 694
48 736
483 944
117 26
351 991
225 856
149 283
542 961
141 900
296 996
512 557
807 572
807 82
3 1
647 893
529 822
284 323
861 216
481 224
150 19
22 32
776 653
782 227
80 571
305 433
46 257
992 200
959 329
157 790
364 900
662 833
91 686
294 148
770 81
471 99
990 258
410 203
429 945
516 553
598 719
338 900
37 305
470 161
278 952
254 208
597 266
996 519
300 940
908 120
964 530
652 260
482 71
411 477
103 73
671 877
342 170
843 538
505 380
597 420
869 644
689 33
936 331
590 108
716 81
991 196
373 924
161 851
136 424
588 706
680 652
727 633
703 435
111 305
336 947
811 267
592 580
586 935
712 985
753 332
238 102
915 951
377 746
234 389
385 928
20 995
980 140
565 6
639 86
574 753
535 696
813 195
178 502
980 26
480 153
43 536
845 693
782 169
675 215
971 943
842 132
136 172
402 119
551 308
914 121
397 457
657 313
737 901
812 950
549 17
779 378
993 397
285 698
615 265
97 245
508 718
741 495
979 977
540 751
711 685
398 291
857 780
882 293
60 546
421 561
688 80
147 674
399 801
440 886
335 442
922 179
587 893
658 559
351 763
690 515
549 801
127 983
233 583
658 241
724 661
523 241
442 58
977 983
147 136
150 771
518 604
389 771
894 627
247 787
272 218
604 645
931 624
912 401
977 654
357 956
186 146
580 84
317 942
174 666
495 59
535 391
343 591
318 991
960 10
653 983
895 938
339 830
769 788
162 624
439 629
546 55
90 748
22 383
409 945
589 776
115 688
529 723
241 957
994 80
688 767
219 681
282 427
478 423
317 673
575 629
397 851
778 824
358 604
520 84
56 601
234 478
224 245
733 859
215 748
387 318
528 15
726 388
278 883
97 335
294 360
753 442
343 405
194 306
793 803
960 437
298 957
779 275
162 371
150 613
578 177
595 311
179 358
828 275
592 215
792 416
462 879
32 935
40 834
475 797
106 953
592 446
637 923
676 178
957 20
481 100
186 892
122 449
352 957
392 560
305 546
702 676
806 909
623 683
273 999
882 565
993 757
707 61
730 821
195 144
55 745
801 627
900 471
853 655
292 813
573 682
471 506
711 740
129 537
131 900
340 963
271 739
177 127
900 55
952 210
945 62
700 834
295 417
775 65
238 741
158 52
110 495
439 351
841 134
646 609
745 818
524 366
644 532
613 520
526 739
443 824
545 626
551 911
690 727
412 391
606 840
449 792
779 279
880 313
878 757
186 961
994 703
215 649
238 765
126 866
441 56
474 12
496 915
351 749
317 26
918 947
756 138
39 445
315 326
973 190
324 814
354 953
187 423
170 758
712 878
238 781
321 774
1 557
708 270
978 676
441 533
137 299
564 344
136 292
148 185
65 190
335 664
467 734
62 383
479 50
34 469
607 71
484 837
807 343
957 173
205 482
712 646
713 142
297 70
774 940
551 48
628 600
755 787
434 78
491 851
438 261
684 461
866 863
824 482
718 320
605 320
178 685
285 791
996 97
508 501
83 398
785 899
716 689
191 351
302 923
584 435
378 685
870 505
707 401
863 877
549 459
496 270
42 947
202 568
324 578
784 44
121 152
19 854
42 45
517 800
977 166
430 866
545 611
177 960
568 265
790 667
728 197
282 510
105 644
430 143
154 164
591 616
206 508
749 933
385 522
324 432
78 163
617 573
122 127
556 386
219 117
722 375
791 282
68 239
165 894
902 704
569 742
740 129
786 708
577 986
239 272
903 733
369 117
606 433
399 426
196 246
433 271
909 574
361 375
516 748
312 50
374 996
646 726
133 472
779 455
715 479
245 660
908 343
109 264
312 69
610 614
253 416
942 219
634 155
119 435
95 64
601 796
974 86
77 777
941 170
214 618
647 693
635 553
821 951
687 184
925 225
633 324
733 649
156 763
869 484
643 680
632 155
244 260
338 398
539 886
415 174
136 732
934 66
899 207
780 391
717 244
486 664
675 369
166 129
883 881
558 89
793 656
294 250
552 550
119 687
421 866
344 177
828 464
362 218
223 924
743 807
786 558
531 183
853 658
826 701
842 595
971 878
466 125
592 290
470 120
254 838
930 628
516 187
276 413
638 947
669 352
320 779
914 849
343 168
606 734
74 825
928 435
403 231
56 277
687 506
636 977
595 636
491 649
49 404
703 173
279 756
660 912
199 352
86 834
700 269
454 812
920 387
620 876
573 222
790 181
839 416
78 384
764 115
570 532
539 192
776 840
604 715
808 395
755 675
127 663
59 862
961 588
438 543
648 146
347 183
376 767
272 431
38 550
148 343
373 368
737 2
895 747
359 177
803 826
570 864
444 53
342 532
211 502
805 338
144 898
13 629
798 217
72 55
611 510
933 82
382 918
327 744
242 564
840 669
172 254
184 304
571 452
310 816
956 192
697 19
926 487
802 832
333 263
730 141
309 692
434 577
826 768
495 871
77 383
219 854
906 497
881 798
208 508
534 834
454 224
684 669
360 677
117 624
235 653
565 7
835 634
781 443
367 291
33 21
927 575
793 994
229 48
136 67
215 196
729 550
233 773
654 882
529 474
908 695
436 129
695 194
329 130
630 590
376 168
751 25
785 209
434 148
857 633
18 389
373 86
747 955
329 792
781 354
898 717
402 919
792 871
340 801
841 636
488 718
136 614
469 841
890 445
813 376
187 485
673 528
412 964
18 55
519 522
256 388
721 933
320 417
700 338
534 629
274 100
931 632
761 328
424 34
569 595
595 327
599 746
702 755
602 540
40 959
113 588
446 388
956 268
209 725
934 637
101 664
3 318
884 233
231 291
148 194
579 760
930 398
620 585
724 755
181 433
123 372
101 844
940 66
600 653
241 402
207 685
984 560
594 934
262 945
859 607
844 908
256 975
948 732
100 561
129 227
43 359
703 643
725 817
445 781
713 473
417 74
207 252
905 124
528 364
226 42
775 831
349 164
887 32
539 626
419 554
728 855
915 981
706 692
620 673
155 594
576 895
797 861
739 772
947 516
629 546
161 227
839 191
633 978
241 190
627 540
965 669
182 342
837 742
991 747
576 655
127 337
650 420
16 643
840 65
584 891
468 553
985 574
347 216
861 506
46 814
335 551
865 885
136 142
549 403
512 297
283 26
561 432
85 851
531 15
532 370
307 989
764 948
812 6
766 473
564 669
719 160
595 619
853 926
306 964
522 283
788 250
877 103
701 963
984 394
704 941
937 482
822 383
601 785
952 4
272 405
911 632
746 395
161 73
486 417
138 998
502 805
995 9
27 88
545 835
0 21
436 455
620 268
424 450
75 349
299 278
744 587
872 184
568 950
24 353
606 558
658 39
360 938
714 16
984 523
819 692
43 872
723 383
940 491
421 580
369 737
39 554
210 383
266 92
8 530
227 119
117 516
69 258
481 330
474 46
119 187
11 918
292 459
627 622
971 506
761 368
996 832
655 723
97 825
469 165
808 30
446 886
203 649
448 163
911 68
52 680
886 807
562 854
68 767
865 844
630 118
910 554
263 793
383 901
427 550
204 450
34 730
63 100
777 429
407 48
609 269
819 433
301 838
285 350
269 104
575 564
414 650
715 411
570 605
661 158
668 459
190 961
417 978
871 771
163 796
810 216
252 331
81 637
754 756
313 416
732 98
575 924
947 751
367 352
288 702
610 33
872 936
994 704
290 414
146 241
922 872
641 169
700 725
503 412
697 442
422 121
533 494
320 207
249 470
904 601
744 538
535 936
582 500
534 695
791 982
916 755
560 871
868 925
936 447
681 240
207 527
994 275
148 200
148 88
198 167
195 527
8 29
561 150
807 228
921 37
310 574
811 938
666 552
63 410
305 537
997 498
661 937
812 335
112 99
142 102
534 869
850 629
875 593
548 806
715 418
431 477
577 635
816 364
845 114
917 137
248 311
644 504
480 787
228 294
695 368
622 493
261 598
873 254
141 748
547 114
222 752
91 928
275 8
376 277
39 365
797 424
461 74
421 432
95 621
560 344
171 521
305 966
188 253
636 801
183 686
37 423
901 711
999 901
619 869
189 996
674 397
693 334
677 44
171 953
332 304
82 650
302 35
633 541
124 26
55 446
35 692
343 41
664 703
96 155
374 39
807 263
459 453
74 58
685 961
878 40
477 569
421 435
524 514
326 174
567 90
716 4
710 718
106 443
810 50
856 89
891 328
986 585
323 843
508 869
321 576
992 653
994 741
473 482
327 828
725 748
721 369
74 528
941 686
819 981
4 47
293 123
145 834
10 5
616 759
63 487
112 735
606 350
280 960
939 787
552 478
549 142
891 934
199 852
509 498
753 13
434 402
682 281
339 921
372 77
689 594
290 229
363 305
615 924
606 666
564 403
422 716
530 785
206 546
453 603
63 428
648 845
170 173
642 390
617 193
315 836
223 175
169 479
148 266
913 862
151 927
772 936
462 485
721 354
104 381
408 68
824 404
858 189
784 111
994 491
936 214
490 54
853 843
802 76
275 990
746 887
783 641
660 405
377 320
120 228
239 15
427 710
527 589
490 593
390 354
931 941
747 225
724 849
188 191
230 199
383 364
195 313
567 65
221 387
788 543
873 532
501 279
321 522
578 705
180 584
365 410
721 153
742 134
705 313
687 398
407 588
943 172
733 773
617 240
756 841
964 619
225 516
124 538
771 420
295 932
133 298
682 815
62 956
870 418
262 415
379 303
418 617
696 317
856 821
390 958
583 205
761 258
858 131
791 348
523 839
14 554
246 349
54 352
138 75
81 603
209 345
117 284
901 584
430 917
136 185
209 459
297 716
483 618
71 644
24 786
625 981
177 347
94 158
996 46
203 367
971 955
507 341
852 987
716 693
925 420
7 247
612 647
674 182
844 287
12 870
100 460
574 735
490 38
389 9
138 847
420 869
350 287
143 569
721 787
566 805
335 184
160 811
135 818
681 413
382 562
644 286
789 824
220 596
513 288
724 883
132 748
615 140
535 866
454 428
362 993
834 41
425 221
686 66
262 739
395 344
872 686
784 334
180 551
744 878
452 568
203 463
638 123
184 738
808 377
573 7
132 492
821 326
277 226
696 721
656 384
476 898
555 52
412 150
433 557
830 441
429 569
568 764
367 657
855 628
495 538
362 202
620 426
358 854
409 561
742 463
405 693
824 193
103 27
604 770
491 847
604 170
403 491
747 808
120 459
130 430
268 938
39 255
327 466
835 716
43 762
213 364
879 899
779 162
278 850
659 810
612 105
370 541
906 37
947 282
518 579
619 33
902 153
891 496
467 23
266 115
549 777
756 831
137 12
480 180
955 679
710 985
391 681
279 347
710 898
473 78
882 402
221 889
863 715
561 17
392 278
987 366
557 168
142 531
71 167
63 607
317 492
75 111
416 819
979 366
905 435
12 144
922 13
708 288
818 967
237 163
116 266
733 416
472 523
60 198
165 711
755 581
949 896
127 178
806 878
92 329
75 999
878 961
988 730
797 70
535 224
900 215
136 602
413 804
144 430
482 674
550 174
533 938
188 633
171 623
554 748
105 433
691 849
308 827
487 261
450 738
847 703
960 75
55 365
362 537
346 651
276 852
277 766
688 383
925 546
159 261
936 347
225 115
957 869
385 948
533 556
917 571
76 243
756 973
224 103
219 127
198 288
498 882
439 463
866 8
605 607
398 523
399 645
142 408
461 746
749 834
369 907
324 400
786 709
671 838
392 623
569 321
910 219
996 148
865 812
287 32
691 378
394 535
407 418
606 327
879 170
472 269
832 345
348 636
369 42
252 334
37 449
328 72
320 831
379 999
309 805
29 761
151 854
371 97
631 321
953 542
459 782
369 279
229 316
478 24
325 188
918 40
468 834
681 7
568 79
850 586
806 292
447 219
994 226
293 763
928 406
190 91
59 651
795 434
407 498
770 278
274 428
182 108
80 787
879 130
834 164
709 7
924 433
932 892
365 266
479 180
489 888
698 67
85 178
427 206
108 354
432 72
915 829
285 577
593 704
43 183
748 751
540 913
126 568
53 957
55 81
282 106
726 533
95 505
369 694
348 832
83 252
873 954
512 838
482 907
566 191
86 712
537 861
907 708
63 81
458 726
91 107
135 960
819 254
107 454
667 879
495 217
807 507
858 170
142 27
342 563
27 583
346 443
455 843
930 744
630 585
160 635
524 55
936 289
707 766
315 504
220 478
993 629
245 323
15 949
950 569
548 80
245 112
371 909
811 665
217 608
983 793
646 990
694 832
815 168
348 916
391 997
165 358
285 257
802 956
763 985
141 60
224 918
627 631
891 815
796 697
594 608
624 981
299 952
721 439
288 278
262 42
126 559
678 316
304 941
589 484
473 74
311 612
790 66
309 875
50 627
159 292
523 921
151 825
422 588
895 445
631 225
305 299
791 157
48 601
402 387
199 115
1 303
181 141
662 481
845 374
906 437
508 802
416 734
341 334
516 280
966 327
758 445
744 558
804 483
350 976
466 697
797 945
518 773
728 62
494 665
476 50
259 294
137 610
195 901
771 893
830 503
651 507
683 792
977 606
867 503
126 761
565 214
777 431
144 452
595 149
13 23
885 119
60 986
813 796
369 917
613 653
705 289
204 620
687 672
159 551
242 605
534 134
809 543
783 239
352 455
748 602
811 73
141 272
454 953
233 358
769 845
322 113
978 396
620 552
947 789
600 626
916 819
684 116
630 229
223 793
699 747
512 923
609 701
763 807
359 902
651 553
234 773
799 71
929 507
379 652
327 427
76 901
346 755
652 869
281 81
922 201
165 577
750 786
331 834
131 697
208 790
13 551
632 185
771 169
536 698
967 779
451 551
608 369
921 496
556 437
608 747
553 873
419 813
278 138
68 232
903 245
249 976
413 50
654 616
541 908
115 521
620 930
187 796
44 205
20 460
154 216
824 788
924 101
555 716
72 458
618 444
248 535
282 774
544 543
697 68
850 66
173 132
818 611
113 953
619 621
73 760
886 699
714 951
447 379
711 931
690 13
924 687
675 314
774 196
133 372
687 785
778 819
883 579
393 847
251 924
462 872
185 162
366 443
441 146
423 832
446 993
960 359
429 951
710 85
611 87
213 889
914 390
105 421
484 283
561 580
526 791
869 641
229 742
418 696
685 201
712 204
44 721
937 731
870 357
833 574
746 100
370 666
900 115
12 350
138 883
834 460
434 584
198 855
607 725
684 746
428 221
14 715
561 523
684 809
720 630
558 295
457 424
467 936
869 936
556 29
970 648
842 450
199 25
46 562
661 129
388 941
908 601
994 65
364 46
194 491
87 219
967 25
379 338
604 850
332 465
966 451
872 126
834 764
654 767
699 340
449 935
925 214
810 66
994 878
813 43
802 767
722 327
811 669
609 180
319 811
926 353
268 554
684 610
888 365
374 57
721 589
799 784
856 473
853 261
183 452
829 815
929 636
461 270
639 82
316 589
340 221
554 863
847 354
833 642
860 884
60 450
306 255
83 184
373 692
525 130
293 779
204 33
999 700
349 166
673 949
734 280
536 908
71 677
194 279
125 891
46 390
247 22
918 933
63 584
239 114
800 335
621 428
367 33
383 49
929 800
300 525
306 63
123 84
999 101
339 650
618 445
318 143
620 952
31 232
229 70
607 15
394 131
3 279
834 434
367 218
154 818
354 729
123 383
724 842
173 114
972 663
505 533
398 516
160 682
716 493
319 412
652 960
296 710
799 844
52 345
487 109
613 943
476 667
46 594
947 15
552 24
661 500
78 44
574 272
703 398
491 91
293 644
951 349
698 959
452 852
737 543
831 193
215 633
130 830
609 378
325 38
191 170
48 986
403 139
905 766
352 569
859 241
620 775
579 695
456 951
599 981
552 119
754 707
382 223
343 156
188 128
497 25
473 530
40 101
798 981
611 72
384 509
149 540
792 883
164 815
715 464
314 240
781 785
103 214
991 430
682 390
668 436
714 978
514 893
145 164
686 443
739 63
786 644
861 877
68 631
503 990
402 356
206 961
372 162
370 181
602 365
678 341
702 588
186 653
999 756
4 262
579 459
156 682
615 336
498 525
562 581
729 788
479 291
624 227
46 142
816 191
69 191
300 524
983 876
60 307
467 208
823 627
448 830
48 274
149 35
585 843
868 249
712 182
385 311
590 587
581 194
391 407
659 624
927 950
28 257
899 635
6 123
973 642
50 526
300 301
782 278
710 798
266 707
247 890
487 236
190 156
190 493
387 781
95 641
675 514
372 711
851 770
206 555
427 202
598 931
77 972
228 533
598 605
670 110
607 200
829 433
24 330
21 71
129 354
2 855
187 874
293 930
988 624
139 840
649 930
912 366
972 550
672 310
97 299
668 634
991 844
363 861
37 54
365 1
884 17
584 518
589 656
921 406
771 353
537 581
322 994
483 790
892 360
558 601
220 190
153 440
9 202
868 788
854 276
482 624
290 958
60 682
210 519
294 432
262 526
627 324
112 198
978 791
133 519
848 609
552 471
375 737
213 816
919 286
375 2
899 467
713 327
696 566
497 300
948 801
347 704
936 96
407 262
371 540
44 527
528 569
367 454
218 59
247 756
182 925
809 787
255 338
972 181
204 709
385 741
278 212
640 953
961 92
611 86
436 965
839 908
495 390
411 113
151 700
334 171
709 343
309 472
126 724
917 379
914 811
123 556
863 249
537 314
327 640
739 206
763 422
105 531
461 140
346 875
86 113
167 617
345 155
639 316
835 88
47 713
314 891
984 220
581 29
266 775
412 910
411 944
567 615
261 23
916 749
457 868
270 894
791 182
951 260
732 11
137 306
762 764
861 973
261 643
5 644
814 645
537 137
871 925
207 37
845 587
503 961
987 361
639 952
334 832
512 259
208 15
730 328
517 770
424 80
348 145
142 541
171 144
557 755
361 418
378 270
458 127
70 793
256 333
705 146
873 83
548 31
693 734
649 999
139 924
386 89
333 646
466 674
164 881
23 515
984 944
157 357
358 434
326 462
996 643
629 696
400 205
226 184
858 809
48 343
501 960
830 469
277 658
768 525
890 326
684 258
249 947
802 967
358 446
99 722
780 922
624 786
15 43
515 885
979 734
507 959
800 715
184 961
972 177
508 671
603 897
930 582
500 374
950 362
679 226
654 97
476 475
913 484
107 633
70 273
841 498
893 394
617 757
244 764
998 546
104 954
674 459
526 569
582 464
992 888
506 417
578 727
659 314
763 706
115 498
321 372
112 223
202 377
240 879
262 913
958 645
622 613
460 456
866 492
206 520
220 457
233 523
66 806
614 344
641 836
708 857
902 977
319 806
238 796
343 125
64 696
356 536
989 641
570 749
570 388
310 949
967 914
751 831
640 144
92 47
186 838
789 540
21 361
313 512
534 141
565 767
953 42
34 701
432 328
325 620
601 138
801 611
794 36
209 396
977 57
313 510
874 937
184 379
944 728
547 139
167 203
420 185
198 434
572 430
548 271
459 633
970 5
682 358
666 416
89 741
354 210
63 749
33 506
45 479
156 321
348 435
725 650
770 805
608 732
276 345
251 210
715 726
75 406
86 587
674 861
398 876
48 616
556 624
413 257
167 79
860 673
630 654
809 859
126 345
18 573
878 903
116 529
931 166
134 475
338 66
417 355
42 216
338 172
267 771
247 416
762 343
22 732
782 852
436 586
870 670
585 170
668 780
81 470
505 287
609 769
841 340
23 286
677 495
731 64
44 825
993 414
217 435
117 107
918 295
885 348
302 988
581 372
177 943
131 115
443 635
82 116
59 615
917 250
720 950
476 828
449 858
870 677
386 84
866 670
299 869
983 987
356 838
137 921
943 254
763 87
105 546
932 48
349 293
465 163
9 642
964 625
405 523
525 135
145 772
496 676
811 685
8 793
914 261
81 961
530 752
312 51
695 177
566 47
773 332
489 570
779 919
423 172
585 366
476 856
60 897
114 829
172 498
18 835
739 907
204 64
773 319
806 745
609 179
86 627
154 135
127 499
421 769
977 231
571 243
724 597
273 483
351 471
481 20
825 420
393 975
851 231
882 163
711 487
53 413
148 776
536 420
438 575
168 765
846 648
774 813
702 643
98 829
889 730
544 245
40 719
373 587
670 913
647 458
448 951
432 342
522 30
52 580
154 70
898 335
516 682
181 476
960 963
28 835
289 694
490 32
804 117
718 318
203 105
881 776
186 107
281 958
712 866
450 815
579 928
353 422
364 409
406 70
933 522
12 448
341 980
732 416
867 498
543 84
921 507
595 731
883 763
842 88
781 538
271 578
901 944
368 426
558 196
876 220
453 897
253 142
582 782
490 376
76 560
668 934
853 919
343 149
650 105
320 915
560 719
515 512
437 766
6 665
977 615
232 319
49 128
474 440
248 261
539 67
143 395
977 971
434 424
996 813
755 154
127 59
198 885
65 192
251 385
92 991
829 315
48 395
814 854
817 150
763 997
792 12
960 971
406 560
159 743
306 520
818 820
795 323
439 222
757 371
717 698
50 100
129 179
116 797
569 204
193 906
539 509
949 900
565 319
354 593
783 227
367 441
412 383
580 451
949 343
21 699
377 418
36 50
317 733
907 308
926 788
557 968
820 903
743 351
542 886
951 916
220 396
305 269
764 66
445 993
536 540
230 908
924 19
466 793
961 238
95 94
546 226
453 312
554 787
628 682
367 67
540 330
754 183
408 561
455 420
877 746
796 634
664 420
872 744
535 243
174 81
685 229
842 238
568 302
810 962
427 451
853 6
885 445
458 755
354 956
208 874
838 628
276 355
350 403
415 687
414 621
378 453
892 704
821 420
679 805
230 736
475 443
977 362
889 64
638 581
431 353
216 902
425 640
430 131
145 928
528 77
89 280
37 740
847 334
225 584
128 258
411 210
439 412
127 814
861 754
823 991
62 189
184 761
550 415
205 816
443 968
174 313
556 127
91 94
861 333
477 937
465 478
237 990
390 963
853 648
355 858
485 214
454 455
346 460
997 93
823 0
302 999
212 522
791 153
479 984
105 991
507 800
572 68
12 861
560 697
855 740
724 181
409 933
716 312
444 867
884 638
887 168
480 803
41 723
834 555
422 393
566 444
179 411
408 26
955 394
137 602
184 626
660 669
311 36
364 930
640 619
372 182
537 319
575 956
466 259
852 948
816 55
806 465
639 380
212 653
51 442
12 33
686 299
854 390
395 66
435 165
777 109
811 473
916 9
100 236
331 636
940 936
732 743
899 141
783 590
962 772
362 80
466 469
214 594
275 78
784 905
219 718
787 387
534 932
893 577
829 30
337 81
311 290
235 890
373 244
834 878
98 359
91 348
856 282
264 964
508 816
685 43
829 563
424 239
802 361
809 703
160 888
187 995
226 529
325 698
271 540
246 965
991 777
732 525
318 166
260 177
552 570
130 621
315 620
958 508
204 248
365 65
300 375
945 610
851 595
590 636
977 876
244 17
942 701
914 531
23 19
985 2
314 488
960 598
450 71
739 555
92 160
590 984
869 764
26 402
404 978
256 895
531 549
89 730
681 329
966 538
738 143
538 988
645 571
928 167
298 841
812 497
251 229
431 769
21 890
686 323
206 213
383 846
99 551
797 156
983 905
124 884
500 894
377 791
846 530
139 829
81 680
105 84
285 871
592 114
234 93
215 776
624 391
910 20
343 544
166 674
597 692
233 312
924 0
865 798
354 176
828 960
825 403
705 235
896 751
913 906
449 738
73 179
36 49
358 17
50 220
979 916
501 553
964 97
288 538
457 965
222 93
560 445
249 965
290 514
264 535
331 213
634 999
559 36
884 845
119 436
751 815
236 484
701 858
441 36
359 408
326 231
432 666
25 173
463 498
794 305
642 145
510 352
379 998
447 292
301 627
55 770
553 320
898 872
348 431
393 615
606 236
185 901
246 937
61 989
38 281
360 331
347 345
776 402
878 340
1 9
192 719
322 913
184 232
323 845
546 829
33 41
936 121
336 654
372 640
372 72
842 500
164 544
260 385
367 721
440 197
637 218
564 944
292 55
660 83
366 816
279 309
220 357
28 711
305 513
807 40
949 999
800 249
781 307
124 896
23 173
301 351
436 514
676 949
997 504
61 420
162 509
877 290
705 997
304 890
859 157
226 397
120 992
434 760
141 644
237 44
184 530
52 388
989 292
893 672
753 275
462 691
955 892
655 744
300 596
312 901
115 63
214 710
450 371
555 415
147 926
123 64
784 135
10 117
11 954
259 750
958 463
275 648
303 37
679 162
465 68
467 698
323 510
142 342
810 590
680 706
795 496
880 774
494 750
680 124
528 322
431 33
195 979
166 917
857 634
127 684
657 898
300 395
563 955
12 104
926 991
712 214
1 661
410 98
687 882
791 45
553 622
862 969
24 901
394 130
840 11
239 767
472 659
638 847
153 625
288 98
307 128
337 641
954 330
302 607
578 900
239 519
765 881
863 958
765 916
504 82
439 826
568 490
496 582
303 17
587 115
272 94
479 240
986 575
724 772
828 42
4 627
669 256
343 791
123 98
943 547
267 812
159 216
105 66
510 593
441 559
872 544
693 696
926 152
490 821
99 487
775 533
619 457
298 934
1 830
147 250
261 962
31 912
291 976
951 653
800 193
564 359
826 608
984 92
476 995
409 770
745 912
369 90
308 501
27 712
798 291
993 302
780 430
825 827
129 321
581 98
516 933
412 77
873 618
889 605
749 72
306 736
587 771
86 849
31 113
811 344
230 363
503 849
696 828
830 731
352 976
894 924
225 27
289 675
322 263
87 961
471 870
91 550
823 218
386 308
973 374
182 141
729 310
357 578
745 425
946 764
68 924
129 717
829 893
896 885
762 959
216 523
618 887
566 181
966 340
119 686
888 99
589 355
235 31
452 484
908 165
613 408
276 748
138 983
379 285
644 692
405 245
639 78
615 610
5 389
741 930
694 283
677 361
836 105
234 277
112 78
670 225
472 532
426 260
146 907
831 535
399 967
706 83
752 452
221 945
346 958
913 648
193 677
180 446
758 905
939 481
386 533
416 23
700 353
559 922
733 479
182 445
323 256
762 271
504 4
94 771
35 313
297 907
361 952
431 502
907 936
912 859
399 28
470 480
322 737
718 726
989 560
235 205
326 755
466 193
845 989
126 565
224 250
431 430
842 451
968 635
388 132
723 894
956 513
476 468
775 35
772 119
255 629
918 941
870 181
323 361
720 480
956 41
129 387
424 956
181 624
778 146
141 508
727 166
477 301
134 725
699 25
414 673
45 128
-1 -1 -1 -1 -1 -1 -1 -1 38948 -1 -1 26197 59276 -1 -1 -1 -1 -1 14303 -1 -1 27461 -1 -1 -1 -1 -1 -1 -1 -1 -1 -1 -1 -1 62530 -1 -1 -1 -1 25119 21228 -1 -1 -1 23180 49474 -1 -1 -1 -1 -1 -1 -1 -1 -1 -1 32910 -1 679 -1 -1 -1 -1 -1 -1 -1 -1 -1 -1 -1 -1 -1 34223 50411 12897 -1 -1 -1 -1 -1 12792 -1 -1 -1 -1 -1 59467 -1 -1 -1 -1 -1 -1 57540 -1 -1 -1 -1 -1 -1 -1 -1 -1 -1 -1 -1 -1 -1 -1 -1 -1 -1 58262 -1 -1 -1 27712 -1 -1 -1 -1 -1 -1 -1 -1 -1 -1 -1 -1 -1 -1 -1 14266 -1 -1 -1 -1 -1 8290 -1 -1 -1 -1 43410 -1 -1 -1 -1 10120 -1 -1 -1 -1 -1 -1 -1 -1 -1 -1 -1 -1 59179 -1 -1 11348 -1 -1 -1 -1 -1 -1 -1 -1 -1 -1 -1 -1 -1 -1 48712 -1 -1 -1 -1 -1 -1 -1 -1 -1 -1 -1 -1 -1 41443 -1 19007 -1 -1 -1 -1 -1 -1 -1 -1 -1 -1 -1 -1 -1 -1 -1 -1 -1 -1 10864 -1 -1 -1 -1 -1 -1 -1 42030 -1 -1 -1 -1 -1 -1 -1 -1 -1 40652 16332 -1 -1 -1 -1 -1 -1 18438 6861 -1 -1 -1 -1 -1 -1 -1 -1 -1 29447 -1 6931 -1 -1 -1 -1 -1 -1 -1 25978 -1 -1 -1 -1 -1 -1 -1 -1 -1 54186 -1 -1 -1 -1 37851 -1 -1 -1 -1 -1 -1 -1 39018 -1 -1 -1 -1 -1 -1 -1 -1 -1 36640 -1 -1 -1 -1 -1 -1 -1 -1 -1 53999 -1 -1 -1 -1 -1 -1 -1 48226 -1 -1 -1 44225 -1 50986 -1 -1 -1 -1 52977 -1 -1 -1 -1 -1 -1 -1 -1 -1 -1 -1 -1 -1 -1 -1 13277 15487 -1 -1 -1 -1 -1 -1 -1 -1 -1 -1 17652 -1 -1 -1 -1 -1 -1 -1 -1 -1 -1 -1 -1 -1 -1 -1 -1 -1 -1 17491 -1 -1 -1 -1 -1 6891 -1 -1 -1 -1 -1 -1 -1 -1 -1 43320 -1 -1 33285 -1 -1 -1 -1 -1 -1 -1 -1 -1 -1 -1 47854 -1 -1 -1 -1 7239 -1 -1 -1 -1 -1 10391 -1 -1 -1 -1 -1 -1 43074 -1 -1 -1 50397 -1 -1 -1 -1 -1 -1 -1 13627 -1 -1 -1 -1 -1 26102 44922 37528 -1 -1 -1 -1 -1 59743 -1 -1 -1 -1 24682 -1 -1 45683 -1 -1 54739 35614 -1 -1 -1 -1 -1 -1 6163 -1 -1 -1 -1 -1 -1 61241 -1 -1 -1 -1 -1 -1 -1 -1 6701 -1 -1 36575 -1 -1 59883 3052 -1 -1 64049 -1 -1 -1 -1 -1 -1 -1 49406 -1 -1 12881 -1 -1 -1 -1 -1 -1 -1 -1 35791 -1 -1 -1 -1 -1 -1 27036 43393 -1 -1 -1 -1 -1 -1 30765 -1 -1 -1 -1 -1 -1 -1 -1 -1 -1 -1 -1 16094 -1 -1 -1 -1 -1 -1 -1 47523 -1 -1 52193 -1 -1 15579 -1 -1 -1 -1 -1 -1 -1 -1 -1 2146 -1 -1 -1 3002 -1 -1 -1 -1 -1 -1 -1 -1 -1 -1 -1 -1 -1 -1 -1 -1 -1 -1 -1 -1 -1 -1 -1 -1 26382 -1 -1 -1 -1 -1 -1 -1 -1 -1 -1 -1 40482 -1 63507 -1 -1 -1 -1 -1 -1 -1 -1 -1 -1 -1 -1 -1 -1 -1 -1 -1 -1 -1 -1 -1 -1 -1 -1 -1 -1 34305 -1 -1 -1 -1 -1 -1 -1 -1 -1 -1 -1 33404 -1 -1 42216 -1 -1 -1 -1 -1 -1 -1 -1 -1 -1 -1 -1 -1 -1 -1 -1 -1 -1 -1 -1 -1 -1 -1 40980 -1 -1 57564 -1 -1 -1 -1 53118 -1 -1 -1 -1 -1 -1 -1 -1 -1 -1 -1 14289 -1 28006 22767 -1 -1 -1 16554 -1 40770 -1 -1 61904 27284 -1 -1 -1 -1 -1 -1 -1 -1 -1 -1 -1 -1 -1 -1 -1 -1 -1 58490 25006 -1 56790 -1 35898 -1 -1 -1 -1 -1 -1 -1 -1 57963 15693 17577 -1 23386 -1 -1 -1 -1 -1 -1 -1 -1 -1 58197 11197 -1 -1 -1 57164 -1 -1 -1 -1 -1 -1 -1 -1 -1 -1 -1 -1 -1 -1 -1 -1 -1 -1 -1 8265 -1 52792 -1 -1 -1 33105 25734 -1 -1 -1 -1 -1 2383 -1 -1 -1 -1 -1 -1 -1 -1 -1 -1 -1 -1 -1 -1 -1 -1 61124 52115 54430 -1 -1 -1 9994 -1 -1 39494 -1 -1 -1 26575 1140 -1 -1 49098 -1 -1 6315 -1 6177 -1 23515 42725 -1 3815 -1 32610 -1 -1 -1 -1 -1 -1 40601 -1 8319 -1 -1 -1 -1 -1 -1 61597 -1 -1 43538 -1 39547 -1 -1 -1 -1 -1 20269 -1 -1 -1 -1 -1 -1 -1 -1 -1 -1 31236 -1 -1 -1 -1 -1 -1 -1 -1 -1 21804 -1 -1 -1 -1 -1 -1 -1 -1 -1 -1 -1 -1 -1 -1 -1 -1 39054 -1 -1 32250 -1 -1 -1 60300 -1 -1 -1 -1 44721 -1 42836 -1 -1 -1 -1 -1 -1 39357 -1 41056 -1 -1 -1 -1 -1 -1 -1 -1 -1 -1 -1 -1 -1 -1 -1 -1 60720 -1 -1 -1 -1 -1 -1 -1 -1 28165 -1 -1 -1 -1 4737 -1 8941 -1 54515 -1 61580 2147 -1 -1 -1 -1 -1 -1 -1 -1 8106 -1 42813 -1 63475 -1 -1 -1 -1 38616 -1 -1 -1 -1 19696 -1 54495 -1 -1 43122 -1 -1 50924 -1 -1 -1 -1 -1 -1 -1 -1
6
1 0 11 502 3
1 306 14 793 10
1 586 2 121 11
1 352 6 25 2
1 490 15 130 0
0 241 12 72 8
