1000 5000
688 719
846 511
38 482
348 573
303 559
762 365
131 562
736 583
787 608
633 258
202 938
548 491
17 971
681 526
535 709
545 872
383 782
502 734
426 179
126 136
736 7
868 857
676 499
75 329
254 607
77 929
233 978
631 46
824 597
758 444
243 854
781 151
183 232
805 882
380 884
6 87
718 60
198 127
897 534
136 616
731 216
326 810
975 898
230 138
203 603
817 68
362 109
85 454
979 235
397 367
302 305
150 761
761 885
751 208
872 522
364 305
150 456
183 501
472 884
428 47
471 133
99 710
322 382
409 463
374 56
296 175
591 290
836 864
615 707
975 435
358 502
967 468
380 57
251 3
968 745
754 988
849 834
355 403
932 829
160 694
131 872
528 577
484 901
712 535
419 252
883 857
815 878
675 510
499 133
870 1
225 320
917 332
614 382
571 258
587 11
447 119
93 199
992 262
61 523
258 574
755 210
400 594
565 598
19 847
56 274
382 70
154 64
823 929
961 129
84 259
9 868
215 820
171 764
169 463
742 750
109 801
979 708
615 800
376 710
984 66
941 488
871 351
297 710
213 163
220 424
189 612
626 898
80 992
472 592
819 322
805 849
747 831
628 83
90 938
882 905
288 481
246 147
164 567
691 903
51 383
265 358
908 118
194 532
725 347
610 14
383 478
622 344
341 144
601 683
24 203
113 821
75 543
619 735
285 98
927 11
431 941
609 101
19 399
7 436
604 569
870 43
21 219
9 138
503 373
881 189
571 605
279 849
790 402
457 797
796 261
499 444
428 510
797 672
206 493
108 670
223 78
191 824
270 363
620 539
290 326
35 609
33 565
542 146
582 954
131 603
409 918
594 118
736 348
613 262
958 429
242 447
973 3
793 925
557 263
874 414
424 528
851 805
268 736
935 656
612 621
813 817
114 898
866 193
960 863
867 821
278 671
476 421
326 48
400 634
622 386
352 412
926 99
258 959
35 573
370 325
664 200
483 175
582 724
950 989
104 729
723 788
566 245
3 575
121 285
845 522
499 681
515 712
510 42
151 224
115 140
868 504
297 714
919 465
195 867
774 810
235 610
213 9
519 564
436 777
185 572
156 645
14 414
932 248
291 604
419 975
582 707
628 115
749 237
124 865
279 36
942 848
6 245
196 947
778 62
53 343
578 34
734 890
366 979
45 622
457 846
773 220
379 444
858 622
76 861
539 731
90 315
461 654
150 254
306 305
223 484
749 583
736 288
341 799
35 484
536 934
141 199
529 964
713 983
453 487
497 957
895 624
690 955
880 34
890 794
793 236
242 872
530 607
412 489
777 592
952 121
747 518
703 720
560 309
993 74
875 842
8 25
956 716
620 368
335 680
425 925
450 991
421 857
506 278
664 679
691 347
131 370
175 375
274 675
718 215
802 198
5 299
766 830
182 171
236 936
607 143
874 130
561 239
123 769
29 61
168 254
885 133
678 321
27 222
887 948
796 861
295 291
350 72
679 546
280 224
522 984
53 621
310 296
854 12
680 184
973 849
194 954
976 472
215 933
620 191
129 337
51 111
48 991
478 28
898 17
151 594
817 484
448 262
841 222
804 640
620 740
985 853
950 45
582 399
795 672
751 243
234 901
215 381
783 369
385 350
464 123
555 262
346 303
230 362
895 791
670 527
454 881
943 495
822 270
494 90
496 577
817 647
151 774
628 142
85 628
409 994
539 786
683 27
42 271
373 709
710 933
493 731
960 113
547 448
903 995
56 292
772 943
251 262
979 676
614 507
475 169
570 547
50 93
445 954
180 961
17 124
104 969
258 619
859 847
953 191
291 537
668 265
363 649
720 515
457 177
736 986
197 503
63 685
508 157
589 866
618 630
44 204
462 105
785 138
242 19
890 80
820 979
475 106
906 585
269 176
532 582
787 921
244 675
679 587
760 280
365 26
219 423
416 906
746 577
606 563
154 78
391 350
666 98
655 312
617 565
420 967
783 249
847 476
435 674
102 864
454 689
996 407
60 438
195 450
438 977
562 555
190 348
980 98
61 569
636 959
334 833
911 311
661 112
58 439
786 428
266 510
568 974
636 77
512 867
324 790
380 685
632 948
134 548
640 384
180 383
650 462
26 946
939 937
282 456
307 380
181 489
310 685
994 183
134 186
607 34
274 463
356 511
476 529
892 770
965 729
799 917
344 532
889 985
648 886
363 300
160 913
816 578
225 215
880 636
616 546
165 428
218 263
862 728
131 17
711 274
323 801
262 919
375 351
912 882
699 680
166 53
779 373
745 271
409 733
204 753
61 231
380 701
44 581
566 730
305 382
74 196
41 92
447 677
711 348
713 266
945 486
84 741
244 516
991 768
753 767
833 650
11 142
88 322
177 290
480 682
749 47
503 125
268 476
891 82
997 704
835 841
380 15
71 905
642 802
880 257
498 574
101 962
680 621
182 201
476 548
947 396
623 293
933 109
638 931
552 739
790 746
705 808
845 463
106 944
619 144
307 358
105 296
346 642
286 193
413 295
557 501
839 840
669 887
244 953
262 24
735 59
471 693
129 323
242 235
806 12
241 738
828 699
504 411
250 439
378 969
851 280
149 580
918 545
460 593
413 500
969 583
8 43
945 386
889 698
955 517
827 953
300 299
796 886
17 543
117 69
463 482
833 31
185 802
364 370
567 891
177 575
891 421
381 679
179 373
788 700
252 891
674 770
345 392
39 442
545 815
658 11
828 823
271 381
276 336
601 426
561 51
607 866
976 664
239 460
487 863
437 999
408 388
891 389
334 519
277 437
215 831
148 680
716 509
505 516
206 527
430 862
680 50
41 162
509 236
794 377
123 351
975 44
780 648
445 666
335 607
22 839
209 52
951 723
628 223
629 247
547 84
663 268
253 777
361 26
370 403
759 677
194 592
112 578
588 292
967 431
979 426
350 502
22 13
580 179
274 93
141 233
880 318
717 338
115 964
16 936
874 353
455 874
716 921
618 501
33 985
834 953
684 131
966 913
922 435
759 260
270 714
597 921
72 917
736 156
305 380
962 587
354 716
83 197
831 333
567 618
530 354
927 48
863 628
801 470
920 959
838 626
210 78
259 458
860 570
125 856
226 66
252 275
857 607
978 629
953 645
967 541
320 607
587 883
419 856
960 72
778 863
220 442
724 589
987 148
817 349
776 322
957 620
687 999
93 712
226 118
581 827
346 416
159 95
142 503
724 808
959 777
257 632
381 519
676 971
862 466
914 312
573 746
191 170
23 645
840 55
313 487
832 771
784 984
407 686
928 228
673 630
386 683
128 804
227 149
388 146
791 272
764 225
320 684
511 711
786 170
722 941
419 507
297 680
165 626
332 885
242 212
903 456
996 429
110 332
193 881
407 587
587 643
843 321
61 342
653 737
656 599
562 453
614 361
243 952
758 627
459 373
571 714
23 423
299 885
818 981
63 898
624 851
93 528
683 568
591 140
437 259
230 866
358 858
257 474
420 796
142 265
567 152
89 690
261 620
869 169
429 449
667 642
57 496
370 582
988 421
917 368
797 294
653 45
6 794
857 318
82 723
428 213
639 444
497 350
482 139
346 826
698 42
999 59
607 960
657 378
283 435
871 390
510 833
787 652
960 762
668 613
55 984
361 784
990 192
9 700
448 274
924 457
85 452
682 214
65 842
172 114
144 79
146 508
55 101
722 121
443 143
403 153
303 935
990 278
468 820
94 574
233 500
125 781
473 177
161 839
310 819
656 968
253 153
246 632
605 720
332 243
594 184
830 642
440 335
180 928
156 701
120 284
153 809
189 218
583 12
682 860
826 352
684 554
965 116
114 194
255 632
815 97
333 476
58 336
661 155
632 237
832 992
599 384
737 763
855 270
195 612
516 428
368 321
348 269
632 891
925 244
290 470
995 348
764 925
159 950
163 96
752 944
150 86
658 458
958 421
829 30
368 805
252 625
310 969
354 245
384 209
278 825
617 862
952 309
673 678
682 747
485 380
516 336
559 890
533 65
533 197
192 338
551 63
581 227
399 462
125 278
923 376
57 777
354 690
704 511
538 396
894 997
409 840
738 492
860 875
826 349
86 983
366 61
686 802
889 142
697 337
694 682
939 78
491 876
145 970
333 367
425 940
294 443
801 252
117 895
95 11
450 596
200 430
729 814
365 801
206 209
23 154
799 9
694 345
533 515
375 2
831 917
300 563
710 416
638 689
537 923
155 855
173 458
749 19
678 886
693 31
394 87
662 168
969 108
748 289
486 36
15 152
372 920
664 568
530 970
650 666
752 545
997 202
89 921
271 59
18 89
821 202
808 202
999 548
290 333
549 947
398 542
298 82
647 941
173 826
928 235
400 427
870 309
586 48
71 798
758 52
905 48
495 702
756 916
241 652
309 712
646 343
581 363
545 522
7 458
270 91
507 654
544 894
796 445
178 37
683 748
378 737
297 645
890 189
39 428
400 289
889 840
63 489
282 788
235 616
289 606
564 781
108 577
685 136
284 62
361 514
895 20
681 791
290 387
882 106
177 418
205 143
307 26
989 256
629 83
152 133
189 50
776 129
482 16
328 642
929 722
661 903
908 747
722 737
407 497
408 12
97 836
281 733
134 32
888 878
207 855
10 385
343 978
400 956
666 114
382 765
333 742
199 460
456 2
493 472
61 447
517 356
599 638
55 907
200 360
506 752
82 302
185 818
489 693
683 143
947 249
500 19
809 77
603 532
622 500
939 421
65 162
449 363
574 750
347 661
716 766
144 750
159 86
639 996
932 503
934 841
291 677
512 491
572 920
256 960
717 770
957 23
201 683
865 918
237 65
388 169
209 798
442 633
746 243
133 681
1 501
837 715
94 190
538 514
413 944
103 238
340 0
275 486
255 292
783 869
594 360
580 357
471 713
609 471
891 933
17 659
729 39
929 358
631 488
42 94
128 479
53 230
154 634
306 506
729 342
700 89
293 549
18 802
3 356
187 15
909 329
683 270
702 542
692 166
648 779
61 437
912 114
537 43
702 923
213 684
3 137
716 623
90 665
773 894
104 354
191 659
217 991
523 369
999 77
519 487
267 769
78 811
27 208
974 775
998 430
556 123
71 892
931 608
770 631
412 863
497 348
96 309
545 892
559 284
913 150
700 168
553 912
578 291
898 207
934 282
342 94
566 950
440 659
441 758
304 734
241 412
513 485
126 706
588 279
554 763
502 455
736 782
753 370
834 189
261 219
304 896
632 67
610 553
825 249
781 756
577 485
22 118
764 122
904 715
871 938
956 971
548 741
714 57
208 314
893 348
659 314
819 594
795 959
634 190
526 454
931 378
151 140
698 437
841 168
705 16
907 618
905 720
40 735
764 669
354 279
832 862
850 486
528 924
641 121
278 488
802 459
334 935
252 541
114 466
557 220
830 314
774 970
261 495
843 621
893 131
73 189
466 454
776 275
687 920
172 687
103 736
38 870
678 850
967 268
46 828
18 59
177 68
177 458
235 961
141 554
136 803
130 670
366 504
54 751
100 387
866 632
427 826
512 607
377 104
595 15
218 938
534 785
125 438
410 249
435 835
303 289
325 517
442 283
177 269
461 396
616 843
64 705
903 767
702 261
164 147
652 886
174 551
204 731
608 817
244 593
258 92
514 276
379 233
965 745
717 900
161 226
395 210
518 949
318 139
839 598
462 480
989 702
193 336
233 340
539 821
557 617
468 590
373 717
90 614
615 559
892 44
447 812
703 943
725 874
110 978
551 844
147 662
24 812
336 251
139 666
770 622
575 67
684 132
627 876
975 918
40 602
729 756
156 8
60 904
23 428
545 413
125 970
275 902
586 717
375 154
541 21
138 408
871 88
553 589
113 585
84 413
146 315
109 999
378 762
115 731
960 695
112 893
338 10
782 242
768 197
233 749
435 134
256 509
622 499
870 359
918 774
123 822
797 958
669 178
297 881
931 912
171 790
29 390
817 943
49 635
644 249
625 559
669 693
55 864
407 341
646 156
147 203
578 655
943 460
778 697
876 914
2 75
646 91
990 270
697 349
980 983
858 739
466 574
177 247
825 60
389 629
317 350
418 525
114 73
546 874
381 4
874 763
757 361
600 630
143 575
989 68
213 660
152 325
735 411
701 660
835 214
730 222
85 147
353 302
925 115
604 480
494 283
463 625
358 493
733 418
236 356
487 107
432 199
710 68
939 661
68 87
753 379
462 681
947 213
640 828
933 13
737 489
460 987
20 131
153 46
840 230
199 886
783 214
769 189
334 161
614 867
866 403
972 119
532 482
944 341
91 189
663 621
566 286
907 597
128 148
379 645
578 245
672 526
231 194
94 972
144 328
778 558
56 377
395 58
745 614
322 214
204 574
54 722
898 1
467 746
520 918
988 600
191 688
425 328
572 233
454 403
569 419
52 317
160 307
389 210
674 959
666 675
996 725
953 994
658 567
51 794
125 378
619 417
514 736
53 9
194 200
57 686
595 75
146 439
797 694
638 56
611 687
188 320
829 454
147 769
298 663
958 605
802 648
670 158
292 227
269 724
833 316
521 747
825 480
338 868
817 866
600 192
158 24
47 767
792 235
736 442
602 715
990 88
300 69
389 694
825 733
257 422
767 439
505 651
408 351
620 35
972 532
669 559
374 596
912 315
410 760
362 287
581 604
562 358
493 958
954 330
538 323
622 107
515 344
312 453
971 233
801 667
559 360
835 169
463 90
478 379
973 79
684 235
964 574
140 727
246 575
946 630
759 217
467 371
373 199
308 108
784 305
640 295
721 550
506 232
416 388
463 253
896 448
117 453
810 80
434 112
577 173
651 440
457 63
612 829
721 125
90 648
128 637
826 967
407 47
502 259
572 602
635 405
741 650
289 681
341 68
36 208
840 319
680 116
340 3
453 561
760 261
330 475
820 947
362 30
780 456
937 311
247 680
818 28
451 416
15 240
350 613
76 852
151 909
315 748
500 83
341 164
347 433
271 998
428 258
474 825
167 380
915 202
983 896
546 473
634 208
789 175
174 73
515 395
482 642
795 56
430 192
947 226
492 675
255 973
769 541
44 390
698 489
428 156
277 494
154 389
812 823
524 344
186 231
877 213
15 324
272 831
937 639
247 9
161 809
287 451
331 823
585 282
851 743
851 44
549 175
560 31
937 25
803 279
448 497
641 739
941 563
938 920
462 775
13 872
188 714
310 272
842 236
373 360
103 856
906 182
873 555
159 165
992 666
684 886
915 138
72 435
434 789
233 536
428 76
980 598
569 104
528 866
565 855
205 557
90 672
853 208
170 530
897 502
226 737
62 544
383 392
64 529
753 118
404 52
159 501
210 494
511 603
553 997
341 888
913 99
361 563
283 919
942 21
315 477
794 583
286 1
456 714
196 200
451 362
545 420
181 571
245 118
779 948
708 699
810 702
655 596
776 243
425 930
494 593
493 693
969 129
387 908
910 735
600 40
585 227
285 221
92 487
413 664
294 716
21 296
88 766
87 23
810 943
779 20
124 833
400 850
709 667
751 68
29 166
757 776
524 951
294 762
945 101
218 281
217 54
673 157
185 76
613 557
763 670
849 554
848 366
890 623
514 260
938 770
483 995
587 585
158 926
468 846
130 899
573 621
896 856
925 36
166 991
573 930
426 40
81 545
418 750
10 831
637 747
621 166
418 184
709 733
614 655
66 943
321 760
527 188
529 369
911 186
217 269
39 999
377 910
612 51
601 544
784 637
696 95
262 672
592 574
223 358
267 696
646 49
92 974
321 518
801 108
28 772
857 833
482 756
581 200
157 841
555 964
713 941
150 867
157 8
814 694
204 876
509 787
239 399
658 395
103 934
444 843
750 366
994 447
262 758
551 168
575 910
335 832
266 76
233 352
732 891
7 938
60 497
910 129
803 507
399 411
889 838
647 26
560 7
454 351
110 579
232 903
469 582
960 914
50 389
821 61
52 303
272 891
913 597
511 950
952 175
842 514
963 586
435 117
619 575
3 304
823 27
317 829
157 195
966 442
416 311
371 473
441 276
128 390
32 335
311 721
24 501
73 557
86 298
506 268
901 357
808 193
214 379
181 733
592 907
579 523
40 190
112 209
978 598
604 299
293 757
950 582
367 907
570 320
533 878
422 448
236 765
985 147
263 495
679 758
137 676
891 0
108 786
355 438
193 145
511 566
438 411
262 655
957 772
843 383
291 286
957 567
55 247
38 810
563 822
107 524
448 779
144 55
392 318
674 105
676 400
135 647
303 337
881 320
261 587
34 624
401 232
17 224
430 648
497 261
761 769
943 50
627 319
716 335
151 22
291 571
251 996
643 204
904 97
841 197
979 357
55 867
840 511
192 536
162 683
519 271
504 810
306 343
458 334
261 213
232 731
949 390
660 302
216 101
98 453
283 898
807 385
908 478
430 964
492 628
898 351
870 483
0 934
661 559
230 522
716 332
623 516
796 967
772 948
587 167
789 225
957 796
379 783
578 518
85 957
84 640
355 160
563 140
190 697
582 66
763 595
967 660
678 806
18 770
726 206
212 237
43 967
5 449
169 645
525 731
463 288
230 72
892 815
500 382
810 834
964 658
390 84
604 671
6 640
579 829
743 477
97 576
907 576
673 825
307 5
867 955
645 76
550 939
662 719
386 635
905 121
306 843
510 147
139 286
601 248
54 954
195 728
136 787
460 163
344 975
69 256
721 889
819 258
537 828
661 422
754 808
649 188
192 305
873 287
837 180
1 564
261 373
714 739
700 306
886 256
80 246
925 175
260 263
49 945
407 530
0 539
586 611
976 172
166 60
532 592
50 471
442 173
192 486
270 220
550 990
228 935
163 792
301 259
367 416
923 720
567 257
57 61
679 205
578 609
581 162
327 546
887 835
673 487
312 511
520 573
376 804
563 341
77 256
795 879
302 982
835 937
505 27
165 372
844 776
729 483
119 454
357 327
427 75
13 973
36 428
110 281
741 839
268 991
779 952
566 551
497 420
96 790
878 713
484 230
69 427
223 837
92 96
634 390
281 136
763 35
583 331
606 107
709 419
702 222
310 302
980 71
965 478
934 451
640 421
302 687
743 241
276 443
109 451
576 403
952 961
528 898
355 155
380 455
136 369
516 92
858 698
985 806
638 68
65 715
162 588
586 42
218 161
938 166
116 951
254 675
305 664
416 984
805 815
464 763
246 365
868 470
123 610
923 364
803 182
410 2
827 666
104 57
386 70
297 544
58 355
887 171
192 551
581 305
443 525
408 485
221 797
216 995
410 135
512 341
679 462
403 989
535 560
361 3
410 539
132 204
82 890
908 713
387 352
652 366
388 180
714 892
418 628
802 901
823 787
199 944
104 277
917 671
85 45
129 915
418 82
160 204
297 209
541 776
804 180
867 576
639 990
184 455
467 426
596 421
426 92
898 714
270 82
823 143
739 848
136 968
693 282
706 736
214 539
952 132
471 370
191 553
11 303
900 79
289 37
946 356
842 489
854 745
887 831
976 354
903 539
550 778
356 679
827 704
995 127
466 370
913 478
396 247
566 548
375 203
441 517
850 112
155 528
577 588
48 399
152 858
368 404
549 905
363 121
206 550
782 527
500 353
683 347
697 438
903 926
90 139
430 39
624 165
642 149
919 246
752 681
591 537
913 291
638 918
557 192
279 642
469 39
539 69
386 181
93 743
528 232
838 592
928 961
542 50
109 862
228 740
700 32
569 21
152 859
963 535
628 723
229 324
129 862
580 46
896 230
120 186
150 861
930 56
253 489
405 369
31 597
647 169
597 540
33 168
181 231
620 617
483 728
753 133
964 195
463 793
874 99
432 411
391 861
172 861
579 735
445 956
449 594
643 345
207 872
212 209
74 299
36 684
36 627
212 474
536 178
886 267
982 766
656 502
792 273
714 459
445 469
47 1
40 643
540 762
529 899
29 245
147 498
748 972
740 768
391 244
462 354
853 754
777 170
910 845
278 234
594 452
549 158
584 847
864 634
332 352
555 485
447 258
770 389
62 56
853 851
527 521
287 152
444 958
272 559
442 376
858 312
312 0
117 400
755 685
955 119
624 652
877 638
7 374
271 34
851 485
395 495
983 674
820 539
702 930
651 146
656 200
614 243
286 567
329 858
469 829
585 216
780 207
273 386
531 79
77 497
295 378
483 826
826 715
229 434
945 956
84 713
520 287
175 791
336 552
837 936
531 332
214 509
18 175
273 531
111 575
87 197
826 413
832 125
923 391
304 451
877 797
897 208
462 267
240 692
473 210
702 262
110 560
207 371
845 183
68 981
740 510
632 403
225 829
135 641
706 297
263 827
934 547
827 130
434 464
959 77
266 832
447 387
242 364
342 325
158 619
478 649
545 258
371 248
49 867
938 238
7 426
993 390
27 685
804 404
97 476
885 290
548 766
130 6
381 510
230 828
318 600
431 472
88 771
190 73
342 245
332 690
480 45
610 443
298 58
646 835
116 97
51 975
78 372
466 446
534 141
601 983
819 998
24 691
164 617
540 777
188 856
609 281
29 478
349 572
307 373
918 339
184 228
274 848
739 484
366 338
719 481
616 304
726 756
33 334
698 500
582 977
805 93
716 965
530 997
952 771
508 870
808 497
169 287
863 612
646 308
549 323
857 734
247 742
580 542
965 857
394 96
612 294
834 908
61 307
663 837
156 3
654 967
719 858
929 85
890 348
235 799
637 462
863 481
829 771
662 99
475 116
533 891
680 741
989 386
9 951
860 627
417 163
312 183
811 798
788 433
129 351
474 634
992 876
311 504
403 55
846 730
265 6
916 870
697 544
173 773
953 65
930 417
24 276
633 283
705 101
103 694
207 60
189 813
172 280
397 80
801 719
779 61
816 180
544 573
46 736
847 321
514 566
551 264
405 648
821 511
613 61
358 855
489 366
973 221
731 319
484 681
440 307
325 681
850 209
795 857
394 834
481 708
249 620
9 226
246 109
679 155
343 251
152 425
79 212
10 46
158 712
693 347
938 228
100 795
82 253
519 356
107 870
133 605
925 535
700 525
36 643
56 76
772 4
67 814
964 492
73 24
333 907
556 309
208 528
721 399
857 787
104 113
259 643
346 10
425 280
945 905
152 112
426 513
562 860
897 522
623 619
600 422
963 810
305 644
623 410
55 290
456 832
961 1
422 765
512 64
815 173
733 921
571 708
124 948
508 329
501 672
531 347
710 390
961 964
230 786
732 509
326 197
433 872
555 855
549 309
300 381
514 430
891 575
941 405
532 534
22 668
729 434
144 659
591 190
448 406
706 545
518 268
352 746
951 204
678 175
149 831
611 640
872 319
895 927
868 698
238 620
715 883
280 209
683 151
131 67
104 191
470 442
889 615
633 618
943 261
270 322
235 883
690 106
210 276
714 462
396 269
522 317
597 900
816 76
284 535
622 887
74 690
7 678
758 880
405 431
790 772
844 877
506 221
852 826
283 99
392 139
685 56
287 202
335 27
651 785
152 183
564 914
572 412
304 681
131 832
680 404
283 596
708 85
779 130
937 337
89 364
66 313
329 43
765 809
187 647
557 673
602 168
804 266
222 661
179 427
65 876
179 897
272 844
702 884
237 890
273 828
982 600
595 11
539 712
998 164
504 789
82 539
102 529
998 223
308 117
974 660
123 372
490 648
897 490
222 815
526 602
51 547
805 804
552 521
238 166
316 463
278 779
614 231
600 53
112 20
198 80
740 7
221 759
27 105
115 516
698 141
530 342
720 955
160 19
650 119
702 569
839 937
354 572
411 424
422 529
255 978
961 935
141 688
686 382
60 337
498 945
827 293
649 418
513 179
43 125
56 399
644 950
719 778
539 275
577 153
39 362
213 867
830 689
17 133
504 788
954 569
791 367
455 732
590 612
112 368
112 936
722 97
676 598
247 561
989 434
486 124
334 201
459 693
426 271
155 112
898 615
576 919
309 546
463 193
758 71
656 76
607 64
456 952
629 793
298 419
339 677
440 521
394 426
769 966
861 339
232 549
747 205
487 79
67 349
680 842
88 886
524 813
282 597
579 417
209 813
645 494
582 942
359 559
120 8
763 445
165 271
106 61
455 932
995 373
601 626
868 181
976 578
858 401
15 331
418 973
563 467
493 417
88 111
476 496
104 699
904 167
454 99
182 820
921 347
253 147
725 117
594 699
865 804
229 332
799 639
969 975
681 735
962 479
300 873
336 159
908 467
443 712
927 573
914 925
208 543
559 412
565 26
24 193
258 685
487 188
995 78
601 131
759 472
248 969
414 369
114 639
445 320
284 901
970 531
60 325
127 966
394 525
477 6
687 440
482 392
482 687
761 514
662 835
643 385
239 248
487 65
373 742
219 653
500 964
900 399
201 146
837 26
3 838
807 162
437 213
960 102
828 756
931 765
86 555
632 242
874 961
644 163
233 557
839 417
109 143
790 195
813 478
873 306
591 503
826 693
568 881
92 379
762 979
475 956
274 576
309 841
775 633
455 66
252 92
15 265
840 449
772 297
42 303
163 488
407 277
994 450
898 669
282 581
543 249
489 921
276 515
363 663
863 951
441 407
280 94
718 830
610 402
753 820
342 861
683 196
280 944
109 502
647 628
545 860
729 964
754 369
181 465
453 873
848 515
612 317
266 451
465 272
769 141
860 280
442 749
126 664
673 482
260 37
798 125
408 593
948 90
762 110
499 251
727 675
299 550
286 501
318 92
427 395
605 916
371 853
427 520
706 661
180 479
147 630
941 443
219 7
166 168
315 539
154 682
18 714
6 177
989 207
636 200
912 442
614 105
688 599
223 762
488 19
317 77
966 816
928 151
52 95
32 6
142 447
514 516
703 931
879 710
664 205
26 182
738 250
75 942
660 912
278 472
346 851
240 550
919 722
605 923
932 515
484 417
362 260
158 859
247 189
299 510
44 429
268 434
487 6
293 92
376 746
100 320
848 235
108 773
512 202
854 583
523 883
447 588
560 315
478 719
489 473
354 935
860 864
283 518
914 717
80 771
469 32
988 160
273 896
687 684
681 822
552 14
401 381
831 169
511 62
732 860
127 191
875 350
596 181
567 610
904 478
488 178
169 15
358 450
622 446
423 625
376 58
389 732
900 219
930 874
753 940
212 39
618 285
995 300
615 789
859 93
485 199
749 973
614 12
31 200
931 345
574 534
17 116
708 3
163 388
809 231
948 900
571 164
522 995
795 15
854 852
978 652
550 579
912 73
887 254
426 902
567 5
15 784
870 551
548 644
321 654
6 186
626 908
572 526
248 592
507 254
450 822
910 102
893 936
787 655
424 608
16 743
866 526
39 840
205 196
343 282
291 159
895 388
268 106
841 870
82 301
61 987
731 824
518 408
116 427
2 83
594 19
34 24
524 250
438 509
313 884
626 126
820 121
736 499
632 323
309 236
161 307
765 762
418 7
898 121
86 694
549 89
997 177
655 924
754 519
407 342
460 546
848 291
986 229
200 271
628 989
55 311
251 558
198 421
566 83
763 959
290 874
306 868
927 595
850 207
658 388
490 515
277 381
912 676
11 743
328 275
649 614
659 580
679 883
162 460
282 272
252 691
141 184
208 83
300 296
644 890
207 7
193 28
991 880
612 703
506 588
97 467
83 188
208 282
79 972
904 522
905 227
284 387
391 353
481 375
971 899
120 974
235 137
229 557
647 90
514 629
225 156
774 825
455 212
956 834
418 540
477 227
676 826
635 878
424 223
420 455
542 814
331 240
154 799
667 312
939 841
904 271
726 278
941 228
251 240
732 972
256 175
917 625
598 613
692 643
975 528
852 941
496 40
901 336
556 236
622 226
350 213
348 159
945 962
456 377
255 718
412 731
855 179
986 767
725 618
576 475
178 214
400 407
563 518
5 458
114 259
81 937
341 236
229 194
113 650
553 993
941 536
406 671
825 421
794 169
452 671
235 809
71 305
739 171
773 316
620 304
377 736
347 653
422 576
699 14
313 681
822 985
140 511
834 651
827 756
656 801
452 531
877 278
284 750
63 6
727 296
532 864
578 182
352 115
625 114
565 318
265 770
792 108
148 664
832 449
857 350
974 370
819 963
17 67
534 736
373 230
92 478
334 456
880 393
132 0
862 653
373 304
137 819
634 149
323 618
358 807
91 174
939 150
73 838
716 291
224 941
206 623
696 440
944 721
102 375
373 283
35 3
440 60
724 226
546 660
255 882
402 728
248 479
80 76
988 377
187 653
288 549
165 863
349 472
345 330
930 561
417 205
31 906
160 137
158 814
121 250
82 31
249 441
495 945
209 595
118 498
408 646
497 961
225 354
860 615
579 989
695 188
725 867
61 146
995 477
350 917
440 272
887 507
717 720
89 304
786 72
311 882
682 65
730 429
326 147
813 453
31 265
120 874
650 901
10 869
561 604
908 293
212 836
429 522
912 469
703 257
547 892
773 10
658 926
251 726
753 43
941 554
378 330
413 645
250 665
449 778
672 864
293 140
909 647
808 384
362 893
713 677
603 534
421 956
291 553
521 611
972 540
127 179
541 423
152 436
113 615
206 810
991 257
407 582
307 311
142 817
978 749
804 163
129 687
563 835
150 497
447 272
952 314
771 540
225 884
359 798
503 696
211 257
545 666
991 506
262 595
329 690
792 307
810 122
462 777
625 694
312 392
729 766
362 722
272 702
150 436
316 800
434 443
905 192
679 213
651 664
497 599
692 60
949 108
680 714
605 340
358 21
332 65
199 326
863 191
916 920
995 113
747 806
849 788
183 965
193 85
997 236
362 165
711 450
727 564
9 823
584 346
9 917
969 363
133 684
606 995
689 108
505 710
295 152
186 266
67 390
333 292
743 505
658 536
850 449
702 703
528 206
368 713
772 265
599 800
857 92
982 251
275 545
976 753
778 52
247 925
552 929
317 841
743 285
31 975
770 919
196 207
596 128
695 307
202 55
190 213
659 664
434 934
973 506
607 259
107 112
609 916
984 599
424 94
776 273
508 773
34 0
272 230
968 979
769 492
53 165
792 220
746 735
432 527
385 451
981 340
431 21
940 913
62 777
290 327
341 365
327 609
687 335
29 470
605 463
630 870
698 292
275 347
968 768
512 262
43 827
643 654
504 974
288 264
621 990
608 274
989 461
497 470
115 292
109 827
328 654
551 485
122 184
552 790
49 573
294 107
447 390
941 974
69 453
206 219
590 237
279 512
588 324
759 687
819 803
227 24
813 650
286 589
929 431
586 88
837 215
619 110
330 240
708 231
47 445
919 331
548 396
779 187
609 644
630 219
359 562
452 646
58 112
541 151
427 841
766 354
839 762
978 4
27 67
538 287
413 281
224 335
22 815
22 345
8 503
109 53
879 622
49 447
282 261
532 205
99 639
885 277
256 158
795 460
357 612
191 100
790 378
420 192
22 517
727 378
515 318
911 125
616 107
4 865
539 505
859 490
546 446
812 280
36 764
884 476
563 0
578 35
324 166
702 753
618 235
995 576
229 357
894 758
743 926
795 478
744 183
396 982
724 247
400 167
612 577
938 931
759 133
886 569
531 439
211 324
275 127
422 925
605 781
806 993
982 752
844 982
551 204
107 568
849 850
685 459
341 603
805 257
294 665
882 267
272 206
580 493
702 555
786 891
639 950
700 948
557 67
595 383
923 146
169 528
996 260
186 870
651 683
582 495
875 678
594 558
580 153
756 935
387 168
724 707
112 340
205 909
374 345
700 514
673 649
712 729
606 518
102 898
470 572
442 485
476 486
66 900
240 121
746 507
370 889
977 704
106 632
216 479
507 355
953 506
725 227
592 375
421 554
38 398
921 250
338 712
469 714
374 490
359 738
356 983
549 929
687 289
732 707
398 383
316 231
983 63
802 680
44 599
165 955
111 450
608 523
164 944
252 285
983 661
661 58
217 822
753 342
153 285
974 234
879 390
407 558
556 975
670 170
494 670
864 566
671 897
946 376
551 26
716 274
700 249
986 840
58 778
230 143
719 641
602 377
24 25
595 691
267 173
849 287
430 528
667 78
77 85
172 5
870 275
201 204
120 792
447 56
458 700
164 239
317 323
165 224
151 292
859 544
260 504
20 408
951 876
113 156
680 623
743 600
993 813
739 178
993 386
733 762
403 653
309 98
740 292
443 401
346 871
795 630
929 249
886 235
985 59
117 893
837 148
924 882
157 645
452 774
582 433
170 444
717 155
741 652
211 580
212 487
791 3
646 807
597 130
190 256
481 147
44 736
55 643
120 798
923 190
788 337
749 785
838 788
465 780
123 973
143 425
993 976
655 687
241 968
446 561
211 828
50 56
558 656
668 712
191 243
214 413
302 613
728 485
353 742
741 980
520 268
689 697
997 70
562 326
534 821
801 218
233 87
294 989
95 668
429 226
85 34
614 175
840 728
422 330
491 823
493 508
596 212
830 385
688 837
253 241
724 789
904 69
666 413
779 345
207 957
418 322
839 543
877 933
806 503
65 768
109 896
997 950
934 67
852 528
674 745
926 324
705 822
132 690
896 140
194 991
998 472
189 840
210 305
239 312
282 927
693 374
619 476
763 944
294 28
585 574
504 835
30 709
123 600
310 54
342 220
54 321
785 703
16 445
357 291
597 904
584 224
845 655
93 181
831 499
424 351
138 60
732 849
247 932
213 935
310 25
55 214
764 119
861 842
405 457
494 534
626 270
836 843
766 702
0 214
453 308
930 330
702 69
22 596
627 793
309 27
25 949
73 483
72 895
879 509
105 996
234 9
597 630
956 29
684 41
27 191
164 427
715 496
726 542
779 396
443 731
890 109
922 8
849 720
921 759
207 437
843 240
707 217
260 403
369 868
664 298
264 728
724 616
444 525
952 352
803 69
857 651
737 314
92 304
946 25
533 773
49 847
733 239
420 804
124 338
675 565
662 288
692 4
171 469
851 186
962 43
602 820
690 707
883 746
297 376
919 758
431 432
66 670
544 540
727 358
517 57
793 574
128 740
444 806
825 159
963 560
929 630
883 533
581 782
584 661
949 349
537 759
930 622
731 772
222 889
68 552
949 93
146 563
626 425
955 428
338 151
692 826
327 404
269 958
571 466
79 112
796 912
730 607
422 606
907 401
580 26
617 388
531 227
767 946
582 84
228 534
533 796
123 117
520 105
734 448
836 567
583 160
607 900
726 775
956 988
496 562
108 169
525 920
7 105
720 404
417 789
187 323
192 929
135 267
424 298
319 956
179 332
616 944
464 818
817 89
416 381
272 975
849 625
34 457
870 273
838 57
372 400
24 233
787 243
545 416
11 790
192 982
91 636
534 970
779 347
147 858
910 133
172 615
699 330
30 696
578 220
770 993
575 51
472 448
334 898
224 680
803 912
243 645
32 888
949 837
491 214
836 743
5 838
13 239
179 92
896 616
493 676
546 976
740 361
272 154
801 407
148 12
614 964
327 477
993 568
290 761
414 722
146 930
31 565
469 811
373 705
642 811
170 775
821 846
692 219
924 264
51 942
337 715
635 570
294 950
627 605
756 144
919 473
374 83
43 444
934 689
647 970
222 651
676 705
743 620
125 898
734 592
128 182
87 576
31 912
697 150
376 977
542 524
381 638
246 14
23 783
568 179
209 335
861 346
254 622
145 818
924 323
807 35
541 655
665 280
176 810
603 319
863 899
784 391
966 349
508 141
64 530
785 915
854 565
686 236
982 698
654 877
12 666
435 926
318 483
988 481
99 261
255 488
410 726
593 456
482 365
543 397
551 395
352 706
820 291
996 742
523 965
951 830
287 79
664 990
978 911
975 316
599 178
608 196
486 712
940 657
273 595
271 977
225 334
519 619
590 472
706 688
24 677
516 643
885 798
285 994
637 309
713 488
684 851
737 884
753 322
330 956
74 529
27 229
858 256
871 727
671 753
123 244
665 431
440 332
26 215
2 269
605 537
728 347
243 257
915 897
189 95
25 559
399 332
649 995
79 433
162 274
966 277
698 512
944 120
280 455
189 307
558 393
588 833
739 279
336 367
396 667
238 474
14 51
813 353
840 999
139 874
691 898
143 368
289 66
918 680
481 305
513 92
314 133
549 413
479 502
939 320
721 171
836 933
519 188
939 414
531 609
110 327
624 30
587 531
648 500
214 103
881 747
800 254
197 686
669 603
499 482
889 527
544 126
589 475
931 106
20 777
359 371
554 442
730 937
417 360
547 134
682 902
501 806
354 754
267 869
462 866
409 971
584 677
82 548
66 110
853 747
904 606
14 201
194 722
382 135
898 380
517 47
148 773
765 62
655 119
493 856
432 223
790 774
172 339
26 172
387 737
297 367
537 571
30 647
519 542
435 333
447 410
913 502
899 496
67 420
254 646
827 751
44 944
412 792
345 785
657 278
743 224
603 676
816 27
673 161
909 369
112 715
672 363
743 359
707 12
921 54
74 855
547 331
226 890
185 510
500 120
197 106
354 914
990 121
637 802
662 451
858 920
896 88
745 81
757 45
484 55
129 366
658 642
843 161
120 3
846 629
632 864
248 653
461 948
621 587
80 203
191 293
389 894
203 457
261 998
671 392
760 414
643 367
64 650
930 929
396 961
616 293
369 883
544 917
710 20
880 609
973 26
231 378
712 773
721 985
926 418
198 300
406 932
467 29
151 544
591 611
731 328
227 408
673 838
283 222
468 68
661 727
845 445
777 697
96 12
791 242
404 289
300 914
182 132
466 640
688 545
477 929
603 794
587 412
428 865
14 407
683 889
333 350
471 112
457 828
229 480
239 978
545 112
9 518
50 934
171 78
909 101
997 743
420 986
364 376
636 634
114 89
318 242
648 676
253 207
5 618
866 241
318 720
953 197
895 378
48 805
584 277
526 738
655 692
516 403
214 535
334 815
630 845
450 602
680 113
844 936
483 128
413 219
924 407
422 518
209 641
228 339
48 344
935 679
31 818
271 767
282 394
356 740
561 397
38 626
249 536
865 222
622 498
862 995
546 714
570 545
735 455
368 392
269 733
186 9
920 368
507 758
871 791
152 88
797 235
718 157
724 692
856 32
359 476
385 994
142 961
583 992
808 623
366 251
641 750
563 947
166 141
342 603
883 913
622 586
755 953
178 0
324 126
260 934
427 296
250 613
697 161
353 354
853 843
236 754
143 968
256 688
64 53
981 359
578 173
610 3
395 702
493 877
826 577
930 611
883 403
823 909
415 665
100 529
556 233
207 514
300 256
35 787
20 183
573 56
804 697
235 451
71 297
820 133
748 786
796 860
496 439
744 832
5 744
113 512
134 209
629 821
982 741
545 969
187 190
560 432
0 629
794 95
420 299
641 476
42 331
114 808
420 502
276 9
269 722
458 651
799 848
17 996
660 445
769 11
61 497
71 397
241 173
18 434
815 830
169 350
212 895
478 730
395 662
878 237
524 454
57 956
363 700
308 800
878 257
146 319
590 228
867 677
732 560
999 270
9 642
263 703
107 618
979 816
436 938
263 35
301 9
997 74
532 230
562 186
7 20
277 152
882 602
939 319
839 815
139 45
139 918
193 745
519 793
149 959
202 144
70 750
614 284
305 519
377 982
548 626
93 559
784 680
501 607
715 555
668 713
25 632
227 942
516 589
793 225
710 423
166 84
982 656
317 289
714 593
475 766
101 278
825 153
398 119
570 921
257 92
914 993
127 465
555 926
699 824
691 174
751 966
193 765
945 454
596 443
136 3
313 322
147 401
100 221
357 423
784 955
899 273
608 885
987 737
515 288
170 600
422 873
412 105
328 308
445 548
653 157
189 364
702 834
515 989
10 806
737 200
345 50
165 935
947 633
355 242
769 496
143 859
959 979
954 153
734 617
983 701
620 192
241 255
330 570
948 195
640 589
641 718
758 676
457 705
146 94
434 721
829 732
858 384
176 292
871 850
835 506
391 875
107 451
339 46
857 518
842 569
727 490
2 790
158 755
998 679
148 855
1 202
507 146
130 423
224 388
377 3
426 510
37 54
567 946
567 655
666 173
785 848
923 415
540 821
441 289
560 544
749 726
899 267
626 491
76 474
108 506
662 688
631 487
640 410
103 543
18 116
605 397
559 439
29 350
856 190
157 67
212 279
727 549
962 217
772 348
314 655
914 170
720 212
285 951
914 395
659 666
108 797
256 65
92 322
119 504
974 582
367 406
411 170
581 42
370 35
973 225
808 793
442 948
114 105
51 92
952 474
945 840
816 761
146 82
670 850
136 20
806 541
695 888
515 309
614 772
722 937
793 404
988 335
844 692
101 606
297 927
658 376
865 163
462 115
521 847
535 652
387 84
371 761
781 965
237 843
63 935
392 546
921 401
721 20
504 568
389 754
832 962
489 922
584 980
352 728
784 867
848 130
786 645
332 662
332 983
276 15
439 937
975 40
768 752
153 413
911 833
683 525
705 588
47 746
571 515
596 131
449 943
882 717
143 358
330 36
247 950
459 214
996 657
847 84
736 48
817 246
112 76
632 187
692 948
338 568
765 106
636 991
916 388
941 649
132 673
63 891
996 461
689 260
280 873
549 335
86 512
589 448
905 617
560 91
919 884
947 68
683 776
664 220
153 440
613 225
934 633
177 395
961 933
214 173
0 477
591 126
910 155
701 314
260 34
375 68
564 896
182 335
915 599
629 276
21 727
878 165
534 746
318 346
857 251
579 614
34 519
853 120
926 352
166 179
607 907
115 376
203 251
996 844
818 288
30 303
15 55
150 610
113 195
439 33
105 620
755 879
21 822
44 223
588 119
447 859
27 977
959 890
632 909
437 602
808 710
777 661
57 610
965 401
767 298
421 115
203 13
455 847
865 67
593 189
612 499
793 161
518 816
26 873
817 116
775 61
951 21
384 197
992 718
523 532
12 941
847 463
656 608
206 812
449 526
502 849
193 879
236 590
428 774
108 971
70 637
95 782
943 162
127 269
427 617
455 709
630 828
161 993
278 863
265 385
595 800
204 562
132 371
828 477
844 145
159 869
161 339
33 89
534 293
108 713
883 146
930 53
86 350
106 191
993 203
285 728
977 32
204 966
452 847
412 581
527 825
608 733
198 537
839 632
145 480
673 50
915 21
287 829
155 345
509 719
582 16
169 808
188 578
464 932
284 14
85 519
841 383
783 619
47 316
326 804
740 707
631 630
331 203
862 652
848 899
433 695
300 673
36 992
310 33
234 634
810 792
980 811
576 510
725 421
212 964
829 568
218 725
174 383
88 193
14 788
272 667
165 957
95 734
504 142
451 472
519 970
914 138
311 645
990 477
606 674
335 961
25 333
145 42
661 516
60 591
713 280
14 879
438 686
880 943
429 641
834 555
472 664
872 445
623 421
569 503
94 757
690 845
646 888
770 235
574 876
270 497
98 9
643 37
283 458
187 461
366 108
40 41
279 589
540 216
396 215
143 466
313 240
733 229
26 724
971 581
608 17
346 786
988 341
699 375
738 858
295 450
744 828
412 147
741 410
980 345
653 917
913 663
85 369
610 916
140 169
554 263
974 817
646 605
85 535
988 847
806 233
309 76
334 682
254 132
710 883
336 999
491 52
940 123
304 192
781 14
477 85
847 67
426 214
231 803
778 502
334 610
103 420
268 308
491 496
476 102
682 639
887 714
887 438
95 554
531 956
811 999
170 464
813 467
929 104
371 700
721 146
457 989
394 367
304 197
415 590
765 315
664 132
348 680
57 270
995 749
936 539
523 918
314 60
739 393
880 507
151 919
702 215
390 217
500 121
69 700
950 252
61 475
912 686
817 614
205 278
788 490
558 774
281 938
884 144
648 718
810 976
731 696
306 757
947 388
422 615
701 357
344 290
996 670
118 128
260 113
756 848
163 326
151 658
127 968
576 751
221 573
767 312
730 325
867 583
559 701
386 625
903 829
290 70
715 196
462 338
866 347
139 913
270 570
586 1
333 133
651 783
960 99
485 759
649 959
814 225
852 563
533 907
975 218
713 520
411 663
657 300
153 795
241 167
184 2
754 931
693 901
893 916
373 495
56 719
480 464
478 417
41 512
724 750
226 534
530 569
124 666
752 924
8 817
924 199
949 130
654 690
621 790
61 510
718 89
490 283
93 382
929 687
599 25
100 135
427 986
277 542
523 701
117 876
669 671
882 319
902 309
63 698
343 341
988 394
486 452
417 392
803 12
932 354
500 639
528 393
662 230
703 978
769 589
72 898
392 675
747 822
41 918
454 458
45 728
465 548
428 389
810 31
394 169
778 369
611 802
848 495
455 157
359 95
723 137
189 877
580 404
770 583
815 167
959 815
434 456
840 674
110 769
111 229
106 702
907 225
980 9
4 452
752 800
607 295
275 827
743 953
916 228
642 808
799 863
831 177
372 429
285 275
176 784
247 550
386 551
258 484
739 561
639 518
808 588
692 969
738 122
69 346
863 919
449 750
116 563
766 692
923 240
877 75
140 829
875 50
657 936
750 520
533 687
585 93
101 403
993 27
300 501
494 546
928 585
825 104
150 903
450 710
393 902
134 580
999 350
709 338
764 557
340 303
869 602
4 700
547 860
319 665
291 615
738 231
238 837
410 508
144 73
50565 -1 -1 -1 -1 -1 2133 21066 -1 -1 -1 -1 1830 -1 -1 -1 -1 -1 -1 -1 -1 -1 -1 -1 -1 -1 58683 -1 -1 45842 -1 -1 -1 -1 -1 -1 -1 -1 -1 -1 -1 -1 -1 -1 -1 -1 43730 -1 -1 -1 -1 -1 -1 23822 60878 -1 -1 -1 -1 -1 -1 -1 -1 -1 3319 -1 -1 25654 -1 -1 -1 -1 -1 -1 -1 -1 -1 -1 -1 7540 -1 -1 -1 -1 -1 -1 8567 -1 -1 -1 -1 -1 -1 -1 -1 8412 -1 -1 -1 -1 49631 52337 -1 -1 -1 -1 -1 -1 -1 -1 -1 -1 -1 7523 -1 62249 -1 42092 -1 -1 17238 -1 -1 -1 -1 -1 39087 -1 -1 -1 47538 -1 -1 -1 -1 43621 -1 -1 -1 37948 -1 -1 -1 -1 -1 -1 -1 -1 -1 -1 -1 -1 -1 -1 -1 -1 38793 22588 -1 -1 -1 60281 2728 -1 -1 -1 -1 -1 -1 -1 -1 -1 -1 -1 -1 -1 -1 -1 -1 -1 -1 -1 -1 -1 -1 -1 -1 -1 -1 -1 8840 -1 4113 -1 -1 -1 -1 -1 39159 -1 -1 -1 -1 64681 -1 -1 -1 62631 -1 47937 -1 -1 -1 -1 -1 -1 -1 -1 -1 22168 -1 51738 -1 -1 -1 4526 -1 -1 -1 -1 -1 -1 -1 -1 -1 -1 -1 -1 57439 -1 -1 -1 -1 15365 31286 -1 -1 -1 -1 -1 15049 -1 -1 -1 -1 23440 -1 -1 -1 -1 -1 -1 -1 -1 -1 -1 35624 -1 -1 -1 -1 17669 24536 -1 23461 -1 50857 -1 -1 -1 -1 2746 -1 23242 -1 -1 -1 -1 -1 -1 -1 -1 -1 -1 -1 -1 43804 50796 -1 -1 -1 -1 -1 -1 -1 -1 -1 623 -1 -1 -1 -1 36796 -1 -1 -1 -1 -1 49149 -1 -1 -1 3637 -1 56939 30059 -1 -1 1285 -1 -1 -1 -1 -1 -1 -1 -1 39088 -1 42751 5930 -1 -1 -1 -1 -1 -1 -1 102 42284 57385 5573 43255 -1 -1 -1 51927 -1 -1 21184 -1 22655 -1 -1 -1 -1 -1 29929 50852 -1 -1 -1 -1 -1 -1 -1 -1 -1 42521 -1 -1 -1 -1 53373 -1 96 -1 -1 -1 -1 -1 -1 46362 -1 -1 62225 -1 -1 -1 -1 -1 -1 -1 -1 1018 -1 55912 -1 -1 27431 -1 -1 -1 2763 -1 -1 48308 -1 -1 -1 -1 60920 -1 -1 -1 -1 -1 -1 -1 -1 40236 42275 14573 -1 -1 -1 -1 -1 -1 -1 -1 -1 35771 -1 -1 -1 -1 -1 -1 -1 -1 -1 16231 36079 -1 -1 43687 30587 -1 -1 -1 -1 -1 -1 -1 33008 -1 12183 -1 -1 -1 -1 58184 -1 -1 -1 -1 -1 -1 -1 -1 -1 -1 -1 -1 6210 -1 -1 -1 -1 -1 -1 -1 -1 -1 22664 14072 10766 22294 -1 -1 -1 -1 -1 -1 -1 -1 -1 -1 -1 -1 -1 -1 -1 -1 -1 -1 17155 -1 -1 -1 -1 -1 -1 36124 -1 -1 177 -1 -1 36512 -1 -1 -1 -1 -1 -1 -1 -1 -1 -1 -1 -1 -1 18980 49272 -1 -1 -1 -1 20102 -1 -1 -1 -1 5007 -1 -1 -1 -1 26908 -1 -1 60791 33241 -1 -1 -1 42893 -1 5463 -1 -1 -1 -1 61662 -1 -1 -1 -1 -1 -1 -1 -1 62903 -1 53500 -1 -1 -1 -1 -1 -1 -1 -1 -1 -1 61560 57540 -1 -1 -1 40575 -1 -1 -1 -1 -1 -1 -1 35165 -1 -1 -1 -1 44710 38512 6494 -1 -1 -1 22806 -1 -1 -1 -1 -1 -1 -1 -1 -1 -1 63508 -1 -1 -1 -1 5564 -1 -1 -1 12866 -1 -1 -1 -1 -1 -1 -1 -1 -1 63335 49270 -1 -1 -1 29218 -1 -1 26807 10214 -1 -1 -1 -1 5715 -1 -1 20755 -1 -1 -1 8507 35252 -1 -1 -1 -1 -1 -1 -1 538 64054 -1 -1 60551 -1 22182 -1 -1 -1 -1 48889 -1 -1 -1 40927 -1 56890 -1 -1 -1 4191 -1 -1 -1 -1 31506 -1 -1 34479 -1 -1 9847 -1 -1 52938 -1 34312 -1 -1 -1 -1 -1 -1 -1 -1 41017 53730 20187 -1 -1 -1 57245 -1 -1 -1 -1 -1 -1 33876 5871 -1 -1 -1 61296 -1 -1 -1 -1 -1 -1 28062 -1 28028 -1 -1 -1 -1 -1 -1 -1 59584 -1 -1 -1 -1 -1 19761 -1 -1 -1 -1 -1 -1 -1 -1 -1 -1 -1 -1 -1 -1 -1 -1 45179 -1 -1 -1 -1 -1 -1 -1 -1 -1 -1 -1 -1 20997 -1 -1 39747 -1 -1 60170 -1 -1 -1 -1 45564 58002 -1 1221 -1 -1 -1 -1 -1 6204 -1 -1 48265 -1 -1 -1 -1 50536 -1 -1 -1 -1 -1 -1 -1 -1 -1 -1 -1 -1 -1 -1 -1 -1 -1 60183 -1 -1 35685 40787 -1 -1 -1 -1 -1 -1 -1 12037 43680 -1 -1 7135 -1 -1 -1 -1 -1 -1 34956 -1 -1 -1 -1 -1 -1 -1 -1 -1 38288 -1 -1 -1 -1 -1 -1 -1 -1 39802 -1 -1 -1 -1 -1 -1 -1 -1 -1 -1 -1 -1 -1 -1 -1 -1 -1 -1 -1 7154 28756 -1 -1 -1 -1 -1 -1 -1 -1 -1 24158 -1 -1 -1 52259 34917 -1 3829 53006 -1 -1 -1 -1 -1 -1 -1 -1 -1 15164 -1 -1 58882 -1 -1 -1 -1 -1 -1 -1 -1 -1 42315 -1 -1 -1 -1 -1 -1 -1 -1 -1 -1 -1 60323 -1 -1 -1 -1 -1 -1 -1 -1 -1 -1 185 48379 -1 7244 -1 9665 -1 -1 -1 -1 -1 -1 -1 -1 -1 43446 20104 32916 -1 -1 -1 -1 -1 -1 -1 16401 -1 59946 14098
3
1 10 8 836 1
1 740 7 145 13
1 840 0 717 7
