100 200
59 94
51 35
36 52
24 49
41 9
39 1
39 97
4 69
98 75
92 32
92 82
88 22
27 86
99 19
18 96
56 36
86 8
18 79
87 13
30 91
10 51
52 73
42 2
66 1
57 78
45 62
9 17
96 70
88 33
67 77
48 5
45 79
89 65
16 30
6 82
56 60
41 76
62 98
63 20
21 40
88 91
96 41
75 11
46 29
53 19
96 86
58 78
95 97
26 39
89 37
75 45
16 58
27 26
11 22
73 2
38 73
13 17
16 4
2 81
87 76
35 49
55 56
84 81
36 87
13 55
7 18
48 47
21 99
94 95
17 58
74 17
97 34
28 72
26 7
48 19
82 86
8 84
31 41
92 62
68 53
45 17
95 54
14 37
37 93
53 49
41 20
49 54
11 24
22 62
49 85
11 68
9 27
35 40
92 14
98 55
47 11
32 38
60 92
17 76
43 82
18 15
92 77
22 65
63 87
85 58
32 5
91 22
45 2
44 19
41 25
84 31
49 34
6 71
4 96
26 38
34 32
64 77
18 70
93 24
48 6
72 52
32 39
5 53
33 7
55 99
43 46
88 86
56 79
35 65
19 75
92 72
58 41
29 17
96 47
46 11
25 78
64 53
34 63
56 38
88 79
68 9
77 6
3 99
86 5
84 53
91 95
46 89
23 70
53 42
46 90
27 39
60 20
85 50
85 26
50 35
0 56
27 29
81 82
6 60
34 29
62 38
49 95
13 65
94 79
91 60
32 31
41 3
11 7
30 79
75 30
91 66
16 51
85 23
14 40
7 61
46 85
98 73
31 1
50 89
84 98
50 8
70 17
15 3
46 3
73 14
55 62
65 5
72 26
22 16
38 12
52 74
23 69
13 28
88 98
90 87
10 98
8 40
43 27
33 70
70 52
55905 54611 13538 14061 9691 -1 -1 -1 -1 -1 38277 -1 -1 -1 65021 -1 -1 -1 -1 -1 -1 -1 -1 -1 -1 -1 12795 -1 9224 -1 -1 -1 -1 -1 -1 -1 -1 43742 -1 -1 -1 -1 29293 -1 -1 -1 -1 -1 49457 -1 -1 -1 -1 56806 -1 -1 -1 -1 -1 -1 -1 31861 40330 -1 53902 -1 -1 5040 -1 -1 -1 -1 -1 -1 52167 -1 -1 -1 -1 -1 -1 -1 -1 -1 32646 -1 -1 -1 -1 -1 -1 -1 -1 37445 -1 -1 56338 -1 -1 -1
9
1 4 8 38 2
0 48 1 52 6
0 90 15 43 11
0 30 6 45 8
1 72 14 89 2
0 4 1 99 14
1 15 5 80 4
1 74 1 7 5
1 22 3 75 6
