100 200
44 72
4 43
37 16
55 64
72 78
23 70
26 92
66 10
25 85
23 24
27 13
68 55
52 30
78 85
38 51
71 61
65 42
95 89
57 21
63 85
96 3
39 18
95 26
2 68
39 26
25 34
47 77
72 43
62 78
38 73
77 36
23 69
34 9
55 72
29 5
17 77
65 24
25 14
76 22
70 42
58 52
35 31
59 58
63 23
31 56
50 53
46 94
18 48
90 83
13 18
9 75
34 18
15 18
87 60
38 36
10 27
53 87
41 70
69 55
7 54
59 26
23 46
60 72
47 84
94 52
26 5
96 40
30 0
6 91
34 60
53 11
18 67
97 59
2 51
79 77
77 60
31 85
29 64
28 83
49 79
57 6
35 43
79 93
89 25
58 61
7 1
59 21
79 33
1 77
85 40
48 28
79 70
8 59
81 9
63 95
14 70
62 88
85 30
39 82
48 16
62 86
96 63
35 66
56 79
47 94
56 3
35 29
49 76
28 32
76 83
5 36
45 24
8 26
74 41
46 14
91 75
9 47
42 17
16 71
17 47
92 66
81 5
5 75
74 67
15 7
52 88
58 10
6 12
68 11
67 24
45 54
99 78
7 50
7 46
33 68
58 27
16 88
71 41
12 63
85 89
88 4
70 33
44 76
53 81
5 59
77 2
65 59
35 52
10 50
75 33
72 87
91 18
49 9
96 29
66 64
33 6
83 20
55 70
50 29
48 80
84 1
81 30
65 60
25 63
92 25
85 52
63 98
47 42
94 18
40 82
89 57
97 91
98 38
55 8
48 53
46 66
2 22
41 9
8 61
86 30
61 17
20 69
27 88
78 1
89 64
53 47
19 82
50 94
79 8
97 84
86 2
1 62
23 83
1 25
20 40
7 93
87 77
41 43
21 11
95 53
-1 -1 -1 -1 -1 37076 64055 -1 46775 -1 -1 -1 10400 -1 -1 49941 -1 -1 -1 -1 -1 -1 -1 -1 -1 -1 -1 -1 -1 61160 58365 -1 -1 31958 -1 -1 -1 -1 -1 -1 -1 -1 -1 -1 -1 12453 62071 -1 -1 51521 -1 -1 57337 -1 -1 15896 -1 -1 -1 -1 -1 -1 61985 -1 -1 -1 -1 -1 -1 -1 -1 -1 -1 59123 -1 -1 -1 -1 -1 -1 25177 -1 -1 -1 -1 -1 -1 -1 -1 -1 -1 41688 -1 -1 -1 -1 -1 -1 -1 -1
8
1 14 12 65 12
1 92 0 73 4
0 28 0 68 12
0 74 15 40 11
0 42 13 3 4
1 90 3 38 13
1 90 8 15 14
1 56 6 83 6
