100 200
7 47
96 21
74 68
17 36
94 47
88 42
91 85
2 29
50 27
40 68
15 47
39 10
54 19
56 48
54 74
38 4
66 48
13 93
31 83
62 66
68 4
84 51
73 52
0 57
70 56
99 93
54 78
65 24
17 8
89 70
81 24
22 85
8 20
94 86
8 47
98 52
77 37
72 59
52 37
16 95
29 98
94 29
76 38
35 83
73 47
54 25
75 95
53 18
83 5
52 74
36 3
65 16
37 83
15 7
37 80
70 61
87 71
89 43
35 33
69 83
92 30
46 68
33 36
91 44
40 26
59 29
8 68
72 95
18 23
23 29
2 78
5 28
23 8
90 60
80 43
16 78
22 6
0 18
16 29
8 51
96 16
0 15
21 57
91 83
21 99
78 1
62 22
89 60
88 43
52 60
52 88
71 75
12 89
75 58
25 45
42 57
36 71
85 40
97 44
22 33
35 60
40 52
3 30
54 27
23 2
91 71
44 5
20 84
81 28
54 38
58 32
79 59
33 95
54 41
53 93
76 67
18 93
19 39
35 10
75 53
98 71
29 4
72 22
50 7
13 28
18 16
71 19
75 86
56 55
66 28
72 64
31 93
3 76
96 91
36 80
37 47
98 61
14 95
32 44
2 83
72 80
63 65
1 27
61 63
54 18
33 12
78 45
29 62
26 16
79 88
30 27
39 3
7 38
21 3
24 78
20 91
37 41
1 64
44 54
1 31
98 15
72 87
85 74
33 52
82 79
74 51
0 23
53 63
10 20
19 68
44 86
61 27
93 73
65 7
63 48
86 55
81 65
62 48
21 53
47 51
38 51
59 33
50 8
2 30
46 15
99 12
82 90
87 23
95 54
23 96
52 9
50 84
31 53
55 77
60 47
46 21
18 48
38 40
27 39
65 10
40496 -1 -1 -1 -1 -1 34010 -1 38046 -1 -1 -1 45095 -1 22466 897 -1 53604 37559 -1 48178 6671 -1 -1 -1 -1 -1 19962 8850 -1 4305 -1 -1 -1 50996 -1 -1 57536 47989 39574 -1 -1 63589 -1 9150 24275 -1 -1 847 -1 -1 13429 -1 29772 -1 -1 -1 -1 -1 -1 -1 -1 -1 34399 -1 -1 3315 46462 -1 11620 6057 -1 -1 -1 -1 -1 -1 -1 -1 -1 -1 47263 -1 -1 50583 -1 -1 -1 -1 -1 -1 -1 -1 -1 -1 -1 -1 -1 -1 50755
8
1 81 10 19 15
1 5 2 31 14
0 33 4 89 4
1 21 5 36 12
1 45 10 77 10
1 24 6 87 5
1 23 10 83 5
1 26 4 65 2
