100 200
60 92
66 25
11 80
14 37
46 5
76 50
58 7
67 45
83 42
59 79
81 98
10 19
97 65
4 7
33 86
87 7
44 18
29 61
49 19
10 80
51 43
31 77
54 96
90 57
29 78
31 64
63 44
88 3
52 90
67 25
73 29
22 6
22 17
61 41
68 31
18 24
76 44
58 59
42 59
23 41
85 94
2 63
65 26
42 61
96 72
43 21
4 12
52 35
97 23
18 51
85 79
22 61
16 32
18 95
96 61
9 63
95 21
0 38
90 92
50 14
10 22
25 7
60 28
10 94
64 53
57 66
83 26
32 39
24 54
3 74
89 71
45 53
70 90
72 82
27 38
51 79
47 52
13 73
40 23
32 41
9 53
37 95
3 33
41 14
4 88
90 83
95 34
39 82
2 77
46 67
39 66
37 62
59 21
23 85
15 6
17 12
94 88
2 49
25 4
97 53
28 38
70 44
7 22
94 66
36 38
94 97
44 86
98 35
79 41
18 26
75 71
20 24
4 2
46 69
13 85
73 41
4 17
17 14
67 9
38 60
7 81
70 95
50 39
85 73
69 8
28 64
35 93
15 85
95 43
59 84
50 70
78 93
70 7
90 47
77 45
3 63
39 43
67 17
85 71
94 31
84 62
30 38
3 6
88 26
60 59
83 77
71 11
27 16
93 12
53 56
67 89
72 49
5 88
76 71
20 80
72 54
13 53
26 20
14 71
42 13
65 25
58 77
9 60
58 12
70 89
25 76
75 26
97 57
68 9
87 35
13 99
12 64
45 97
56 86
28 48
16 74
78 88
67 96
28 86
37 80
90 68
98 45
50 1
6 41
74 17
7 23
80 62
62 10
21 13
29 74
66 86
48 41
31 51
80 86
57 6
14 44
59 63
80 38
56 20
73 42
-1 -1 -1 -1 59503 -1 54384 -1 -1 -1 -1 17324 -1 -1 46893 -1 63344 49744 -1 -1 -1 -1 -1 -1 -1 -1 -1 -1 14749 29905 56714 -1 -1 -1 50494 -1 -1 -1 -1 -1 -1 -1 -1 -1 -1 -1 -1 -1 -1 -1 -1 -1 -1 34892 -1 -1 -1 -1 -1 -1 -1 -1 -1 37886 -1 -1 28330 -1 -1 -1 -1 -1 -1 15112 -1 -1 -1 -1 -1 -1 -1 -1 -1 -1 -1 -1 -1 -1 -1 -1 -1 -1 -1 -1 -1 -1 14286 -1 -1 -1
7
1 7 5 6 14
1 43 8 21 13
1 44 1 79 3
1 90 8 98 12
0 99 15 63 14
0 14 15 46 10
1 25 10 39 5
