100 200
95 69
86 45
36 41
22 70
99 65
18 73
5 99
67 73
57 61
22 52
67 78
5 83
5 31
60 81
79 13
92 85
56 24
15 3
95 47
74 98
75 35
20 86
75 45
2 66
42 40
12 99
15 90
60 23
5 66
31 37
52 70
31 39
92 18
43 24
24 82
10 72
72 98
9 47
54 19
20 80
29 3
15 34
67 93
17 61
71 51
54 46
6 5
40 38
96 62
72 44
76 9
88 61
48 74
45 57
91 6
30 14
21 89
2 1
44 66
26 57
47 30
28 8
22 10
55 12
49 70
48 36
94 81
85 60
5 9
57 63
82 87
13 20
8 52
13 86
17 70
37 62
96 44
96 46
19 67
83 0
55 42
37 51
75 41
56 52
73 12
33 61
59 78
78 29
10 64
55 32
91 40
25 43
38 29
26 29
27 16
59 0
26 50
75 4
57 0
37 59
0 51
56 8
16 54
92 89
76 91
82 1
47 69
35 69
76 70
49 16
29 89
24 17
94 18
10 33
49 6
11 22
78 85
60 64
78 54
63 35
89 4
32 39
94 88
50 84
10 15
54 29
34 71
63 52
27 72
82 85
92 90
90 93
16 40
65 61
12 62
84 59
61 29
52 55
46 38
43 68
3 54
92 61
42 36
73 82
26 52
87 7
57 56
80 90
6 93
55 99
52 14
26 6
38 71
49 15
56 65
25 52
57 16
92 63
35 64
5 88
43 71
19 64
59 42
6 22
95 74
6 1
17 31
56 4
89 11
56 3
56 84
27 3
54 20
64 55
24 39
64 5
7 17
73 96
68 53
9 81
53 1
89 96
14 90
69 91
41 85
30 48
33 81
31 48
73 44
68 26
68 74
88 26
95 96
54 53
10 85
29 88
70 43
1 16
3 39
92 71
-1 -1 45743 -1 33448 -1 -1 -1 -1 -1 -1 -1 -1 -1 -1 21219 -1 -1 -1 13794 -1 -1 -1 -1 -1 23191 -1 -1 -1 51718 -1 -1 -1 -1 -1 -1 23890 51869 -1 -1 -1 -1 -1 -1 -1 50700 -1 32756 -1 -1 -1 -1 -1 -1 -1 -1 -1 35208 -1 -1 -1 -1 -1 -1 23771 -1 -1 -1 -1 -1 -1 43942 -1 -1 9404 14955 51321 -1 -1 -1 -1 50161 -1 -1 -1 -1 -1 2847 -1 -1 -1 -1 -1 -1 -1 -1 -1 -1 -1 -1
9
0 25 14 52 6
1 26 11 35 9
1 12 14 0 3
0 68 7 97 4
0 76 7 59 5
1 32 11 78 5
1 23 5 32 10
1 83 2 59 15
1 45 11 57 14
