100 200
52 58
19 61
4 66
9 39
2 64
40 34
15 77
47 88
10 51
56 83
95 41
54 3
90 38
57 32
49 83
90 4
11 16
93 58
39 59
35 55
66 82
98 92
58 65
2 17
45 41
25 6
55 77
90 19
36 83
53 29
39 92
5 6
40 95
22 64
63 47
75 53
34 20
18 1
77 58
65 61
15 46
32 33
37 55
27 52
36 3
47 28
71 25
28 3
82 10
42 29
35 9
75 58
80 1
72 41
65 37
48 11
8 68
20 48
87 56
89 64
29 62
82 29
27 73
58 14
45 55
16 68
98 29
55 0
8 94
56 20
94 4
47 2
19 52
88 38
60 44
0 57
99 57
47 51
49 57
90 63
65 86
33 6
44 85
75 61
48 6
97 58
37 98
38 68
97 19
1 84
16 28
86 38
76 92
44 43
18 63
77 6
50 29
43 81
33 89
64 13
24 20
73 93
61 82
57 83
84 76
11 45
70 64
46 60
36 63
23 61
33 46
18 25
73 41
56 0
14 43
22 30
14 24
83 27
57 15
24 44
55 83
4 67
34 73
62 97
98 11
20 17
4 45
62 16
34 11
34 56
95 39
5 94
66 86
99 61
80 52
32 63
35 34
28 77
29 94
63 1
45 95
38 71
97 84
37 68
96 74
50 58
45 93
82 8
61 80
20 27
99 13
82 25
88 8
64 73
43 23
48 73
20 89
7 40
15 74
39 75
93 31
80 13
7 66
58 59
49 40
64 48
2 32
32 44
48 42
91 19
46 82
81 76
55 87
72 21
62 69
71 32
73 18
2 22
77 92
7 60
10 53
69 78
71 36
20 35
52 2
19 37
21 66
66 42
24 96
30 51
65 49
92 42
85 9
56 36
91 29
32 18
97 80
91 92
83 24
19 75
-1 -1 -1 16169 -1 -1 -1 -1 -1 -1 15749 39151 -1 54040 -1 45576 -1 -1 -1 -1 -1 -1 -1 -1 24636 -1 -1 46708 -1 -1 -1 -1 -1 -1 -1 -1 -1 58709 -1 -1 -1 59534 -1 -1 -1 -1 -1 -1 -1 59628 -1 -1 -1 -1 -1 15597 -1 -1 -1 -1 -1 -1 -1 -1 -1 -1 -1 -1 -1 -1 -1 -1 -1 -1 4425 -1 58980 -1 -1 -1 -1 -1 -1 -1 -1 -1 -1 -1 -1 24368 -1 -1 55480 -1 -1 7031 -1 61703 -1 -1
3
0 81 9 54 6
0 12 11 70 12
0 89 2 16 9
