100 200
36 52
95 28
89 92
72 17
23 50
91 47
4 27
89 3
60 55
71 77
3 53
64 62
73 57
73 47
84 23
21 7
22 66
94 50
61 93
24 70
63 37
56 37
9 37
38 40
48 65
86 5
15 95
84 10
41 89
9 95
95 98
36 13
29 89
85 70
64 5
19 38
75 87
31 91
92 53
22 15
83 95
18 80
77 1
62 99
73 95
63 55
54 89
0 88
94 12
23 41
50 15
5 14
76 81
71 36
12 38
42 57
15 4
50 11
39 11
30 91
95 10
20 45
43 9
52 86
21 73
93 13
76 65
34 76
68 86
49 65
20 7
26 42
29 51
48 84
59 38
4 33
12 67
94 46
31 16
45 27
98 1
18 85
81 70
73 41
22 56
21 9
85 84
88 95
12 28
40 9
5 63
38 24
96 51
23 85
53 38
20 3
83 23
66 65
56 79
12 30
50 38
94 79
74 18
8 35
66 85
8 97
2 95
3 83
71 81
29 74
76 7
86 61
79 80
63 86
50 31
46 96
40 62
63 24
1 12
66 97
31 10
74 52
9 49
91 80
95 47
62 44
70 74
7 52
7 73
42 27
11 27
79 61
9 28
60 66
7 40
62 59
45 30
79 14
43 63
78 46
31 29
98 82
0 8
26 36
64 7
90 62
80 88
45 32
52 77
29 72
96 35
61 24
90 85
69 76
93 30
19 91
98 77
7 70
71 2
71 83
3 7
54 29
93 11
55 12
43 40
85 11
39 87
32 81
65 32
98 7
64 28
11 98
92 27
62 52
86 36
60 54
91 12
52 85
17 91
0 60
1 67
92 91
79 10
84 61
86 58
89 56
8 21
40 20
53 84
45 70
8 85
36 79
37 7
21 82
67 33
23 80
64 93
25 69
4 5
72 76
-1 -1 -1 -1 -1 22969 55996 -1 -1 -1 27464 35345 -1 -1 -1 14404 -1 -1 -1 -1 -1 -1 -1 -1 -1 64523 -1 -1 -1 -1 -1 52778 -1 -1 -1 64033 -1 -1 28827 -1 -1 -1 -1 -1 60289 -1 -1 -1 7606 -1 31954 -1 -1 58446 -1 -1 -1 -1 -1 -1 21720 -1 59488 46080 -1 -1 -1 -1 -1 52144 -1 -1 -1 -1 -1 -1 -1 -1 -1 -1 -1 -1 -1 3337 -1 -1 -1 -1 -1 -1 -1 -1 -1 -1 -1 -1 -1 -1 -1 1092
9
0 89 12 95 6
1 32 12 67 13
1 53 0 10 2
1 2 4 42 0
1 85 3 77 4
1 46 12 41 2
1 20 4 31 9
0 2 13 19 8
0 94 13 25 15
