100 200
81 60
30 56
37 93
65 32
31 95
35 4
36 9
21 34
54 60
77 86
22 8
40 74
2 5
35 51
34 60
67 54
12 9
15 91
69 2
73 76
67 96
55 20
65 57
84 20
2 21
25 79
66 58
55 31
17 87
82 87
93 19
51 29
10 7
58 1
17 73
67 45
66 10
38 16
23 40
21 10
13 96
34 1
60 15
56 70
58 36
87 25
36 47
81 78
88 87
23 73
10 5
61 93
52 19
18 79
93 25
64 47
31 56
46 58
95 62
55 19
41 33
48 76
30 79
5 6
83 60
94 69
24 87
67 5
15 96
83 26
82 78
10 77
67 61
58 31
37 31
8 83
60 52
17 41
26 13
34 47
94 15
54 83
47 2
8 92
99 45
72 47
44 80
45 4
94 55
47 24
21 54
17 42
79 3
64 59
14 73
78 0
18 98
1 75
84 7
10 8
91 28
30 58
67 4
38 88
45 28
73 45
15 34
33 57
46 78
2 67
21 42
77 70
9 47
0 86
72 76
64 40
43 69
86 51
94 99
30 74
27 85
4 63
11 12
65 5
82 77
57 25
88 86
95 52
81 97
14 55
64 24
60 99
47 25
24 68
77 7
7 47
51 36
89 27
7 56
80 1
80 97
27 63
88 27
85 4
23 84
88 42
71 30
68 76
3 68
53 51
34 92
55 59
52 85
84 16
75 21
30 64
41 97
24 11
34 70
5 53
43 92
79 75
51 90
86 55
48 26
40 35
10 52
17 60
82 67
19 80
61 97
71 82
27 77
39 21
86 52
49 47
68 15
87 19
40 75
1 32
84 52
37 80
34 6
88 19
68 9
98 16
15 19
86 83
28 94
23 67
27 41
71 12
9 77
1 10
24 86
6 16
46 22
95 21
10 29
74 29
-1 -1 20304 -1 -1 -1 -1 -1 -1 -1 -1 -1 6224 -1 20561 -1 -1 -1 42297 -1 -1 -1 -1 -1 -1 -1 -1 -1 15982 -1 -1 -1 -1 10205 27261 -1 56094 -1 55220 -1 -1 -1 -1 -1 -1 -1 -1 -1 -1 12926 -1 -1 -1 -1 -1 62337 -1 -1 -1 -1 -1 33833 -1 -1 -1 -1 -1 -1 -1 -1 -1 -1 -1 -1 -1 -1 -1 -1 -1 -1 -1 -1 -1 38217 -1 -1 14220 -1 -1 -1 -1 -1 5582 48016 -1 13001 -1 13901 -1 -1
8
1 55 0 29 1
1 31 4 45 4
0 0 7 40 14
1 1 9 76 7
1 77 2 6 3
1 4 11 1 12
1 3 13 25 13
1 65 12 60 0
