100 200
99 6
78 90
2 91
73 6
9 42
79 24
31 68
54 18
45 61
33 94
35 62
85 7
16 58
21 83
55 35
14 31
74 16
30 37
67 16
15 73
67 13
29 36
39 35
16 70
86 63
47 4
31 34
89 75
39 32
23 27
95 98
91 33
96 44
72 34
49 17
34 22
88 54
14 15
10 91
15 2
12 60
35 97
6 18
47 11
35 11
30 8
70 73
67 89
44 60
49 37
64 53
93 22
21 27
1 70
89 30
82 14
72 80
24 38
43 34
78 94
18 43
74 21
32 55
40 25
10 3
67 25
73 20
42 17
86 99
70 49
8 66
29 25
56 1
46 70
78 43
38 56
86 66
28 55
67 78
85 38
68 97
94 53
2 55
10 50
64 28
22 49
30 6
14 10
58 61
13 55
96 2
92 88
22 44
35 51
96 14
61 53
70 76
79 34
16 18
99 54
32 45
14 67
32 30
90 57
17 44
36 25
3 30
91 8
73 74
41 60
23 70
74 94
72 94
35 22
32 20
13 73
47 95
82 37
75 6
33 69
55 46
18 99
62 46
39 29
13 97
70 42
65 24
16 65
50 78
64 18
25 7
2 4
75 32
78 17
82 62
48 42
96 93
74 54
79 39
22 25
53 26
81 29
4 93
67 72
49 90
95 63
28 61
71 83
16 40
24 91
46 33
72 38
70 48
82 22
25 76
50 95
88 66
79 40
4 43
44 12
39 18
66 11
49 59
62 44
17 2
68 7
79 80
90 46
49 30
52 0
81 47
48 49
95 88
76 98
54 7
90 92
74 77
75 60
38 28
62 50
2 48
47 30
91 42
0 51
94 75
27 45
34 10
55 22
92 63
90 11
42 7
23 79
98 96
79 32
53 15
89 71
68 34
5 40
40 53
38 1
-1 54920 -1 -1 -1 30628 60408 -1 -1 -1 40161 13809 -1 -1 -1 -1 -1 52488 1741 -1 -1 -1 -1 17474 28104 -1 -1 -1 -1 -1 -1 55481 -1 -1 -1 19672 25534 26131 -1 -1 -1 -1 60450 -1 -1 -1 52098 -1 -1 -1 -1 -1 42127 -1 18204 -1 -1 4809 -1 -1 -1 -1 4431 -1 -1 47598 -1 -1 -1 -1 -1 -1 11250 -1 -1 -1 -1 23781 -1 -1 -1 -1 -1 -1 -1 -1 -1 5838 -1 -1 34754 -1 -1 939 -1 800 -1 48104 -1 5734
8
0 53 3 98 4
0 12 4 63 5
1 36 6 20 8
1 71 4 14 6
1 61 12 62 7
0 40 9 19 5
1 85 14 95 6
1 35 7 68 2
