100 200
57 80
32 97
4 68
85 45
24 7
16 46
92 42
33 37
87 72
13 2
34 77
60 35
2 50
72 66
28 63
47 44
31 85
26 51
0 82
70 2
33 53
33 30
79 34
85 13
72 29
12 54
54 22
17 64
74 71
77 55
39 97
10 82
9 91
34 93
16 40
25 75
50 28
18 50
23 76
27 91
39 16
2 35
24 81
70 39
78 41
97 2
46 9
50 35
1 60
30 56
73 25
7 55
72 28
87 7
9 13
69 12
47 67
79 61
55 68
7 18
52 60
7 51
36 41
77 91
6 8
40 36
49 53
54 15
6 71
49 82
59 63
47 46
63 27
45 88
23 88
77 45
52 59
72 36
87 51
68 79
31 63
62 47
33 65
89 23
73 46
44 7
6 27
65 99
71 60
95 50
22 68
74 47
32 85
87 71
46 83
28 51
67 85
78 51
5 98
56 14
45 87
53 63
19 11
83 90
49 39
37 23
93 95
59 77
6 18
63 96
73 77
17 59
29 59
80 77
45 5
14 53
86 41
23 48
5 52
4 86
67 62
96 16
65 25
9 42
55 33
12 70
51 24
55 20
61 99
68 1
19 17
40 41
54 0
41 15
68 6
75 29
80 92
62 33
77 71
91 48
13 79
89 52
24 36
9 47
70 18
24 73
39 41
6 26
19 45
57 76
99 54
11 45
31 64
31 81
68 47
46 94
93 7
59 72
64 12
51 68
21 38
67 1
52 48
33 10
92 66
34 71
69 92
79 24
64 89
34 46
49 12
25 89
75 50
71 51
92 7
54 4
48 76
60 84
9 35
66 18
7 15
41 54
36 16
15 71
10 58
55 45
27 4
32 89
70 93
93 37
17 35
14 62
60 73
90 97
95 94
47 50
80 23
47 10
41 38
41 13
-1 -1 17884 -1 -1 -1 -1 -1 -1 -1 -1 -1 -1 -1 -1 63568 -1 -1 -1 14676 -1 -1 -1 -1 -1 -1 -1 -1 -1 23141 -1 -1 -1 -1 -1 28216 -1 24094 -1 17522 6962 54789 -1 -1 -1 -1 -1 -1 -1 -1 -1 -1 -1 -1 -1 -1 -1 -1 -1 -1 -1 -1 -1 -1 40099 2793 -1 -1 15093 -1 -1 -1 -1 -1 62155 19117 48194 -1 24323 56689 -1 -1 -1 1550 57811 -1 -1 -1 17274 -1 -1 -1 -1 -1 28676 -1 -1 -1 -1 -1
9
1 54 1 22 3
1 41 12 9 15
1 45 8 41 4
1 81 8 36 12
0 28 13 61 2
0 55 4 94 5
1 84 4 68 8
1 40 13 30 3
1 59 11 75 9
