100 200
66 62
13 1
93 24
35 42
99 88
95 0
11 24
74 70
73 28
92 31
83 93
27 56
87 68
95 2
36 71
85 91
0 93
27 36
77 60
26 91
51 86
81 90
90 45
9 49
15 78
25 71
57 90
65 23
54 33
50 30
2 7
55 96
67 79
60 97
70 77
90 28
55 91
58 33
68 7
54 67
52 12
28 21
48 24
32 4
55 34
60 36
38 82
15 10
58 31
63 59
37 88
39 12
91 69
46 3
64 90
78 85
16 80
97 40
66 49
21 88
75 86
55 58
50 0
98 5
55 28
96 68
40 21
7 45
46 5
63 17
13 55
95 65
43 17
56 71
44 49
99 86
43 32
74 89
29 70
70 83
66 57
71 80
63 85
15 91
62 88
86 35
28 96
84 23
17 8
31 99
20 97
45 9
42 55
1 19
85 4
92 54
99 89
19 31
85 13
87 42
69 78
42 92
16 63
48 55
9 85
57 10
31 41
96 14
46 99
35 37
65 98
7 27
99 90
37 55
47 17
68 46
81 71
18 23
71 35
88 64
33 20
20 42
68 61
99 55
29 36
54 80
53 1
72 81
86 58
93 64
74 94
75 12
18 86
33 99
3 78
89 28
11 83
97 9
14 26
94 77
64 36
63 47
66 44
20 15
49 1
31 49
93 13
41 13
9 27
51 9
48 30
64 49
79 3
97 17
9 18
87 45
76 3
17 76
56 53
19 71
57 71
19 76
96 53
33 34
99 36
95 80
90 63
39 83
68 0
66 65
28 84
26 60
52 11
8 88
40 49
85 19
60 45
24 26
77 46
13 63
60 0
22 75
75 1
37 91
96 52
31 78
57 11
26 43
8 26
82 23
28 63
43 82
23 51
60 21
98 27
47 68
92 10
50 55
2 71
27 86
-1 -1 31691 -1 9056 60741 -1 -1 11249 -1 -1 -1 -1 -1 -1 56 -1 61877 6248 -1 -1 -1 -1 -1 -1 -1 36951 6857 -1 -1 -1 56026 -1 -1 26529 -1 13468 42806 -1 36685 -1 -1 31704 30149 -1 -1 33662 39755 13800 -1 -1 46233 -1 -1 -1 -1 -1 -1 -1 7233 -1 -1 16085 -1 -1 -1 44651 -1 -1 13646 -1 -1 -1 -1 -1 -1 25426 -1 -1 -1 -1 -1 3467 -1 -1 -1 -1 -1 -1 -1 -1 -1 -1 -1 -1 43676 58171 39669 50044 -1
8
1 20 9 4 3
1 52 2 18 9
1 81 11 37 11
1 67 10 83 7
0 24 11 51 10
0 97 2 90 12
1 47 6 92 3
1 2 13 92 7
