100 200
21 74
87 70
78 61
80 33
83 45
24 42
15 58
28 27
89 19
60 85
24 95
29 53
10 26
2 46
79 97
22 98
31 66
59 44
46 36
6 87
13 25
67 88
88 54
99 49
64 82
49 5
95 13
16 5
99 2
86 45
17 14
37 88
25 50
54 64
6 63
90 66
65 33
89 84
27 98
87 60
72 2
81 96
24 58
19 70
48 70
95 29
95 14
38 68
70 38
93 24
18 58
73 37
13 72
18 32
66 17
5 9
34 29
26 68
25 34
78 97
46 89
25 23
29 12
4 90
80 64
47 10
23 99
62 19
63 86
54 18
8 98
47 56
59 64
27 1
27 64
91 69
69 7
92 75
83 19
46 86
18 37
72 60
55 16
73 2
9 99
8 19
99 86
44 25
75 83
18 62
1 23
48 53
97 27
29 40
88 20
82 37
10 84
63 48
32 19
82 55
46 32
74 50
99 56
69 96
37 93
56 89
31 88
84 92
37 48
20 33
76 23
92 18
89 48
23 30
93 7
92 87
68 13
36 12
49 21
69 9
63 18
21 6
93 0
26 4
2 36
35 4
4 51
98 66
0 15
10 46
40 15
31 1
17 93
96 82
61 80
94 32
55 88
79 50
40 39
65 86
65 36
15 13
41 67
77 53
55 87
90 75
62 39
50 64
35 40
48 82
30 57
0 26
12 89
59 62
34 69
97 24
43 84
53 60
14 16
26 30
60 90
82 62
7 16
25 32
2 52
25 11
98 67
91 56
1 15
39 6
94 16
44 15
5 26
42 29
3 19
48 26
19 80
95 28
75 86
4 98
20 14
17 59
62 51
12 79
16 29
74 72
3 97
32 3
86 70
50 32
45 32
1 16
91 14
47 32
55 9
74 3
48 47
70 18
7 9
93 40
-1 -1 -1 -1 -1 -1 -1 -1 -1 -1 51945 -1 -1 -1 5594 -1 -1 -1 -1 -1 -1 -1 8561 -1 -1 51597 -1 -1 23313 -1 -1 -1 -1 -1 -1 16752 59197 -1 -1 -1 21665 46233 -1 33838 39875 -1 -1 -1 -1 -1 -1 -1 -1 -1 -1 -1 -1 -1 -1 -1 -1 -1 63566 28495 59943 -1 -1 -1 64000 -1 -1 -1 -1 -1 26476 -1 -1 60635 -1 -1 -1 -1 -1 -1 -1 -1 -1 16098 -1 53433 60766 11602 -1 -1 -1 -1 -1 -1 -1 -1
9
1 24 9 66 9
0 28 10 28 9
1 82 13 75 0
1 97 1 76 9
1 72 10 97 7
1 72 5 71 8
1 93 9 3 4
1 22 13 36 13
0 87 3 14 9
