100 200
53 74
44 36
60 12
68 55
93 75
87 22
12 28
41 66
16 19
52 41
90 89
71 93
53 49
31 87
67 36
62 55
79 7
81 54
11 91
69 73
55 23
87 72
50 97
28 20
26 90
97 51
6 29
15 52
95 82
61 59
61 94
90 20
0 57
3 37
25 92
74 47
45 33
44 7
31 38
56 97
87 65
48 89
71 38
76 37
47 58
90 67
77 7
77 39
15 2
0 25
52 71
89 50
33 47
55 4
73 46
54 3
66 23
91 92
45 40
50 47
7 18
21 4
83 44
76 19
9 79
72 78
36 0
76 8
69 92
95 71
48 61
90 66
63 7
24 58
68 66
65 52
72 96
94 81
34 4
99 39
52 19
87 76
33 59
12 46
1 65
46 97
71 30
7 27
74 72
61 3
56 75
35 67
63 3
90 37
26 53
56 77
72 4
37 82
96 98
41 60
47 90
79 18
41 94
80 84
87 5
27 22
34 41
92 24
72 2
54 6
34 25
30 33
24 2
39 17
33 97
88 99
18 5
68 36
43 64
40 20
49 40
79 37
70 63
91 59
7 97
43 85
55 70
89 61
45 94
16 10
33 7
2 20
7 11
74 46
57 79
93 48
46 76
79 25
18 30
79 77
31 86
3 52
54 33
8 56
71 98
69 17
30 29
61 90
13 50
73 79
6 26
19 13
72 48
62 81
92 96
94 97
53 31
36 74
47 64
0 42
25 52
94 69
40 1
10 49
89 68
66 17
32 41
64 22
44 76
62 15
69 90
85 27
48 18
24 14
52 5
15 83
17 14
19 31
26 48
95 66
57 8
27 58
24 75
91 89
58 74
52 10
79 29
86 12
27 91
6 1
34 89
40 35
90 77
54 94
98 36
88 42
32 27
97 3
48 2
52 72
-1 -1 -1 11940 -1 -1 -1 -1 -1 -1 -1 -1 -1 -1 -1 -1 -1 -1 53535 -1 -1 -1 -1 -1 -1 -1 55952 -1 -1 -1 -1 -1 -1 -1 -1 40452 -1 -1 -1 17805 -1 -1 -1 4868 6872 -1 -1 -1 20291 -1 -1 -1 47360 -1 -1 -1 16080 -1 -1 -1 -1 60754 -1 -1 -1 23483 -1 42724 -1 -1 -1 -1 -1 -1 -1 -1 -1 15083 -1 -1 -1 -1 42558 17370 38909 -1 -1 -1 -1 -1 -1 -1 61114 -1 -1 -1 56887 -1 -1 -1
9
0 30 14 92 6
1 31 2 52 8
1 93 10 70 9
1 79 2 99 13
1 54 15 95 9
0 59 11 92 6
0 86 12 91 8
1 36 8 54 7
1 46 0 17 12
