100 200
12 33
39 40
0 28
71 77
72 71
53 51
86 58
71 11
59 73
17 48
68 9
11 17
7 0
85 84
38 56
64 34
81 60
69 89
27 11
26 27
37 81
7 56
43 89
32 99
60 6
4 74
59 62
57 31
10 77
95 46
53 46
42 77
16 97
86 55
25 9
23 0
42 58
20 61
96 17
70 26
95 28
41 34
44 65
77 45
75 10
13 44
85 44
43 48
15 50
92 78
11 13
28 19
22 67
82 2
38 95
30 32
20 50
34 68
91 35
62 7
79 84
78 41
11 41
17 76
76 8
88 8
15 16
39 11
84 52
22 12
42 46
40 14
55 43
56 39
26 67
88 18
52 64
49 89
40 49
4 93
18 67
1 49
22 64
33 86
61 90
52 14
30 26
87 94
32 56
83 22
38 4
77 15
46 25
71 80
58 93
67 36
18 91
46 40
94 88
60 23
48 76
83 23
77 57
76 43
74 52
18 94
24 7
52 59
61 14
39 25
59 48
7 14
19 56
66 58
68 15
76 89
84 37
54 47
45 64
4 91
29 26
93 41
35 20
69 22
53 84
25 75
42 56
63 70
82 34
89 16
75 78
92 19
67 42
62 83
23 77
27 60
23 5
51 19
1 37
60 88
61 95
84 73
35 10
20 28
26 43
83 76
97 78
2 21
8 23
90 29
0 4
96 76
77 43
74 67
63 97
67 83
91 80
23 94
96 3
54 52
94 26
36 9
66 38
2 6
79 66
26 44
51 35
79 24
24 64
33 93
49 52
83 28
44 6
35 82
88 86
68 73
84 47
74 95
81 93
58 94
30 0
59 31
4 24
50 75
63 68
23 72
63 3
46 19
86 84
67 48
4 87
8 13
82 68
91 30
28 42
3 47
27 79
57 32
36 16
3 62
-1 -1 -1 -1 59073 -1 29128 43181 -1 -1 62377 -1 -1 35670 -1 -1 -1 -1 -1 -1 -1 -1 -1 -1 -1 -1 -1 -1 -1 -1 -1 -1 10546 -1 -1 5304 -1 -1 -1 -1 -1 32169 -1 -1 -1 -1 48797 -1 -1 -1 43741 -1 -1 -1 -1 -1 -1 33008 40023 -1 40813 -1 -1 53701 -1 -1 -1 61355 -1 -1 -1 -1 -1 -1 56516 -1 -1 59880 -1 53198 12265 -1 -1 -1 -1 59613 -1 31934 -1 -1 -1 19800 -1 -1 -1 -1 -1 -1 -1 -1
8
0 62 0 94 5
0 73 14 97 15
1 94 8 9 7
1 25 3 65 4
1 2 2 36 6
0 25 2 59 3
1 12 13 43 10
1 21 7 0 1
