100 200
36 81
38 37
15 75
91 11
38 82
4 7
70 58
9 18
47 26
13 38
87 9
37 43
1 17
58 4
16 94
3 17
91 46
83 50
14 73
75 91
99 90
42 0
42 39
37 7
4 3
91 79
99 5
38 67
11 71
29 86
49 38
61 35
29 53
38 36
41 74
43 88
42 13
69 50
81 29
90 80
34 81
15 11
89 81
0 52
12 88
78 61
96 37
15 71
70 60
47 54
74 77
39 85
16 68
13 2
91 36
62 86
0 48
40 14
97 93
88 64
9 16
49 32
47 74
13 73
56 61
18 28
48 85
24 11
78 43
90 25
66 23
21 93
21 6
69 21
71 10
9 69
58 97
41 0
49 58
97 40
35 19
21 57
57 13
97 74
20 7
71 79
21 79
19 91
62 18
47 84
74 46
15 54
45 74
93 59
7 87
11 45
6 85
27 84
18 15
58 87
0 88
82 19
2 74
94 51
81 38
35 86
3 48
28 92
15 46
95 44
58 25
19 12
62 33
82 68
42 15
51 97
39 51
7 35
81 8
31 73
48 43
39 11
21 98
62 84
37 68
11 48
43 94
69 36
46 7
0 89
33 82
25 62
25 48
10 61
17 61
23 7
48 32
80 38
11 29
40 57
40 76
6 0
93 4
37 79
78 10
97 76
3 93
37 81
27 0
9 35
27 79
65 66
50 48
69 29
0 59
49 16
77 27
16 20
12 17
65 46
30 9
90 45
62 13
82 84
61 65
83 87
36 48
59 56
42 18
47 29
89 29
67 58
93 77
68 61
2 75
30 78
68 57
7 0
90 7
20 58
52 26
34 28
71 85
13 31
88 28
70 33
12 9
19 13
94 5
35 28
58 88
43 55
90 58
17 52
86 50
83 30
33 92
16 63
43 59
67 46
-1 -1 10357 -1 -1 -1 -1 -1 -1 -1 -1 -1 -1 -1 -1 -1 -1 25166 -1 -1 -1 -1 16815 -1 -1 28247 -1 -1 -1 -1 -1 42892 -1 -1 -1 5546 -1 49324 14016 -1 -1 -1 -1 -1 1717 -1 -1 -1 -1 39374 7664 -1 -1 -1 -1 10442 -1 -1 -1 -1 -1 -1 -1 -1 15823 -1 -1 -1 51178 -1 28953 -1 -1 -1 -1 -1 -1 -1 -1 -1 -1 -1 -1 -1 -1 -1 -1 -1 -1 -1 -1 -1 -1 26597 -1 40946 -1 37215 30722 -1
5
1 45 7 44 4
1 60 6 58 12
1 81 8 76 11
0 29 13 98 15
1 25 9 12 8
