100 200
34 25
28 52
93 98
79 41
9 90
85 83
89 63
23 46
21 33
95 20
33 75
80 10
71 68
93 56
78 95
1 10
67 3
3 37
1 26
32 95
84 26
22 84
93 5
63 6
18 99
69 85
23 56
18 1
75 94
41 47
61 66
45 32
23 61
0 64
21 37
54 14
45 56
20 38
78 48
2 61
21 77
35 76
64 75
89 48
80 70
1 42
84 17
66 13
85 35
11 71
79 40
65 77
60 99
63 1
10 88
47 15
11 12
65 15
36 67
89 47
29 28
63 40
95 79
24 21
42 94
13 71
63 53
1 39
37 40
58 83
87 67
0 53
85 49
27 80
65 16
99 70
39 20
56 36
68 74
19 78
16 97
66 50
57 73
77 12
83 15
60 82
66 65
35 63
89 78
64 15
66 25
84 12
69 26
31 70
76 33
34 57
54 4
85 71
12 9
92 47
9 69
53 43
5 87
38 31
14 49
67 66
17 87
80 89
63 96
75 32
83 77
83 41
89 45
87 28
11 60
13 86
28 67
13 26
95 19
52 79
35 77
70 0
68 42
1 46
28 84
30 16
18 62
46 69
38 57
36 72
0 17
98 4
43 38
77 67
87 40
14 93
50 18
16 55
66 53
53 34
49 26
40 14
29 66
7 9
3 30
40 85
13 11
40 47
97 4
49 96
62 10
92 17
48 1
35 45
8 6
94 22
69 34
78 16
14 12
72 33
13 57
87 69
64 86
25 52
3 42
78 63
92 99
91 63
87 84
72 66
49 18
35 49
83 37
11 69
61 65
45 82
21 29
20 44
83 54
20 65
24 28
29 77
17 54
59 0
52 27
39 59
64 81
21 15
42 21
52 1
72 8
1 3
35 26
46 12
20 51
73 89
46 79
41 90
20 11
74 84
-1 -1 -1 -1 17677 -1 -1 22190 -1 59780 14320 6271 -1 58062 -1 -1 -1 -1 -1 -1 -1 -1 28187 -1 -1 -1 -1 -1 -1 -1 36520 -1 60413 46970 -1 -1 -1 62120 -1 -1 28320 -1 16192 43426 -1 25857 -1 -1 39926 -1 -1 -1 -1 -1 -1 -1 -1 53912 -1 -1 -1 -1 -1 52064 -1 41638 -1 -1 -1 58226 -1 -1 -1 -1 -1 -1 -1 27165 30442 -1 -1 -1 -1 -1 65062 -1 2678 -1 -1 -1 -1 -1 -1 -1 44810 24544 -1 39825 -1 -1
9
0 46 9 79 2
1 60 14 78 6
1 14 10 21 8
0 24 4 66 1
0 18 15 99 11
1 92 9 71 15
1 0 9 91 6
1 40 7 15 7
1 75 12 29 7
