100 200
71 99
34 57
85 66
18 79
26 96
95 24
67 22
69 54
59 93
13 91
70 64
67 25
38 59
69 20
30 95
58 82
68 10
11 93
25 87
21 87
44 50
57 11
55 46
23 90
44 93
49 56
6 39
50 82
20 58
86 30
83 99
52 64
25 95
0 11
30 81
84 41
14 70
47 8
15 89
84 79
1 58
69 47
77 53
91 31
40 34
58 3
88 55
97 72
70 31
76 91
8 20
19 4
56 84
86 37
8 29
1 8
96 13
6 98
3 36
31 84
36 33
79 5
92 49
63 30
93 27
20 94
54 89
90 84
9 38
12 25
77 59
27 91
6 81
18 20
88 29
48 70
52 23
81 92
43 61
62 37
52 43
58 21
74 10
44 7
67 26
24 97
23 84
91 51
8 37
39 95
37 47
34 56
38 10
38 68
59 67
42 17
56 92
70 69
84 69
93 61
84 20
3 29
43 96
77 70
33 85
3 18
41 75
18 36
19 43
90 54
8 89
5 50
1 73
75 81
19 80
0 79
45 37
50 59
59 70
52 28
31 11
94 10
55 64
37 34
21 78
70 2
74 14
20 86
64 85
22 31
57 36
44 86
46 35
74 44
33 60
99 36
47 68
51 64
46 30
90 86
89 56
22 36
66 12
62 63
1 4
24 30
54 72
47 28
33 27
48 90
54 43
28 12
11 14
5 52
96 47
53 23
93 51
30 13
46 22
43 36
58 7
62 79
52 82
12 44
6 12
33 90
83 11
30 33
9 96
37 9
17 11
37 33
76 39
56 66
1 29
51 29
83 58
68 12
26 23
48 71
49 84
2 8
8 23
64 33
41 64
28 42
39 89
57 4
44 48
98 16
47 30
52 18
86 2
88 18
28 86
9 19
49 66
56 62
24 51
23 63
-1 3141 -1 -1 -1 -1 -1 42732 19354 -1 -1 -1 -1 -1 -1 -1 -1 -1 -1 -1 -1 35426 -1 -1 -1 -1 -1 -1 -1 39829 10371 47333 -1 -1 22261 -1 -1 48053 -1 -1 3301 -1 -1 -1 59935 48408 -1 -1 38535 -1 -1 10374 27501 -1 54978 -1 26524 -1 -1 -1 45822 -1 25440 6686 -1 -1 -1 6011 -1 20455 -1 -1 40720 -1 -1 -1 -1 -1 -1 -1 -1 -1 -1 -1 -1 10408 -1 -1 -1 -1 -1 -1 -1 -1 -1 29141 -1 -1 -1 31459
10
1 83 6 87 7
1 72 6 6 2
1 18 5 79 8
0 1 9 68 4
0 33 11 33 0
1 21 2 96 2
1 42 3 37 8
1 58 8 3 8
0 26 10 25 5
0 70 12 20 12
