100 200
30 88
13 46
21 8
27 15
62 65
89 68
57 19
80 26
56 62
42 74
62 78
5 25
90 21
9 2
32 96
55 90
62 35
25 18
84 83
99 5
19 30
42 41
42 86
45 78
39 30
40 95
6 4
81 64
0 5
54 86
71 42
87 38
12 71
92 40
34 2
61 41
28 49
13 87
59 37
71 64
64 17
15 67
98 22
54 45
32 13
5 9
10 32
60 45
90 24
31 44
53 95
4 48
29 83
24 30
28 37
41 0
51 47
30 15
0 87
7 40
16 66
92 64
80 41
76 65
3 83
93 32
37 50
98 66
78 58
87 75
7 3
9 70
27 24
11 89
68 55
57 81
41 43
99 16
56 69
59 42
10 24
83 80
61 40
16 10
6 46
39 6
26 56
31 60
11 8
54 22
49 87
75 62
25 76
69 6
37 44
49 42
77 4
45 33
18 70
1 97
62 57
23 82
13 50
1 67
35 31
51 45
9 74
91 18
29 52
77 80
93 7
89 21
74 79
35 71
65 74
63 84
3 95
23 20
18 54
90 4
46 28
27 4
28 76
58 87
82 31
72 15
24 59
66 70
20 85
84 99
33 74
6 76
28 65
75 80
52 62
88 28
79 95
96 85
80 86
56 64
29 32
19 9
61 67
95 90
7 69
11 45
29 53
42 92
60 8
94 76
80 49
33 1
44 57
30 65
43 64
14 9
5 86
0 46
97 53
2 23
94 24
96 29
24 13
32 63
20 48
51 32
18 76
60 49
83 92
51 65
30 91
96 26
16 73
49 99
13 82
11 44
74 46
57 2
56 75
50 22
68 5
7 31
4 32
16 52
71 40
68 40
29 23
25 60
20 33
13 55
16 12
75 70
24 85
59 70
28 18
87 34
18 67
27 63
39 34
62 59
-1 -1 37510 36769 1156 52361 -1 -1 26102 -1 -1 -1 -1 -1 56559 -1 -1 -1 -1 18677 -1 -1 -1 1370 50114 -1 -1 -1 -1 20925 -1 -1 -1 -1 31500 -1 35014 -1 -1 16776 33959 -1 -1 -1 20126 -1 1808 -1 -1 -1 -1 -1 -1 -1 -1 -1 -1 38426 -1 -1 -1 -1 -1 65262 -1 -1 -1 10394 50264 -1 -1 -1 -1 -1 -1 65371 -1 -1 -1 -1 -1 -1 -1 -1 -1 28847 -1 -1 -1 -1 50101 -1 -1 -1 -1 -1 -1 -1 -1 -1
5
0 48 3 40 6
1 92 13 32 7
1 72 0 73 2
1 88 7 76 14
1 7 0 77 13
