100 200
61 2
2 9
94 36
83 13
51 83
95 40
59 73
52 56
48 1
4 29
57 5
57 58
20 32
59 18
5 55
33 54
42 14
83 19
53 46
29 13
5 94
98 67
73 69
96 43
17 51
24 85
83 67
36 7
82 56
49 30
49 24
60 7
7 20
65 68
62 54
38 48
57 82
30 2
2 85
21 58
65 67
72 21
1 42
94 82
79 31
57 95
40 74
39 72
42 96
59 47
77 76
23 58
87 91
81 17
65 2
45 1
95 35
28 21
82 47
9 47
73 52
95 91
91 0
0 87
11 40
83 32
59 60
38 37
27 3
57 93
27 26
69 8
87 42
80 42
44 69
64 16
69 57
62 51
66 60
48 45
39 8
3 91
21 15
84 9
12 64
47 57
1 3
74 71
0 83
8 15
91 48
88 12
65 30
95 98
96 35
22 20
59 23
33 16
38 40
81 78
32 45
47 33
35 49
78 37
84 42
24 82
45 52
32 0
36 66
58 7
45 23
45 18
81 91
74 86
81 26
1 21
45 34
31 53
5 81
39 25
11 45
94 83
56 20
71 42
12 80
29 98
49 99
6 52
36 96
68 72
71 78
0 97
36 21
35 63
48 52
18 23
14 19
98 44
35 45
51 61
57 0
22 91
82 77
9 95
54 55
35 67
7 77
24 21
28 44
13 61
75 51
74 96
63 66
9 35
8 85
51 42
15 27
72 7
72 18
42 64
70 99
95 61
25 82
18 15
30 38
60 70
84 34
0 24
12 0
93 45
64 21
28 90
52 85
43 98
23 84
50 88
69 45
78 10
53 0
86 81
25 0
4 51
46 78
88 5
79 15
21 5
46 58
23 79
61 42
18 35
91 56
9 97
28 48
74 59
19 48
77 31
76 45
88 17
93 59
53 63
-1 -1 -1 -1 -1 -1 -1 -1 22966 -1 -1 -1 -1 -1 -1 8315 -1 -1 -1 -1 15141 -1 -1 4960 -1 -1 -1 -1 48822 -1 -1 -1 -1 49588 -1 -1 -1 -1 -1 -1 -1 -1 -1 -1 59747 36651 -1 -1 -1 -1 -1 -1 -1 -1 -1 -1 -1 -1 -1 -1 -1 -1 5496 -1 -1 -1 -1 -1 -1 -1 -1 -1 -1 -1 -1 -1 -1 -1 -1 -1 -1 33272 -1 -1 -1 27816 -1 -1 14545 -1 5809 -1 -1 -1 -1 24895 -1 6567 -1 -1
8
1 24 13 60 9
1 31 6 62 13
1 89 14 53 8
1 62 14 39 2
0 84 1 88 3
1 53 4 58 9
1 36 7 3 2
1 95 8 38 13
