100 200
80 19
90 44
10 7
49 34
50 18
73 53
17 57
66 40
24 54
6 49
60 50
51 77
10 76
75 32
34 44
99 7
60 72
3 61
8 38
52 46
94 63
94 27
64 80
52 56
3 28
2 60
82 77
0 72
91 32
67 30
62 10
20 30
87 19
55 21
76 74
46 61
2 80
1 62
4 50
57 74
73 56
11 36
95 50
37 10
90 32
54 79
20 82
62 58
88 80
38 56
97 5
78 59
57 59
25 14
35 86
92 41
37 9
39 9
31 19
62 48
56 17
72 92
99 75
4 22
1 98
69 78
85 75
94 85
30 53
69 55
53 74
84 69
36 98
36 7
85 1
58 68
28 71
27 6
65 69
25 6
57 53
56 80
88 94
59 9
13 28
8 48
70 74
82 0
75 49
7 46
35 26
89 2
72 28
76 88
79 90
26 63
16 68
44 16
17 52
90 43
73 66
79 68
33 12
40 60
4 41
5 24
37 84
69 16
77 62
53 5
22 94
57 47
70 29
48 32
82 12
33 37
27 93
78 16
76 71
40 57
71 79
6 99
84 20
84 2
4 36
10 23
55 27
7 44
74 99
42 29
6 47
25 38
25 29
11 18
15 54
33 69
57 49
1 59
50 7
75 72
24 74
19 2
14 75
62 45
77 88
44 26
23 4
98 83
30 9
58 36
7 58
17 31
64 26
81 99
33 65
30 77
4 18
3 56
43 70
58 54
47 10
72 1
57 26
62 43
69 42
84 93
56 66
27 96
37 51
92 19
8 69
50 63
69 30
0 93
83 78
29 17
96 5
88 22
68 6
38 92
43 5
19 86
29 35
6 42
41 90
58 46
45 21
73 4
15 66
19 45
48 42
51 72
0 94
82 68
32 33
76 69
14 91
29 7
1 40
35 59
33227 56467 10390 -1 46509 46634 -1 11255 -1 -1 -1 -1 -1 -1 34528 -1 -1 -1 -1 -1 -1 9521 -1 -1 -1 -1 -1 -1 -1 -1 -1 -1 -1 -1 -1 -1 -1 -1 -1 -1 -1 -1 -1 -1 -1 52782 -1 -1 -1 -1 24257 -1 -1 -1 1229 -1 -1 -1 -1 7218 -1 -1 -1 -1 -1 -1 54514 -1 -1 -1 -1 -1 -1 -1 -1 -1 -1 41731 -1 -1 -1 -1 -1 -1 -1 -1 -1 -1 -1 -1 6196 -1 -1 -1 -1 14341 -1 -1 43890 -1
10
0 60 14 70 6
1 70 6 17 8
0 7 13 93 11
0 31 15 5 4
1 26 8 67 12
1 11 3 87 7
0 60 2 97 11
1 54 9 64 1
1 1 15 89 13
1 62 14 20 6
