100 200
20 1
39 27
6 89
8 51
97 80
99 37
51 69
53 22
17 88
30 77
13 7
11 51
86 89
44 21
22 12
96 2
24 36
75 72
81 38
28 5
49 37
18 73
33 67
88 51
41 95
8 60
48 96
68 36
65 37
26 14
57 34
39 98
26 18
82 72
6 30
4 56
38 41
20 67
86 29
18 84
99 25
19 12
28 58
20 57
11 96
54 85
7 92
51 70
2 19
36 26
58 86
54 61
74 78
70 46
98 95
50 92
93 40
45 70
82 0
41 5
84 46
0 57
90 97
89 91
95 40
5 77
14 91
31 93
2 36
37 24
22 54
95 84
91 55
61 74
2 64
29 57
45 56
48 18
99 52
88 40
87 71
2 68
69 58
67 71
11 76
11 22
7 64
76 77
82 78
89 20
53 9
94 98
89 79
50 95
13 48
48 27
84 92
10 91
58 85
0 45
90 85
34 19
51 95
61 99
42 21
30 70
21 94
0 43
58 40
91 90
25 90
49 13
96 73
98 24
36 7
93 14
84 50
73 36
9 92
96 54
16 85
46 34
40 66
6 73
67 75
34 28
83 30
32 91
19 43
67 24
39 26
1 5
10 23
15 8
32 96
13 62
52 77
46 87
22 33
6 11
81 79
73 54
3 84
96 12
56 55
89 75
0 76
41 31
96 92
26 20
65 42
31 11
69 84
87 93
32 83
67 99
60 82
57 25
3 62
98 8
26 78
76 72
58 72
55 38
40 64
89 36
13 30
35 30
89 83
30 36
92 45
30 68
22 70
36 58
98 66
54 32
5 50
23 48
71 18
18 93
69 17
2 6
43 51
57 41
91 33
18 47
53 97
40 39
60 99
17 74
5 99
3 78
47 94
48 51
17 29
81 16
17 71
60 62
87 75
5 86
-1 7581 -1 22324 -1 61319 10537 -1 -1 -1 -1 -1 -1 -1 -1 -1 -1 -1 10756 -1 46245 14739 -1 -1 -1 -1 -1 56589 -1 -1 54214 -1 55532 -1 38383 -1 -1 6571 -1 37108 -1 -1 -1 34248 -1 24361 -1 -1 -1 -1 63361 -1 -1 -1 38398 -1 -1 -1 -1 10965 -1 54761 -1 -1 21904 -1 -1 -1 -1 -1 -1 -1 -1 8774 2038 -1 4704 -1 56845 -1 -1 -1 -1 -1 34304 -1 27935 -1 -1 -1 -1 -1 -1 -1 -1 -1 -1 -1 -1 11607
2
1 91 3 31 14
1 37 12 20 2
