100 200
18 89
28 34
85 78
26 88
85 99
44 90
22 90
39 72
45 62
70 72
2 78
24 9
4 9
90 24
41 10
66 85
96 35
46 65
19 84
91 63
30 13
43 25
39 76
71 37
90 41
58 97
37 38
56 67
16 9
74 65
99 81
78 69
15 40
54 68
7 83
32 72
49 0
24 11
44 72
15 97
30 35
47 92
36 98
61 35
2 56
21 49
63 84
50 31
53 43
67 26
19 20
14 21
95 29
49 12
46 85
63 79
6 99
50 48
7 86
15 18
79 83
34 0
50 17
57 92
22 78
84 96
8 63
2 38
12 64
95 92
37 72
0 43
45 81
72 12
31 20
13 4
58 66
79 65
42 74
55 49
14 52
18 49
75 85
70 38
7 2
16 70
2 76
81 5
62 32
24 7
7 84
96 41
13 3
96 54
77 93
58 28
9 0
80 72
74 21
18 27
72 89
51 44
36 21
36 77
44 38
12 13
20 77
82 64
0 32
37 41
19 69
97 25
53 72
55 15
52 79
42 52
72 58
31 44
1 3
73 24
36 27
46 42
2 19
78 38
87 85
97 30
71 53
17 16
13 52
36 0
82 39
80 88
77 81
8 88
14 73
84 3
50 73
42 51
93 37
52 19
20 64
64 48
60 63
86 82
33 66
5 25
45 15
7 21
35 7
56 89
27 83
52 23
85 25
58 21
54 85
19 41
91 60
98 31
86 23
92 79
53 22
27 65
12 10
63 51
81 14
20 99
30 71
16 95
41 6
37 87
76 77
65 75
37 92
70 92
27 60
50 85
22 59
41 68
46 72
56 92
85 23
79 82
60 66
82 50
23 56
8 95
1 50
87 10
26 55
21 2
90 17
43 28
69 51
91 61
12 87
56 7
68 16
73 90
75 24
18 9
-1 15818 -1 53792 -1 32560 -1 -1 -1 -1 -1 -1 45523 41222 -1 22795 -1 -1 -1 -1 -1 -1 -1 -1 53277 -1 -1 -1 -1 -1 -1 -1 -1 -1 6233 -1 -1 -1 -1 -1 -1 -1 -1 -1 27078 39191 -1 -1 -1 -1 -1 -1 -1 -1 3823 -1 16837 32589 -1 -1 -1 -1 -1 -1 -1 -1 -1 45937 -1 -1 -1 -1 -1 -1 -1 -1 -1 -1 -1 -1 -1 -1 -1 5726 -1 56552 -1 -1 -1 -1 -1 -1 -1 -1 -1 -1 -1 -1 -1 -1
10
1 39 6 42 11
0 5 13 89 2
0 97 12 38 11
1 88 8 66 6
0 19 15 98 0
1 73 14 97 14
1 18 0 55 2
1 50 2 20 13
0 13 6 49 1
0 60 1 70 15
