100 200
81 35
93 86
59 14
39 20
67 45
49 86
63 29
85 9
9 71
81 11
96 74
40 80
89 39
14 19
81 5
3 89
27 51
74 55
9 57
41 38
4 45
25 65
43 47
14 75
64 58
49 8
99 38
66 80
99 83
72 77
94 68
58 11
48 55
31 2
22 86
63 49
84 6
82 71
43 51
63 61
86 73
47 6
8 97
76 6
44 36
5 54
72 58
9 53
11 95
52 13
63 55
22 72
92 67
30 35
13 67
54 24
31 3
96 31
35 46
27 79
16 17
43 1
18 23
73 66
17 60
6 44
7 85
94 87
48 24
65 14
82 2
91 15
24 16
77 5
71 70
66 17
86 9
85 18
28 54
89 43
92 75
79 80
11 71
36 63
8 29
51 88
61 84
19 3
19 59
42 85
35 10
28 88
31 19
51 72
30 70
66 64
78 80
26 78
93 62
56 71
15 49
23 51
26 0
0 44
16 19
98 54
30 76
46 50
40 67
49 77
50 44
52 97
38 6
10 61
46 2
41 82
45 68
44 62
6 77
41 35
20 55
69 5
45 38
62 30
30 82
6 52
85 89
91 0
14 63
9 63
13 2
80 74
26 94
37 36
82 37
77 73
43 62
67 96
46 51
72 63
82 94
78 98
98 18
3 74
46 8
77 69
79 44
29 0
71 92
89 61
39 34
91 84
64 33
5 93
22 59
89 70
55 16
93 41
50 88
19 96
54 84
97 41
12 60
65 94
85 96
14 94
31 30
12 85
70 74
17 65
45 91
84 40
53 10
41 65
87 33
43 58
78 8
15 69
90 18
28 8
1 81
95 22
93 19
1 13
51 54
78 57
20 47
72 28
0 64
62 57
97 88
10 82
3 53
87 59
34 3
12 25
57 88
15 60
53 66
47 46
47270 -1 18969 -1 -1 -1 -1 -1 -1 -1 38967 -1 44898 -1 -1 -1 -1 -1 -1 1121 21897 -1 -1 -1 -1 -1 -1 -1 -1 -1 -1 -1 -1 -1 57943 46398 -1 -1 -1 -1 -1 21475 18222 -1 -1 -1 -1 -1 -1 46486 -1 -1 -1 -1 -1 -1 -1 -1 -1 27665 -1 -1 -1 -1 -1 -1 -1 -1 10131 51359 -1 -1 -1 -1 -1 51039 -1 -1 -1 -1 -1 -1 20045 -1 -1 -1 -1 -1 23787 60471 -1 -1 -1 -1 -1 -1 -1 -1 -1 -1
8
1 3 9 55 7
0 7 12 52 7
1 19 13 10 8
1 66 9 9 0
1 38 0 75 11
1 28 4 40 7
0 41 0 25 15
1 28 11 51 11
