100 200
1 43
98 45
39 88
99 50
54 27
84 89
66 85
64 81
96 43
94 66
69 71
26 67
78 58
79 5
40 18
60 99
47 88
20 39
90 30
18 16
2 45
18 24
84 77
33 40
17 13
77 65
83 65
39 98
53 94
45 56
4 50
54 1
92 39
10 70
11 65
53 47
77 56
63 31
13 53
10 71
35 54
87 53
36 12
9 34
59 61
5 1
80 86
52 39
66 1
91 78
5 61
30 61
72 37
40 30
28 43
31 42
4 63
50 15
59 66
28 77
14 60
30 77
82 22
62 70
49 35
74 80
71 13
57 19
31 78
16 77
30 14
83 1
88 37
40 31
91 73
17 77
40 68
88 0
62 37
13 8
17 47
7 82
7 32
84 51
61 85
65 35
67 48
99 71
36 23
66 34
66 92
0 15
11 27
1 72
88 98
65 52
41 12
16 42
66 70
51 54
73 74
43 91
19 81
33 74
90 35
78 15
68 48
52 47
97 12
38 88
82 50
91 16
15 65
33 8
30 96
1 34
41 35
77 78
76 62
1 73
98 10
62 46
2 78
95 44
38 11
8 18
4 85
55 46
62 1
15 67
93 12
30 9
68 19
53 7
45 6
46 48
57 17
35 23
0 49
44 31
2 35
11 92
89 57
59 2
69 11
74 5
75 52
48 41
42 0
92 75
27 38
34 8
35 0
18 67
94 20
41 55
77 54
31 14
86 78
63 8
99 11
33 94
86 84
40 65
0 10
97 96
42 52
60 65
55 72
71 90
71 76
67 77
6 88
21 73
41 39
35 73
2 49
59 20
75 25
23 67
96 42
66 90
9 54
42 28
67 97
52 50
64 84
56 27
64 57
24 14
90 54
46 77
7 38
31 56
52 3
27 8
72 87
45 18
32 66
13 25
-1 -1 -1 44362 -1 -1 15539 51950 -1 -1 15170 -1 -1 -1 -1 13090 -1 7470 -1 64066 -1 -1 17322 -1 -1 -1 -1 48597 -1 -1 13144 53720 -1 50881 -1 -1 -1 -1 -1 -1 -1 -1 -1 -1 27866 -1 -1 -1 19865 -1 -1 -1 -1 -1 -1 56176 -1 -1 -1 -1 -1 37663 -1 -1 -1 -1 -1 -1 -1 -1 -1 -1 -1 -1 502 -1 -1 -1 -1 -1 -1 -1 -1 -1 -1 -1 -1 -1 37755 -1 9314 -1 50930 -1 -1 -1 -1 -1 -1 -1
4
1 18 9 98 6
0 14 7 8 2
1 5 4 45 1
1 0 8 2 7
