100 200
66 98
3 61
34 73
21 78
47 58
68 28
95 93
10 76
86 87
63 4
98 54
48 84
46 93
80 74
17 12
79 54
16 62
28 97
86 35
40 3
46 49
59 10
4 55
72 12
65 4
83 72
7 77
39 34
29 74
17 88
8 83
40 1
62 45
68 45
48 28
84 55
12 56
16 28
43 16
94 57
3 35
55 38
74 96
40 23
80 87
34 7
68 59
36 82
62 59
80 76
7 96
89 90
25 40
97 2
23 33
5 45
23 60
68 4
96 42
57 98
50 27
57 30
6 7
14 2
43 89
13 32
69 83
17 73
79 63
99 29
45 42
44 54
18 99
61 37
56 34
85 18
74 23
52 23
10 89
86 95
2 6
81 11
80 86
86 1
34 5
85 86
43 23
56 44
47 82
11 19
75 61
82 45
79 47
78 79
82 12
85 22
13 23
81 32
69 15
15 93
65 55
23 14
39 72
76 90
33 64
95 58
15 57
23 11
0 53
97 56
94 92
61 34
70 85
18 44
40 89
9 24
74 4
13 63
40 88
40 33
71 58
9 70
92 87
80 65
64 9
11 63
93 48
3 88
0 90
76 57
23 67
54 26
60 66
50 87
63 87
54 60
81 80
32 59
73 68
91 90
3 43
68 41
11 1
52 62
22 94
14 52
20 34
6 28
6 18
62 44
99 89
55 72
61 54
13 8
41 8
98 59
73 74
35 58
16 55
19 89
51 18
62 80
87 76
26 3
1 62
56 59
21 42
80 23
63 2
52 39
67 31
29 5
19 59
59 46
64 66
77 38
5 31
7 88
80 52
27 31
69 36
68 39
15 43
10 66
17 62
1 87
73 84
2 53
96 45
25 61
60 29
99 64
81 18
86 60
98 24
25 65
65 43
81 71
41 47
19 5
59148 -1 -1 51857 -1 30442 -1 -1 -1 -1 31126 -1 -1 -1 -1 -1 59799 -1 -1 -1 -1 -1 -1 -1 -1 -1 -1 -1 -1 -1 -1 -1 -1 -1 -1 -1 -1 -1 -1 -1 65437 3604 -1 -1 -1 -1 -1 -1 -1 -1 -1 -1 -1 61933 15278 -1 3604 -1 -1 45805 -1 -1 -1 -1 -1 -1 -1 -1 -1 6304 -1 -1 -1 -1 -1 -1 -1 -1 -1 -1 -1 -1 -1 22687 -1 -1 -1 -1 -1 15499 -1 -1 -1 32326 -1 -1 56303 -1 -1 -1
5
0 64 12 31 7
0 92 4 10 6
1 44 7 94 5
0 10 8 50 5
0 60 12 38 6
