100 200
5 90
74 25
23 37
60 26
8 42
14 88
93 24
73 27
41 3
85 9
0 54
68 71
56 38
48 61
73 24
25 19
15 82
97 85
87 61
5 23
30 38
82 35
81 69
32 87
37 63
39 19
33 65
91 90
18 30
5 58
41 74
54 33
7 66
13 16
62 72
66 48
99 70
76 54
93 47
51 87
44 23
86 80
14 70
53 55
59 99
46 62
57 30
73 45
51 59
58 72
4 69
45 12
27 83
59 69
62 94
25 42
67 86
43 96
23 8
26 30
34 67
60 53
12 15
86 20
6 41
86 33
32 48
47 64
61 44
50 45
93 35
6 5
11 62
22 97
80 26
37 96
74 15
53 58
45 22
93 41
34 46
80 34
95 82
8 68
47 95
52 48
47 87
65 46
68 83
79 19
50 33
11 16
53 75
29 53
9 66
78 23
43 99
99 34
58 55
55 71
88 91
17 53
1 85
14 2
66 61
55 86
63 53
14 22
28 81
20 49
43 5
57 54
41 5
2 57
90 4
82 61
70 80
20 46
96 22
11 40
73 59
99 13
36 56
64 34
71 46
12 94
82 60
89 6
51 61
35 16
78 66
74 99
45 79
5 10
46 96
72 33
51 91
83 67
87 56
36 85
96 13
39 37
50 62
82 59
26 36
0 39
12 92
14 64
25 27
77 53
25 30
36 80
41 31
38 93
19 85
94 75
77 75
96 84
22 53
12 47
22 58
36 34
58 94
62 19
20 11
54 78
21 94
19 76
65 0
24 94
44 9
54 91
42 14
82 50
25 17
81 84
35 37
70 44
21 72
83 93
40 27
2 22
6 26
61 77
69 60
82 93
35 41
15 35
59 11
13 82
51 90
78 1
92 69
87 37
35 20
83 15
65 55
76 27
77 28
91 13
-1 14320 62768 -1 8688 35141 -1 29417 -1 -1 -1 -1 61316 -1 -1 -1 -1 25799 -1 -1 -1 -1 -1 -1 -1 -1 -1 -1 -1 -1 -1 -1 18946 -1 -1 -1 -1 36556 -1 -1 -1 -1 -1 -1 -1 -1 42240 -1 -1 -1 -1 -1 60324 -1 -1 -1 -1 -1 -1 -1 -1 -1 -1 -1 -1 -1 -1 57556 -1 -1 -1 -1 -1 -1 -1 -1 -1 -1 -1 -1 49079 -1 -1 -1 -1 -1 -1 -1 -1 -1 -1 13652 -1 63409 -1 -1 -1 -1 -1 5687
8
0 47 11 15 11
1 38 15 92 9
1 89 8 46 11
0 82 6 78 12
0 65 13 0 9
1 54 6 36 8
1 96 10 61 0
1 3 14 61 12
