100 200
84 14
31 12
2 83
65 51
40 75
29 89
98 93
51 38
24 20
43 73
7 1
63 50
40 36
83 89
2 92
63 35
1 36
38 23
32 13
69 24
23 4
33 92
61 78
90 96
39 56
60 75
20 44
52 32
37 1
62 51
98 51
59 17
57 11
54 25
35 8
40 0
47 81
91 40
53 40
59 31
55 33
6 32
15 43
88 78
74 9
68 22
24 61
20 51
30 56
24 97
85 61
43 71
34 57
72 94
44 5
87 57
13 64
57 41
81 78
84 79
4 94
72 46
72 99
18 78
17 92
90 63
16 53
58 87
68 77
48 66
98 83
30 75
11 0
5 70
91 44
79 78
97 68
39 88
88 54
4 69
12 88
95 35
95 96
26 81
50 78
27 86
79 51
19 51
4 66
76 7
54 72
59 72
35 64
47 20
88 23
41 0
64 20
32 44
39 31
45 75
28 72
38 99
34 72
81 36
11 25
12 92
86 29
75 91
77 26
95 8
57 82
20 2
44 92
23 56
28 87
8 92
52 38
41 35
31 61
29 42
0 89
81 97
25 12
34 76
43 14
96 1
85 25
88 80
3 60
5 54
28 65
40 82
11 20
51 61
86 87
60 54
29 76
59 96
87 14
1 70
6 63
59 85
69 47
36 6
42 20
40 45
20 30
51 24
28 24
98 90
7 29
77 10
1 9
62 48
40 7
35 45
0 38
23 65
13 98
6 3
60 72
92 94
82 90
43 24
53 10
46 26
65 54
63 32
86 72
0 5
35 67
0 37
78 33
18 8
19 5
34 81
71 19
26 90
8 54
85 44
24 36
54 59
84 5
79 20
7 63
86 92
18 28
13 83
2 73
50 16
32 68
82 61
44 56
34 73
27 79
39 6
65 42
34 94
73 38
93 90
-1 -1 53651 -1 15152 -1 -1 -1 -1 -1 -1 -1 -1 -1 -1 -1 -1 -1 -1 -1 -1 -1 -1 26650 -1 -1 6655 -1 31726 8265 -1 46828 -1 -1 -1 -1 49251 55508 -1 62397 -1 -1 40503 33305 -1 -1 2437 -1 -1 8839 -1 -1 -1 -1 -1 52000 -1 -1 -1 -1 -1 -1 -1 -1 -1 -1 -1 -1 -1 25443 -1 15883 -1 -1 17996 -1 -1 -1 -1 -1 -1 -1 -1 -1 4795 -1 -1 13647 40965 -1 -1 -1 -1 -1 -1 -1 -1 -1 -1 -1
7
1 23 13 32 8
0 24 11 91 13
1 44 13 7 6
1 52 8 93 5
0 67 3 3 13
1 93 6 80 11
1 2 9 23 0
