100 200
0 66
90 96
26 34
98 0
33 96
28 13
11 86
95 74
69 75
42 79
19 41
75 10
48 29
88 50
18 81
34 42
43 32
32 30
43 39
49 89
34 10
72 16
41 8
23 10
64 24
27 35
92 41
12 25
47 33
91 95
95 29
61 9
33 22
37 55
34 6
43 44
57 42
84 12
81 67
88 96
90 36
56 70
89 90
95 1
24 45
29 36
4 15
97 23
58 3
92 26
94 17
41 51
78 77
81 65
73 14
18 58
60 36
78 21
63 98
83 6
32 56
47 69
1 51
65 75
40 94
93 80
46 74
85 33
61 57
24 5
80 68
42 45
38 71
12 63
82 96
77 13
96 47
40 33
6 41
68 47
21 35
27 81
73 54
35 20
22 64
9 28
22 8
5 25
25 41
72 18
58 25
24 21
1 42
75 77
39 84
61 29
12 90
37 11
90 45
41 57
78 30
16 39
61 20
39 15
41 66
68 33
37 41
68 9
10 14
81 52
98 57
0 96
93 87
53 6
65 76
90 77
7 95
3 60
13 70
71 96
56 55
62 39
69 2
47 72
97 76
32 36
99 47
46 2
4 94
53 90
77 56
89 47
41 75
81 10
74 31
70 20
4 38
79 66
59 29
39 35
25 31
89 32
90 6
12 34
20 2
26 44
7 17
28 85
72 90
28 80
45 17
9 13
28 55
30 18
14 89
35 32
98 18
18 78
48 93
45 39
89 42
9 95
18 77
53 76
81 61
53 16
20 51
2 15
69 74
21 70
47 65
6 72
40 73
41 60
62 96
80 76
39 31
48 15
2 12
27 33
82 21
66 67
66 13
1 6
7 69
22 99
59 0
32 46
63 71
3 42
89 72
0 95
73 72
38 6
93 18
74 99
79 28
33 3
69 83
57 71
-1 -1 4906 8683 -1 -1 -1 36796 31948 -1 -1 45706 -1 -1 -1 -1 -1 -1 -1 -1 -1 16557 3228 -1 -1 -1 18247 3706 -1 -1 8235 -1 -1 544 -1 -1 -1 31302 -1 -1 -1 4526 -1 -1 -1 -1 -1 63666 -1 8951 -1 -1 42446 -1 -1 -1 -1 -1 -1 -1 -1 -1 -1 -1 8655 -1 -1 49800 50386 64936 -1 -1 -1 -1 -1 5114 26306 -1 27973 -1 -1 -1 11622 -1 -1 -1 -1 -1 -1 35353 -1 -1 -1 21926 4080 -1 -1 -1 -1 -1
10
1 19 2 36 7
1 6 9 13 1
1 65 2 99 14
0 27 11 6 11
0 74 10 50 1
0 3 4 85 14
1 1 13 14 1
1 79 0 98 9
1 74 4 18 7
1 72 9 15 14
