100 200
4 23
50 72
33 24
92 25
67 58
29 67
88 87
88 92
36 69
74 35
24 79
66 49
30 47
18 44
61 28
8 12
68 45
65 20
88 79
58 18
77 67
49 18
45 1
1 6
2 22
51 65
19 1
58 10
4 58
43 71
86 4
11 52
28 60
53 48
34 17
31 7
34 55
25 39
48 87
20 58
53 41
77 7
37 46
48 11
85 50
34 89
64 85
68 72
6 91
3 39
92 22
84 72
63 94
16 58
50 16
96 23
38 60
33 44
80 89
41 52
56 96
31 93
35 97
58 25
23 77
81 55
32 78
41 7
66 54
77 97
92 65
77 27
18 6
5 44
69 56
97 10
59 85
74 50
36 13
8 10
65 13
21 48
51 30
63 67
58 95
46 59
19 87
49 98
58 74
32 73
66 37
91 39
43 87
55 96
67 37
20 59
8 42
43 17
5 59
77 82
92 9
99 72
27 41
42 65
31 77
13 63
72 89
89 26
82 36
42 25
52 37
63 7
32 91
17 36
77 92
1 83
63 50
65 22
69 28
75 81
3 75
4 83
52 59
13 31
86 56
48 28
43 35
28 25
69 44
37 77
75 55
36 59
72 96
7 11
76 66
15 73
87 57
73 65
81 19
45 39
68 80
44 56
86 57
48 7
63 49
51 76
26 74
29 49
62 27
17 19
71 48
70 91
6 20
17 22
72 51
17 56
7 51
75 62
32 71
28 23
75 16
48 94
68 21
72 81
51 26
97 92
10 59
25 2
82 34
22 8
35 47
2 13
84 66
51 32
36 35
91 5
7 20
41 69
18 1
91 21
32 36
6 63
96 52
86 21
23 8
37 36
13 41
97 14
99 42
25 71
92 82
10 14
26 76
46 3
33 45
38 97
89 4
92 86
47 21
63 39
-1 -1 -1 -1 14195 17159 -1 10746 -1 -1 -1 -1 -1 -1 -1 -1 -1 -1 -1 -1 -1 -1 -1 15791 31824 -1 -1 -1 -1 -1 -1 34988 -1 -1 -1 33076 47824 3383 4175 -1 -1 6797 33933 -1 -1 -1 -1 -1 -1 -1 -1 -1 58505 -1 -1 53740 -1 45330 -1 -1 -1 20733 -1 -1 -1 -1 -1 21862 -1 -1 -1 -1 -1 -1 -1 -1 -1 32019 -1 38057 -1 19503 30415 18560 24300 -1 7976 -1 -1 -1 -1 -1 -1 -1 -1 -1 -1 -1 -1 41459
8
1 40 7 16 9
0 38 11 65 7
0 52 13 11 3
1 10 0 83 7
1 75 3 68 15
1 47 8 14 12
1 29 15 22 2
1 47 8 51 10
