100 200
0 44
53 1
80 63
63 14
57 68
87 86
58 52
29 15
35 92
52 55
72 77
11 5
57 17
44 64
83 78
87 38
52 61
13 83
79 36
64 43
50 36
61 77
35 47
89 63
27 24
61 72
57 64
93 36
99 98
42 74
49 91
95 24
5 17
56 80
95 82
20 36
45 24
82 35
52 45
85 53
3 29
50 84
37 30
51 83
20 33
93 83
74 16
24 19
21 64
27 43
63 32
55 26
51 92
0 67
52 78
22 63
47 44
11 70
97 61
65 63
86 76
92 24
23 81
8 28
32 77
2 12
57 28
47 40
55 3
56 58
35 98
33 0
38 92
4 33
82 94
63 72
26 97
27 29
64 99
19 34
90 77
1 20
11 74
52 7
68 52
99 8
55 88
52 28
6 13
77 49
84 31
29 80
12 57
70 33
90 44
8 52
43 18
73 92
76 52
43 68
17 62
24 0
22 79
34 8
66 77
45 22
23 69
66 14
47 49
86 61
87 83
71 31
7 53
71 36
50 2
80 11
63 95
48 17
43 37
17 69
15 17
97 35
79 81
21 72
79 4
75 59
3 36
37 15
68 20
90 66
22 53
48 25
29 99
82 28
34 51
65 90
58 62
75 29
72 66
35 71
20 38
51 90
70 88
44 30
44 61
47 2
80 36
12 37
66 71
4 73
51 45
63 17
66 27
79 0
54 4
65 86
40 87
22 31
63 68
26 17
76 82
65 37
92 91
50 41
91 51
29 36
56 9
84 53
32 43
10 40
86 78
81 82
59 70
34 80
23 10
79 30
59 65
97 83
3 41
3 94
9 81
49 18
92 57
17 84
49 12
7 61
7 37
70 37
89 15
70 95
90 78
85 47
32 70
74 67
34 52
77 44
13 82
11 45
65 11
27 59
-1 -1 -1 5594 -1 -1 15606 -1 -1 -1 -1 -1 -1 63421 -1 -1 -1 -1 -1 -1 -1 -1 -1 -1 65412 -1 -1 -1 -1 -1 -1 -1 -1 -1 13779 35799 -1 -1 -1 -1 -1 -1 -1 -1 47545 -1 54040 -1 12929 23471 -1 -1 -1 -1 -1 -1 -1 -1 -1 -1 -1 -1 -1 -1 -1 -1 -1 -1 -1 2634 -1 -1 21092 -1 152 -1 -1 -1 -1 -1 -1 1443 -1 -1 -1 22900 -1 -1 -1 36337 -1 -1 -1 -1 -1 -1 51322 -1 12155 -1
8
0 37 4 33 8
1 99 6 53 2
1 95 1 0 7
1 67 10 96 3
0 87 4 98 5
1 20 1 44 15
1 83 10 24 8
0 66 0 9 11
