100 200
67 7
22 38
12 78
61 59
17 99
54 22
20 51
62 67
12 63
2 62
90 65
10 69
83 47
49 23
99 97
4 91
46 41
68 3
3 66
12 48
54 11
57 13
86 14
8 11
41 15
93 85
22 70
12 74
84 19
85 71
2 1
21 93
0 15
80 52
56 87
37 41
9 58
57 78
26 62
71 51
13 21
50 11
98 45
63 19
66 56
24 18
17 1
4 64
18 72
49 60
91 1
0 66
15 38
52 11
19 28
2 38
68 90
62 13
57 12
24 41
74 31
90 26
62 22
35 49
32 71
21 18
62 81
17 46
1 7
22 66
95 80
83 94
26 11
2 47
62 68
89 95
61 42
14 2
42 91
46 97
49 74
75 13
5 22
21 95
85 63
37 71
15 23
70 62
6 18
53 77
88 89
87 57
68 0
53 78
59 99
25 50
50 7
22 2
58 7
17 69
38 79
51 0
72 58
27 1
94 65
81 74
47 98
58 85
81 10
86 15
99 84
13 4
90 76
50 55
0 58
45 87
59 98
45 50
85 39
40 70
32 17
39 67
32 28
16 80
9 8
6 9
21 40
71 33
96 20
88 90
79 9
43 92
34 27
31 58
47 53
86 58
95 26
67 0
67 12
97 56
67 53
97 52
68 42
37 67
5 99
91 37
84 36
83 20
59 85
9 20
81 50
82 56
45 14
98 49
64 94
95 50
99 44
71 88
51 19
99 1
23 73
42 35
11 29
41 43
8 28
46 38
44 69
31 8
44 84
22 35
29 28
60 46
59 78
81 27
63 52
39 23
69 51
43 70
74 17
18 63
55 63
3 51
85 68
74 86
0 57
64 37
91 49
65 40
43 44
56 83
18 39
70 58
98 73
24 47
7 0
79 32
39 75
91 64
10 9
64 73
25570 -1 -1 -1 31447 -1 -1 -1 -1 -1 9565 42645 -1 -1 -1 4152 -1 -1 -1 -1 -1 17993 -1 -1 -1 -1 -1 -1 31215 -1 61958 -1 -1 -1 16334 23528 -1 -1 50401 -1 -1 -1 -1 -1 34727 -1 61761 -1 -1 37346 -1 -1 -1 -1 -1 -1 -1 64789 -1 -1 -1 -1 33602 51007 -1 -1 29690 -1 -1 -1 12926 -1 18325 -1 -1 -1 -1 -1 -1 -1 -1 -1 -1 -1 -1 -1 -1 -1 -1 -1 -1 -1 -1 -1 51631 -1 -1 -1 -1 -1
8
1 83 15 94 7
1 69 15 48 1
1 13 15 35 11
1 54 14 75 5
1 27 10 36 10
1 63 8 86 6
0 80 1 36 11
1 86 15 29 5
