100 200
60 46
76 60
71 70
91 87
46 98
44 13
66 44
96 99
37 93
79 47
34 83
2 41
18 52
3 8
98 52
45 29
78 19
84 7
79 98
44 91
84 27
41 67
27 82
29 47
77 54
81 7
31 32
90 76
94 89
32 49
94 29
72 51
85 66
34 40
84 52
82 50
36 85
91 73
61 90
2 15
76 68
46 30
67 58
1 98
58 35
98 66
21 97
48 2
52 15
50 10
9 83
14 84
37 75
24 54
43 10
16 46
21 63
34 48
50 4
61 98
46 58
52 3
41 42
17 95
61 96
62 93
63 96
49 68
11 94
76 37
77 9
20 68
35 78
55 12
29 10
32 83
20 22
91 77
22 34
27 99
23 91
16 72
33 62
65 43
58 21
46 14
25 27
14 9
28 52
98 45
4 23
18 74
35 11
11 59
44 11
7 19
98 59
90 24
74 80
71 12
47 75
96 86
54 5
70 86
73 82
22 52
25 72
60 50
11 90
0 66
25 73
68 42
55 19
53 43
41 0
47 63
42 58
67 53
88 46
68 32
91 13
39 88
17 22
71 96
97 64
43 23
79 78
78 50
28 75
80 73
28 33
37 10
97 83
52 8
31 5
30 54
83 43
36 45
50 17
71 15
39 69
85 44
4 1
98 41
31 99
22 30
72 95
25 63
7 71
50 30
7 42
64 76
6 23
93 98
1 49
56 71
71 8
35 91
29 73
83 19
91 7
27 21
33 14
86 25
19 46
13 73
70 20
41 8
32 4
64 22
45 21
43 98
76 89
5 75
21 32
98 2
64 41
20 54
97 37
71 83
88 50
86 53
78 86
20 14
78 17
44 27
95 3
3 41
66 38
2 39
57 27
50 61
64 54
90 98
90 82
95 7
9 38
19 53
24 29
93 53
-1 -1 -1 -1 -1 -1 -1 -1 -1 42342 -1 -1 -1 -1 -1 -1 -1 32484 -1 -1 -1 -1 30983 50117 -1 -1 -1 -1 -1 -1 -1 -1 -1 -1 51623 -1 -1 -1 63151 -1 -1 47012 -1 42865 -1 -1 -1 -1 -1 -1 -1 -1 -1 -1 -1 -1 -1 -1 8069 -1 -1 -1 -1 -1 -1 42900 -1 -1 -1 -1 -1 -1 -1 -1 -1 -1 2816 52412 -1 -1 -1 -1 32583 4015 19038 -1 -1 -1 -1 -1 -1 -1 -1 -1 -1 53427 -1 5799 -1 -1
10
1 11 2 46 12
1 52 10 65 10
0 98 10 49 4
1 41 9 27 1
1 62 9 60 13
1 38 6 65 5
1 52 1 48 1
0 75 2 0 5
1 97 2 50 14
1 45 0 52 11
