100 200
25 31
38 36
90 52
35 55
48 73
86 3
77 63
20 62
57 14
40 86
94 22
85 1
38 25
91 10
37 7
0 43
1 13
22 53
33 10
23 27
80 59
52 44
76 98
76 41
16 2
84 66
10 6
86 94
60 83
69 0
67 43
46 70
8 20
17 93
39 72
97 74
43 42
64 45
89 66
25 10
39 63
98 22
36 52
92 8
8 83
30 4
61 95
40 24
23 14
16 47
31 83
83 74
69 82
72 11
51 91
14 58
47 90
80 41
86 30
20 47
29 56
1 35
2 32
51 16
87 44
47 87
10 3
58 22
55 31
38 17
88 2
52 42
76 74
57 30
18 77
94 2
19 22
61 72
18 57
32 96
69 20
12 7
68 6
1 65
46 67
75 60
22 45
47 50
65 15
77 17
64 85
22 49
4 37
94 37
52 60
21 28
79 63
23 9
68 16
7 4
68 70
20 39
31 9
96 66
7 17
25 94
42 22
87 92
11 83
85 34
12 62
39 41
59 5
41 70
96 3
57 92
73 77
67 65
19 61
1 22
58 48
89 30
26 8
6 45
95 80
42 1
20 83
20 10
85 7
67 97
11 35
79 54
46 97
15 92
4 84
83 67
4 73
90 25
20 96
74 1
50 73
3 78
18 3
99 37
63 23
64 59
59 18
14 83
35 63
3 33
8 44
46 44
72 30
30 21
42 4
93 57
38 19
55 86
72 34
28 79
21 95
69 30
16 99
89 10
31 3
32 33
16 48
39 12
42 15
9 28
9 21
61 47
41 36
0 41
2 97
7 93
85 89
26 44
21 5
17 68
42 99
49 48
50 36
58 94
86 97
88 93
84 31
15 35
39 26
4 50
99 82
57 51
46 51
31 48
48 52
65 77
56 39
20 66
88 34
54 55
-1 -1 -1 -1 -1 -1 -1 28837 -1 -1 -1 -1 -1 -1 -1 30258 -1 57244 -1 -1 -1 -1 -1 -1 -1 -1 -1 -1 -1 -1 -1 -1 -1 -1 -1 8486 -1 -1 42631 -1 -1 -1 -1 -1 -1 -1 -1 -1 -1 49574 -1 61106 29225 43712 -1 -1 40189 59447 -1 -1 -1 15707 -1 -1 -1 -1 -1 -1 -1 -1 -1 -1 -1 -1 -1 -1 32388 -1 -1 -1 10858 -1 14915 5671 -1 48661 -1 -1 44638 46020 -1 -1 -1 -1 -1 -1 -1 -1 -1 -1
9
1 87 14 36 11
1 36 8 37 5
1 44 11 15 9
1 95 10 21 15
0 37 6 80 10
1 52 5 21 7
1 75 3 35 12
1 17 1 76 11
1 67 6 74 11
