100 200
9 58
24 28
3 7
76 92
79 98
66 57
18 98
73 98
49 61
72 50
66 7
0 7
86 16
11 23
89 91
98 49
50 36
43 18
44 57
55 65
71 89
14 35
60 25
5 34
56 69
51 65
20 1
54 70
19 53
37 96
28 17
0 55
15 74
74 41
61 97
68 46
64 77
89 74
54 95
68 72
46 4
10 83
33 36
26 58
36 87
43 62
0 34
93 45
50 44
16 53
7 79
24 58
14 59
87 32
3 57
12 2
54 85
80 42
30 97
41 56
21 9
86 63
61 85
83 45
86 57
94 39
89 16
74 37
70 96
59 75
94 54
0 18
61 44
0 21
21 50
50 22
89 38
68 23
30 35
83 63
54 36
11 13
78 66
73 96
75 12
70 82
19 69
16 97
83 37
19 86
23 49
60 13
79 31
38 33
66 1
37 14
71 83
86 13
14 39
34 28
36 89
30 81
17 81
63 49
25 56
26 55
72 55
65 37
2 91
72 2
20 18
16 1
66 77
11 55
24 69
88 91
21 38
68 84
39 18
51 70
92 86
11 79
48 58
70 99
89 32
97 92
34 59
12 63
53 33
72 74
18 53
99 58
78 75
82 6
6 90
51 38
30 57
18 74
74 69
13 93
15 75
92 52
19 79
93 16
24 95
18 3
17 1
22 95
16 15
52 54
20 91
14 80
61 9
47 18
1 52
1 64
29 54
77 8
19 61
0 99
99 89
41 12
38 91
11 53
73 12
74 23
30 78
92 36
83 51
65 0
22 83
36 18
79 9
17 27
89 37
30 14
91 81
2 36
27 78
27 53
76 78
2 61
68 45
35 83
41 88
90 73
48 55
53 26
80 29
12 51
77 27
31 66
7 43
88 58
87 67
32 56
44 13
89 76
39 73
51 18
-1 10352 -1 -1 -1 -1 10206 25751 -1 4032 -1 -1 -1 -1 -1 -1 48789 30764 -1 -1 -1 -1 -1 -1 54708 -1 -1 -1 -1 51045 -1 -1 -1 -1 -1 -1 -1 1544 32843 23450 -1 36442 -1 -1 -1 -1 -1 -1 -1 30105 11897 -1 -1 -1 -1 -1 -1 -1 -1 -1 12974 24616 -1 -1 -1 -1 -1 -1 -1 26089 -1 22310 -1 -1 -1 -1 -1 -1 -1 -1 41339 -1 -1 30956 -1 -1 -1 42834 -1 54610 -1 -1 51467 -1 -1 -1 -1 -1 -1 -1
8
0 54 15 92 14
1 75 12 6 3
0 55 4 98 3
1 33 11 70 3
1 18 9 69 7
0 78 6 29 10
1 28 1 60 7
0 50 12 29 12
