100 200
83 64
91 73
42 14
57 29
57 42
57 82
78 71
41 25
38 15
79 60
0 39
51 30
52 38
3 73
48 76
52 62
24 81
67 64
99 53
5 27
78 5
20 71
77 58
10 56
9 98
16 79
11 45
18 0
32 14
51 36
68 23
25 79
54 53
90 13
28 92
53 69
96 0
27 51
89 41
81 22
39 26
27 70
37 29
32 68
62 83
82 31
27 52
62 69
84 22
17 1
90 58
78 10
86 11
69 44
9 55
36 82
73 58
65 38
67 70
28 54
83 40
14 84
47 32
89 48
3 28
6 84
7 76
74 94
0 25
25 95
90 49
87 3
74 92
1 54
62 39
13 21
55 7
68 24
43 36
70 72
27 26
25 74
7 20
65 87
45 87
16 31
51 40
65 3
83 55
18 21
53 17
19 65
18 71
43 35
71 56
81 74
96 70
15 18
99 25
71 11
51 5
90 1
35 7
55 42
75 26
81 28
20 2
15 35
21 34
96 59
43 18
29 98
7 18
98 11
53 72
23 62
65 60
99 2
62 59
30 28
0 89
45 37
29 61
61 44
63 79
10 67
53 35
51 67
99 6
83 88
10 86
60 49
97 39
30 37
89 79
35 42
17 41
56 4
19 39
53 97
86 26
41 52
10 40
84 96
79 31
33 69
47 3
54 9
86 19
18 86
32 15
84 54
50 30
45 27
87 40
89 44
29 14
73 77
19 70
73 93
43 93
68 41
79 9
99 92
4 82
33 85
7 50
87 12
77 41
0 10
51 15
48 72
33 29
6 48
91 42
22 80
40 13
83 18
23 91
84 31
7 62
71 13
94 91
26 53
1 63
16 42
17 45
6 82
99 98
56 42
30 97
69 49
45 30
77 80
93 3
29 62
34 79
44 40
96 32
67 12
8248 58023 -1 -1 -1 -1 -1 -1 -1 -1 -1 -1 -1 -1 -1 -1 -1 -1 -1 -1 -1 -1 -1 -1 -1 -1 -1 -1 -1 -1 -1 -1 -1 22378 34582 -1 22325 52249 -1 -1 -1 -1 -1 -1 -1 -1 -1 -1 -1 33687 -1 -1 -1 -1 -1 -1 -1 -1 -1 -1 -1 -1 59669 36127 -1 -1 -1 4318 -1 -1 43739 -1 -1 -1 62036 -1 61834 -1 -1 -1 -1 62580 22068 -1 -1 -1 -1 -1 -1 31083 -1 57949 -1 -1 -1 -1 13958 -1 36867 -1
9
1 45 4 1 10
1 55 12 15 13
1 48 14 40 8
0 87 6 15 8
1 62 15 13 14
1 92 7 86 3
1 67 9 46 15
1 35 14 4 2
1 53 7 17 11
