100 200
83 71
16 58
44 24
32 25
92 94
79 97
87 79
3 86
21 34
5 94
12 74
80 29
90 99
35 81
62 89
94 30
37 6
38 64
39 5
38 56
0 7
43 45
93 45
52 92
14 13
10 63
6 94
95 38
84 58
90 45
67 27
24 61
3 10
77 99
2 67
70 46
23 92
60 71
88 14
0 40
11 82
28 98
77 41
45 37
63 38
93 30
23 75
22 58
81 36
6 32
68 71
12 37
71 31
77 51
40 24
7 62
62 59
59 78
7 69
34 15
46 15
60 48
65 78
50 63
15 77
31 52
4 90
79 47
6 15
70 72
50 3
58 64
0 95
34 76
2 79
30 3
88 43
12 11
68 6
61 39
86 91
83 21
72 50
17 53
84 24
19 43
69 42
93 46
27 85
27 42
78 18
48 5
54 90
92 18
82 24
73 18
98 63
32 20
70 65
49 41
3 23
0 14
14 30
63 22
30 53
54 76
82 16
12 46
68 94
9 52
82 21
80 82
63 93
13 98
14 68
19 24
13 15
24 88
91 48
57 10
20 34
46 42
0 85
51 66
39 80
15 87
87 66
56 73
38 68
3 5
30 79
56 97
87 61
34 6
48 16
22 91
70 28
51 46
5 4
50 0
4 84
6 84
9 47
32 91
45 27
19 18
87 19
2 11
18 76
10 50
78 74
32 87
73 89
26 19
42 77
17 39
5 15
62 61
27 63
58 66
46 63
43 93
99 24
59 4
85 78
55 6
73 37
60 44
82 10
74 30
99 11
7 76
34 4
7 63
73 85
66 44
8 3
84 20
23 48
42 74
9 40
29 87
63 76
1 12
84 35
12 92
90 61
89 49
80 78
23 41
92 14
96 68
66 49
19 35
5 57
97 88
67 84
6 97
86 88
40 61
-1 -1 -1 -1 -1 12480 -1 -1 -1 46413 -1 -1 -1 -1 -1 -1 -1 -1 -1 -1 27394 -1 -1 -1 -1 -1 -1 -1 -1 -1 41900 36431 -1 -1 -1 -1 -1 -1 -1 -1 -1 -1 -1 59834 -1 31396 60242 -1 24856 53279 -1 34006 -1 -1 -1 -1 -1 -1 -1 -1 56510 -1 -1 -1 40838 -1 5138 -1 -1 -1 -1 6096 -1 37459 -1 -1 112 -1 30804 58917 -1 -1 -1 -1 -1 -1 -1 -1 -1 -1 -1 -1 -1 -1 -1 -1 -1 -1 -1 -1
10
1 76 2 9 11
1 51 14 14 15
1 71 1 16 8
0 92 3 17 0
1 84 5 0 2
1 90 7 33 1
1 62 7 1 3
1 75 11 36 9
0 27 14 90 12
0 78 3 20 0
