100 200
79 85
61 99
27 67
16 80
30 61
1 25
77 47
57 64
46 1
45 91
57 72
43 81
47 75
34 1
48 13
43 73
63 32
18 14
26 13
69 71
98 4
51 3
74 72
13 3
1 80
13 93
4 66
35 57
41 99
56 86
49 70
67 86
62 99
55 17
44 19
18 52
49 79
43 63
18 45
75 9
10 19
46 61
77 32
31 51
54 85
57 74
60 59
90 89
24 77
44 0
70 56
79 42
85 62
74 21
92 3
35 13
51 5
48 68
18 72
79 21
75 99
16 59
48 31
72 16
19 50
70 19
94 15
48 39
78 69
8 61
34 2
75 60
13 85
73 27
78 17
12 33
39 9
87 88
48 27
94 67
11 72
61 83
49 63
64 47
50 17
2 61
63 61
70 23
92 66
2 81
44 17
80 58
45 34
39 88
53 80
92 14
59 65
57 38
67 59
98 89
51 90
68 9
96 49
8 72
46 29
56 0
55 91
14 28
81 45
34 58
77 98
4 45
86 96
80 87
5 26
97 65
41 61
25 32
53 45
7 13
2 47
37 69
83 57
53 25
5 97
31 55
53 95
15 30
74 68
80 75
79 47
29 18
36 41
53 23
70 67
77 39
87 92
98 97
82 6
90 27
87 3
62 16
73 82
35 30
69 23
89 5
25 38
32 14
83 93
6 62
54 39
28 32
82 11
65 3
77 60
10 76
3 24
74 27
47 10
93 80
99 80
3 80
38 86
67 57
48 62
14 97
67 88
37 55
40 90
11 48
93 44
50 6
35 78
85 90
16 77
22 28
86 94
83 66
58 71
74 73
29 84
10 95
3 15
80 25
42 22
92 95
86 15
5 11
96 81
78 12
66 20
75 25
20 1
24 51
98 71
31 90
62 23
99 20
87 35
82 15
-1 37431 -1 -1 -1 -1 -1 -1 -1 61346 -1 -1 -1 -1 -1 -1 -1 37698 -1 -1 -1 64586 -1 -1 -1 -1 53628 -1 -1 -1 33477 11170 -1 24997 -1 -1 -1 -1 -1 -1 -1 -1 49428 -1 6317 33075 -1 -1 -1 -1 -1 28379 -1 -1 -1 -1 -1 -1 -1 -1 53375 -1 -1 -1 -1 -1 -1 -1 11782 -1 -1 -1 -1 -1 -1 -1 5996 -1 -1 50819 -1 -1 -1 -1 -1 -1 -1 -1 55355 -1 -1 -1 64432 -1 -1 -1 47410 -1 -1 -1
0
