100 200
62 24
15 14
88 65
14 90
82 9
55 53
50 65
31 35
24 64
64 48
34 27
65 89
80 87
3 49
35 90
94 36
77 48
4 89
38 0
50 24
86 78
8 34
36 12
65 7
36 1
27 25
61 73
33 80
75 55
79 2
45 77
18 16
50 36
97 11
88 7
21 28
92 33
74 76
81 47
66 48
44 31
75 92
41 99
9 51
92 98
39 54
49 35
58 40
38 63
48 85
41 26
85 5
84 45
91 72
52 26
79 40
79 15
84 22
39 72
15 57
33 78
31 27
48 59
72 99
41 33
15 10
92 29
80 54
98 57
80 61
33 32
51 20
55 15
4 92
98 8
54 34
80 93
6 58
56 0
92 59
50 93
72 26
21 68
1 8
66 41
13 38
11 4
2 60
49 44
98 85
94 86
26 29
32 36
4 40
36 90
88 2
59 13
41 3
32 60
43 36
32 67
63 46
72 56
41 82
57 89
43 93
99 73
38 62
88 12
6 95
61 41
53 46
62 75
31 3
71 20
23 82
12 78
72 97
13 86
33 1
9 60
17 73
96 11
56 65
74 95
29 65
37 89
8 75
42 73
19 62
60 81
20 91
1 73
24 35
46 1
11 99
14 91
27 14
99 38
63 36
28 70
39 8
36 51
11 13
94 25
13 63
43 70
96 56
32 39
5 66
7 86
64 74
11 24
89 48
70 80
32 28
20 2
2 64
27 61
28 11
31 47
35 3
21 23
91 15
91 73
4 90
51 50
84 26
9 27
13 35
63 85
75 45
60 52
6 29
81 2
29 55
69 64
3 93
17 87
60 65
12 35
79 94
30 80
70 9
78 18
39 17
77 44
80 11
11 12
14 4
15 29
27 64
24 69
13 76
98 42
44 6
59 49
80 22
85 82
7 21
-1 -1 -1 -1 -1 43940 -1 -1 -1 -1 -1 -1 -1 -1 -1 -1 -1 -1 32325 21584 -1 -1 7847 -1 -1 -1 -1 -1 -1 -1 44092 -1 -1 -1 58804 -1 -1 -1 -1 -1 62335 37453 46736 -1 10268 -1 -1 25350 -1 -1 -1 -1 -1 -1 -1 41077 16638 -1 -1 -1 -1 -1 -1 40880 12871 -1 -1 -1 -1 -1 -1 10484 -1 -1 -1 -1 -1 -1 -1 -1 -1 -1 -1 -1 -1 17401 -1 -1 -1 -1 -1 -1 -1 -1 -1 -1 -1 -1 -1 -1
10
1 46 13 92 1
1 70 15 28 14
1 60 1 68 2
0 7 13 87 15
0 18 0 50 8
1 84 10 37 3
1 2 0 92 9
1 67 10 86 0
1 76 11 85 2
0 6 8 83 15
