100 200
10 61
92 25
87 31
76 24
19 9
82 40
22 83
71 44
20 68
4 8
91 10
96 68
18 43
68 9
98 43
0 84
29 97
71 86
58 11
87 84
66 13
21 1
73 4
38 46
34 84
30 5
97 5
68 22
89 46
79 86
56 88
55 34
72 80
78 37
50 94
50 18
88 10
79 52
31 28
27 9
34 1
15 19
43 35
89 63
38 69
63 79
53 47
94 79
47 17
3 32
23 76
46 68
88 63
7 92
94 45
66 24
38 7
98 53
52 85
43 28
89 43
1 62
73 68
92 54
95 30
23 13
97 47
63 13
18 0
82 72
89 99
39 32
81 56
23 56
48 67
1 44
48 12
36 42
3 58
67 76
71 42
67 27
98 46
88 54
50 76
67 86
31 88
11 50
85 75
79 84
90 36
92 89
4 64
4 24
68 80
30 69
79 82
38 54
22 93
99 75
50 61
86 28
80 70
81 65
27 44
89 73
23 6
77 67
61 25
7 21
14 8
88 53
77 63
44 49
29 35
97 10
89 0
8 45
24 99
95 22
30 84
71 29
33 93
39 82
35 5
27 64
90 77
68 60
49 63
37 57
12 91
80 82
32 8
78 33
19 73
74 68
85 13
3 93
34 2
73 57
91 26
52 62
10 66
80 8
98 44
50 67
64 49
10 36
76 89
56 90
27 76
85 41
68 24
41 46
47 42
95 40
55 93
18 73
3 62
54 99
76 88
54 79
75 83
57 47
0 85
85 65
90 42
34 65
81 92
38 18
11 77
26 86
22 29
49 1
58 33
85 34
34 22
19 87
27 81
74 2
78 12
19 94
65 3
89 51
23 99
67 22
78 10
23 90
23 14
9 42
29 79
55 86
48 0
12 39
65 68
62 37
41 94
71 31
6 0
25 13
10987 -1 -1 57553 58351 -1 270 -1 -1 -1 -1 -1 -1 -1 -1 33933 -1 -1 63452 -1 55735 -1 -1 -1 -1 -1 -1 -1 -1 -1 51649 -1 -1 -1 -1 -1 -1 -1 33412 -1 8876 -1 -1 4331 -1 -1 -1 47114 -1 -1 -1 -1 -1 -1 30525 -1 30005 -1 -1 -1 54205 43454 -1 -1 -1 -1 -1 -1 -1 -1 -1 -1 46441 -1 -1 42051 -1 22350 -1 -1 -1 -1 -1 53224 -1 -1 -1 -1 -1 47286 -1 -1 -1 -1 -1 -1 -1 -1 18816 -1
2
1 78 4 59 13
1 49 9 76 10
