100 200
52 87
74 81
45 8
37 18
22 23
65 79
81 54
64 63
31 47
34 30
88 12
42 12
25 3
69 51
18 39
51 62
62 37
17 73
28 93
86 48
39 24
17 18
5 33
23 76
74 98
47 92
97 49
16 68
7 55
58 21
66 89
65 94
32 66
66 77
24 57
45 23
44 41
37 17
81 5
14 46
10 6
68 79
2 51
18 23
40 39
94 40
15 1
59 63
13 65
27 31
97 48
60 34
63 67
43 66
96 10
73 41
65 59
98 61
29 87
2 60
5 63
6 61
20 56
78 29
53 45
28 29
92 50
62 49
77 34
88 58
37 32
88 81
98 40
32 97
67 23
11 35
2 30
36 88
27 76
16 81
20 59
85 30
5 52
51 13
31 65
95 15
42 44
22 1
70 16
85 56
73 98
42 33
65 56
15 73
59 2
67 53
25 8
94 77
21 16
45 12
2 71
13 2
53 23
82 77
8 51
83 77
4 9
27 19
18 85
64 83
44 82
65 29
8 87
96 0
76 93
71 97
74 40
3 86
1 47
51 9
82 41
5 77
8 6
69 59
49 80
72 54
78 48
26 69
94 80
27 75
39 42
88 54
17 27
56 73
9 79
98 32
40 17
29 63
99 83
62 79
89 47
94 84
70 21
39 35
74 63
14 56
10 72
87 0
28 12
37 76
48 51
44 81
80 25
41 63
77 20
18 62
50 10
85 57
26 27
31 64
35 54
32 95
57 69
1 82
69 28
20 90
79 29
83 94
11 98
78 86
87 86
21 95
91 47
88 79
92 8
16 90
56 4
93 24
62 6
93 59
15 89
82 85
77 44
7 41
92 66
45 66
39 91
69 11
82 95
73 63
81 70
28 83
92 19
86 29
96 59
43 56
68 57
55 36
69 19
58 42
5606 -1 -1 47496 -1 -1 -1 39198 -1 -1 -1 -1 -1 -1 46749 -1 -1 55294 -1 -1 -1 -1 -1 -1 21280 -1 -1 -1 -1 -1 -1 -1 -1 -1 -1 -1 -1 -1 -1 -1 -1 -1 27378 -1 -1 -1 -1 -1 -1 -1 -1 -1 -1 19903 33195 -1 49966 -1 53709 -1 -1 -1 -1 1409 -1 -1 10068 -1 -1 -1 -1 -1 -1 1335 36724 38769 35661 40387 -1 -1 -1 -1 -1 -1 -1 -1 -1 -1 -1 -1 -1 -1 -1 -1 38468 -1 16701 -1 -1 -1
10
0 38 15 77 10
1 78 10 56 8
1 9 11 99 11
1 15 9 41 9
1 69 10 86 7
0 76 10 51 9
1 19 1 42 9
1 29 10 24 6
0 57 0 61 13
1 78 9 46 4
