100 200
28 84
95 89
65 46
99 11
95 17
20 15
60 62
41 8
32 45
33 62
44 81
54 48
76 0
91 12
56 82
55 89
83 78
29 43
62 26
85 9
30 89
51 5
15 82
43 63
65 12
25 46
90 78
12 18
80 96
48 56
94 15
1 20
51 54
45 60
24 16
94 67
19 12
74 9
61 89
54 88
4 49
77 50
34 39
14 69
22 29
94 82
37 56
68 42
0 11
28 36
70 85
67 13
8 57
56 61
69 24
91 94
3 11
4 17
56 27
72 15
8 70
55 51
5 96
43 66
65 8
38 81
94 40
78 68
84 20
2 8
74 17
26 28
46 68
36 89
18 35
89 71
23 42
80 10
50 59
81 27
22 74
32 94
26 73
24 56
21 68
90 79
21 81
62 27
66 42
16 17
22 72
59 30
61 5
15 53
34 52
78 3
75 17
3 33
62 52
58 0
90 5
44 38
10 83
60 17
18 84
95 23
99 61
71 3
84 19
39 75
81 28
57 15
97 51
63 7
39 77
86 67
93 82
47 74
87 30
88 55
41 16
78 35
10 94
26 77
0 55
93 96
12 98
86 43
37 34
11 73
39 67
20 81
32 99
5 50
22 36
91 92
15 22
90 35
99 34
58 48
91 66
13 0
36 5
4 13
37 83
76 23
16 49
67 40
2 34
50 58
25 42
64 0
16 95
36 82
45 92
52 56
53 13
96 88
73 58
73 0
9 80
54 52
84 74
6 93
37 76
37 94
53 14
49 73
89 58
17 24
53 74
64 4
94 62
85 97
80 75
27 93
88 58
26 43
78 48
77 65
81 98
69 35
21 31
96 77
96 92
35 77
17 36
13 34
94 56
78 89
36 95
67 68
72 52
56 69
90 8
6 13
3 86
85 90
50 87
25 97
-1 56541 -1 19549 52904 -1 9856 -1 -1 -1 -1 -1 -1 -1 29141 -1 -1 -1 -1 19617 27634 -1 37011 -1 -1 -1 39367 -1 -1 -1 -1 -1 -1 -1 59188 -1 -1 -1 28890 -1 -1 -1 -1 -1 -1 -1 -1 -1 -1 -1 -1 -1 -1 -1 -1 -1 -1 -1 53609 -1 -1 -1 -1 -1 -1 -1 -1 -1 -1 -1 -1 -1 -1 39523 -1 -1 -1 -1 31058 -1 -1 -1 -1 -1 -1 52658 -1 1030 27835 -1 -1 -1 -1 -1 -1 -1 -1 -1 -1 -1
10
1 20 11 40 9
1 87 9 89 8
0 93 3 30 5
1 19 11 63 9
1 90 9 80 2
1 16 5 55 11
1 60 2 1 3
1 98 5 35 6
1 74 11 48 5
0 71 12 75 7
