100 200
75 29
84 15
64 25
73 32
34 94
73 49
23 33
56 89
3 89
13 85
73 62
91 59
64 1
52 20
79 57
77 51
62 83
94 38
59 56
95 32
45 7
39 78
35 7
93 40
58 64
10 91
67 61
47 44
58 4
26 93
92 11
57 24
3 49
5 34
91 58
37 3
57 4
4 39
69 4
34 91
28 24
75 71
75 6
4 75
38 60
16 38
24 83
11 68
43 19
19 95
94 22
84 67
26 67
60 10
94 10
88 11
15 98
16 91
94 64
63 67
93 30
56 83
38 20
11 20
4 38
67 82
60 11
22 6
96 85
8 63
2 88
0 80
0 92
50 30
16 59
61 88
18 10
32 78
41 63
3 26
51 49
22 65
13 62
26 24
67 85
9 38
11 10
44 61
14 40
28 37
48 99
50 57
14 43
58 68
58 13
84 68
95 81
88 65
52 31
62 28
46 56
68 38
42 53
56 82
32 18
31 48
18 28
7 11
7 96
44 28
9 81
36 4
11 74
23 75
34 21
97 38
51 81
85 48
51 43
24 20
89 87
10 45
33 79
20 6
33 8
3 28
76 63
51 0
6 23
49 94
59 3
21 0
41 34
85 72
90 97
50 71
59 46
28 20
32 9
91 93
67 78
66 85
2 59
12 24
65 90
77 22
93 0
87 58
62 11
31 81
31 20
29 72
67 47
74 40
57 82
4 7
11 70
68 91
53 41
88 14
15 52
35 75
54 61
23 72
39 50
68 20
56 53
57 30
91 73
89 90
93 21
44 87
61 0
78 45
61 32
18 92
49 31
82 98
41 52
33 78
4 11
67 80
34 99
35 91
88 1
18 27
15 50
29 24
22 38
14 58
43 5
57 23
21 25
17 35
40 97
29 86
85 87
16 82
37 97
63 28
-1 -1 -1 -1 -1 -1 361 -1 -1 -1 -1 -1 4032 -1 -1 -1 -1 -1 14977 31401 41812 -1 -1 -1 -1 -1 -1 -1 -1 38814 -1 -1 -1 17122 14276 -1 -1 8606 -1 -1 -1 54053 -1 15322 -1 -1 -1 -1 30663 -1 -1 -1 11350 -1 -1 -1 -1 61982 -1 27570 17459 -1 -1 -1 -1 -1 -1 -1 52803 -1 -1 -1 -1 -1 36420 -1 -1 63537 -1 -1 -1 -1 -1 -1 -1 -1 -1 -1 -1 -1 -1 -1 -1 56365 -1 -1 -1 32641 -1 -1
8
0 1 10 52 4
1 92 5 71 2
1 84 6 49 9
1 66 12 36 6
1 47 3 36 15
1 93 12 75 0
1 6 3 7 15
1 45 7 1 4
