100 200
78 3
99 4
7 91
46 28
38 67
28 7
90 51
67 58
64 16
20 64
46 2
60 56
82 91
57 93
85 95
6 5
34 80
27 16
96 0
97 68
31 54
40 65
22 52
55 74
48 95
21 36
67 34
79 37
69 79
17 97
41 70
82 24
69 76
47 57
17 89
97 5
41 55
55 76
40 69
92 33
4 16
67 57
61 18
0 43
33 81
58 34
13 33
88 76
43 11
40 33
77 79
20 50
70 46
70 84
38 0
98 71
17 11
62 44
98 67
7 21
80 44
56 94
38 59
54 52
37 4
67 54
5 30
44 3
8 43
12 40
30 85
65 14
1 78
76 87
5 63
98 94
52 55
88 34
58 11
26 34
73 25
25 83
61 95
72 54
22 8
98 90
20 70
0 66
45 70
65 63
47 13
77 41
10 81
76 15
0 57
88 37
80 19
85 49
11 21
79 17
92 94
15 97
45 14
59 19
16 35
30 60
50 44
56 9
84 37
25 94
61 84
79 2
56 97
17 13
7 77
0 35
85 3
44 18
87 54
50 56
98 42
94 14
20 21
52 23
31 79
82 5
58 7
58 83
28 24
51 48
98 32
5 98
83 26
68 46
60 83
15 0
61 67
81 2
50 19
64 10
69 45
52 14
8 32
24 65
25 19
97 9
82 22
3 33
76 41
30 22
19 96
5 56
37 57
42 28
80 43
60 88
25 71
55 94
40 66
17 54
72 19
42 22
1 36
44 35
59 87
86 22
93 45
91 30
38 56
48 89
17 83
35 76
79 72
35 38
55 40
18 94
43 57
47 14
39 29
24 42
28 94
41 43
68 91
19 52
23 64
88 13
3 84
48 97
76 89
67 17
91 19
20 81
92 15
85 54
24 61
43 7
49 46
38 37
39 30
14 18
-1 -1 27934 -1 -1 -1 30862 -1 -1 -1 -1 -1 13837 -1 -1 -1 -1 42928 -1 3466 22444 -1 -1 -1 -1 -1 -1 57655 -1 13866 -1 -1 -1 -1 -1 -1 -1 -1 -1 -1 -1 -1 -1 -1 -1 -1 -1 51606 -1 -1 -1 -1 -1 -1 -1 -1 -1 -1 -1 -1 -1 -1 -1 -1 -1 -1 -1 25107 42783 58666 -1 -1 -1 -1 55242 -1 -1 -1 37349 -1 -1 -1 -1 15436 -1 -1 16426 -1 43272 43546 6056 -1 -1 -1 -1 37865 -1 -1 -1 -1
8
1 49 11 59 12
0 9 14 84 14
1 33 2 1 9
0 2 8 85 15
0 77 14 53 6
0 1 8 78 13
1 23 13 86 4
0 2 7 67 5
