100 200
10 48
57 17
26 0
11 90
92 25
27 73
46 94
2 48
94 58
14 92
18 28
53 72
49 89
48 93
12 70
31 88
98 91
73 48
7 31
94 91
62 42
20 45
32 92
29 86
29 89
39 4
70 28
54 65
27 70
44 13
54 38
56 4
67 55
89 55
92 41
90 26
35 75
67 0
56 6
11 64
17 93
57 54
58 3
10 23
41 98
97 89
80 74
92 96
2 88
2 47
51 65
44 36
13 87
18 87
55 13
1 32
22 58
23 50
10 67
44 29
56 94
88 6
11 4
6 46
92 8
47 5
21 90
39 86
30 97
76 23
51 81
17 40
87 37
29 26
35 31
5 75
3 12
95 49
94 43
82 91
3 7
59 50
7 66
10 80
16 11
42 49
1 38
74 24
4 40
79 61
40 66
74 29
28 23
92 13
84 72
5 23
90 19
7 59
64 14
73 16
14 56
17 62
12 37
59 25
79 29
63 66
91 32
53 31
81 60
21 79
19 59
60 88
58 71
57 20
56 98
32 43
49 59
58 28
31 29
34 7
93 34
88 90
82 9
92 18
98 46
78 96
49 20
5 1
99 56
33 7
43 96
94 33
84 62
57 37
18 52
73 89
84 10
91 34
87 62
95 7
29 2
92 51
72 38
39 68
33 16
66 26
34 95
97 4
15 59
67 73
39 30
69 75
86 3
83 62
46 87
81 64
61 76
19 4
45 86
36 69
83 34
60 29
12 2
51 20
8 56
68 10
73 54
59 95
39 6
90 75
6 27
99 11
52 83
70 36
99 67
28 32
15 13
84 68
38 43
94 40
8 40
19 85
66 47
48 71
50 53
71 49
8 96
61 40
75 79
28 10
68 59
46 91
5 17
89 12
22 89
69 26
79 45
43 67
76 19
43 30
-1 -1 -1 -1 -1 34922 -1 52313 -1 -1 42192 -1 -1 -1 -1 -1 30513 -1 59746 -1 -1 -1 -1 -1 29036 57023 -1 -1 61249 -1 -1 -1 -1 -1 -1 -1 -1 -1 61752 -1 -1 13181 -1 -1 -1 -1 -1 -1 11568 -1 -1 -1 54072 -1 -1 7981 65255 -1 -1 -1 -1 -1 -1 -1 -1 -1 -1 -1 -1 42949 -1 -1 -1 -1 -1 40748 46340 -1 -1 -1 -1 -1 -1 39386 -1 -1 -1 -1 -1 21561 -1 -1 -1 33967 -1 -1 -1 -1 -1 -1
3
1 76 4 24 9
0 7 12 67 5
1 93 13 56 15
