100 200
52 36
21 89
52 30
74 37
98 79
3 28
65 6
35 60
33 30
25 23
51 45
89 90
76 50
86 4
95 23
16 97
60 52
40 45
18 26
5 48
15 63
76 60
87 38
81 59
16 79
49 78
44 98
54 15
8 84
3 21
3 20
96 39
54 36
69 14
59 28
29 45
62 4
3 77
2 66
33 6
0 32
22 74
13 5
73 59
51 14
69 93
31 84
45 94
68 13
9 73
97 53
98 99
50 21
45 46
65 28
19 49
60 54
42 25
20 67
58 52
26 60
41 20
2 31
9 30
78 0
54 71
15 18
54 90
64 9
20 63
75 14
82 4
7 27
85 96
21 32
38 14
69 86
70 67
53 37
70 59
81 41
61 56
44 82
93 27
19 38
43 72
10 28
3 63
67 30
91 38
42 44
91 30
48 31
18 12
17 58
83 9
51 88
78 71
61 7
87 63
84 88
22 57
24 51
19 26
5 58
74 44
76 61
96 47
34 94
11 17
35 72
43 12
31 85
5 9
17 21
61 96
62 5
79 71
24 81
29 35
49 3
53 67
48 43
62 36
21 81
64 66
3 10
28 9
30 15
67 41
71 0
21 19
87 16
57 39
40 27
18 53
26 98
79 37
48 26
2 78
49 93
20 40
97 75
48 76
32 79
49 48
12 66
45 88
27 53
54 83
87 84
8 3
83 12
79 70
1 3
95 4
38 35
95 10
27 48
84 79
37 45
21 77
7 8
75 45
23 64
21 53
37 41
48 13
67 39
38 57
15 20
39 35
96 94
99 6
94 18
70 52
60 72
21 74
15 88
17 60
39 55
88 39
49 33
34 75
56 14
11 37
2 76
40 83
42 55
10 68
0 18
49 32
86 72
13 41
79 64
55 88
54 80
68 1
43 19
93 81
22370 56271 -1 -1 -1 -1 -1 60272 -1 53124 -1 -1 -1 -1 -1 -1 -1 -1 47036 -1 -1 134 61716 26329 -1 -1 -1 -1 -1 -1 -1 -1 39356 -1 -1 63193 -1 -1 -1 -1 -1 -1 3178 12672 20851 -1 -1 -1 -1 -1 -1 46744 -1 -1 60390 -1 -1 -1 -1 -1 -1 -1 -1 -1 -1 -1 -1 -1 -1 42828 -1 -1 -1 -1 -1 -1 -1 -1 -1 -1 -1 -1 57766 -1 -1 -1 36532 -1 -1 -1 5396 -1 -1 -1 -1 -1 -1 62879 -1 -1
6
0 59 9 33 9
1 21 2 14 15
1 32 14 30 9
1 88 10 74 4
1 23 6 75 14
1 51 13 19 7
