100 200
41 76
19 52
32 48
36 3
30 64
95 73
29 43
36 95
26 73
78 99
64 21
73 30
62 41
79 26
34 0
88 50
1 11
93 5
74 59
9 47
93 11
57 72
1 28
90 60
5 75
27 49
16 41
48 1
87 68
50 36
7 75
63 19
36 10
91 87
97 45
18 54
57 63
11 66
21 6
28 64
27 82
48 71
33 82
7 57
7 55
69 20
98 27
61 91
12 14
22 31
13 2
76 48
59 93
24 26
53 24
68 65
82 83
30 50
82 91
91 69
14 17
67 27
33 20
76 99
64 88
21 33
20 16
24 62
42 46
39 98
50 48
88 58
80 90
37 75
23 17
17 34
73 33
50 66
92 20
72 11
95 63
18 56
39 49
71 66
91 75
36 76
23 88
11 88
79 10
46 44
16 10
68 40
77 68
42 55
86 45
21 72
5 87
45 10
71 44
70 9
82 10
36 87
64 79
13 35
6 95
28 8
33 7
47 37
76 8
13 15
14 70
18 52
47 16
85 34
61 4
18 15
40 36
7 37
27 39
86 16
43 33
33 37
91 74
56 11
25 15
89 56
91 77
27 97
25 42
87 48
89 47
25 29
70 56
13 83
42 71
29 48
4 82
79 5
6 82
86 64
75 15
1 20
2 3
38 54
53 44
13 40
2 82
80 64
81 1
37 90
84 37
77 36
35 95
20 49
46 53
4 12
46 10
4 86
18 76
15 32
35 9
73 78
35 59
50 25
41 26
79 96
48 26
98 91
38 19
83 60
73 3
78 36
64 94
52 83
16 9
95 98
3 61
85 45
54 57
2 62
94 96
18 81
92 18
87 67
78 56
33 47
98 25
13 21
45 53
12 36
99 21
96 42
73 54
27 44
68 58
77 76
63 62
18 17
10 83
33 34
-1 -1 -1 -1 -1 -1 -1 47840 -1 -1 -1 -1 -1 -1 43525 -1 -1 -1 16355 -1 -1 -1 -1 -1 -1 -1 -1 -1 -1 -1 -1 -1 -1 -1 -1 -1 -1 -1 -1 34675 -1 -1 -1 -1 -1 16375 -1 -1 -1 -1 31399 -1 26462 37214 -1 -1 -1 -1 -1 -1 -1 -1 -1 -1 -1 -1 -1 11399 -1 -1 15627 -1 -1 -1 -1 -1 -1 -1 -1 -1 -1 -1 -1 15548 19363 -1 -1 -1 46165 -1 -1 -1 -1 -1 -1 -1 -1 -1 36696 42755
9
0 84 0 76 12
0 2 4 44 14
0 89 9 94 1
1 11 9 63 0
1 92 8 32 11
1 77 3 82 8
1 10 4 23 3
1 17 3 65 5
1 1 9 80 11
