100 200
84 77
4 42
22 74
61 55
77 71
92 96
60 90
64 99
54 82
2 16
95 20
50 60
85 97
87 35
59 99
38 25
21 80
77 65
92 45
98 43
32 55
47 39
33 21
94 15
80 15
17 20
49 95
73 85
1 20
85 86
30 43
86 7
29 12
45 42
8 3
93 73
29 16
27 17
74 50
21 42
5 96
85 89
94 59
36 46
34 22
23 47
44 59
41 11
82 27
70 58
54 18
30 69
47 24
75 28
53 26
73 53
7 20
97 46
85 48
87 36
10 48
93 83
92 19
11 75
13 86
46 84
43 56
14 29
23 72
73 89
1 50
37 1
13 29
92 93
61 32
84 31
64 33
70 50
62 0
96 1
29 43
11 4
80 64
29 30
91 94
9 42
34 51
78 35
41 13
75 98
49 85
8 1
76 3
2 10
45 22
75 19
90 74
6 66
68 14
32 19
3 66
12 38
8 27
87 83
70 48
35 86
58 91
53 69
42 98
78 33
81 48
49 27
72 16
34 87
42 16
12 51
0 97
14 90
73 95
24 22
65 87
70 71
21 6
54 92
43 12
76 54
69 36
16 64
70 54
47 95
21 11
11 67
20 82
57 74
49 86
34 74
28 85
16 30
36 27
15 2
25 1
46 20
19 84
29 89
48 82
53 74
38 90
8 11
15 9
30 6
98 72
93 48
47 90
94 0
28 87
36 21
4 67
48 41
24 1
84 61
73 20
37 70
88 16
76 63
89 98
7 62
22 27
71 63
69 28
8 25
86 63
39 41
92 43
30 2
46 86
66 55
39 82
38 15
62 33
75 13
16 84
68 11
61 8
59 53
48 11
85 76
15 83
86 42
57 87
91 60
50 17
40 46
51 86
48 98
92 9
52 47
17 19
76 22
25 93
44 25
31776 -1 -1 48652 48946 -1 -1 -1 29920 -1 -1 6740 -1 -1 -1 -1 -1 -1 54905 -1 -1 51827 -1 -1 -1 -1 15753 -1 -1 -1 -1 -1 57672 -1 63125 -1 -1 -1 -1 -1 21847 -1 -1 -1 -1 -1 -1 -1 -1 -1 -1 -1 54261 -1 -1 -1 -1 -1 -1 -1 -1 -1 -1 -1 -1 -1 -1 -1 -1 63651 -1 12531 -1 -1 -1 -1 -1 -1 -1 -1 -1 54597 51107 -1 -1 -1 55515 -1 12752 -1 -1 -1 -1 -1 18711 65328 -1 -1 -1 -1
10
1 50 9 56 6
1 96 12 8 3
0 88 13 93 13
1 33 4 72 13
1 41 4 43 13
1 68 5 81 14
0 52 6 34 15
0 98 9 96 6
1 22 2 20 7
0 89 12 52 2
