100 200
59 0
55 6
67 16
56 90
24 3
57 87
88 7
53 1
17 55
40 29
40 24
1 9
71 66
44 20
8 4
52 90
20 56
67 14
66 7
70 8
42 61
64 26
32 93
74 26
63 25
68 17
38 52
49 62
66 56
17 23
26 7
38 87
70 16
29 36
91 21
29 71
49 33
39 80
23 60
42 80
13 83
1 95
82 71
33 67
82 5
21 5
69 72
35 89
41 75
46 71
28 53
33 5
86 22
82 56
99 23
22 76
74 49
84 95
6 98
96 49
22 72
2 70
73 59
99 42
51 85
77 66
73 21
14 62
58 85
52 64
75 52
97 48
9 90
5 53
51 7
21 70
65 43
63 1
8 97
4 25
0 73
9 58
34 54
26 38
52 62
93 6
89 68
4 39
75 50
38 36
27 44
92 34
17 64
94 19
9 26
57 34
36 59
23 77
17 6
79 23
80 29
91 14
28 50
43 44
46 77
27 2
94 64
48 69
60 93
14 42
73 55
59 25
5 3
80 40
97 32
8 87
34 24
60 71
5 40
28 44
66 47
87 60
4 87
26 8
51 83
49 76
16 20
18 54
76 0
81 12
33 35
10 27
71 77
1 62
95 11
45 43
43 7
28 35
95 88
1 98
27 53
30 35
7 8
87 29
64 65
74 14
12 18
22 48
17 57
53 59
64 82
74 38
23 16
83 47
38 24
27 97
14 70
2 82
32 21
15 54
50 57
97 41
74 59
61 49
82 42
97 34
57 24
14 65
61 57
85 27
73 10
92 73
47 96
75 48
87 2
13 79
47 58
86 79
91 73
64 70
89 13
6 0
59 29
55 59
59 21
58 41
55 31
87 36
17 50
19 77
52 13
72 39
40 36
47 37
18 80
87 64
64 23
52 78
21 17
80 83
-1 -1 -1 -1 36026 -1 -1 -1 -1 -1 -1 14378 -1 -1 49176 -1 19331 -1 47140 -1 -1 -1 -1 -1 -1 -1 -1 -1 25605 -1 -1 -1 -1 -1 -1 -1 -1 -1 -1 -1 41108 10085 -1 -1 -1 -1 -1 -1 61129 -1 -1 -1 -1 -1 -1 18962 -1 -1 7659 64473 -1 -1 23324 -1 -1 -1 -1 -1 -1 -1 -1 -1 -1 4026 -1 31372 -1 -1 25988 -1 57252 -1 -1 -1 -1 -1 -1 -1 30315 17883 -1 -1 -1 -1 -1 -1 -1 -1 10474 -1
8
1 20 14 18 12
1 15 11 1 11
1 63 2 36 14
0 7 14 73 1
1 57 14 60 10
1 38 11 92 3
0 86 8 40 9
0 56 14 43 5
