100 200
51 32
21 43
65 76
1 11
32 73
29 38
4 21
28 47
2 0
80 61
10 33
81 92
39 33
50 97
24 30
87 92
85 61
62 29
44 82
66 56
40 39
22 12
9 6
56 93
5 56
66 20
65 64
47 60
34 47
18 36
77 82
22 78
87 72
93 98
92 82
86 87
22 30
33 53
18 9
67 32
41 64
53 70
84 55
2 11
75 50
46 60
31 16
16 61
52 93
97 72
62 0
92 69
33 68
32 46
96 94
28 79
46 12
70 84
83 1
13 21
3 25
12 17
1 16
81 16
99 5
29 32
42 35
2 88
33 21
46 20
63 45
40 16
66 71
18 63
2 86
48 41
14 78
90 28
34 45
23 88
8 97
89 14
57 28
99 30
56 55
31 32
28 81
0 74
76 60
33 69
53 19
45 99
45 60
60 71
53 37
56 19
35 31
43 11
87 31
93 41
3 70
96 54
74 37
65 43
92 70
4 99
26 62
70 62
37 18
93 27
30 9
46 45
89 96
27 86
96 79
74 81
9 90
36 70
88 96
55 94
73 22
94 88
22 96
81 23
62 19
12 83
76 29
38 13
20 65
31 1
46 38
28 87
90 53
51 93
90 13
58 46
29 94
82 15
40 48
67 58
67 5
43 45
29 63
59 68
87 84
64 45
60 53
89 99
58 97
86 69
66 14
13 32
56 30
87 35
7 99
53 58
78 79
46 62
36 34
72 60
89 98
86 57
18 56
52 27
36 23
49 13
8 54
65 80
51 76
15 28
59 39
47 19
96 59
24 34
50 73
94 53
93 4
6 0
92 0
80 50
58 80
32 83
25 12
19 92
80 55
97 3
24 25
17 8
57 77
92 15
14 15
54 73
41 31
27 8
22 54
75 17
81 69
27 45
44 3
29 52
-1 -1 -1 -1 -1 -1 -1 -1 -1 -1 -1 -1 59261 -1 -1 -1 -1 -1 -1 -1 -1 -1 -1 -1 -1 -1 -1 -1 -1 -1 -1 -1 -1 36720 -1 -1 -1 3434 15278 -1 -1 36932 -1 32297 -1 -1 -1 -1 -1 -1 -1 -1 -1 -1 569 -1 40623 -1 -1 -1 -1 -1 8970 -1 -1 -1 568 54629 -1 -1 -1 -1 -1 -1 -1 -1 -1 14401 -1 -1 -1 -1 -1 63273 -1 -1 -1 -1 32923 -1 -1 38616 49738 -1 -1 -1 -1 -1 49375 -1
9
1 70 4 47 4
1 9 0 11 3
1 57 10 85 8
1 76 11 82 3
1 57 8 72 9
1 80 7 0 15
0 1 14 25 9
0 33 9 74 3
1 76 6 61 5
