100 200
71 27
34 37
0 86
34 43
98 50
4 94
53 11
5 87
77 84
99 32
16 62
16 61
93 98
5 90
55 0
0 34
46 7
0 21
58 7
82 95
5 70
90 2
4 79
73 31
42 74
18 92
78 88
86 65
84 33
83 99
67 93
14 49
9 76
56 98
76 69
50 93
53 86
26 9
44 19
63 41
33 70
3 77
17 28
57 9
32 66
25 83
16 39
72 39
58 89
72 56
68 40
41 83
92 71
59 46
31 10
0 1
6 80
96 44
46 22
2 71
5 68
85 25
10 76
15 3
76 4
36 1
19 68
49 98
55 15
77 68
2 93
51 11
93 89
26 48
63 9
86 80
65 46
19 99
82 59
88 62
14 52
43 87
57 85
81 37
50 9
25 35
86 50
93 48
38 17
64 1
39 91
22 55
83 30
9 3
3 25
97 14
74 5
13 45
87 98
92 27
16 92
61 69
76 25
66 97
84 23
59 75
1 5
35 60
56 55
6 57
72 75
20 83
62 44
68 28
60 32
56 63
45 38
34 96
29 65
29 71
27 68
77 91
0 91
67 0
1 47
18 37
63 11
38 44
99 21
70 14
95 97
81 57
59 68
27 58
75 36
18 36
65 94
1 94
40 35
17 70
54 92
5 85
88 58
94 81
23 44
78 66
60 43
79 74
24 54
33 3
2 92
61 51
60 71
50 82
33 87
86 47
45 33
86 61
99 39
57 3
11 82
65 93
34 52
81 44
65 50
74 22
13 26
94 9
16 67
44 91
13 44
1 12
66 9
95 17
90 68
73 46
13 42
41 84
22 3
60 41
8 28
27 22
1 53
28 34
72 17
25 24
34 36
25 91
45 85
56 16
80 42
25 96
59 89
97 24
21 27
80 63
12 37
53 21
98 28
0 97
-1 -1 -1 -1 -1 -1 -1 -1 -1 -1 60374 48620 10481 59371 -1 -1 -1 -1 21399 45583 -1 -1 -1 -1 36953 13925 -1 -1 -1 -1 -1 -1 39806 -1 54118 -1 63220 -1 -1 -1 -1 27165 -1 -1 -1 -1 -1 -1 -1 -1 16234 -1 -1 -1 -1 -1 -1 -1 -1 -1 -1 -1 -1 -1 -1 -1 -1 1132 -1 -1 57750 -1 -1 -1 -1 46646 37279 -1 -1 -1 49624 17322 12936 38333 -1 -1 -1 -1 -1 -1 -1 -1 -1 -1 -1 -1 -1 53469 -1 32064
9
1 75 1 91 5
1 86 6 67 14
1 35 3 12 13
1 53 4 18 3
1 40 10 29 9
1 48 8 92 9
0 47 2 35 11
1 26 2 75 13
1 99 6 61 5
