100 200
16 27
50 12
96 86
67 57
25 11
42 56
94 13
62 11
51 5
68 25
93 50
3 49
88 55
81 24
53 58
2 63
51 58
47 82
53 11
98 82
41 68
61 86
43 46
34 51
38 4
8 98
90 94
36 69
87 22
25 90
15 57
41 17
67 80
99 69
16 83
89 43
59 92
35 57
32 58
74 35
6 23
17 98
36 12
83 19
16 28
8 41
99 19
53 9
76 66
70 9
77 66
99 66
17 0
31 21
56 71
39 13
3 25
26 15
26 50
40 19
34 90
27 83
25 81
79 9
65 29
97 11
12 64
25 39
46 61
67 38
27 6
27 77
51 29
44 19
43 66
73 5
46 70
72 48
98 96
34 41
21 14
29 94
8 83
87 62
65 88
24 50
89 72
27 67
5 94
94 87
44 78
72 57
97 7
39 31
60 98
16 13
9 20
94 67
6 7
52 59
71 16
43 92
79 67
11 90
14 55
37 87
23 81
18 33
32 13
60 9
62 5
78 45
51 15
66 97
56 62
32 25
72 75
59 42
66 80
4 16
2 56
81 6
29 58
71 89
65 50
32 54
75 60
26 60
58 55
47 1
64 74
47 88
38 15
53 63
37 98
68 39
84 97
62 25
94 46
29 98
57 52
19 66
13 56
58 12
93 92
42 45
91 60
63 88
18 72
96 30
9 98
30 38
33 47
53 86
59 64
92 96
82 85
54 35
23 91
8 22
57 42
26 86
94 76
58 59
35 36
27 50
28 67
55 37
35 41
4 63
43 56
20 22
36 75
80 34
73 47
91 8
75 15
34 86
69 0
7 61
72 78
91 4
76 5
14 18
83 50
79 27
56 44
1 82
6 43
52 12
37 3
17 79
76 92
5 36
26 82
15 7
33 50
49 86
10 66
52 30
-1 -1 -1 -1 35629 -1 -1 -1 -1 -1 1392 -1 -1 -1 -1 -1 -1 -1 63245 -1 -1 -1 -1 -1 -1 -1 -1 18174 31383 61735 -1 -1 34488 -1 -1 14644 -1 55375 -1 16274 -1 -1 -1 -1 62020 -1 -1 -1 28776 -1 -1 -1 -1 -1 -1 -1 -1 -1 -1 -1 -1 53307 37882 -1 -1 5214 13161 -1 18811 -1 -1 -1 -1 -1 -1 -1 -1 57 31181 -1 -1 -1 -1 18351 -1 -1 -1 -1 -1 -1 -1 -1 -1 46334 -1 -1 -1 -1 -1 7684
9
0 47 15 28 3
1 59 2 77 13
1 30 3 31 10
0 44 3 27 15
0 27 4 57 13
1 58 12 43 11
1 40 15 56 0
1 64 5 94 14
0 83 5 50 0
