100 200
70 58
72 55
45 81
17 35
50 54
31 25
67 85
88 31
10 50
87 18
97 45
1 26
78 34
33 4
9 57
29 79
63 22
26 54
41 67
70 73
52 67
50 2
1 82
94 44
42 2
99 21
91 3
72 6
4 57
53 83
22 20
97 6
70 35
14 92
83 23
15 3
42 44
31 46
12 30
2 49
44 97
14 29
65 91
92 21
79 81
59 58
45 36
53 55
86 82
63 36
28 21
1 78
24 50
3 87
68 79
36 21
66 75
63 29
83 49
26 55
42 6
39 52
79 82
54 43
38 70
27 78
13 43
60 0
70 72
64 77
46 12
37 52
10 3
84 3
58 85
77 23
3 97
7 63
49 30
59 89
20 4
39 20
22 5
91 96
57 39
0 66
35 7
5 13
97 26
38 81
42 72
2 57
53 19
57 50
28 75
2 40
2 73
2 4
98 51
13 18
22 11
12 49
1 25
13 30
15 9
68 73
46 41
45 75
60 55
12 71
59 33
17 76
19 89
1 76
77 69
49 43
8 92
89 79
12 34
86 70
59 93
60 59
15 30
73 94
49 65
16 25
50 70
80 21
62 63
45 79
61 16
69 54
59 17
85 95
51 2
77 90
31 10
87 88
79 94
22 96
45 7
75 6
44 50
58 53
33 17
61 7
53 9
7 21
58 16
26 67
7 40
57 44
80 19
95 70
47 52
29 19
39 94
14 16
23 96
59 70
13 52
91 24
92 28
37 86
60 97
76 61
5 15
73 75
92 97
49 28
74 37
88 52
51 75
18 99
56 41
55 95
48 74
27 38
64 44
96 12
49 10
58 21
45 66
18 1
59 7
95 93
52 12
71 8
87 23
66 70
60 10
60 26
13 85
63 88
63 47
15 31
83 44
64 27
68 5
98 65
-1 -1 -1 4281 7615 29465 -1 -1 48583 -1 -1 -1 -1 -1 -1 -1 6782 -1 -1 -1 -1 -1 37296 -1 19672 -1 -1 -1 1055 -1 -1 -1 -1 -1 -1 -1 -1 -1 -1 -1 -1 46487 -1 -1 -1 -1 7555 -1 23487 28765 16563 -1 -1 -1 -1 -1 -1 62157 -1 25468 -1 -1 -1 -1 6042 -1 -1 -1 -1 -1 -1 -1 15142 50656 -1 -1 -1 -1 -1 -1 -1 -1 -1 -1 -1 -1 -1 -1 -1 -1 -1 -1 -1 -1 -1 4712 -1 -1 -1 -1
10
1 71 11 80 5
1 72 12 43 3
1 39 14 62 14
1 35 10 89 14
0 91 7 56 4
1 17 7 25 8
1 47 4 29 9
1 14 2 56 9
1 37 0 21 8
1 79 12 85 1
