100 200
33 59
82 94
35 6
91 50
63 49
50 11
1 53
57 22
89 14
55 38
50 93
11 29
77 47
40 88
37 94
71 39
91 93
22 76
59 49
89 30
27 1
66 23
42 40
50 3
67 93
28 48
20 15
85 2
9 59
28 27
92 40
92 58
47 61
17 21
82 3
40 86
91 90
25 33
82 95
24 62
74 63
92 6
96 8
0 35
27 80
2 72
1 41
23 17
61 92
16 84
56 25
39 94
33 93
58 68
88 71
88 27
59 51
34 21
57 17
4 74
65 64
28 90
90 60
37 90
17 92
19 50
7 69
83 81
25 51
42 41
68 66
94 41
73 91
88 24
17 49
37 55
33 11
76 24
41 66
19 75
87 71
56 45
7 15
45 59
26 38
42 11
65 42
41 63
70 24
32 47
55 34
76 67
95 33
58 22
24 65
12 39
37 99
58 80
40 59
45 15
94 5
56 41
86 78
92 62
67 24
23 84
63 95
21 24
25 41
96 61
34 23
72 22
9 98
45 2
86 75
66 87
68 59
22 64
4 90
42 19
83 35
76 47
22 61
28 98
48 36
9 30
37 28
9 74
94 47
7 4
27 47
85 31
79 76
37 25
67 0
64 86
52 47
12 56
88 53
12 50
41 87
15 73
50 67
29 69
16 46
29 68
20 23
34 97
16 79
12 38
79 8
76 81
44 85
35 30
15 8
17 13
25 34
45 63
70 21
9 51
82 39
94 89
2 82
50 60
37 29
51 81
91 78
14 7
85 32
94 23
66 76
34 2
62 1
36 44
15 47
28 99
11 90
49 67
66 54
91 1
62 27
74 29
58 78
1 45
32 31
88 61
62 47
39 14
9 25
47 84
1 4
43 81
74 62
72 48
84 15
20 74
88 22
16 35
7 81
3 94
-1 25845 -1 -1 1090 50361 21482 56536 -1 58170 -1 7329 -1 64425 -1 -1 -1 37596 -1 -1 -1 -1 -1 -1 -1 -1 -1 -1 -1 -1 -1 617 -1 -1 -1 -1 -1 -1 -1 -1 -1 -1 -1 50775 27683 52390 -1 9993 -1 -1 -1 -1 -1 -1 -1 -1 -1 -1 -1 -1 -1 -1 -1 -1 -1 -1 32587 -1 -1 -1 -1 -1 -1 -1 -1 52077 -1 -1 -1 -1 20614 -1 -1 -1 -1 -1 -1 -1 10898 -1 -1 -1 45448 15090 -1 -1 -1 25863 50002 -1
10
1 29 2 61 7
1 28 6 18 0
1 79 9 60 4
1 38 15 10 14
0 72 3 5 3
0 8 1 72 11
1 82 8 45 15
1 81 10 71 12
1 20 11 48 1
0 48 2 27 15
