100 200
0 60
57 78
10 6
91 7
75 3
75 39
50 75
50 54
73 83
58 56
74 54
54 63
39 94
85 65
76 42
73 97
52 11
71 25
58 15
58 19
99 98
3 21
11 66
10 31
98 11
38 40
95 79
36 27
47 27
52 67
52 98
28 56
68 29
6 76
80 99
76 56
20 62
79 22
57 97
38 3
81 77
9 66
27 89
85 40
64 27
59 87
21 80
43 23
31 33
99 24
2 4
19 85
79 69
75 57
66 54
20 40
17 4
25 70
72 9
52 59
12 37
9 65
63 57
74 46
72 71
55 15
63 88
64 25
84 26
97 83
89 70
39 99
48 32
68 74
5 87
59 80
49 21
5 8
27 8
28 58
42 38
94 56
92 47
43 84
18 46
69 95
22 20
29 44
2 78
63 39
18 39
80 57
78 21
7 43
78 90
87 38
24 53
82 33
40 36
60 57
8 84
63 29
1 58
80 48
97 77
5 1
93 73
95 1
4 90
2 68
10 48
87 82
94 80
48 58
49 33
28 51
86 55
31 25
70 58
64 12
13 36
24 37
80 69
37 32
3 42
61 67
96 90
59 73
21 81
84 28
42 62
73 76
78 8
75 92
26 97
11 6
10 0
8 90
26 65
68 73
97 75
92 81
14 94
26 33
10 21
17 1
80 96
93 13
71 67
30 88
84 46
36 45
3 88
87 73
78 46
23 36
34 23
4 43
6 86
5 35
32 69
22 25
11 4
27 84
7 48
12 68
2 20
87 29
19 48
19 28
61 78
23 32
3 83
97 4
67 48
97 63
48 81
82 16
28 8
99 87
77 74
39 13
15 51
86 35
21 25
92 44
70 60
23 21
12 54
8 19
63 17
52 60
71 61
12 34
65 15
28 47
39 2
4 79
64 80
55 90
-1 -1 -1 -1 -1 -1 8165 -1 -1 -1 -1 -1 -1 -1 -1 -1 -1 -1 -1 -1 24075 -1 -1 -1 43615 -1 -1 -1 13388 -1 -1 -1 46383 -1 -1 -1 21035 -1 -1 48408 -1 -1 -1 -1 -1 25996 -1 -1 -1 -1 -1 -1 -1 5260 -1 -1 -1 51486 -1 -1 12673 -1 41091 -1 -1 45110 -1 -1 -1 -1 -1 -1 -1 1517 -1 -1 -1 -1 -1 -1 6016 -1 60370 48713 -1 -1 -1 -1 47707 -1 -1 -1 -1 -1 -1 -1 -1 46056 -1 -1
9
1 17 0 27 3
1 83 4 56 6
0 35 3 5 10
0 14 4 74 12
1 61 2 41 7
1 81 0 50 2
0 92 0 54 4
0 72 6 90 4
0 32 2 86 15
