100 200
14 98
68 74
50 30
20 8
71 10
98 99
90 53
59 37
65 73
82 35
78 69
63 2
49 70
28 36
1 27
99 79
29 23
17 27
88 9
95 73
12 44
66 77
22 14
5 64
30 63
20 94
0 77
93 4
6 36
64 41
73 88
8 88
35 78
19 42
66 19
98 66
24 38
96 38
60 3
33 19
86 55
61 79
39 36
42 21
94 46
41 18
25 91
21 77
76 79
32 42
2 83
80 41
84 13
36 4
85 73
85 50
43 96
39 40
15 18
57 79
81 12
61 70
50 69
92 78
86 94
78 85
64 15
19 91
23 45
57 63
45 42
76 27
65 27
94 54
99 56
73 41
38 20
57 32
85 14
94 45
72 42
42 66
60 19
45 91
33 46
66 0
0 12
86 98
47 46
87 56
26 22
27 67
61 67
66 21
51 14
31 39
78 60
42 58
20 41
58 69
2 36
33 14
98 1
65 76
74 78
37 84
33 23
82 32
85 52
4 17
31 43
96 70
86 91
50 61
56 47
9 41
3 78
27 32
91 89
0 20
34 12
15 51
38 29
20 7
92 70
23 19
42 69
93 15
37 61
74 52
79 69
31 19
1 38
83 17
80 54
83 24
69 22
85 82
5 4
56 72
35 69
84 58
10 62
22 28
70 68
60 28
95 47
1 25
12 48
56 75
44 17
52 81
65 93
25 55
61 13
67 16
50 10
5 86
97 25
41 69
92 16
59 99
97 43
86 42
44 96
76 53
52 38
30 43
88 5
30 62
18 11
68 39
13 90
44 95
22 56
37 77
9 44
54 19
37 78
3 87
99 10
72 70
47 90
81 46
92 49
84 46
17 91
12 36
31 67
6 58
12 7
19 14
70 67
92 29
31 6
54 37
34 92
61 87
89 39
1 66
-1 -1 60226 -1 -1 -1 14301 19473 -1 -1 -1 -1 62253 -1 -1 25992 -1 -1 -1 16417 -1 61439 -1 -1 -1 55350 -1 -1 -1 -1 -1 -1 -1 -1 -1 -1 -1 -1 -1 48541 36875 -1 -1 -1 -1 -1 -1 -1 -1 -1 35406 -1 -1 30832 -1 11204 -1 -1 -1 61558 -1 -1 -1 -1 -1 -1 31519 -1 12255 -1 50916 -1 63684 -1 22575 -1 -1 -1 -1 -1 -1 -1 -1 -1 9216 58280 -1 55384 -1 9965 -1 -1 -1 -1 -1 -1 -1 -1 -1 -1
9
0 7 13 5 6
1 44 1 44 9
1 70 3 75 15
1 56 14 17 2
1 56 7 81 1
1 88 12 24 15
1 92 13 34 6
0 45 2 88 8
1 16 5 52 14
