100 200
21 17
91 6
39 56
95 76
21 71
44 72
4 28
87 95
46 4
75 21
21 9
95 16
89 98
94 81
23 39
18 10
82 35
63 54
97 73
34 16
57 38
14 56
37 63
77 91
58 74
47 34
76 72
30 72
27 67
24 7
24 21
76 9
9 8
31 66
63 89
36 46
9 56
81 1
35 83
37 30
89 38
84 91
7 75
37 81
38 28
25 13
80 69
56 22
46 47
63 57
50 76
42 40
69 96
62 59
15 68
70 17
9 92
97 0
26 74
1 18
65 0
84 30
2 60
44 91
60 79
47 78
34 96
30 66
65 85
86 45
75 78
31 29
79 26
97 42
50 63
36 89
58 71
61 53
96 14
42 74
77 80
79 82
11 9
8 35
88 11
6 52
86 52
52 9
50 27
20 26
57 13
86 12
22 64
47 39
97 17
55 77
68 64
2 30
83 40
60 39
52 63
87 83
88 55
75 0
71 36
62 57
74 12
29 34
17 57
76 43
41 23
17 68
44 90
52 0
85 38
1 52
30 53
19 4
73 7
83 58
72 45
37 85
46 93
45 53
20 30
30 54
59 35
3 90
11 33
67 77
39 48
48 21
75 53
99 72
39 74
64 71
2 12
68 21
70 1
43 19
26 78
99 24
14 39
44 43
49 75
50 37
48 7
71 41
53 54
69 34
39 87
55 12
39 44
53 12
53 10
32 31
49 5
62 97
69 6
90 86
86 37
24 44
50 47
73 71
60 10
70 74
82 38
66 68
86 69
65 22
35 74
34 56
94 67
46 94
79 13
79 72
88 16
97 36
94 0
32 37
6 98
88 33
4 69
41 75
8 44
85 8
41 56
27 26
68 89
83 74
98 97
63 6
75 62
89 20
52 33
26 51
63 76
75 80
5 39
8 20
-1 -1 -1 -1 -1 43149 48615 -1 -1 49056 59976 -1 -1 -1 -1 -1 -1 -1 -1 -1 -1 -1 -1 -1 -1 -1 -1 45265 35936 36659 63088 -1 -1 23552 -1 -1 -1 -1 -1 -1 -1 -1 -1 -1 -1 -1 -1 -1 -1 -1 -1 32326 -1 -1 21975 -1 -1 -1 -1 -1 -1 -1 45780 -1 -1 3461 -1 -1 -1 -1 58920 5933 -1 -1 17068 -1 -1 -1 -1 -1 -1 -1 -1 -1 -1 -1 -1 47169 -1 -1 -1 -1 4212 -1 -1 -1 -1 -1 -1 -1
9
1 49 8 38 3
0 2 0 38 2
0 53 2 51 6
0 56 11 12 10
1 80 0 85 2
1 53 3 11 11
1 58 11 22 1
1 43 15 94 14
1 79 6 48 13
