100 200
71 3
65 54
88 30
54 48
20 30
74 96
90 64
39 25
55 76
80 27
90 86
12 6
75 56
25 92
70 84
96 90
13 27
40 1
18 6
36 16
70 25
42 18
31 94
36 59
38 13
21 60
88 94
25 17
48 50
43 84
41 6
68 57
74 22
50 86
72 18
49 0
11 3
99 48
79 98
26 83
73 29
2 74
21 92
65 9
97 74
9 60
19 13
63 89
94 87
61 26
3 16
23 95
54 25
56 97
48 14
65 21
55 31
65 45
59 81
79 66
76 97
81 51
36 33
0 6
19 9
55 39
60 50
72 84
16 15
37 21
41 11
9 20
56 33
58 79
55 30
58 23
62 27
7 60
22 62
59 48
45 26
24 16
0 43
82 62
44 46
18 34
13 49
57 22
63 11
6 4
92 72
92 35
43 28
99 32
12 36
45 98
4 66
55 9
9 1
96 94
18 14
47 49
39 68
55 24
90 87
96 85
86 6
23 53
50 0
9 67
67 47
40 99
21 78
29 43
28 20
81 52
36 98
14 95
68 84
82 19
32 78
5 87
51 96
71 40
10 92
48 36
42 67
45 2
31 33
13 92
83 14
71 67
74 59
94 79
38 50
12 63
23 52
60 1
1 16
70 88
40 10
54 37
51 84
88 32
97 15
33 71
61 10
63 0
48 12
89 69
22 80
32 94
84 82
44 47
87 82
37 3
10 23
65 90
62 6
27 41
33 97
90 89
48 16
81 46
27 7
93 46
76 45
61 97
3 20
97 68
77 81
60 93
10 11
82 38
38 80
82 42
14 11
6 9
36 24
4 28
35 60
68 82
88 20
85 81
61 50
8 44
39 80
90 60
50 36
49 90
68 36
98 59
92 40
89 34
41 77
21 93
29 91
48 94
67 10
85 87
15832 57511 -1 -1 -1 -1 -1 -1 -1 -1 22634 -1 -1 36355 -1 -1 -1 -1 -1 -1 -1 -1 -1 -1 18387 -1 -1 21305 27168 37505 -1 -1 34798 -1 -1 -1 31795 -1 -1 -1 -1 30634 -1 -1 -1 56279 -1 24852 -1 -1 -1 -1 -1 56788 -1 -1 -1 -1 -1 -1 62950 -1 -1 52499 -1 11039 -1 -1 -1 -1 -1 -1 -1 -1 -1 -1 -1 -1 -1 -1 -1 -1 -1 -1 -1 -1 15862 -1 -1 6360 -1 -1 -1 -1 -1 -1 -1 33417 -1 -1
10
1 23 0 85 13
1 91 9 36 3
0 58 2 40 12
0 40 5 9 15
1 68 15 99 1
0 29 9 1 11
1 78 12 64 9
1 47 12 75 2
1 31 0 47 10
1 67 2 31 8
