100 200
97 60
55 62
99 5
39 92
78 50
43 64
69 82
84 78
72 91
16 5
14 77
12 18
91 92
30 90
86 54
84 3
23 93
44 99
51 84
12 87
39 0
6 57
89 17
63 36
25 12
75 90
27 72
24 28
84 40
85 72
71 54
46 66
1 4
18 75
89 53
97 93
69 27
54 2
11 93
95 9
43 52
21 62
81 45
35 60
64 52
46 55
94 51
96 50
25 20
66 48
47 12
21 53
80 9
8 72
25 67
58 0
29 45
34 49
26 30
30 62
90 8
75 30
81 61
11 16
89 71
2 82
86 49
44 70
32 71
79 46
24 89
73 51
50 60
51 28
31 41
64 63
30 83
91 28
66 96
57 74
86 10
37 99
8 63
37 36
91 19
40 57
61 54
43 44
29 51
70 4
47 90
83 33
19 54
89 5
43 9
44 9
95 47
69 48
79 84
10 85
30 3
11 85
73 28
85 39
61 32
18 88
53 28
47 84
33 26
34 78
84 14
35 69
39 52
8 71
46 38
11 8
32 21
35 48
60 61
1 55
93 21
64 94
15 28
38 74
32 22
62 15
20 67
10 41
18 14
13 42
51 36
53 35
95 17
96 45
67 41
37 75
15 83
71 20
20 43
52 97
39 22
7 74
27 21
63 30
7 65
72 83
15 76
73 67
33 47
52 98
44 96
22 10
40 33
50 1
24 47
46 52
21 49
96 19
55 59
58 6
34 39
5 62
81 16
81 62
2 57
16 84
33 32
29 67
42 16
41 66
15 91
84 83
38 48
87 15
36 54
6 10
69 79
49 0
81 30
84 44
11 47
63 75
60 26
70 10
38 18
80 61
13 84
35 59
52 33
29 60
33 60
92 43
98 89
75 21
60 4
0 86
11 6
48 72
20 51
71 43
-1 61201 -1 -1 -1 13465 -1 -1 -1 -1 -1 64979 39434 -1 -1 -1 -1 -1 -1 -1 -1 -1 -1 -1 -1 -1 -1 47818 42926 -1 -1 -1 -1 -1 -1 -1 -1 -1 -1 -1 -1 -1 -1 -1 -1 -1 -1 -1 -1 -1 -1 -1 -1 -1 -1 26294 -1 -1 58841 -1 8033 -1 -1 -1 -1 58061 -1 -1 -1 -1 -1 -1 -1 -1 -1 32366 -1 -1 162 -1 45100 -1 47602 -1 -1 61039 -1 59225 -1 -1 5269 -1 50886 -1 -1 -1 -1 -1 -1 -1
8
0 7 9 83 12
1 1 12 7 0
0 12 3 71 8
1 17 15 87 7
1 54 7 51 7
1 61 3 99 9
1 66 4 10 2
0 10 12 80 10
