100 200
57 65
57 17
75 22
48 17
84 25
46 88
88 29
19 98
27 52
7 28
45 55
84 46
42 78
73 76
68 3
14 56
10 98
29 7
27 17
27 14
79 51
56 52
85 83
13 89
96 6
25 41
51 96
75 50
47 64
57 4
21 76
88 30
73 2
14 80
47 69
27 45
43 95
69 49
72 73
93 87
77 86
25 29
91 26
85 53
95 74
72 20
43 61
67 34
15 41
96 11
84 71
5 8
12 64
69 80
95 8
65 15
80 20
93 47
12 71
97 71
5 80
2 31
90 18
31 55
43 96
95 83
1 51
36 27
24 32
24 28
27 18
8 52
7 99
4 83
8 71
93 84
12 70
93 8
28 59
44 73
16 33
24 84
51 5
12 29
85 35
46 71
11 6
18 9
86 57
30 64
89 76
69 97
30 58
53 95
32 78
66 32
12 44
13 50
64 63
98 40
34 98
70 15
59 86
22 87
73 28
80 94
74 97
66 30
41 66
82 27
89 0
53 21
72 97
36 84
31 97
55 66
24 76
91 66
39 36
2 75
40 20
12 40
9 56
64 43
84 61
90 27
41 88
55 57
46 92
1 5
2 98
28 81
21 1
95 96
87 6
22 77
73 8
65 69
4 54
70 79
26 78
40 93
84 30
15 93
5 60
78 29
55 28
39 46
9 68
9 86
39 97
3 51
91 2
75 93
24 72
11 16
63 6
6 40
50 59
50 10
69 39
92 3
60 54
30 90
2 94
53 31
79 22
26 60
81 29
63 96
8 24
31 65
47 91
34 84
66 61
12 11
87 95
78 44
91 62
70 68
68 55
25 69
31 29
54 34
57 29
84 86
51 85
69 9
74 77
33 37
11 57
21 78
70 45
82 74
64 56
50 56
6 89
87 88
16 6
63 34
-1 -1 -1 5864 29221 -1 -1 -1 -1 -1 -1 -1 -1 -1 -1 -1 -1 39891 -1 -1 -1 -1 18534 -1 -1 -1 -1 -1 -1 -1 -1 -1 -1 -1 -1 -1 -1 -1 -1 -1 -1 -1 -1 -1 -1 -1 -1 -1 -1 -1 -1 -1 26480 -1 -1 -1 -1 10228 60500 -1 -1 -1 -1 635 -1 -1 -1 32602 -1 -1 -1 -1 -1 -1 38297 -1 -1 -1 -1 -1 -1 -1 -1 -1 31781 64300 -1 36616 -1 -1 -1 -1 -1 -1 -1 -1 -1 6788 5958 60265
2
0 42 9 60 7
0 25 12 57 13
