500 2000
413 160
169 292
403 377
380 491
146 109
423 303
376 356
407 414
174 205
309 368
63 421
117 372
207 38
144 116
175 342
252 484
296 349
74 481
392 186
459 12
492 472
410 82
293 114
363 183
118 153
95 250
161 33
125 100
162 103
294 498
124 283
185 425
323 260
60 46
193 210
244 256
444 394
185 490
381 151
332 21
239 211
136 393
470 455
376 92
331 34
381 147
145 58
363 92
298 397
122 282
154 378
479 276
43 281
463 455
468 183
157 244
444 448
11 272
444 372
281 349
421 338
487 259
377 107
75 492
388 367
63 368
216 286
494 166
263 363
441 247
87 125
461 142
220 398
121 430
151 366
266 300
184 75
180 0
52 226
171 107
163 281
476 381
195 28
269 311
364 112
382 457
222 472
347 249
195 242
439 199
191 328
330 231
317 431
6 289
241 301
291 57
197 46
467 177
40 350
377 7
90 185
414 136
465 277
372 75
150 137
444 130
143 257
448 397
10 33
351 269
8 364
408 229
151 403
11 102
3 180
468 492
222 315
387 110
274 404
260 118
421 143
159 135
92 73
493 108
285 241
178 429
383 260
210 326
104 417
264 496
370 291
332 210
311 215
173 469
338 185
270 316
377 266
342 389
216 351
142 329
120 403
137 293
141 325
215 374
56 133
15 273
379 412
331 361
411 149
418 342
97 222
155 234
312 46
26 372
401 443
105 351
266 440
405 484
134 291
282 469
217 325
486 191
102 96
496 7
319 59
16 226
211 238
255 91
79 494
144 390
74 495
468 210
462 176
281 319
268 470
132 261
389 410
236 357
253 125
188 357
166 367
98 325
420 40
258 250
4 283
35 175
174 317
311 248
434 462
420 347
449 14
181 370
363 218
424 23
373 283
320 373
190 348
391 28
24 38
67 444
265 375
143 166
210 489
154 206
136 260
421 485
144 234
82 258
321 107
232 221
13 4
160 362
158 25
347 151
440 377
476 485
426 114
205 253
270 345
196 173
401 199
103 215
119 497
171 326
488 264
172 350
140 430
286 200
180 175
396 65
475 74
73 494
330 355
426 7
50 183
53 218
402 428
432 273
170 158
214 57
138 247
336 89
283 406
285 226
288 415
83 196
262 357
453 81
42 439
157 24
455 297
204 171
296 279
37 472
77 32
309 258
82 13
346 408
357 477
392 416
299 79
454 266
315 286
183 386
24 8
354 58
128 220
488 91
93 341
150 346
489 396
179 427
397 118
107 394
351 44
309 466
115 157
310 149
455 10
287 98
304 365
432 435
91 379
374 244
299 304
370 420
1 458
415 478
119 208
274 74
153 16
161 401
156 354
487 241
86 196
328 1
288 488
494 18
154 403
119 409
201 377
146 150
416 147
273 137
224 426
362 207
258 50
185 17
177 294
190 238
228 36
264 120
491 124
386 238
222 494
401 70
27 134
251 204
0 347
30 351
437 195
110 20
215 387
179 426
366 381
37 331
132 36
498 437
306 187
459 358
311 455
91 50
64 439
119 62
38 102
482 384
452 207
145 22
189 192
447 96
407 286
215 192
8 460
208 322
449 36
313 346
339 416
270 416
246 455
393 60
351 480
368 45
105 356
373 417
222 235
130 297
27 266
136 9
123 419
325 385
86 143
404 262
213 455
16 35
212 39
253 95
413 8
283 184
283 219
106 473
422 200
251 172
123 354
21 260
0 414
276 370
137 323
9 354
92 52
413 277
100 223
303 389
290 203
236 33
487 65
408 482
491 438
25 76
318 153
193 119
210 283
166 338
36 89
294 389
60 379
208 4
122 203
412 58
28 41
466 366
383 361
178 358
206 182
307 285
47 2
137 75
300 33
407 438
287 478
355 127
207 5
117 488
216 203
49 1
457 41
171 250
377 132
231 222
327 340
477 302
76 496
356 146
221 457
487 83
281 110
158 166
460 262
184 29
406 499
352 116
83 352
272 20
186 400
7 42
496 124
133 245
324 176
248 317
447 351
61 352
198 49
200 336
85 189
205 12
1 129
286 256
358 276
213 10
9 77
119 430
225 107
208 157
258 453
28 308
53 129
386 382
427 81
53 273
463 414
437 206
182 186
12 393
320 291
366 494
65 352
44 196
103 23
429 118
117 73
490 75
357 372
459 422
488 148
33 237
66 148
328 127
32 293
244 418
243 421
293 220
250 472
235 161
139 38
399 408
213 120
354 106
437 352
251 483
489 490
94 468
226 174
101 354
27 456
342 200
59 497
357 162
459 9
344 42
52 257
104 13
353 115
6 113
369 268
257 280
108 122
68 159
11 179
408 204
51 400
410 371
187 220
77 245
208 25
248 104
359 42
54 341
178 3
403 278
2 383
409 175
108 263
203 252
199 110
477 140
460 343
131 247
338 326
42 425
202 488
226 290
406 399
173 207
110 73
286 468
222 186
140 63
222 44
495 494
300 422
406 435
457 196
74 349
491 102
68 151
475 195
64 264
448 327
427 493
170 331
263 447
355 356
238 129
288 195
229 67
208 445
305 22
138 290
59 365
73 484
198 58
440 251
33 51
30 417
180 370
328 455
467 307
207 460
371 67
25 389
417 52
328 314
177 382
341 59
384 423
479 144
190 157
448 91
110 78
194 321
220 271
473 368
402 361
452 91
494 156
264 141
338 239
69 322
482 302
166 160
181 416
449 287
22 409
353 10
262 344
14 32
211 183
3 430
419 5
322 487
80 243
192 190
265 95
64 227
14 62
282 67
84 350
380 128
432 321
432 3
96 464
87 464
183 21
151 166
103 319
67 226
28 462
318 367
219 398
386 179
489 478
389 8
44 183
396 190
285 122
311 65
388 183
341 145
285 311
261 167
362 83
125 242
144 253
473 457
73 103
365 203
136 497
425 498
466 409
65 358
274 341
153 268
265 271
274 320
125 224
169 44
297 384
277 436
476 1
24 286
368 35
42 53
420 8
188 38
382 270
25 99
297 470
9 492
289 326
414 302
146 44
475 171
175 325
284 95
226 411
53 316
111 58
75 147
48 440
5 275
358 461
285 56
39 262
206 445
207 82
399 45
375 80
308 151
95 167
129 413
260 392
127 269
489 403
96 85
12 387
256 63
459 226
21 300
47 32
53 389
232 204
390 178
264 338
496 311
61 198
434 268
335 44
297 407
298 225
326 262
377 24
207 320
258 86
40 443
53 433
291 205
303 281
423 482
391 444
398 69
82 486
273 462
192 417
278 33
137 308
155 313
201 444
96 141
68 191
433 145
267 133
199 120
326 45
445 40
302 93
259 205
108 394
421 490
483 73
25 279
420 47
81 353
93 479
25 90
175 449
130 249
430 377
451 208
69 159
129 325
298 371
43 314
436 314
20 363
36 335
295 299
286 152
157 32
239 337
154 411
314 48
378 145
84 315
124 396
394 23
204 76
451 244
324 458
247 318
336 236
481 128
187 74
269 242
487 167
195 307
25 302
77 434
210 361
170 321
78 49
139 257
42 95
250 58
307 13
8 87
445 117
342 283
26 124
394 340
332 243
246 157
244 8
395 189
178 320
392 82
276 495
228 370
200 261
258 155
198 116
380 440
79 368
353 239
419 317
45 206
334 303
8 287
357 141
80 237
467 93
329 225
41 360
18 363
323 325
290 86
94 366
298 104
365 391
337 78
168 474
334 5
451 359
43 104
88 284
30 496
207 203
338 158
368 497
245 474
89 101
124 10
67 450
28 449
138 115
45 101
164 437
90 82
409 225
164 207
462 474
56 298
290 294
75 286
330 202
26 60
138 248
120 15
163 99
97 4
297 482
126 425
51 369
410 384
27 234
309 122
170 168
4 170
173 366
171 340
270 359
59 231
279 311
250 477
59 394
195 56
137 13
381 102
66 446
413 10
493 55
275 13
130 224
347 54
307 213
348 53
428 114
153 7
258 289
144 212
318 425
499 171
305 411
1 374
446 13
20 209
493 454
476 422
389 35
226 308
119 401
294 469
207 243
102 132
422 124
259 368
369 270
254 483
104 133
460 95
387 390
235 303
383 109
465 94
78 34
193 190
368 147
386 118
332 398
193 20
327 410
169 311
359 438
368 294
415 432
232 289
446 90
371 251
291 486
135 41
69 282
77 94
423 243
19 111
237 485
225 289
406 0
329 24
393 254
412 173
379 125
322 158
203 482
137 158
459 112
455 319
326 168
228 237
95 398
430 229
438 231
247 180
81 77
60 196
224 282
78 421
279 338
180 226
267 457
348 73
189 443
283 191
392 307
173 38
468 387
138 96
151 217
435 168
450 56
435 83
405 366
216 110
213 112
327 139
476 231
372 462
499 66
150 272
231 221
103 31
355 215
362 233
152 54
117 310
167 317
126 483
296 259
271 320
413 230
264 51
429 126
324 132
0 122
52 189
81 488
40 364
116 368
354 51
100 436
115 274
406 364
101 424
395 425
335 174
68 310
117 325
334 106
75 327
72 139
103 240
208 190
412 371
13 97
138 475
310 239
396 343
427 176
175 46
153 94
98 153
38 448
202 325
3 193
417 237
403 180
192 198
61 318
266 366
165 177
9 487
351 359
186 338
431 71
122 449
231 273
426 174
42 262
41 226
150 87
464 460
294 4
481 174
352 497
38 284
293 188
362 89
59 35
392 460
382 196
440 97
131 133
260 193
326 433
113 386
163 199
131 72
404 203
447 121
316 182
118 396
422 419
318 474
453 125
45 9
214 210
16 26
281 210
446 224
172 324
427 320
309 35
495 310
31 18
108 76
81 389
180 348
269 28
94 422
118 254
178 61
480 453
33 393
142 442
342 269
292 371
117 363
211 235
306 303
148 281
272 203
170 278
28 201
355 361
315 130
255 327
429 240
437 189
218 325
78 424
162 370
52 287
369 410
311 394
223 216
26 445
79 492
217 18
323 139
482 175
147 398
313 218
3 424
95 323
478 429
100 92
177 14
28 483
31 82
334 443
100 68
26 446
407 81
71 345
475 137
453 430
433 425
197 414
297 360
432 367
164 319
325 4
111 113
322 18
236 298
223 61
41 272
430 35
48 154
310 343
381 109
394 322
376 69
59 79
134 153
271 133
270 301
457 156
132 62
170 422
82 68
206 440
41 211
210 124
156 218
117 89
225 97
483 5
188 272
476 316
23 418
56 116
174 396
483 22
368 253
88 8
479 384
436 451
471 239
181 148
295 385
14 187
132 337
435 296
150 350
400 455
322 47
478 493
201 84
318 303
215 412
75 215
32 321
339 168
310 46
262 388
327 27
210 443
271 43
1 257
430 466
365 123
200 294
282 401
363 36
76 154
267 472
143 384
456 310
457 286
41 82
281 213
276 72
64 289
130 35
246 222
115 487
4 33
143 154
125 417
412 300
196 152
290 62
306 77
238 110
142 233
155 402
378 301
456 108
158 156
390 126
0 339
28 365
479 436
111 278
420 85
92 430
133 169
402 490
429 8
124 300
464 82
96 494
496 491
164 81
248 158
317 195
286 310
238 176
130 226
413 431
442 44
256 268
228 99
99 9
72 353
272 459
397 201
285 205
143 291
79 145
198 191
241 338
143 85
374 150
493 348
252 24
388 249
30 190
153 87
226 10
354 117
446 464
239 129
170 60
29 95
371 237
485 413
96 86
118 304
93 111
103 206
25 410
451 52
228 84
356 155
297 443
156 228
118 8
425 186
7 365
172 140
318 231
178 6
235 198
98 97
209 440
405 197
343 467
141 272
451 194
479 215
338 325
124 240
23 366
93 462
435 97
486 22
22 330
398 223
53 205
72 269
8 486
337 229
158 86
396 63
51 188
46 229
378 78
12 122
271 238
90 223
448 181
75 360
260 87
472 61
118 436
444 487
304 217
319 135
286 356
142 490
337 406
293 294
221 483
13 488
455 159
337 44
239 135
225 495
403 317
244 54
130 432
47 499
113 442
201 394
498 248
215 328
95 69
400 42
314 346
425 400
229 54
39 450
123 253
249 368
475 238
442 337
135 9
75 359
371 16
71 255
262 132
290 429
222 229
211 181
264 398
45 444
69 137
203 386
47 392
98 280
51 353
41 43
23 269
406 324
397 53
207 399
207 306
102 120
9 10
50 62
35 257
432 4
149 69
18 285
68 72
445 21
299 115
238 82
450 264
130 177
191 261
180 48
129 205
5 225
293 63
322 175
492 302
122 498
156 71
373 362
116 362
303 413
12 372
367 276
257 29
333 277
123 276
499 223
194 55
292 429
221 377
456 436
409 394
393 112
383 58
228 168
195 364
76 450
253 250
161 339
23 232
268 239
91 241
211 349
236 278
17 46
51 12
473 440
381 478
89 204
220 474
207 482
483 485
182 6
478 144
273 384
102 140
434 344
74 258
413 344
348 367
157 215
370 219
291 238
372 124
284 235
99 254
160 6
154 268
139 407
30 364
71 427
305 212
1 242
125 50
308 309
369 353
160 437
359 314
5 349
193 458
181 36
174 184
118 35
1 54
298 80
269 171
407 231
208 105
137 152
273 408
486 264
140 468
354 327
485 356
212 231
103 63
131 478
31 249
280 130
97 348
308 429
468 300
155 417
51 462
121 445
306 49
468 287
12 177
459 192
402 470
390 442
87 305
28 284
131 468
393 436
49 88
279 210
45 105
86 125
244 3
106 112
232 281
17 345
447 269
112 201
237 40
397 10
326 439
0 220
224 494
405 324
453 452
210 453
126 388
366 7
292 34
398 94
467 248
18 416
119 257
229 95
276 475
257 482
176 371
25 330
76 317
184 89
22 354
365 187
124 62
304 235
176 29
76 115
439 95
285 144
493 424
27 386
481 288
415 141
381 473
111 13
453 248
377 33
459 54
30 319
14 139
375 393
154 19
374 109
453 189
420 330
331 84
201 343
435 360
87 79
168 451
436 465
165 346
197 133
91 155
35 302
388 235
111 169
193 117
131 279
224 240
197 263
401 265
179 466
485 26
359 303
400 413
145 120
128 478
380 4
360 138
396 241
35 433
438 199
439 168
7 251
394 326
328 58
493 26
489 445
457 101
400 6
344 188
418 269
433 488
104 374
189 129
283 399
26 391
167 315
381 283
409 366
267 29
1 112
116 142
482 393
245 348
60 197
116 327
175 339
158 245
458 206
305 252
32 173
392 402
72 44
326 312
73 421
23 446
293 364
355 90
68 346
432 458
406 192
332 424
341 133
77 209
341 416
92 474
159 99
399 77
6 7
259 218
8 272
1 46
294 175
268 332
68 419
397 119
425 335
296 211
164 200
285 211
142 447
21 379
22 155
367 44
306 141
490 238
293 354
67 252
360 304
419 389
182 438
423 487
334 248
35 221
51 215
77 388
414 31
285 384
369 14
56 465
1 434
258 48
361 37
210 76
82 116
317 263
251 413
377 378
272 402
378 319
90 397
485 454
157 335
111 129
473 53
298 0
392 1
151 127
337 162
333 384
363 145
239 381
259 485
232 99
70 97
387 424
165 282
311 457
75 110
16 198
18 44
219 357
92 372
271 63
464 341
481 428
470 265
76 448
494 85
290 343
16 491
106 260
290 38
299 364
326 327
97 120
331 172
97 211
139 390
118 182
225 35
211 130
386 148
454 453
197 446
55 104
62 478
334 191
277 117
338 175
409 315
341 496
185 189
148 142
195 284
415 184
222 255
376 423
49 30
242 394
384 450
315 280
452 79
71 199
81 256
411 279
225 122
292 159
305 440
319 110
67 92
250 257
409 446
441 340
57 20
349 16
331 248
320 219
141 419
136 222
82 200
306 327
160 157
136 343
423 80
114 191
162 176
4 484
209 81
2 193
162 125
116 221
235 354
152 74
74 149
210 58
23 176
108 286
117 400
438 468
126 229
65 420
414 68
274 358
25 328
458 161
17 263
295 188
498 208
165 438
377 368
327 54
204 497
343 62
447 428
383 430
205 338
228 230
497 453
352 347
386 377
493 480
403 474
247 69
57 343
305 396
86 365
296 68
40 21
454 291
13 23
448 253
181 336
214 80
266 67
155 355
57 483
196 324
473 331
460 93
320 108
492 164
490 290
253 365
260 18
287 257
25 395
76 302
86 18
251 326
24 368
75 114
365 462
139 274
223 410
288 72
165 413
38 361
13 63
420 184
180 437
310 40
442 29
257 481
428 345
115 19
62 74
298 230
53 118
6 216
373 75
219 73
248 489
481 140
163 35
415 336
385 145
357 170
480 396
90 88
29 219
461 357
142 128
394 269
248 44
183 372
213 327
356 2
61 344
356 32
50 247
273 206
412 388
253 488
259 226
278 182
328 125
126 248
281 191
388 33
204 298
267 487
278 292
400 171
59 154
8 83
354 464
470 144
118 169
291 387
326 39
67 275
17 213
5 316
409 28
58 88
429 232
180 279
480 374
294 46
424 68
14 312
73 368
469 126
21 267
109 155
356 127
283 46
406 239
150 420
150 30
142 214
54 14
231 328
11 290
175 370
295 82
67 215
470 399
333 78
72 219
70 134
0 104
480 228
143 395
337 156
67 265
88 85
295 249
186 265
178 392
422 468
165 171
421 11
157 388
141 247
374 49
128 411
32 333
4 60
164 430
465 44
342 67
197 132
347 426
241 244
50 288
294 44
349 327
411 388
348 83
62 166
203 452
250 392
137 192
250 64
423 115
453 470
20 270
459 407
126 495
143 242
61 22
257 491
172 484
264 32
459 454
289 17
150 211
454 132
248 117
209 47
455 107
51 14
264 125
350 472
96 17
241 11
33 355
414 330
316 13
347 485
385 352
58 277
236 190
37 65
99 379
377 78
370 152
422 31
27 375
184 435
324 100
383 154
76 28
464 421
130 66
110 294
252 397
373 186
21 55
56 436
449 126
418 349
440 442
170 73
480 368
471 172
357 471
298 315
4 262
443 260
198 240
125 420
76 192
396 295
153 270
168 126
72 317
346 425
86 452
243 47
174 354
309 178
316 296
163 219
439 148
118 282
254 378
35 287
268 31
32 210
23 226
346 338
451 118
75 48
120 465
113 424
306 3
18 481
414 484
89 358
-1 -1 -1 -1 16697 -1 -1 -1 -1 -1 -1 -1 -1 62453 -1 -1 -1 -1 -1 -1 14841 -1 -1 -1 -1 -1 -1 -1 58852 -1 -1 -1 58674 -1 -1 -1 -1 -1 -1 -1 62618 -1 -1 -1 -1 47503 -1 -1 -1 -1 -1 60633 -1 8506 -1 -1 -1 10365 -1 -1 -1 -1 61258 52291 -1 -1 -1 -1 -1 -1 -1 44810 -1 -1 -1 -1 -1 17309 43521 -1 -1 -1 44026 56826 -1 -1 -1 -1 -1 -1 45103 -1 2014 -1 25898 -1 -1 48904 -1 -1 -1 -1 -1 -1 -1 22088 29356 -1 -1 -1 47203 -1 -1 -1 57311 -1 -1 59697 -1 -1 -1 -1 -1 657 -1 -1 -1 -1 -1 -1 -1 -1 -1 -1 -1 -1 -1 15182 -1 19734 41459 -1 -1 -1 11377 -1 -1 -1 -1 -1 -1 -1 -1 15275 23918 -1 -1 -1 -1 -1 -1 -1 -1 17522 -1 -1 27741 28822 -1 4379 -1 -1 2501 -1 -1 -1 22825 13469 12300 -1 -1 -1 -1 -1 -1 -1 -1 -1 -1 -1 -1 -1 -1 -1 -1 -1 -1 -1 16202 -1 3686 -1 -1 -1 -1 -1 -1 -1 -1 -1 -1 -1 -1 -1 -1 12734 15642 -1 -1 -1 36245 -1 -1 -1 -1 -1 -1 -1 11711 -1 -1 -1 -1 -1 -1 -1 -1 21086 24747 -1 -1 2026 3928 -1 -1 -1 -1 -1 9264 -1 -1 23140 -1 -1 54830 -1 -1 -1 -1 10835 -1 -1 35349 -1 -1 632 -1 -1 -1 6357 34186 -1 -1 -1 -1 -1 -1 -1 -1 -1 -1 -1 -1 -1 -1 -1 -1 -1 -1 -1 15085 -1 -1 -1 -1 -1 -1 10798 -1 -1 -1 -1 -1 -1 -1 -1 -1 -1 -1 28417 -1 -1 -1 -1 -1 -1 17070 58231 -1 11692 57460 -1 -1 59918 -1 49256 -1 -1 -1 20696 -1 -1 -1 -1 41618 -1 61061 -1 -1 -1 -1 -1 -1 -1 18508 -1 -1 -1 -1 16482 -1 -1 -1 -1 -1 -1 -1 34548 -1 -1 4483 30998 14770 -1 31227 3192 56092 -1 -1 -1 -1 -1 -1 -1 -1 61146 13436 -1 -1 -1 -1 -1 -1 -1 -1 37292 23808 -1 -1 19033 -1 -1 32543 57977 -1 -1 -1 -1 -1 -1 -1 -1 -1 -1 -1 -1 -1 -1 35092 -1 -1 -1 -1 -1 -1 -1 55754 -1 -1 -1 -1 -1 -1 -1 59938 -1 -1 -1 3160 -1 -1 64778 4097 -1 51175 -1 -1 -1 -1 -1 -1 15362 -1 42131 47227 -1 -1 -1 -1 63047 -1 -1 -1 -1 31738 40304 32204 -1 -1 -1 -1 64019 -1 -1 -1 -1 -1 -1 -1 55353 -1 -1 -1 -1 13394 26526 44649 -1 38570 -1 -1 -1 -1 -1 6991 -1 -1 26018 -1 49442 -1 -1 33889 -1 -1 -1 -1 -1 54773 -1
7
0 242 3 13 3
1 204 13 482 3
1 405 4 434 2
1 326 14 34 8
1 365 9 0 9
1 278 13 312 12
1 356 9 91 7
