500 2000
342 354
195 64
224 493
24 410
29 74
427 284
34 392
290 405
244 255
280 196
221 399
460 32
94 254
11 387
305 405
458 130
9 205
18 280
464 8
18 152
269 431
436 171
164 444
157 55
70 60
185 123
18 424
408 423
230 346
270 287
390 421
357 121
105 412
278 425
365 421
306 8
108 411
30 246
427 414
310 32
396 371
125 465
159 78
20 240
436 37
251 374
455 346
334 55
128 338
350 497
86 73
355 339
208 34
183 411
341 376
426 254
93 405
5 380
214 271
178 147
84 57
80 325
276 372
225 25
283 372
405 457
376 460
41 37
38 493
284 135
249 460
344 32
361 75
279 401
237 289
383 49
157 247
372 326
254 182
141 96
86 62
389 251
363 478
144 391
211 300
438 258
355 259
186 131
213 473
81 285
47 41
264 102
214 482
370 322
397 53
293 366
474 100
429 234
117 383
82 315
103 252
488 413
319 494
423 448
109 464
19 103
141 222
82 308
158 48
267 493
432 182
445 467
405 62
431 481
404 134
127 45
412 451
416 318
449 362
65 374
3 31
201 41
234 420
149 170
147 135
158 212
149 368
110 123
465 184
67 365
227 200
104 176
397 102
31 391
499 322
463 50
380 28
458 43
34 61
182 49
266 13
272 119
357 260
37 244
56 130
221 155
298 159
187 3
410 229
205 221
192 424
82 416
456 389
460 10
75 53
228 435
293 9
327 45
42 215
323 190
317 318
465 39
91 280
61 270
69 70
263 299
126 148
90 241
64 208
134 149
410 62
443 379
406 175
428 492
373 8
128 217
386 23
469 482
136 389
263 379
264 145
10 339
113 394
465 23
149 256
294 374
169 367
487 49
300 31
354 94
105 52
433 178
361 18
102 129
281 202
337 66
499 213
381 38
333 287
162 115
385 375
44 444
96 479
276 95
227 20
251 494
35 348
151 300
498 128
169 373
141 15
11 261
336 68
419 129
327 368
308 173
221 324
355 241
483 340
388 315
137 285
470 430
268 486
402 465
341 161
125 61
23 167
128 427
284 15
410 265
288 441
367 478
185 229
115 448
154 469
76 338
486 495
222 416
401 156
313 493
272 302
402 179
223 280
179 342
488 378
96 378
460 46
419 81
371 138
451 340
422 326
260 56
120 366
490 166
37 62
406 47
435 67
4 369
78 424
270 469
411 460
187 53
43 172
173 467
307 284
287 428
100 219
20 182
266 162
34 116
461 83
146 209
310 321
349 235
92 339
286 260
20 149
171 337
390 324
52 71
14 467
417 96
254 93
318 30
149 364
28 273
354 302
426 441
114 358
437 24
458 126
154 332
450 243
216 24
41 1
473 476
322 293
70 448
225 66
497 485
120 463
251 138
450 323
151 287
445 489
432 425
37 301
39 16
175 390
386 227
481 206
346 99
244 412
287 233
320 97
458 117
124 73
187 439
496 107
468 86
96 163
244 3
463 169
428 101
338 379
363 105
401 161
132 417
49 381
41 395
487 200
309 251
111 143
81 98
436 111
459 336
486 357
184 9
262 459
476 27
73 148
381 315
466 45
110 306
120 339
144 322
223 117
350 86
208 94
206 467
45 43
263 459
233 98
184 253
142 165
17 392
145 88
38 168
215 98
229 71
490 48
142 333
261 344
337 229
170 424
101 165
163 412
227 433
239 118
107 298
412 103
235 295
163 77
389 382
468 341
464 490
494 380
66 404
127 41
48 220
318 145
288 491
382 431
336 438
363 129
369 403
275 15
292 88
69 40
5 83
40 146
178 460
225 130
23 467
357 220
155 251
496 220
264 436
224 341
358 201
376 396
84 110
245 78
272 162
407 352
332 319
199 167
335 408
280 203
140 452
152 442
231 123
274 212
122 486
174 37
199 198
245 116
443 395
10 153
91 104
174 421
10 447
124 465
11 120
288 236
107 142
136 158
108 392
229 432
481 185
262 387
287 359
263 168
23 313
219 14
190 477
36 94
439 122
452 381
26 84
498 344
4 276
276 436
489 262
8 294
304 215
431 88
153 474
193 239
184 82
498 13
348 90
264 42
480 122
0 219
280 432
219 399
119 100
447 339
271 395
429 190
497 434
25 266
168 69
239 0
7 92
394 312
489 98
224 147
112 362
352 420
393 39
57 428
474 83
221 186
380 151
160 117
338 412
497 267
17 499
115 417
86 349
134 252
91 316
177 142
104 487
245 202
22 259
42 328
161 301
282 378
7 464
146 288
437 499
190 399
88 87
447 327
435 81
250 433
276 421
132 367
395 460
352 277
371 283
327 288
198 466
166 116
91 130
204 180
450 103
208 422
228 458
406 66
57 310
187 0
74 298
86 497
213 406
258 201
409 265
87 159
322 75
24 56
420 190
126 132
68 462
301 134
366 57
67 446
222 468
185 446
419 243
80 372
450 198
158 293
261 329
115 492
165 357
128 454
126 261
3 389
352 226
325 481
116 23
194 444
77 312
326 176
294 38
228 347
329 451
53 317
250 175
246 78
404 156
147 321
222 426
150 322
86 189
100 333
286 391
94 197
253 204
455 430
481 459
189 215
229 370
492 467
11 7
152 114
497 63
426 46
230 108
498 141
346 245
174 310
105 175
373 93
203 409
138 407
371 367
58 436
257 157
348 197
48 361
232 230
272 401
471 111
132 356
252 19
112 87
83 432
462 392
299 208
278 18
39 472
411 237
284 352
422 332
269 111
357 35
221 183
448 259
262 102
210 15
268 471
12 219
2 417
339 127
107 3
311 356
314 73
204 77
278 120
4 130
301 265
370 57
8 163
79 324
249 101
28 497
75 11
325 215
319 116
313 395
446 174
23 486
17 236
270 168
471 293
3 25
461 225
26 90
438 109
207 26
434 429
91 131
12 253
346 436
256 328
367 300
201 289
13 22
342 187
409 18
255 11
34 56
54 46
400 192
99 432
6 249
466 478
340 430
416 333
54 141
118 151
374 435
109 108
4 459
132 498
39 443
258 157
261 178
51 488
47 484
466 372
354 167
44 307
17 483
220 141
438 387
129 390
61 436
44 157
85 31
486 130
270 460
205 488
29 465
228 456
145 376
412 316
51 39
379 407
66 301
444 288
166 412
354 451
174 104
222 88
242 476
220 219
349 464
361 92
84 47
268 432
428 49
268 337
2 448
65 209
421 440
70 179
146 479
396 439
397 176
272 419
50 413
393 284
426 176
475 37
74 288
246 357
174 364
44 236
457 282
368 318
74 90
422 362
413 115
186 270
74 178
453 269
200 76
73 133
388 287
346 103
279 451
494 128
371 254
115 68
342 233
20 106
205 49
271 396
230 386
427 344
279 485
78 287
50 327
213 366
21 153
87 135
89 265
334 17
312 1
59 378
194 99
57 180
203 54
62 173
303 298
355 161
180 363
383 3
167 249
345 445
119 497
337 74
265 408
168 104
130 450
356 304
133 272
78 250
451 11
214 161
243 141
255 239
301 226
251 321
323 159
391 135
408 362
265 45
427 467
298 323
420 480
316 333
117 219
121 329
32 62
490 21
236 238
347 353
240 459
249 279
284 153
190 70
213 234
387 409
144 6
499 373
204 308
362 386
269 155
204 390
324 101
111 127
338 309
88 418
417 20
118 105
47 183
105 331
476 356
452 133
379 414
131 23
25 227
191 207
68 82
455 128
474 359
478 119
85 156
301 199
212 314
359 52
387 62
484 258
259 195
107 257
200 44
81 190
219 193
110 357
202 185
36 165
256 362
130 380
345 476
214 118
119 435
396 234
260 491
465 249
255 354
472 147
456 167
286 158
254 323
73 397
465 481
395 272
4 128
396 378
113 225
287 33
368 314
170 212
302 416
6 369
324 287
312 89
43 302
202 167
309 493
396 65
269 216
355 96
225 386
483 239
206 406
457 171
480 260
409 461
231 70
85 303
130 26
252 162
224 274
273 253
203 34
239 268
384 324
113 8
85 148
295 291
438 62
470 331
339 424
127 123
91 14
402 325
54 200
386 277
273 322
51 110
435 156
2 261
494 64
3 293
330 376
443 206
73 466
103 171
486 242
165 78
343 71
377 13
401 224
1 428
346 0
275 246
451 296
471 161
24 168
266 222
455 399
462 112
313 125
38 119
489 19
400 188
15 27
14 372
119 490
57 77
409 287
90 113
62 219
450 40
219 138
376 234
207 244
337 331
196 185
110 400
407 344
400 352
375 257
358 336
463 255
230 249
409 242
326 409
259 128
222 282
441 476
362 280
206 442
9 461
448 239
2 339
195 229
325 373
232 64
119 36
21 398
187 239
273 161
446 429
288 34
341 172
344 401
298 181
108 218
266 309
68 295
355 267
155 16
91 47
211 400
25 91
194 117
42 365
394 117
162 482
83 307
10 266
171 29
194 250
98 73
385 436
353 120
395 291
420 430
369 237
196 303
115 195
243 16
295 361
470 166
220 438
262 265
371 464
334 171
45 30
159 36
353 328
170 237
36 398
164 297
497 60
314 351
458 398
41 442
364 164
421 264
405 109
465 466
219 309
78 171
10 441
39 19
446 272
347 206
136 204
83 397
406 37
374 423
79 298
166 70
185 234
73 206
74 488
250 390
33 418
443 283
389 423
239 157
160 283
0 13
264 496
425 79
235 64
401 204
395 358
73 204
445 211
203 419
128 339
110 377
2 96
498 285
237 354
269 367
448 228
41 80
24 305
302 120
140 26
333 344
479 152
413 90
123 368
410 125
324 485
376 393
330 282
240 301
409 75
323 148
157 359
279 103
395 182
87 385
66 177
139 415
324 143
351 81
340 92
404 416
63 185
73 219
290 136
80 359
306 259
40 163
341 195
316 167
334 221
348 85
333 261
5 126
447 193
304 102
255 323
153 249
308 7
455 486
298 232
220 426
265 77
430 87
9 99
478 464
153 270
243 347
172 6
429 402
30 69
125 441
165 73
296 107
390 360
240 315
136 63
264 33
330 427
85 314
433 426
296 398
2 149
4 356
410 459
470 184
92 74
330 408
418 340
439 18
77 425
211 37
329 197
120 179
173 302
103 142
64 322
265 156
46 2
251 112
345 284
158 308
456 165
351 451
172 352
155 277
220 126
23 45
266 455
410 305
128 176
472 111
341 189
227 471
90 441
378 348
478 340
418 123
354 395
235 476
300 348
307 51
338 243
123 32
169 349
161 331
143 436
222 69
373 255
79 140
483 284
330 234
304 110
488 157
153 377
430 268
239 237
60 367
484 145
74 404
240 254
351 248
483 441
365 78
75 155
375 9
465 262
401 40
402 371
161 222
351 298
359 152
223 461
371 468
45 192
39 15
431 298
113 258
117 433
410 168
191 208
47 223
463 478
388 29
449 155
378 383
282 19
139 234
428 295
292 9
299 49
329 78
436 352
289 334
381 116
298 389
441 223
167 288
402 150
431 86
463 303
174 246
257 448
326 499
368 96
478 42
16 308
15 138
340 495
256 386
46 298
118 455
335 454
123 413
122 362
348 436
371 226
205 51
277 70
58 417
302 437
284 125
175 6
177 381
348 94
437 208
43 291
469 253
464 17
390 217
126 77
295 177
388 173
10 6
179 364
249 170
111 286
165 88
161 0
164 55
376 410
268 443
399 121
487 453
275 125
483 61
94 106
222 460
101 52
194 300
19 306
184 191
204 341
354 55
461 326
476 55
174 277
391 110
122 413
63 348
277 466
344 374
97 84
494 205
472 405
296 126
260 47
395 127
334 203
284 252
295 395
30 313
206 85
437 432
137 351
290 218
205 225
490 318
351 193
370 467
307 373
192 494
64 98
90 251
488 152
269 259
311 193
120 333
238 342
383 27
122 278
173 107
174 329
203 335
19 449
333 180
440 22
260 158
119 210
474 130
482 33
435 267
154 309
228 318
489 259
86 4
291 135
131 497
226 319
108 126
34 342
95 388
481 82
17 223
162 417
155 110
7 25
288 284
156 424
493 286
436 463
320 342
325 143
68 1
392 10
316 261
386 119
444 64
359 341
187 225
225 13
464 489
491 168
123 289
93 213
278 436
129 225
413 292
45 170
455 296
492 295
380 220
419 61
404 424
324 342
146 296
145 3
429 206
113 343
246 412
20 63
363 139
326 19
362 293
155 157
142 259
245 243
424 221
341 255
185 137
292 35
53 491
66 200
382 456
334 490
218 398
437 13
201 490
314 63
8 297
307 359
88 172
308 391
59 248
301 377
112 50
464 398
108 456
133 327
7 287
411 223
342 137
343 275
1 5
485 470
292 25
203 173
293 104
496 260
229 75
137 97
0 310
366 76
360 228
416 181
464 95
420 111
329 114
494 387
429 210
301 162
360 459
15 189
120 37
267 52
24 466
45 42
307 294
13 422
36 308
195 181
311 170
474 82
111 100
105 451
415 446
222 77
198 183
313 312
146 378
322 149
146 150
362 312
326 258
417 355
319 204
342 488
75 424
77 243
326 203
30 485
424 82
498 459
402 340
321 479
55 488
351 221
4 27
98 372
354 20
395 281
483 259
45 465
264 67
75 172
488 173
445 391
3 64
194 158
489 234
421 204
462 179
108 344
346 173
195 310
347 295
499 251
290 442
226 60
177 38
73 84
299 488
472 163
246 70
72 183
54 397
110 183
382 227
349 152
189 152
204 157
391 455
401 228
375 75
268 292
496 9
426 105
176 356
300 168
399 402
367 382
336 3
92 469
49 329
26 472
190 152
310 271
194 253
177 25
193 24
443 144
19 165
324 136
21 475
46 478
47 320
159 44
306 33
144 304
0 3
2 252
325 50
277 179
200 259
339 96
238 295
471 324
19 393
338 117
87 317
53 303
107 315
196 170
227 137
477 158
472 139
242 13
290 144
51 486
82 54
152 297
15 147
364 41
158 66
137 301
19 57
165 324
331 257
80 388
381 480
303 410
239 443
381 424
377 68
74 323
263 413
342 122
488 94
342 138
16 53
139 423
371 345
369 54
276 29
191 154
25 101
340 409
253 212
249 306
388 323
184 30
305 301
371 113
427 493
410 391
239 265
348 410
94 490
327 223
436 303
410 242
278 355
92 408
328 239
453 212
96 173
489 52
170 310
168 150
275 436
463 398
481 57
382 335
472 107
411 103
61 491
429 227
391 325
31 5
19 174
138 7
205 50
291 347
180 238
398 356
103 339
130 369
489 84
1 251
329 439
38 118
83 7
256 416
190 91
401 17
39 368
110 360
428 77
164 355
142 164
336 154
17 151
163 135
37 308
313 403
225 23
340 69
226 316
121 207
392 118
119 214
371 86
119 483
427 216
369 440
154 71
269 239
108 348
172 209
11 302
140 200
329 458
195 484
260 19
319 139
176 169
30 474
239 231
70 37
0 459
50 452
310 453
83 224
185 474
32 247
280 385
424 309
296 38
286 453
478 196
68 125
157 473
347 51
157 286
464 377
381 345
20 462
187 413
198 411
194 440
99 312
113 366
20 239
482 34
390 312
291 229
176 445
223 62
43 91
66 48
427 317
408 169
312 160
357 46
90 166
129 448
159 154
443 211
394 175
184 62
398 263
287 188
184 273
29 184
94 150
199 417
365 263
138 84
489 246
269 167
390 315
220 65
290 306
180 177
471 233
409 5
412 49
241 16
442 475
43 21
170 54
84 350
395 325
195 176
360 95
87 141
4 360
155 331
169 356
275 304
450 342
6 139
436 72
46 178
158 168
97 495
40 308
146 388
304 90
208 196
292 427
258 174
213 229
366 205
346 104
231 309
388 164
471 60
402 2
237 428
331 122
171 230
200 416
165 89
70 441
293 482
485 277
301 317
325 438
21 144
68 5
209 434
382 108
149 444
22 231
3 54
409 190
14 256
38 478
234 401
462 489
332 193
51 109
173 97
270 155
455 161
213 231
110 375
50 304
32 68
81 382
141 361
49 248
325 82
351 311
244 455
468 289
141 78
474 406
439 327
394 185
326 313
42 305
162 88
299 412
56 497
309 67
263 247
22 437
32 93
482 383
363 280
187 160
58 9
99 138
203 318
425 460
10 322
140 467
291 272
243 348
462 261
383 369
135 10
222 317
97 458
439 9
110 31
218 110
448 414
299 118
106 88
137 341
456 190
35 259
389 438
262 39
469 475
405 83
74 279
204 476
47 61
295 161
396 265
33 227
484 192
430 23
407 438
374 155
274 440
216 488
169 41
497 385
108 472
119 31
310 120
305 252
48 289
108 30
225 255
277 48
365 250
20 318
72 466
92 132
448 98
167 189
320 341
343 148
184 410
437 281
450 9
465 233
362 137
183 67
95 310
387 334
356 377
15 402
28 276
283 311
83 476
249 75
107 220
306 468
120 154
42 138
250 130
331 67
249 60
241 293
122 476
66 312
338 80
444 305
127 176
47 121
168 357
395 173
400 348
268 345
423 182
444 342
455 67
58 200
265 147
234 493
205 23
215 106
497 477
128 414
33 367
205 93
380 424
161 91
136 257
140 42
300 445
367 281
0 409
127 42
256 226
429 147
147 368
390 336
211 488
237 81
8 457
472 493
345 81
201 455
212 58
129 110
216 124
450 159
384 56
100 444
404 10
233 100
38 357
8 164
337 427
346 216
348 332
243 145
180 468
156 31
493 209
153 262
32 105
453 186
476 452
173 263
61 414
241 326
306 455
53 350
116 314
478 32
289 248
42 253
48 379
368 331
348 79
184 418
67 370
475 314
108 374
190 135
82 289
437 334
17 92
89 476
10 286
440 316
229 433
190 381
79 169
358 354
331 334
396 241
144 223
14 144
372 132
35 270
4 43
244 317
464 229
238 243
28 203
374 442
36 126
427 302
116 221
84 362
390 207
455 385
432 411
113 443
353 258
57 405
460 385
114 389
331 314
450 387
271 169
134 51
401 413
415 275
252 288
102 423
388 432
44 405
438 12
258 79
133 110
100 3
112 51
332 491
431 372
107 98
220 94
191 413
361 427
195 434
419 360
181 452
36 455
221 95
489 34
378 315
161 284
90 345
409 373
426 258
458 257
497 252
341 351
440 90
209 191
-1 -1 64943 55237 -1 -1 -1 -1 -1 42247 -1 -1 -1 43195 -1 -1 -1 13455 -1 28569 -1 -1 -1 -1 -1 -1 -1 43489 -1 -1 48700 -1 -1 -1 -1 -1 -1 -1 -1 -1 -1 -1 55607 -1 -1 -1 -1 -1 -1 41804 -1 -1 -1 -1 -1 -1 -1 54001 -1 -1 -1 -1 52983 576 -1 -1 28710 -1 -1 -1 -1 -1 59773 19642 -1 -1 -1 -1 -1 -1 12796 -1 -1 -1 -1 -1 -1 -1 37777 -1 -1 -1 -1 -1 -1 -1 -1 -1 -1 47753 48258 -1 -1 -1 -1 -1 57276 46421 -1 -1 34772 -1 62718 -1 -1 -1 -1 -1 -1 -1 50561 -1 -1 -1 -1 -1 47543 -1 -1 -1 60791 16975 -1 8941 -1 -1 48353 -1 -1 -1 3027 33241 1987 -1 -1 -1 -1 -1 -1 -1 -1 -1 -1 -1 -1 -1 -1 4452 -1 -1 27898 60797 -1 -1 -1 -1 55712 -1 15259 -1 23462 -1 -1 -1 -1 29708 -1 -1 -1 -1 -1 -1 -1 -1 -1 -1 53722 -1 -1 63444 34191 -1 -1 17252 -1 -1 -1 -1 -1 -1 -1 -1 -1 -1 -1 47131 -1 48125 -1 -1 -1 -1 -1 54156 -1 -1 -1 12958 48026 -1 -1 9032 -1 -1 -1 -1 -1 -1 -1 -1 30992 29019 -1 -1 36910 -1 -1 -1 -1 -1 -1 -1 -1 -1 17438 -1 -1 -1 -1 31248 -1 -1 -1 -1 -1 -1 48982 -1 -1 46083 -1 -1 -1 -1 -1 20826 -1 -1 -1 -1 -1 -1 -1 -1 -1 -1 -1 15034 34533 -1 27960 -1 -1 -1 -1 -1 63425 -1 51096 -1 -1 -1 -1 -1 -1 -1 -1 9679 -1 -1 -1 765 -1 24484 -1 -1 -1 -1 -1 -1 -1 -1 -1 -1 -1 -1 -1 -1 -1 9167 5651 63926 -1 -1 6286 -1 -1 -1 -1 -1 49524 7713 61799 -1 -1 -1 9755 -1 -1 -1 -1 34984 -1 -1 -1 -1 -1 -1 -1 -1 -1 -1 -1 -1 -1 -1 -1 30235 -1 22468 -1 -1 -1 -1 -1 -1 -1 -1 -1 -1 -1 -1 -1 -1 -1 -1 -1 -1 -1 -1 -1 -1 9163 -1 -1 -1 -1 12077 9893 35789 -1 -1 -1 -1 -1 48187 -1 -1 -1 21754 -1 -1 -1 -1 -1 -1 -1 35691 -1 50644 -1 -1 -1 -1 -1 10638 -1 -1 -1 -1 -1 50762 -1 -1 -1 -1 -1 -1 -1 -1 -1 -1 -1 -1 -1 -1 -1 26898 53990 -1 -1 -1 -1 -1 -1 -1 -1 -1 -1 -1 35783 -1 -1 -1 -1 -1 -1 -1 33084 47612 -1 -1 -1 -1 -1 21414 -1 -1 -1 -1 -1 -1 -1 -1 55929 55687 -1 -1 52719 58485 47738 -1 -1 -1 -1 -1 -1 32098 -1 -1 -1 42050 -1 -1 -1 -1 -1 -1 -1 -1
9
0 226 14 244 14
1 210 13 232 8
1 346 7 288 6
0 109 9 69 12
0 135 12 265 2
0 20 11 326 0
1 20 3 78 12
1 63 8 414 3
0 480 6 203 12
