500 2000
47 106
372 497
326 144
470 458
190 288
23 374
47 323
336 360
380 220
180 125
490 320
494 318
311 464
248 494
360 101
128 454
200 377
54 436
310 1
401 280
359 304
495 88
396 41
438 317
295 171
335 471
411 182
178 25
432 140
335 470
355 70
377 16
226 80
189 363
462 352
195 370
246 263
145 349
270 280
18 312
285 412
110 136
426 146
32 333
57 26
0 425
247 165
486 389
498 283
165 2
195 133
15 314
252 260
353 81
266 337
480 287
57 232
279 277
77 48
361 491
71 60
307 2
228 300
460 96
313 57
226 201
361 461
124 331
202 345
358 135
334 263
473 120
194 302
385 268
330 460
41 467
80 481
188 405
284 326
212 134
440 461
92 179
429 4
171 3
227 225
214 418
492 286
422 26
219 179
433 244
123 143
158 347
187 239
187 17
99 215
266 172
96 98
157 256
9 176
176 117
385 422
197 124
274 402
303 443
298 137
315 160
192 383
236 375
279 65
436 362
150 76
491 128
330 250
111 491
7 107
357 110
379 187
224 73
28 430
48 89
396 174
464 42
66 202
462 360
379 39
115 33
256 125
416 237
490 358
78 428
156 6
292 461
436 125
119 366
208 18
135 186
439 270
433 27
93 304
178 262
98 48
430 370
23 104
65 456
216 105
384 338
155 368
407 483
412 449
270 426
5 395
466 257
353 340
200 472
293 456
67 362
355 88
109 138
374 73
374 261
222 338
153 37
235 156
358 455
403 357
210 431
314 364
444 342
95 454
306 48
373 22
165 377
78 36
494 201
281 38
431 245
384 68
191 307
464 172
43 437
164 177
313 328
230 33
313 438
281 473
276 364
319 55
94 168
443 125
340 316
129 258
264 48
78 202
122 179
470 163
90 473
475 434
101 106
269 384
381 347
196 369
239 489
39 410
477 430
236 0
72 201
182 173
418 435
424 144
358 269
51 283
24 64
30 67
396 423
79 331
241 172
6 41
398 237
114 230
96 217
278 180
435 226
10 273
321 483
61 160
4 163
2 404
22 299
373 97
123 476
130 210
426 151
175 432
203 73
373 371
17 79
25 91
246 13
241 272
216 222
229 51
444 172
74 25
86 316
360 278
275 82
376 442
382 456
332 95
190 394
146 366
325 374
383 29
221 219
130 94
250 19
47 91
157 54
303 138
169 452
251 276
221 133
96 44
273 59
394 21
243 147
154 41
21 112
314 207
217 90
145 415
164 443
374 371
161 246
383 487
427 288
140 260
397 264
163 486
20 69
144 475
417 363
173 447
122 221
335 306
462 274
184 49
316 473
275 10
21 85
239 312
100 265
476 344
221 208
385 129
299 260
211 178
393 455
273 380
383 169
432 482
210 244
442 83
89 371
147 493
331 443
58 63
464 368
464 390
6 474
466 410
121 329
265 227
342 403
254 336
411 41
41 326
136 215
186 364
408 102
65 364
122 1
35 123
40 16
136 54
228 115
29 99
354 290
49 188
221 261
10 279
115 390
243 99
308 47
320 32
200 455
288 248
479 299
380 369
88 240
58 469
476 373
226 130
280 291
261 395
3 435
22 328
87 310
161 51
182 64
13 284
429 161
141 131
227 397
281 168
355 210
321 385
46 336
262 102
60 478
196 205
268 23
439 449
273 415
439 158
331 383
465 100
276 78
308 129
113 143
382 34
382 381
301 289
8 455
484 410
112 483
170 152
64 34
27 270
244 31
101 59
235 456
497 87
354 148
490 386
477 221
258 74
303 81
61 140
381 161
327 407
476 154
163 349
296 455
442 369
413 304
111 477
37 146
325 404
192 134
457 355
115 90
305 200
230 202
64 242
122 263
9 448
9 442
477 172
183 45
387 388
107 438
345 23
197 449
205 58
278 68
363 483
351 299
277 83
183 444
442 474
164 428
328 215
371 389
434 132
209 439
67 493
174 306
354 258
380 461
252 217
33 157
263 480
388 103
462 265
448 351
232 141
13 335
221 262
484 151
109 312
297 360
37 476
272 346
440 147
421 289
103 105
133 26
117 318
323 352
454 75
80 342
165 401
323 56
400 162
298 67
285 440
476 182
279 2
249 470
284 373
230 28
12 425
260 196
109 339
13 111
359 299
436 211
46 328
227 489
122 420
56 356
201 109
367 224
445 201
292 16
112 347
178 200
240 228
1 158
101 15
173 204
360 486
418 260
389 153
310 3
272 435
460 1
290 343
304 20
78 194
227 296
49 52
309 416
304 221
323 305
211 225
2 109
3 31
217 18
358 293
385 252
309 407
95 71
373 450
97 294
399 184
1 333
88 158
74 418
305 149
45 401
357 291
312 206
79 81
27 91
218 109
170 122
149 272
345 370
68 353
257 23
97 110
368 7
289 145
151 442
67 334
471 36
167 185
54 314
168 52
97 140
493 321
246 67
439 403
110 12
302 485
239 492
120 56
177 93
103 314
165 185
277 303
236 125
449 42
240 460
304 62
248 76
452 138
427 249
165 213
178 80
350 214
220 255
390 351
356 201
21 213
128 145
105 37
479 387
488 400
286 139
57 264
318 261
226 193
72 244
39 43
328 474
418 213
299 306
164 225
442 342
430 96
284 100
99 241
329 306
462 78
155 314
389 279
102 11
50 77
236 285
446 74
473 481
70 11
103 492
473 346
152 348
335 316
194 409
495 441
43 140
129 214
47 481
401 237
121 280
463 418
63 78
159 312
223 151
123 39
88 218
478 359
495 405
486 146
267 409
445 253
134 314
8 99
368 379
83 497
318 207
117 339
139 0
173 3
267 343
22 292
341 161
118 161
463 138
253 297
333 245
112 351
98 479
175 329
475 342
309 61
88 304
294 349
480 306
184 466
177 479
279 283
453 25
496 410
203 204
194 458
1 326
43 417
481 200
497 352
76 143
0 46
360 15
355 351
360 480
260 259
86 461
490 353
146 175
471 185
148 327
420 123
211 147
438 23
112 300
422 45
265 1
265 379
435 88
108 168
268 55
140 4
367 496
117 264
457 479
92 55
207 44
376 392
136 303
368 330
476 190
186 327
199 333
133 426
8 90
245 477
395 145
106 306
460 351
83 363
2 386
403 483
395 313
289 192
483 170
206 111
128 224
291 103
140 82
332 108
464 43
351 446
459 207
396 328
271 303
147 216
271 52
58 67
444 322
51 19
9 100
188 197
39 18
463 352
290 327
425 177
398 342
162 402
148 438
208 499
318 103
100 241
455 368
86 482
180 299
238 12
257 334
185 172
376 99
322 224
217 359
92 167
93 228
492 388
110 255
37 47
35 354
482 280
155 269
415 323
462 295
35 107
283 67
225 17
308 277
448 184
275 333
138 439
371 341
317 349
174 280
117 203
435 483
203 424
149 428
316 446
436 85
11 340
260 326
68 254
153 42
141 307
108 247
127 228
457 487
42 317
305 472
334 451
83 413
144 336
46 384
74 252
50 242
424 269
306 178
122 338
306 436
123 152
257 170
468 84
29 278
451 202
10 317
55 285
205 262
459 273
243 369
210 309
290 261
96 66
335 425
9 220
15 241
176 128
254 376
71 446
495 177
97 24
280 195
473 483
23 172
285 250
457 403
137 56
281 210
19 476
385 66
433 179
273 21
10 227
406 270
451 349
220 221
371 431
360 349
368 198
344 177
400 240
220 231
121 65
372 190
418 170
230 450
268 225
208 225
99 448
126 90
81 191
349 458
476 361
3 438
436 70
151 427
419 284
466 216
217 68
251 432
485 132
85 170
12 162
251 42
116 447
208 170
78 199
252 486
38 20
331 472
234 166
44 156
70 491
435 136
173 178
206 180
301 243
68 487
376 251
146 317
134 453
454 382
266 472
69 378
229 192
390 465
52 235
244 279
268 273
320 143
335 219
466 243
369 71
369 50
471 408
175 395
316 430
24 466
253 428
259 152
230 136
77 482
131 436
244 121
123 393
316 441
60 91
344 463
80 193
307 102
298 417
258 398
236 183
181 191
482 212
444 225
91 409
187 383
142 185
167 431
266 299
324 485
11 13
99 244
145 461
418 107
149 172
481 401
204 321
491 53
172 210
27 418
219 233
246 351
182 404
489 218
255 15
387 157
220 283
19 335
498 286
413 196
258 153
294 392
364 499
290 46
398 57
317 282
102 376
25 329
325 375
160 280
426 262
34 391
93 446
108 49
354 446
478 132
204 170
55 22
136 386
381 47
344 175
210 324
209 90
69 386
420 159
46 446
48 198
338 202
376 15
54 303
409 7
159 25
328 171
307 409
113 324
86 426
355 59
437 395
21 28
376 350
395 171
103 33
273 52
281 111
194 322
301 495
284 192
420 333
59 82
258 437
415 140
122 347
462 290
258 321
345 70
285 131
120 475
6 30
496 148
6 142
130 219
398 276
44 56
234 414
221 393
261 248
386 273
264 409
250 243
207 307
32 192
402 46
446 196
174 207
451 384
89 484
206 487
455 303
333 192
368 147
356 140
253 310
298 289
236 120
479 463
439 280
111 187
83 491
23 141
390 379
129 96
188 264
160 246
251 142
308 226
495 189
206 409
386 329
144 180
113 6
304 460
296 60
285 281
258 145
194 289
290 463
434 474
207 480
268 260
230 150
65 226
16 307
431 234
44 83
258 17
116 100
27 475
159 488
251 413
30 244
135 287
30 471
105 120
471 340
392 94
269 474
148 399
226 275
51 384
96 379
148 272
216 62
403 264
411 161
169 210
168 143
453 21
365 36
432 158
133 394
110 16
402 70
468 178
122 171
83 482
459 206
96 199
270 154
52 85
435 461
378 40
491 9
76 345
212 160
479 212
24 104
335 103
71 199
381 159
129 470
101 27
29 105
464 231
280 461
166 289
448 353
356 45
202 201
362 205
366 93
465 204
19 313
216 99
136 475
425 410
382 58
47 279
77 130
215 387
441 191
269 88
341 88
86 312
247 240
401 489
282 248
139 306
460 482
167 1
142 125
81 426
497 215
483 118
247 44
10 437
97 148
418 391
288 164
32 446
122 443
450 232
387 342
382 118
367 305
485 83
343 291
369 400
239 491
499 359
427 497
163 198
63 71
52 165
197 16
426 338
322 252
192 96
79 400
392 242
123 235
63 211
379 425
12 388
167 193
263 81
410 89
490 339
481 452
176 60
169 28
268 54
172 462
214 9
257 372
297 98
490 132
60 474
475 249
424 368
43 267
472 423
136 301
479 482
159 466
28 469
372 165
382 250
257 43
14 304
440 70
275 173
440 177
21 229
295 241
81 321
373 139
428 318
405 95
319 308
30 417
371 81
59 229
457 66
353 54
113 105
458 75
446 318
78 470
123 94
151 328
10 426
431 312
273 132
207 279
166 245
234 361
226 360
289 234
218 341
257 400
96 442
201 179
140 319
59 137
364 397
384 472
298 74
444 495
63 301
305 160
255 316
356 250
359 481
42 338
296 91
117 118
61 336
326 479
285 379
456 120
358 95
118 396
134 196
275 51
295 84
388 483
453 333
40 54
135 105
359 208
417 492
224 475
1 39
454 363
257 437
335 389
403 382
5 377
5 270
352 35
48 268
263 189
321 302
83 164
78 131
129 159
21 198
150 451
274 369
246 5
386 14
384 195
37 224
141 199
411 448
395 309
196 258
457 293
88 178
140 344
428 310
36 362
236 377
151 490
115 27
195 199
176 453
76 149
187 201
229 29
167 389
433 352
295 250
181 242
321 129
455 470
123 427
120 345
404 199
482 458
44 441
19 86
125 250
67 329
291 169
97 436
377 108
447 169
257 299
30 443
132 277
90 38
383 79
454 473
148 251
422 477
405 49
439 170
280 209
454 52
6 203
16 350
183 391
361 339
267 39
236 499
297 260
130 221
284 25
76 334
297 490
253 311
234 58
26 229
349 105
498 74
190 442
75 298
87 403
255 267
408 19
445 28
461 370
392 420
320 488
451 335
256 434
488 247
25 257
123 139
122 465
322 458
348 382
400 434
103 162
288 144
54 208
93 175
404 310
490 134
93 316
165 300
29 498
83 336
316 70
304 135
83 157
267 205
316 427
482 319
173 219
196 291
151 59
299 222
144 233
405 387
79 278
311 493
431 173
439 70
188 352
268 173
221 346
281 402
254 456
406 42
136 409
352 362
158 270
400 381
102 22
68 386
66 164
238 100
480 214
352 144
388 294
123 181
4 217
421 293
466 30
419 460
478 365
451 409
304 180
25 60
281 31
197 416
147 237
40 49
410 78
85 475
241 403
36 494
399 194
298 177
397 83
353 249
334 125
361 320
153 354
357 256
365 26
6 340
4 117
90 417
273 223
85 416
21 488
263 459
69 1
163 403
43 493
437 212
294 268
62 212
37 137
321 31
3 454
327 190
435 439
74 405
221 143
341 405
299 29
84 386
158 374
373 122
349 435
328 11
330 476
404 42
452 44
204 294
198 262
206 441
32 417
121 380
53 30
499 126
315 211
115 225
383 106
469 488
315 180
339 423
73 427
272 153
444 384
355 303
328 217
198 271
432 477
451 228
15 305
153 82
343 98
422 387
469 62
108 327
307 424
243 349
226 402
183 79
388 494
349 182
237 115
46 25
377 206
23 402
184 494
168 132
463 458
139 153
363 370
308 480
22 20
340 362
116 271
438 180
166 12
237 47
356 171
26 108
238 65
66 489
253 353
175 98
376 147
276 206
375 49
475 226
486 384
53 393
92 311
146 373
394 466
273 179
367 255
75 301
246 399
360 427
150 499
200 18
287 121
422 444
153 367
15 279
290 215
465 230
28 121
215 403
429 55
26 283
451 180
79 319
153 117
472 36
317 294
24 421
216 321
158 486
170 254
468 374
114 421
351 105
245 114
290 490
119 482
31 333
493 194
262 204
89 100
393 497
285 399
168 6
338 232
255 214
232 329
408 480
296 31
157 273
430 284
451 106
99 285
394 112
105 399
209 338
259 429
70 51
74 197
191 367
146 377
402 454
410 84
130 147
332 417
419 180
328 102
427 481
341 323
344 332
433 1
104 173
132 430
402 354
108 435
161 4
391 44
245 35
401 382
243 390
201 426
89 489
30 474
53 73
365 48
269 416
186 372
97 406
213 313
339 108
449 229
104 397
151 393
110 210
283 206
235 101
431 56
109 304
55 80
479 181
214 375
160 364
482 120
135 128
487 75
279 112
467 289
169 337
78 68
63 433
19 334
69 162
164 321
381 227
167 424
208 47
23 27
314 26
195 137
243 488
84 345
127 44
439 177
396 135
166 108
240 97
391 400
217 281
119 395
182 123
93 19
86 425
92 484
348 220
27 24
173 15
182 295
289 398
321 26
350 348
326 25
136 474
160 201
379 318
253 119
272 440
488 491
322 390
139 210
425 342
270 74
412 405
300 227
145 140
150 373
272 314
192 432
431 101
405 111
261 113
375 357
166 207
338 363
467 250
490 108
425 272
484 497
289 102
125 375
54 421
244 335
498 285
282 196
16 393
399 355
452 330
237 234
363 191
483 262
40 484
17 61
280 9
470 222
17 239
206 118
328 180
454 349
191 136
90 58
131 82
116 339
326 469
203 59
43 315
58 65
31 7
256 39
319 257
354 291
192 486
196 155
349 116
207 21
417 171
300 198
236 129
205 143
296 265
416 355
105 12
386 294
160 19
22 352
483 436
492 484
426 99
461 388
393 233
8 447
29 150
28 49
164 413
141 343
398 157
152 232
219 243
110 10
318 235
80 121
133 38
451 104
363 127
467 474
68 102
138 341
455 7
101 239
318 75
8 418
180 207
383 30
75 244
265 20
438 305
186 350
6 224
480 413
86 231
366 403
239 1
15 44
126 324
115 187
68 105
373 158
227 201
308 491
153 239
141 287
265 334
472 139
91 68
34 213
316 370
12 284
208 144
255 114
339 174
81 170
2 22
187 276
33 392
307 170
142 271
294 208
273 262
280 233
205 128
340 42
298 25
197 95
383 130
31 100
137 436
22 261
249 360
186 356
129 2
396 469
136 233
495 90
36 338
389 255
334 165
414 59
429 81
63 420
146 26
215 254
20 40
354 224
90 12
301 211
475 186
401 432
196 442
197 189
65 419
234 267
89 83
459 46
298 336
360 77
435 176
106 107
220 464
141 189
104 287
25 361
349 286
271 325
43 431
90 455
103 24
340 366
305 162
472 140
185 259
124 307
90 431
36 9
21 151
302 419
494 335
275 371
258 203
245 436
342 210
91 467
432 141
40 375
372 272
141 371
298 480
51 30
403 84
249 380
448 288
269 47
408 178
49 142
141 164
117 289
294 3
390 475
335 360
153 178
64 280
211 385
311 188
228 420
263 136
487 235
177 353
467 312
223 109
454 20
412 429
106 198
225 266
362 93
288 323
62 19
332 281
449 492
339 485
174 90
84 367
5 479
113 323
266 214
338 370
120 445
419 138
330 310
237 318
105 16
399 104
318 146
308 278
84 16
206 344
377 185
453 410
136 219
74 454
350 413
125 99
196 181
109 33
187 286
481 195
112 313
192 137
193 282
41 17
480 64
327 331
181 39
478 71
22 258
121 51
434 66
236 8
262 433
185 160
110 61
295 166
343 215
138 254
49 379
394 297
307 132
24 129
296 214
291 232
449 370
183 355
337 402
490 189
357 194
431 456
468 15
238 144
29 77
240 298
301 99
237 412
384 220
210 380
355 381
466 137
388 224
167 434
410 72
456 284
11 344
282 313
253 91
183 317
285 489
61 261
21 462
380 233
390 290
142 491
109 98
471 279
297 392
357 429
253 190
370 57
111 128
253 468
319 83
259 177
48 126
129 471
96 3
218 180
479 244
443 123
154 472
357 499
449 428
36 320
238 328
377 345
252 451
129 21
394 261
206 277
381 210
465 9
363 270
247 296
413 109
420 249
149 257
448 319
127 154
156 180
476 159
230 319
138 494
410 182
66 329
492 465
122 283
324 242
240 446
63 127
242 391
499 451
101 16
93 134
479 77
51 213
462 269
336 93
173 303
195 65
248 281
22 349
218 254
33 210
371 493
73 42
-1 -1 -1 -1 -1 32358 -1 -1 -1 -1 -1 -1 -1 19327 -1 -1 -1 -1 -1 -1 -1 -1 55403 26184 17851 -1 -1 19025 -1 -1 -1 -1 -1 -1 -1 -1 -1 -1 -1 -1 -1 -1 40642 -1 -1 -1 -1 -1 -1 34868 -1 2188 -1 -1 -1 -1 -1 -1 -1 44238 -1 47204 -1 4473 -1 18740 -1 -1 -1 -1 -1 -1 28606 34445 -1 -1 -1 -1 -1 59702 60690 -1 -1 -1 -1 -1 -1 -1 -1 64534 -1 53212 -1 -1 -1 -1 54440 -1 -1 -1 -1 -1 15502 -1 -1 -1 58256 67 -1 53436 53104 -1 -1 -1 -1 -1 -1 -1 -1 -1 -1 -1 -1 -1 -1 -1 -1 27054 61289 -1 -1 -1 -1 -1 -1 -1 -1 -1 -1 65110 -1 -1 39889 -1 -1 60739 -1 33287 -1 64238 -1 -1 -1 -1 -1 35214 -1 -1 -1 -1 -1 -1 -1 -1 -1 -1 -1 32045 -1 -1 -1 -1 -1 -1 7904 -1 31588 36987 -1 -1 -1 -1 -1 -1 -1 -1 -1 -1 -1 -1 23894 64394 -1 -1 -1 -1 -1 14557 -1 -1 34309 -1 8713 -1 57331 -1 54993 -1 -1 -1 -1 -1 -1 -1 -1 -1 -1 -1 -1 -1 22859 -1 -1 -1 -1 -1 -1 -1 -1 -1 -1 58073 -1 -1 61810 -1 -1 48144 61482 -1 -1 -1 -1 -1 -1 -1 -1 25268 -1 -1 -1 -1 -1 27737 -1 -1 -1 -1 -1 -1 -1 -1 4034 26849 4498 -1 -1 27365 -1 -1 -1 -1 -1 -1 61517 -1 -1 -1 65449 -1 -1 52042 -1 -1 -1 -1 -1 -1 41996 -1 -1 -1 -1 59125 -1 -1 -1 -1 34918 -1 -1 -1 -1 -1 -1 -1 -1 -1 -1 -1 -1 -1 -1 -1 48205 -1 11000 -1 -1 -1 -1 -1 -1 -1 -1 -1 -1 -1 -1 -1 -1 -1 -1 -1 -1 -1 -1 -1 -1 -1 29370 -1 -1 -1 -1 -1 -1 54745 -1 2302 34527 15538 -1 -1 -1 41100 43115 -1 -1 -1 -1 -1 -1 23183 46812 -1 -1 -1 -1 -1 645 16866 -1 -1 -1 26316 -1 -1 34969 14723 -1 -1 30547 -1 -1 12031 -1 -1 -1 -1 -1 -1 36610 -1 -1 54275 57389 -1 -1 -1 11790 601 -1 -1 -1 -1 37221 -1 -1 -1 -1 -1 -1 -1 -1 -1 -1 -1 27333 45382 -1 -1 23307 41049 -1 54945 -1 59788 -1 -1 -1 -1 15641 -1 -1 -1 -1 -1 -1 -1 -1 41469 24514 -1 40828 -1 -1 -1 -1 21349 -1 -1 18854 31756 -1 -1 -1 -1 -1 -1 -1 -1 -1 38328 -1 10596 -1 -1 -1 -1 -1 -1 -1 34564 -1 -1 -1 56255 -1 -1 -1 -1 -1 -1 7874 -1 -1 6939 4517 -1 -1 -1 -1 49698 12358 23341 26819 -1 -1 -1
6
1 456 1 69 8
1 13 8 384 15
0 38 11 78 8
1 343 8 246 3
1 422 2 373 6
0 229 7 281 6
