500 2000
109 56
76 248
308 148
474 448
497 464
448 331
299 367
277 396
106 156
331 187
199 142
32 355
432 476
448 94
142 126
68 1
426 127
189 343
248 333
214 127
9 179
455 357
93 214
165 109
401 137
471 275
333 227
83 54
125 4
413 86
3 236
51 238
381 442
433 376
160 227
469 275
164 213
258 45
214 37
432 376
334 261
407 108
35 97
263 281
374 408
178 498
366 294
116 1
473 420
323 172
476 297
491 33
399 381
416 470
458 254
367 420
270 15
281 80
233 313
435 304
268 234
375 355
327 144
123 223
286 365
463 182
454 72
23 171
18 491
377 258
495 441
176 222
188 154
400 157
187 333
61 95
266 311
142 222
355 121
479 110
182 441
186 256
325 48
465 99
14 447
4 454
450 357
259 228
169 92
224 465
483 339
95 460
281 161
393 200
163 469
217 246
116 495
82 404
217 262
26 205
344 325
32 175
446 18
73 150
456 240
249 202
74 273
228 105
311 67
392 19
445 57
173 53
299 246
191 415
207 237
42 108
48 144
12 100
304 59
443 365
82 314
441 251
230 390
191 215
411 163
58 71
241 275
469 449
472 258
28 229
339 296
173 178
59 131
82 1
115 387
164 428
297 495
394 10
149 84
257 464
322 299
498 150
292 157
193 395
415 443
180 67
47 470
206 161
326 485
437 210
226 143
117 23
123 49
203 365
366 422
14 394
316 39
440 374
276 372
194 419
11 372
124 276
467 239
341 220
331 392
417 15
110 111
210 30
218 305
402 244
286 193
163 83
27 464
345 188
128 256
188 12
272 64
450 267
264 91
92 342
372 311
29 268
467 141
179 207
45 76
493 6
39 33
338 158
119 481
64 376
303 3
165 187
38 34
234 7
36 347
408 488
49 469
91 209
89 187
168 68
191 369
12 246
315 75
148 226
74 292
447 467
11 24
105 20
41 334
401 77
11 352
389 146
63 357
244 178
462 320
391 79
152 2
279 230
369 114
175 365
313 140
99 323
359 85
367 82
93 68
81 200
309 289
319 415
97 249
309 438
496 33
231 454
342 146
128 397
219 169
452 417
460 394
201 308
217 80
86 25
400 138
425 240
174 411
112 350
400 378
422 198
316 247
498 234
238 152
246 310
319 194
440 85
498 358
258 173
318 61
289 1
362 130
200 58
28 363
363 436
127 495
60 410
206 22
473 44
418 449
198 425
192 478
241 493
5 234
388 294
495 236
277 445
55 382
94 383
287 498
487 322
471 104
398 175
192 103
59 188
42 228
431 145
434 378
323 490
63 27
264 168
155 265
159 373
165 349
323 282
143 58
458 89
288 218
405 334
444 418
126 155
268 351
145 76
470 295
439 76
157 388
437 112
101 409
186 462
71 338
462 1
306 413
391 365
177 381
465 290
211 237
348 216
335 194
28 185
77 492
300 56
140 57
199 346
305 5
214 373
68 117
411 290
351 297
145 78
85 313
380 351
115 130
445 222
455 165
347 62
70 373
351 263
474 342
189 107
491 420
323 134
453 79
226 214
243 81
221 219
75 423
264 206
325 307
494 316
325 182
269 430
476 307
57 358
280 146
217 282
436 241
449 471
416 259
343 490
322 105
405 50
187 32
214 251
136 2
4 91
309 113
107 198
213 159
186 231
123 59
451 159
236 305
261 155
413 113
18 454
96 336
455 155
202 159
290 273
291 418
192 272
161 307
181 103
32 492
66 466
60 26
285 41
215 329
72 18
61 191
266 338
251 44
443 449
205 198
360 408
129 198
102 441
97 68
207 227
57 307
199 141
115 355
253 257
195 200
58 289
225 142
178 5
490 377
329 164
457 112
27 45
79 365
196 395
183 192
166 261
480 137
121 378
65 297
208 283
164 468
354 183
30 228
44 365
93 218
57 227
175 428
445 318
92 353
193 401
155 279
295 4
266 419
149 335
489 289
246 498
142 417
302 346
40 155
161 249
115 178
321 253
330 190
394 65
185 343
60 283
220 335
52 436
151 317
181 376
132 499
445 134
92 310
305 59
410 484
171 121
395 177
326 450
356 80
206 182
220 202
480 75
409 413
236 140
289 204
293 386
380 44
181 7
158 145
70 5
404 22
234 153
201 382
306 83
34 337
106 27
272 330
93 167
474 237
255 274
48 299
338 213
201 162
169 430
292 3
365 265
14 414
412 482
92 282
68 238
116 267
264 111
244 298
328 467
403 41
169 171
60 186
251 200
92 317
349 354
335 278
176 369
274 342
37 389
131 328
396 413
180 346
448 275
121 4
235 397
406 166
134 373
357 477
484 310
398 168
104 112
444 118
380 285
460 30
56 21
441 209
284 361
178 334
156 145
67 235
427 310
249 405
137 77
205 367
46 468
388 203
497 254
74 366
155 197
53 491
339 12
262 82
94 429
7 427
277 311
55 484
395 129
304 477
24 358
47 496
387 94
123 242
287 248
106 19
90 94
289 340
401 20
13 16
448 262
313 180
93 312
471 341
85 250
284 273
88 113
88 375
69 94
98 110
235 100
335 343
232 229
488 147
51 449
368 301
206 244
398 311
213 268
0 137
407 30
407 325
465 332
14 421
429 0
105 186
19 288
96 64
216 101
213 355
219 183
62 398
84 11
385 378
92 180
249 65
210 395
230 242
437 289
32 60
107 389
328 354
135 116
434 215
472 493
440 2
91 30
322 272
18 481
255 435
111 46
96 477
32 381
471 284
262 330
272 60
490 290
124 66
447 79
389 158
170 24
389 230
23 324
484 100
47 44
292 477
402 147
415 261
196 17
406 453
354 226
445 37
169 340
444 430
353 304
400 486
233 294
380 490
411 458
384 32
88 173
38 4
388 231
135 92
125 194
337 384
84 261
64 443
149 394
217 30
141 124
404 13
25 158
224 171
91 300
123 88
258 499
296 67
404 377
266 193
148 344
77 400
97 136
144 24
477 69
50 224
425 48
302 454
223 405
106 378
244 124
441 348
122 115
35 301
408 495
122 92
240 496
413 63
43 409
91 274
466 229
24 199
398 43
71 241
156 215
481 139
8 142
435 44
332 312
448 253
224 358
203 266
321 308
265 277
161 125
29 274
301 114
318 312
292 464
402 49
13 290
446 243
148 19
416 112
21 35
191 455
377 325
397 497
98 162
70 243
386 128
342 51
475 99
141 91
123 105
450 221
201 421
344 95
101 41
196 19
341 255
76 297
242 114
255 300
152 229
425 77
56 411
445 135
470 44
108 23
373 40
55 157
302 300
406 470
364 45
142 103
371 310
465 374
425 74
442 447
300 357
91 236
88 32
128 381
112 373
105 85
55 76
408 12
194 242
294 330
468 360
151 223
242 385
468 473
80 19
491 29
466 194
257 365
449 347
299 101
336 24
304 135
375 157
392 296
130 95
375 225
185 420
240 46
259 93
209 118
355 369
396 93
62 491
255 7
391 192
203 116
212 196
167 102
286 272
150 219
354 90
411 402
183 120
16 175
253 60
126 0
212 139
444 241
370 53
150 479
163 108
400 97
3 18
442 315
426 163
277 193
402 270
375 15
271 31
337 73
230 327
266 452
224 22
470 151
73 98
48 384
280 470
421 183
306 58
346 476
24 486
227 158
458 186
357 386
14 490
394 362
326 494
458 292
83 380
322 492
195 335
63 90
263 51
48 244
376 31
438 220
158 176
367 328
230 325
145 212
451 467
235 60
62 199
253 309
456 89
304 275
64 87
450 85
282 130
175 155
338 313
149 76
139 208
335 395
423 93
247 84
483 156
484 326
272 274
238 350
424 137
227 314
141 265
431 453
94 297
172 462
364 415
34 40
198 483
68 79
146 16
302 83
195 207
36 478
382 10
126 486
305 86
170 197
311 395
232 8
374 157
51 265
165 388
177 473
322 413
236 406
484 138
75 57
206 114
408 429
320 403
394 321
124 89
453 426
72 73
318 289
176 144
408 75
36 84
149 207
121 215
118 377
191 474
387 421
423 489
177 294
186 199
250 98
38 120
383 397
340 406
372 59
439 408
297 60
306 427
287 355
274 313
407 404
415 451
68 313
144 187
343 107
55 41
103 320
32 474
255 207
312 277
59 8
274 309
360 82
453 327
262 495
453 91
78 106
72 271
472 8
161 406
242 366
97 420
483 302
119 94
214 203
461 441
53 493
369 362
449 190
369 31
180 166
223 65
417 101
262 32
446 152
385 151
412 161
211 317
406 281
459 119
312 347
170 260
7 492
439 64
380 208
324 381
355 253
166 330
144 285
439 96
376 480
441 489
208 263
409 79
57 93
32 156
482 296
230 71
45 342
450 18
83 165
38 76
458 101
226 497
37 462
249 315
349 177
355 397
371 36
2 50
311 371
428 286
9 118
323 95
71 255
346 111
144 449
395 308
108 449
43 474
423 301
21 391
130 54
441 435
257 207
488 10
200 242
122 117
153 130
349 19
179 463
224 263
381 311
294 423
350 175
274 431
421 434
253 300
395 92
189 314
405 61
442 476
497 277
307 196
93 91
51 95
341 271
62 109
167 117
333 133
274 271
324 309
428 393
244 239
180 255
259 302
438 349
90 474
219 171
12 261
242 382
73 175
20 403
201 147
162 328
167 307
142 296
480 5
243 102
325 316
398 146
60 452
166 214
436 186
271 33
354 173
210 272
243 245
180 210
394 100
332 370
187 288
489 369
470 227
250 297
20 475
269 170
431 234
330 499
479 63
404 83
361 203
89 371
236 51
131 174
290 203
366 126
179 169
397 298
470 249
461 166
43 367
87 357
402 101
89 19
435 469
114 477
158 148
131 433
201 292
242 154
308 228
47 462
353 136
209 488
60 250
411 76
453 216
461 157
211 34
414 77
47 131
402 175
407 313
307 304
254 392
183 136
0 124
67 430
398 89
196 343
270 346
459 386
70 31
82 380
29 46
244 94
44 154
472 379
256 254
421 416
132 410
300 420
277 308
399 211
222 379
233 102
217 321
191 138
6 193
376 365
278 0
431 487
91 412
47 225
138 439
30 49
499 368
399 335
112 156
427 194
58 162
351 291
75 262
451 291
181 439
370 261
377 383
277 469
295 410
296 197
56 211
251 448
398 249
216 71
325 376
264 342
428 60
228 375
257 369
263 261
58 46
40 302
268 25
184 344
302 205
88 4
109 63
6 482
208 110
481 155
185 157
62 118
246 77
176 372
142 218
170 240
376 259
186 447
81 335
463 96
461 268
282 306
72 499
450 33
72 198
68 393
473 102
285 452
482 438
368 272
211 292
333 485
154 439
378 125
432 339
484 468
253 174
108 35
246 349
441 236
314 302
468 321
397 103
468 267
86 63
212 495
410 478
175 61
305 290
499 331
241 147
298 99
262 492
285 217
166 414
440 166
304 346
464 224
101 242
151 438
406 142
177 339
260 416
422 231
416 234
339 442
464 45
168 163
133 23
464 19
367 195
32 444
83 146
224 148
295 359
122 436
147 248
415 349
131 362
490 77
27 447
120 471
326 110
81 497
485 118
235 201
43 328
265 302
222 213
425 230
249 265
241 449
162 207
479 340
185 401
5 22
120 277
62 59
208 19
400 46
394 55
202 104
261 110
338 55
458 309
56 490
426 65
469 341
270 125
12 380
249 126
421 451
338 109
76 481
196 240
139 99
189 234
83 314
161 142
55 412
244 366
481 246
58 127
353 317
164 174
13 274
144 103
85 17
83 20
208 430
86 206
173 185
74 404
451 7
448 392
93 136
161 106
43 217
271 205
93 181
20 91
17 261
177 166
3 253
134 25
45 326
480 490
248 204
252 238
68 428
423 214
231 370
17 171
170 350
236 220
399 273
257 14
77 172
346 340
492 263
351 306
490 389
291 303
360 344
7 67
47 142
75 389
98 396
231 336
115 376
156 414
489 473
190 434
381 158
247 72
186 134
403 437
83 137
44 399
363 432
81 436
20 281
150 441
306 462
285 252
137 7
158 396
352 435
75 114
457 411
46 457
252 336
202 420
307 379
210 167
282 87
299 24
258 345
345 80
84 201
200 199
85 262
274 171
3 497
141 377
371 232
386 371
240 213
385 210
197 16
38 480
375 63
44 9
53 393
20 367
14 232
301 361
194 431
106 84
251 55
317 392
424 12
231 5
270 175
409 152
400 297
379 316
484 215
296 184
298 9
397 419
60 288
220 142
419 71
13 56
209 364
45 471
277 343
159 166
481 223
172 25
467 167
366 494
5 395
199 443
129 375
358 55
148 386
446 73
110 22
236 172
313 473
70 83
369 23
248 388
421 156
356 249
85 77
445 490
87 409
1 369
48 359
256 403
446 321
72 433
21 37
482 373
278 430
196 106
437 446
83 153
313 397
69 246
356 291
182 38
173 155
357 322
123 67
182 446
430 12
437 349
43 259
347 390
480 173
452 226
35 489
157 293
311 328
107 229
352 116
215 44
69 333
166 380
434 167
60 104
489 101
30 391
142 240
435 25
494 296
450 173
277 378
441 171
216 458
1 327
202 59
274 469
360 312
401 398
392 169
278 33
404 58
32 358
206 233
344 77
231 19
210 28
271 43
354 203
20 307
219 101
156 282
228 493
143 297
241 307
111 30
326 193
71 299
232 399
311 282
177 68
36 403
487 115
444 355
92 478
423 53
325 188
8 480
462 65
74 108
155 472
409 458
258 300
111 102
100 60
300 210
385 488
167 498
179 313
111 477
446 484
276 417
438 79
137 2
38 90
82 89
460 5
61 336
230 6
55 385
403 42
130 394
425 104
23 443
128 413
325 194
454 39
419 462
47 159
27 349
18 470
369 473
292 497
107 337
141 112
135 431
164 50
74 79
94 166
79 497
214 250
394 186
288 169
335 303
223 173
0 3
299 215
455 414
51 267
150 168
496 407
69 351
174 163
61 143
400 142
139 258
33 466
340 310
373 24
496 58
22 56
260 89
140 188
232 33
352 95
364 244
82 363
300 340
115 323
319 443
173 496
164 339
231 456
312 69
259 63
268 362
75 339
9 477
129 271
314 370
331 297
134 448
186 479
195 365
384 200
274 222
444 492
265 258
155 409
190 362
125 445
420 173
56 461
407 437
418 7
191 193
95 229
455 121
218 319
128 51
380 71
282 83
152 40
350 81
96 497
309 313
325 36
81 424
162 33
126 487
303 375
400 257
139 198
235 488
471 416
180 57
146 489
416 434
83 327
417 242
174 481
460 134
380 293
105 412
360 487
339 314
158 33
472 293
490 133
389 20
268 280
131 97
19 153
235 471
90 262
153 224
93 290
119 218
246 118
364 237
279 85
445 305
4 249
13 493
44 489
106 110
156 191
192 150
129 490
296 211
177 75
489 211
370 7
15 317
198 159
420 35
451 32
35 3
389 340
293 428
61 260
176 143
251 476
456 291
8 320
496 368
468 138
133 26
119 64
416 472
225 169
5 333
238 463
73 49
268 2
198 401
172 211
346 80
183 352
443 278
462 392
110 100
54 444
31 395
124 348
410 186
130 232
373 156
149 242
210 452
175 129
383 44
304 305
454 96
343 439
6 125
34 175
382 117
425 148
370 10
467 193
494 92
161 60
147 465
52 143
378 337
38 368
265 129
480 132
97 128
129 122
161 465
271 266
133 379
338 482
59 254
115 280
210 298
116 410
420 417
55 399
50 497
184 18
437 394
190 290
387 169
350 222
12 242
482 53
118 405
98 451
70 258
336 459
18 115
159 46
7 127
12 224
278 160
368 153
68 105
197 399
405 490
321 319
256 221
446 186
133 4
76 226
381 343
456 406
471 168
383 462
394 158
470 299
65 13
275 350
67 118
385 269
229 345
194 386
161 264
290 321
163 310
238 233
467 95
457 306
383 385
275 56
2 223
482 461
88 460
305 352
402 128
289 220
300 14
142 346
212 407
174 39
160 103
462 335
429 152
476 328
484 358
253 183
362 16
158 264
438 310
486 435
253 111
373 433
158 336
100 74
462 334
394 432
299 326
455 395
348 259
133 294
145 237
104 419
337 117
71 280
255 463
97 415
308 369
140 479
166 292
84 218
30 138
413 454
480 374
239 281
193 336
434 299
228 103
369 497
289 113
440 255
0 322
434 223
337 198
461 401
31 82
311 91
424 75
433 220
124 77
444 455
58 102
179 25
227 255
361 200
167 311
143 451
3 57
365 412
23 179
153 77
168 365
139 268
81 466
348 287
266 305
358 278
63 204
345 350
55 142
186 331
445 442
372 396
489 445
495 213
256 332
275 235
113 397
329 434
252 451
102 272
92 326
136 434
314 369
319 106
424 328
159 365
325 106
354 406
430 20
210 492
72 126
432 218
77 100
384 329
219 48
482 496
444 488
483 172
128 25
364 430
92 414
28 394
365 395
273 492
68 403
235 35
200 477
58 373
244 374
190 166
350 189
98 269
2 380
398 107
195 455
93 29
172 121
207 247
235 322
8 312
116 202
424 18
267 347
472 19
465 494
33 359
221 263
87 363
66 435
88 101
354 20
344 72
458 94
306 333
244 356
368 392
100 71
382 5
396 380
228 114
369 82
221 91
295 422
436 456
146 181
388 156
225 283
15 352
343 26
200 80
294 325
338 227
224 60
95 417
137 8
100 143
47 117
90 210
228 15
329 340
283 183
33 392
79 444
383 398
410 229
431 400
205 468
289 421
433 114
173 401
152 355
325 381
467 480
355 223
149 218
96 211
167 304
144 52
16 270
338 20
434 132
494 189
176 376
204 360
185 379
407 446
422 305
61 38
47 497
237 177
362 40
78 315
389 101
224 339
127 235
4 197
415 100
86 304
434 448
140 306
491 357
209 158
227 11
304 109
36 461
405 373
402 10
449 354
39 354
91 74
391 396
343 168
159 94
284 431
464 22
459 445
341 289
3 347
270 176
414 367
71 78
218 256
431 193
119 498
45 33
482 228
8 329
317 178
259 130
330 276
116 393
56 342
474 29
477 225
357 119
223 108
224 256
482 405
56 253
5 223
296 469
335 283
454 58
375 243
98 497
88 2
145 373
36 126
26677 -1 -1 -1 -1 17555 -1 -1 -1 -1 -1 53479 -1 -1 -1 -1 -1 -1 -1 -1 5104 -1 -1 -1 -1 -1 -1 6785 -1 -1 -1 -1 -1 -1 -1 17613 -1 -1 -1 -1 -1 -1 -1 -1 -1 24736 -1 -1 -1 -1 -1 -1 -1 20741 -1 -1 -1 -1 -1 -1 -1 -1 -1 5631 33398 -1 -1 -1 30659 -1 -1 57070 -1 13502 23844 -1 -1 -1 -1 -1 -1 -1 -1 -1 -1 -1 -1 -1 -1 -1 -1 -1 -1 63223 57969 -1 -1 -1 -1 -1 -1 4001 14365 -1 -1 -1 -1 18879 -1 -1 -1 -1 -1 -1 -1 -1 -1 -1 -1 -1 -1 53809 55619 -1 -1 -1 -1 -1 4971 -1 -1 -1 -1 65213 -1 -1 22750 -1 -1 13693 -1 -1 -1 -1 -1 -1 -1 42412 -1 -1 -1 20906 -1 -1 -1 -1 -1 -1 -1 -1 -1 -1 -1 -1 909 41645 -1 -1 -1 -1 -1 -1 -1 -1 -1 -1 -1 -1 -1 -1 65105 25303 -1 9491 -1 -1 -1 29213 44866 -1 1162 -1 58107 -1 43912 -1 -1 -1 -1 -1 -1 -1 -1 -1 -1 -1 36676 -1 -1 -1 -1 -1 -1 -1 -1 -1 -1 -1 -1 7846 -1 -1 -1 -1 -1 -1 -1 50736 -1 -1 -1 -1 -1 -1 -1 -1 -1 -1 -1 33684 -1 -1 -1 -1 -1 -1 -1 24904 -1 -1 -1 -1 43910 -1 13807 -1 -1 -1 44516 31601 -1 -1 -1 -1 -1 -1 34106 51431 -1 -1 48525 -1 -1 -1 16871 64442 -1 -1 -1 -1 -1 -1 -1 58962 -1 39332 -1 28 -1 -1 -1 -1 -1 56181 -1 15926 -1 46027 -1 41566 -1 22179 -1 -1 -1 59601 -1 -1 -1 -1 11166 -1 -1 -1 26606 -1 -1 41848 -1 -1 58924 -1 -1 -1 -1 -1 -1 -1 -1 10081 21328 -1 -1 -1 -1 -1 -1 -1 -1 -1 -1 -1 -1 -1 1344 27679 -1 57941 19458 -1 -1 -1 -1 -1 -1 -1 43177 -1 -1 37000 -1 -1 -1 -1 -1 39425 16354 -1 -1 -1 -1 61689 -1 -1 -1 -1 10410 53208 -1 -1 -1 27371 -1 -1 -1 6284 16637 -1 -1 -1 9182 -1 -1 -1 -1 -1 -1 46876 -1 60346 29064 -1 -1 -1 -1 -1 -1 -1 -1 40655 24692 -1 -1 -1 -1 -1 -1 -1 -1 -1 -1 -1 -1 -1 -1 -1 -1 -1 -1 -1 -1 -1 -1 -1 -1 25586 -1 -1 -1 -1 -1 -1 -1 -1 47211 -1 -1 -1 -1 -1 -1 -1 -1 -1 46604 -1 -1 -1 -1 23276 -1 -1 -1 -1 -1 -1 -1 -1 -1 -1 -1 -1 -1 -1 -1 -1 -1 -1 -1 -1 -1 -1 -1 -1 -1 -1 -1 -1 32918 6220 -1 -1 -1 1961 57147 -1 -1 -1 3516 -1
10
0 293 5 454 0
1 128 9 93 11
0 151 0 1 1
1 49 12 354 13
1 388 12 164 14
1 255 13 70 6
1 465 6 0 14
1 340 7 385 5
1 454 2 364 5
0 92 12 342 5
