500 2000
399 38
474 443
78 249
236 210
214 414
342 255
68 77
36 89
85 395
66 102
229 399
474 419
55 497
34 108
194 211
184 149
43 467
184 171
156 304
448 295
151 364
62 5
470 270
223 56
52 106
45 24
115 98
284 252
80 302
94 259
150 81
437 228
153 255
345 442
273 97
8 171
108 478
134 269
380 234
41 158
221 336
190 350
89 246
340 178
324 427
419 390
248 14
45 32
81 57
284 345
297 453
428 264
377 9
325 370
396 350
125 202
161 150
403 315
323 44
397 362
455 115
23 59
19 130
335 173
21 192
419 453
473 477
321 18
86 114
75 113
32 240
488 361
108 482
124 1
106 206
120 224
160 398
89 355
125 291
295 237
481 135
64 196
478 76
34 412
447 316
65 331
266 176
153 442
4 284
470 70
306 247
408 291
384 398
257 71
352 303
366 61
191 88
209 149
158 49
298 143
65 280
168 460
143 184
322 231
199 157
234 147
310 199
52 147
305 347
10 156
311 235
344 441
205 10
454 498
464 469
225 363
339 424
105 452
286 477
70 414
257 216
426 55
105 106
139 370
406 456
116 13
269 150
369 343
190 375
490 350
193 213
362 237
99 183
327 150
161 307
157 246
155 7
147 84
346 356
167 195
352 3
256 308
201 39
113 274
17 291
423 158
392 221
245 114
53 426
78 2
287 2
220 104
403 143
272 50
210 360
478 445
285 92
443 304
372 365
200 267
4 177
64 284
439 367
250 143
292 451
149 495
362 243
231 216
455 412
179 224
55 436
399 92
95 126
484 448
298 371
236 182
31 121
46 377
465 392
340 263
288 124
138 376
269 123
496 448
115 72
379 260
78 58
229 288
338 278
363 377
268 471
498 166
254 315
172 20
262 354
484 54
398 240
87 381
413 458
279 126
186 82
145 458
407 202
291 282
28 383
223 350
453 396
451 44
329 433
441 263
197 258
386 82
55 89
57 185
303 52
346 476
2 215
122 128
438 147
37 484
166 414
93 6
16 234
135 143
221 291
468 204
140 41
485 248
485 18
323 153
49 458
462 497
229 140
157 313
469 498
305 168
452 425
270 294
177 402
62 190
172 352
135 6
270 26
105 351
144 451
99 392
374 294
105 153
150 382
174 122
205 242
444 60
257 28
248 7
320 465
245 409
151 401
411 361
171 440
104 47
236 54
53 380
183 61
91 136
36 265
274 100
35 291
256 387
348 148
203 96
358 6
428 128
122 173
29 392
220 335
184 199
233 239
492 168
97 419
458 419
451 221
459 97
459 62
241 137
140 265
228 165
404 267
11 349
398 497
424 438
348 7
447 476
88 0
364 357
218 388
178 75
12 180
97 112
438 300
291 326
401 443
207 240
301 265
453 152
403 127
104 484
121 7
489 171
193 489
277 356
130 29
38 136
344 15
399 43
130 217
353 424
432 451
150 258
90 481
170 385
200 307
81 42
247 317
389 127
59 198
448 177
382 415
171 364
329 327
245 11
200 260
155 426
189 259
14 119
218 136
471 437
334 162
154 371
409 257
217 132
286 114
313 71
247 177
150 393
377 41
470 177
355 266
316 26
1 227
262 230
354 370
333 195
231 311
119 302
347 292
349 287
457 163
366 423
299 424
265 124
327 448
376 435
376 258
372 477
341 466
62 83
190 113
403 310
453 410
21 221
476 131
299 466
95 384
343 406
146 192
176 380
379 248
86 413
305 275
144 183
69 444
498 387
252 384
437 26
277 255
73 170
100 61
51 158
150 145
235 212
138 77
134 156
121 313
66 345
282 63
57 221
363 348
170 194
60 30
31 154
220 376
15 61
218 454
481 329
161 327
385 409
52 467
447 145
436 158
475 18
226 240
311 273
88 19
430 446
280 350
19 459
19 14
110 330
199 219
185 297
67 108
71 111
124 129
291 379
471 21
410 141
406 81
47 392
386 39
243 450
455 341
410 499
295 203
267 0
187 148
266 8
27 268
369 254
166 467
230 329
166 37
271 437
207 415
233 452
391 189
286 243
190 372
306 117
305 383
84 174
406 128
277 400
32 314
484 396
299 468
496 139
422 457
0 485
246 3
443 96
397 201
318 456
153 380
470 87
325 464
484 420
324 322
466 333
94 27
287 241
328 208
8 473
83 350
465 231
95 198
288 495
347 313
350 81
242 97
461 257
186 303
42 247
19 86
165 89
146 71
92 40
144 77
450 301
245 301
113 325
5 291
291 63
211 174
121 298
248 305
27 312
465 432
287 236
481 377
305 431
58 118
471 403
16 253
390 344
302 233
466 48
391 287
400 211
490 281
460 287
448 222
270 38
195 310
453 43
251 185
109 467
386 242
111 206
480 179
122 342
461 3
207 364
296 265
321 167
226 401
167 84
143 266
73 316
10 89
138 353
382 416
37 223
172 478
251 63
152 184
405 296
29 438
93 193
191 108
56 186
16 463
297 138
223 251
399 462
183 156
250 471
348 306
18 74
388 310
159 237
187 433
184 465
130 93
487 141
19 436
382 73
50 239
437 243
478 463
22 194
206 135
17 491
390 427
302 24
487 149
23 406
174 227
139 347
90 293
361 358
487 308
410 124
299 189
102 220
222 125
182 71
497 233
352 165
238 20
399 466
288 404
322 369
9 432
18 367
65 133
298 372
68 270
245 283
204 309
22 244
19 179
478 13
275 289
125 470
251 279
407 430
103 453
247 103
224 45
350 100
56 174
79 284
19 89
282 22
343 395
89 301
443 484
301 382
205 481
499 241
158 398
32 175
188 321
15 319
104 361
12 485
258 430
467 167
250 359
366 246
398 379
429 187
413 393
213 55
58 487
184 468
35 316
382 112
391 361
14 223
109 26
238 438
435 462
339 61
140 231
467 69
225 229
257 131
186 132
431 93
405 102
2 346
159 494
496 9
359 43
429 66
86 394
497 169
411 397
464 132
366 212
3 209
54 392
63 86
341 365
383 208
447 274
63 244
440 362
149 298
287 46
372 223
197 259
211 203
230 320
467 326
245 459
238 425
347 261
90 99
172 422
135 388
462 182
324 454
78 298
143 341
462 87
464 244
3 453
39 471
187 447
350 469
199 9
452 67
242 391
61 192
341 383
255 291
371 178
225 336
434 376
72 457
165 173
253 401
158 182
315 459
385 153
190 80
498 43
258 44
77 207
17 27
68 421
447 20
263 399
311 195
169 464
478 21
425 23
53 152
4 200
334 66
164 457
325 220
227 405
464 261
132 55
35 451
393 166
356 309
28 169
365 267
307 217
331 440
255 99
484 294
212 244
436 127
277 249
272 444
172 335
294 2
161 425
394 72
392 149
388 195
391 159
496 320
51 76
107 113
343 105
44 102
153 203
147 228
142 101
319 49
431 424
96 330
66 497
498 187
359 159
383 111
327 209
87 312
12 388
465 104
57 463
239 283
240 199
347 253
42 4
159 347
468 218
295 358
214 286
362 70
129 402
193 296
65 104
1 273
281 266
232 200
289 224
421 429
484 245
249 288
421 56
45 286
89 187
108 276
390 403
114 5
361 128
302 75
479 462
379 480
417 459
428 377
38 290
449 453
452 51
174 384
478 229
80 17
219 333
302 391
95 246
72 222
60 144
144 237
398 156
280 274
293 94
168 109
444 327
81 4
218 358
267 229
8 348
226 271
73 260
219 32
244 169
414 342
19 80
233 104
176 2
275 49
17 127
143 263
479 61
35 123
68 454
47 132
415 484
70 164
105 190
339 151
83 280
30 205
451 346
479 217
369 368
414 406
68 76
88 273
122 90
27 126
407 360
379 392
128 262
392 385
360 10
287 446
150 274
167 416
377 303
192 109
233 347
339 497
285 68
221 193
159 227
461 8
121 339
166 176
44 213
275 233
368 92
37 75
22 150
314 494
80 128
487 384
149 484
300 84
458 194
16 331
497 441
124 447
118 448
483 458
184 474
56 427
132 94
224 202
150 127
142 34
358 217
85 44
169 213
164 306
143 109
408 418
166 152
296 364
299 382
161 38
394 347
38 253
371 482
257 77
303 156
42 64
348 332
252 253
464 369
489 461
414 180
218 292
435 272
307 362
238 112
362 247
82 416
130 305
212 200
399 241
399 0
179 455
181 375
446 483
263 471
126 171
17 248
271 23
125 176
144 222
196 33
46 438
243 307
384 421
487 197
6 37
56 254
79 120
335 359
165 104
54 402
41 438
35 326
62 168
218 57
488 459
187 50
302 89
83 167
455 254
77 457
178 174
55 360
242 225
473 448
359 83
149 404
74 395
191 118
400 0
301 344
225 274
287 63
158 245
174 18
143 354
417 101
208 2
393 396
146 446
299 303
59 93
239 380
427 203
105 195
43 216
223 490
92 232
315 143
489 129
281 242
326 183
295 191
283 229
260 459
109 38
292 398
132 176
57 487
165 133
344 243
399 8
335 496
54 17
242 111
166 314
98 170
237 19
444 387
39 131
199 471
484 446
350 94
441 416
469 411
92 256
386 207
287 491
444 452
112 137
321 207
425 38
313 212
223 182
221 80
226 263
201 287
409 36
363 259
341 132
240 102
277 301
437 73
72 462
477 159
242 359
36 65
256 243
74 426
42 185
241 441
404 485
34 258
450 42
470 347
198 329
376 43
194 69
134 249
41 421
302 325
54 352
283 87
67 70
451 356
328 202
434 301
470 446
241 77
53 197
464 453
119 250
243 301
117 131
240 419
186 411
318 494
26 232
207 131
462 2
175 303
98 256
12 98
268 206
262 142
120 108
64 474
314 245
468 463
125 317
347 164
456 330
83 233
200 292
250 117
27 340
298 490
196 10
309 129
159 150
164 128
207 76
195 70
287 233
294 213
179 42
117 297
313 469
334 259
430 331
140 202
323 178
353 143
190 291
21 210
379 410
63 60
65 97
390 24
42 236
24 496
59 46
418 264
242 228
305 452
288 198
210 172
20 93
158 213
275 6
364 468
43 201
27 261
27 156
85 455
203 172
55 20
466 82
85 250
218 351
1 96
494 367
85 151
369 387
390 58
187 300
255 465
2 203
206 398
143 152
491 419
110 223
423 323
407 190
56 310
161 97
372 401
244 254
295 259
54 262
7 86
411 83
6 222
75 322
433 143
53 211
273 153
88 464
23 191
3 21
419 397
261 389
201 162
397 52
410 280
471 389
97 238
365 246
207 176
415 472
423 321
389 290
145 431
349 90
285 64
65 15
144 194
494 103
486 308
159 127
274 415
488 96
359 95
105 210
391 403
342 378
468 121
107 225
109 48
60 152
77 303
161 273
273 200
172 134
181 437
345 421
324 58
267 327
481 335
88 115
383 41
398 161
412 290
496 91
75 145
36 55
94 335
425 413
161 225
44 36
385 446
80 244
377 94
104 475
98 74
490 216
209 475
369 228
122 436
243 440
38 499
433 208
463 305
50 374
320 289
84 201
329 314
294 430
330 261
218 431
93 145
375 395
246 54
336 157
298 385
489 434
242 274
318 173
427 368
431 207
472 199
498 180
125 293
471 488
33 447
491 72
296 142
141 142
27 122
51 338
47 208
270 293
381 34
333 360
44 23
58 427
6 40
438 245
119 282
326 242
495 55
170 38
455 203
432 399
214 395
27 123
252 141
493 7
393 382
217 205
167 431
480 334
58 44
18 173
333 393
261 174
55 185
452 356
215 230
295 2
54 25
209 498
213 451
299 192
93 195
382 427
490 6
85 125
157 291
176 284
119 408
258 497
106 286
295 277
406 129
446 387
101 163
499 173
314 378
35 355
83 336
94 497
329 382
262 288
218 82
189 465
385 495
140 408
57 113
422 445
162 416
266 328
277 308
249 136
418 206
209 248
330 101
374 446
104 6
69 229
371 442
188 152
336 456
127 448
366 232
147 149
100 312
193 295
490 85
68 253
393 6
215 75
169 102
401 308
222 254
264 421
285 61
63 217
90 298
272 240
312 309
53 418
205 20
102 139
46 263
126 215
224 482
173 397
67 447
325 34
72 213
171 111
228 124
90 206
418 344
176 143
39 313
434 408
233 168
382 440
314 73
87 11
225 170
253 247
294 41
432 402
244 60
34 377
263 215
317 135
495 178
422 489
49 417
279 353
370 32
498 421
455 75
474 168
54 89
156 482
466 129
274 336
442 266
296 380
57 330
445 348
6 252
58 126
235 398
333 15
24 179
433 310
481 202
198 149
160 96
104 241
410 98
272 70
273 69
244 381
388 446
101 208
356 8
490 255
232 222
164 270
112 187
317 467
310 326
225 384
277 326
379 388
312 59
259 349
97 443
489 427
447 258
303 73
443 50
40 406
260 65
150 215
48 37
391 183
193 350
489 346
419 2
79 378
452 387
472 138
80 204
47 423
258 2
56 17
323 53
107 99
281 195
439 259
91 358
213 480
315 13
373 262
169 53
181 165
398 413
265 195
470 109
353 310
79 358
374 221
344 377
213 155
2 93
264 183
339 391
17 133
211 25
304 35
207 448
340 311
368 25
90 101
466 313
98 223
46 230
70 376
173 162
142 102
94 16
308 468
385 375
175 479
433 464
351 319
190 187
473 321
201 218
322 304
352 493
111 16
388 435
440 136
300 15
494 326
437 328
321 271
252 222
106 65
38 27
462 160
206 483
478 143
438 411
343 34
279 412
451 487
222 299
419 398
309 328
323 46
156 86
383 278
183 438
116 381
351 20
71 286
397 38
305 388
302 476
335 31
77 372
473 176
398 278
207 262
56 215
441 171
405 460
13 26
374 409
305 260
36 135
366 363
379 80
199 139
238 397
250 172
399 437
254 82
325 283
274 43
21 182
413 477
143 395
197 342
269 6
364 237
145 214
493 461
116 283
297 242
461 88
301 375
439 411
496 351
261 460
332 215
490 399
109 372
204 438
59 364
125 47
414 223
305 179
431 54
300 59
329 17
17 4
97 464
336 142
280 376
289 416
179 171
145 362
114 68
30 345
459 304
112 67
240 438
474 213
203 463
354 453
442 82
453 342
498 169
159 327
267 211
492 320
360 464
315 213
14 401
341 221
471 100
64 493
356 442
168 181
490 80
210 344
427 403
19 394
200 455
435 194
332 187
366 319
314 15
249 175
462 343
110 139
497 353
114 389
298 87
373 103
451 313
353 339
10 85
12 444
258 319
84 360
411 213
414 221
455 433
412 182
248 333
292 128
81 110
23 52
443 76
378 457
83 21
358 187
5 332
17 473
496 407
339 225
345 65
57 295
197 435
376 60
156 475
312 362
461 85
253 83
74 83
282 347
279 98
169 490
217 293
458 227
398 425
496 379
46 251
428 184
205 424
358 299
311 141
306 15
92 464
11 317
497 379
189 322
87 363
138 152
258 77
415 166
19 117
489 382
312 225
366 19
439 70
58 61
274 289
17 427
370 123
451 401
48 469
375 458
254 436
8 250
205 362
31 282
247 139
77 386
443 60
36 232
317 107
309 357
6 91
499 267
375 495
219 248
33 231
176 17
183 214
253 385
428 56
469 390
183 459
107 297
433 68
418 248
233 489
7 143
490 314
305 434
97 171
100 429
65 344
444 56
493 378
65 105
157 434
211 268
365 22
205 64
289 286
70 308
208 90
174 125
271 343
213 88
100 215
249 355
437 201
176 133
483 198
321 369
200 169
385 215
334 442
58 121
404 398
47 349
344 24
295 379
456 234
182 237
388 312
4 192
310 370
375 380
238 358
264 135
294 53
362 175
380 226
387 495
468 115
239 185
83 3
405 486
30 234
155 23
485 113
21 266
130 180
16 199
335 163
437 258
11 340
46 139
95 123
285 175
201 58
378 323
286 213
56 265
368 215
401 232
46 239
76 499
179 126
117 485
244 423
391 93
205 9
214 435
64 385
400 430
358 55
114 372
26 48
83 459
201 366
339 45
294 352
228 275
213 154
388 272
192 481
410 163
60 255
465 46
470 30
11 364
266 162
167 244
319 440
110 323
353 235
317 436
14 197
248 179
469 186
72 432
227 183
95 109
259 279
379 186
91 298
283 19
256 250
435 406
91 232
85 305
55 113
216 40
98 406
339 272
350 241
499 412
488 202
399 4
394 498
133 363
5 64
85 324
287 98
316 301
495 431
492 409
405 228
143 406
491 423
374 401
490 446
340 483
137 68
206 239
9 99
284 180
440 231
198 440
45 211
414 297
391 220
154 28
290 237
191 333
283 125
469 486
369 480
441 130
136 97
68 0
495 226
316 85
410 165
241 485
175 329
196 211
238 240
328 146
3 446
342 398
368 115
100 401
192 57
290 476
281 97
87 455
0 93
492 248
408 47
108 300
472 281
153 399
497 438
100 53
298 299
295 194
87 17
97 20
469 339
340 220
302 116
459 227
25 477
477 380
293 220
254 357
419 227
477 8
344 345
476 424
74 402
441 327
398 17
190 405
48 358
409 9
240 43
329 261
348 476
139 466
259 466
325 299
333 428
366 244
293 7
112 193
269 149
21 392
207 432
124 267
213 63
332 121
9 420
339 37
84 48
307 194
222 119
458 252
274 384
310 375
64 448
386 86
404 0
59 360
39 355
420 441
469 133
254 74
167 464
396 448
412 338
394 67
108 470
44 268
245 492
413 349
63 496
49 307
62 37
492 197
397 220
453 119
278 312
327 45
438 17
227 334
260 445
417 413
233 422
169 178
349 28
359 322
0 58
58 153
125 212
297 370
436 499
203 129
356 205
12 378
402 120
425 476
421 415
180 356
54 103
3 100
34 355
111 204
437 276
5 333
315 340
91 335
496 369
197 213
123 173
251 361
444 332
373 419
131 19
52 183
332 244
185 289
58 65
271 434
310 460
178 321
162 132
250 334
399 355
19 344
222 452
226 364
339 440
2 37
369 290
30 160
177 388
154 484
62 481
142 370
81 191
11 151
426 454
479 11
14 476
341 370
278 433
50 61
319 97
455 7
488 164
207 477
350 467
357 423
488 67
297 254
243 352
160 88
6 298
101 271
475 278
424 160
128 135
446 132
452 73
246 14
326 237
60 439
274 101
-1 55451 -1 -1 43585 -1 -1 -1 -1 -1 6841 -1 50826 -1 -1 -1 -1 -1 -1 -1 32539 35462 57845 27394 -1 40295 45293 -1 -1 -1 -1 -1 2524 -1 -1 -1 -1 -1 -1 -1 -1 -1 -1 -1 -1 -1 9261 64292 -1 -1 62245 31933 -1 -1 41901 -1 -1 -1 -1 -1 39395 -1 -1 26143 9054 -1 19680 -1 -1 -1 -1 -1 -1 -1 -1 19598 24924 -1 -1 -1 29080 -1 -1 -1 -1 -1 -1 -1 -1 -1 -1 24926 -1 -1 37099 -1 30170 -1 -1 -1 -1 -1 -1 -1 -1 -1 -1 -1 50804 -1 -1 -1 -1 -1 -1 -1 -1 5432 -1 -1 -1 15310 -1 -1 39180 39764 -1 29836 -1 8473 -1 -1 21448 -1 -1 -1 -1 55102 -1 -1 -1 -1 -1 46772 63274 -1 -1 -1 13846 -1 17921 -1 19802 -1 -1 -1 42710 -1 9311 26596 -1 -1 609 -1 -1 -1 -1 -1 36219 -1 31020 -1 -1 -1 -1 -1 54938 60746 -1 -1 21692 -1 -1 -1 -1 -1 -1 -1 -1 -1 -1 -1 24774 -1 -1 -1 -1 46665 -1 -1 -1 -1 -1 -1 -1 -1 -1 -1 29489 -1 34693 -1 -1 -1 -1 -1 50853 58818 -1 -1 -1 -1 -1 -1 -1 -1 -1 -1 -1 -1 39541 -1 -1 45546 54257 -1 -1 -1 -1 -1 -1 -1 -1 21057 -1 -1 -1 -1 -1 -1 -1 -1 -1 -1 -1 -1 58822 -1 4935 -1 24609 -1 -1 -1 -1 -1 -1 -1 15995 32703 -1 -1 -1 54398 5780 -1 -1 -1 -1 -1 -1 -1 -1 -1 -1 -1 -1 -1 -1 -1 -1 -1 -1 -1 -1 18241 -1 -1 -1 -1 -1 -1 -1 -1 -1 -1 -1 -1 -1 -1 -1 -1 -1 -1 -1 -1 -1 -1 -1 -1 40264 4996 -1 -1 59815 -1 -1 62113 62167 -1 -1 -1 -1 15223 -1 -1 -1 -1 50210 -1 -1 -1 56554 -1 -1 -1 -1 -1 -1 30344 -1 2618 -1 -1 -1 64272 -1 -1 -1 -1 -1 -1 -1 4571 -1 -1 -1 -1 -1 -1 25223 39541 -1 55967 23421 21896 12612 -1 38605 -1 -1 -1 -1 30990 -1 -1 -1 -1 63463 -1 -1 -1 -1 -1 -1 960 52642 -1 -1 -1 -1 -1 -1 -1 -1 -1 -1 -1 52811 -1 -1 -1 -1 -1 -1 -1 -1 -1 -1 -1 -1 -1 -1 -1 -1 -1 52521 -1 -1 60963 -1 -1 -1 -1 -1 -1 -1 -1 -1 -1 52359 -1 -1 -1 8580 -1 -1 -1 -1 -1 -1 -1 -1 -1 1064 -1 -1 -1 -1 38362 -1 -1 -1 9849 50061 -1 -1 -1 -1 18194 56151 3493 -1 23342 -1 -1 -1 -1 -1 -1 -1 -1 -1 -1 -1 -1 -1 -1 -1 63365 -1 50513 -1 -1 -1 -1 -1 -1 -1 -1
6
1 152 15 94 6
1 127 7 84 9
1 200 3 366 14
0 88 0 348 11
1 287 11 34 15
1 440 11 437 12
