500 2000
238 53
361 238
455 51
133 286
255 54
366 85
40 211
59 182
238 39
154 242
127 7
15 438
194 5
91 413
178 49
436 351
477 281
207 390
167 470
171 95
315 478
96 479
110 359
265 85
14 464
120 226
361 419
483 178
319 150
166 384
14 246
336 329
491 268
160 77
469 471
277 362
321 16
49 274
223 416
49 339
485 65
278 439
226 10
399 180
15 404
495 299
127 86
170 424
4 492
172 348
62 125
337 142
333 193
127 224
69 297
105 10
26 318
430 224
325 4
456 182
164 70
289 349
227 116
321 312
448 245
232 258
307 401
11 499
453 237
167 104
249 498
125 120
334 39
425 310
491 302
2 180
466 248
248 28
480 51
90 124
301 254
94 485
106 447
20 157
182 43
57 335
432 9
432 453
411 217
242 225
310 443
251 41
434 206
405 47
153 401
291 289
68 147
227 496
115 380
11 166
394 276
490 1
199 304
456 484
414 70
404 429
181 259
73 275
285 44
167 46
374 428
277 219
166 64
81 316
97 11
450 309
444 491
458 333
119 278
82 424
58 495
177 293
340 247
227 275
491 221
16 456
444 2
121 393
473 415
136 285
79 385
169 270
28 417
191 95
416 369
207 145
345 218
468 459
262 203
55 451
253 317
74 133
55 20
417 412
415 456
154 397
363 471
160 337
142 454
195 65
414 327
21 307
187 407
255 310
376 224
374 489
160 57
386 293
276 452
431 363
11 497
344 182
346 411
13 425
131 17
231 155
174 155
464 121
124 250
223 170
382 304
490 168
111 401
336 19
280 243
241 349
28 307
480 96
272 13
134 457
495 376
70 79
350 15
26 306
425 491
457 188
150 67
278 476
334 120
182 4
455 463
35 270
472 240
143 268
249 326
211 352
118 184
102 114
291 66
293 79
222 178
62 308
177 348
186 444
337 437
55 407
173 356
37 386
379 309
394 275
342 454
50 483
329 292
455 124
220 338
51 424
318 49
428 276
425 177
229 252
180 328
153 370
49 438
224 188
112 266
311 361
329 130
101 37
356 84
172 174
74 439
177 185
473 434
257 73
317 98
395 82
97 226
495 75
259 443
332 165
233 51
320 351
311 424
51 157
13 479
275 31
245 493
253 43
394 115
89 96
263 249
113 53
359 266
468 203
8 340
252 286
328 214
15 219
120 55
105 34
352 327
145 367
226 268
415 347
180 361
225 357
197 390
13 333
128 320
278 320
315 3
136 489
226 311
314 69
204 223
428 429
380 329
28 472
224 145
198 233
252 423
407 351
243 175
454 435
118 372
444 240
55 347
236 497
228 442
490 14
294 417
390 470
132 250
218 187
113 132
79 41
165 291
83 438
329 475
70 120
261 234
470 309
356 83
4 467
469 403
283 316
64 389
218 125
240 245
366 455
286 382
33 440
252 250
231 357
170 43
304 214
465 79
494 41
337 65
487 402
297 233
191 64
93 146
323 258
349 144
437 47
154 262
165 337
212 343
149 199
127 408
177 369
208 451
131 80
106 91
158 234
213 192
153 355
20 38
109 50
4 148
171 453
468 360
401 403
220 391
76 289
398 84
390 122
161 396
160 444
168 78
376 143
448 243
238 337
214 441
106 49
409 324
218 454
23 329
178 431
343 283
141 264
39 201
206 281
457 12
473 24
138 498
152 16
465 454
0 279
431 73
463 411
341 237
88 33
468 322
44 404
167 106
155 41
56 265
348 149
435 13
474 443
273 8
371 113
266 176
392 441
233 323
47 234
272 19
99 429
178 318
227 185
18 310
67 232
37 387
261 167
383 174
369 343
241 20
113 19
382 420
315 296
146 346
269 118
43 451
255 189
25 301
368 76
102 94
468 368
478 303
358 238
97 273
135 367
327 29
248 259
207 34
255 262
66 428
102 338
494 40
48 22
418 458
297 152
432 424
344 199
47 462
19 385
78 77
180 248
183 444
220 82
499 448
389 473
359 401
350 224
342 2
157 206
77 54
274 383
169 187
228 6
416 262
47 13
211 495
77 164
175 368
79 26
308 402
146 249
40 258
240 98
35 179
456 51
470 46
379 383
2 313
405 497
406 124
351 382
368 191
449 471
342 267
393 432
440 447
8 22
54 102
496 192
61 323
378 341
398 151
392 358
0 132
479 152
431 497
383 495
294 327
211 147
487 84
356 399
401 115
62 407
399 412
13 439
403 368
196 249
95 168
285 461
101 396
59 336
439 407
216 23
480 407
399 456
382 402
381 435
199 88
94 396
7 355
266 148
56 24
305 73
490 354
146 14
295 91
485 136
313 408
299 296
476 109
494 295
163 310
179 312
212 243
167 79
360 281
180 281
339 379
197 59
419 222
149 479
47 404
281 127
118 136
106 488
59 145
389 245
156 325
71 425
390 3
343 494
160 494
229 247
121 30
8 464
68 32
259 432
38 468
101 248
226 432
321 155
131 288
57 254
203 74
139 234
116 66
340 480
247 316
385 96
106 45
455 412
235 73
223 433
94 215
280 55
409 349
420 191
151 249
385 498
478 471
81 381
17 208
5 366
150 493
150 103
106 182
148 290
275 493
302 30
474 480
461 120
422 475
301 138
296 85
149 422
288 486
105 461
53 77
407 338
144 284
84 282
84 339
378 119
199 319
74 41
162 413
240 485
292 135
227 351
89 5
136 148
397 378
407 479
109 235
7 494
145 130
487 174
385 369
473 348
276 460
158 86
95 82
133 24
441 461
461 272
449 408
485 71
391 485
7 313
216 141
446 256
172 143
114 132
206 194
245 236
122 266
132 224
428 18
350 174
362 212
90 483
9 24
63 31
281 73
225 203
163 312
173 215
64 262
374 160
22 374
7 466
204 376
184 179
432 404
37 5
103 247
385 360
188 382
280 325
209 232
95 438
132 302
9 369
307 183
130 168
323 15
430 293
483 54
390 445
255 296
230 244
222 443
385 488
77 87
211 213
81 377
141 334
205 386
476 275
95 382
356 80
48 16
206 220
159 415
461 485
44 62
169 205
162 326
178 336
207 93
351 280
359 31
52 65
339 393
472 260
377 214
484 278
489 36
31 146
186 338
340 127
121 75
135 189
305 468
336 332
271 405
423 180
172 89
200 321
341 455
143 370
253 193
381 201
81 356
496 1
447 174
385 45
217 81
289 74
75 169
322 288
346 490
136 249
194 465
179 100
232 176
130 15
397 286
166 263
464 106
175 484
458 435
201 48
358 342
138 499
361 104
234 336
98 378
293 0
307 94
138 57
299 255
303 447
446 197
269 404
121 213
19 325
35 354
28 340
197 22
231 285
184 201
179 350
255 327
310 27
481 477
350 488
386 169
57 82
441 128
44 115
415 306
142 211
342 441
81 23
384 13
432 276
30 441
64 235
324 391
455 359
301 327
279 432
481 327
92 141
217 291
365 370
416 160
442 126
375 326
105 114
116 372
449 195
317 56
432 125
119 46
363 301
388 97
423 137
433 263
379 462
282 90
47 396
111 151
356 342
211 349
347 460
181 204
234 394
165 497
210 294
197 427
53 151
247 240
143 134
35 445
40 361
259 421
222 39
403 47
256 432
206 469
23 389
294 134
31 369
180 457
246 59
206 244
150 172
400 181
344 336
68 23
286 56
455 19
487 306
313 157
2 66
345 365
411 478
491 253
307 67
335 349
132 234
353 126
2 215
231 248
440 350
175 230
234 55
259 340
322 153
39 173
348 374
313 79
315 161
289 402
76 358
40 283
347 144
70 365
334 209
56 279
396 276
180 117
362 195
289 300
421 244
388 92
128 447
3 410
74 380
366 240
317 366
410 161
126 480
444 319
496 152
256 314
19 255
316 9
123 333
81 385
60 273
439 321
430 368
426 403
75 228
427 392
252 185
473 130
92 387
115 67
292 478
328 322
10 478
445 178
184 185
32 26
270 495
314 282
2 489
202 458
285 190
281 439
324 105
473 79
403 6
218 104
93 145
196 454
478 189
157 230
7 264
482 142
95 302
277 317
9 378
402 80
224 158
476 44
95 479
24 397
40 324
153 412
118 349
45 229
32 284
104 87
88 449
2 344
69 327
86 451
197 466
300 182
226 62
420 166
303 120
474 313
306 396
171 339
111 398
80 0
218 455
381 463
256 98
305 352
347 139
394 18
86 56
280 73
360 387
377 186
459 155
396 457
415 495
496 317
263 182
301 46
441 240
474 461
378 211
331 111
493 339
97 268
477 343
192 67
451 456
316 103
439 12
98 174
444 271
21 498
205 232
135 87
355 235
375 212
220 64
172 274
19 477
12 364
231 366
349 271
364 402
326 88
333 63
346 16
416 449
8 71
274 445
128 246
324 448
195 81
492 457
173 410
307 160
227 402
91 494
476 178
335 408
414 485
50 198
68 158
32 256
211 263
260 475
60 229
413 304
318 322
71 376
335 49
392 196
489 54
149 24
129 11
410 435
457 261
272 375
121 86
214 213
228 80
216 495
405 318
355 172
339 53
418 49
360 223
104 47
397 399
83 268
372 178
213 278
157 162
343 285
1 346
498 209
396 311
131 231
42 277
320 120
18 87
405 241
307 296
299 1
9 373
320 439
80 245
287 301
32 85
1 241
467 234
425 138
351 10
311 116
489 115
445 117
420 266
188 112
12 484
497 129
192 256
278 28
392 215
100 493
68 319
247 350
18 226
96 392
337 191
259 88
107 349
358 136
284 228
478 258
479 179
494 230
127 3
428 133
14 112
392 40
129 263
39 18
268 129
421 412
433 158
109 220
496 267
332 437
226 195
58 8
398 426
159 381
37 463
291 384
320 468
79 403
221 10
323 419
349 454
181 164
86 287
143 280
127 461
47 33
321 193
194 483
395 238
21 276
119 331
228 377
388 405
60 148
197 484
221 449
203 459
184 387
93 347
249 468
219 493
153 494
153 134
175 490
422 118
386 272
363 319
382 60
169 116
460 281
49 96
176 329
488 115
46 295
324 295
8 426
253 416
332 311
293 387
352 239
386 442
346 21
104 328
48 85
126 486
331 431
234 376
208 336
155 115
475 431
82 215
328 201
131 34
77 173
372 387
205 62
194 152
210 17
231 483
167 54
139 199
168 473
303 341
35 415
239 108
109 302
212 109
489 11
235 78
140 45
173 113
472 2
326 404
271 439
181 31
412 193
333 182
482 24
355 223
280 359
178 327
258 159
431 41
228 383
162 290
188 379
45 179
3 303
469 174
97 494
22 448
282 434
234 308
303 15
125 437
452 199
52 203
255 472
473 339
372 8
61 371
172 46
98 322
262 26
216 272
486 287
196 204
418 81
440 180
20 166
65 499
292 64
406 433
400 229
1 239
450 167
429 293
88 355
16 400
136 427
431 89
58 477
308 301
489 14
332 101
413 283
328 28
245 345
395 30
290 410
173 225
60 396
361 415
157 34
440 141
495 47
130 27
404 387
225 100
207 456
116 225
395 182
94 234
135 252
238 136
122 126
103 471
25 77
478 426
82 175
496 391
364 306
318 175
347 147
15 362
332 215
366 185
287 258
380 422
236 62
203 405
390 437
336 93
59 116
78 92
239 407
401 374
71 421
403 266
232 415
320 411
457 277
354 257
95 419
302 304
483 266
157 317
77 479
385 199
140 101
86 218
387 160
110 199
61 90
291 303
466 94
237 34
122 90
86 425
115 415
353 175
290 419
448 468
382 176
194 475
201 493
278 49
291 54
396 362
265 158
173 177
244 360
454 51
418 320
287 125
80 410
283 224
110 488
398 496
1 353
81 231
100 468
72 277
406 276
476 466
44 31
200 186
242 308
65 80
324 140
373 487
466 123
191 209
228 358
385 157
483 34
343 215
289 408
260 76
103 358
452 498
89 370
231 97
299 398
389 276
90 94
15 27
61 11
493 301
436 380
251 107
369 296
58 267
33 225
6 176
139 380
441 330
45 362
377 215
134 16
323 131
443 450
448 293
193 140
471 234
222 194
252 296
250 405
108 473
136 460
260 97
325 56
448 281
64 9
183 365
149 429
109 409
62 48
406 17
12 279
40 262
40 56
236 384
287 358
277 91
453 388
292 391
13 45
370 51
262 86
260 246
430 286
82 368
118 175
285 371
459 392
346 291
140 478
172 121
253 141
280 95
141 101
243 228
18 215
92 375
406 204
116 419
193 484
344 394
9 293
337 58
46 211
11 170
15 131
157 407
440 338
224 394
265 43
262 460
65 248
368 70
436 449
325 191
362 66
186 17
376 135
315 193
498 356
480 370
72 372
273 465
409 225
178 68
437 4
148 13
17 323
133 95
307 1
61 195
230 123
194 311
80 337
244 246
252 374
482 102
168 370
499 225
268 277
298 135
373 123
412 491
188 214
41 385
134 308
125 15
136 158
350 39
355 277
329 439
307 471
12 30
104 475
463 104
440 26
378 172
247 88
323 196
372 461
485 252
38 238
105 120
168 438
442 475
155 362
257 440
274 311
145 461
461 141
269 443
406 200
210 128
494 110
440 492
459 354
128 322
337 100
5 306
105 344
29 417
123 155
58 385
110 497
190 117
380 35
464 329
4 272
10 262
402 57
255 449
302 37
55 155
119 460
246 290
184 322
126 140
315 432
64 117
118 408
97 244
162 478
185 387
94 470
449 490
139 489
374 294
25 96
497 324
318 33
40 486
146 98
300 346
38 484
366 286
347 214
34 421
396 177
463 352
28 143
478 111
225 380
301 31
421 278
444 401
14 387
17 218
48 64
336 456
134 47
123 482
217 476
107 325
176 78
231 484
42 18
27 111
221 187
11 230
273 409
267 161
40 359
149 446
248 455
429 465
141 18
79 158
264 110
249 311
154 204
124 210
293 112
34 101
33 67
97 76
64 454
193 249
337 449
415 101
455 439
287 304
382 104
186 310
186 347
351 366
115 261
466 410
280 393
191 430
449 285
210 436
387 79
161 453
424 497
427 8
320 407
104 219
184 180
396 477
229 299
82 490
230 328
367 163
134 274
251 234
28 346
47 42
326 45
238 191
451 42
374 283
326 289
28 272
438 29
121 247
67 257
495 480
309 433
297 7
209 283
411 420
108 256
144 107
267 175
198 153
417 206
238 243
498 132
232 37
263 220
104 285
335 69
194 426
249 273
180 201
4 297
44 322
29 314
395 319
402 344
499 284
46 298
369 197
54 18
268 186
196 261
392 386
395 246
420 128
491 365
20 445
332 432
219 351
343 347
250 238
179 1
54 260
431 383
376 435
455 198
310 187
289 154
466 429
57 24
123 403
82 421
130 140
160 125
291 471
351 244
7 256
251 32
159 309
95 137
15 354
365 451
363 221
496 222
418 100
311 385
230 207
168 374
479 273
299 184
285 50
390 297
166 310
240 64
246 76
107 403
286 166
189 85
43 36
205 236
101 128
427 273
329 85
264 173
236 442
124 249
431 188
115 312
447 225
291 383
486 386
153 414
351 85
369 455
8 11
180 161
481 365
321 246
64 388
474 65
127 95
19 309
322 62
380 100
483 499
491 125
17 249
132 290
126 354
227 278
480 25
183 251
302 484
96 95
275 298
399 9
384 209
261 39
307 250
130 86
270 17
458 253
358 475
289 449
471 430
416 354
216 179
147 153
224 164
282 424
297 457
162 428
161 262
43 219
385 67
50 473
202 221
89 346
20 146
471 2
48 54
14 101
325 446
167 332
33 57
71 227
259 453
377 77
211 235
48 494
37 66
462 161
64 159
457 367
232 363
78 381
386 6
441 109
285 220
260 397
129 171
38 352
428 427
85 391
77 383
300 483
429 481
273 207
172 250
488 78
385 291
396 141
271 199
219 151
42 112
294 278
49 437
260 67
389 38
450 328
154 444
40 188
485 106
71 267
476 225
390 106
411 224
188 145
139 260
443 331
437 424
193 69
474 102
284 176
271 384
352 65
179 147
435 289
114 19
417 327
61 223
332 309
115 400
367 154
108 165
117 87
343 62
246 469
285 187
31 476
223 100
41 314
483 454
26 471
257 116
238 474
203 428
352 471
136 428
178 4
64 76
316 437
310 8
422 434
339 389
422 365
324 13
63 272
136 31
212 253
383 177
320 364
271 466
145 33
200 435
324 26
148 325
367 360
49 116
133 398
97 334
436 219
317 433
346 488
296 178
413 21
96 445
126 359
356 170
285 164
165 131
497 96
348 123
148 11
244 324
326 21
415 80
18 35
105 374
67 92
470 304
35 97
308 96
243 345
468 50
125 418
47 484
30 335
26 53
247 57
177 242
283 20
46 425
250 46
79 434
179 164
86 391
420 410
371 483
267 229
372 364
126 498
173 58
496 76
479 201
178 60
41 60
461 83
97 217
440 374
129 302
2 415
95 91
434 246
76 93
409 314
216 30
489 244
380 108
359 445
105 141
452 90
212 170
398 64
39 74
334 204
459 160
93 407
17 78
77 263
340 422
74 497
225 128
190 223
371 372
244 131
416 332
106 75
304 191
180 305
32 72
88 425
334 434
186 421
110 339
432 319
387 12
49 364
26 24
143 65
231 368
151 323
193 209
47 319
404 34
451 436
153 290
175 31
177 257
320 299
67 323
82 309
92 254
287 459
252 330
20 198
479 182
497 337
247 36
197 397
35 69
349 54
197 273
466 400
87 309
459 56
10 223
20 459
352 479
178 317
181 62
213 255
68 129
271 183
58 418
107 230
134 38
278 309
366 254
150 218
76 102
12 475
207 375
16 289
171 104
2 3
255 241
455 331
340 380
216 226
193 277
28 308
265 381
173 305
321 330
425 323
319 389
456 66
81 59
159 17
231 454
307 285
271 90
441 185
399 495
7 16
467 106
437 102
246 155
453 288
359 118
340 318
329 112
141 436
12 176
30 252
453 244
325 474
19 37
377 276
150 78
220 292
97 262
201 232
279 423
484 380
169 236
47 496
390 498
443 62
163 147
63 385
168 367
486 425
133 452
114 493
53 143
447 238
493 249
5 332
358 292
200 276
258 129
471 84
340 122
91 389
363 342
230 322
427 168
2 128
463 359
248 269
-1 11902 -1 -1 22135 -1 8840 37669 -1 17067 -1 -1 -1 -1 -1 -1 -1 -1 -1 -1 -1 -1 -1 -1 -1 -1 43041 -1 -1 -1 -1 -1 -1 -1 -1 -1 -1 -1 -1 -1 -1 22904 -1 20705 -1 -1 -1 -1 -1 -1 41730 -1 -1 33993 -1 53914 30210 13984 -1 -1 -1 55035 -1 -1 -1 -1 13133 -1 53070 -1 -1 -1 -1 -1 -1 -1 -1 -1 -1 65069 5400 63070 22729 -1 -1 -1 -1 -1 -1 -1 -1 -1 -1 38309 -1 -1 49099 -1 -1 4877 -1 50737 -1 -1 -1 -1 -1 -1 -1 -1 -1 -1 -1 -1 14728 -1 -1 -1 -1 -1 -1 63329 20601 -1 -1 -1 62888 -1 -1 -1 -1 -1 -1 4690 -1 -1 31220 28793 -1 -1 -1 -1 -1 -1 64745 57968 22896 50637 19616 9874 -1 29379 -1 18954 34951 29060 -1 60662 17544 -1 -1 -1 -1 -1 10165 -1 -1 -1 35731 15475 36390 -1 -1 -1 -1 -1 -1 -1 -1 65028 1697 -1 48474 -1 39010 -1 -1 59491 -1 8467 7321 -1 -1 -1 -1 19533 -1 17726 -1 -1 -1 -1 -1 -1 37644 -1 59358 -1 41172 -1 -1 -1 -1 -1 -1 -1 -1 -1 -1 20362 -1 -1 -1 -1 -1 48002 36012 -1 -1 -1 -1 -1 -1 -1 7491 -1 -1 -1 -1 -1 -1 -1 -1 60635 -1 -1 -1 -1 -1 44409 -1 -1 -1 -1 -1 -1 -1 -1 -1 -1 -1 -1 -1 -1 30389 -1 62956 -1 -1 -1 -1 -1 -1 -1 -1 -1 -1 -1 41070 -1 29566 -1 27417 -1 -1 -1 -1 959 -1 -1 -1 -1 -1 -1 -1 63005 -1 -1 37481 -1 -1 -1 -1 -1 -1 -1 -1 -1 -1 -1 -1 -1 64379 -1 -1 49765 51589 -1 -1 -1 -1 -1 -1 34577 -1 -1 -1 49277 -1 48777 -1 -1 29729 -1 -1 -1 -1 -1 -1 -1 -1 -1 -1 -1 -1 -1 -1 13146 -1 -1 5178 14142 15555 -1 -1 -1 -1 49923 -1 -1 -1 47203 40847 22530 -1 -1 -1 -1 -1 -1 2736 55602 -1 -1 -1 -1 -1 -1 -1 -1 -1 -1 1780 -1 -1 -1 -1 46015 -1 -1 12743 -1 -1 -1 -1 -1 -1 21880 -1 -1 -1 -1 1075 31313 -1 -1 -1 -1 -1 -1 -1 -1 -1 -1 -1 -1 -1 -1 -1 -1 -1 14846 -1 -1 -1 -1 -1 -1 -1 -1 -1 -1 -1 -1 -1 -1 2775 -1 -1 18761 46871 -1 -1 -1 -1 -1 46771 -1 -1 -1 -1 -1 -1 -1 -1 -1 -1 -1 -1 -1 -1 -1 35035 -1 -1 -1 -1 43532 -1 -1 36669 -1 -1 -1 51305 -1 -1 -1 53603 -1 -1 -1 5291 -1 -1 -1 -1 -1 -1 -1 -1 45515 17993 -1 -1 -1 -1 -1 -1 61287
10
1 43 11 22 7
1 267 15 116 4
1 84 3 124 5
1 237 13 110 5
0 35 6 25 5
1 124 5 10 14
1 77 15 199 12
1 375 13 367 13
1 160 4 275 14
0 257 0 59 12
