500 2000
308 108
354 314
262 42
253 283
271 397
285 270
115 317
469 75
410 335
245 418
447 386
302 343
377 87
415 26
297 109
157 155
146 329
269 39
370 462
480 266
260 130
243 245
215 278
233 74
442 432
188 154
179 348
430 455
98 223
366 406
171 478
122 268
398 7
51 385
0 82
244 38
182 137
476 283
296 50
451 136
252 444
154 176
271 351
271 157
112 463
222 100
248 463
5 398
111 148
484 80
486 466
220 90
18 191
270 3
26 151
317 86
323 124
262 220
165 293
368 4
216 184
152 153
143 255
329 1
116 193
425 182
56 435
235 320
64 257
126 115
258 73
383 22
280 21
122 368
66 470
157 274
21 207
393 364
17 215
266 499
339 287
91 329
115 321
389 100
482 133
163 215
116 470
420 436
337 81
442 85
396 73
127 13
101 467
476 149
127 446
33 346
134 158
187 369
366 359
473 43
71 194
377 481
61 99
163 360
217 429
194 101
179 393
82 67
178 434
452 368
168 51
211 279
314 113
379 313
203 90
146 150
304 374
420 449
46 78
88 56
78 218
370 53
21 156
53 355
260 419
7 413
264 256
412 306
38 491
135 227
407 467
274 339
104 279
319 14
251 112
262 83
180 53
132 211
6 73
208 388
64 268
64 348
49 226
251 29
132 340
188 83
341 219
459 257
108 169
346 178
367 307
86 7
467 192
250 162
418 194
28 264
28 131
265 295
272 150
56 12
256 286
63 292
472 146
453 403
55 99
332 54
378 249
282 101
407 353
271 240
245 260
19 100
384 114
244 71
86 26
249 499
33 67
205 442
304 272
375 3
262 359
306 366
100 357
291 14
297 443
347 392
142 33
286 101
296 180
195 17
144 376
158 137
407 51
358 452
272 14
209 295
384 31
368 383
267 208
332 139
162 390
427 357
352 437
224 286
250 27
91 26
169 246
440 162
150 251
377 149
276 330
397 200
351 342
32 263
157 202
56 443
306 292
177 455
310 124
50 89
207 287
1 229
32 117
20 395
450 189
228 113
490 482
200 304
353 53
176 354
143 258
328 457
129 93
183 91
449 335
306 109
410 312
492 133
281 128
285 441
495 431
35 166
239 124
58 103
191 112
230 170
192 298
105 337
76 168
57 403
180 60
436 224
459 59
204 494
444 297
28 480
326 55
223 219
412 190
144 290
331 36
413 474
187 263
270 210
480 361
438 435
123 163
7 318
17 250
428 127
29 132
339 489
300 32
312 270
388 496
15 236
412 340
326 339
151 326
206 317
149 131
400 194
251 2
424 53
317 476
461 452
337 58
354 122
425 213
250 376
189 47
416 147
117 8
323 496
314 302
224 70
263 116
272 204
236 12
287 472
384 393
90 221
221 387
239 362
220 478
459 439
325 125
289 57
460 373
369 143
447 272
251 377
76 391
146 196
78 169
351 180
212 417
316 24
255 291
342 466
196 145
246 474
188 195
353 55
134 96
307 368
204 26
483 155
149 27
436 407
323 449
287 27
352 209
5 105
33 47
373 154
488 283
104 350
6 439
378 354
316 92
10 468
452 305
379 176
425 39
384 10
142 156
445 372
231 104
135 17
135 137
488 264
428 59
238 229
170 411
356 432
40 275
435 282
432 341
29 493
162 143
376 287
220 203
231 457
496 336
233 388
53 440
485 393
322 391
103 98
221 157
335 71
257 330
83 462
281 367
112 258
367 468
117 167
235 488
163 451
103 185
347 279
397 393
290 398
242 463
490 180
444 141
108 405
297 341
482 247
317 224
327 283
497 455
183 374
463 291
202 180
260 7
295 447
106 225
40 248
360 35
170 434
376 94
167 191
85 62
151 211
55 448
287 388
109 172
448 226
193 144
472 313
401 189
49 288
65 316
320 88
350 380
474 261
392 340
4 111
389 438
222 23
497 163
155 314
30 367
159 234
311 129
182 179
461 57
455 108
49 71
225 182
489 457
490 442
294 380
332 347
437 430
433 194
64 355
269 81
236 313
346 200
112 49
230 416
355 456
472 343
213 302
218 11
275 145
419 164
393 215
172 272
76 181
44 141
108 278
128 364
277 58
270 466
340 243
318 189
477 232
30 478
126 168
466 479
351 455
369 107
465 352
33 249
190 185
310 375
492 214
423 401
205 223
282 295
316 192
393 186
296 441
130 117
410 385
394 57
399 6
294 363
105 206
50 394
280 253
100 307
201 388
120 447
199 312
418 269
433 106
355 308
41 196
57 93
290 89
392 384
137 200
138 455
488 497
282 6
64 21
12 227
0 295
189 160
380 369
9 328
377 367
478 152
412 60
52 408
309 339
406 378
411 97
255 320
427 242
273 139
230 212
375 422
320 159
264 326
98 498
362 423
131 213
172 28
399 218
394 237
150 199
455 492
356 142
37 225
387 364
39 179
166 214
353 30
120 289
65 33
384 262
92 245
83 247
210 247
347 430
497 82
27 141
214 247
20 285
96 103
265 486
242 184
490 151
466 300
151 34
389 167
11 56
235 421
410 205
236 250
315 307
74 390
52 227
330 2
47 204
488 471
244 483
353 434
330 13
35 114
202 299
250 168
204 495
211 196
310 147
416 145
102 292
220 231
52 31
19 135
154 23
267 236
483 241
144 378
206 120
189 389
398 86
433 54
287 328
211 89
145 479
355 214
298 229
222 264
423 311
7 486
226 477
258 176
6 328
280 161
152 77
153 179
302 22
397 48
117 203
324 170
384 198
483 147
183 350
402 403
206 235
246 450
352 93
393 427
407 446
217 12
228 307
0 411
86 432
418 9
349 161
359 464
20 189
319 80
162 97
115 465
189 21
157 179
75 308
424 51
59 147
384 0
255 293
422 307
235 455
447 21
247 47
375 112
342 123
19 404
193 444
466 130
86 362
121 377
169 424
458 23
350 41
168 312
463 482
208 128
249 242
449 104
430 136
329 240
46 47
64 95
124 313
263 275
368 281
407 316
241 70
427 341
213 157
262 24
496 120
446 65
381 295
368 14
274 351
241 487
172 268
317 419
451 169
194 279
388 45
233 315
59 210
267 124
117 68
62 217
443 58
358 486
151 75
314 214
407 473
342 111
200 236
41 187
95 261
456 464
283 38
188 468
103 467
291 224
371 154
473 240
45 395
470 351
473 264
475 493
473 382
111 31
32 233
117 258
157 97
268 2
472 304
107 3
121 328
238 189
110 57
376 280
152 149
268 400
419 257
364 226
111 212
255 138
332 474
11 485
446 386
383 16
270 250
185 372
341 145
238 305
116 204
14 307
350 359
136 86
186 70
82 342
429 144
286 93
368 113
210 261
464 396
137 427
115 56
251 322
436 369
215 434
18 76
294 63
229 88
44 53
306 142
369 150
102 138
196 247
437 272
68 120
367 268
105 437
340 288
61 344
202 484
353 80
230 264
476 73
34 468
430 332
130 331
187 175
480 322
484 462
476 170
106 18
417 416
68 405
110 72
75 471
449 77
253 282
424 264
90 301
230 137
75 216
56 163
138 304
414 33
230 467
420 170
239 66
45 204
444 338
152 158
446 30
339 219
76 120
301 270
453 204
285 440
14 302
256 219
280 34
44 32
286 261
83 387
27 443
323 172
139 154
87 373
358 490
233 436
140 275
79 68
399 68
100 372
382 6
337 221
236 422
447 168
378 154
386 109
385 124
136 40
127 443
39 46
8 73
489 15
142 96
292 467
66 61
483 70
362 264
184 347
207 442
214 496
363 397
246 295
359 276
467 211
285 131
57 252
69 181
27 361
276 182
475 232
215 246
434 147
383 176
281 492
381 83
100 175
143 454
62 3
396 164
366 495
378 476
26 7
99 414
361 201
11 375
416 101
319 410
308 178
280 319
363 77
286 269
179 28
475 378
208 66
406 358
304 10
314 313
366 133
461 419
30 36
329 82
92 187
104 249
135 119
64 377
69 383
245 335
89 247
180 58
188 394
314 478
379 289
142 78
353 129
128 19
154 115
390 115
241 230
403 62
195 354
480 132
289 186
45 298
196 415
395 81
31 410
162 333
484 95
468 119
142 66
458 334
366 391
402 30
454 18
46 297
18 31
425 251
350 239
480 158
210 194
334 491
384 364
354 433
396 202
58 387
6 204
26 233
483 318
325 56
288 156
52 324
356 475
397 295
91 410
100 106
186 76
45 373
237 269
465 171
223 383
314 221
498 105
183 300
472 433
434 156
380 2
303 379
490 458
211 152
152 104
231 95
400 61
429 282
84 286
135 152
183 394
75 230
236 278
324 451
232 56
98 352
42 149
138 5
350 213
227 56
465 322
108 282
153 291
444 393
429 45
298 200
379 423
480 40
470 350
32 86
129 12
16 234
124 101
157 380
118 286
253 430
139 334
346 36
490 243
127 381
355 124
292 465
466 15
8 375
396 261
17 78
432 290
187 254
251 403
390 405
249 233
426 242
224 89
318 255
207 296
208 30
344 264
3 369
220 63
444 255
277 264
319 303
244 476
73 338
218 27
355 18
1 317
124 402
364 448
216 117
462 454
437 18
345 331
387 447
348 119
418 140
114 427
306 333
317 393
288 237
52 144
495 305
358 377
185 383
360 14
16 491
235 143
36 413
292 62
444 296
307 437
384 349
132 447
82 233
9 186
233 386
218 56
8 228
469 253
236 64
343 14
169 24
272 70
358 444
428 220
430 283
460 313
162 193
93 167
190 274
89 407
424 6
197 62
189 319
431 383
483 163
226 342
209 457
278 331
318 166
48 181
425 488
39 301
52 280
305 468
424 442
65 412
162 221
174 338
298 293
18 78
265 82
169 121
366 258
268 487
449 253
307 349
5 339
473 400
355 474
91 68
433 22
477 27
297 142
408 366
346 353
149 319
467 4
397 51
443 17
331 365
392 11
362 119
276 274
234 434
9 433
208 229
397 221
476 332
451 210
253 401
48 76
338 474
320 275
47 27
66 117
363 164
482 116
479 317
154 114
118 51
248 11
166 46
267 103
431 289
270 101
399 150
32 72
29 111
280 386
378 367
286 455
137 81
115 404
61 220
131 379
286 375
215 263
471 136
317 357
283 379
463 52
497 238
422 239
424 164
263 451
51 416
435 54
286 109
447 282
30 359
274 425
76 420
359 371
206 72
172 263
43 309
398 415
382 138
373 58
197 464
166 320
445 488
193 122
382 60
337 189
131 375
52 341
198 227
74 184
250 10
415 357
230 211
82 117
439 302
42 339
274 31
217 213
49 387
287 4
463 196
374 91
128 23
200 106
350 432
133 58
484 451
385 53
116 134
411 36
380 461
446 422
443 495
359 307
228 284
114 433
147 126
402 4
413 225
22 355
395 63
101 3
56 122
370 120
195 347
493 446
105 351
284 475
138 247
21 116
112 147
343 351
259 484
334 44
239 496
498 9
428 197
381 481
210 353
24 239
364 301
161 380
191 272
7 163
132 14
94 259
401 95
23 272
312 39
388 464
380 93
240 191
196 113
90 462
25 183
497 66
347 269
219 270
427 31
429 94
169 279
205 478
475 426
213 291
143 279
367 263
90 53
241 367
215 469
425 131
38 362
356 160
389 107
359 249
17 366
333 198
141 287
218 104
217 493
21 239
387 459
418 370
137 372
242 202
4 158
395 159
17 105
20 21
460 458
281 133
105 280
153 426
367 196
317 271
145 184
13 302
261 66
105 57
87 434
171 88
247 237
481 266
150 120
109 389
487 60
329 62
242 281
293 159
431 295
80 485
95 471
297 123
232 455
292 416
361 253
316 434
299 460
376 256
210 355
350 477
419 436
0 381
452 236
257 441
457 466
104 266
126 300
467 74
473 408
38 399
403 449
112 259
332 248
131 344
192 195
256 81
230 373
339 425
175 208
230 133
448 424
180 300
428 214
169 93
380 118
125 354
72 58
466 280
468 129
77 341
196 445
241 308
300 465
487 258
345 132
131 139
382 274
163 329
337 211
37 315
18 441
160 287
470 211
184 370
198 428
414 464
364 192
58 230
404 491
375 284
377 394
343 461
381 123
464 273
338 195
259 38
264 483
11 352
175 375
126 137
111 261
174 342
428 265
349 146
477 78
221 19
74 244
32 241
79 298
232 391
161 226
432 251
53 237
365 468
23 288
477 124
358 54
231 392
468 7
46 287
289 35
374 102
115 336
88 16
263 435
431 107
355 389
421 397
68 396
390 7
275 190
479 92
402 83
418 472
48 161
329 67
364 487
8 311
27 77
114 418
306 202
261 104
227 357
134 185
237 400
268 412
303 203
495 418
109 117
78 286
4 326
497 321
95 36
286 8
451 228
438 493
284 420
272 64
469 205
442 276
157 473
396 188
343 179
467 339
112 291
468 116
190 41
150 204
264 160
418 232
367 285
160 154
476 191
406 142
283 375
210 237
59 100
5 47
268 342
84 217
260 339
181 212
251 401
382 283
218 213
157 385
343 44
161 445
124 145
129 84
285 347
256 456
260 358
86 210
373 267
249 135
7 238
10 287
264 113
125 26
229 191
123 5
486 255
263 408
340 166
335 41
252 146
161 10
380 375
51 236
443 309
304 48
43 385
280 70
72 213
311 155
60 369
54 237
105 490
353 107
183 109
420 371
351 173
262 145
265 186
134 360
204 383
463 410
414 31
282 37
252 456
135 78
48 202
6 475
235 142
429 213
129 452
123 71
176 84
76 102
476 221
334 317
32 279
312 148
389 382
145 491
277 24
74 330
334 4
63 130
492 440
40 274
495 206
158 203
347 286
157 430
68 32
161 199
67 381
160 455
288 200
343 328
415 32
41 54
307 150
110 190
232 291
443 328
82 290
236 376
478 179
213 462
398 219
341 436
424 166
328 207
412 121
263 477
419 381
52 93
280 131
484 339
190 444
362 373
479 50
360 290
52 269
317 179
238 269
148 466
374 187
245 324
406 1
125 181
134 130
279 336
239 469
146 289
207 461
121 20
107 184
387 256
131 43
464 41
61 227
157 234
143 148
321 58
227 334
253 323
301 303
334 216
174 63
319 462
135 494
164 285
419 382
338 121
277 47
453 110
400 269
216 453
230 268
417 243
325 234
495 324
89 355
364 17
499 183
322 313
55 210
325 191
407 98
36 138
445 294
52 454
265 194
67 407
333 229
245 168
168 492
333 301
426 281
418 289
378 266
150 100
431 216
196 203
360 175
32 23
156 170
55 363
403 434
51 140
454 184
113 379
201 319
321 19
142 234
335 108
337 210
47 28
307 487
415 365
130 206
148 299
167 284
320 416
39 496
381 77
261 280
452 378
486 470
22 391
347 318
397 419
318 148
143 128
33 413
127 80
399 402
348 449
195 370
222 496
45 30
488 336
272 205
292 233
342 471
208 27
404 174
252 58
335 211
388 80
66 175
341 120
48 387
139 362
408 44
366 189
470 404
271 318
216 262
199 32
300 128
302 313
102 300
466 101
56 316
80 371
186 188
475 2
99 455
261 435
380 493
86 84
31 202
458 251
387 472
204 20
154 172
0 252
39 396
40 144
25 243
452 32
385 347
146 350
340 81
154 58
226 177
4 437
488 430
488 440
146 276
396 418
23 339
13 456
251 372
453 432
446 28
194 227
373 262
20 245
190 324
143 257
417 265
65 322
185 384
50 361
317 349
72 446
161 422
55 211
206 157
388 488
490 384
461 471
33 357
362 495
95 137
8 295
192 306
80 411
124 457
307 199
426 371
114 336
172 222
183 359
259 82
150 81
267 228
138 66
347 311
331 100
178 222
482 60
414 220
355 278
61 143
4 453
376 137
323 153
379 456
274 337
435 298
158 295
304 78
251 121
254 197
117 200
289 53
288 147
149 374
47 173
144 101
448 412
93 32
357 13
29 84
435 226
161 473
301 158
196 314
356 388
218 464
142 93
196 384
130 8
29 28
357 436
6 303
146 195
411 357
485 29
83 312
435 126
122 366
359 225
493 213
18 100
474 478
80 51
117 74
222 45
414 322
233 92
462 55
446 205
190 135
22 284
155 403
334 238
81 319
479 420
325 207
71 399
294 293
189 461
188 89
232 441
395 67
49 196
485 310
341 63
31 284
300 204
313 416
135 126
43 430
280 340
101 178
336 462
274 375
44 431
335 6
350 460
64 96
351 445
119 408
293 369
2 279
239 363
142 113
488 295
472 128
148 303
395 498
19 86
262 31
223 38
307 406
170 343
177 136
468 463
393 90
34 57
210 147
30 32
258 262
406 456
88 378
77 291
312 237
46 385
467 387
448 381
489 37
249 432
331 415
397 308
255 142
95 456
203 14
4 230
11 271
214 390
214 356
78 364
152 176
199 221
324 497
374 150
277 294
93 457
12 420
240 454
285 471
424 179
248 84
429 350
22 240
180 132
211 23
101 335
498 401
414 113
337 132
363 464
56 363
359 476
355 273
315 6
60 26
77 401
454 163
158 155
201 125
160 102
384 436
327 82
106 94
43 391
155 461
424 321
333 89
255 397
184 76
170 344
475 291
51 262
84 468
264 88
388 212
72 233
165 449
197 248
213 467
31 286
232 173
104 45
232 297
491 421
407 99
476 200
145 178
348 369
120 350
411 261
201 347
13 362
130 369
480 169
484 89
387 494
198 178
265 312
402 60
104 447
29 308
336 303
116 267
284 438
162 396
19 123
58 429
349 157
282 443
138 126
187 382
78 19
168 57
56 269
102 307
454 351
128 80
399 28
241 467
346 281
362 47
44 394
129 435
300 190
163 179
281 67
476 145
438 443
99 3
37 107
154 191
37 162
491 211
114 410
166 490
55 406
309 330
197 391
286 169
18 383
419 292
481 267
355 33
182 399
410 124
225 440
243 226
411 7
271 20
40 383
15 166
61 279
377 106
77 100
74 33
74 382
449 153
35 130
238 401
47 417
101 340
339 359
37 332
258 274
36 157
23 296
436 476
111 499
8 482
142 229
64 401
251 402
359 494
280 457
32 238
222 310
246 249
3 407
13 237
332 419
357 387
427 163
478 404
48 272
219 69
442 224
453 433
451 131
85 451
267 414
-1 -1 -1 -1 -1 36544 -1 44330 2693 37878 -1 -1 -1 -1 -1 22375 -1 -1 -1 -1 -1 -1 37558 -1 4948 -1 -1 58253 -1 38353 21225 -1 -1 -1 38354 26331 39021 -1 -1 -1 -1 7957 -1 -1 -1 -1 -1 -1 -1 -1 -1 -1 -1 -1 57553 -1 -1 -1 -1 39305 -1 -1 46828 -1 -1 26819 -1 5861 14952 -1 25741 -1 -1 -1 -1 20695 -1 -1 -1 -1 -1 -1 42685 -1 -1 -1 -1 -1 -1 36138 -1 -1 -1 -1 -1 -1 59446 -1 -1 -1 -1 -1 -1 17687 -1 -1 -1 -1 -1 51838 -1 64876 -1 -1 29226 -1 -1 -1 -1 -1 -1 -1 50879 -1 26108 59573 -1 -1 5287 -1 -1 -1 -1 -1 -1 -1 -1 -1 -1 -1 -1 -1 -1 -1 -1 -1 -1 -1 62630 -1 50837 -1 -1 -1 -1 -1 23039 -1 -1 -1 -1 -1 101 -1 -1 -1 -1 -1 -1 -1 -1 -1 40900 -1 -1 12748 -1 -1 -1 24915 -1 -1 -1 -1 -1 -1 -1 -1 -1 -1 45507 -1 -1 -1 -1 25521 -1 -1 -1 -1 -1 -1 -1 -1 -1 63684 -1 -1 -1 -1 -1 -1 -1 -1 12578 25079 -1 -1 -1 -1 -1 -1 -1 -1 -1 -1 20569 -1 61630 -1 -1 47830 -1 -1 8816 -1 33447 -1 -1 -1 -1 21244 7309 -1 40906 4678 -1 -1 -1 -1 -1 -1 -1 -1 -1 -1 -1 -1 -1 -1 -1 -1 -1 -1 -1 58351 -1 42541 -1 -1 57754 -1 -1 -1 -1 -1 172 -1 47946 31359 -1 -1 -1 -1 -1 -1 29430 -1 45246 -1 -1 -1 -1 -1 22402 39174 -1 -1 -1 -1 -1 23354 -1 -1 29178 -1 -1 -1 -1 59387 -1 -1 -1 -1 39099 -1 -1 -1 -1 16944 36634 -1 -1 -1 -1 -1 51109 -1 14746 -1 53918 -1 -1 -1 -1 36499 -1 -1 -1 -1 44843 -1 -1 -1 -1 -1 27965 -1 -1 -1 -1 -1 -1 -1 11622 -1 -1 -1 -1 -1 -1 -1 18342 60251 -1 -1 -1 -1 -1 -1 -1 -1 -1 -1 57000 -1 30856 6716 -1 56251 -1 -1 -1 -1 -1 -1 -1 -1 -1 -1 -1 24985 -1 29531 -1 -1 -1 -1 -1 25051 -1 -1 -1 35846 -1 14001 49010 -1 -1 45442 -1 -1 2185 1229 20704 -1 -1 -1 -1 -1 62353 -1 -1 -1 -1 -1 -1 -1 -1 -1 -1 31204 -1 -1 -1 64884 -1 -1 -1 -1 -1 -1 -1 31760 -1 -1 -1 -1 -1 -1 -1 4646 -1 -1 -1 -1 -1 1070 -1 -1 8460 -1 -1 -1 -1 -1 -1 -1 -1 -1 -1 -1 -1 -1 -1 -1 -1 14850 -1 -1 -1 19854 20712 -1 -1 -1 -1 -1 -1 64985 -1 -1 -1 436 -1 -1 -1 -1 -1 -1
8
0 302 3 495 13
0 268 15 395 8
0 14 9 279 12
0 402 1 63 4
1 104 3 305 13
0 301 9 234 9
1 199 14 226 8
1 441 2 283 8
