500 2000
213 412
231 401
194 219
447 24
494 228
210 254
193 5
169 17
158 41
211 369
395 115
470 42
461 131
72 14
253 156
261 438
99 283
346 67
68 83
36 348
351 271
398 81
87 390
499 449
496 360
311 440
370 22
174 176
186 32
122 486
112 455
256 215
156 421
258 87
148 57
268 457
171 146
345 321
87 384
239 192
250 449
394 207
12 26
79 410
238 126
305 449
483 71
0 255
82 345
176 287
21 443
319 321
446 253
450 477
236 274
12 441
357 180
421 88
108 86
89 286
401 205
290 22
377 7
352 214
292 70
100 125
133 287
201 360
376 286
442 38
454 466
216 137
306 388
258 199
245 429
29 321
273 162
402 118
26 367
264 108
220 202
97 103
378 235
67 479
252 455
408 334
476 134
443 315
490 405
473 108
21 299
301 369
390 201
40 106
263 444
1 293
173 71
397 358
219 138
178 348
204 203
140 232
350 48
230 405
172 458
64 484
311 56
301 442
135 494
495 48
20 396
188 77
481 454
199 295
7 279
88 260
235 207
486 328
400 393
222 298
380 386
165 250
258 404
446 221
163 104
333 302
114 187
298 10
35 467
308 413
45 275
41 221
31 12
155 79
428 1
419 479
142 329
160 454
277 386
461 299
373 67
402 79
73 354
26 121
248 40
354 298
372 378
370 270
269 30
464 122
451 73
274 328
29 379
252 90
60 93
428 212
182 295
372 118
261 20
246 63
89 170
20 95
322 52
52 150
455 406
301 139
11 231
426 290
93 336
339 465
121 206
464 310
232 290
49 280
202 485
212 217
215 73
179 205
492 356
367 7
454 82
204 353
467 452
141 291
41 288
245 177
341 452
277 105
346 341
271 136
342 45
281 89
114 392
398 283
6 161
433 477
336 439
442 430
333 408
263 158
89 327
291 314
93 15
142 59
342 78
175 455
139 450
459 466
196 90
16 18
499 328
242 472
444 392
56 365
1 120
47 56
118 65
150 173
61 309
255 148
114 409
137 336
296 172
116 114
217 99
24 78
163 77
258 194
91 470
455 260
276 102
269 378
307 256
446 193
176 427
366 96
319 354
324 100
333 369
227 261
343 306
242 230
226 151
402 432
418 493
22 271
184 276
17 1
229 295
285 240
304 83
367 44
311 316
356 105
358 68
313 80
373 316
165 255
1 435
446 172
472 384
326 185
28 58
80 414
140 327
150 348
428 402
189 49
1 375
350 274
219 161
248 316
3 431
125 9
378 305
54 228
384 145
211 83
318 221
362 372
480 98
116 483
142 108
487 393
355 199
163 216
108 62
255 188
451 252
349 455
467 283
201 441
407 396
68 455
405 173
263 35
411 54
406 481
196 375
81 317
163 69
4 69
59 382
82 398
307 329
77 382
257 339
109 378
499 88
154 171
332 376
144 308
423 211
419 44
261 129
183 303
476 47
12 392
454 284
117 477
285 360
301 82
428 38
464 206
437 317
408 406
27 349
61 9
61 352
281 455
57 17
41 407
341 254
362 267
30 310
235 211
164 438
166 45
493 413
478 342
347 61
111 91
155 463
476 44
312 417
406 174
47 377
365 251
279 427
36 432
375 377
281 394
428 272
201 363
450 239
472 346
253 341
190 35
181 361
405 301
62 389
338 378
348 128
283 435
442 213
457 415
435 201
249 389
382 246
195 455
397 450
241 225
369 3
177 365
22 121
221 94
350 339
13 382
266 155
266 55
259 418
292 231
437 279
431 191
10 275
311 255
348 212
260 123
426 397
189 275
462 403
152 398
131 419
341 47
250 137
220 399
70 220
100 182
92 471
486 242
328 483
11 120
88 437
187 233
144 94
237 141
239 354
224 447
425 268
388 424
384 466
337 483
2 184
67 365
7 219
248 381
41 361
192 307
279 460
158 207
480 220
97 150
165 52
317 340
497 52
338 385
367 492
20 375
391 180
360 388
299 437
279 295
284 120
85 104
128 337
457 414
215 53
167 1
35 254
282 233
299 488
490 425
19 339
307 70
167 194
115 441
342 425
256 213
353 189
116 353
253 236
424 178
105 223
28 323
347 149
130 235
29 2
49 194
390 316
121 458
22 497
319 338
286 467
344 396
339 114
41 7
77 407
233 16
92 461
217 366
244 416
122 210
349 37
498 219
111 282
251 256
185 38
98 371
202 324
268 27
95 5
353 24
429 171
193 96
13 241
407 354
459 34
229 292
4 101
37 478
378 156
428 155
151 148
327 276
343 292
78 286
332 411
293 120
463 338
41 12
168 232
294 67
356 349
114 484
38 95
277 271
236 397
259 473
111 133
102 99
101 127
306 297
242 304
223 227
381 476
257 22
460 207
243 268
434 202
277 341
27 90
422 206
167 102
80 46
250 450
254 196
482 247
153 455
397 322
341 149
445 63
330 68
31 221
279 202
125 92
283 162
202 127
2 386
238 496
343 192
466 231
103 163
284 489
383 41
296 168
435 436
191 437
481 394
174 477
213 377
385 28
305 271
278 469
297 392
404 292
153 281
382 86
310 295
132 94
74 1
167 196
228 439
229 485
196 44
470 273
75 210
223 299
335 223
481 5
268 453
370 19
234 287
227 238
99 469
428 269
472 375
253 238
167 243
307 265
315 365
290 96
364 332
249 10
118 353
353 400
27 50
292 334
187 466
272 134
140 487
303 33
213 142
497 349
420 66
498 455
29 255
424 470
58 287
403 94
259 398
179 13
488 484
23 126
186 479
65 268
378 16
467 433
479 499
402 490
228 378
217 17
471 169
419 194
213 414
80 276
142 168
121 75
454 295
119 484
484 222
181 136
418 266
138 150
310 11
300 140
339 92
228 121
470 328
482 263
339 252
49 473
120 290
313 265
12 223
363 323
222 369
1 33
453 144
52 182
264 178
418 345
358 10
128 253
260 76
428 419
83 327
131 435
399 4
20 82
196 283
358 175
237 399
423 242
186 459
482 242
342 463
79 172
229 117
129 285
245 210
99 398
26 480
44 240
246 166
71 0
198 412
417 126
461 207
451 37
315 358
160 60
467 86
270 390
68 80
138 478
342 475
381 235
314 265
398 461
149 81
57 59
78 3
412 382
15 406
496 190
430 316
357 470
179 281
142 204
408 425
429 162
203 95
326 208
135 13
340 344
273 195
491 271
136 270
19 495
467 280
38 455
201 282
180 435
460 175
101 45
495 251
98 345
248 145
132 174
24 238
167 318
176 402
357 36
353 486
214 124
119 410
20 365
225 476
276 174
267 24
177 494
459 177
392 119
360 130
189 159
344 51
367 136
57 163
134 165
385 26
334 328
193 80
197 219
194 383
412 314
395 451
318 314
177 421
210 217
389 371
404 456
351 452
354 494
114 399
338 92
15 41
432 365
389 111
314 250
33 291
155 228
216 413
66 405
148 168
67 288
160 286
342 476
424 99
497 244
253 65
81 27
258 39
269 122
192 281
71 234
22 63
22 102
477 25
114 191
438 445
224 243
481 52
91 482
124 408
476 167
458 380
486 419
370 406
321 25
415 318
109 186
359 29
351 169
413 219
76 243
143 324
161 463
55 291
94 135
440 424
195 30
452 340
177 89
7 65
445 338
183 414
178 499
154 24
203 187
57 428
451 95
463 330
162 418
204 461
431 331
316 159
87 222
349 259
258 285
463 62
160 436
184 140
161 344
241 119
369 285
70 94
480 15
175 474
40 240
309 447
373 334
143 86
59 129
269 310
3 224
197 222
7 288
346 386
13 176
427 277
33 153
237 238
265 224
308 495
101 453
170 364
36 431
7 417
411 168
295 341
307 212
101 362
486 136
177 274
389 325
377 395
27 455
66 154
498 469
177 394
418 177
346 105
43 238
450 428
341 178
216 25
17 175
17 112
395 248
347 179
205 496
218 236
100 309
343 186
177 433
254 212
14 55
109 66
258 232
329 52
294 55
81 444
454 26
453 406
459 207
22 286
414 89
10 261
209 493
490 360
481 485
406 195
317 89
273 40
465 486
195 104
22 269
55 250
74 414
483 90
98 121
174 289
348 88
446 476
147 386
291 76
246 135
271 448
354 2
70 3
119 352
394 453
258 488
167 140
224 0
474 20
327 188
291 410
13 389
366 189
169 334
439 388
299 127
401 81
194 421
428 24
85 378
266 275
250 290
458 94
230 327
189 247
302 422
285 348
289 134
37 315
282 117
335 411
49 0
499 77
344 1
340 52
259 215
351 151
225 309
481 28
325 225
129 388
205 450
474 443
229 162
421 455
393 421
34 1
84 104
188 60
189 77
442 232
191 51
409 172
20 220
480 221
421 250
20 341
113 248
404 315
38 3
494 113
436 109
115 76
10 244
490 159
76 146
80 69
31 342
379 233
356 148
254 8
175 197
290 495
147 84
362 100
496 405
477 52
369 299
211 210
304 321
263 282
271 353
372 232
33 448
40 204
482 284
357 197
201 148
96 264
118 334
233 270
399 292
462 319
76 144
421 98
130 338
281 76
5 43
313 87
440 401
392 395
428 25
419 60
343 80
393 281
49 250
263 142
369 432
52 137
203 410
30 335
172 122
216 84
91 457
2 410
351 101
298 257
479 224
14 422
417 56
195 128
449 138
413 204
278 445
237 220
137 439
281 260
217 193
433 160
151 17
216 323
226 440
350 480
67 318
207 151
498 390
100 357
21 381
494 66
274 321
329 452
130 327
94 109
168 177
40 475
484 307
241 421
29 153
56 118
80 79
284 323
124 1
130 11
336 464
484 323
72 251
350 264
442 119
318 321
400 134
462 391
120 125
364 53
74 299
75 79
390 58
284 30
238 396
327 190
294 323
83 4
406 26
302 241
159 349
491 365
89 163
470 474
311 209
435 50
296 464
156 138
88 36
356 271
258 145
58 176
171 439
18 255
54 376
346 43
19 294
359 326
268 144
183 112
309 242
44 135
181 291
341 465
123 114
172 373
257 27
362 213
52 233
211 186
66 106
349 347
238 273
458 431
33 326
478 411
44 310
6 235
163 266
36 114
70 340
405 289
344 348
193 380
77 79
110 499
291 120
147 81
61 169
186 166
70 396
188 435
456 339
229 420
430 233
457 190
161 22
123 322
179 219
291 451
190 487
449 466
86 483
270 93
72 224
484 191
26 117
429 347
427 240
330 425
394 371
122 387
280 260
50 130
480 44
446 241
76 340
55 171
432 354
380 294
490 5
472 329
95 17
429 53
328 111
246 418
186 362
43 68
80 225
352 331
390 153
223 408
290 346
360 374
331 123
122 176
469 223
243 444
460 106
375 24
70 245
86 370
98 235
41 92
29 318
262 426
172 8
289 267
203 321
479 14
242 221
141 226
65 361
497 282
455 330
454 201
448 284
491 113
81 142
341 27
276 322
11 403
249 383
398 108
31 356
177 161
340 311
351 413
205 150
460 439
336 319
26 347
494 232
438 121
488 464
238 214
40 342
399 213
185 329
140 245
77 369
439 108
202 248
96 243
57 450
265 98
101 154
101 135
66 138
427 398
451 78
37 73
297 278
45 160
397 464
436 251
308 79
110 251
15 489
278 176
84 393
262 449
394 21
234 404
361 179
60 8
464 51
368 117
218 443
363 162
474 369
45 350
23 399
492 126
317 50
433 107
236 267
497 81
348 176
83 229
153 209
402 250
227 293
464 475
423 181
266 254
363 244
77 214
217 187
324 385
267 391
309 296
115 478
470 110
439 100
170 90
90 120
270 408
308 59
58 227
339 297
316 468
172 149
392 320
143 128
423 171
496 357
265 226
234 249
61 356
281 486
400 420
437 82
217 404
56 38
169 400
180 255
329 363
68 302
340 446
365 353
142 295
478 147
375 54
158 208
176 133
314 226
12 187
310 51
378 328
403 456
445 354
90 482
191 233
463 236
93 86
337 17
171 493
352 31
398 253
138 5
235 315
102 364
11 388
263 253
164 410
251 346
274 302
360 178
142 176
313 426
0 320
354 6
289 269
172 62
17 379
102 372
491 239
1 289
290 114
313 390
316 380
392 58
293 282
484 388
377 332
12 287
142 69
55 100
368 278
27 397
213 280
397 134
119 109
461 484
392 438
25 456
234 396
17 180
213 219
440 359
47 190
428 92
253 36
310 124
214 498
499 31
377 187
482 420
487 171
255 16
409 76
140 304
378 141
329 179
329 423
82 298
223 7
124 7
149 95
11 144
471 382
50 165
47 68
27 400
380 31
190 112
407 290
171 280
342 121
134 223
349 323
490 258
108 148
89 393
119 47
78 66
374 36
491 497
37 283
1 111
494 29
352 153
150 325
119 98
496 71
68 386
352 410
379 490
6 454
282 431
348 115
184 142
91 252
134 63
75 390
415 111
252 115
165 388
77 195
489 39
358 123
120 68
387 478
215 140
262 197
86 18
60 187
1 132
420 316
83 429
213 428
27 31
457 198
357 29
25 468
184 15
41 202
205 67
163 82
440 209
449 42
302 421
386 151
457 153
50 428
39 487
81 322
112 227
496 1
297 28
294 92
92 28
445 282
235 358
16 174
204 17
33 320
160 212
465 445
263 132
116 88
275 70
198 398
259 239
219 234
103 203
151 398
489 361
371 92
253 126
86 391
488 71
21 268
430 71
62 179
260 204
80 376
198 32
492 422
212 309
108 45
396 48
122 164
237 468
197 161
82 97
148 474
465 5
436 52
256 139
65 48
6 470
86 200
259 3
445 292
136 384
1 329
427 348
323 263
290 46
215 178
201 78
214 448
463 123
421 49
217 329
308 0
334 477
274 401
442 298
71 147
419 252
379 227
103 358
226 269
165 427
410 322
137 29
248 313
419 374
185 11
425 318
250 31
142 201
101 174
130 497
154 159
127 175
240 263
110 238
55 22
444 191
68 331
472 494
428 140
228 20
228 375
348 200
246 369
17 284
281 397
274 64
61 498
270 332
40 78
167 247
354 408
329 442
71 123
250 367
219 217
226 445
42 72
411 219
298 180
57 197
345 456
94 71
60 208
197 367
279 383
57 336
269 388
367 240
357 50
145 470
459 351
338 0
258 266
329 172
26 317
306 283
22 198
420 260
335 436
392 367
451 489
286 211
48 192
116 50
295 366
143 203
391 197
59 168
366 273
306 299
310 150
30 255
146 335
213 195
335 320
80 20
140 109
471 54
440 186
325 101
114 48
232 437
262 278
291 244
395 58
95 331
258 23
404 254
361 241
409 175
444 198
137 90
196 147
256 124
101 422
426 304
10 64
126 410
311 280
326 316
260 483
481 136
426 272
17 346
344 87
60 175
46 490
483 53
479 172
302 467
496 209
155 37
57 320
32 216
278 50
167 376
4 367
378 57
313 160
453 6
154 440
104 497
431 91
65 311
137 339
184 310
99 242
166 347
273 416
270 182
345 90
3 257
341 362
322 124
466 36
467 259
257 94
166 275
212 433
272 70
14 217
270 217
376 338
454 275
473 148
282 146
162 477
40 415
253 293
467 95
481 51
237 446
369 348
315 75
393 329
71 136
244 366
220 334
474 315
440 98
364 376
86 121
231 46
6 42
308 475
433 132
130 369
392 200
397 353
293 16
87 495
301 227
154 357
360 103
165 161
55 298
75 216
74 389
85 347
317 295
16 462
419 337
401 136
69 106
290 94
85 357
106 388
458 387
408 265
412 496
106 114
192 40
304 19
499 68
111 198
67 87
122 111
36 160
105 425
393 120
38 287
156 320
447 10
284 352
312 276
187 324
160 16
120 157
223 120
191 169
257 375
301 326
260 296
422 263
389 322
233 228
460 47
104 325
48 82
234 127
105 90
130 16
125 481
266 342
395 86
497 332
428 278
326 352
168 51
333 267
85 375
147 23
129 157
452 457
107 480
267 230
447 306
440 39
184 89
21 386
37 140
328 74
64 149
162 385
249 208
85 271
302 43
351 352
254 424
471 221
254 58
339 399
434 63
16 177
267 381
453 23
304 423
359 438
493 133
421 418
367 269
6 472
464 25
244 301
213 117
363 294
457 52
462 6
292 6
159 257
156 295
430 470
429 306
207 139
398 230
311 318
339 485
298 460
6 270
248 271
366 128
30 416
430 222
332 329
299 9
359 384
457 456
176 106
144 472
475 163
472 142
336 11
311 460
345 330
467 377
406 368
127 91
144 67
436 85
24 244
403 138
172 228
15 383
447 304
248 129
144 271
133 185
449 35
281 34
92 8
389 423
168 419
16 79
32 108
172 16
255 225
271 0
430 310
276 442
58 51
271 143
337 340
236 19
482 268
303 197
407 490
41 5
21 126
254 179
307 499
26 246
351 106
8 272
155 174
444 248
375 183
191 153
32 397
387 40
442 272
200 247
330 97
192 109
104 91
90 240
494 396
72 292
273 46
289 41
106 420
333 113
300 141
45 412
410 342
159 401
226 373
245 274
20 416
284 248
32 105
439 323
286 93
75 332
94 27
488 426
119 46
424 135
431 234
496 351
111 126
0 360
0 317
498 429
24 286
487 170
385 419
254 30
78 115
148 18
40 117
144 114
384 319
29 342
455 331
136 144
413 277
392 31
464 489
107 271
494 17
198 353
445 67
162 154
196 60
418 400
104 460
355 313
296 89
150 292
199 182
329 6
496 257
297 406
37 68
431 13
1 407
306 305
141 227
185 463
88 16
143 326
379 380
96 174
35 151
466 474
389 315
477 446
47 441
468 489
416 334
14 311
286 38
467 98
391 145
33 480
52 285
13 148
429 473
418 204
353 228
218 440
271 334
131 382
12 67
35 192
143 427
2 485
250 298
237 111
226 471
10 171
107 147
347 138
118 205
386 308
321 68
135 212
491 123
181 499
264 226
29 32
398 196
374 322
162 299
204 47
440 3
17 325
12 321
359 489
367 79
159 388
218 330
398 371
101 164
169 299
67 292
94 439
270 180
222 392
462 124
266 71
444 269
477 460
463 258
339 260
10 99
303 364
8 417
94 418
40 103
458 480
5 492
108 351
73 369
278 282
447 324
69 162
469 261
87 74
127 195
4 329
312 387
268 173
13945 -1 -1 -1 -1 -1 -1 -1 -1 -1 -1 -1 -1 19964 11519 36463 -1 -1 -1 -1 -1 -1 61331 -1 -1 -1 39246 -1 43639 -1 -1 -1 14794 -1 42230 -1 8421 -1 -1 120 -1 50438 55848 -1 -1 -1 -1 -1 -1 -1 -1 49946 -1 -1 9733 31731 -1 -1 4485 -1 -1 -1 36888 -1 -1 -1 11482 14367 -1 -1 -1 -1 -1 -1 53807 -1 -1 -1 -1 -1 -1 57844 -1 -1 48185 -1 -1 -1 -1 -1 -1 14742 -1 -1 -1 -1 40205 37466 11289 -1 47261 -1 -1 -1 -1 -1 -1 -1 -1 -1 -1 -1 63500 -1 -1 -1 -1 -1 -1 -1 12052 -1 -1 -1 44844 33789 -1 -1 -1 -1 -1 25059 9721 -1 -1 -1 -1 -1 -1 -1 45608 53911 -1 -1 11149 64362 -1 -1 -1 -1 -1 -1 -1 -1 -1 -1 -1 -1 -1 -1 -1 -1 2316 -1 -1 -1 -1 -1 -1 9465 8685 -1 -1 -1 -1 -1 -1 -1 -1 -1 -1 1700 -1 -1 60672 -1 -1 10064 -1 51781 -1 -1 -1 42728 -1 17361 -1 24998 27241 -1 18142 23434 -1 53575 -1 -1 -1 -1 -1 19983 -1 -1 -1 33254 -1 -1 -1 -1 -1 -1 14923 -1 -1 -1 -1 -1 -1 15360 32889 -1 -1 -1 -1 43921 -1 38808 63588 -1 -1 -1 -1 -1 -1 21025 16265 -1 -1 -1 24463 -1 30623 -1 18653 -1 -1 -1 -1 25120 -1 -1 -1 -1 -1 -1 -1 -1 11811 -1 -1 -1 -1 -1 -1 -1 -1 -1 -1 50814 -1 17317 -1 -1 -1 27340 -1 -1 -1 -1 16686 -1 -1 -1 2686 61763 -1 -1 -1 -1 -1 -1 -1 -1 -1 -1 42275 -1 -1 -1 -1 56196 14383 -1 -1 -1 -1 -1 5787 -1 -1 -1 -1 -1 21094 -1 -1 -1 -1 -1 -1 -1 -1 -1 24499 -1 18572 -1 -1 -1 -1 44502 -1 -1 -1 -1 -1 -1 54286 -1 -1 -1 -1 15300 -1 -1 -1 11025 -1 49071 -1 64479 -1 -1 -1 35454 -1 -1 9560 -1 -1 -1 -1 -1 -1 -1 -1 59272 -1 -1 -1 -1 33106 -1 -1 30450 -1 57508 10366 -1 -1 -1 -1 -1 -1 16091 -1 -1 -1 -1 -1 -1 -1 -1 -1 -1 -1 -1 -1 6182 54124 -1 9059 53220 -1 -1 -1 -1 39859 58648 -1 -1 10080 -1 -1 -1 -1 32017 -1 55681 -1 -1 -1 -1 58280 -1 -1 36381 -1 27465 33027 -1 -1 -1 -1 -1 7967 -1 -1 -1 -1 -1 -1 -1 -1 -1 -1 17278 -1 -1 -1 20299 -1 10340 -1 -1 -1 19588 -1 -1 28018 44115 -1 -1 -1 -1 -1 -1 -1 21865 61382 -1 -1 -1 -1 -1 -1 -1 -1 -1 -1 -1 -1 -1 22596 -1 60174 -1 -1 30125 -1 -1
4
1 256 5 481 8
1 492 12 494 15
0 324 4 129 2
0 93 14 131 10
