500 2000
273 59
10 396
258 479
216 117
69 410
211 247
335 147
358 30
53 14
460 391
301 479
251 277
150 209
156 66
383 319
13 439
302 449
392 458
334 309
285 164
116 446
166 97
240 198
344 403
485 22
382 439
291 337
195 131
439 2
322 184
427 320
50 182
440 64
391 188
120 197
416 28
198 405
179 282
307 113
458 191
260 321
235 37
482 207
294 227
287 467
222 163
211 373
433 488
155 73
241 237
388 271
350 73
112 482
339 119
386 194
163 254
219 360
184 494
88 108
373 140
407 26
374 239
381 2
295 168
427 423
34 393
75 189
315 273
308 247
488 18
204 17
362 322
292 161
327 496
359 100
300 309
327 335
60 112
59 193
479 59
337 168
362 131
162 124
343 71
486 205
301 57
236 163
258 149
345 453
411 136
66 15
434 421
18 69
229 53
482 261
341 307
369 269
424 442
491 205
400 496
274 314
161 268
313 423
434 1
298 309
89 470
447 115
227 480
182 25
230 110
199 249
120 157
380 354
27 99
460 126
27 480
426 26
95 133
88 115
250 263
300 455
410 16
63 405
36 389
231 8
102 124
434 212
81 333
449 151
468 222
373 226
366 358
476 0
473 250
458 230
374 366
470 411
229 101
496 102
306 298
111 484
136 356
75 118
347 144
154 242
55 312
7 287
91 163
319 364
291 208
251 335
350 432
387 186
96 160
461 417
72 449
278 405
309 475
268 67
106 263
241 248
362 71
46 448
323 294
281 180
499 124
18 131
40 296
82 47
411 366
359 133
273 373
44 48
243 330
22 305
29 467
0 213
436 401
32 130
299 113
151 152
306 193
423 219
185 290
140 34
258 311
250 221
266 269
460 479
104 236
13 202
403 386
161 372
46 258
40 172
346 31
389 457
48 337
82 228
477 75
270 32
169 319
386 366
116 300
67 428
312 427
18 20
351 447
187 470
12 462
171 382
295 144
461 498
164 349
137 257
164 224
279 371
300 299
264 278
475 336
378 286
344 239
389 316
254 6
434 356
188 194
262 131
86 16
318 263
374 448
172 481
409 344
227 214
209 158
200 197
448 96
394 454
176 162
3 432
364 125
248 67
352 389
135 371
180 86
5 351
211 123
11 266
363 394
127 122
85 168
272 361
396 408
340 434
160 360
170 92
389 285
434 328
428 458
52 156
436 143
2 460
13 350
352 390
355 257
36 28
247 320
428 309
425 48
140 317
38 42
197 385
3 293
395 499
15 86
5 312
434 79
370 56
378 80
270 133
61 453
279 337
50 412
255 170
201 47
326 154
286 265
484 44
284 157
480 153
27 410
337 334
35 258
283 0
412 43
312 468
441 439
271 333
309 454
465 90
86 116
384 113
289 213
103 2
337 150
397 280
172 300
293 33
371 42
288 382
208 337
431 217
143 433
452 493
490 186
324 272
233 35
75 307
449 363
452 73
338 103
287 483
84 109
465 244
38 340
436 135
101 417
486 445
173 224
228 352
353 453
372 44
399 86
227 226
205 139
461 119
257 161
147 223
64 53
35 44
94 48
147 394
133 158
77 45
256 321
341 197
163 106
218 355
122 80
197 470
211 313
112 478
8 473
62 363
437 215
248 34
97 30
101 265
25 337
204 432
319 256
417 266
207 496
155 59
182 498
107 425
102 162
297 61
327 23
315 8
93 49
7 377
154 265
169 161
120 114
260 32
136 470
455 74
454 260
228 238
261 69
473 186
283 85
357 481
107 288
314 206
286 487
295 47
472 116
216 1
223 241
357 308
32 337
74 283
433 490
161 382
78 146
261 472
44 487
150 330
109 491
46 350
163 240
177 386
495 123
229 374
408 227
308 160
322 433
150 212
223 374
229 340
297 482
425 29
333 447
433 305
255 298
286 424
178 217
19 197
472 246
9 444
452 319
62 413
471 240
383 210
480 195
344 420
324 320
362 247
141 458
5 386
360 381
338 213
348 253
481 176
278 126
147 362
397 142
146 194
298 447
201 427
363 437
272 224
3 120
115 356
322 257
462 132
50 107
306 95
324 152
64 224
36 321
257 481
421 174
62 384
169 400
310 136
240 364
292 284
238 184
241 293
457 81
151 145
326 221
83 227
451 168
39 491
221 13
151 116
96 384
332 485
450 284
255 494
61 114
39 395
60 391
263 63
213 414
249 448
257 207
114 161
353 421
170 30
388 459
10 33
56 52
168 360
313 302
451 32
293 134
248 191
46 369
34 317
207 20
9 465
352 333
332 466
386 253
486 48
330 487
220 484
432 82
127 400
298 127
496 486
22 384
225 177
158 2
174 378
447 63
151 110
29 59
437 473
489 417
70 7
186 73
159 365
269 49
237 271
420 464
349 229
390 66
91 303
65 429
471 499
222 103
401 21
407 396
35 191
77 472
183 481
214 107
261 402
325 265
282 496
227 32
403 189
92 252
372 268
301 95
308 359
127 354
365 49
176 222
312 158
264 160
5 214
88 409
371 306
340 416
414 73
437 382
327 202
209 425
334 343
139 97
475 40
229 186
161 371
443 65
83 453
498 32
305 232
174 453
271 325
388 373
410 375
497 105
42 113
156 282
233 293
14 481
184 91
451 488
78 228
56 272
73 157
190 155
92 405
122 87
233 108
204 323
234 288
480 299
210 314
496 316
127 396
356 167
455 499
75 229
423 39
280 498
433 486
424 463
8 294
47 60
432 496
107 428
322 368
192 400
337 217
250 295
136 193
152 70
217 458
259 280
80 298
401 205
379 83
123 316
259 388
130 181
23 444
15 395
365 419
181 48
499 452
190 436
35 89
143 413
172 361
328 490
425 349
154 271
270 31
241 302
141 278
99 338
321 149
194 8
428 440
316 68
390 185
16 376
397 398
48 232
349 22
448 191
305 358
496 366
259 382
234 187
182 154
167 255
256 354
325 62
326 332
275 200
192 104
22 223
95 410
112 495
88 433
473 17
363 47
464 244
49 55
35 395
231 273
392 434
491 128
263 144
319 201
216 377
22 212
379 310
348 448
75 397
243 117
30 217
261 414
206 317
93 58
44 231
40 187
393 436
93 214
497 292
448 352
32 64
282 237
417 340
244 496
327 37
494 209
182 324
463 492
261 476
398 58
218 265
340 485
146 58
291 436
127 227
255 343
48 169
470 113
435 434
116 273
388 32
282 212
53 240
47 238
200 360
229 230
329 160
272 87
107 56
441 103
342 85
9 338
260 88
82 289
341 356
232 82
112 11
423 367
195 304
432 498
335 340
199 75
154 397
108 306
78 470
241 140
381 496
123 59
430 65
452 201
458 265
123 288
434 141
207 102
15 268
298 400
384 202
394 332
422 394
42 239
380 51
275 390
216 92
332 433
347 119
6 297
406 279
274 243
44 465
406 217
117 133
388 148
450 147
26 7
355 351
184 227
443 49
262 129
345 287
399 471
142 327
416 462
336 166
189 106
482 208
354 377
84 170
461 423
205 271
368 46
492 434
387 28
111 480
397 344
20 234
298 442
204 340
329 128
44 491
290 394
498 200
339 394
140 57
439 398
479 311
288 161
330 307
449 498
68 253
242 218
72 34
157 423
461 457
321 299
35 8
279 456
116 442
158 123
163 71
7 283
376 209
280 309
374 267
136 255
22 106
165 448
239 338
269 10
222 350
182 415
471 323
399 195
202 483
484 167
25 309
261 131
121 436
64 464
197 496
188 198
421 402
29 344
103 409
397 2
301 416
333 493
313 1
3 228
151 80
155 446
173 187
349 240
109 454
387 445
245 136
192 434
210 133
246 242
75 9
280 374
151 435
56 31
128 175
262 298
275 427
389 465
188 467
317 136
408 177
349 12
312 213
394 403
241 31
227 141
171 41
222 95
52 120
267 249
265 176
55 430
144 446
109 14
474 2
183 75
202 362
120 489
371 418
77 23
344 345
151 316
236 221
335 300
321 35
491 63
284 55
318 301
462 265
430 221
195 295
269 175
263 50
114 113
64 409
174 220
267 403
253 182
440 413
245 103
109 252
287 306
396 280
153 361
10 240
244 24
238 314
156 148
35 277
79 146
260 149
284 129
64 434
482 40
88 336
301 295
188 307
103 99
136 276
426 127
333 127
270 261
134 496
383 201
442 360
153 242
349 92
99 14
252 204
237 341
37 378
235 196
454 69
261 29
457 56
228 243
260 407
62 64
81 162
390 16
176 0
352 452
437 187
481 490
138 305
47 408
324 428
3 48
180 222
116 16
452 87
280 488
273 289
285 356
176 285
113 186
459 286
234 88
358 139
41 49
7 494
315 260
130 196
10 391
376 30
206 188
143 472
314 136
296 303
474 285
186 296
52 97
474 80
241 342
108 19
446 391
68 26
216 408
479 303
489 259
84 79
479 256
476 32
365 142
369 184
141 51
270 341
267 265
339 357
78 141
132 86
489 479
47 314
25 334
421 457
227 386
428 131
231 85
497 405
56 263
188 60
388 229
403 19
296 68
155 284
95 346
271 127
463 394
324 244
145 239
155 449
200 479
72 103
449 268
321 53
382 312
365 58
227 356
292 12
258 256
298 239
376 172
88 69
206 272
380 235
207 475
421 184
59 40
93 171
432 2
258 404
111 234
418 357
94 371
445 173
56 169
278 371
33 342
94 473
310 387
222 85
49 235
91 52
310 291
56 125
20 365
377 242
39 227
300 87
419 44
488 275
288 284
172 1
3 315
264 10
368 443
207 81
346 50
459 36
94 344
235 484
483 357
102 56
492 294
467 199
264 104
80 130
202 142
399 437
327 325
410 74
204 182
436 480
35 330
493 400
64 74
403 16
84 103
383 491
356 138
214 187
452 318
299 148
230 279
151 51
407 297
139 445
13 299
486 383
408 317
32 272
43 207
2 244
191 119
320 30
87 351
450 61
422 243
27 221
270 138
140 96
247 463
241 117
242 240
26 62
309 440
260 133
154 398
179 66
43 298
129 471
441 334
423 178
431 257
193 297
198 327
30 106
236 182
142 178
298 4
308 43
264 310
25 320
243 496
11 190
110 435
156 495
94 226
331 462
473 468
193 344
85 243
353 68
307 55
361 305
119 141
0 85
351 40
329 255
199 73
9 11
189 134
450 62
44 273
141 423
106 134
352 119
403 21
351 155
109 498
216 224
333 126
201 189
6 232
42 50
320 406
329 215
412 428
370 329
396 85
57 413
238 406
24 82
429 371
4 73
69 213
80 242
80 321
208 267
85 76
135 366
253 288
403 23
365 131
430 485
118 384
278 64
21 488
17 177
485 5
338 198
6 116
383 19
53 159
169 300
112 294
447 75
405 474
415 60
283 345
435 400
217 256
233 491
325 472
412 99
471 43
374 268
262 136
317 358
214 235
417 362
21 213
214 325
367 195
326 488
72 363
280 167
19 473
202 181
415 64
270 76
163 324
140 159
439 261
247 452
68 439
453 64
109 114
324 390
162 281
292 492
377 392
439 486
463 49
313 203
498 135
411 383
265 417
313 191
470 76
418 133
374 286
71 344
476 335
355 32
223 161
462 383
362 206
257 436
283 314
497 81
122 95
278 480
187 105
198 197
31 396
37 276
44 96
277 52
69 270
223 163
156 111
11 303
388 157
83 278
143 479
174 204
251 103
113 142
16 463
277 60
411 299
203 391
3 216
358 465
139 239
146 240
488 329
141 5
318 416
43 130
419 122
204 284
123 375
401 95
424 20
480 233
255 444
173 181
79 145
270 457
299 123
427 2
241 6
433 217
251 83
14 239
251 60
102 188
310 282
86 461
208 489
492 3
420 184
195 491
30 182
206 17
284 236
223 459
53 118
494 265
128 235
286 436
333 345
155 136
118 288
281 231
241 58
136 339
124 174
26 174
129 426
84 432
366 172
352 13
327 385
267 329
47 436
92 294
196 438
177 412
244 264
107 148
332 267
89 327
299 229
273 467
389 186
368 185
59 191
377 20
41 61
457 287
229 281
391 52
216 429
118 51
141 319
87 57
418 105
181 97
103 291
230 256
175 134
50 86
85 320
225 398
459 65
450 128
67 356
243 279
115 330
302 321
340 284
98 169
113 148
357 38
467 163
417 369
35 136
365 199
256 110
46 62
450 279
317 81
189 402
220 472
473 430
239 369
256 377
484 408
145 115
130 292
485 232
455 57
109 198
336 127
445 160
4 100
95 381
30 65
128 352
87 337
263 268
409 157
273 461
36 194
498 358
317 248
135 362
268 189
366 320
135 277
332 312
212 489
185 396
265 15
66 221
348 168
82 476
98 218
320 420
134 162
117 190
481 280
96 122
354 218
429 39
349 70
286 54
146 432
156 490
398 381
128 286
52 137
8 406
313 318
302 21
93 180
10 77
276 337
327 59
202 388
381 352
441 498
35 401
354 71
103 372
498 263
361 68
321 243
207 175
269 245
483 119
164 260
191 32
59 108
271 494
439 208
481 399
332 156
344 487
106 479
163 489
320 155
213 210
60 301
243 394
359 198
244 466
459 195
23 114
39 266
25 181
355 253
496 145
394 19
323 339
262 450
407 110
62 393
474 406
388 418
362 292
187 63
304 405
428 137
129 229
456 251
477 220
452 222
325 54
149 449
403 280
430 87
455 465
356 174
419 252
46 267
323 295
220 478
165 200
222 306
445 329
124 374
29 430
150 139
474 210
353 36
266 197
120 370
106 120
422 225
127 237
287 445
150 242
25 24
166 412
97 372
284 189
462 281
45 101
370 4
214 2
195 171
311 368
70 27
333 463
272 45
74 329
140 17
162 343
191 474
155 147
442 171
470 203
233 408
283 154
21 0
452 306
352 7
209 112
420 282
427 271
125 484
240 78
419 467
176 124
197 373
299 108
242 193
262 264
352 210
220 122
102 243
477 259
272 108
120 380
444 495
335 419
229 394
62 258
456 388
29 331
419 123
84 363
469 297
346 431
468 254
415 168
173 123
308 178
332 278
439 228
65 197
276 219
352 41
438 179
495 192
308 66
351 37
304 223
292 163
231 76
397 166
239 457
112 179
98 248
22 343
480 129
278 106
410 317
264 488
309 63
372 401
245 120
468 62
352 187
231 370
170 100
296 483
7 279
17 228
10 63
114 440
465 380
16 131
107 449
479 297
409 96
14 82
4 329
154 137
208 487
165 25
369 203
37 78
346 20
405 410
362 151
115 93
213 264
64 459
222 143
42 177
473 372
182 393
252 425
217 245
88 18
389 15
435 250
303 157
316 205
139 362
473 90
272 49
159 198
124 189
464 226
377 276
450 354
148 176
87 456
212 253
210 90
481 194
426 71
334 335
151 128
160 311
199 336
202 306
210 161
249 89
204 355
132 126
415 476
53 172
269 68
451 378
290 220
111 360
450 216
121 255
473 85
56 400
296 61
306 170
269 73
86 423
441 34
289 494
450 72
111 10
80 301
288 344
469 409
18 352
445 232
333 190
48 498
418 389
40 326
65 460
40 310
420 328
428 355
411 287
209 54
87 458
167 124
405 94
381 228
437 257
315 123
316 101
345 418
189 468
406 24
10 31
108 342
41 55
342 111
201 202
139 203
81 114
230 61
158 7
38 209
299 445
105 448
166 324
131 413
98 352
224 300
225 7
336 474
88 293
487 135
348 411
119 385
182 216
420 106
490 293
193 460
280 452
194 222
128 160
212 161
465 230
421 310
175 24
241 461
268 13
202 204
317 191
49 199
384 40
21 127
497 410
499 120
1 25
352 159
202 64
241 194
138 236
141 73
49 7
99 80
438 312
339 144
474 379
371 75
154 423
179 237
297 20
160 310
21 161
28 172
436 354
239 126
93 436
112 32
297 117
147 493
200 384
69 149
135 229
383 63
17 485
52 282
213 468
287 5
134 177
12 402
7 100
218 42
140 108
479 81
93 380
387 30
318 199
64 185
333 92
10 12
464 351
299 342
398 271
395 394
456 475
63 455
444 244
495 386
36 432
449 358
93 184
164 261
294 374
30 199
471 476
434 249
412 118
23 419
493 153
102 112
362 371
29 394
281 320
452 373
189 151
208 67
478 299
23 470
23 354
141 40
188 50
423 266
359 24
430 119
272 158
221 145
15 145
205 176
321 116
154 33
442 447
371 100
21 332
430 320
98 154
117 474
336 121
471 313
204 32
106 337
396 365
166 48
442 190
115 81
340 374
156 196
85 394
12 382
228 306
180 341
451 195
243 378
122 53
147 202
348 287
299 434
232 150
233 430
107 216
83 198
391 178
324 290
334 137
190 367
170 1
432 438
408 299
448 417
204 267
446 417
138 407
469 43
235 483
50 74
51 473
441 214
145 285
286 95
342 19
352 52
289 444
416 124
24 367
120 72
335 25
208 461
17 313
383 304
194 147
310 141
309 398
419 156
367 28
384 249
167 152
57 392
158 270
147 149
108 2
357 270
111 419
393 351
178 345
60 427
441 256
98 337
463 149
493 160
487 204
346 144
52 336
116 374
362 133
153 150
495 390
450 79
97 168
349 204
31 145
142 391
275 370
317 11
129 102
331 243
28 146
292 490
245 459
443 93
418 436
247 389
253 476
294 392
161 453
354 470
340 184
422 435
389 160
274 24
429 152
69 277
50 483
493 270
364 274
149 87
435 388
12 17
416 282
151 311
201 286
17 266
134 411
463 184
266 420
319 359
58 414
449 78
487 127
445 222
228 61
265 134
447 99
100 278
12 291
247 129
236 22
93 470
260 212
225 2
7 277
211 185
430 125
93 354
108 154
52 77
148 274
316 292
159 63
416 365
477 428
219 371
394 41
199 143
207 490
240 158
166 425
293 201
494 145
168 43
160 248
45 308
127 427
190 28
137 499
322 358
151 343
276 423
282 411
497 284
144 138
447 322
79 161
122 302
150 441
356 399
233 106
177 118
460 440
197 218
123 450
161 302
331 437
420 146
46 454
255 192
464 124
307 269
250 131
470 325
331 114
194 196
290 136
404 166
158 489
53 32
472 177
255 344
222 373
81 387
233 52
184 133
21 254
300 260
305 68
424 257
73 167
372 222
229 342
-1 17165 -1 -1 -1 41642 -1 -1 -1 -1 -1 38992 -1 -1 -1 -1 34442 11677 -1 -1 -1 1053 -1 -1 -1 -1 -1 -1 -1 23277 -1 11030 -1 -1 -1 -1 17519 -1 25822 -1 -1 -1 51065 -1 -1 -1 -1 -1 -1 32724 -1 -1 -1 -1 -1 -1 -1 40253 -1 32944 -1 -1 -1 -1 -1 -1 -1 -1 -1 8332 -1 -1 8930 -1 -1 -1 -1 -1 -1 2582 -1 -1 45072 -1 -1 38642 -1 -1 -1 -1 -1 -1 7536 -1 -1 -1 -1 -1 -1 -1 -1 -1 8531 -1 -1 -1 -1 41784 45465 -1 -1 -1 -1 -1 4713 -1 30688 -1 -1 -1 -1 -1 -1 -1 -1 -1 -1 -1 -1 -1 -1 -1 46482 -1 25223 39531 -1 -1 -1 -1 -1 -1 5418 -1 -1 -1 48964 31273 -1 -1 45741 37831 -1 -1 57233 -1 -1 -1 -1 -1 -1 -1 49242 46571 -1 -1 -1 -1 -1 -1 -1 -1 -1 -1 -1 -1 51279 -1 46050 -1 11727 -1 -1 -1 -1 -1 -1 -1 -1 -1 -1 20701 -1 -1 -1 -1 -1 40728 -1 -1 -1 -1 -1 -1 32927 -1 27185 -1 -1 -1 -1 11977 -1 -1 -1 -1 -1 -1 -1 -1 -1 -1 -1 -1 -1 -1 4919 -1 -1 -1 57794 58719 -1 -1 -1 -1 -1 -1 -1 -1 43524 34903 1467 -1 -1 -1 62499 -1 -1 44430 -1 -1 -1 37970 36695 22228 -1 -1 -1 -1 62175 -1 -1 -1 -1 21702 -1 -1 5258 -1 -1 -1 -1 -1 -1 52020 -1 45795 -1 8966 -1 -1 -1 -1 -1 -1 -1 -1 -1 -1 -1 28756 11216 -1 -1 -1 -1 -1 -1 -1 -1 -1 -1 -1 -1 -1 -1 -1 12559 -1 -1 -1 -1 -1 -1 -1 -1 4907 6147 56715 60090 -1 32832 45690 -1 -1 -1 -1 4074 21471 -1 -1 -1 -1 64639 54388 41288 54999 -1 -1 163 55512 -1 -1 -1 -1 -1 -1 9944 -1 -1 -1 -1 55540 -1 44176 38318 27418 -1 -1 -1 -1 -1 -1 -1 -1 -1 -1 -1 28697 65243 -1 -1 -1 -1 50673 -1 -1 -1 -1 -1 32652 -1 -1 -1 -1 -1 -1 -1 -1 63193 -1 -1 -1 -1 13499 51690 -1 -1 -1 -1 -1 -1 -1 -1 32869 2987 -1 -1 -1 -1 6375 50001 -1 -1 -1 43632 -1 47581 -1 -1 -1 -1 -1 -1 -1 -1 -1 -1 -1 -1 -1 -1 -1 62502 -1 -1 -1 -1 -1 -1 -1 -1 -1 24889 -1 52549 -1 -1 3995 -1 -1 53746 63732 -1 -1 -1 -1 -1 -1 -1 -1 -1 -1 -1 3201 -1 -1 -1 -1 -1 -1 -1 41189 -1 1829 -1 -1 -1 -1 -1 -1 -1 -1 3916 -1 -1 -1 47266 -1 5383 8048 -1 -1 -1 -1 31202 -1 -1 -1
6
1 227 4 487 15
1 403 2 93 7
0 285 13 43 9
1 262 3 48 8
1 47 12 379 4
1 484 3 280 11
