500 2000
141 429
74 65
386 305
228 200
59 31
84 439
246 49
192 454
189 305
90 81
190 28
147 423
86 445
449 23
110 478
310 265
353 60
452 156
203 276
94 369
176 237
328 98
409 178
47 260
107 457
85 477
261 158
329 395
310 13
271 151
107 155
445 132
410 303
9 459
174 88
360 445
353 319
163 404
192 153
73 257
250 444
313 183
252 478
310 403
328 186
386 250
432 69
332 201
402 100
284 24
162 249
3 111
283 19
293 496
59 355
490 89
233 83
263 260
290 44
195 115
127 252
481 20
75 249
226 105
60 294
402 125
170 328
203 492
122 132
263 103
14 410
443 257
383 195
427 231
109 246
104 383
277 420
300 267
67 175
204 351
249 375
467 148
315 308
21 240
196 103
38 479
327 421
211 216
33 157
100 77
394 147
53 170
330 72
326 227
15 370
496 249
174 355
445 260
22 276
312 381
153 333
73 328
310 312
180 279
230 443
218 378
61 320
230 134
332 458
332 309
386 111
429 350
344 191
455 125
399 318
23 4
360 410
399 498
369 244
436 186
473 49
348 234
493 146
481 16
408 409
394 393
280 269
461 169
439 429
59 270
5 192
126 75
366 363
47 95
118 63
200 98
487 158
11 127
2 260
97 169
192 268
25 143
81 296
250 480
62 488
219 128
378 103
496 130
458 236
120 263
308 38
362 194
212 146
342 467
324 441
474 41
227 69
332 188
461 329
20 347
300 187
315 428
294 410
390 498
25 281
69 82
393 271
4 26
348 147
184 187
307 104
333 98
477 392
68 363
47 122
278 373
89 251
199 167
112 231
197 83
370 422
335 133
148 36
149 440
339 489
75 40
50 83
254 46
464 173
50 80
269 187
319 140
139 143
444 40
491 377
239 375
54 355
36 400
332 324
140 433
311 241
50 456
287 141
462 384
306 257
214 41
256 255
89 392
463 174
438 41
79 16
374 208
187 428
300 413
392 211
336 330
117 224
250 150
140 133
441 368
321 160
99 204
468 213
228 53
210 171
27 268
188 481
375 487
133 385
406 84
388 318
46 170
426 242
50 214
247 477
370 71
414 257
96 30
129 211
276 32
27 436
446 356
296 332
176 71
298 23
285 362
299 132
480 113
236 96
118 233
189 191
106 200
149 424
48 397
272 188
195 275
278 159
450 424
227 68
185 302
97 141
348 459
180 199
67 445
148 108
15 364
265 320
129 324
44 471
243 162
472 308
470 66
115 121
334 384
236 341
448 9
426 14
424 382
209 463
426 81
230 348
131 58
48 128
202 103
477 330
6 152
239 327
429 36
85 146
142 436
109 374
131 13
378 19
452 319
379 25
397 416
48 420
315 276
250 214
206 292
156 391
200 409
90 119
334 140
138 339
156 407
313 211
122 477
8 437
369 48
140 121
474 307
181 214
436 419
333 206
279 21
91 235
183 380
367 411
82 51
142 131
85 497
8 266
158 339
79 371
29 95
405 33
165 182
339 376
204 105
150 210
118 419
394 59
470 381
17 48
81 76
259 35
169 178
294 97
134 156
211 163
136 25
388 425
320 149
93 327
102 378
30 482
248 101
254 416
222 267
484 331
341 135
0 286
312 233
426 55
86 15
17 374
17 329
234 37
63 452
383 492
36 452
451 164
169 338
136 227
348 384
333 42
324 287
118 42
351 28
140 450
260 403
7 354
229 294
490 80
151 498
487 96
41 357
127 490
121 367
22 77
423 422
422 453
265 406
279 228
105 195
53 463
89 134
220 221
462 191
54 91
219 93
121 475
422 410
49 291
113 100
451 194
153 272
379 279
259 156
133 316
1 171
71 197
353 194
303 175
451 398
486 82
19 275
173 480
216 378
364 243
348 407
293 194
260 411
328 185
365 244
197 437
139 90
399 172
324 143
287 311
154 403
256 235
154 305
340 329
123 246
400 457
83 292
11 304
218 122
470 338
440 82
315 39
4 269
300 94
292 285
25 190
217 141
198 487
396 428
244 379
166 475
331 270
374 89
168 369
173 112
236 405
182 329
228 278
450 25
197 358
77 450
157 275
384 292
411 230
329 458
448 462
108 199
105 215
447 448
430 156
241 436
454 54
478 428
74 395
430 291
26 424
322 1
160 53
228 75
119 264
442 375
241 333
402 174
127 93
36 282
177 467
40 62
199 499
185 425
251 88
181 288
499 169
76 220
475 189
260 245
387 114
248 65
156 294
175 27
99 372
325 329
3 40
353 341
110 465
75 241
80 126
491 121
297 263
120 492
111 483
198 270
458 120
475 341
428 253
455 146
284 222
426 30
377 365
280 186
423 282
291 488
466 353
360 37
67 388
50 156
425 211
387 450
34 204
156 185
277 170
319 302
270 256
463 318
184 459
279 79
30 422
260 326
221 341
377 169
117 466
92 225
374 300
419 380
479 63
374 10
178 161
455 216
301 334
155 71
255 212
253 407
460 296
342 410
254 76
198 286
211 41
382 238
490 49
323 393
227 224
370 31
343 125
435 297
279 202
202 442
471 488
213 462
55 200
281 321
442 128
7 114
187 426
107 265
475 255
71 168
117 17
102 144
195 126
271 85
486 105
214 49
207 42
295 306
486 9
136 2
102 45
264 118
246 190
307 168
333 448
4 291
321 419
474 188
418 439
71 438
327 320
166 159
344 25
4 169
86 497
170 435
391 95
74 100
5 11
474 319
38 77
63 241
213 310
361 472
218 38
430 234
283 252
481 21
293 66
200 215
65 228
62 415
338 100
308 50
287 447
198 244
349 69
435 381
400 336
168 210
114 438
189 388
244 415
178 177
80 388
492 381
153 454
85 13
369 239
7 225
208 86
117 120
132 438
257 304
387 350
189 461
473 437
89 213
401 95
75 409
114 256
465 307
167 115
75 452
177 395
441 29
349 455
285 251
226 280
459 346
114 174
173 174
390 42
295 420
266 47
289 67
25 317
398 225
169 42
253 5
452 17
482 154
159 136
294 365
495 345
144 188
234 210
306 122
315 427
466 288
181 313
488 329
193 486
458 133
221 15
287 291
482 100
209 244
339 463
68 452
247 307
450 210
440 172
446 166
195 236
24 10
223 266
308 332
438 177
335 466
242 111
167 280
320 18
298 469
429 471
284 427
68 290
288 160
377 120
111 338
161 355
137 404
219 160
460 234
31 161
457 92
73 317
50 377
306 127
38 94
416 55
484 327
160 331
285 110
415 223
444 356
150 29
58 435
173 418
360 219
45 86
114 33
380 254
324 200
192 90
57 392
272 59
175 9
266 385
465 315
262 85
67 271
15 398
211 462
231 437
308 396
498 145
53 249
61 11
227 41
290 72
20 91
411 224
272 96
125 41
470 302
54 115
76 353
436 432
151 16
65 489
214 424
361 79
112 246
81 110
249 407
441 411
305 131
307 275
386 393
466 64
55 469
28 469
269 492
84 489
471 154
213 1
305 18
483 26
322 248
87 470
218 426
203 28
371 314
404 295
118 417
28 43
407 442
155 446
378 44
128 313
316 258
460 160
9 371
337 129
116 320
430 106
299 351
67 408
495 272
431 22
405 60
143 122
87 360
170 128
236 331
360 439
96 78
354 475
476 481
399 402
412 137
41 7
318 148
219 434
217 112
486 230
148 12
397 217
358 194
86 376
149 219
294 181
475 140
64 25
371 130
432 227
70 376
12 488
408 223
260 465
302 351
466 177
386 391
248 282
74 207
81 29
104 167
402 446
152 44
251 7
62 250
160 329
32 78
185 121
273 365
204 390
492 369
227 106
181 317
354 477
161 193
304 89
268 288
230 80
289 254
351 439
363 177
374 255
378 491
164 436
388 200
478 6
253 121
24 228
310 104
0 167
224 470
46 351
149 462
63 461
212 142
452 86
245 366
126 114
364 100
160 9
270 212
16 101
458 344
82 479
224 264
208 383
60 299
415 28
424 252
226 254
292 409
429 180
65 416
376 453
352 499
54 6
120 455
244 165
140 128
397 108
429 364
147 104
301 149
214 227
173 318
184 463
340 182
392 403
410 470
483 475
237 196
292 138
141 149
313 341
198 164
127 428
473 140
404 153
374 72
221 300
323 475
156 28
270 375
223 313
102 4
377 468
386 198
431 266
33 257
249 158
383 275
382 155
327 10
192 24
351 205
410 204
340 417
204 417
230 310
203 121
174 233
133 9
414 323
384 54
316 1
309 103
16 478
76 146
64 160
325 1
152 274
450 270
290 223
74 433
462 114
55 311
188 347
56 496
225 156
204 194
362 213
79 144
391 84
247 136
418 71
408 393
183 204
297 159
374 127
296 37
115 300
295 240
337 6
9 51
457 198
77 251
94 55
490 63
69 52
454 350
112 226
21 267
182 35
357 427
453 425
362 6
185 168
11 183
130 434
312 108
403 469
179 472
11 237
309 166
54 313
341 433
167 299
73 368
215 238
8 497
498 189
245 300
219 75
249 246
78 323
69 13
448 12
276 285
211 68
14 393
16 433
334 262
138 461
173 274
398 332
193 395
433 287
214 493
321 417
191 438
470 361
16 377
266 471
25 478
76 24
202 273
184 270
309 25
14 28
123 139
469 116
475 352
327 191
495 472
2 224
93 51
276 210
265 467
398 55
436 417
53 412
17 158
457 47
214 392
231 154
253 262
294 102
141 166
316 260
18 165
252 311
246 358
223 238
19 400
253 114
320 186
216 409
0 52
14 446
441 319
318 485
183 436
26 140
110 116
408 247
44 452
489 175
185 221
62 178
347 2
40 365
438 202
24 258
366 269
373 472
487 365
339 60
242 206
199 116
207 173
425 123
25 230
211 290
494 50
361 400
97 372
448 397
279 168
9 235
252 332
385 252
108 29
93 84
277 313
180 271
210 407
443 236
148 126
172 267
351 372
390 203
115 61
350 37
339 169
482 353
105 280
217 230
36 269
368 462
486 139
154 259
498 268
297 87
36 194
163 294
492 205
192 114
345 391
13 11
302 471
367 338
498 97
230 289
411 149
1 495
470 308
491 400
371 88
175 37
15 420
34 328
199 95
136 373
328 78
112 347
254 186
445 491
284 155
428 423
461 250
80 435
213 343
113 190
106 54
101 494
340 293
327 264
375 36
177 389
245 386
198 311
47 50
391 302
18 438
370 110
272 294
97 444
387 66
143 104
402 455
293 51
130 295
220 244
344 302
349 290
295 77
42 394
165 293
158 131
43 488
27 308
184 48
370 142
472 407
448 364
394 444
367 182
279 375
117 53
23 107
23 316
74 233
61 74
4 380
80 346
357 440
235 49
429 224
170 294
147 178
7 399
279 309
466 308
454 377
367 288
36 394
433 21
235 444
449 400
74 36
77 8
120 133
239 19
423 204
470 267
444 172
353 113
266 412
286 7
29 53
209 300
38 241
280 494
231 157
234 340
239 424
460 91
306 462
425 75
110 212
30 201
121 438
165 433
115 459
125 288
142 493
272 387
360 279
454 360
365 276
74 194
338 459
246 310
90 97
165 30
490 240
323 214
314 419
232 132
450 400
229 231
360 229
451 315
271 466
219 454
300 101
380 213
426 201
100 244
467 47
260 136
491 473
468 432
90 210
144 226
481 78
205 415
7 378
221 215
268 318
52 347
318 467
144 293
165 384
426 347
485 291
37 87
468 402
237 238
250 450
417 13
407 257
334 156
166 40
448 251
240 308
155 368
175 19
298 361
62 155
413 94
480 486
38 350
299 190
287 100
93 297
84 97
278 25
334 207
293 237
313 459
397 399
364 309
150 111
379 429
394 388
195 418
10 438
234 186
360 264
238 480
93 452
357 408
284 201
332 152
287 71
4 365
321 132
338 488
334 304
432 391
111 394
435 249
84 360
236 156
307 145
27 346
95 229
103 97
86 58
151 186
266 224
56 424
85 257
416 63
310 260
472 318
240 420
353 234
288 239
11 413
302 145
153 490
409 203
449 116
238 253
476 394
87 431
206 400
262 387
30 146
258 203
334 457
190 399
440 176
193 85
367 33
423 415
359 87
73 434
42 160
306 9
140 415
417 139
322 203
186 170
279 75
497 11
217 166
247 491
345 125
364 262
493 473
256 61
26 71
347 22
471 169
201 491
39 294
374 308
98 330
153 216
196 307
362 220
436 32
221 79
154 487
381 411
245 241
331 298
127 86
171 421
103 472
154 399
59 313
165 140
391 330
315 249
220 493
496 269
159 328
171 250
192 479
140 407
480 191
492 170
242 449
381 22
276 221
383 368
301 189
125 332
280 2
155 304
384 42
6 420
439 480
321 6
214 358
334 33
375 484
445 64
108 421
339 419
139 453
345 96
375 477
324 381
129 401
105 231
332 456
241 441
303 408
335 223
380 325
234 477
218 410
430 378
372 327
38 484
484 50
63 140
400 276
477 242
274 65
334 195
32 74
221 462
318 250
469 156
20 179
54 425
495 318
330 257
264 63
376 498
414 490
77 192
180 317
338 419
254 322
345 186
445 384
94 111
292 397
134 238
233 147
61 478
34 361
78 137
244 372
457 414
470 297
265 168
326 119
402 168
391 407
169 266
180 52
121 379
101 334
296 195
186 49
156 474
294 344
229 131
210 6
94 77
83 48
466 322
368 297
293 9
107 83
151 276
28 416
260 340
271 406
409 479
43 200
159 72
436 367
46 308
324 103
38 412
62 117
232 64
491 100
133 387
144 191
69 186
177 246
205 405
359 63
338 84
403 127
421 179
346 198
466 416
337 359
166 21
159 498
331 439
188 173
111 119
160 445
327 66
156 288
140 326
450 105
254 440
379 47
492 280
431 53
323 254
231 130
441 120
41 47
147 106
216 293
186 364
496 254
393 15
347 92
486 2
0 92
68 246
86 430
261 197
286 207
283 492
467 449
163 474
18 411
443 226
473 461
129 99
3 341
117 308
118 78
123 322
68 482
260 291
251 215
255 285
52 209
129 378
130 278
498 407
44 269
410 263
73 441
12 481
335 496
305 110
323 491
249 482
138 25
435 498
377 216
123 328
217 301
19 246
178 385
476 372
418 43
421 411
329 118
431 497
183 370
289 116
451 24
200 30
360 206
138 409
144 449
294 287
465 56
280 478
491 61
145 402
423 325
65 379
158 383
137 469
469 331
321 68
90 454
310 226
111 246
102 51
358 427
230 279
179 399
267 268
301 113
325 384
378 458
79 489
402 90
42 73
13 146
91 227
3 197
334 152
441 9
131 286
475 199
377 42
69 32
306 324
275 133
2 364
441 472
383 193
289 123
81 159
21 455
218 495
59 154
491 456
227 283
497 149
467 498
201 43
307 207
266 267
155 123
480 202
357 18
354 33
48 293
459 449
378 339
149 348
310 166
5 498
222 152
348 48
435 93
393 424
154 396
282 64
381 188
21 449
238 31
458 124
210 405
165 251
314 330
400 466
37 218
262 413
479 478
230 484
15 265
498 140
235 139
193 149
360 239
260 153
206 78
393 296
469 65
319 96
307 241
106 301
312 217
217 304
411 81
481 164
6 495
402 463
190 1
442 279
83 74
484 266
359 183
89 441
277 392
171 30
27 476
107 354
100 420
19 174
207 40
450 124
72 144
293 10
289 380
289 349
48 460
288 85
140 310
125 39
29 450
385 374
128 236
92 356
421 213
128 232
245 62
215 279
68 24
97 120
274 52
320 104
84 486
278 154
377 131
376 250
424 97
323 449
64 422
423 161
284 403
209 369
330 497
229 330
366 144
335 272
362 371
338 22
13 9
267 35
391 29
453 373
398 365
234 167
157 89
497 53
405 43
284 412
440 49
225 25
355 245
253 259
455 384
427 130
353 263
50 116
163 415
379 368
479 227
235 237
485 260
156 384
143 69
333 458
86 447
114 439
167 284
422 381
134 167
232 370
435 265
266 403
392 220
169 55
340 4
141 400
65 139
209 26
56 165
485 457
464 278
184 370
186 196
257 10
215 125
390 328
222 317
140 454
270 269
214 331
462 442
181 84
217 423
231 441
438 283
347 379
261 62
100 403
322 252
431 240
148 398
233 270
115 258
389 486
27 350
188 215
32 212
152 77
389 154
163 154
296 105
400 119
429 69
6 116
453 72
390 304
265 427
201 85
65 303
329 212
275 125
14 247
479 52
23 91
301 321
54 411
332 63
250 94
411 62
128 18
27 40
44 405
373 1
309 141
479 382
471 6
95 245
213 276
227 233
322 377
227 83
368 395
64 130
348 430
364 316
243 450
148 462
428 416
225 383
156 310
63 255
231 285
371 444
313 71
22 334
212 97
395 277
171 404
292 87
343 150
3 110
298 237
27 101
83 337
199 306
354 383
455 275
409 96
415 137
351 317
57 449
482 456
487 284
7 304
212 62
473 416
353 14
462 50
92 263
212 94
15 341
36 293
210 285
120 135
230 73
401 89
17 99
111 143
452 241
221 329
469 369
441 81
25 483
213 19
496 458
418 408
60 251
30 13
63 369
410 174
333 9
3 76
342 431
410 71
332 433
277 52
491 181
386 168
303 44
382 317
170 458
287 348
84 390
113 403
195 316
475 122
27 263
423 498
129 351
0 293
415 394
306 391
172 136
51 386
389 79
443 5
169 120
58 307
113 82
271 417
204 435
351 252
374 321
167 39
98 253
323 326
135 163
202 398
276 434
223 410
337 280
283 7
321 33
99 307
67 138
318 45
335 167
343 431
285 167
61 421
202 416
87 441
165 278
82 354
261 75
313 113
417 42
175 346
317 193
374 276
338 373
385 337
121 363
312 385
321 435
254 409
308 55
431 108
154 312
320 440
122 240
242 204
423 302
70 55
181 162
130 65
418 332
104 67
427 467
449 330
0 459
459 192
480 142
94 432
48 4
286 1
144 171
54 161
15 70
317 216
346 472
167 398
35 401
54 43
43 80
138 77
494 363
478 404
21 303
457 248
153 52
487 326
41 145
340 155
486 16
2 367
467 192
492 17
338 15
322 400
152 29
415 417
482 230
67 264
442 1
41 88
366 51
343 446
95 331
486 322
358 85
178 306
65 447
-1 -1 5300 -1 52393 44122 -1 -1 -1 36253 -1 -1 -1 28416 -1 -1 17946 -1 15472 12587 34715 63482 -1 -1 10815 -1 14655 6844 -1 -1 -1 -1 -1 -1 -1 -1 -1 -1 -1 -1 -1 -1 33229 -1 -1 -1 -1 -1 -1 -1 -1 -1 -1 -1 -1 -1 -1 40833 40258 -1 8469 -1 25319 -1 -1 -1 63588 -1 -1 -1 -1 -1 -1 -1 -1 -1 -1 -1 -1 -1 -1 -1 -1 -1 -1 -1 55696 -1 -1 -1 -1 -1 56785 48064 -1 -1 -1 -1 -1 4514 -1 -1 -1 -1 -1 39974 -1 23406 -1 -1 59297 34673 -1 -1 -1 14781 2364 -1 58772 -1 34773 -1 -1 -1 -1 10397 -1 -1 -1 -1 49037 -1 -1 -1 -1 -1 11261 -1 28292 -1 30604 -1 -1 -1 -1 981 -1 18333 -1 805 -1 -1 -1 41842 -1 -1 -1 -1 12891 -1 -1 -1 -1 -1 -1 -1 -1 -1 -1 -1 -1 7225 -1 -1 -1 -1 37793 1167 -1 44240 20605 3458 -1 -1 36213 56825 -1 5408 -1 1147 35859 -1 -1 -1 -1 -1 -1 -1 -1 -1 -1 54168 -1 7484 -1 -1 -1 -1 -1 -1 -1 -1 -1 -1 16213 21325 -1 -1 -1 12050 -1 30028 -1 66 -1 -1 -1 -1 -1 -1 22892 -1 -1 -1 -1 22232 -1 -1 63611 -1 -1 -1 51105 15953 -1 -1 58490 -1 -1 29435 -1 -1 16590 -1 -1 -1 -1 -1 -1 -1 -1 -1 -1 -1 -1 -1 -1 -1 -1 -1 -1 -1 -1 -1 -1 -1 49603 46264 -1 6522 53654 -1 -1 54890 -1 -1 -1 -1 48776 -1 -1 -1 33253 -1 -1 -1 14668 -1 -1 18572 -1 -1 -1 -1 -1 -1 -1 -1 5776 -1 6032 -1 -1 -1 -1 -1 64202 -1 -1 54326 53091 -1 -1 -1 38133 -1 -1 -1 -1 -1 -1 -1 -1 -1 -1 50980 -1 -1 -1 -1 -1 -1 -1 -1 -1 -1 -1 -1 48329 -1 -1 -1 -1 -1 -1 -1 -1 -1 -1 -1 -1 -1 8581 -1 -1 -1 -1 26421 -1 -1 -1 -1 -1 -1 64338 -1 10495 60585 -1 -1 -1 -1 -1 -1 -1 -1 -1 -1 47613 -1 -1 -1 -1 -1 -1 -1 -1 -1 -1 -1 -1 -1 8600 13400 11686 -1 32948 -1 1706 -1 -1 55773 -1 -1 -1 -1 -1 -1 31908 -1 -1 -1 -1 -1 -1 50005 -1 -1 -1 -1 -1 64853 -1 -1 -1 -1 -1 -1 -1 -1 18903 -1 -1 -1 -1 -1 -1 -1 -1 -1 -1 -1 20123 -1 -1 -1 -1 -1 -1 -1 -1 -1 24389 -1 -1 -1 -1 40343 -1 -1 -1 -1 5033 -1 -1 -1 -1 -1 -1 -1 -1 -1 -1 -1 -1 -1 -1 -1 -1 -1 -1 -1 -1 -1 65411 -1 -1 -1 15070 33344
10
1 406 1 140 13
1 372 9 46 6
0 266 10 260 12
0 75 5 38 1
1 476 1 295 13
1 177 4 456 1
1 389 3 387 5
0 482 4 455 12
1 85 12 444 2
1 145 11 67 8
