500 2000
144 483
291 427
22 416
471 107
155 102
249 396
200 199
146 371
272 332
170 382
276 278
143 345
132 133
23 419
208 220
55 189
348 265
438 127
32 409
497 232
398 32
20 216
486 171
59 438
26 186
326 371
186 390
274 159
401 466
14 153
102 324
321 453
340 284
367 121
450 127
350 203
486 478
360 164
3 497
65 374
372 437
326 243
447 364
12 5
467 387
106 45
261 289
3 482
81 299
161 145
288 437
473 214
10 118
359 496
80 406
479 462
171 120
486 398
138 148
83 490
345 106
304 479
170 272
134 330
373 4
243 183
10 221
94 495
218 377
261 416
169 496
450 390
233 59
344 18
410 426
207 329
88 184
51 174
390 146
466 394
384 67
455 302
38 116
2 93
331 260
50 188
120 411
118 263
237 426
314 295
292 304
436 472
102 264
143 226
65 140
133 135
193 23
272 404
368 117
34 304
137 162
93 354
187 453
463 265
364 31
379 427
158 492
75 269
484 482
57 60
136 52
92 387
444 169
165 437
44 110
376 452
447 483
127 144
428 112
369 401
157 84
63 335
253 79
243 361
55 16
408 128
141 356
364 411
197 269
116 115
173 437
59 429
255 274
349 278
114 426
33 402
25 352
274 223
356 288
486 477
274 428
104 213
353 91
187 53
239 378
337 250
138 289
312 68
345 416
347 159
376 372
464 310
54 237
440 129
355 5
438 283
242 408
272 417
302 407
143 468
218 395
38 114
359 234
396 71
340 31
155 308
90 152
431 275
37 97
73 15
412 132
152 71
213 451
12 194
331 4
483 284
173 379
219 65
309 472
262 432
275 5
273 315
98 445
469 165
316 414
205 253
202 240
43 421
421 470
476 81
325 238
377 409
480 492
170 291
157 467
208 160
343 120
56 126
25 112
1 203
177 31
406 264
464 101
447 25
139 145
42 371
185 19
287 281
291 22
316 444
479 495
136 10
108 122
122 215
76 437
71 250
187 122
200 163
366 277
193 285
283 468
42 111
34 379
266 35
61 210
354 101
485 163
496 243
327 238
428 195
436 435
79 405
97 295
392 138
446 82
373 211
9 280
29 210
14 351
406 358
268 87
269 286
420 71
408 354
471 148
378 256
112 454
445 117
312 452
28 284
4 376
372 152
426 39
319 239
224 37
101 322
462 474
232 309
344 406
247 258
20 36
422 409
180 139
276 262
398 346
96 222
335 479
383 167
395 187
5 114
0 169
237 120
422 390
329 76
126 215
441 67
217 489
113 347
297 86
300 111
385 209
82 394
187 357
180 91
284 216
230 459
88 325
431 49
244 180
251 129
418 64
460 232
429 73
317 214
299 359
371 474
63 407
471 51
260 336
15 335
117 332
215 162
328 160
399 91
1 477
201 125
36 438
143 77
4 324
271 199
235 496
58 8
380 29
82 49
105 411
251 39
486 347
426 115
163 171
397 231
174 239
338 190
125 16
422 48
438 111
11 383
139 103
441 448
50 396
335 210
261 47
375 60
164 205
201 365
465 494
371 7
67 231
275 473
94 395
465 358
190 452
14 443
395 448
279 64
426 156
323 222
378 134
241 138
276 392
266 77
54 178
325 42
60 104
354 286
36 8
224 263
201 462
440 418
445 164
49 140
215 167
446 155
203 146
392 146
124 279
383 495
38 358
11 64
1 499
453 158
395 230
284 218
60 273
327 73
182 180
71 138
329 325
291 499
312 369
10 289
23 47
401 304
211 259
3 464
402 169
30 332
246 266
468 214
412 204
178 161
53 488
44 27
337 278
14 316
194 471
110 456
73 90
81 123
164 371
47 109
306 469
453 208
286 57
343 221
479 330
368 145
477 337
471 207
258 297
445 232
399 353
369 241
241 106
26 290
470 11
385 50
203 147
276 205
326 372
124 311
472 203
404 496
81 437
395 71
292 232
394 222
198 466
349 160
358 265
303 292
386 448
93 88
480 80
188 208
365 310
123 5
482 339
9 129
98 212
300 106
167 109
392 427
24 121
255 140
113 216
383 474
128 146
119 263
207 206
499 53
105 283
120 330
360 462
183 126
187 437
155 112
224 61
35 492
389 166
128 36
61 27
179 275
215 346
409 455
254 359
272 346
82 335
293 262
111 75
15 112
234 131
397 372
429 113
496 466
451 469
496 427
492 429
285 181
53 167
173 356
378 490
144 140
495 373
402 372
207 44
283 289
486 464
229 106
260 46
152 344
471 466
322 201
450 470
335 431
284 334
328 59
235 114
437 96
310 183
359 391
407 277
380 229
491 422
131 187
36 222
497 418
433 92
58 443
105 415
324 26
167 290
447 374
383 484
285 393
30 449
184 385
253 31
380 414
373 51
30 133
234 61
443 491
39 241
359 244
47 314
171 21
475 133
403 476
41 261
430 123
184 0
215 86
411 154
381 465
189 380
110 396
263 296
403 293
316 266
299 394
172 70
50 94
438 474
308 12
169 379
228 303
458 128
494 454
193 395
15 119
352 436
466 461
100 442
194 451
12 417
94 467
282 342
173 392
301 493
162 74
374 215
381 414
144 375
55 286
193 175
495 319
186 408
489 385
403 306
105 422
273 240
461 486
34 128
455 186
295 109
303 485
42 217
293 98
132 244
39 368
247 165
339 47
173 324
154 119
367 402
385 359
459 430
180 308
8 232
207 443
416 289
349 454
155 95
356 464
121 102
179 219
309 357
406 357
473 449
46 39
19 346
168 124
351 34
66 219
284 435
314 15
126 332
241 356
408 130
233 129
430 272
190 383
409 88
176 79
365 43
466 293
65 308
245 142
478 391
327 329
415 406
397 226
277 217
299 397
404 368
141 382
382 115
8 254
96 255
464 62
253 208
153 198
417 436
476 88
124 373
67 112
373 396
483 152
162 225
197 129
126 12
67 69
420 104
291 119
439 102
51 122
242 235
7 276
219 200
258 0
96 362
315 166
497 481
177 287
432 177
496 459
272 25
129 109
243 309
497 388
215 488
496 333
273 340
469 375
129 89
385 372
93 6
91 178
315 175
481 416
154 24
341 171
49 306
217 412
370 11
438 26
247 386
480 416
86 285
216 68
254 406
179 438
15 248
201 45
206 3
333 13
176 379
321 330
315 393
354 428
135 478
352 458
66 142
123 94
403 462
262 394
13 465
138 376
42 107
263 148
92 477
341 463
273 229
57 127
142 450
138 393
68 489
72 52
497 317
42 192
485 197
25 115
333 123
109 106
306 73
384 282
294 155
246 356
128 261
166 318
224 373
84 286
401 65
158 223
468 412
105 150
157 125
88 2
369 57
47 455
219 491
477 388
391 93
86 323
69 5
308 23
226 199
353 199
63 441
332 115
96 142
109 477
471 131
447 290
318 131
281 480
186 54
77 69
132 23
299 138
261 89
350 98
130 84
240 61
147 427
247 371
8 12
12 362
371 173
367 401
142 56
30 183
209 4
302 323
334 358
338 223
27 474
363 97
297 370
331 364
179 28
323 46
287 461
70 203
120 36
474 460
486 376
429 437
135 256
107 342
384 385
136 57
176 308
211 399
479 460
20 413
204 307
203 289
11 32
70 165
12 371
448 342
350 69
397 29
308 371
241 402
64 241
357 144
330 338
462 338
404 105
351 427
347 71
303 196
491 271
478 118
41 372
156 35
155 251
78 339
140 150
349 425
199 193
120 233
292 214
238 116
406 150
315 250
189 420
37 492
90 266
51 196
126 486
487 189
13 130
228 248
4 267
403 396
200 346
195 345
155 341
352 310
110 43
203 16
472 301
395 417
256 432
410 409
393 240
157 219
352 193
109 428
496 420
281 72
176 331
417 219
71 325
224 346
464 104
273 48
22 403
117 109
99 231
236 417
25 458
258 112
4 459
321 112
21 35
136 221
324 119
152 243
222 328
121 251
339 373
363 168
272 396
180 30
72 238
268 401
180 491
308 454
408 162
11 482
195 289
241 290
113 283
253 98
130 344
85 236
196 450
145 268
168 485
62 1
216 245
232 208
175 223
170 22
177 122
113 360
25 225
204 99
349 1
383 343
88 201
166 50
392 53
413 342
173 395
403 311
376 404
358 162
365 127
421 209
391 280
416 237
300 157
68 89
92 35
138 44
366 484
122 101
111 475
376 240
42 273
101 347
424 252
290 442
335 297
179 133
456 13
57 196
178 229
28 217
169 339
445 84
27 251
275 96
52 370
88 111
15 205
172 213
251 15
229 118
407 26
350 496
316 107
241 280
472 81
63 224
439 52
254 94
251 242
25 471
220 12
20 459
133 415
497 89
364 7
7 116
406 162
402 134
62 305
211 277
21 149
308 417
309 273
96 462
190 434
67 11
377 435
304 183
403 94
439 54
118 319
201 111
367 285
421 231
365 221
189 160
275 218
489 260
33 420
391 339
319 315
204 53
467 208
316 473
312 306
495 433
321 396
316 463
419 87
321 418
108 161
144 336
281 99
333 15
182 173
92 449
162 76
18 260
471 65
34 70
495 482
477 89
47 308
399 422
417 76
296 189
124 352
228 113
335 442
106 110
234 256
479 85
195 273
128 274
13 49
179 267
69 235
114 99
43 344
142 480
194 455
144 132
302 111
258 295
2 49
1 389
429 278
58 131
107 312
217 382
366 326
424 350
278 180
110 252
465 445
472 98
296 409
208 171
165 213
90 170
334 122
60 271
423 381
394 94
302 452
485 29
216 229
103 25
235 482
432 150
480 205
265 413
466 320
68 315
278 351
340 366
49 37
287 314
446 341
27 485
307 332
494 18
342 286
300 472
331 236
401 59
220 449
271 92
124 137
351 236
236 157
289 364
72 369
259 84
421 87
477 35
326 53
231 86
67 394
330 101
461 192
342 487
144 92
453 272
473 320
95 40
220 488
202 349
322 114
185 288
54 146
101 90
368 97
187 248
383 482
182 132
265 101
18 362
234 248
212 241
378 146
279 268
450 66
80 243
113 150
196 463
230 385
311 432
162 257
411 437
340 466
196 426
147 415
6 230
95 167
264 173
33 346
269 178
65 422
336 77
380 277
319 312
31 189
334 475
369 42
272 228
385 440
376 118
157 374
66 432
208 357
275 458
153 421
466 150
437 182
18 251
407 444
359 61
489 60
121 32
356 351
448 227
257 146
77 398
243 160
201 248
197 131
394 288
77 241
73 219
404 487
50 235
264 57
190 283
215 330
68 106
393 279
410 310
300 272
78 279
305 19
429 235
301 53
133 474
383 377
448 130
284 166
366 248
372 120
342 215
434 312
370 26
184 254
318 393
2 153
455 97
70 314
116 291
147 30
431 410
314 242
257 343
423 178
473 161
53 348
460 171
473 467
283 251
173 424
114 203
102 24
456 223
264 490
295 221
489 437
5 466
297 270
51 288
275 492
180 214
279 413
438 379
495 248
46 159
254 172
442 139
81 408
368 124
319 282
457 484
126 329
197 375
344 125
283 80
60 12
398 427
319 323
437 268
113 436
8 185
166 362
427 430
187 329
422 387
192 26
300 354
41 331
327 32
298 297
199 143
261 166
290 54
135 384
233 208
338 384
467 291
356 396
188 368
200 228
488 103
103 415
156 327
89 425
437 157
494 99
401 121
413 12
408 149
187 226
372 460
158 336
446 87
372 399
131 114
341 296
355 318
206 295
160 365
125 357
428 203
178 401
375 389
137 246
120 153
479 289
155 131
153 223
323 203
308 171
369 329
326 195
255 8
307 48
30 190
28 468
39 420
339 262
329 43
122 471
348 4
450 315
312 149
400 497
155 256
284 443
416 102
426 397
32 167
476 409
398 28
265 194
321 304
268 5
472 218
222 265
154 91
477 83
70 326
285 261
202 241
60 333
428 492
241 338
232 211
316 447
435 42
470 477
128 423
28 154
267 262
39 341
255 220
286 345
305 198
23 215
241 405
65 486
421 380
392 156
87 335
492 264
261 468
463 80
69 444
351 452
451 140
88 252
346 336
262 175
405 132
308 250
433 111
449 190
486 103
385 391
29 110
417 329
478 469
167 14
488 132
159 472
287 452
429 419
481 108
394 114
33 0
304 389
403 213
338 55
341 128
78 20
11 13
11 294
204 215
496 212
264 248
204 19
360 337
464 68
221 44
182 217
375 83
153 350
46 68
452 105
270 303
184 90
285 421
432 233
473 342
480 182
414 377
454 453
493 315
238 447
284 125
155 410
388 426
175 230
282 489
471 88
440 412
255 317
247 246
445 283
117 448
99 422
210 204
495 121
169 332
420 463
75 354
444 299
106 481
340 353
19 286
252 235
48 164
181 176
106 74
83 183
195 475
494 314
166 203
133 257
467 469
316 288
445 265
160 256
462 470
471 139
124 69
97 277
38 15
89 455
381 126
273 166
4 50
410 116
383 114
149 94
37 128
215 113
80 206
98 354
292 491
404 95
130 422
237 32
3 184
48 419
120 361
352 147
150 139
485 364
186 389
159 107
258 436
277 85
240 75
125 13
238 39
313 252
103 53
75 67
455 417
466 476
358 48
403 319
368 482
450 325
327 447
73 92
337 128
443 424
458 199
279 318
64 481
439 162
371 465
23 4
473 195
464 490
237 269
44 72
456 410
497 213
188 418
498 83
332 456
117 142
74 36
408 427
289 155
71 265
207 68
95 282
190 144
32 402
255 261
286 338
76 427
454 89
111 192
84 441
153 107
436 117
222 198
64 382
426 264
148 498
411 325
14 479
403 98
213 0
14 77
420 153
82 353
60 24
483 324
146 482
25 298
92 220
97 299
34 495
263 273
381 42
491 259
200 360
402 287
182 333
102 165
190 102
217 7
175 486
455 449
278 369
183 305
491 267
367 259
60 461
213 323
58 66
435 298
7 297
0 141
466 473
178 473
154 86
191 445
471 151
476 261
151 28
492 433
87 96
68 291
350 29
280 26
163 206
162 104
169 86
490 77
81 133
248 484
112 114
45 434
342 143
455 333
436 318
436 26
448 26
229 92
173 475
439 319
188 84
145 358
445 336
301 339
400 458
488 25
9 403
390 139
190 23
498 265
340 404
171 275
447 419
147 226
46 94
320 182
385 266
480 46
340 387
425 185
404 56
335 137
262 88
112 50
405 308
234 190
177 278
346 44
357 476
441 428
327 381
280 286
81 479
252 469
26 185
356 201
283 172
129 195
101 114
426 38
308 84
168 387
134 313
181 39
393 28
125 77
302 76
409 205
464 72
464 63
35 135
236 32
285 422
223 106
277 243
412 280
111 56
95 121
354 45
278 33
444 144
287 45
199 34
477 409
77 399
17 416
271 335
199 430
386 119
490 44
326 468
285 164
212 145
135 321
384 318
428 310
63 437
408 382
4 46
412 409
235 456
83 68
73 278
69 335
93 115
288 237
317 29
391 247
197 391
243 189
66 448
296 371
378 315
107 483
5 474
221 440
239 498
387 119
422 443
255 449
396 188
424 381
457 346
91 122
485 180
438 52
302 425
95 313
52 321
434 113
273 18
235 201
313 355
100 112
464 51
277 422
255 213
335 42
469 406
18 256
131 468
264 357
369 358
358 380
214 174
148 468
354 29
216 489
40 363
336 263
223 383
264 65
192 428
225 49
202 332
261 99
488 381
463 232
150 444
48 201
194 205
199 323
229 419
152 42
308 389
160 135
33 267
139 309
414 406
21 215
250 211
335 47
129 218
384 377
476 363
63 66
271 255
175 71
101 458
239 275
313 462
79 407
307 192
208 306
127 21
440 5
354 53
158 48
481 208
171 227
488 351
137 21
140 474
155 430
97 193
126 330
498 158
169 188
285 450
145 17
465 321
100 284
380 287
258 487
481 441
242 213
449 125
86 488
190 85
369 178
289 463
178 144
224 294
458 182
52 412
369 404
1 44
282 256
72 85
267 498
370 185
269 405
203 84
210 473
138 467
18 54
383 463
189 422
128 82
34 433
254 263
288 384
158 193
135 235
249 364
134 268
388 461
362 385
372 417
117 456
233 170
236 69
170 461
13 267
97 11
496 53
407 386
481 153
488 30
343 308
35 470
295 322
59 242
101 382
202 258
491 459
327 271
446 281
150 242
496 334
224 282
351 415
116 140
209 452
397 346
52 406
46 276
489 86
483 463
447 322
389 299
138 339
228 490
382 411
481 184
213 305
128 1
210 165
259 488
474 334
14 70
198 260
260 273
254 218
75 147
26 122
233 42
302 292
268 486
338 127
333 168
46 236
359 358
277 474
37 63
296 317
403 34
154 330
65 327
289 445
301 363
94 36
23 44
26 140
275 456
357 463
420 50
209 111
74 28
230 169
114 436
263 162
332 460
81 480
354 132
369 44
225 434
97 248
449 344
197 409
425 150
444 353
364 179
53 454
247 459
123 214
128 83
269 365
371 483
240 64
306 204
122 97
304 379
472 327
129 186
187 117
268 440
379 182
264 143
337 370
141 186
88 166
79 242
377 354
66 341
338 486
378 318
300 37
123 395
393 251
45 320
24 449
70 273
330 75
461 58
187 298
17 344
280 221
165 185
156 214
270 365
29 99
118 429
362 348
60 225
300 35
128 29
308 230
145 175
85 257
415 336
100 308
390 324
244 320
478 289
346 186
246 126
179 349
409 263
461 244
105 375
184 191
57 219
252 182
273 27
150 144
318 13
188 121
315 193
489 463
458 89
243 282
213 357
433 150
2 35
19 275
442 158
419 304
372 25
221 287
470 370
48 160
154 352
278 52
496 255
151 225
180 217
126 267
86 188
334 111
50 164
309 174
487 317
245 12
416 240
245 190
387 94
104 100
176 167
480 113
372 347
466 65
295 51
336 141
64 117
59 277
308 44
323 476
419 309
27 443
72 358
394 327
445 209
65 342
195 105
448 210
444 147
53 30
180 94
475 465
246 213
100 90
95 250
214 212
186 219
81 74
81 311
24 186
260 330
374 199
263 0
184 326
0 133
123 234
311 461
0 122
95 79
466 433
39 172
256 154
30 60
375 329
408 347
136 181
99 226
397 293
411 346
182 327
146 446
39 44
458 446
79 261
-1 39711 -1 -1 -1 -1 -1 -1 -1 -1 -1 -1 23608 -1 16233 -1 -1 -1 -1 53598 -1 23366 15997 -1 64458 12267 3107 -1 -1 -1 44567 -1 -1 -1 -1 -1 -1 -1 -1 34471 -1 -1 -1 -1 -1 -1 1707 -1 -1 -1 -1 63609 -1 -1 -1 -1 3909 -1 -1 -1 -1 -1 -1 -1 -1 -1 20536 -1 -1 -1 -1 -1 -1 -1 -1 -1 15320 -1 -1 -1 -1 -1 -1 -1 -1 -1 -1 840 -1 -1 -1 -1 -1 -1 -1 -1 -1 -1 -1 -1 26703 -1 -1 -1 57831 -1 -1 -1 -1 -1 -1 35225 -1 -1 -1 -1 -1 -1 -1 -1 -1 -1 -1 -1 -1 -1 -1 46401 64127 47176 -1 -1 -1 -1 -1 -1 -1 -1 -1 -1 -1 -1 -1 -1 -1 18733 -1 -1 -1 21457 -1 -1 -1 -1 -1 41140 22225 -1 -1 -1 -1 16603 -1 -1 -1 -1 3880 5173 -1 19283 -1 7264 -1 -1 -1 -1 -1 531 -1 -1 -1 52796 -1 8178 58005 -1 -1 -1 -1 -1 -1 1430 -1 -1 43778 20796 -1 35735 5398 -1 -1 23292 -1 15846 -1 49722 19822 -1 -1 -1 5325 -1 -1 -1 -1 1798 -1 -1 -1 -1 34160 -1 -1 46051 -1 -1 -1 -1 26039 -1 -1 -1 -1 -1 -1 -1 47328 -1 -1 -1 -1 -1 -1 -1 -1 -1 37810 -1 -1 -1 -1 -1 -1 -1 -1 -1 -1 -1 -1 8503 -1 -1 -1 -1 -1 60611 31805 -1 -1 45405 -1 7222 -1 -1 -1 -1 -1 -1 -1 -1 -1 -1 -1 -1 -1 -1 -1 -1 59901 -1 -1 -1 -1 -1 -1 -1 -1 -1 -1 8311 -1 29810 -1 -1 -1 19845 -1 -1 -1 -1 -1 -1 26370 -1 -1 -1 -1 -1 -1 -1 -1 -1 21460 -1 -1 59877 -1 -1 -1 -1 -1 -1 2136 -1 30128 -1 -1 -1 -1 -1 -1 -1 -1 -1 19649 -1 -1 -1 -1 15484 -1 -1 -1 -1 31750 -1 -1 -1 -1 -1 16394 17275 -1 -1 -1 49510 60804 40818 -1 -1 -1 -1 24942 19362 -1 -1 -1 23543 -1 26430 -1 -1 -1 -1 50125 -1 -1 -1 -1 -1 -1 -1 -1 -1 -1 -1 59913 26904 46806 -1 -1 -1 12699 -1 47673 -1 -1 -1 -1 -1 -1 30799 -1 -1 -1 -1 -1 -1 -1 -1 -1 -1 -1 -1 -1 56169 -1 -1 -1 -1 63631 2677 -1 -1 2877 -1 -1 -1 62172 51743 -1 -1 -1 -1 -1 -1 29808 -1 -1 -1 -1 -1 -1 -1 -1 -1 -1 -1 -1 56623 -1 -1 44534 -1 -1 -1 -1 -1 -1 -1 -1 -1 -1 -1 -1 22352 50905 -1 -1 -1 1450 24301 -1 -1 -1 -1 -1 -1 -1 -1 -1 -1 -1 -1 -1 58548 -1 -1 20733 -1
4
1 280 2 278 8
0 293 9 421 8
1 114 11 220 1
0 179 15 391 6
