500 2000
47 249
166 303
244 316
417 276
233 52
31 135
388 371
451 228
418 353
414 56
165 185
282 362
17 459
304 143
463 454
397 213
197 113
471 245
303 141
221 483
484 108
24 425
36 481
398 55
131 171
253 243
254 403
341 114
481 499
249 127
220 456
339 225
285 415
468 125
466 57
345 330
17 256
30 498
74 129
173 14
52 99
6 134
355 462
442 128
206 426
342 271
274 281
453 282
22 348
105 454
385 339
211 14
65 336
76 391
211 228
362 85
338 72
319 472
213 447
19 134
182 52
458 166
347 88
304 440
324 97
154 327
453 287
177 46
355 468
423 180
12 118
332 63
22 490
418 122
491 80
337 196
461 265
308 105
419 471
221 106
359 254
405 297
85 163
259 17
461 331
490 92
160 261
142 208
356 452
285 45
354 65
404 7
487 100
84 52
304 54
246 127
25 186
89 364
219 490
79 281
347 20
296 185
480 106
197 48
18 304
362 22
283 436
325 328
389 482
397 128
158 335
9 366
461 49
121 221
488 388
400 84
295 374
411 320
77 16
204 58
234 431
17 8
71 155
136 79
486 111
357 175
499 204
46 109
222 20
165 174
117 171
396 227
265 430
380 350
297 3
280 226
127 54
1 464
237 123
285 454
83 436
497 393
165 263
383 226
222 87
414 182
42 449
118 184
384 450
469 223
81 384
73 17
257 318
463 489
349 202
365 467
231 132
472 251
386 220
28 251
40 333
457 393
241 33
121 243
199 497
383 172
265 32
21 447
209 373
131 64
42 451
80 424
295 102
310 104
343 489
203 306
99 404
242 159
337 27
489 457
68 190
243 12
470 107
295 417
181 211
234 480
146 167
233 253
182 396
415 440
20 430
421 43
223 59
276 275
222 89
167 328
134 119
299 6
241 93
352 260
107 89
63 234
167 39
144 94
134 472
244 289
141 248
319 417
128 180
142 227
258 484
405 300
30 24
426 208
176 138
430 219
388 309
242 105
262 226
23 414
203 23
87 349
223 411
93 228
308 176
327 69
321 360
293 20
14 499
83 195
242 17
15 130
157 349
461 496
72 75
213 85
51 42
425 400
286 380
455 121
169 430
417 112
420 334
201 485
51 141
268 30
126 16
163 160
319 251
437 248
218 158
421 275
328 56
105 98
410 473
215 61
235 313
224 383
47 322
97 95
169 187
440 283
142 379
126 62
380 324
60 44
19 122
306 259
437 74
134 272
410 340
442 73
390 452
223 315
426 364
191 220
408 417
341 204
55 404
298 430
411 148
340 325
462 125
32 198
10 233
415 28
192 263
197 428
40 387
72 177
477 325
434 462
80 130
457 31
285 278
455 345
86 136
382 247
200 65
63 475
376 195
250 121
6 480
364 109
149 201
41 339
42 123
482 224
427 256
286 324
157 64
33 261
44 365
62 479
431 17
311 499
348 242
408 198
54 241
278 241
409 408
35 128
191 350
92 321
398 248
20 395
129 46
315 374
185 143
141 315
201 83
470 394
385 56
484 163
11 379
224 39
49 29
119 450
206 149
489 456
169 377
492 139
288 453
324 277
369 5
67 348
134 287
413 21
183 283
173 248
380 332
46 387
186 311
498 414
412 62
461 290
443 132
107 445
98 92
461 442
246 470
376 441
52 82
115 97
63 65
68 310
64 210
164 343
117 403
182 120
108 117
134 162
83 222
49 166
383 260
144 230
461 209
418 358
84 87
434 253
471 45
37 86
83 96
300 480
88 232
271 345
465 125
377 256
86 205
143 320
67 396
321 185
482 42
132 380
107 60
14 7
239 254
272 368
247 96
413 20
91 25
444 309
208 149
173 268
137 381
131 159
191 457
163 274
465 494
27 401
161 347
378 285
163 238
61 189
252 7
102 435
89 2
458 398
138 478
107 418
473 318
412 18
41 55
201 384
163 283
443 52
177 367
498 347
383 220
385 21
463 428
7 202
71 364
99 280
65 209
356 58
465 378
470 49
81 15
52 97
207 416
181 475
253 417
203 456
181 466
202 468
179 382
208 476
434 47
184 352
211 123
58 365
366 454
498 95
448 47
222 389
231 312
258 180
415 438
364 379
263 310
229 176
282 499
317 427
339 37
228 489
295 319
3 313
465 96
352 267
155 152
178 295
152 54
74 252
50 449
196 495
397 451
80 258
462 131
383 247
390 444
88 236
181 314
323 313
232 454
471 29
18 192
265 397
93 453
372 292
467 47
318 200
246 428
231 166
331 468
436 163
28 430
218 320
282 170
208 362
189 450
498 303
269 264
473 456
383 66
438 364
3 391
151 275
114 178
353 209
46 448
65 470
457 454
482 412
98 495
143 431
212 353
292 450
316 243
20 39
394 251
379 301
97 224
241 394
421 110
107 253
36 92
227 404
141 77
101 493
291 256
461 2
291 396
124 176
3 334
321 386
125 477
25 153
494 10
388 130
484 285
482 115
118 139
43 114
435 281
129 310
190 354
203 77
202 336
343 366
33 405
145 458
288 474
311 494
39 239
337 81
223 172
98 1
288 221
68 319
106 203
275 130
337 456
193 20
231 371
474 156
70 46
74 2
52 316
278 240
140 58
178 188
28 240
375 230
308 303
92 477
266 309
400 90
82 135
91 77
289 176
407 295
354 413
120 325
277 248
321 248
395 122
262 245
392 118
42 100
273 66
319 274
488 323
391 156
490 18
332 208
497 54
98 68
38 151
253 164
146 229
485 463
305 481
80 98
258 236
25 279
63 409
74 149
294 275
372 255
85 456
64 388
234 459
74 285
171 492
222 276
90 335
142 49
455 419
298 54
402 491
36 469
377 349
391 314
489 10
88 27
434 389
337 66
22 266
289 274
373 486
144 360
368 67
105 347
44 111
315 353
154 326
411 215
259 260
143 154
7 456
79 394
456 212
101 183
401 444
18 362
143 59
348 311
428 36
330 353
381 128
487 124
348 171
160 214
440 19
393 398
50 334
387 23
355 248
168 147
465 252
419 153
465 480
387 139
204 348
176 34
357 420
260 307
286 404
498 25
119 386
330 11
221 115
448 408
169 252
207 484
359 256
203 66
285 94
134 254
48 264
278 233
66 339
381 178
273 15
28 254
151 341
452 186
384 228
417 37
69 185
52 497
20 6
338 210
306 112
247 49
111 323
159 451
242 216
374 376
113 380
302 28
304 420
464 161
246 406
211 406
424 355
427 342
142 117
440 386
122 128
360 157
163 174
200 44
308 305
125 171
204 439
52 352
493 455
422 248
312 20
381 376
277 11
461 66
467 307
176 216
65 460
366 50
125 399
50 496
120 206
5 92
200 371
467 180
190 494
226 451
152 348
85 469
168 155
469 54
328 258
497 297
77 399
292 0
432 491
2 64
125 443
138 156
68 415
150 20
394 384
328 49
5 267
217 251
10 437
443 143
307 330
67 158
228 363
66 3
194 334
70 41
214 191
171 160
16 68
369 411
476 249
158 33
47 11
276 64
389 229
329 84
175 117
497 469
9 439
334 9
419 107
391 228
5 178
379 377
216 228
486 467
199 212
259 364
398 405
204 309
146 246
386 462
297 194
302 401
307 104
200 117
217 172
2 209
460 322
187 186
171 439
441 52
172 268
306 210
253 473
465 487
331 308
176 375
155 165
318 42
328 446
471 109
137 339
312 138
299 155
153 174
195 39
473 58
298 41
122 118
76 106
121 360
124 49
357 50
388 24
35 268
277 286
48 174
123 53
243 470
393 231
165 129
113 289
363 298
150 220
121 414
195 191
47 328
285 216
413 491
442 156
331 446
16 311
312 464
239 200
247 7
169 328
405 108
204 307
261 83
328 194
342 480
228 226
205 32
20 13
377 61
234 152
294 119
75 46
361 479
435 75
348 137
280 189
381 479
15 494
410 327
21 375
373 184
342 130
428 53
290 392
262 395
251 359
376 46
425 371
90 199
494 358
375 115
170 392
257 116
147 456
188 257
158 437
455 383
327 357
478 389
307 469
348 472
424 108
350 81
190 118
237 31
246 11
421 302
124 57
152 429
321 348
234 205
257 323
162 8
432 180
426 26
453 135
469 147
67 460
368 494
304 424
52 33
489 402
72 133
317 484
115 179
191 42
77 275
391 148
322 181
160 401
452 108
30 43
147 23
55 63
456 150
463 414
403 173
488 372
169 90
103 74
395 299
406 285
210 31
473 358
478 269
454 447
327 475
140 175
161 93
231 400
347 303
155 467
275 189
230 94
77 398
225 40
156 236
122 23
372 77
276 437
488 121
134 5
392 382
231 78
247 265
318 168
300 475
476 367
45 252
84 288
376 409
95 73
311 235
238 30
37 204
88 166
392 300
498 123
448 77
147 146
446 173
117 415
298 153
34 434
308 99
209 422
215 323
253 157
241 326
435 246
475 131
72 263
410 185
277 225
153 447
102 280
161 59
272 289
111 245
446 218
80 404
92 442
347 177
267 438
380 64
56 387
46 91
230 262
136 389
236 328
470 475
262 67
212 62
417 220
156 234
417 407
166 326
100 337
302 228
260 350
267 247
327 244
376 256
236 130
18 356
63 283
461 103
382 160
362 227
294 81
201 424
170 41
440 109
101 398
144 147
191 16
10 247
10 105
208 404
8 150
308 372
283 435
48 225
379 283
282 76
135 0
494 412
442 455
301 441
152 350
216 211
107 163
214 151
329 29
111 198
0 377
414 416
239 358
202 33
470 462
498 357
373 97
3 307
473 449
191 111
53 442
252 209
216 39
272 165
306 85
49 433
311 6
267 65
489 287
55 350
48 376
334 244
30 143
389 88
483 267
389 310
177 92
271 124
262 310
428 490
143 241
465 148
141 316
355 260
205 161
255 64
335 277
222 488
463 189
86 135
171 225
126 134
381 414
481 327
409 262
443 25
300 424
117 177
216 155
306 177
85 212
54 65
169 388
311 195
453 182
224 257
253 336
296 171
60 490
331 295
411 345
292 380
82 180
264 467
401 362
72 191
416 475
229 287
409 415
273 243
214 441
55 363
54 91
251 445
193 228
452 318
245 87
434 68
102 366
16 171
277 3
228 221
5 256
7 420
253 403
254 274
138 488
179 411
46 475
64 94
483 309
81 281
261 273
375 59
210 61
415 486
385 252
51 361
134 290
447 140
421 247
381 338
182 221
393 440
191 290
16 183
450 414
191 9
24 400
234 359
150 265
160 354
177 403
196 115
37 294
389 73
84 205
448 100
202 240
281 325
0 147
443 495
157 341
306 57
190 182
197 378
54 362
427 319
151 158
130 70
334 403
465 243
266 29
408 94
59 241
39 319
220 265
26 253
66 446
355 119
124 499
257 445
298 77
177 211
419 184
93 81
366 332
357 6
71 90
269 61
448 282
203 303
82 192
19 128
232 355
187 462
65 157
98 321
429 319
421 255
100 160
121 83
116 472
215 193
118 315
352 217
31 263
257 296
410 409
133 199
102 412
193 172
246 361
185 77
344 108
395 412
75 301
478 342
434 64
164 95
348 30
465 481
320 307
228 266
150 307
452 183
246 129
465 450
339 113
415 306
219 463
311 467
274 244
375 120
41 388
113 106
456 242
248 259
1 42
178 279
70 87
199 288
412 178
19 213
153 275
386 375
362 245
292 82
217 379
144 446
225 151
292 398
235 172
155 135
41 118
304 414
415 236
428 178
495 88
479 20
63 458
441 445
352 142
271 306
476 217
417 178
12 20
97 280
260 229
184 173
81 292
31 497
242 404
194 491
296 78
48 186
386 204
482 448
100 239
339 11
80 153
63 280
496 119
58 166
299 228
441 99
498 62
438 357
479 402
307 101
366 49
441 306
488 492
277 472
499 412
132 483
115 8
370 483
304 245
8 322
189 25
0 313
494 334
217 479
9 161
389 133
7 127
20 360
150 149
135 123
450 73
188 318
171 294
327 329
264 446
56 127
383 350
354 498
278 119
482 141
33 328
122 438
335 270
381 365
99 400
141 341
4 499
486 261
422 385
343 379
255 188
324 39
0 280
213 342
24 191
40 16
134 88
89 6
332 116
217 342
119 36
182 406
331 367
53 52
240 11
245 260
370 198
421 380
498 119
180 272
24 179
342 329
92 139
265 102
241 277
465 357
423 309
65 7
65 186
424 99
330 47
381 66
259 370
488 400
235 118
139 452
494 240
51 473
186 365
296 8
256 455
121 366
343 1
87 328
20 210
27 164
333 172
438 59
214 498
420 473
142 214
414 445
386 103
71 400
365 316
337 265
336 2
477 387
298 89
137 384
223 140
90 7
400 165
258 8
2 492
256 301
154 109
89 251
359 354
38 439
373 484
211 361
278 365
39 222
41 137
472 408
378 137
7 119
216 309
151 408
341 383
320 117
270 420
167 197
195 76
135 478
193 118
0 262
438 475
16 109
66 484
397 102
450 12
37 480
12 189
421 86
404 390
498 26
10 421
228 184
108 368
357 92
20 342
175 4
468 325
82 183
496 388
186 403
199 319
148 372
302 132
62 58
370 146
32 238
458 492
322 18
13 457
277 149
182 160
270 72
462 212
312 298
260 47
48 412
23 354
386 353
87 282
106 498
382 156
194 222
40 124
250 188
436 169
429 113
420 314
349 225
32 285
140 217
454 154
348 208
455 135
23 241
349 49
312 465
139 13
212 371
185 226
142 154
40 161
149 2
282 339
179 257
275 245
218 24
43 330
335 34
118 79
142 294
364 156
403 213
232 111
336 389
311 359
307 450
21 33
295 273
472 168
25 163
37 61
255 418
243 286
181 73
190 451
139 150
131 254
456 277
292 224
12 26
394 498
72 330
89 88
115 225
412 2
110 406
14 423
289 499
112 192
342 65
106 468
168 422
351 406
348 81
200 18
341 441
435 50
38 372
236 424
100 314
310 55
45 381
260 265
108 365
120 126
68 291
497 113
186 175
437 218
491 323
137 467
356 237
396 402
164 339
94 343
171 277
263 158
409 39
418 470
173 308
284 203
390 319
22 21
240 250
249 328
428 46
228 267
391 182
37 276
393 55
343 472
310 286
226 257
330 238
401 88
257 411
18 266
150 130
255 366
197 172
426 216
229 428
385 270
156 21
168 163
46 11
247 218
133 198
431 374
109 211
339 32
262 430
194 98
18 496
150 369
307 233
96 256
98 157
347 276
15 324
167 162
433 355
447 223
476 200
404 295
178 166
307 445
188 325
157 356
225 119
12 255
265 174
449 116
409 17
129 499
92 486
481 88
13 182
131 357
81 30
340 470
68 108
467 466
149 483
321 352
448 164
123 73
245 222
268 326
391 365
238 360
173 96
192 425
190 125
499 368
320 153
352 138
433 7
146 303
1 16
208 385
421 436
247 8
123 63
269 142
180 218
59 487
459 427
417 88
264 223
224 135
175 306
466 437
365 408
420 279
118 296
482 231
256 280
153 21
428 294
301 78
450 13
434 191
279 331
264 362
362 219
372 212
210 53
242 276
45 110
383 400
106 219
366 422
76 250
0 109
102 104
429 421
421 11
92 187
200 399
156 224
153 230
17 159
145 473
123 188
286 241
392 309
51 216
61 156
283 319
398 247
50 141
366 26
145 353
368 248
261 397
330 397
1 177
193 337
409 325
399 197
474 131
389 395
279 110
185 2
276 494
407 483
272 106
435 427
178 356
400 454
356 473
36 467
137 267
397 103
230 499
100 486
198 423
122 436
233 361
185 449
129 286
131 240
464 460
308 245
284 132
38 68
174 45
77 397
318 454
353 181
47 115
331 382
205 361
120 460
495 324
234 461
51 396
415 169
251 492
373 437
9 226
64 491
428 286
352 212
266 433
315 469
402 420
248 345
312 210
64 344
58 435
69 186
82 210
121 364
247 199
351 393
329 339
251 482
141 468
271 243
228 356
391 21
268 99
232 439
261 283
253 340
377 78
141 220
216 243
249 466
312 0
431 56
73 474
34 466
94 348
482 0
48 72
101 244
431 62
301 132
370 359
400 297
250 360
315 359
14 52
33 455
390 354
460 86
84 485
277 351
341 55
191 22
499 470
63 57
159 208
178 335
352 415
208 83
7 302
461 133
399 71
324 389
339 103
189 253
459 103
156 257
149 233
129 145
303 382
38 406
155 338
209 354
487 225
125 47
338 33
409 72
302 435
400 127
393 259
108 492
221 58
447 13
63 99
364 149
243 144
219 8
253 364
181 78
368 33
132 85
58 274
463 208
31 59
435 62
225 102
329 225
87 443
336 117
16 365
134 333
291 46
392 350
449 222
452 190
106 385
482 143
206 117
468 225
106 295
166 54
222 439
121 106
108 164
437 370
357 434
187 336
157 311
80 204
121 13
184 180
205 343
261 222
34 72
56 397
258 382
71 98
121 272
130 187
154 13
101 79
40 485
292 178
293 41
303 260
186 192
111 291
114 214
393 434
466 120
85 188
485 37
318 415
161 288
466 202
289 436
233 306
149 481
250 20
239 381
14 65
110 52
5 207
124 318
342 473
158 246
265 125
417 53
70 488
485 416
336 147
391 32
102 34
239 335
401 270
42 315
255 193
253 152
63 135
363 207
468 105
1 30
75 248
479 441
168 92
427 348
452 29
373 290
226 414
214 325
4 463
317 172
234 225
485 371
436 41
147 252
341 345
302 319
146 22
287 311
476 304
229 350
238 202
361 220
266 11
317 349
12 318
255 357
477 84
454 196
163 99
78 269
480 70
442 147
481 329
168 260
300 337
289 207
486 392
496 427
447 264
485 167
309 352
105 485
370 106
431 344
156 429
159 361
173 395
260 454
274 401
276 91
125 390
401 58
203 479
420 58
446 412
201 377
405 484
93 184
459 217
119 410
179 367
139 28
483 328
229 121
479 58
490 11
491 159
333 446
329 205
167 67
186 342
319 193
268 333
329 285
214 7
182 135
259 240
141 228
209 79
348 288
76 328
227 188
424 30
92 322
169 167
445 439
132 447
232 279
311 143
290 393
391 84
92 124
472 98
109 497
462 150
67 431
69 50
32 411
318 466
223 273
447 448
442 107
-1 52553 -1 35953 -1 24510 25307 -1 -1 -1 5508 -1 46539 -1 -1 -1 -1 -1 -1 57388 -1 -1 -1 -1 -1 58419 -1 -1 -1 22633 -1 -1 64843 -1 30543 -1 -1 -1 -1 -1 -1 -1 -1 -1 26048 -1 -1 22418 53686 -1 -1 -1 -1 48735 9548 10827 -1 -1 56693 -1 -1 -1 61539 16337 -1 -1 -1 -1 -1 -1 347 -1 -1 -1 -1 -1 -1 -1 -1 26337 -1 -1 -1 -1 -1 -1 -1 -1 6915 -1 -1 57380 -1 -1 -1 -1 -1 -1 -1 64228 -1 -1 -1 -1 -1 -1 -1 -1 48068 63165 55530 -1 -1 -1 -1 9997 -1 -1 17590 -1 -1 -1 54721 -1 -1 15029 -1 7515 -1 -1 -1 -1 -1 -1 -1 38050 -1 -1 -1 -1 -1 -1 -1 42816 -1 -1 -1 -1 -1 3802 -1 -1 -1 -1 44535 5664 -1 -1 -1 -1 -1 -1 52522 -1 63989 -1 -1 -1 -1 -1 56571 -1 -1 19379 12645 1442 -1 -1 -1 -1 -1 54720 -1 -1 -1 5419 -1 -1 -1 -1 -1 -1 -1 -1 -1 -1 -1 -1 25040 -1 43450 -1 -1 -1 -1 -1 -1 -1 9318 -1 -1 -1 -1 -1 -1 -1 -1 -1 47546 -1 -1 -1 -1 14709 -1 -1 -1 41149 -1 -1 -1 -1 -1 -1 -1 8949 -1 -1 -1 -1 -1 -1 -1 54379 -1 -1 -1 -1 -1 -1 -1 -1 -1 -1 -1 -1 -1 30168 -1 -1 -1 2307 -1 -1 -1 -1 -1 -1 -1 -1 -1 -1 12009 -1 -1 -1 -1 -1 -1 -1 -1 -1 -1 -1 -1 -1 -1 -1 -1 -1 61071 -1 -1 -1 -1 -1 19038 -1 -1 -1 47479 -1 -1 -1 -1 -1 -1 -1 -1 46054 -1 -1 -1 -1 -1 -1 -1 -1 -1 -1 -1 -1 60450 -1 -1 -1 51604 -1 -1 -1 -1 -1 -1 -1 -1 -1 -1 32274 -1 34158 -1 -1 -1 -1 -1 36600 48358 53564 20788 -1 -1 -1 -1 -1 -1 -1 -1 -1 -1 -1 -1 -1 -1 -1 30692 -1 -1 -1 -1 -1 -1 51474 -1 -1 -1 -1 -1 -1 -1 14682 -1 -1 -1 -1 -1 -1 49792 -1 -1 -1 -1 -1 -1 -1 -1 -1 -1 32556 -1 -1 -1 43919 -1 -1 60050 -1 -1 -1 -1 -1 -1 -1 -1 -1 -1 -1 -1 49090 -1 -1 -1 11217 -1 -1 -1 -1 -1 24529 -1 -1 -1 -1 -1 8519 -1 -1 -1 47845 64800 -1 -1 -1 -1 -1 -1 -1 -1 38385 -1 -1 -1 63208 -1 -1 -1 -1 -1 -1 -1 -1 -1 -1 -1 -1 -1 -1 -1 -1 -1 26581 25507 22486 -1 -1 -1 -1 -1 -1 -1 2181 -1 -1 -1 -1 -1 -1 -1 -1 -1 -1 -1 -1 -1 -1 5718 -1 -1 45384 -1 -1
8
1 374 6 302 15
1 476 1 255 11
0 350 9 116 13
1 146 3 139 8
0 428 8 476 12
1 484 0 314 4
0 153 11 102 8
1 190 3 497 7
