500 2000
389 454
303 466
117 218
458 445
105 48
121 382
236 269
270 306
418 178
294 147
11 453
83 113
63 24
207 241
422 394
440 151
286 428
473 364
378 465
392 262
176 374
416 24
481 275
13 249
419 112
163 88
232 147
38 251
164 185
25 312
73 256
380 482
235 441
138 454
88 68
485 163
15 107
206 58
224 318
347 176
465 368
410 177
197 419
433 61
147 434
165 248
95 144
424 221
233 125
195 328
49 290
254 398
73 320
326 102
483 494
165 276
270 404
194 369
216 482
259 184
7 55
354 2
33 383
39 109
184 92
404 496
308 206
458 70
470 239
254 366
453 450
285 198
485 248
276 378
278 24
136 221
6 484
425 267
74 326
398 282
8 440
153 257
406 233
32 90
354 487
342 295
259 324
106 172
92 365
282 453
95 155
303 318
240 119
380 457
134 161
222 121
340 345
489 161
259 371
96 46
273 164
440 399
206 303
461 308
140 125
96 478
439 340
75 254
452 170
58 219
258 19
31 483
72 180
80 324
332 73
143 499
461 37
161 472
99 135
411 394
108 39
134 207
460 139
87 247
448 366
314 18
393 375
119 196
179 306
177 204
449 406
100 128
161 259
214 390
471 70
358 209
301 238
195 334
146 63
33 324
399 32
240 208
455 148
316 447
253 44
69 31
265 485
61 328
319 355
423 462
472 394
174 357
224 83
427 237
88 408
339 50
22 379
355 113
90 247
462 20
243 150
14 368
490 93
190 195
492 217
237 359
64 360
48 177
86 160
49 79
435 396
470 182
31 282
87 372
28 56
250 176
89 406
304 143
308 402
138 449
313 147
474 113
299 166
328 298
451 130
302 421
413 17
397 286
292 85
52 455
241 114
383 182
449 436
420 218
31 40
358 450
246 431
388 480
499 399
166 232
335 3
97 177
411 384
142 431
487 447
32 43
304 361
460 44
475 471
2 402
247 363
389 115
344 426
114 254
231 42
429 471
78 54
180 469
214 386
132 319
95 34
134 353
354 414
79 238
57 245
83 30
174 104
277 122
346 118
0 328
323 86
494 321
361 106
467 321
39 42
219 203
322 299
324 301
251 141
33 327
208 325
267 228
474 8
364 207
113 407
121 136
159 498
359 18
67 33
253 265
234 153
385 120
248 337
294 498
297 146
421 449
142 99
301 270
317 207
393 314
25 75
361 313
182 346
36 40
47 272
226 259
278 162
93 456
432 303
392 27
222 143
251 7
270 143
10 492
172 459
91 454
210 489
149 170
329 318
165 420
19 495
138 327
316 287
165 62
368 34
56 405
468 395
490 300
209 261
232 408
22 355
114 83
244 345
59 278
8 59
245 368
472 403
131 481
397 434
319 188
427 142
418 445
214 367
125 403
35 250
115 395
366 284
436 390
96 315
68 279
94 410
429 275
248 111
152 467
393 65
184 439
79 258
380 484
82 393
413 199
345 2
150 203
69 471
301 414
368 9
329 265
299 378
229 148
135 470
356 239
404 113
433 346
146 345
126 130
24 341
7 252
47 93
208 306
393 363
385 439
408 338
296 180
238 61
439 256
227 169
319 442
393 272
459 217
463 172
380 140
170 423
80 110
327 402
229 241
256 475
256 389
489 404
217 469
321 117
192 92
198 389
193 1
115 83
93 198
480 219
99 408
443 479
456 172
210 209
274 485
116 365
403 229
96 343
232 164
40 361
61 400
297 348
496 64
54 145
122 346
151 133
278 96
293 46
13 266
468 177
305 273
115 364
446 173
5 188
260 301
278 61
89 11
79 205
170 260
221 76
93 237
341 406
328 326
158 81
203 276
350 462
49 479
101 175
79 310
169 441
170 209
228 126
447 176
266 312
406 88
458 50
484 180
482 276
242 231
91 284
87 138
252 166
406 372
117 296
180 334
391 174
453 424
493 266
362 273
492 301
405 377
278 251
365 109
465 482
435 254
116 111
47 65
461 69
273 370
476 257
203 495
8 394
76 389
365 301
298 411
471 169
224 429
172 478
41 95
147 285
355 270
425 308
172 382
15 174
29 304
371 404
455 203
236 46
412 72
257 301
96 330
210 17
171 217
461 440
354 441
409 43
488 118
325 44
168 125
22 422
64 13
126 388
27 129
492 363
177 193
328 324
112 102
465 42
343 206
109 454
412 186
363 412
453 343
55 496
91 480
109 155
381 388
377 9
167 369
300 206
209 236
240 160
162 147
12 466
86 131
29 382
267 175
92 489
82 309
367 422
125 241
440 269
90 34
44 474
47 440
206 217
318 320
490 135
333 148
351 330
112 280
208 351
487 127
408 333
255 320
363 87
109 276
145 322
162 474
347 406
16 15
400 33
266 373
253 239
390 355
484 482
442 403
485 43
325 24
150 334
247 239
328 86
42 73
493 451
64 67
48 162
106 395
275 202
443 68
82 259
225 329
427 254
424 176
448 348
386 375
346 231
186 316
52 95
84 109
134 329
221 392
188 379
195 284
90 340
181 306
353 107
119 237
247 345
234 498
395 421
190 62
459 323
313 97
408 321
214 488
365 465
199 346
290 327
376 59
191 218
447 435
332 80
198 240
439 389
147 317
241 117
232 312
77 434
131 20
344 231
476 324
459 483
264 105
182 30
60 234
310 347
309 481
229 456
292 468
406 61
395 358
465 387
292 334
58 372
37 373
446 372
445 312
390 16
192 384
61 14
345 445
277 102
148 118
173 324
471 24
356 80
286 298
159 394
492 106
190 0
84 419
202 69
23 18
442 22
33 216
82 302
217 64
150 225
92 23
255 223
391 73
189 430
17 194
146 334
146 196
136 42
324 198
292 394
292 465
33 50
300 315
283 51
45 368
367 191
223 197
373 41
379 402
157 208
305 481
44 36
56 416
154 241
128 402
263 134
143 67
147 134
9 195
32 141
194 401
74 156
438 333
438 102
474 390
429 190
71 319
197 463
383 39
492 465
358 36
131 254
289 157
300 471
101 61
423 175
274 11
76 461
18 466
51 393
497 23
371 29
307 372
36 467
479 307
150 191
430 259
465 84
367 139
298 122
426 458
168 301
386 106
343 55
318 45
218 187
113 104
132 239
300 120
368 204
5 238
77 255
351 273
397 375
88 455
195 411
449 266
349 415
363 97
320 442
269 210
377 103
437 329
235 271
42 145
227 232
64 453
119 438
120 481
448 266
197 319
490 472
154 389
156 386
182 401
421 132
377 246
261 488
43 410
204 220
159 322
269 382
241 284
123 404
119 483
284 316
366 106
264 398
302 54
118 259
275 410
276 238
455 433
185 357
320 423
71 331
461 78
39 394
436 332
446 345
124 196
472 77
317 367
496 140
89 438
492 174
81 438
106 300
278 475
434 430
257 61
123 30
299 444
470 448
155 353
300 481
240 480
258 414
139 35
188 429
183 39
226 95
111 322
115 463
210 37
146 206
150 338
347 248
257 196
201 237
160 387
124 145
408 329
70 483
478 12
293 135
200 424
397 166
107 124
253 35
293 306
93 417
378 56
140 398
445 162
357 450
235 472
147 263
366 386
97 200
26 227
13 318
293 22
149 286
499 215
196 283
307 380
289 497
370 429
437 255
168 298
343 279
41 480
383 450
378 460
43 52
403 184
101 164
397 426
116 87
137 128
32 417
380 221
51 435
275 38
435 215
348 239
338 306
219 151
361 276
466 280
479 121
279 2
278 461
98 228
104 87
115 103
379 14
377 495
487 228
417 181
209 6
393 474
42 499
200 205
168 197
281 166
294 68
56 465
9 17
137 404
279 303
213 462
39 47
346 139
315 14
9 202
81 350
404 488
144 396
282 290
60 426
257 416
135 194
335 258
106 455
342 281
245 104
420 419
222 325
309 53
363 10
308 339
122 54
368 271
91 320
215 453
340 163
313 88
351 65
247 62
22 391
247 108
325 351
283 85
499 67
365 352
458 25
380 475
113 81
196 354
6 11
26 193
324 372
118 444
179 490
82 234
325 2
71 78
157 76
365 452
12 16
163 386
274 237
58 123
460 331
90 203
337 455
93 480
338 218
390 127
194 99
460 295
290 311
441 369
360 290
26 174
315 95
6 420
177 76
452 309
396 49
235 217
12 367
305 413
311 235
79 267
166 248
431 100
488 367
66 80
270 328
492 102
179 0
83 305
193 71
118 175
331 105
127 277
192 89
273 176
110 381
344 497
72 114
75 190
358 338
283 462
275 29
452 462
66 68
167 164
233 457
33 192
65 57
50 395
118 0
456 495
404 262
332 164
450 303
128 493
123 166
484 123
50 324
146 263
419 413
493 20
245 330
131 117
386 481
403 375
123 382
118 491
447 201
392 422
11 310
259 144
102 87
357 195
305 224
40 499
393 12
325 452
497 124
17 409
411 50
106 460
394 76
129 335
77 315
421 112
391 359
463 471
272 413
370 169
464 292
7 58
176 161
238 159
432 300
299 272
471 373
485 27
208 257
149 490
97 304
371 38
407 130
306 243
425 468
228 28
69 318
439 9
190 253
87 50
372 268
136 138
465 18
98 188
356 120
167 450
466 36
294 74
270 392
106 440
90 249
403 413
476 326
487 353
156 203
279 12
196 42
341 401
314 42
21 300
185 137
289 392
490 456
319 360
121 402
394 345
111 163
331 189
371 444
107 490
56 224
412 83
310 163
487 66
265 305
150 268
233 476
56 144
436 188
207 208
248 190
15 7
310 419
337 459
319 450
297 425
274 488
257 349
40 71
71 366
220 409
112 76
350 46
299 476
430 81
35 148
464 33
30 173
219 417
182 375
87 36
321 456
215 260
95 477
399 372
135 230
214 40
87 259
437 235
499 484
484 106
106 223
396 95
489 315
338 317
321 478
15 324
100 380
338 82
114 461
314 183
195 398
262 470
96 313
498 94
316 235
49 57
292 189
38 370
219 63
323 25
383 264
223 235
390 385
374 118
450 97
68 45
29 73
340 365
50 247
423 79
342 466
310 265
196 133
64 194
294 8
392 61
294 224
238 18
297 33
241 455
341 475
165 220
212 419
217 482
367 402
246 51
228 314
172 297
136 467
439 472
108 215
467 433
454 394
345 458
409 270
202 6
449 395
154 440
157 467
354 302
183 370
377 73
258 426
121 364
37 299
419 300
92 6
244 479
498 479
136 50
303 463
482 238
110 335
243 377
40 454
217 78
465 436
163 252
1 465
2 315
63 11
429 113
183 99
124 177
267 274
95 76
374 448
383 462
409 490
141 491
425 283
60 197
350 149
357 24
56 173
225 470
14 243
385 418
130 443
192 487
75 488
434 14
33 421
196 223
34 453
351 253
493 219
85 387
53 138
365 157
402 356
280 324
325 444
367 208
198 441
121 387
13 320
381 368
472 358
313 155
51 237
458 308
100 14
327 258
326 395
403 3
263 324
318 226
455 393
209 353
158 51
469 423
338 235
281 152
396 236
465 237
148 90
469 315
471 400
357 493
299 480
3 454
71 38
177 82
95 62
297 38
261 204
301 333
135 178
186 267
34 76
87 405
354 10
201 291
464 26
437 47
253 485
338 354
155 99
22 208
16 68
336 293
413 18
297 3
483 425
182 74
85 495
129 354
87 355
373 428
442 304
344 75
395 248
239 210
81 277
115 94
58 259
414 417
257 197
74 96
248 495
456 0
75 391
394 275
388 261
171 455
26 196
166 435
492 86
214 113
52 46
172 165
260 310
74 143
368 202
174 46
96 230
116 188
451 299
472 353
104 422
419 457
67 371
283 292
115 431
334 32
497 477
341 363
394 239
498 384
149 267
103 183
235 488
83 402
422 58
187 359
316 428
227 247
88 430
297 322
390 284
430 52
39 170
21 220
423 11
136 389
412 472
341 288
18 174
121 311
335 196
359 284
69 67
180 42
480 234
103 120
237 100
299 418
32 99
214 81
180 17
30 148
282 465
428 189
214 363
377 245
442 209
182 359
338 410
70 110
246 138
186 396
330 370
342 357
431 323
267 279
287 428
152 424
393 188
253 252
14 138
81 55
162 161
94 215
123 465
410 493
268 53
440 207
261 413
396 84
145 291
257 79
420 44
397 470
287 399
174 109
391 303
70 293
238 434
300 336
197 350
120 141
62 89
326 370
157 167
295 493
307 214
45 223
457 274
415 104
162 200
67 180
113 317
80 398
346 258
371 66
251 310
35 452
290 85
383 77
154 445
181 55
267 282
164 423
466 54
408 207
65 232
173 15
362 101
236 198
89 494
342 55
14 360
461 45
281 444
307 171
397 457
280 318
231 88
82 95
241 458
386 306
86 197
232 410
488 48
318 130
473 147
201 329
211 322
159 356
288 395
313 31
94 304
307 234
464 489
342 59
26 155
396 38
378 272
449 131
128 347
73 398
91 453
314 175
359 122
44 275
488 211
226 472
356 186
287 404
204 378
497 407
112 130
387 260
184 181
391 249
48 27
108 381
236 252
374 453
242 74
310 173
43 490
190 498
322 416
390 399
14 130
316 444
387 89
176 240
176 283
156 350
338 487
217 11
78 9
350 432
481 489
339 246
312 113
299 132
264 274
312 62
462 195
128 374
295 129
135 250
364 317
412 365
264 258
85 63
325 414
53 273
172 10
302 93
449 190
3 393
422 263
463 307
171 444
277 475
372 300
116 153
276 10
404 384
296 381
97 260
279 243
122 433
229 301
120 292
216 448
482 120
235 161
481 211
248 360
109 281
243 280
26 430
107 359
389 413
173 274
339 227
372 286
469 475
64 57
36 156
181 107
419 377
198 120
282 214
64 210
335 40
133 232
201 151
37 42
417 470
416 162
75 288
177 31
418 442
145 15
494 283
49 475
8 180
165 177
233 301
484 183
457 189
79 83
38 336
286 478
100 124
457 493
453 209
254 52
343 73
277 400
246 125
424 133
472 419
122 454
122 214
419 109
100 121
381 498
8 308
446 63
0 200
120 222
290 477
110 462
318 406
348 143
258 364
183 360
457 170
216 326
405 41
154 299
0 275
480 430
97 112
284 231
153 383
142 8
296 449
44 109
47 466
64 316
214 333
464 68
376 256
360 459
295 154
153 199
437 154
111 231
31 27
304 413
181 165
109 115
377 91
459 490
307 458
401 242
258 482
223 41
252 470
75 265
380 57
101 212
395 461
207 18
17 117
320 134
258 3
213 423
256 232
448 269
49 373
277 254
441 423
413 84
364 146
377 360
434 375
430 177
238 411
428 255
141 21
183 388
249 33
403 243
172 135
88 85
50 60
433 20
222 258
201 183
234 293
202 282
369 233
204 140
162 273
347 197
98 391
275 220
231 476
182 2
256 476
246 185
444 23
53 300
363 158
115 140
100 261
168 171
17 226
243 460
457 273
38 388
327 312
61 20
481 322
364 200
249 475
264 419
144 73
50 197
356 289
254 9
10 420
68 219
11 127
252 292
99 75
442 451
399 422
493 45
159 72
361 97
31 303
88 196
398 260
210 197
162 486
457 21
2 439
440 405
176 97
33 140
21 200
483 66
91 274
44 426
485 378
49 247
394 425
239 148
305 10
379 169
277 32
287 80
55 263
278 426
56 211
64 428
209 466
4 247
421 347
359 434
115 153
408 68
127 167
297 184
87 170
211 290
423 132
154 214
110 499
100 1
446 175
53 353
74 481
458 484
277 176
118 29
253 127
431 227
87 199
21 103
198 170
197 367
487 369
228 72
459 429
152 144
193 229
37 324
252 164
490 75
247 115
343 373
417 134
494 335
158 133
262 107
130 152
172 117
378 200
331 444
87 409
437 411
187 27
270 357
69 160
418 335
16 248
425 96
292 158
80 354
383 83
211 139
364 443
465 491
453 217
240 304
284 288
273 263
466 345
199 465
19 299
242 205
371 73
473 99
47 468
252 165
149 378
344 141
281 44
430 483
464 305
227 479
231 204
357 262
354 139
171 298
250 265
493 298
299 226
170 472
358 76
170 145
54 163
255 45
164 12
370 444
451 31
439 16
5 359
243 84
445 480
394 367
167 197
389 157
123 256
478 117
302 130
62 450
41 37
423 93
250 464
268 112
98 254
289 88
238 461
384 160
248 186
32 356
426 50
227 491
92 490
362 233
235 154
57 404
457 242
442 294
225 176
286 199
451 202
497 472
423 187
398 262
210 389
157 81
76 88
106 39
441 352
481 224
232 331
24 353
150 167
439 293
345 17
128 282
335 348
342 164
478 256
138 461
233 198
423 332
432 44
115 126
461 135
284 190
202 292
365 262
11 147
162 414
405 83
228 89
292 377
418 17
115 352
195 374
472 387
234 87
211 461
331 186
305 89
273 28
431 209
173 485
238 214
325 25
160 331
187 13
279 369
112 462
469 378
77 264
386 150
122 222
310 3
65 463
91 305
270 186
154 31
55 182
252 459
414 217
246 181
282 102
142 392
355 3
69 260
235 470
242 395
347 75
75 185
458 210
184 483
394 265
299 228
218 482
332 266
436 283
466 401
431 89
161 313
52 272
281 437
425 233
103 495
258 40
304 266
310 109
99 340
70 24
386 113
47 73
353 396
416 338
149 455
264 89
497 488
202 99
208 262
168 224
72 274
307 228
457 202
18 326
417 394
180 489
268 212
319 48
168 231
448 356
72 392
496 269
13 41
399 431
304 384
18 187
338 455
161 157
214 57
179 338
345 187
241 214
389 333
261 9
487 278
438 241
104 159
372 432
292 61
375 437
214 66
394 25
199 70
270 231
407 76
107 488
107 412
399 11
92 479
218 171
284 93
243 419
248 454
298 476
354 460
157 213
384 492
133 426
122 102
38 89
272 470
404 239
448 362
373 13
337 221
7 205
423 227
279 352
313 143
427 380
100 455
439 172
28 285
300 142
146 300
346 92
381 29
37 232
346 291
416 360
389 145
43 121
5 158
246 55
281 490
415 122
354 264
219 325
359 322
399 170
92 17
484 109
164 130
88 224
205 447
196 6
252 377
414 76
408 145
19 318
18 295
209 77
75 304
109 383
436 384
256 26
275 31
311 267
286 153
204 438
18 118
406 25
-1 -1 -1 -1 -1 -1 -1 -1 -1 -1 -1 -1 52990 -1 -1 -1 -1 37443 -1 -1 22627 2743 -1 -1 -1 -1 359 -1 -1 -1 -1 -1 6313 -1 -1 -1 -1 -1 -1 -1 -1 -1 19647 -1 -1 -1 -1 8188 44804 49468 -1 17584 -1 -1 -1 -1 -1 -1 9365 -1 -1 -1 26664 -1 -1 -1 -1 -1 -1 -1 -1 -1 -1 -1 65437 15784 -1 -1 -1 -1 -1 -1 -1 -1 -1 -1 -1 -1 -1 11433 -1 -1 -1 -1 -1 -1 -1 -1 -1 -1 -1 54952 27232 3653 -1 59323 -1 -1 -1 -1 -1 -1 -1 -1 -1 -1 -1 -1 -1 -1 -1 12460 -1 -1 -1 -1 -1 -1 -1 -1 -1 -1 -1 -1 -1 -1 -1 -1 -1 -1 -1 -1 -1 60624 -1 -1 -1 -1 -1 -1 58463 -1 -1 -1 -1 -1 65261 -1 -1 -1 -1 -1 -1 -1 -1 -1 -1 -1 27818 7390 -1 -1 -1 -1 -1 26690 -1 -1 -1 -1 61671 -1 -1 -1 -1 -1 -1 -1 40888 -1 -1 -1 34852 -1 -1 -1 -1 15337 -1 -1 -1 39207 37474 -1 -1 -1 -1 -1 -1 58157 -1 -1 51478 -1 -1 -1 -1 -1 -1 -1 -1 -1 -1 -1 -1 -1 -1 -1 -1 21671 -1 -1 59882 -1 -1 -1 -1 -1 -1 -1 -1 -1 -1 35411 -1 -1 -1 44419 -1 -1 -1 -1 -1 -1 33737 -1 -1 -1 -1 -1 -1 -1 -1 51860 -1 -1 -1 -1 60928 36192 -1 -1 -1 -1 -1 51761 -1 -1 -1 -1 59557 -1 -1 -1 -1 33207 -1 60208 -1 -1 -1 -1 -1 -1 -1 56435 11839 22502 -1 60395 -1 -1 -1 36728 -1 -1 -1 -1 52740 -1 -1 -1 -1 -1 38583 -1 -1 -1 -1 -1 48133 3219 -1 -1 -1 6118 31363 -1 -1 -1 -1 -1 33133 -1 -1 -1 -1 -1 8118 -1 -1 -1 -1 -1 -1 -1 -1 -1 -1 -1 -1 -1 44701 -1 36078 -1 -1 -1 -1 44048 -1 -1 -1 -1 -1 31270 27501 -1 48581 -1 -1 -1 -1 9116 -1 -1 -1 -1 -1 -1 -1 -1 -1 32693 -1 779 -1 -1 -1 12241 -1 -1 -1 -1 -1 -1 -1 -1 -1 -1 -1 -1 -1 -1 -1 35851 -1 -1 38290 -1 -1 -1 -1 55978 6502 -1 37112 -1 -1 -1 -1 -1 -1 -1 -1 -1 -1 58850 19035 -1 -1 -1 -1 -1 -1 -1 -1 -1 -1 -1 -1 -1 -1 12968 54307 -1 -1 48266 -1 5247 -1 -1 57488 -1 55777 -1 -1 -1 -1 -1 -1 -1 -1 -1 63621 -1 -1 -1 -1 -1 -1 59583 -1 -1 55594 -1 -1 -1 63881 -1 -1 -1 -1 60228 60954 -1 -1 31321 48840 -1 10412 -1 -1 -1 -1 -1 -1 -1 -1 -1
5
1 134 3 255 9
1 333 12 365 4
0 242 6 479 2
0 6 6 359 6
0 92 15 134 12
