500 2000
355 266
68 56
116 22
494 396
340 450
274 89
139 44
165 224
270 328
12 9
261 367
347 328
165 320
392 421
35 60
115 342
149 441
399 251
437 456
304 430
417 44
136 29
102 481
209 406
226 216
128 301
299 251
496 75
245 177
84 389
121 205
399 170
93 492
405 5
471 212
388 115
144 307
89 438
66 483
326 214
132 92
492 415
106 344
47 352
410 491
20 171
250 439
433 26
27 199
497 447
13 311
148 402
243 468
353 97
178 437
94 350
219 115
75 409
108 490
155 18
328 292
61 298
474 269
437 387
167 170
429 4
29 74
229 246
187 121
489 408
404 114
212 437
162 351
89 49
115 369
268 436
272 104
120 276
250 379
197 233
184 238
38 338
486 235
157 406
95 265
196 308
434 467
282 424
170 296
488 47
444 75
134 464
20 181
154 417
84 462
441 215
227 208
101 379
462 76
197 438
74 92
286 105
495 4
364 305
370 112
108 443
385 208
150 255
2 74
285 76
454 385
287 329
103 156
14 489
243 446
248 66
398 182
180 386
204 235
121 290
436 196
49 424
201 132
47 361
186 220
79 258
219 474
363 426
205 115
487 192
90 344
349 261
311 352
493 232
492 351
491 389
149 10
444 321
367 36
199 100
115 32
132 364
178 207
300 200
457 161
180 480
442 153
146 8
274 184
362 80
99 257
206 76
401 322
209 340
36 173
82 110
109 332
184 269
193 124
94 279
385 383
360 214
287 154
468 10
1 253
204 154
456 98
95 92
446 32
202 122
159 358
186 83
398 383
35 108
286 2
436 416
202 236
302 14
497 488
428 318
236 45
360 312
337 363
450 441
137 86
156 46
460 421
222 8
374 467
203 106
129 296
382 41
322 168
71 418
300 199
294 316
61 437
219 6
172 365
411 413
40 463
20 84
19 21
350 434
112 14
197 348
205 261
252 439
325 143
242 301
173 171
308 130
130 492
213 406
124 119
395 451
418 163
450 461
13 155
399 72
272 136
426 107
283 399
174 95
115 360
43 337
142 450
328 37
490 315
257 299
398 210
335 141
315 30
144 93
9 202
393 206
255 341
376 355
128 12
418 407
370 9
122 259
241 148
436 136
215 453
377 201
351 279
141 317
272 64
54 396
178 225
402 101
174 135
47 40
152 433
385 431
51 186
151 57
247 53
102 353
326 114
31 27
302 252
377 233
33 237
451 178
334 265
18 22
408 319
395 68
147 488
284 303
15 137
445 265
120 340
438 303
211 152
190 472
208 217
51 411
98 368
44 498
419 52
199 117
67 445
112 29
491 448
326 132
463 72
38 125
167 327
203 413
155 461
25 261
379 436
123 98
214 397
226 37
58 254
174 291
121 186
466 372
194 394
268 425
105 296
262 14
303 481
264 140
47 203
403 76
147 201
115 418
392 293
124 49
58 283
434 307
163 398
214 208
324 163
106 78
59 259
174 412
423 359
23 8
64 367
173 9
171 498
5 267
39 116
208 40
113 79
409 143
252 279
231 471
339 497
175 414
262 407
280 241
128 4
192 380
432 104
44 363
60 94
274 401
108 37
104 127
314 279
270 423
414 339
338 437
472 20
305 468
109 199
227 401
426 244
445 65
248 491
281 244
158 174
212 482
233 85
285 44
79 137
315 340
58 338
378 439
372 268
101 40
79 267
51 195
31 136
257 333
390 237
388 387
446 190
214 97
457 475
136 121
191 392
131 207
28 337
222 387
284 41
63 205
2 158
59 102
307 149
410 73
222 205
369 134
475 93
341 351
92 51
151 272
490 142
198 443
437 316
227 99
172 291
303 486
244 108
68 495
348 312
196 163
333 50
163 499
471 398
60 376
438 73
148 347
482 401
121 182
440 355
472 138
472 195
294 487
406 208
411 127
375 44
483 80
95 99
416 350
458 264
393 334
345 402
35 129
216 197
405 416
263 328
87 402
234 159
49 425
96 174
234 485
67 494
410 379
333 314
483 437
213 160
251 490
379 458
329 181
98 494
426 227
35 99
162 27
103 229
446 83
287 373
218 18
214 286
332 423
166 437
74 405
419 170
296 324
179 414
160 444
420 412
300 163
324 242
488 495
104 152
301 462
253 448
435 105
135 60
109 285
434 70
138 408
441 458
200 492
418 476
264 307
190 200
211 413
479 496
22 186
220 267
286 454
439 151
405 177
447 56
131 477
319 129
264 73
213 81
103 120
14 447
163 247
493 378
451 209
487 339
94 438
378 182
366 17
139 319
441 279
48 443
271 66
245 384
489 382
104 211
114 81
1 26
6 450
284 102
445 145
20 202
28 366
446 323
189 170
156 359
199 243
252 10
28 229
234 459
498 126
192 174
450 77
65 327
92 113
123 469
140 340
347 269
466 371
428 400
176 493
38 139
364 431
488 234
260 26
467 165
360 43
333 451
243 168
330 74
160 278
370 154
27 283
145 492
40 387
13 124
211 232
432 226
360 322
368 310
448 299
119 450
82 139
35 114
40 5
423 84
159 337
148 335
210 48
11 57
374 487
20 168
452 239
199 397
104 245
141 161
479 3
145 157
381 245
314 106
275 241
61 192
133 229
352 69
33 152
374 86
263 361
75 460
274 250
473 339
402 473
163 482
424 222
74 45
134 312
227 420
140 219
214 323
260 242
233 40
142 267
82 248
148 57
302 341
233 41
487 421
46 302
56 65
446 110
64 118
278 397
319 2
491 58
315 188
15 5
369 470
146 193
356 54
438 18
382 394
471 155
100 329
366 47
26 448
159 86
449 26
21 480
163 0
264 287
260 296
317 421
149 280
317 291
358 176
249 309
226 306
497 232
253 489
169 28
94 33
92 221
292 168
395 336
455 109
164 154
347 16
86 75
346 95
116 31
84 108
105 167
57 218
7 167
55 238
315 99
39 484
496 497
8 363
214 437
284 92
377 314
191 132
204 149
41 405
13 62
117 230
128 105
448 396
325 262
329 466
33 82
384 170
456 449
122 147
130 321
9 495
399 3
38 405
70 113
68 119
56 8
256 449
229 146
411 10
201 209
461 411
295 209
234 367
160 142
308 309
322 382
92 85
204 22
291 133
307 302
210 443
305 149
474 292
306 409
358 336
11 13
357 333
285 11
30 361
303 424
389 238
450 471
239 475
89 423
8 453
385 432
209 165
298 451
183 422
499 327
235 479
122 208
180 394
233 82
175 389
363 82
39 387
444 170
282 477
402 460
165 141
33 74
395 417
257 284
377 286
294 109
53 71
189 69
474 17
140 402
182 492
28 400
251 38
375 97
207 53
169 150
387 257
491 486
91 84
415 300
0 493
369 499
99 361
93 141
344 185
296 342
395 300
46 42
221 290
365 239
121 444
365 488
177 201
436 372
482 207
339 264
426 178
290 281
59 179
442 35
73 413
304 427
60 431
6 33
295 281
93 334
118 62
338 269
430 361
305 68
183 484
490 223
305 39
22 363
402 240
359 198
331 116
451 220
195 496
473 217
230 496
97 415
203 162
38 1
107 448
45 395
87 51
86 204
134 93
378 283
137 213
300 383
340 198
284 105
127 294
176 447
33 426
233 183
152 31
93 330
342 253
84 134
145 322
415 400
109 135
356 380
51 333
260 199
252 362
53 359
335 476
14 226
365 436
203 378
428 261
224 196
359 205
70 342
481 463
240 39
174 387
442 175
284 157
129 421
39 70
427 241
382 125
333 413
21 69
250 16
438 334
294 309
152 413
117 314
168 97
200 41
32 405
347 486
314 177
456 114
187 384
13 50
266 29
284 309
137 300
40 289
138 477
461 81
479 354
203 368
140 271
442 423
449 149
75 18
38 21
102 125
329 413
363 434
101 340
203 207
344 287
309 241
419 152
63 469
303 331
227 427
480 44
239 77
409 46
291 76
91 307
343 44
100 413
461 206
360 35
455 437
472 276
43 22
400 75
312 296
138 133
259 5
189 454
226 163
493 211
318 414
14 370
483 450
410 280
207 168
416 13
340 117
360 415
367 407
283 290
334 163
11 315
409 402
377 299
373 348
357 356
135 378
78 75
397 327
38 157
472 341
57 495
333 94
433 363
314 54
398 36
214 377
192 326
27 124
161 32
206 50
454 115
485 490
348 429
362 401
215 290
144 372
95 305
242 296
246 137
274 143
317 383
116 68
175 233
469 424
359 139
497 160
42 417
3 90
76 223
21 142
269 82
257 63
4 46
378 421
275 34
471 116
353 131
39 102
87 313
288 352
219 363
267 301
151 139
52 326
398 280
406 201
182 368
282 233
439 363
470 288
272 378
202 312
80 165
288 186
218 354
114 340
448 362
322 443
170 390
4 192
123 464
388 86
217 282
470 253
48 182
89 27
150 472
21 172
55 311
103 148
40 94
168 219
150 315
66 404
36 300
147 75
93 113
495 316
247 426
11 230
88 498
282 460
102 447
363 466
394 31
357 280
248 383
295 164
424 464
198 53
91 302
41 221
44 470
177 380
263 11
76 45
254 283
402 74
362 455
411 143
303 357
120 399
275 327
418 26
143 368
194 476
180 323
122 359
241 481
81 148
130 160
89 160
40 143
5 387
73 138
471 423
239 148
200 275
492 424
258 336
80 24
258 324
175 444
487 23
486 50
226 47
260 180
270 102
378 200
98 148
189 116
478 79
165 422
213 294
59 154
70 445
297 403
454 271
455 42
233 343
239 403
201 396
218 159
51 385
214 90
441 330
273 162
24 394
168 300
128 411
213 96
29 194
66 376
404 134
428 65
212 498
318 138
348 465
472 413
19 369
283 321
72 347
34 387
334 461
499 143
252 144
81 146
315 107
416 1
292 293
465 462
433 465
364 21
181 340
421 145
30 336
389 288
451 132
35 309
489 10
426 295
13 314
383 178
466 303
50 448
283 33
130 223
227 354
475 352
397 357
284 27
286 278
13 138
313 248
317 22
369 217
188 21
373 144
415 252
141 229
461 453
376 129
193 276
277 214
227 329
251 423
314 362
199 76
289 193
158 382
396 202
494 119
285 410
18 204
147 228
6 453
35 448
24 223
353 34
73 81
31 157
92 483
96 38
431 413
195 369
83 460
10 232
295 282
293 249
343 131
148 422
52 387
467 72
449 447
428 89
110 354
23 277
244 437
13 476
32 10
80 72
462 344
7 483
109 411
403 141
482 142
150 381
165 84
412 71
225 54
207 484
2 95
151 470
123 314
279 434
23 257
240 201
253 237
125 471
217 164
2 337
273 261
355 394
438 74
484 125
417 215
110 175
474 47
382 422
481 311
149 196
191 342
398 452
62 179
273 476
488 252
132 367
282 215
361 15
273 181
13 421
305 412
249 248
89 304
129 297
431 100
166 337
498 250
133 252
142 346
61 420
159 487
396 77
175 225
260 203
361 192
365 346
467 65
451 158
5 93
234 469
476 246
303 89
170 288
130 166
333 460
308 70
201 250
29 150
366 272
215 221
313 485
467 334
305 437
99 304
413 201
39 156
493 14
364 159
408 229
218 172
227 462
306 38
286 381
147 87
55 365
225 391
277 282
455 37
210 332
159 44
270 473
193 174
393 265
488 92
418 105
197 374
253 45
428 184
90 405
68 167
419 21
466 382
417 74
132 439
135 295
162 445
401 440
288 489
16 252
112 141
142 178
350 472
180 208
478 160
244 272
325 74
96 244
359 109
457 484
324 15
326 69
37 19
377 352
375 123
196 146
2 145
390 213
67 36
152 172
165 160
351 147
367 306
60 362
407 388
451 470
377 38
146 388
74 152
150 329
301 475
391 129
131 406
448 415
347 348
169 47
117 62
435 157
16 45
224 128
300 292
396 256
489 129
272 233
143 317
83 289
152 383
29 263
9 15
194 315
166 162
452 63
354 477
265 429
284 125
55 277
412 163
140 431
202 388
439 392
234 222
444 356
170 413
160 268
150 136
270 214
73 494
284 293
185 310
346 330
407 77
53 16
471 136
43 460
256 67
12 1
299 108
342 230
238 496
370 309
457 1
483 205
369 352
147 368
170 112
389 85
258 311
89 97
310 147
101 34
463 308
340 20
208 266
156 440
376 4
118 408
66 123
263 205
290 138
239 154
47 77
166 74
480 281
265 422
298 68
4 292
217 291
92 121
196 21
469 189
244 58
41 31
289 479
45 130
400 463
261 149
374 118
156 368
144 53
406 69
334 314
72 257
220 104
453 182
484 488
205 157
15 459
60 80
263 95
179 159
133 21
432 149
409 72
114 482
363 461
221 141
231 427
218 460
425 191
348 144
78 16
413 281
103 400
72 21
355 303
35 294
238 427
393 181
451 316
351 481
265 407
208 154
350 229
264 367
279 192
73 423
392 41
121 210
393 362
217 11
373 374
42 377
413 225
254 227
308 420
88 81
457 142
304 142
304 81
1 458
153 406
497 242
421 241
379 264
106 445
280 310
273 11
83 382
473 357
336 136
7 204
350 181
54 26
167 352
346 15
343 471
271 328
467 28
406 395
249 236
426 265
415 154
178 290
337 152
394 181
320 497
461 343
491 404
50 436
322 440
251 307
357 213
148 6
395 455
208 81
441 15
178 31
401 284
318 379
47 326
308 430
206 378
165 404
432 336
64 57
318 297
62 418
141 228
163 190
468 200
370 423
422 1
218 328
192 405
89 20
423 136
43 356
32 179
67 72
57 232
385 247
128 322
49 352
117 74
146 458
447 412
410 445
309 22
88 274
184 298
262 421
419 316
156 267
365 381
28 269
336 96
297 34
296 271
76 369
315 259
438 281
14 263
209 269
115 488
462 273
294 18
331 388
326 32
114 376
96 67
202 201
269 312
400 45
109 322
201 244
266 471
189 219
71 431
217 180
206 328
111 125
400 497
217 167
99 186
24 427
492 325
94 151
324 27
276 11
273 247
481 269
274 98
78 224
305 290
354 43
4 88
32 203
384 201
175 466
257 85
335 166
46 41
232 300
25 50
253 170
128 360
190 113
470 342
201 61
315 131
487 39
244 183
336 403
276 443
1 192
188 272
409 127
76 251
178 473
240 344
343 125
197 455
206 333
280 66
283 143
0 414
94 142
471 493
70 62
400 278
309 180
102 429
377 139
34 326
314 436
59 26
356 495
415 461
85 96
420 261
299 285
468 159
232 101
175 254
391 166
439 358
66 177
229 40
319 128
353 79
89 475
168 183
25 27
108 5
106 277
487 398
295 182
445 257
354 397
318 215
477 214
178 221
128 465
200 142
161 115
359 259
335 310
418 32
151 499
189 414
236 197
268 251
102 38
163 16
9 321
76 157
13 282
326 89
464 259
200 246
261 392
316 55
268 403
107 285
100 274
218 343
395 52
405 162
71 339
122 252
422 208
291 491
327 305
88 53
81 408
271 116
164 7
348 327
142 199
346 69
433 82
382 444
127 363
10 54
207 409
173 355
330 71
280 445
102 379
117 65
360 378
250 202
365 77
86 91
497 404
200 146
80 56
133 383
402 433
120 82
110 433
469 403
103 195
4 391
455 268
147 470
468 481
86 422
124 338
387 71
265 190
74 376
235 127
321 350
449 106
301 76
89 312
137 303
451 86
83 327
212 156
22 305
49 16
473 233
482 140
353 465
238 441
402 40
264 182
18 324
182 138
439 109
26 351
154 179
59 433
56 412
282 75
118 286
166 351
464 225
228 402
200 251
499 84
25 344
263 384
294 465
262 41
365 23
408 120
440 255
55 383
140 76
108 211
171 137
94 23
187 297
462 486
376 381
363 271
355 496
460 468
124 346
244 381
442 447
298 45
50 203
104 67
311 177
380 468
414 364
207 460
235 493
286 423
42 49
249 256
472 118
302 219
459 462
193 399
150 281
489 22
174 78
191 450
58 230
314 317
225 368
497 260
173 417
236 414
369 387
123 307
127 434
483 77
243 372
10 467
352 445
35 52
86 401
244 189
136 420
69 328
270 399
152 39
165 369
328 53
206 475
284 452
397 62
176 253
64 179
414 297
410 324
30 55
324 484
396 497
336 28
313 161
433 77
61 199
168 71
336 85
413 20
17 65
180 31
41 329
439 444
385 66
362 348
96 270
218 290
337 37
490 417
2 484
329 383
377 128
104 37
113 388
201 7
64 96
37 448
91 54
168 493
421 11
255 265
429 80
174 72
46 308
313 468
342 237
82 409
319 472
278 97
255 372
192 152
419 128
397 201
220 257
278 101
351 274
481 442
392 244
431 245
325 234
91 134
117 334
90 138
73 432
69 478
272 460
251 155
379 288
74 424
154 155
331 323
149 424
241 145
9 384
188 25
274 12
153 90
406 484
65 168
302 35
441 496
240 87
135 221
488 71
307 492
18 481
326 188
354 300
117 330
328 281
44 145
474 353
461 286
128 363
112 473
358 234
214 74
367 172
435 212
88 71
223 370
306 10
84 445
11 60
327 298
265 193
488 461
24 135
105 450
373 277
237 55
81 47
329 419
0 328
404 350
250 496
15 386
187 144
196 466
146 386
473 193
241 2
62 329
368 262
420 43
42 22
16 428
76 204
99 442
11 26
12 244
374 54
299 403
8 400
119 497
7 130
245 87
483 470
30 164
422 184
436 235
337 41
334 225
140 154
119 479
27 334
308 442
96 451
415 189
245 182
415 19
223 9
140 80
211 304
186 453
487 429
347 95
470 387
385 58
487 282
204 285
149 406
104 254
95 188
146 321
16 84
446 338
391 371
442 56
60 446
172 157
194 332
82 318
183 82
317 142
350 9
234 289
22 35
412 345
320 110
2 354
356 67
235 376
13 307
175 214
54 136
491 32
342 375
402 92
17 251
382 87
428 224
338 456
122 427
435 108
124 311
411 329
218 51
1 136
435 240
53 51
340 391
91 146
218 226
384 213
132 134
163 150
210 436
61 221
190 387
321 490
285 244
271 38
455 33
489 283
296 4
54 446
47 191
387 370
156 290
350 236
279 495
322 244
223 311
147 255
218 491
332 187
93 203
110 100
435 432
7 236
253 437
454 279
245 22
458 465
317 86
381 154
329 499
187 421
-1 29074 -1 -1 -1 -1 -1 -1 -1 -1 -1 -1 -1 -1 -1 -1 -1 -1 -1 -1 64785 -1 -1 -1 -1 -1 -1 -1 43402 -1 -1 -1 23829 -1 -1 -1 -1 -1 4638 51865 -1 -1 -1 -1 -1 -1 30584 -1 -1 -1 39748 -1 -1 -1 31550 -1 -1 -1 51306 -1 -1 -1 -1 10225 -1 28011 -1 -1 -1 1060 -1 -1 -1 54840 -1 -1 11143 28613 -1 -1 -1 -1 -1 -1 49773 -1 -1 -1 -1 -1 -1 -1 28124 -1 -1 -1 -1 -1 -1 -1 -1 -1 -1 -1 -1 4530 -1 -1 -1 -1 -1 19252 -1 -1 -1 -1 -1 -1 -1 -1 -1 35753 -1 -1 -1 -1 -1 -1 -1 45899 -1 3901 -1 -1 6697 -1 -1 -1 -1 11210 -1 -1 -1 -1 10701 -1 2398 -1 -1 14622 -1 -1 -1 -1 -1 -1 -1 38387 44847 -1 -1 -1 -1 -1 -1 -1 -1 -1 -1 -1 -1 -1 56270 -1 58039 -1 -1 -1 -1 -1 61538 -1 -1 -1 -1 -1 -1 -1 -1 616 -1 18190 -1 -1 8082 -1 -1 -1 -1 59589 -1 -1 -1 27127 -1 -1 -1 871 -1 -1 39413 -1 59860 -1 -1 -1 -1 -1 -1 -1 -1 37231 -1 -1 -1 -1 39853 -1 54560 -1 41932 -1 20809 -1 -1 -1 -1 -1 -1 -1 -1 -1 -1 -1 -1 -1 -1 -1 -1 -1 -1 -1 -1 -1 44666 64964 -1 -1 -1 -1 -1 13956 -1 -1 -1 -1 -1 -1 6701 -1 -1 4967 -1 -1 -1 -1 -1 -1 -1 -1 -1 15588 -1 -1 -1 15716 30036 -1 -1 -1 48115 -1 29490 -1 -1 -1 -1 -1 -1 39196 -1 -1 -1 3293 -1 -1 -1 27997 -1 -1 3606 -1 -1 -1 -1 -1 -1 -1 59871 -1 -1 -1 -1 7530 -1 50219 -1 -1 -1 33796 7430 -1 -1 -1 -1 2820 3806 -1 -1 44734 -1 -1 -1 -1 -1 -1 12972 -1 -1 -1 -1 -1 -1 -1 10502 48749 -1 -1 -1 39513 -1 -1 28458 -1 -1 56745 -1 -1 -1 -1 -1 19525 -1 55165 -1 -1 -1 18564 -1 8778 -1 36507 -1 -1 -1 46421 -1 -1 -1 -1 -1 -1 11187 19188 -1 -1 -1 -1 51821 61594 64453 -1 -1 12014 -1 -1 -1 -1 -1 -1 -1 -1 -1 49397 -1 30180 -1 -1 -1 -1 3367 -1 -1 -1 42413 -1 -1 -1 -1 -1 -1 -1 21543 46445 -1 -1 35346 -1 -1 -1 32349 -1 45412 -1 -1 -1 57953 51047 -1 -1 -1 7916 35189 3570 -1 -1 1602 -1 -1 -1 -1 10004 -1 31903 3764 51348 -1 -1 2446 -1 22220 51904 30356 -1 -1 -1 54412 -1 -1 -1 -1 -1 -1 -1 -1 -1 -1 -1 -1 -1 -1 5033 -1 -1 -1 -1 21477 -1 -1 24817
10
1 248 7 97 11
0 137 1 441 2
0 19 4 397 9
1 350 4 181 1
0 366 15 392 13
0 442 6 231 12
0 175 7 0 12
0 403 9 296 5
1 416 11 385 12
0 474 15 51 13
