500 2000
333 362
415 356
9 56
170 46
254 357
142 3
192 351
351 145
161 434
227 353
16 179
471 482
63 363
460 50
366 488
185 392
305 303
291 102
196 85
181 243
23 462
14 68
270 168
385 222
384 125
422 352
298 61
182 225
342 274
23 461
87 35
160 151
128 336
80 443
459 15
437 88
379 451
494 30
33 475
88 31
197 328
89 125
162 312
323 172
254 310
229 202
245 490
290 163
86 145
248 182
353 490
320 84
254 130
367 157
468 149
173 380
145 90
424 147
496 201
388 101
400 177
236 205
416 436
63 295
398 498
184 12
138 211
285 286
468 86
178 348
431 347
104 337
208 291
72 3
348 40
273 479
11 380
423 18
406 371
458 262
482 216
397 352
371 29
404 315
75 98
51 489
290 300
357 124
130 332
255 217
438 245
451 219
486 179
217 136
207 55
275 384
13 346
2 123
194 439
295 196
470 494
54 8
298 82
244 46
224 218
26 255
79 149
393 377
251 315
480 197
336 149
32 382
285 349
295 471
369 317
257 301
427 267
454 26
124 94
253 211
425 441
291 55
233 91
102 462
368 451
206 109
78 361
172 10
141 179
253 107
139 310
112 34
27 168
305 134
71 440
186 218
318 477
451 223
18 181
297 284
322 151
170 250
431 229
148 479
297 492
43 263
390 444
447 360
215 282
412 428
440 304
340 117
151 451
193 313
408 444
377 334
205 53
489 102
381 145
36 389
442 139
391 449
17 48
63 69
181 36
497 405
226 148
249 63
412 169
136 174
61 35
334 228
392 199
455 196
232 85
378 340
487 292
68 161
448 480
177 159
59 164
408 231
37 169
49 160
331 232
138 144
88 233
358 192
201 323
2 498
12 257
57 445
454 331
499 15
111 246
157 417
213 127
267 185
157 452
196 380
53 352
350 132
67 310
109 25
443 300
101 241
272 130
381 250
428 90
279 432
209 94
143 87
31 68
291 196
255 30
345 164
112 467
50 107
405 38
292 123
322 279
192 256
450 281
380 345
434 419
229 58
258 145
197 85
49 290
189 77
99 466
378 298
355 459
387 379
347 239
86 370
333 39
467 4
176 333
326 13
143 347
374 380
390 469
316 330
244 55
444 416
59 477
185 347
218 91
494 416
314 366
479 429
150 341
161 356
290 130
181 329
168 371
258 142
3 423
499 58
397 441
407 402
452 286
25 220
219 428
54 261
331 494
448 388
120 224
471 300
282 442
57 366
311 203
33 457
332 6
205 271
304 223
409 426
291 214
498 225
98 398
182 229
73 448
365 312
433 451
468 102
117 320
417 119
147 42
356 353
201 390
368 39
65 289
323 244
403 395
211 353
224 350
126 376
203 52
42 331
286 281
227 465
339 278
418 171
243 222
384 328
193 21
473 453
279 435
26 247
271 125
161 469
138 339
138 159
140 167
386 470
100 121
72 60
39 84
54 220
389 324
67 54
255 118
398 463
120 333
306 84
103 26
360 109
155 426
211 321
141 173
432 413
284 438
15 211
258 26
195 212
399 97
288 74
103 171
276 246
432 333
490 289
45 427
152 450
408 183
382 368
140 257
287 467
276 393
51 399
161 452
27 376
296 163
195 63
79 171
243 483
246 267
364 483
388 109
394 442
206 62
75 268
180 107
3 53
234 382
210 158
89 299
255 310
302 82
101 320
456 279
80 33
441 55
165 477
404 51
139 263
83 457
319 74
456 141
255 311
303 203
270 102
357 413
359 132
242 291
229 265
61 238
465 176
310 196
223 258
2 306
218 152
310 468
228 454
307 357
347 0
33 252
496 90
54 3
114 117
269 358
386 393
4 10
336 211
26 342
297 134
309 7
284 306
225 73
228 387
261 408
403 262
37 121
277 304
216 398
372 204
390 277
213 273
179 40
34 286
328 370
251 58
377 367
1 388
469 17
75 234
469 398
319 10
258 488
297 332
495 170
340 395
497 413
259 220
194 112
385 144
475 351
261 458
4 334
352 319
294 355
457 381
398 53
470 314
204 264
157 95
121 436
0 254
58 41
144 21
46 292
389 264
47 310
67 435
387 80
334 209
349 372
46 402
440 47
402 150
91 371
177 426
487 165
65 422
267 452
140 112
190 323
197 410
428 189
122 202
139 162
148 223
81 100
405 81
321 92
466 247
23 178
413 376
202 457
488 305
399 96
12 396
53 349
476 236
157 106
54 196
449 182
258 418
36 445
0 30
76 426
97 478
128 392
423 145
21 46
287 408
327 498
245 373
87 302
295 308
415 305
485 25
361 363
78 300
473 214
497 386
350 115
384 358
401 180
301 236
19 269
40 295
301 432
169 129
106 92
7 272
161 488
407 154
364 245
125 249
256 215
304 226
413 480
328 392
213 464
467 389
241 486
385 463
217 195
144 145
343 402
284 339
66 483
16 14
220 168
404 217
41 258
494 91
18 309
51 46
52 476
10 434
118 440
436 223
53 144
79 421
220 275
198 66
358 416
460 96
451 15
25 279
354 171
258 232
137 84
304 234
309 88
379 371
174 254
493 9
400 124
450 145
116 317
21 303
396 196
143 3
171 435
484 394
48 392
192 175
426 497
50 449
226 366
432 66
208 24
7 400
126 476
174 96
223 414
56 190
11 472
494 366
491 10
375 171
467 296
16 313
396 199
477 97
359 472
181 444
186 408
10 204
455 461
412 408
86 344
376 154
24 18
11 367
240 414
217 239
38 376
143 352
5 163
274 381
313 286
242 331
485 2
155 14
91 189
194 149
69 330
401 334
258 417
66 456
192 337
135 279
224 470
123 36
7 281
225 245
462 270
180 169
238 1
121 263
68 271
360 94
446 99
194 368
174 286
254 432
377 21
86 140
88 365
192 148
165 110
257 195
65 17
281 277
77 267
419 68
195 446
27 368
364 465
330 385
464 148
251 417
167 459
410 199
450 323
470 50
376 392
74 225
204 312
20 70
131 297
242 446
148 387
25 66
497 344
97 405
459 136
184 168
342 366
123 347
197 123
420 6
142 479
305 144
47 330
324 298
71 202
344 350
335 4
471 461
34 448
459 37
390 106
204 428
440 247
334 107
207 141
373 86
474 153
158 146
97 377
44 224
437 337
136 14
180 91
269 465
160 38
248 4
352 82
426 309
138 247
74 489
272 208
79 39
376 338
83 225
409 57
173 41
235 439
416 123
31 184
15 196
143 453
65 308
365 329
419 228
437 394
276 474
145 434
166 396
355 318
42 165
209 272
418 416
435 377
250 22
273 232
102 328
58 236
368 101
226 218
309 87
26 375
238 344
248 452
322 111
129 228
457 393
259 6
299 244
66 86
297 302
325 487
429 116
467 173
35 201
383 482
69 438
22 274
24 100
143 241
433 447
461 168
67 387
255 339
376 350
12 238
90 82
7 308
431 392
417 153
328 300
493 22
183 293
247 312
323 211
324 455
433 246
369 143
265 356
32 352
266 19
23 364
207 67
234 194
439 83
350 24
28 495
442 138
22 417
78 121
176 254
83 84
342 78
322 56
440 122
187 97
202 80
58 428
499 155
108 299
220 147
214 32
319 432
478 175
170 212
69 258
98 33
370 138
445 450
135 496
394 193
10 102
60 433
260 377
107 304
51 268
65 193
385 154
385 273
214 387
378 174
385 228
352 285
452 243
386 484
11 273
30 100
33 258
144 327
60 403
135 283
408 491
23 257
50 318
24 180
362 78
16 91
18 302
147 380
198 364
335 92
239 1
219 167
230 204
472 111
432 311
225 414
336 177
351 378
221 128
96 165
139 53
193 231
99 7
27 206
11 158
387 467
446 180
423 63
387 10
20 146
254 413
413 3
497 437
362 307
94 168
286 114
294 457
253 213
310 454
431 186
350 6
308 218
329 444
68 489
225 385
447 407
192 229
319 199
26 175
177 425
373 357
256 104
254 487
317 98
246 171
489 497
425 161
83 226
61 312
427 85
108 422
183 422
253 247
384 475
407 92
7 318
164 372
239 87
313 466
296 419
401 308
58 21
395 423
407 41
221 14
391 9
108 168
74 41
237 149
338 480
188 216
15 478
135 494
92 221
190 347
141 35
491 177
282 428
186 334
457 395
58 457
306 224
220 312
129 473
205 187
423 64
5 34
16 106
491 492
254 489
487 91
478 301
269 384
112 189
132 479
214 250
301 245
257 415
37 317
145 73
388 244
203 183
472 119
135 340
280 92
157 116
11 143
401 247
397 1
467 70
35 170
46 421
404 39
125 170
72 99
294 475
138 464
333 408
222 497
446 410
314 245
370 422
261 321
14 413
192 456
199 416
409 96
275 434
352 452
326 401
107 196
332 57
257 395
176 336
190 321
393 208
474 433
436 302
257 451
194 383
358 120
239 426
422 250
270 324
11 430
119 140
339 180
119 128
275 350
306 10
202 385
477 464
10 464
333 235
157 318
445 29
387 89
101 473
267 184
499 356
170 45
383 79
228 453
179 307
78 41
436 447
495 51
284 233
373 234
96 15
332 17
224 403
175 36
46 198
481 392
138 353
363 42
185 479
381 429
71 114
279 347
18 57
283 171
300 207
281 174
389 182
341 101
50 94
416 194
135 172
248 470
78 369
288 434
191 226
483 485
276 219
212 54
339 447
256 243
468 95
481 76
473 196
344 400
81 11
174 53
85 70
236 140
298 112
236 114
283 400
144 66
310 199
342 485
252 257
149 353
49 226
283 219
1 368
9 96
150 371
450 38
172 67
54 154
447 300
78 240
126 416
292 26
404 214
214 368
417 346
371 380
28 237
158 261
317 332
25 274
208 207
454 148
421 105
274 329
85 57
265 448
283 176
382 474
468 354
193 143
143 362
59 222
424 259
150 62
366 459
215 300
336 33
195 219
212 357
57 55
153 65
314 97
151 424
492 8
452 295
451 121
253 332
421 287
328 134
267 153
385 217
119 474
77 232
216 125
148 289
420 260
31 12
448 390
429 383
97 358
359 119
348 495
404 107
18 292
249 185
291 15
128 227
170 194
386 188
268 296
129 37
213 181
435 249
463 261
200 198
321 143
137 148
422 15
86 256
470 130
301 29
327 254
252 323
406 349
187 178
360 290
321 488
472 148
356 11
173 476
89 383
264 278
175 202
215 303
197 387
376 472
15 490
289 486
131 361
411 19
457 262
439 424
181 90
276 172
90 212
40 242
177 217
56 215
291 324
395 442
405 475
360 153
176 282
252 492
115 415
445 324
120 376
313 416
34 439
71 336
255 462
246 83
457 88
294 161
430 304
35 94
155 299
324 101
450 242
453 173
161 153
395 433
384 419
35 130
120 286
45 157
283 138
118 95
368 426
233 1
357 116
382 172
167 251
347 200
314 442
93 205
399 494
336 66
102 170
256 491
14 222
495 414
252 438
106 311
373 10
265 372
49 0
453 72
323 136
187 391
134 237
104 358
447 57
345 152
81 310
145 438
459 236
72 380
396 459
70 147
62 408
178 50
349 156
222 337
383 367
229 57
444 28
38 56
186 168
243 412
187 238
39 14
152 338
386 467
163 61
26 91
36 34
331 177
475 123
58 34
140 143
438 340
403 307
315 316
406 77
132 193
494 217
436 243
120 244
272 231
62 454
366 288
475 462
421 257
446 26
161 363
134 85
249 368
476 493
16 84
48 280
116 88
452 170
127 90
477 48
92 15
118 240
144 445
83 44
459 169
93 46
252 188
445 231
81 471
496 362
428 52
138 349
35 305
389 154
321 7
448 181
389 269
378 231
163 425
180 351
47 9
138 260
60 147
155 2
32 459
63 398
256 93
283 448
306 120
190 351
304 450
240 247
257 250
120 118
312 181
130 401
419 182
158 418
248 420
319 317
75 141
185 174
286 41
122 179
436 4
14 263
450 64
296 305
41 339
312 131
36 170
440 417
240 275
62 79
458 446
419 389
64 58
405 225
54 148
145 356
62 114
499 43
312 252
289 121
177 407
260 309
164 328
419 371
186 393
435 477
287 493
350 84
388 371
357 471
282 50
489 471
493 139
415 31
111 45
0 237
250 479
299 248
68 97
216 219
164 306
155 210
180 171
90 258
327 227
176 94
468 446
163 105
197 277
150 467
136 78
134 57
227 243
304 115
323 423
302 103
425 461
450 494
287 235
190 421
193 256
340 337
424 105
173 174
287 2
158 462
489 109
392 342
16 157
48 354
344 399
163 93
118 452
438 147
99 489
463 395
471 327
192 364
335 419
14 213
266 309
381 48
182 321
153 235
386 388
429 399
259 376
298 374
127 70
119 397
176 349
116 180
484 126
388 493
325 448
252 130
482 167
422 395
454 305
390 430
472 432
331 291
180 321
27 270
366 329
293 266
119 16
2 278
33 106
212 236
91 343
18 9
10 36
195 247
333 256
435 374
333 328
264 464
273 468
154 258
443 302
228 201
395 337
495 129
237 63
456 263
179 348
93 0
411 4
9 177
299 98
43 98
403 158
215 130
73 224
9 53
397 319
175 97
394 154
368 204
81 0
283 409
328 398
12 388
432 314
453 144
240 148
281 173
317 448
432 171
347 205
477 82
19 390
55 130
225 243
56 486
180 206
297 14
253 290
178 279
36 7
52 204
370 264
415 188
79 126
324 24
270 221
393 336
372 18
498 251
81 301
46 382
37 499
207 159
146 68
492 448
457 426
470 64
338 178
368 95
385 287
47 57
435 429
17 470
156 126
248 103
85 48
398 200
165 192
126 254
126 487
34 222
440 161
12 93
39 186
260 267
343 192
218 343
316 190
329 296
204 473
292 198
94 287
311 30
440 401
269 332
356 396
479 45
281 374
168 387
468 472
290 28
256 376
164 398
447 211
310 318
103 182
279 253
407 406
188 426
103 155
341 199
208 131
171 350
467 459
114 77
351 316
435 132
20 29
142 465
133 86
437 350
55 96
242 481
460 496
161 399
131 292
480 293
453 227
28 334
292 136
454 328
419 351
420 124
9 355
202 158
315 465
273 170
149 144
21 2
326 459
281 96
136 86
17 368
428 471
41 13
297 259
126 395
20 188
457 384
473 294
400 363
263 95
430 175
130 386
247 162
182 92
356 52
2 184
327 194
25 40
294 325
483 419
48 271
489 64
392 487
330 136
290 232
83 161
374 58
278 43
358 426
84 82
191 382
335 208
116 38
250 490
274 186
462 397
191 320
461 275
369 496
403 491
209 264
299 267
16 493
91 452
59 357
493 370
202 282
435 68
94 451
15 404
439 121
237 89
73 388
382 459
495 133
473 266
317 392
478 171
174 141
362 203
223 461
404 220
164 40
25 35
129 370
73 160
257 10
28 205
354 30
218 64
46 354
347 31
232 126
466 76
248 494
119 48
100 258
142 250
299 112
265 336
237 44
84 378
455 434
66 252
493 153
308 497
405 288
157 225
425 206
240 30
396 409
10 62
104 91
461 207
218 236
333 366
9 402
189 283
424 273
284 164
306 201
361 52
80 97
370 197
296 472
8 483
85 440
3 434
125 334
296 127
50 490
366 46
125 15
477 380
461 187
176 11
350 432
388 132
458 332
269 343
213 254
312 180
403 310
207 277
483 222
449 216
69 282
16 160
107 266
133 38
146 197
401 276
64 254
73 402
85 346
184 349
115 191
441 226
249 272
421 101
204 286
397 484
499 229
216 77
160 481
116 234
275 325
17 160
210 453
207 125
300 119
115 101
99 495
359 78
336 157
136 236
449 489
360 266
199 246
349 455
343 242
200 232
67 14
66 54
498 235
362 459
187 383
52 386
370 262
1 37
180 258
379 41
44 133
334 474
54 377
57 267
258 261
198 109
25 168
325 410
135 290
428 435
140 136
209 494
92 468
118 227
311 241
137 268
420 33
389 378
273 114
356 239
393 4
126 206
416 124
306 113
319 470
453 184
97 195
184 82
222 419
127 232
211 243
213 164
76 137
336 50
231 120
62 281
469 321
352 497
301 398
135 249
275 190
184 437
403 184
185 87
331 462
382 138
39 265
245 110
403 460
440 33
286 447
39 302
379 145
321 2
448 458
319 390
426 247
59 83
354 447
427 466
338 79
6 483
356 26
417 429
43 436
307 361
409 316
445 404
167 385
257 266
452 228
298 260
268 444
78 183
435 223
182 205
151 221
8 46
301 12
6 174
325 480
377 271
0 34
343 222
409 203
204 23
255 367
233 332
179 320
86 389
123 76
183 11
123 212
112 59
360 458
217 308
5 84
499 88
272 385
443 354
417 437
184 29
24 266
179 223
320 190
7 82
358 175
44 234
249 400
116 279
488 385
354 433
183 23
49 467
81 314
406 291
194 429
416 129
208 340
494 31
22 66
379 390
129 265
41 368
244 450
224 447
284 147
34 463
292 11
187 336
253 9
363 487
269 315
298 412
172 38
220 310
403 337
412 141
150 159
342 389
3 56
259 204
68 398
11 421
291 241
87 130
477 487
334 429
430 299
233 476
307 427
126 5
382 229
175 331
193 135
137 164
393 246
263 362
130 277
322 351
318 425
27 349
201 366
97 372
472 334
113 77
458 336
310 478
280 253
51 463
235 400
283 288
119 304
74 236
225 199
106 332
36 87
66 130
37 72
127 461
325 342
379 304
255 239
188 149
226 465
440 63
88 191
413 110
158 234
90 126
222 192
35 339
181 178
1 358
152 320
315 156
81 105
420 471
69 480
472 336
427 472
142 0
45 23
107 42
252 289
72 145
82 119
375 401
190 395
215 257
416 448
394 406
435 433
248 227
74 456
378 373
137 213
258 201
391 249
108 25
349 442
473 191
253 376
297 487
465 403
214 475
320 293
496 113
375 247
24 435
160 42
429 278
458 43
195 432
153 322
426 172
41 281
273 472
333 27
448 20
246 76
132 164
445 481
143 409
284 443
393 176
422 343
89 315
223 49
168 290
122 454
20 84
398 368
448 19
208 460
420 380
94 142
436 376
264 398
354 79
365 18
136 310
465 138
116 241
2 489
278 433
170 174
323 490
16 382
313 308
64 403
404 226
266 227
243 206
447 74
-1 -1 -1 -1 -1 -1 -1 -1 33639 -1 -1 41899 36400 -1 43444 -1 -1 27840 -1 -1 -1 -1 -1 -1 -1 48374 -1 -1 -1 -1 -1 -1 -1 -1 -1 -1 -1 -1 -1 59868 -1 -1 -1 -1 -1 -1 -1 10287 -1 -1 -1 -1 -1 -1 -1 -1 -1 -1 29031 -1 -1 -1 -1 -1 -1 -1 29653 -1 -1 35596 -1 21596 -1 -1 -1 -1 -1 -1 -1 20608 -1 -1 -1 -1 -1 -1 -1 -1 -1 -1 -1 -1 -1 -1 -1 54671 -1 -1 50086 -1 -1 -1 -1 -1 57168 -1 -1 -1 -1 -1 -1 -1 -1 -1 39492 32983 -1 -1 -1 -1 -1 -1 -1 -1 -1 -1 -1 -1 -1 47635 -1 -1 -1 -1 -1 -1 -1 -1 -1 -1 43563 -1 -1 -1 -1 45603 -1 -1 -1 -1 -1 -1 -1 -1 -1 -1 -1 -1 39691 16090 -1 -1 -1 -1 16860 11855 24845 -1 -1 -1 -1 -1 -1 -1 -1 -1 -1 -1 -1 48999 -1 -1 -1 -1 -1 -1 -1 -1 -1 -1 -1 -1 -1 64791 -1 -1 -1 -1 -1 -1 -1 -1 -1 -1 556 -1 44875 10991 12890 48931 -1 55083 -1 -1 -1 -1 -1 6237 56575 -1 -1 -1 -1 -1 -1 -1 -1 -1 -1 -1 -1 -1 -1 -1 -1 -1 58938 -1 -1 -1 -1 -1 -1 -1 -1 -1 39241 -1 -1 -1 -1 -1 -1 -1 30947 -1 -1 -1 -1 56551 -1 12831 35924 -1 50295 -1 -1 -1 -1 -1 -1 -1 -1 -1 59284 -1 -1 -1 -1 13590 -1 -1 11958 -1 -1 -1 -1 -1 51785 -1 49212 -1 -1 -1 -1 -1 20816 -1 -1 -1 15485 -1 -1 -1 -1 -1 -1 -1 -1 -1 -1 -1 57744 12918 -1 -1 -1 10710 -1 -1 -1 -1 -1 -1 -1 -1 -1 63727 -1 -1 -1 57530 -1 -1 -1 -1 364 -1 -1 2967 -1 -1 -1 -1 -1 -1 18014 -1 -1 -1 -1 -1 -1 -1 -1 -1 -1 -1 -1 -1 -1 -1 5338 -1 -1 23236 -1 -1 -1 -1 -1 -1 36018 -1 887 -1 -1 -1 -1 -1 -1 -1 26022 -1 -1 -1 61624 -1 -1 -1 -1 -1 -1 15227 -1 -1 -1 -1 22485 -1 -1 -1 -1 60967 -1 21658 -1 -1 -1 -1 -1 -1 -1 -1 -1 -1 -1 -1 -1 -1 -1 59097 -1 -1 -1 -1 -1 -1 13877 -1 -1 -1 51298 -1 -1 -1 19871 -1 -1 -1 -1 -1 -1 -1 41471 -1 -1 -1 -1 -1 -1 -1 -1 -1 -1 45268 18760 -1 42457 -1 52724 -1 -1 25274 -1 -1 59173 -1 -1 36948 -1 -1 -1 -1 2127 -1 -1 -1 -1 -1 -1 59595 -1 5204 -1 4436 -1 54752 -1 -1 -1 31285 -1 -1 -1 -1 57119 -1 -1 -1
9
1 176 13 391 9
0 225 3 59 4
1 270 12 230 10
0 94 2 307 1
1 297 3 478 13
1 143 5 249 4
0 296 14 112 6
1 431 8 432 1
1 194 12 43 12
