500 2000
139 276
148 406
332 339
136 499
267 245
413 408
231 343
357 168
245 403
82 259
68 36
293 445
395 151
30 268
150 434
427 28
72 25
469 329
192 65
301 477
419 323
35 358
144 254
19 68
198 250
141 204
324 259
498 449
217 315
277 461
10 223
292 298
232 354
78 352
423 215
85 382
287 289
145 71
90 293
11 135
494 496
295 277
217 429
389 218
426 355
345 99
133 65
108 14
131 327
119 391
381 377
8 69
45 163
314 256
12 84
116 177
124 472
30 111
116 338
496 130
73 285
90 325
327 475
173 145
404 154
114 27
225 126
489 66
101 167
310 464
103 361
155 451
177 351
413 162
312 206
89 52
249 215
45 451
456 460
246 196
58 26
35 123
492 372
20 253
157 200
128 417
492 232
283 23
158 137
449 416
494 360
276 13
309 147
219 405
400 454
244 8
84 481
180 0
491 45
472 13
325 384
432 341
267 348
207 417
38 359
155 59
186 346
1 426
260 387
188 266
181 312
201 4
208 218
282 75
490 98
77 430
413 156
429 207
7 230
214 314
447 445
153 235
147 427
355 51
405 90
75 318
470 316
188 126
309 125
435 123
46 415
237 327
328 348
31 13
301 23
292 131
270 23
16 83
145 431
144 59
263 259
93 157
473 7
220 157
456 417
451 106
259 396
445 143
97 309
76 347
451 456
20 64
44 283
268 165
300 402
179 279
287 327
90 238
486 443
292 182
224 494
68 264
352 43
241 454
267 215
274 397
341 136
412 176
415 144
51 101
435 416
183 21
377 431
360 346
293 236
311 70
235 280
310 262
198 324
384 145
359 83
445 260
93 307
88 378
13 155
204 221
318 20
418 169
162 74
366 417
460 320
314 156
62 487
312 76
271 15
477 153
274 268
496 12
201 450
309 299
365 478
15 403
352 480
337 263
300 83
268 402
123 374
341 326
454 479
5 358
119 13
477 338
110 85
439 13
313 106
225 469
193 277
187 82
214 203
23 34
242 71
118 274
305 490
345 374
337 272
111 175
41 369
473 395
449 240
437 283
146 98
345 135
224 249
423 141
263 253
411 195
324 246
101 304
79 430
324 452
64 404
457 377
65 125
396 437
267 186
208 341
478 444
174 451
372 124
431 222
358 89
285 100
326 118
497 341
77 449
273 155
183 209
253 274
439 325
266 248
486 338
426 431
46 70
445 412
220 471
138 368
74 151
431 415
151 44
48 310
326 417
179 478
143 416
97 421
197 135
383 414
24 274
150 395
230 448
313 190
348 467
390 276
72 6
18 46
45 389
481 279
406 203
351 296
217 109
300 176
475 7
398 353
48 58
177 387
277 465
7 456
401 240
26 255
44 239
244 156
304 55
447 394
83 105
485 119
326 111
404 449
423 120
190 55
208 47
304 308
111 82
157 321
0 286
83 472
341 377
455 277
275 1
299 41
48 132
112 55
77 287
430 140
122 256
458 222
406 326
370 328
305 201
384 492
108 187
2 223
434 291
343 132
1 479
109 425
279 119
258 261
161 386
496 326
201 383
37 118
444 439
449 32
13 33
313 315
69 347
468 497
346 80
297 303
77 271
402 51
218 359
185 208
418 101
372 252
359 338
228 36
407 101
355 119
469 11
38 210
375 260
425 211
100 425
207 376
317 396
99 104
330 88
65 55
447 166
78 13
337 461
46 123
289 290
467 290
434 301
397 451
243 33
67 191
117 417
275 84
61 491
365 185
165 384
227 263
102 101
10 347
170 0
156 321
211 368
283 444
416 461
266 94
145 239
433 201
169 355
420 365
90 170
386 225
485 244
405 278
446 123
71 277
159 326
196 369
221 159
237 403
315 178
275 329
400 193
436 207
389 104
328 399
196 442
267 400
437 4
429 28
221 441
457 297
62 329
192 71
62 241
283 278
77 497
314 58
360 13
454 356
400 60
274 174
448 420
306 89
141 81
20 321
53 497
498 316
415 327
439 354
278 430
98 56
22 328
294 198
238 325
4 80
127 70
315 398
414 133
172 234
104 55
465 116
476 95
484 163
337 437
39 168
410 492
373 242
255 156
75 23
44 67
253 189
467 3
181 436
72 388
462 314
317 388
22 454
473 89
280 237
468 287
196 424
488 218
426 133
132 82
472 343
387 497
68 498
456 92
362 380
140 477
391 143
86 442
150 264
313 290
427 434
88 356
126 185
207 456
139 369
235 394
261 368
250 251
403 187
486 152
243 487
385 254
490 443
371 268
61 441
454 120
30 179
210 276
198 73
24 313
278 200
325 86
391 418
53 198
66 271
132 204
171 493
10 82
328 78
208 169
437 403
440 189
51 464
358 21
194 439
442 466
254 248
158 52
352 484
498 60
468 343
318 479
284 381
51 250
127 377
250 390
323 350
163 197
180 427
25 492
0 348
109 147
182 459
121 18
41 421
448 4
334 461
442 100
337 325
137 134
282 445
377 4
407 92
246 190
183 127
110 465
70 358
448 135
495 179
270 46
361 142
286 234
398 488
14 411
285 62
157 358
308 389
90 485
292 342
293 256
447 465
307 231
37 478
285 195
218 187
218 323
68 436
451 324
56 165
351 248
433 398
186 294
159 355
333 276
499 11
267 254
0 361
314 115
360 349
57 41
262 136
301 494
198 235
102 411
112 330
9 151
298 236
197 158
122 78
266 195
476 121
83 489
130 49
389 467
148 433
222 389
406 269
279 393
417 188
386 339
193 251
141 273
56 150
100 457
403 239
115 356
223 325
198 209
147 456
198 255
466 105
495 297
134 203
173 411
155 81
136 263
207 144
82 31
234 491
154 202
312 342
356 134
250 413
16 313
319 181
240 376
196 224
264 174
155 231
340 77
356 142
486 287
458 290
287 478
436 100
395 233
445 131
157 108
184 335
164 20
220 485
122 429
126 455
332 408
7 341
25 109
398 444
415 467
408 465
389 46
288 187
437 188
130 357
207 440
57 208
189 49
224 304
327 368
205 133
150 417
196 133
331 0
80 498
406 297
437 322
488 7
480 202
183 397
80 497
139 312
2 34
29 487
58 457
241 324
83 401
228 203
304 409
262 16
213 177
483 24
268 242
364 462
341 392
324 492
401 406
453 318
240 7
173 305
258 44
375 2
407 257
374 238
36 323
457 486
2 163
45 397
176 86
478 442
237 179
70 67
186 331
188 134
365 260
344 444
170 355
207 446
356 154
195 483
194 112
382 137
159 270
363 388
269 316
298 254
100 403
408 42
483 121
360 385
114 358
381 230
174 153
370 111
42 359
94 125
244 135
202 321
386 309
38 484
203 359
78 239
34 407
313 318
155 195
327 230
67 266
143 483
463 270
171 285
139 227
415 399
496 156
443 212
457 91
44 154
416 214
445 202
156 298
268 174
324 179
224 144
82 57
46 181
50 196
335 67
348 410
83 380
244 132
436 118
415 437
353 401
332 257
302 267
141 206
142 131
174 326
369 63
198 308
9 379
88 168
197 220
413 226
373 335
352 156
387 347
206 21
322 354
470 379
363 159
201 31
434 368
338 101
363 184
497 490
51 474
174 341
465 106
153 263
112 56
249 151
64 324
29 291
482 492
29 384
246 69
224 332
347 83
434 417
162 3
84 107
408 448
88 51
196 156
184 13
383 467
309 426
343 456
185 53
423 392
282 250
380 472
499 422
25 139
429 388
262 83
469 321
211 22
419 0
280 155
356 260
6 119
297 195
345 192
137 46
392 164
332 313
404 300
86 134
260 330
62 185
489 10
242 196
359 314
480 181
57 406
374 60
410 165
325 207
68 422
239 122
165 356
291 300
273 216
416 152
266 157
263 55
344 50
115 478
106 353
164 217
35 277
345 26
352 136
361 38
24 465
246 248
364 126
364 333
391 401
303 163
335 104
65 337
208 120
407 302
368 6
299 21
474 83
142 176
129 22
369 59
89 138
152 24
184 474
261 394
491 353
355 127
41 279
261 477
49 24
374 464
274 99
290 293
362 382
85 337
458 373
59 441
57 77
87 435
187 399
470 364
282 434
286 478
229 431
259 311
75 489
24 81
478 45
263 103
223 284
31 361
207 27
310 33
369 170
140 281
44 134
2 171
123 363
341 317
103 16
480 308
218 122
240 88
5 457
81 290
158 244
0 342
88 67
48 28
80 301
255 94
205 370
64 126
29 117
27 472
74 71
125 392
459 433
198 177
12 468
34 153
61 178
112 79
182 58
135 483
474 381
203 261
138 258
423 260
17 172
57 209
251 362
358 460
494 184
246 475
22 437
3 454
70 495
332 182
466 14
31 425
11 104
398 19
374 444
367 489
168 86
34 107
391 16
438 177
179 447
57 86
55 425
133 5
213 280
369 66
173 96
251 259
421 482
470 47
112 407
106 61
360 384
243 118
47 381
253 419
465 105
297 189
428 280
401 492
486 282
27 128
496 424
133 361
50 362
263 33
479 28
373 182
48 218
91 447
44 234
347 417
303 277
87 216
171 306
165 72
330 255
33 140
309 255
159 161
91 168
93 237
484 71
138 67
442 19
226 136
145 311
41 121
260 363
68 403
209 252
416 235
375 53
27 498
24 219
137 165
461 91
203 356
312 18
442 315
346 387
179 67
235 301
148 19
328 206
65 2
425 382
392 425
349 430
9 127
313 130
261 254
89 447
273 60
178 397
335 261
402 355
215 478
188 23
76 102
325 15
243 125
14 425
263 37
88 362
236 454
279 30
428 426
11 65
26 469
326 308
52 407
252 339
49 277
417 155
128 212
93 413
282 145
301 468
267 104
192 74
367 286
428 275
12 290
363 71
427 25
221 256
142 40
113 174
99 112
26 213
496 115
424 36
450 70
426 92
269 318
379 147
151 186
248 453
27 151
292 449
405 485
442 467
378 257
43 262
397 191
127 227
355 373
78 87
414 434
218 278
286 34
289 146
61 251
218 64
16 1
60 449
98 48
234 442
173 452
343 384
149 495
497 326
73 233
259 482
250 9
100 88
255 373
373 64
151 54
187 359
162 245
230 26
294 243
235 369
10 309
214 440
80 215
104 287
223 70
50 270
484 142
71 430
488 129
311 297
235 52
377 449
180 262
4 71
455 103
59 430
281 308
330 403
417 143
101 55
394 253
457 147
217 108
124 53
74 10
154 127
288 350
112 147
364 474
400 357
1 423
155 435
85 66
56 386
0 166
454 417
139 68
216 159
50 473
341 293
199 117
63 399
41 75
493 47
364 330
42 267
408 21
125 116
60 219
27 98
181 16
183 347
184 275
467 325
101 75
314 472
31 168
230 483
181 356
86 427
31 41
336 488
244 167
158 233
407 47
314 349
329 379
25 467
347 295
75 410
446 232
318 143
37 484
232 408
14 93
320 458
74 6
11 100
487 375
207 109
72 395
295 447
212 385
27 247
398 240
282 375
191 412
189 419
22 414
364 394
153 332
248 499
415 266
113 366
442 146
477 498
312 373
283 377
51 389
212 442
144 238
27 277
328 315
79 469
452 431
146 127
2 364
23 179
257 28
394 114
323 492
73 370
76 151
497 364
16 214
205 498
406 37
62 412
400 438
424 205
409 484
371 104
259 49
216 480
33 359
372 490
210 405
450 77
139 83
495 18
223 154
257 438
16 458
130 394
298 281
343 38
245 8
164 481
424 284
400 238
102 280
463 13
31 249
130 387
328 441
220 78
212 317
357 44
436 237
260 156
416 280
358 38
394 454
415 344
479 91
261 376
489 190
244 421
491 335
499 400
225 474
417 271
44 398
343 306
70 31
180 235
155 351
380 252
492 455
164 80
398 139
237 422
87 144
129 193
207 178
320 396
431 470
246 74
452 97
322 34
67 285
108 289
325 344
398 363
215 426
468 118
379 398
231 214
478 236
401 488
343 379
466 333
295 352
49 68
487 256
188 24
6 462
399 461
100 47
488 34
460 150
171 47
453 412
315 161
258 313
489 329
303 41
262 437
233 71
294 326
252 69
140 385
456 302
120 100
342 191
439 418
72 434
391 361
174 477
492 114
343 152
226 496
165 298
304 389
232 22
280 346
249 263
219 204
476 490
297 149
492 24
298 290
367 450
108 155
136 410
42 168
73 250
364 73
40 318
381 470
439 406
111 254
379 392
328 160
437 414
434 75
187 360
223 451
171 200
291 154
405 50
52 284
209 328
95 275
14 371
127 384
108 33
372 188
428 12
453 387
367 495
168 148
27 305
492 406
100 220
224 171
488 482
155 499
45 41
480 430
230 146
476 309
413 411
479 267
18 135
63 496
499 170
242 377
352 74
44 186
175 443
110 206
50 156
484 233
20 254
238 314
393 201
7 279
22 216
221 183
334 201
381 23
370 333
488 212
341 114
86 141
444 203
171 12
70 110
57 49
153 432
342 264
129 348
381 436
460 368
302 325
478 36
96 55
472 215
28 463
289 231
338 411
380 103
31 452
444 123
427 70
499 258
426 129
268 196
330 483
484 418
179 184
346 376
133 180
430 38
245 0
411 397
469 68
243 135
77 184
200 28
366 104
476 48
340 294
408 259
183 30
398 161
22 355
403 22
101 9
374 17
280 398
34 45
457 367
13 250
367 221
148 444
377 343
244 257
300 102
124 211
474 62
130 55
258 300
216 267
223 363
99 392
182 10
399 357
471 131
342 122
244 163
303 386
96 377
350 238
130 299
72 348
65 116
430 114
215 282
424 105
83 99
221 52
104 121
297 350
346 97
112 129
158 115
77 96
11 323
168 72
22 227
93 22
14 314
7 182
52 229
379 23
119 61
497 449
394 478
433 328
226 426
326 158
67 290
123 142
396 462
310 256
155 171
80 97
425 331
326 33
442 20
181 97
361 415
395 295
90 274
467 395
217 168
75 350
132 248
423 234
35 100
180 297
457 111
20 311
132 145
198 134
390 352
101 238
367 345
237 130
456 69
192 156
308 113
431 393
118 115
258 390
389 375
196 278
139 388
231 135
300 295
129 162
120 117
206 123
95 397
147 95
38 409
231 422
331 293
217 388
90 407
439 344
13 56
310 131
415 50
353 176
465 370
194 204
112 496
2 393
475 29
58 76
80 210
223 424
448 101
191 71
133 167
288 348
300 13
188 419
345 74
407 456
123 443
478 96
51 39
28 347
253 346
195 306
182 498
442 475
315 479
267 93
213 307
165 28
84 157
432 423
153 181
109 171
245 180
143 57
356 478
283 160
103 408
385 473
167 497
398 441
334 137
170 374
103 138
390 466
12 68
227 200
350 220
423 147
318 197
329 103
271 90
203 256
117 420
250 386
32 298
100 317
439 366
488 72
94 139
20 35
451 234
98 207
436 69
479 87
17 400
305 0
11 169
65 319
451 352
72 347
441 344
202 65
15 274
291 488
181 318
397 18
281 347
193 345
479 332
394 54
363 424
248 159
62 141
373 31
68 145
111 321
70 210
408 349
418 269
43 73
174 112
336 73
410 451
55 313
314 27
433 329
251 60
37 99
202 143
140 244
365 132
260 106
47 216
166 105
159 78
161 483
210 56
2 351
431 13
435 50
201 97
493 233
73 185
236 137
326 247
220 51
164 316
69 367
473 347
275 173
22 285
103 271
146 452
162 148
444 494
412 361
442 171
25 318
434 32
37 277
378 382
184 486
251 76
352 113
450 183
471 410
490 368
172 298
40 114
180 51
296 96
167 76
158 95
207 398
497 165
284 291
349 88
112 286
406 329
482 238
453 169
131 19
288 206
285 487
499 148
83 451
413 36
479 67
120 256
483 163
170 194
371 370
235 201
394 381
155 20
124 293
328 261
70 490
20 94
95 146
336 226
411 34
136 141
35 464
442 320
261 330
453 496
409 369
323 114
364 81
29 24
203 13
193 424
78 177
207 463
229 483
444 51
192 138
139 340
18 270
291 341
13 91
443 289
179 49
228 59
100 199
140 378
193 200
224 367
93 203
8 6
289 449
281 49
384 56
253 164
144 272
338 155
24 479
224 19
40 452
312 211
336 131
56 400
237 193
58 347
113 145
146 471
151 22
169 34
179 224
92 219
37 47
155 216
356 144
378 415
30 175
332 15
380 157
247 284
370 249
469 463
438 212
112 124
387 200
488 105
37 463
198 140
275 91
202 376
412 107
34 140
492 30
390 71
303 313
472 467
38 123
18 330
226 406
428 393
22 297
413 256
138 361
66 185
162 58
121 82
443 257
235 418
249 192
457 167
401 394
19 203
407 410
241 392
298 243
74 135
290 169
44 388
465 229
148 395
51 383
354 272
134 281
162 183
306 360
394 22
495 363
59 204
202 79
152 352
20 403
24 262
107 77
335 146
222 223
383 210
252 138
74 208
159 163
215 294
299 133
87 394
407 346
403 119
230 112
438 154
463 110
114 213
165 267
304 323
349 472
83 342
481 353
471 388
462 454
320 432
423 7
186 369
95 254
93 387
238 185
337 296
52 301
209 268
336 249
190 441
354 17
395 210
23 484
132 317
425 146
418 98
90 193
416 326
390 182
129 28
15 186
455 352
291 318
152 6
116 105
217 153
10 477
268 444
309 2
259 390
147 446
2 444
285 66
282 102
60 179
482 194
72 198
140 338
464 299
392 421
283 122
180 390
484 438
370 457
191 227
458 297
27 131
194 74
176 91
98 227
116 368
93 250
386 66
337 32
448 105
99 372
223 142
408 279
263 349
424 407
117 187
374 411
343 393
240 476
410 3
212 260
491 169
255 384
424 476
307 420
63 75
314 461
246 259
430 98
472 255
308 194
54 29
489 356
371 294
378 121
243 190
61 481
367 444
109 240
159 20
192 264
305 269
303 440
75 218
444 473
114 496
105 11
102 490
466 302
138 210
214 176
25 159
4 317
198 214
0 416
349 490
350 344
72 392
103 409
382 262
240 41
12 132
26 45
284 393
354 202
407 332
440 297
231 463
483 159
138 262
180 232
383 375
364 236
430 9
48 188
493 1
332 56
386 222
482 36
66 213
323 493
190 88
104 282
75 432
379 283
106 443
0 364
160 417
19 132
15 288
-1 57409 13855 46488 -1 -1 -1 -1 -1 -1 -1 -1 -1 -1 37193 -1 -1 -1 -1 -1 -1 -1 60239 16560 -1 45175 -1 -1 -1 -1 -1 -1 -1 -1 -1 -1 -1 -1 -1 38509 -1 -1 -1 -1 -1 -1 -1 -1 -1 -1 -1 8809 -1 -1 -1 -1 31804 -1 42836 -1 -1 21325 -1 -1 -1 22726 -1 47505 -1 -1 -1 -1 41482 49118 24836 -1 -1 -1 -1 42297 5102 -1 -1 34731 -1 10675 -1 -1 -1 -1 -1 63091 840 -1 -1 -1 -1 -1 -1 -1 25494 54606 -1 -1 -1 -1 -1 11177 -1 -1 28955 -1 2828 -1 -1 -1 47739 -1 -1 -1 -1 -1 -1 -1 -1 -1 -1 -1 34458 -1 -1 -1 61176 -1 -1 -1 -1 -1 -1 -1 -1 -1 -1 -1 -1 49553 -1 -1 -1 -1 -1 -1 -1 -1 -1 -1 -1 -1 -1 -1 -1 25035 -1 -1 59535 -1 -1 -1 -1 -1 64055 8640 47947 -1 -1 21164 -1 -1 -1 -1 -1 -1 -1 -1 -1 -1 -1 -1 -1 -1 -1 39927 28415 55720 -1 -1 30233 -1 -1 -1 32901 -1 -1 -1 -1 -1 -1 -1 -1 25108 -1 -1 -1 8141 -1 -1 -1 -1 -1 -1 26938 30081 -1 -1 -1 -1 -1 -1 -1 20519 -1 64174 -1 -1 -1 -1 -1 -1 -1 1536 -1 -1 -1 -1 38525 -1 -1 -1 -1 -1 -1 -1 -1 -1 -1 39071 -1 -1 62064 -1 21253 50833 -1 -1 -1 58668 -1 -1 -1 -1 -1 -1 -1 -1 -1 -1 -1 -1 -1 -1 -1 -1 -1 55819 -1 63338 -1 -1 -1 -1 -1 -1 -1 -1 -1 -1 -1 -1 -1 -1 28675 -1 -1 -1 -1 -1 -1 -1 -1 -1 -1 -1 30982 -1 -1 -1 -1 -1 -1 -1 -1 -1 -1 -1 53028 -1 9587 -1 -1 -1 52448 63024 -1 -1 -1 12309 62113 -1 47285 -1 -1 -1 2401 -1 60595 -1 -1 18149 -1 -1 -1 -1 43785 -1 -1 -1 -1 -1 -1 -1 -1 -1 -1 -1 -1 -1 -1 3588 -1 -1 -1 -1 -1 33328 -1 4749 -1 -1 -1 -1 -1 -1 -1 -1 -1 -1 33643 -1 41706 41937 -1 -1 -1 -1 -1 40056 -1 -1 52548 -1 -1 -1 -1 -1 46562 -1 -1 -1 -1 -1 -1 -1 -1 -1 -1 44974 -1 -1 -1 -1 -1 -1 -1 -1 55941 -1 -1 -1 -1 -1 -1 -1 -1 -1 17440 34407 -1 -1 -1 -1 -1 -1 3062 35406 -1 -1 -1 63764 -1 -1 13759 -1 -1 -1 -1 -1 -1 -1 -1 -1 -1 41392 -1 -1 -1 -1 -1 -1 -1 -1 -1 -1 -1 8133 -1 -1 -1 -1 37661 -1 -1 -1 -1 -1 -1 -1 -1 -1 -1 -1 -1 -1 -1 30010 44990 -1 11896 -1 -1 -1
5
1 287 0 58 9
0 19 8 305 0
1 10 4 466 0
1 22 8 326 5
1 447 13 416 15
