500 2000
176 154
236 433
225 378
465 410
60 226
322 22
160 274
136 63
219 302
38 24
112 160
357 92
452 416
77 143
367 332
423 152
182 187
216 283
487 184
171 75
389 279
328 281
387 467
257 482
74 360
14 397
383 28
499 207
303 201
81 143
376 231
179 22
399 285
201 111
144 400
190 312
343 207
144 381
198 147
337 49
324 439
275 277
196 296
33 316
63 448
1 108
288 29
498 337
325 382
456 130
47 238
309 57
24 45
431 448
414 473
25 444
174 205
151 377
182 404
366 247
306 37
12 380
199 27
184 397
454 131
330 239
359 191
457 132
58 134
304 43
90 22
213 347
180 481
478 225
262 98
478 315
257 477
434 314
299 224
217 363
203 462
138 374
120 452
455 300
102 325
296 172
0 270
204 170
220 116
242 77
360 235
285 380
272 464
117 21
167 262
129 266
236 24
301 414
112 499
305 5
128 469
185 234
342 477
247 362
87 172
7 192
229 248
181 168
186 117
126 253
192 225
337 229
284 235
270 84
4 383
46 314
420 334
259 215
198 9
185 61
419 401
190 23
52 200
42 373
172 144
135 380
128 453
374 82
51 480
28 239
385 246
339 363
313 457
365 374
95 216
37 461
416 405
187 64
9 65
373 269
364 462
237 350
40 472
385 57
234 356
268 370
348 428
237 411
281 67
70 151
237 14
117 196
341 324
79 426
319 282
206 92
360 344
219 100
102 348
313 115
229 407
232 370
319 340
272 189
89 100
174 369
77 473
214 96
47 143
199 331
127 263
463 223
103 325
124 107
298 361
478 173
109 32
282 250
97 310
207 321
279 491
131 494
103 460
245 452
348 399
483 47
33 276
31 336
330 24
159 475
55 95
306 268
225 251
73 188
219 279
402 277
329 108
273 399
455 495
465 459
282 182
90 4
399 121
300 404
410 401
301 120
271 273
429 153
263 133
300 248
457 445
301 258
414 325
401 26
105 156
368 325
365 105
243 109
142 97
467 412
166 428
104 459
7 411
334 22
223 239
420 33
335 458
124 273
469 89
187 347
465 197
69 127
74 437
32 229
464 144
481 1
179 296
46 150
355 93
373 275
38 438
132 104
57 447
269 153
137 136
217 275
227 434
165 204
17 199
36 216
186 325
410 140
102 424
105 433
263 9
408 92
92 460
194 408
195 476
121 204
476 191
125 456
23 166
57 254
112 89
66 291
188 131
348 247
9 348
397 24
89 324
312 262
469 429
333 376
443 424
151 283
145 216
303 245
334 10
139 32
489 38
269 471
272 347
212 192
278 194
34 38
172 393
246 105
276 420
126 494
240 433
106 164
306 179
497 246
179 129
397 121
394 362
330 419
249 138
481 85
449 213
284 120
369 142
228 380
75 100
109 304
30 198
253 400
428 362
331 40
121 302
228 66
234 403
232 463
178 469
228 397
30 315
287 74
128 190
406 497
171 361
223 100
59 290
154 445
64 273
373 160
79 1
435 123
297 366
357 145
118 241
107 434
330 312
120 69
19 308
119 234
86 139
339 75
176 343
391 319
385 308
348 340
7 8
19 20
109 451
414 27
248 141
68 183
176 475
317 489
377 100
43 370
224 55
220 247
393 158
375 281
354 28
295 84
399 236
398 412
207 176
326 347
326 397
55 307
201 445
277 4
355 228
494 477
23 329
191 288
296 133
95 328
400 439
337 132
415 47
113 255
406 342
306 54
84 480
166 151
274 289
184 455
321 333
179 368
79 93
408 228
223 305
74 426
162 252
213 267
423 16
256 482
238 253
114 189
52 74
244 250
411 451
239 76
290 41
430 464
348 498
461 264
33 196
270 427
464 169
210 88
131 392
280 123
370 470
252 325
471 276
162 479
294 96
130 169
186 370
143 177
106 348
260 284
145 310
337 284
235 458
300 126
110 429
495 166
430 345
288 90
191 321
274 21
198 498
142 199
337 331
18 172
3 456
361 131
440 63
412 352
187 103
45 458
204 231
157 291
215 11
421 256
139 442
494 152
446 452
250 276
228 45
369 395
168 274
446 377
294 355
88 81
423 340
119 447
217 336
491 252
41 78
120 338
384 496
266 32
447 298
101 322
171 469
118 111
125 11
3 225
469 257
289 354
331 173
208 332
343 254
292 158
496 68
230 261
356 83
46 48
434 218
404 231
339 119
209 442
129 48
471 33
89 361
462 185
29 445
344 185
26 438
227 207
458 429
301 69
494 20
240 369
291 211
165 351
163 445
247 216
406 305
225 330
285 312
273 214
259 184
422 23
231 190
9 339
242 220
258 103
463 213
349 499
383 368
487 486
174 313
408 320
286 124
430 365
493 449
464 33
4 19
424 83
122 423
62 98
202 265
139 161
63 341
424 425
440 419
343 270
100 202
124 454
349 312
95 6
266 350
496 338
199 116
468 231
419 397
145 334
492 21
56 440
313 83
292 10
458 497
237 469
117 416
304 264
415 378
39 100
291 36
426 436
101 76
69 143
166 468
11 101
249 187
293 337
38 314
206 62
350 352
487 384
186 19
172 380
259 137
498 341
233 412
427 18
367 183
253 396
235 65
157 485
174 65
63 209
140 355
348 231
211 46
445 311
409 74
433 66
228 198
63 314
348 97
160 70
9 473
302 34
116 214
492 192
374 34
118 100
169 167
141 477
160 352
498 61
24 313
476 166
198 443
62 209
198 250
418 198
199 91
416 324
343 187
470 420
241 329
238 418
105 191
457 172
210 380
159 496
36 77
41 333
355 348
490 7
347 110
0 491
207 445
111 498
337 394
383 48
175 50
61 105
224 293
238 245
426 33
110 376
208 69
431 261
381 456
47 485
334 377
98 409
427 286
243 107
54 188
438 415
261 442
344 418
471 264
137 170
213 58
194 432
259 114
382 274
311 62
261 312
401 323
458 308
382 153
129 176
11 171
167 305
236 82
120 443
249 360
366 236
177 362
435 46
94 472
97 423
30 255
98 459
422 88
73 76
462 452
335 208
4 310
33 205
434 193
447 284
70 118
356 9
415 380
74 198
138 119
353 84
246 274
337 380
132 28
369 8
220 32
103 484
57 471
125 465
92 326
435 239
222 95
246 59
425 204
388 262
79 107
210 474
389 484
340 242
58 313
473 391
307 456
101 421
389 13
190 257
156 229
321 123
183 480
109 407
302 291
346 43
328 164
134 47
139 355
298 185
166 103
466 39
359 455
232 54
220 384
273 121
393 83
216 358
411 227
391 12
164 427
64 486
408 141
457 185
202 426
17 165
288 265
429 377
478 100
288 28
376 295
473 24
39 161
491 382
467 23
289 33
184 330
471 494
386 184
482 24
82 375
397 241
306 112
412 387
41 91
163 265
89 218
343 290
178 59
409 30
363 159
77 34
423 163
53 418
51 158
111 365
317 217
156 18
415 421
371 129
400 147
406 368
193 174
275 53
235 378
363 480
158 363
188 344
67 389
147 268
184 254
378 12
176 298
76 216
165 423
213 381
183 250
320 208
415 379
151 186
201 371
107 193
425 172
245 167
356 166
44 33
103 77
231 15
383 411
283 469
446 298
470 255
260 16
373 129
407 76
64 53
213 459
352 55
473 44
280 369
371 12
480 195
124 354
235 216
234 68
134 108
182 216
202 300
95 224
224 346
336 65
25 396
207 297
423 381
54 459
51 107
487 204
188 433
380 269
238 214
499 139
57 54
206 51
94 462
437 371
273 361
456 413
466 180
126 471
456 320
202 49
56 232
298 10
45 461
326 233
126 301
156 288
430 61
341 141
491 6
212 457
351 95
32 59
421 484
262 299
207 360
121 101
393 184
204 252
7 0
341 77
102 484
180 188
457 277
461 373
105 364
116 485
471 306
54 320
82 318
352 272
449 262
61 209
131 6
191 141
496 95
255 197
45 323
466 371
462 365
378 100
38 65
30 331
331 153
355 338
17 328
168 486
222 82
465 73
167 119
292 7
338 156
124 440
407 71
199 144
280 393
194 110
347 387
344 328
149 278
409 80
281 306
360 144
24 433
421 265
264 416
374 85
261 117
234 4
302 356
105 96
447 161
420 162
127 391
347 105
211 16
115 270
298 265
176 347
108 252
152 173
119 398
7 223
284 16
269 353
352 256
117 255
377 54
67 118
187 298
403 458
298 494
331 382
102 97
354 49
59 337
18 408
459 68
271 408
238 377
248 309
65 45
232 219
355 416
347 435
327 91
451 186
44 462
186 426
67 492
17 159
178 352
405 334
444 153
70 371
49 104
318 356
450 412
16 443
401 243
173 8
272 58
33 63
263 105
329 438
472 259
126 281
204 488
226 197
387 224
218 403
189 354
194 203
316 419
396 51
43 107
109 224
234 224
157 27
311 156
397 36
421 350
170 457
347 161
219 6
368 395
173 39
143 388
229 42
288 484
374 421
100 370
12 376
294 300
338 172
382 111
65 12
319 88
81 272
24 36
440 21
440 136
44 460
50 0
353 357
482 338
447 293
486 155
420 428
191 356
421 117
454 110
340 129
48 63
269 370
242 279
481 439
175 467
309 18
80 36
371 146
484 446
306 296
465 356
35 397
78 230
46 328
280 220
450 395
318 422
448 65
79 353
228 322
384 368
358 390
360 464
67 133
420 386
240 349
22 205
141 253
464 162
292 201
75 30
68 398
132 267
109 36
79 392
294 57
459 11
270 301
256 280
174 238
37 172
63 355
425 268
11 421
162 345
375 101
28 128
399 372
223 31
107 40
377 224
123 103
9 89
404 108
411 495
231 433
95 260
324 421
62 38
145 89
58 314
176 60
110 190
387 303
464 41
311 315
230 359
490 200
101 66
198 150
234 23
375 367
394 421
28 342
120 386
325 229
465 172
189 32
78 299
300 193
461 176
328 104
180 137
410 218
182 266
318 336
68 23
30 448
450 108
434 130
36 403
208 228
270 201
394 380
309 454
321 125
496 442
304 485
249 412
295 121
428 92
381 482
3 247
168 419
111 300
205 78
396 261
66 400
12 143
331 5
458 186
381 222
491 131
447 410
178 176
138 380
197 382
431 197
401 4
0 316
50 399
30 180
393 44
493 22
363 68
96 417
277 187
92 485
421 477
338 472
207 415
417 106
54 84
244 381
196 490
428 403
319 493
202 2
97 400
350 164
299 74
409 293
12 161
348 298
491 437
327 479
158 452
411 317
55 131
139 85
174 130
241 150
399 334
323 493
420 358
78 126
254 385
21 304
159 373
360 32
250 309
173 404
66 465
231 482
203 66
22 437
465 222
425 4
113 239
101 226
153 471
296 377
362 152
316 390
498 240
22 431
313 246
124 181
188 192
45 131
1 467
223 396
334 319
217 135
439 158
46 405
399 257
64 471
239 453
178 440
426 438
110 321
186 450
45 23
146 195
35 66
193 128
306 498
488 325
200 286
344 496
230 308
488 194
295 441
421 25
60 230
125 451
168 183
133 316
142 173
394 248
18 80
379 377
423 290
6 292
31 218
37 400
219 361
246 33
429 300
70 453
326 102
163 453
438 139
56 258
253 425
361 5
415 212
373 317
208 205
186 163
397 150
386 273
69 74
45 116
459 201
248 45
466 32
176 0
118 268
95 66
481 431
256 36
281 78
87 321
470 367
273 188
364 153
400 269
125 488
431 78
261 73
81 214
10 425
380 484
395 51
204 307
191 287
144 294
170 261
428 270
200 301
249 111
331 55
41 177
43 404
40 71
318 120
168 307
490 195
166 442
204 123
278 491
321 272
339 10
183 34
177 236
247 257
155 440
462 315
420 238
13 390
54 13
436 225
456 4
491 106
304 279
321 466
48 190
307 170
173 0
261 27
87 229
184 376
348 362
81 498
70 165
293 100
203 322
431 245
418 147
71 316
353 469
97 273
172 7
493 278
114 372
434 390
385 17
47 106
124 372
361 209
35 429
29 471
161 255
220 199
79 85
74 252
217 391
113 242
327 308
154 414
23 106
7 330
109 185
223 230
149 465
316 384
486 2
351 446
389 343
222 103
137 247
446 461
214 253
171 493
246 426
274 261
459 337
286 113
70 109
486 25
369 167
9 421
96 108
16 74
388 231
2 164
496 405
420 108
236 209
455 85
350 68
281 12
30 163
69 28
431 96
254 447
241 8
254 257
267 306
120 277
430 49
399 11
249 182
268 174
401 294
194 94
267 495
5 472
115 187
426 359
199 32
78 356
1 99
146 351
380 472
411 106
347 474
484 97
456 317
116 96
335 87
465 188
484 363
416 17
81 181
122 65
81 494
490 226
84 90
7 434
70 127
446 300
119 53
366 25
111 18
110 94
99 456
362 484
404 364
13 113
392 212
482 297
34 114
164 437
142 104
403 244
321 369
197 116
121 104
415 490
150 221
482 440
111 122
188 479
380 427
157 126
411 497
477 319
229 263
249 397
89 81
49 265
188 375
489 411
342 43
388 203
201 358
488 21
337 456
300 482
309 0
300 48
19 481
217 339
153 249
54 329
43 368
180 135
176 121
128 276
328 103
301 311
445 92
60 41
200 7
202 429
381 462
457 343
122 427
391 213
139 345
388 0
339 136
207 151
270 300
413 251
159 15
241 180
212 322
104 233
97 107
267 152
91 72
88 376
159 474
234 351
411 167
334 116
87 121
295 206
409 380
321 45
71 14
409 100
134 363
222 457
75 205
65 317
147 11
220 58
15 288
472 115
6 129
361 200
485 27
118 10
495 448
346 164
48 216
211 161
493 108
96 28
480 13
7 353
360 269
382 418
328 330
270 227
125 230
385 450
237 430
205 117
11 139
18 52
381 72
238 462
176 476
217 129
142 296
144 401
5 89
152 336
314 437
473 142
321 4
272 39
391 442
7 348
24 203
181 329
17 149
38 177
166 249
270 225
14 225
407 411
267 426
478 216
267 453
378 187
339 292
351 487
494 404
493 481
89 470
220 109
440 42
68 61
314 192
356 87
414 398
281 92
359 52
121 393
164 60
492 107
85 132
96 187
365 271
374 129
335 392
152 465
122 370
414 490
200 481
431 181
272 407
471 439
153 323
348 62
125 398
15 257
9 137
19 74
236 405
434 406
325 224
206 477
26 193
285 24
495 75
28 189
364 378
37 411
333 28
4 160
250 382
206 130
363 260
464 207
136 299
26 444
344 373
374 26
89 65
112 417
450 17
210 468
282 135
71 244
149 274
309 39
104 316
386 30
444 119
177 454
81 45
357 57
158 44
494 314
458 469
368 342
111 106
356 308
452 212
83 380
114 254
237 412
101 238
186 343
15 168
267 108
165 347
336 132
169 408
97 70
354 446
413 273
261 406
142 474
240 330
207 148
284 183
323 38
451 439
10 235
18 162
166 40
456 256
145 428
117 83
121 132
142 436
443 68
359 244
428 99
417 61
296 137
22 261
419 58
291 438
31 427
215 249
161 407
173 124
154 210
187 367
231 68
302 326
491 291
346 297
129 130
145 42
92 212
151 369
19 35
324 32
138 180
201 16
401 11
176 334
232 72
401 137
403 293
99 335
64 277
469 499
148 51
404 153
259 12
228 173
486 370
94 431
265 5
129 227
486 348
321 296
373 354
213 438
277 287
46 443
311 487
56 291
275 398
252 397
422 156
106 46
237 485
450 147
498 64
331 77
476 310
493 320
250 248
415 446
482 63
89 42
76 173
78 301
20 9
487 297
351 62
132 289
28 168
319 250
63 461
303 128
441 348
446 45
125 105
320 399
455 431
488 499
473 451
259 218
359 346
177 255
280 350
377 19
274 185
281 194
347 208
238 239
452 277
455 342
231 494
2 192
389 233
475 231
155 409
374 79
229 213
288 263
448 380
201 397
135 252
112 459
149 126
368 350
426 229
184 71
39 484
449 443
149 483
21 434
315 335
208 303
126 430
284 434
376 421
366 109
25 192
491 195
487 361
472 263
408 376
491 290
69 19
316 319
5 2
359 200
75 359
68 34
421 315
427 395
497 349
336 229
0 414
394 271
18 73
35 113
180 445
262 331
80 295
77 69
61 226
312 447
147 170
236 412
158 235
297 57
479 305
84 239
113 154
124 121
212 218
275 307
458 80
134 427
360 216
45 214
190 372
277 265
416 151
55 280
143 476
43 178
174 209
84 116
62 58
208 26
392 488
342 134
100 94
189 231
306 190
335 384
482 11
348 244
117 101
404 160
24 390
131 213
214 152
481 486
350 112
321 424
38 226
159 329
285 441
349 481
184 156
463 227
57 344
317 63
394 395
314 200
206 132
222 112
63 311
279 210
7 475
215 147
86 79
223 315
94 130
58 30
307 285
296 408
457 429
499 462
296 284
238 117
46 201
220 422
254 109
167 366
243 250
454 322
185 60
349 134
261 37
326 47
275 429
496 40
1 168
381 236
315 485
71 305
132 172
163 42
127 420
329 42
204 4
270 125
24 474
238 445
40 180
254 193
269 282
303 409
113 135
338 42
252 187
281 465
140 250
351 497
267 364
265 139
207 348
171 414
489 479
425 401
351 323
266 31
71 251
110 263
487 36
375 348
496 410
221 362
284 294
289 238
24 180
436 320
268 212
113 212
2 225
60 299
174 155
421 87
208 157
421 223
58 414
200 219
265 209
445 329
237 327
22 299
306 410
450 235
228 122
144 223
137 322
267 346
382 332
278 311
259 291
319 150
307 394
142 456
330 405
196 267
53 131
245 142
391 316
492 351
410 333
106 476
210 126
91 409
447 250
52 23
226 219
495 60
262 398
481 231
369 236
422 389
147 155
236 423
158 498
157 11
105 224
269 100
416 173
374 195
206 414
220 49
162 423
315 221
191 223
14 117
212 140
418 259
255 403
475 489
167 430
202 336
12 419
22 66
329 154
84 6
362 37
315 306
444 449
479 497
3 328
288 124
180 356
327 476
240 337
189 155
444 197
241 63
78 463
366 387
289 304
445 235
30 444
112 343
480 239
426 25
458 473
109 103
234 391
373 10
104 0
125 331
195 16
87 67
115 226
396 293
38 5
101 264
54 304
157 404
323 118
307 408
11016 -1 -1 -1 -1 -1 -1 40776 -1 45360 -1 -1 -1 -1 -1 22594 -1 57946 -1 -1 -1 -1 -1 51245 -1 -1 -1 55785 -1 -1 -1 -1 -1 -1 -1 -1 -1 -1 23163 14399 -1 -1 -1 -1 -1 -1 -1 -1 51110 -1 -1 -1 58666 -1 -1 -1 -1 7890 -1 22981 -1 -1 -1 -1 -1 -1 -1 -1 3253 -1 -1 4136 22060 -1 -1 -1 45257 -1 -1 -1 -1 -1 -1 -1 -1 -1 -1 -1 -1 62558 -1 -1 -1 1282 -1 -1 55322 -1 -1 27606 -1 -1 -1 -1 -1 -1 -1 44601 -1 -1 -1 17012 -1 40183 -1 -1 -1 27400 -1 39715 -1 -1 -1 -1 53928 -1 -1 -1 -1 -1 -1 -1 -1 -1 -1 -1 50289 -1 -1 -1 -1 56480 -1 -1 -1 -1 -1 -1 -1 -1 50864 -1 -1 28512 -1 -1 -1 50468 -1 -1 -1 -1 -1 -1 29327 -1 31358 -1 -1 -1 -1 -1 -1 41582 -1 -1 -1 -1 -1 -1 -1 -1 -1 -1 -1 -1 -1 -1 -1 15117 -1 38556 -1 -1 -1 -1 -1 41307 -1 -1 -1 48924 -1 -1 -1 -1 -1 -1 -1 -1 -1 -1 -1 32457 259 -1 -1 -1 -1 -1 -1 -1 -1 -1 -1 -1 -1 -1 -1 -1 -1 -1 -1 -1 -1 42333 989 32036 -1 -1 35180 -1 -1 -1 -1 40425 -1 -1 -1 36872 -1 -1 -1 -1 -1 -1 -1 -1 -1 -1 65510 52703 -1 37040 -1 -1 -1 63328 -1 -1 -1 22445 -1 -1 -1 -1 -1 -1 -1 -1 -1 -1 -1 -1 -1 -1 -1 -1 -1 -1 -1 -1 -1 49743 -1 40516 -1 11636 -1 -1 -1 37662 -1 -1 -1 -1 -1 -1 -1 -1 3870 26262 -1 -1 -1 -1 -1 46037 -1 -1 -1 40158 -1 -1 -1 45504 -1 57826 42339 -1 -1 -1 30609 60839 -1 -1 -1 -1 40046 30170 -1 21175 -1 -1 2882 -1 -1 -1 3734 -1 -1 -1 19552 -1 -1 -1 -1 -1 -1 4966 -1 -1 -1 25725 -1 -1 -1 -1 14726 52582 4618 3582 -1 -1 -1 63457 -1 36837 -1 -1 -1 -1 -1 21168 -1 -1 -1 1369 11938 17360 -1 56420 -1 60410 -1 -1 -1 -1 -1 -1 -1 -1 -1 -1 -1 41436 -1 -1 -1 -1 46319 -1 62755 -1 -1 -1 -1 -1 -1 -1 50577 -1 -1 -1 -1 -1 -1 -1 -1 64745 -1 -1 -1 -1 20238 -1 -1 61351 -1 39971 -1 -1 -1 -1 -1 -1 -1 -1 -1 50617 -1 -1 3342 -1 57668 -1 -1 -1 -1 -1 -1 63146 -1 63801 -1 -1 31558 58164 -1 -1 -1 -1 -1 -1 46608 -1 -1 -1 -1 -1 -1 6322 -1 -1 -1 -1 -1 -1 -1 -1 -1 39399 -1 -1 -1 49241 -1 -1 27661 -1
6
1 126 7 275 15
1 443 8 140 4
0 109 9 205 10
1 405 3 292 13
1 282 15 381 8
0 483 13 119 1
