500 2000
16 432
377 53
493 435
208 283
431 249
59 77
438 62
411 111
152 361
201 344
91 351
90 33
312 71
59 43
115 239
125 235
105 304
415 423
255 320
487 394
189 193
402 459
164 299
493 257
357 201
181 398
394 263
391 189
226 111
100 354
96 42
377 415
59 450
284 210
467 215
206 327
483 304
229 130
193 153
75 101
269 334
166 346
270 188
412 238
291 469
234 482
164 301
411 465
199 96
2 375
468 13
480 215
129 104
182 277
343 466
375 406
257 108
415 420
476 288
496 214
301 381
94 13
418 381
392 336
395 424
305 296
459 238
460 344
485 286
81 45
445 136
312 15
278 207
122 211
235 77
180 91
251 12
77 435
347 302
149 388
167 178
343 90
234 47
294 330
161 282
224 305
481 426
420 183
468 192
319 411
442 17
417 43
394 31
370 168
296 159
316 460
325 135
336 465
12 357
226 131
437 417
84 146
149 4
251 71
230 192
136 124
223 182
471 372
300 443
380 322
227 124
123 190
309 327
383 93
489 11
206 281
253 275
207 320
251 63
227 236
70 397
105 251
227 229
417 107
401 435
166 376
66 355
476 62
29 82
472 474
250 207
224 279
1 499
416 331
381 306
172 84
484 395
269 165
201 430
215 28
203 37
326 194
437 441
35 83
183 210
395 56
232 490
299 75
107 365
377 350
199 94
400 249
436 433
333 461
233 128
18 493
455 18
482 98
200 309
160 30
176 451
490 19
367 203
339 268
104 448
173 398
419 262
324 26
433 115
455 161
249 173
311 332
89 273
96 37
383 41
376 102
272 355
389 204
456 99
467 442
485 298
186 379
453 114
46 15
357 438
419 65
80 271
13 447
89 317
456 159
445 234
459 377
388 224
117 403
83 331
477 250
81 114
467 168
10 136
268 177
60 152
75 89
457 314
242 22
285 212
88 130
423 343
415 494
437 207
315 311
419 451
241 8
8 427
89 301
461 75
360 489
456 225
124 445
69 282
491 54
302 170
358 493
451 297
304 300
56 442
275 435
150 399
390 353
239 440
31 436
464 6
201 162
83 350
171 80
419 21
26 451
405 260
254 171
416 274
356 5
366 205
434 233
129 18
228 170
337 235
96 75
136 278
177 465
286 164
385 384
58 216
237 415
41 481
1 315
302 133
436 1
291 130
72 253
337 371
187 235
123 404
497 479
277 400
432 94
38 418
494 46
342 284
395 25
223 428
25 2
11 354
416 75
471 393
385 270
426 58
407 397
114 346
418 355
404 32
308 382
81 209
198 37
429 60
313 288
101 263
325 188
467 224
336 169
263 84
429 153
474 232
451 194
241 452
94 470
181 146
422 161
138 74
127 40
320 313
446 296
369 390
219 109
100 51
133 84
261 459
370 197
272 291
122 398
87 427
362 373
307 220
238 126
468 145
236 156
495 83
84 370
446 291
341 445
27 432
41 255
97 329
158 225
99 432
360 189
269 153
312 301
4 345
332 32
468 444
110 61
495 299
372 35
329 399
362 462
298 316
196 311
292 260
67 249
333 356
97 179
57 230
218 142
399 153
30 494
16 222
279 321
433 183
327 433
230 355
233 475
183 119
254 271
413 322
168 17
319 482
380 109
297 11
72 218
108 462
349 77
316 150
486 138
204 40
436 408
107 331
108 298
209 130
245 202
315 331
432 130
116 426
394 23
430 463
294 411
469 404
0 491
41 282
101 158
164 186
254 109
262 363
412 55
212 68
222 345
303 29
140 246
106 405
208 313
188 487
212 184
284 448
460 295
430 269
189 475
16 313
268 164
104 424
84 15
317 414
262 79
287 499
372 213
214 440
143 172
149 272
242 47
104 52
429 70
178 164
302 442
5 13
29 226
494 393
90 42
316 273
446 84
305 133
339 237
337 448
262 273
375 450
59 299
345 342
228 35
144 196
432 157
280 349
468 482
365 342
240 494
164 55
492 237
165 37
470 438
372 263
465 317
340 140
355 353
77 200
266 248
83 457
495 47
187 43
217 184
100 485
352 131
427 419
264 215
161 47
205 180
476 239
474 26
467 341
185 434
110 425
20 101
360 150
308 490
236 118
206 101
101 17
77 277
229 420
38 325
160 228
286 26
217 20
269 3
449 335
50 327
123 396
382 328
136 57
281 33
21 290
283 361
254 401
204 423
37 341
124 7
71 123
163 90
96 58
290 396
76 498
175 356
421 299
440 52
406 211
454 474
252 39
469 144
204 284
145 422
254 233
418 102
441 457
178 247
152 163
302 309
50 266
365 283
254 357
209 175
401 92
110 19
358 417
214 143
52 328
244 146
46 198
343 129
483 103
495 130
347 429
337 253
158 40
7 495
496 112
191 108
347 292
434 68
454 95
388 461
455 306
213 92
429 115
128 55
209 419
305 206
226 389
306 166
374 253
316 75
223 350
220 311
293 246
380 382
57 322
485 352
176 82
464 466
179 468
171 182
180 38
50 421
104 391
398 187
255 249
309 474
231 394
163 8
185 302
457 436
62 316
396 411
476 64
54 438
310 171
431 222
130 471
315 51
471 429
384 283
361 164
76 0
70 494
59 407
373 227
175 160
463 481
441 13
209 405
439 71
499 158
100 239
132 147
378 285
5 296
157 100
227 318
58 469
414 42
244 446
103 367
465 345
129 374
443 234
328 103
476 408
88 158
254 448
80 428
348 200
28 38
266 167
143 142
285 379
130 152
56 100
277 404
307 66
118 184
105 437
409 393
165 246
128 48
339 148
7 106
188 151
348 93
409 163
482 181
235 48
385 354
5 379
116 237
308 358
44 64
393 330
474 477
55 491
303 408
295 210
225 338
11 467
488 433
410 300
225 148
108 368
115 374
426 204
43 68
205 465
448 360
495 221
304 486
471 173
493 4
495 149
487 211
259 256
295 188
65 115
15 430
463 3
431 78
157 28
397 186
422 341
105 380
207 464
302 470
156 28
300 7
8 203
432 140
376 445
346 368
493 473
309 180
475 433
30 152
372 134
107 496
350 53
336 194
191 487
387 55
388 30
286 216
63 289
279 147
167 168
388 168
2 398
422 203
489 53
378 346
281 244
188 100
135 491
287 170
495 224
231 266
388 10
389 127
474 173
161 388
379 134
461 497
305 267
404 443
254 217
285 420
476 23
215 91
199 418
114 184
118 247
342 289
366 381
472 116
164 191
445 187
393 123
176 340
380 428
416 462
282 83
229 340
438 466
107 349
210 16
306 293
26 202
196 171
42 320
13 388
212 253
431 134
459 403
256 161
434 315
410 196
418 341
213 105
64 92
492 214
136 107
273 182
224 332
113 332
432 12
264 38
450 372
230 361
156 57
263 38
148 182
189 417
232 122
264 119
492 235
433 330
227 395
38 53
457 138
131 36
118 498
206 452
484 289
112 85
251 134
173 403
308 126
20 362
178 79
326 177
153 485
199 386
297 184
380 24
224 195
141 72
262 237
373 402
91 459
129 237
369 467
179 306
4 466
385 364
66 174
452 34
430 209
498 309
105 489
455 220
182 297
285 196
194 209
449 255
366 127
128 118
90 220
249 347
34 291
348 46
94 222
85 151
260 267
295 365
185 286
499 390
385 342
170 139
419 161
237 313
441 137
439 264
106 313
236 358
88 203
122 368
74 363
311 275
385 109
313 43
292 375
308 24
40 261
415 387
338 18
495 53
417 13
92 295
250 154
36 257
256 471
227 268
391 69
314 443
185 336
12 431
342 168
190 277
272 299
332 398
308 66
94 198
264 187
244 82
384 222
180 469
333 303
210 324
207 39
27 21
331 270
143 378
331 53
176 91
206 6
467 253
292 157
299 148
20 104
400 241
497 115
481 83
374 46
85 400
223 83
83 286
156 264
349 388
92 405
135 62
163 46
270 428
173 113
388 68
24 260
24 279
126 123
63 311
238 465
300 279
291 357
339 113
204 409
419 33
87 53
228 76
68 88
173 22
141 494
378 335
93 21
487 345
269 61
307 89
331 306
10 54
91 98
471 404
317 74
216 72
143 473
410 426
96 24
237 350
449 160
134 398
81 426
374 456
295 272
318 128
239 1
414 288
391 258
321 406
319 32
236 27
391 419
303 296
286 266
285 309
172 39
411 201
407 90
201 69
32 117
271 282
173 49
226 88
352 438
180 188
292 485
262 102
14 9
304 191
138 204
485 89
134 450
284 323
246 356
3 216
499 142
368 92
159 70
224 61
264 231
463 286
356 40
171 36
447 157
163 374
80 370
417 212
448 212
43 326
332 144
479 404
376 39
360 122
351 336
308 201
309 262
90 168
260 463
235 379
341 236
465 229
211 482
246 278
341 337
327 183
344 420
59 39
163 428
416 277
308 204
355 393
497 9
289 234
64 276
109 7
437 449
483 383
452 212
250 392
126 439
442 41
23 475
122 1
236 162
335 119
418 174
463 202
300 320
306 104
480 162
346 345
169 408
191 50
296 46
102 148
103 13
360 368
289 138
357 388
95 173
355 394
260 43
422 224
243 241
146 473
327 403
265 291
121 228
17 487
279 286
229 210
285 64
256 485
468 454
349 68
227 150
476 270
30 150
356 442
279 265
21 470
75 342
136 367
240 358
357 142
317 216
310 238
348 329
295 496
361 353
445 368
108 356
156 143
129 332
174 163
161 496
284 49
203 320
48 190
1 111
337 172
336 321
165 336
360 382
247 309
496 411
442 327
202 480
273 131
42 204
447 9
336 112
426 0
399 312
75 304
480 301
287 375
122 332
119 245
478 176
192 417
78 4
314 364
10 330
411 337
289 106
323 30
42 197
132 405
483 465
366 221
306 127
312 160
124 360
185 337
89 399
345 387
470 422
478 3
100 102
177 232
441 399
184 383
89 495
4 264
151 473
434 218
79 53
278 39
105 12
287 445
294 138
370 161
5 436
326 71
220 174
150 279
204 311
16 147
481 11
62 365
138 92
183 304
378 1
197 244
221 19
400 384
388 62
386 132
327 201
268 187
13 89
101 260
297 446
102 401
417 247
269 108
293 314
87 485
345 271
230 341
479 427
3 46
303 393
220 342
413 208
269 335
195 26
212 494
125 353
283 109
120 149
98 465
291 489
102 449
397 341
473 19
337 370
417 266
11 427
426 433
269 220
56 131
91 138
401 83
397 213
471 480
344 350
201 440
387 174
397 422
195 198
121 337
390 62
386 293
159 228
8 15
271 145
183 176
172 56
51 480
265 491
141 488
454 137
20 313
354 41
145 359
488 7
190 263
327 407
61 256
24 464
430 397
405 237
87 366
141 138
233 133
193 482
172 227
86 258
460 482
260 19
418 118
327 392
426 282
429 334
315 248
490 203
478 383
412 69
232 331
96 493
17 302
398 191
416 288
36 149
447 115
188 454
496 342
182 77
317 233
356 59
481 70
442 252
237 499
34 480
459 498
227 431
61 321
394 389
333 63
310 309
334 437
86 313
413 80
283 35
437 407
16 405
187 234
13 445
226 228
387 198
105 286
81 108
461 96
38 215
2 450
325 299
226 138
199 343
228 274
445 428
381 134
218 496
347 177
388 338
431 274
94 27
276 17
344 394
340 128
396 309
234 364
349 106
174 56
66 86
230 95
409 494
89 232
134 306
412 429
319 389
420 479
119 125
132 195
49 61
324 32
92 481
354 288
13 38
272 260
105 178
86 483
222 283
272 333
340 377
27 154
89 87
223 294
13 371
383 144
496 120
421 470
82 276
268 226
163 400
122 228
84 472
152 410
289 176
201 43
263 354
285 94
263 411
310 84
185 137
233 462
370 388
423 104
53 192
311 221
91 136
292 2
345 386
198 303
337 163
148 408
388 67
330 95
187 494
328 365
96 160
191 66
439 53
57 265
24 198
75 154
337 317
229 190
158 143
205 300
336 272
342 290
67 42
358 323
232 336
177 285
228 488
133 449
264 459
80 9
498 331
335 90
211 103
308 412
426 419
202 102
105 465
267 114
41 272
340 445
297 133
421 145
76 313
9 408
363 147
33 447
67 354
308 32
119 104
439 61
23 30
462 223
490 301
229 394
350 313
362 267
32 219
94 18
364 463
451 32
205 358
56 1
492 95
343 491
401 252
1 97
241 133
263 229
334 93
323 209
143 39
305 54
263 13
180 220
216 430
256 167
3 213
68 264
416 375
267 139
22 12
230 400
24 94
73 466
484 391
305 341
323 239
54 244
402 40
489 261
1 261
185 42
6 36
265 214
415 378
318 182
302 111
314 282
420 393
0 330
411 109
315 259
14 287
166 63
392 332
257 121
195 252
181 313
331 58
82 130
439 343
203 364
362 320
104 253
162 205
389 372
209 313
17 467
149 67
496 130
215 299
153 456
13 143
466 428
9 158
401 430
295 271
115 384
169 125
284 439
10 149
269 465
139 343
298 13
329 260
299 18
227 341
72 299
415 343
357 461
436 276
173 19
258 181
454 370
27 51
460 51
205 225
229 93
387 133
239 404
318 471
325 315
199 494
81 123
375 279
96 354
427 81
9 276
155 25
325 145
106 199
108 354
161 32
148 250
279 23
40 425
130 411
183 263
275 4
62 70
246 266
170 439
311 157
437 333
327 102
483 476
74 53
293 497
29 179
216 35
143 74
425 399
330 256
375 138
125 220
468 441
436 249
178 409
400 80
82 327
282 256
207 439
419 401
484 492
381 421
67 407
58 196
300 431
398 313
111 300
475 352
305 153
394 58
137 257
229 321
417 151
310 174
165 348
388 429
300 161
78 284
488 369
383 433
449 390
296 363
493 431
485 152
225 200
423 404
494 281
410 165
227 410
365 157
422 314
378 235
377 384
378 215
306 207
448 137
297 261
183 185
434 454
359 113
263 291
61 88
326 447
152 109
414 263
301 116
147 145
59 236
220 141
495 88
98 221
474 24
488 126
496 35
71 317
99 396
20 475
291 95
249 233
446 168
430 106
461 207
226 414
492 365
427 192
250 300
199 132
215 370
97 453
100 101
403 183
100 410
117 354
291 199
438 210
131 324
177 44
163 263
350 190
381 136
108 403
9 238
32 139
34 448
315 339
26 483
411 317
225 215
438 493
245 0
26 128
400 447
41 16
13 62
37 195
420 119
370 419
135 287
259 413
218 204
407 211
345 385
153 141
268 474
385 282
255 442
6 382
243 154
223 88
451 19
86 56
364 13
110 264
131 76
349 291
474 166
179 195
211 322
120 157
231 187
64 426
342 389
466 125
300 366
110 382
0 372
431 461
86 312
272 123
364 453
355 113
238 413
409 14
233 404
406 295
377 321
35 353
199 208
224 14
340 169
307 73
292 421
422 80
197 83
65 428
261 203
477 3
495 254
120 249
216 410
127 222
133 336
157 191
379 105
317 0
428 205
237 264
14 185
85 325
372 19
256 46
44 89
407 486
124 92
101 423
15 385
198 209
44 200
38 396
399 335
137 317
170 275
159 322
274 186
5 336
170 278
471 84
319 135
196 152
298 263
303 472
113 181
91 13
372 209
264 80
156 376
493 499
119 428
215 271
248 452
313 61
59 285
124 378
342 294
498 213
109 477
60 216
116 288
57 414
168 459
262 349
70 240
285 363
344 143
212 74
269 189
87 418
493 60
353 341
264 123
256 37
127 409
433 109
42 358
10 469
357 32
394 480
306 28
159 160
409 76
436 294
14 411
498 86
467 362
234 400
140 216
11 174
493 331
71 362
61 145
180 447
50 132
479 461
310 258
483 123
451 191
94 42
63 5
142 224
378 429
232 163
45 491
326 63
458 452
101 188
169 24
38 434
163 317
465 361
293 343
467 463
211 57
387 161
259 484
207 45
320 276
170 133
340 415
153 178
26 320
148 321
9 112
238 261
488 4
124 198
238 276
27 128
44 52
220 151
332 119
215 54
259 24
207 369
483 274
488 77
14 437
174 111
246 475
126 90
235 274
232 371
213 440
372 261
196 19
236 401
51 429
67 200
223 272
291 164
182 161
254 439
119 195
59 310
235 152
176 75
24 275
209 20
379 455
489 289
73 425
196 499
448 243
296 115
177 407
53 116
387 163
308 261
197 136
290 267
387 316
412 371
117 380
132 368
221 230
268 235
262 458
426 225
441 460
229 179
56 141
363 195
277 413
357 170
296 396
104 69
284 351
340 416
100 107
235 30
99 332
272 303
62 54
341 413
494 69
111 89
493 276
468 63
356 201
13 372
365 105
219 165
212 433
468 190
194 318
242 395
65 393
312 156
343 53
255 196
325 486
106 455
161 18
227 125
408 444
231 238
415 352
390 272
213 190
4 211
80 20
342 170
490 420
453 444
328 271
27 17
424 337
421 383
255 448
333 300
227 3
255 345
375 366
13 171
176 464
419 104
49 176
107 1
173 251
470 316
352 129
186 231
147 131
299 329
356 196
245 2
221 293
128 77
18 260
20 189
9 15
175 473
377 89
109 410
123 310
71 229
117 401
206 216
423 117
452 90
27 190
101 462
426 345
406 475
461 216
182 349
355 375
122 98
401 470
221 32
429 290
45 351
74 365
328 156
263 486
183 487
491 393
171 404
265 63
240 258
107 438
387 376
164 66
220 31
465 339
201 332
86 94
390 376
276 366
229 310
271 312
8 261
240 30
485 326
422 199
212 143
244 101
8 145
386 316
247 281
458 474
73 299
92 37
61 349
38 323
100 38
155 425
263 191
35 312
153 412
141 20
499 119
492 165
256 208
285 234
55 359
140 152
318 424
378 475
307 330
209 154
381 130
369 260
113 258
307 305
433 10
255 204
183 311
63 424
173 66
57 180
23 229
411 298
299 155
116 474
168 319
107 375
217 431
320 441
319 253
421 46
35 376
7 281
15 437
135 333
183 296
257 294
257 27
99 156
118 464
94 279
281 309
448 143
37 317
141 391
439 70
356 3
153 237
103 152
186 67
229 302
275 134
476 229
144 336
433 36
150 66
95 26
151 468
337 238
267 278
369 306
313 407
251 425
396 65
238 436
106 388
448 436
300 459
347 413
57 359
180 249
60 272
20 365
-1 -1 -1 -1 47261 -1 -1 -1 -1 -1 -1 -1 -1 -1 -1 20226 -1 -1 33606 -1 -1 -1 -1 -1 -1 -1 -1 -1 1294 -1 -1 -1 -1 -1 -1 -1 -1 -1 -1 34129 -1 -1 -1 -1 -1 -1 -1 -1 -1 41865 -1 -1 35864 -1 -1 -1 -1 -1 -1 50561 -1 -1 -1 53054 -1 -1 -1 46138 -1 34186 -1 -1 -1 -1 -1 -1 -1 -1 33486 -1 -1 -1 -1 -1 -1 -1 -1 -1 1085 -1 -1 -1 -1 -1 -1 -1 -1 -1 -1 39872 -1 19452 -1 -1 -1 63803 -1 -1 -1 39622 -1 12022 -1 -1 -1 -1 -1 -1 -1 37761 -1 -1 -1 -1 49532 18029 29003 -1 52735 7463 4793 -1 49594 -1 -1 -1 47132 25408 368 35652 17163 -1 -1 -1 -1 -1 9996 65010 49691 -1 -1 -1 -1 -1 -1 58309 -1 -1 -1 -1 -1 -1 -1 44060 -1 -1 -1 -1 -1 60922 -1 -1 -1 -1 -1 -1 -1 -1 -1 12197 30569 -1 17016 -1 -1 -1 -1 -1 -1 -1 -1 10453 -1 -1 40392 34251 43278 -1 -1 -1 39425 -1 -1 -1 -1 -1 -1 -1 -1 -1 -1 -1 -1 -1 -1 -1 -1 -1 -1 -1 10804 -1 -1 -1 -1 -1 -1 -1 -1 -1 -1 -1 -1 52703 -1 17887 -1 965 51857 -1 -1 43179 -1 -1 -1 -1 23273 48049 -1 -1 -1 -1 -1 -1 -1 -1 -1 -1 -1 12923 -1 -1 -1 4345 40702 -1 -1 -1 11423 -1 -1 17148 -1 -1 -1 -1 27953 -1 -1 -1 -1 -1 -1 -1 -1 -1 14749 -1 -1 -1 -1 -1 -1 -1 -1 42216 -1 -1 -1 -1 -1 -1 -1 -1 -1 -1 -1 -1 62513 -1 5900 -1 -1 16865 -1 -1 46123 50344 -1 -1 -1 -1 26909 -1 37387 -1 -1 -1 -1 16014 13720 -1 48530 -1 -1 -1 -1 -1 -1 57925 -1 -1 -1 41490 -1 6062 1785 -1 -1 -1 36358 -1 -1 9874 -1 -1 -1 15993 26059 -1 -1 -1 -1 -1 45526 -1 19695 6564 -1 -1 -1 -1 -1 -1 -1 -1 -1 -1 -1 64441 -1 59849 -1 -1 -1 -1 -1 42122 46505 -1 57610 29007 -1 -1 -1 -1 -1 -1 -1 -1 -1 -1 -1 -1 -1 -1 -1 -1 -1 -1 -1 -1 -1 -1 -1 -1 -1 -1 -1 -1 35405 -1 -1 -1 -1 -1 -1 1154 50483 -1 -1 -1 -1 -1 -1 -1 -1 903 -1 -1 -1 -1 -1 -1 -1 -1 -1 -1 -1 -1 -1 -1 -1 54153 -1 -1 -1 -1 -1 -1 -1 -1 -1 -1 -1 -1 -1 64321 -1 -1 -1 -1 -1 -1 -1 -1 -1 -1 57519 3976 -1 42632 14829 -1 -1 1031 -1 -1 -1 -1 -1 -1 -1 35617 -1 -1 -1 -1 -1 -1
4
1 114 6 4 6
0 95 8 287 3
1 185 1 139 12
1 311 14 341 9
