500 2000
232 136
184 439
243 197
65 389
297 480
103 175
162 50
362 0
112 363
43 80
366 407
127 432
226 419
242 137
483 381
214 424
64 47
380 39
385 33
438 99
424 84
208 92
280 10
95 244
8 84
109 317
450 432
310 194
307 355
105 275
80 411
58 148
93 429
60 227
442 427
380 109
40 465
223 255
449 432
490 93
13 251
453 371
412 152
238 248
137 145
64 320
428 140
433 265
371 341
141 19
434 259
22 135
81 93
127 133
336 279
489 181
40 288
176 413
194 385
496 322
233 417
24 33
388 343
223 459
67 90
403 434
176 495
390 190
282 225
161 201
393 178
60 378
42 415
363 374
7 279
4 251
128 83
197 194
155 499
79 389
215 54
331 89
5 194
181 398
172 47
265 374
388 391
243 119
307 430
392 277
33 193
276 108
220 90
172 334
354 78
401 334
184 178
5 371
20 364
112 270
78 478
376 40
272 230
286 422
100 138
354 305
320 211
81 200
336 358
203 22
498 182
488 449
247 329
245 310
203 122
237 137
277 163
404 4
59 141
245 41
497 261
499 387
246 344
25 403
318 255
285 143
41 454
82 167
234 163
31 278
297 18
141 209
410 78
325 469
194 379
448 308
447 183
141 114
45 202
328 183
207 258
407 164
458 435
227 106
364 426
183 58
82 122
369 314
90 386
481 386
180 61
460 442
250 217
256 279
363 161
285 154
247 369
139 33
186 495
328 465
206 123
345 280
313 268
202 73
257 445
6 304
5 221
61 87
180 163
116 454
268 328
80 197
296 428
457 275
184 400
150 438
438 332
222 494
257 25
313 217
342 272
92 187
459 118
478 193
268 89
90 421
289 487
243 475
279 325
278 173
139 236
226 427
3 438
296 435
127 85
300 19
462 363
251 193
244 203
9 286
124 66
392 495
68 19
5 265
32 41
208 477
201 418
240 218
388 102
254 346
146 26
164 21
145 2
92 472
395 339
120 249
334 36
10 16
195 290
52 351
152 357
363 356
288 200
299 128
480 420
217 64
343 64
399 22
54 19
415 3
305 122
100 224
200 102
420 329
84 474
175 426
1 494
367 185
376 53
93 292
252 104
221 476
493 425
318 95
181 297
276 367
321 399
370 150
335 61
198 54
144 11
219 84
27 433
20 382
415 468
323 387
30 245
246 80
496 237
409 26
94 397
154 382
12 194
71 81
243 239
47 262
208 143
12 416
403 105
265 286
431 236
81 171
183 427
105 171
478 195
432 324
384 355
478 138
350 409
463 267
450 362
147 23
472 259
323 454
420 493
89 40
423 347
181 3
317 277
402 203
476 73
117 206
69 430
343 292
423 158
154 136
234 383
441 415
477 318
177 310
440 172
427 378
341 11
51 193
62 133
85 295
465 345
291 371
263 176
270 283
335 413
34 121
173 160
371 400
239 430
358 432
248 298
292 336
61 223
405 112
92 112
319 96
25 204
416 115
60 245
195 279
446 485
243 283
288 214
0 328
294 325
196 258
417 145
54 145
394 422
368 359
416 196
337 426
335 408
330 211
293 441
247 113
141 284
366 35
229 420
61 182
282 456
341 277
90 137
239 142
438 304
226 238
305 277
269 177
134 173
55 256
203 417
268 248
18 110
87 12
299 359
110 495
382 243
398 205
307 495
187 344
417 9
77 472
38 46
300 219
378 230
242 78
17 110
21 289
75 95
50 133
422 114
249 7
61 402
51 321
362 42
288 481
467 481
450 198
268 133
459 95
140 165
109 159
470 255
257 60
213 275
8 114
322 127
62 89
70 424
68 206
16 39
116 431
284 480
424 32
442 351
205 472
116 119
75 363
187 295
159 472
433 425
305 410
66 56
487 402
464 28
30 87
461 398
289 442
258 313
98 461
163 422
56 75
258 333
490 327
285 178
441 287
104 286
173 417
394 298
231 126
219 76
77 473
309 82
141 457
148 34
333 343
451 227
323 113
41 19
186 407
302 462
389 482
431 394
112 131
258 458
335 161
353 380
346 269
359 151
218 164
170 36
15 313
273 358
431 327
308 134
497 496
37 169
413 388
255 270
435 92
87 268
225 353
310 297
24 186
139 147
95 225
76 341
196 422
371 256
122 471
69 315
8 85
307 254
66 400
221 187
432 45
435 123
309 297
102 341
73 462
308 390
173 233
162 327
407 100
423 262
471 281
460 490
314 119
133 288
420 470
98 145
427 138
328 283
169 341
182 181
159 12
301 445
156 456
17 317
387 69
245 377
44 63
413 356
124 168
378 135
399 485
285 221
58 315
187 399
148 168
481 211
374 354
438 199
106 189
228 321
478 161
467 369
306 205
392 192
66 197
250 184
298 345
204 274
471 293
84 378
276 67
350 489
227 161
236 405
489 79
351 23
486 363
404 282
309 472
147 80
413 459
275 72
164 170
228 20
44 120
191 104
63 189
24 347
291 57
373 477
228 498
446 140
190 393
259 425
352 469
366 110
299 108
420 180
54 286
286 65
390 117
220 72
81 391
125 248
360 99
86 140
318 242
460 285
4 329
354 126
126 344
306 331
195 96
192 471
371 275
495 385
492 276
79 19
38 258
238 35
30 466
367 108
15 318
44 365
233 295
28 492
396 274
348 190
107 222
103 275
459 74
413 201
175 122
206 296
396 399
213 190
359 132
277 184
14 79
338 498
181 355
498 123
151 8
340 137
211 209
406 113
1 458
108 100
92 497
107 91
299 36
257 233
277 359
466 433
444 398
55 175
48 54
91 19
242 336
140 274
383 144
8 129
199 299
499 467
90 276
318 416
0 433
428 476
484 398
151 247
425 141
377 225
200 237
229 404
58 53
226 213
209 192
40 194
121 409
440 169
393 192
301 336
152 107
411 318
29 238
416 199
445 76
304 331
196 173
315 220
24 418
155 191
197 336
380 204
76 230
135 97
143 209
407 378
35 134
380 95
458 6
326 437
322 355
79 226
145 480
307 480
196 384
363 98
476 415
383 358
212 136
140 343
28 453
396 339
204 203
287 212
494 62
451 255
430 372
284 82
416 36
289 80
24 335
342 466
95 336
296 259
249 135
197 460
118 18
334 440
207 49
442 152
452 294
266 102
381 33
52 484
408 117
284 311
419 192
138 410
99 49
261 118
477 481
229 300
162 410
98 477
73 111
497 349
188 96
163 283
243 464
62 174
456 113
27 496
198 78
413 114
357 389
389 464
381 126
101 319
337 292
352 451
208 359
491 321
37 162
487 262
30 325
150 378
309 361
58 309
255 56
42 354
24 473
473 443
259 287
0 212
133 118
201 348
382 302
400 440
203 243
314 470
463 253
110 467
379 416
102 218
327 18
307 75
45 238
66 403
309 321
222 337
286 386
431 395
315 112
94 172
391 176
99 425
8 40
426 70
281 412
236 423
464 210
440 409
499 363
199 212
270 455
306 382
466 235
75 157
115 404
218 394
460 419
315 487
111 350
62 93
240 232
163 83
18 322
356 65
77 393
483 114
306 272
240 330
305 439
176 368
92 32
260 134
319 86
447 322
349 12
117 150
175 211
318 73
324 238
217 209
243 244
334 134
328 145
469 150
304 498
46 275
281 160
389 158
432 203
393 350
220 409
220 181
106 317
48 331
375 113
240 92
233 256
211 162
187 241
330 179
230 301
446 415
427 381
363 436
446 68
33 482
360 85
482 163
178 436
123 197
81 204
470 142
480 90
115 403
496 397
455 190
175 457
485 294
300 125
447 159
152 488
416 215
48 79
90 458
24 13
388 200
159 261
461 349
20 394
394 164
139 409
22 222
250 160
262 272
214 36
479 15
158 201
483 136
53 206
225 68
398 113
193 413
358 292
75 234
128 148
243 138
440 109
15 466
87 160
115 94
274 342
145 153
441 271
151 271
473 17
142 5
412 78
482 135
142 461
95 40
464 246
42 316
241 300
76 238
494 6
138 230
149 29
319 17
20 14
353 52
384 356
298 283
149 485
147 16
4 480
399 168
165 377
221 81
243 355
56 196
32 82
316 492
7 457
279 122
443 212
214 263
337 314
188 3
351 496
124 164
422 80
161 264
258 177
434 459
138 315
352 199
56 133
275 25
292 288
13 315
469 39
320 208
301 54
68 342
167 304
316 364
192 127
294 245
27 486
84 74
309 42
359 74
46 161
486 435
192 34
126 477
136 169
150 121
156 444
19 67
408 269
118 64
429 382
482 241
407 56
272 8
24 421
359 303
175 53
98 288
416 434
451 65
56 185
477 14
66 262
288 434
13 169
277 226
241 107
357 200
126 59
101 158
401 309
205 494
432 119
350 365
341 257
168 64
329 140
121 297
444 440
186 164
138 228
14 311
163 205
400 431
166 429
402 42
58 435
187 469
23 426
107 425
136 271
487 461
492 59
371 290
17 478
223 458
310 108
141 336
33 146
439 209
129 252
205 290
79 218
115 228
290 388
145 112
160 48
98 453
176 190
221 202
306 46
279 69
142 72
401 418
17 277
183 11
356 244
254 46
241 262
224 399
272 315
476 89
331 285
53 308
397 121
247 287
338 483
101 3
195 419
463 192
384 57
434 175
419 476
205 173
79 243
40 3
2 36
423 283
226 184
383 487
488 386
355 490
386 104
106 208
262 206
20 297
8 157
209 360
335 155
118 93
224 481
369 87
389 355
494 258
192 438
332 367
358 437
234 324
323 382
232 285
325 471
432 272
343 380
419 127
124 458
377 315
459 205
451 497
3 230
243 115
300 180
148 241
427 396
162 163
359 83
72 269
4 165
276 247
418 382
493 220
5 110
13 381
97 332
343 255
184 249
410 57
59 73
289 55
494 81
97 256
437 186
249 493
329 168
143 264
155 174
481 328
359 2
22 201
262 231
222 164
44 494
40 439
282 448
373 145
268 339
329 324
407 359
139 494
459 34
468 136
284 229
274 292
318 438
236 102
158 71
100 39
282 30
493 497
455 332
178 197
417 480
295 341
70 358
262 113
473 480
139 261
227 208
468 336
319 31
93 303
118 195
395 426
351 450
436 433
87 216
202 27
488 481
230 388
143 322
231 460
95 19
456 426
119 106
492 125
116 156
317 7
261 499
494 449
293 31
98 431
338 368
328 134
127 274
445 129
43 208
197 182
458 117
144 224
476 305
405 292
57 161
397 443
293 48
2 90
323 438
321 333
159 307
499 17
114 438
310 466
28 388
377 68
309 57
459 370
397 221
314 258
54 391
474 20
391 433
159 353
152 330
408 445
167 7
304 130
150 187
441 485
3 266
474 332
457 227
184 356
395 272
23 37
214 372
303 423
388 90
89 77
396 239
374 461
198 310
248 145
32 6
23 44
465 408
332 80
331 313
195 12
39 8
314 323
453 11
470 222
152 243
411 368
427 324
336 224
489 390
148 41
425 91
348 92
396 111
464 379
145 140
115 460
481 222
241 151
458 143
324 299
370 246
281 343
431 393
141 279
310 121
242 307
216 39
257 98
434 92
149 26
73 159
355 18
454 97
383 180
358 53
367 372
412 460
341 50
385 150
223 336
385 317
43 400
383 127
129 259
460 462
404 167
90 46
19 470
215 12
143 339
0 47
205 299
440 170
237 93
59 475
493 389
313 484
74 128
331 254
370 26
442 379
285 84
427 490
251 486
262 183
187 436
108 38
277 180
316 365
55 430
154 117
29 339
406 342
268 368
38 55
153 343
63 269
109 98
362 468
498 38
468 373
315 355
200 90
314 43
340 174
144 29
60 85
381 19
262 226
215 31
353 146
400 79
97 176
469 440
310 404
390 225
248 486
498 340
43 0
382 328
493 77
428 391
349 389
328 273
132 73
121 348
126 8
14 419
388 393
24 15
386 131
144 242
329 318
163 88
109 335
193 416
406 8
88 476
373 161
34 338
465 127
352 163
22 279
379 184
0 155
194 105
297 268
339 69
285 59
390 119
371 234
488 85
165 315
2 39
4 379
478 60
378 123
194 140
366 281
494 41
162 342
410 113
293 495
87 289
149 359
8 475
10 447
338 140
15 486
404 201
278 483
155 228
104 416
384 258
229 150
7 246
124 386
73 115
264 446
118 268
254 65
133 328
47 261
484 327
469 281
396 284
457 19
431 342
293 406
201 333
15 456
374 180
349 295
355 457
32 221
414 44
364 7
107 303
58 185
167 413
110 285
292 192
429 493
168 431
89 278
374 410
291 304
317 112
22 359
250 354
80 290
453 220
366 285
111 131
157 282
420 173
26 155
469 289
10 420
56 37
9 228
261 185
479 401
41 186
371 118
13 184
113 214
387 303
391 382
424 422
194 10
370 282
184 94
478 175
143 234
464 267
334 24
49 327
238 261
392 467
358 214
54 234
130 206
244 272
426 80
182 237
275 56
192 200
374 59
275 130
489 178
479 101
220 296
440 395
204 318
100 139
10 62
321 316
232 44
258 238
246 400
40 464
333 81
277 347
201 323
245 185
150 196
372 222
435 252
450 377
42 111
255 256
49 105
101 178
128 153
324 281
418 164
307 293
472 289
120 110
338 499
477 290
150 491
347 62
193 325
431 207
422 499
28 24
143 135
38 119
335 65
276 86
127 468
85 214
392 494
395 147
326 468
18 482
83 232
154 453
335 406
339 102
261 50
296 460
218 254
115 359
54 356
360 469
396 41
217 493
254 402
37 355
47 305
416 44
56 17
69 379
276 42
431 211
369 268
479 345
353 369
161 324
1 209
465 221
260 285
476 176
353 339
331 333
161 395
4 405
479 250
346 123
471 133
139 99
17 146
139 270
307 181
179 495
357 77
486 395
487 252
445 368
11 430
161 348
173 50
153 206
218 443
219 92
36 86
174 77
297 104
410 116
49 199
289 498
367 412
347 240
241 483
450 157
55 10
346 66
3 138
135 233
307 216
260 59
62 309
56 267
375 39
497 342
450 455
168 256
425 419
95 246
15 264
89 111
80 444
92 206
163 335
183 409
343 269
471 172
449 441
177 481
421 366
190 308
5 290
100 195
336 130
244 307
279 282
375 110
292 304
67 16
70 117
349 304
204 395
196 140
443 110
311 278
238 472
261 279
446 361
148 375
270 322
419 222
474 108
312 112
231 104
42 50
132 67
325 407
240 235
205 18
97 130
364 455
379 131
9 16
401 144
80 495
197 413
305 124
352 435
315 177
333 183
199 135
22 236
438 437
29 295
379 130
245 339
68 495
7 473
201 151
169 285
178 476
210 249
359 193
288 121
209 67
81 243
55 491
119 201
20 484
264 52
405 50
205 235
165 85
157 302
64 152
199 158
26 8
482 237
138 342
225 64
424 218
299 377
195 305
407 277
42 33
363 464
104 51
298 362
20 300
379 218
148 270
489 21
437 457
8 95
285 429
456 171
390 173
36 53
214 292
61 133
187 242
197 474
69 396
81 309
493 222
120 196
406 140
276 221
357 489
292 226
470 136
181 385
69 67
142 6
196 170
345 41
372 317
22 86
152 167
413 17
391 462
207 59
460 198
47 45
233 466
258 96
403 171
278 365
461 354
201 82
235 349
332 188
355 284
67 87
134 281
220 305
390 312
3 179
303 45
235 97
473 233
397 67
359 264
259 447
105 144
78 326
189 475
393 223
96 20
198 250
375 117
40 99
280 111
478 137
264 396
249 494
259 491
402 349
440 91
232 196
423 424
401 194
458 9
464 74
303 23
190 388
186 79
105 61
102 301
66 185
407 426
47 57
391 108
17 131
260 23
237 435
496 168
89 72
125 296
100 302
104 312
70 443
383 184
170 68
415 474
37 402
89 114
357 128
446 386
323 42
53 134
103 115
75 171
241 82
372 497
173 286
52 334
283 89
289 253
204 459
33 158
437 372
305 261
446 218
294 49
56 228
100 397
281 301
100 216
409 364
270 318
280 236
476 63
8 478
244 83
5 151
102 134
421 289
167 175
392 114
187 369
439 137
75 434
200 184
150 128
388 409
131 55
264 175
339 407
138 397
176 355
104 190
469 403
459 230
31 310
351 229
196 283
7 49
180 100
218 65
184 35
63 360
228 481
25 442
38 9
275 488
242 360
34 341
320 122
336 334
388 444
144 44
418 118
326 32
195 405
23 116
189 13
150 330
251 421
281 163
277 451
306 429
292 427
265 363
170 489
297 178
91 429
139 365
463 120
401 205
452 254
107 117
78 320
180 328
201 256
250 492
215 281
90 249
67 352
60 0
454 35
269 187
59 160
408 96
126 326
175 74
219 244
238 332
37 268
137 23
270 456
227 417
203 335
381 488
132 289
373 236
353 413
172 398
422 103
381 433
277 201
3 455
337 365
251 293
463 305
196 134
175 87
232 1
280 100
357 121
78 161
259 26
83 370
157 136
338 251
286 318
155 4
221 373
426 479
270 449
300 360
52 91
409 88
6 93
322 397
100 289
498 394
200 74
52 235
490 233
204 201
304 405
324 146
315 339
327 196
159 248
93 130
29 215
136 167
483 108
446 258
195 461
266 333
475 269
471 130
274 64
162 261
6 233
286 145
186 87
122 20
148 18
172 155
91 268
86 467
89 414
59 270
374 328
228 428
269 431
84 48
354 203
464 126
226 306
87 332
331 228
376 475
385 199
454 284
368 328
86 361
265 257
26 464
214 244
489 469
372 72
417 210
457 480
160 495
33 116
216 476
22 442
449 19
46 207
316 74
372 11
230 266
131 375
458 201
355 244
344 296
207 494
246 94
251 133
97 445
76 376
408 475
424 414
139 43
468 248
487 352
442 73
104 304
352 28
325 80
133 192
151 393
273 261
182 262
58 363
270 440
218 454
168 255
245 135
124 180
372 197
307 174
164 287
455 224
264 326
240 227
427 43
76 88
211 492
104 300
46 450
436 278
28 113
39 303
297 232
381 302
499 77
479 40
84 18
11 421
95 176
414 388
104 121
484 144
337 447
290 469
449 22
468 1
185 395
104 307
145 19
412 490
242 152
301 101
489 456
207 84
33 497
475 420
497 202
112 175
281 362
18 283
269 499
64 335
100 196
105 155
287 361
35166 14447 -1 -1 -1 45183 -1 1135 53226 -1 -1 -1 -1 -1 -1 -1 -1 -1 -1 -1 -1 -1 -1 -1 -1 -1 53136 44733 -1 -1 23352 -1 -1 -1 -1 -1 -1 -1 -1 -1 -1 -1 -1 -1 -1 -1 17424 -1 -1 -1 -1 5106 -1 -1 -1 -1 -1 -1 -1 3458 -1 -1 -1 -1 31436 -1 -1 -1 -1 -1 20769 -1 -1 -1 36677 -1 -1 -1 -1 -1 -1 -1 31436 -1 -1 -1 -1 -1 -1 -1 45138 -1 -1 -1 -1 -1 -1 -1 59097 13268 37738 -1 -1 -1 -1 -1 -1 -1 -1 57135 -1 -1 -1 41556 -1 -1 -1 38157 -1 21928 -1 -1 -1 -1 -1 -1 -1 -1 -1 -1 -1 -1 -1 -1 -1 -1 20036 -1 -1 -1 -1 -1 58480 -1 -1 -1 -1 -1 -1 -1 -1 48503 -1 -1 -1 -1 -1 51379 -1 -1 -1 -1 -1 -1 -1 -1 -1 7183 -1 -1 -1 -1 62449 -1 -1 -1 23982 -1 -1 -1 -1 -1 -1 -1 -1 -1 -1 -1 -1 -1 -1 48254 -1 27727 -1 199 -1 33598 -1 56207 -1 -1 -1 -1 -1 -1 -1 -1 -1 -1 -1 -1 -1 -1 41952 -1 -1 -1 -1 -1 -1 -1 -1 -1 45065 -1 -1 -1 -1 -1 -1 -1 -1 -1 -1 -1 -1 -1 -1 -1 52833 -1 -1 -1 -1 -1 -1 -1 -1 -1 -1 -1 -1 -1 -1 45776 -1 42232 64022 -1 48828 -1 -1 -1 -1 -1 -1 57130 -1 -1 -1 -1 38250 -1 -1 -1 -1 -1 -1 -1 -1 -1 12209 24336 -1 -1 -1 -1 -1 -1 45462 -1 -1 -1 -1 -1 -1 -1 -1 -1 38497 24541 -1 -1 -1 -1 -1 26506 -1 -1 -1 -1 -1 -1 -1 47369 30646 20190 -1 -1 -1 55421 -1 -1 27349 -1 -1 -1 -1 -1 40234 -1 -1 62070 -1 -1 -1 -1 -1 -1 -1 -1 -1 50643 -1 -1 -1 -1 -1 -1 -1 18623 31609 -1 -1 -1 16225 -1 -1 -1 8853 233 36992 -1 -1 -1 -1 -1 -1 -1 -1 -1 43953 -1 -1 -1 -1 -1 37354 -1 -1 -1 -1 58635 -1 -1 -1 5418 -1 -1 64971 -1 -1 -1 -1 -1 -1 -1 -1 -1 -1 -1 -1 -1 -1 -1 -1 -1 -1 -1 -1 -1 -1 -1 -1 -1 -1 42140 13722 -1 -1 -1 -1 -1 -1 12646 -1 -1 -1 -1 -1 -1 6581 -1 -1 -1 -1 -1 -1 -1 -1 63362 17774 -1 -1 -1 -1 28528 -1 -1 -1 -1 -1 -1 -1 60885 -1 39174 -1 6190 4853 -1 -1 1880 13237 -1 -1 7768 -1 -1 -1 -1 -1 19556 -1 -1 -1 -1 25075 -1 -1 -1 -1 -1 -1 18068 2629 -1 -1 56103 -1 -1 -1 -1 -1 42122 -1 -1 -1 -1
10
0 436 8 159 0
1 59 3 441 5
1 189 14 202 11
0 302 0 193 13
1 272 7 9 6
1 403 6 394 4
1 153 7 193 11
1 313 6 387 8
0 490 10 101 14
1 369 10 457 13
