500 2000
261 95
255 357
55 338
188 272
10 251
223 138
466 14
102 106
415 197
451 18
21 400
289 165
72 259
325 428
313 364
452 302
255 470
279 293
494 5
269 101
307 298
384 376
100 422
320 467
342 298
130 335
75 70
149 374
350 143
181 199
281 377
409 306
105 229
190 332
482 429
156 442
87 69
475 265
269 145
375 218
58 74
75 275
27 391
118 485
67 147
419 195
354 361
458 201
126 484
60 97
88 439
60 202
387 93
239 32
77 136
461 356
335 364
127 57
495 348
49 472
27 186
110 203
334 469
174 489
356 63
229 311
474 269
230 53
87 227
122 299
496 156
84 279
266 344
115 152
482 105
65 209
70 142
495 466
265 143
289 277
165 149
496 468
21 122
429 64
281 109
473 148
25 2
342 114
271 367
1 6
322 396
134 405
208 48
387 399
225 373
206 292
117 285
293 233
280 82
251 296
110 494
420 265
405 231
283 93
230 94
338 252
36 456
311 179
447 250
176 235
368 82
317 351
411 73
15 275
446 203
125 266
479 432
260 170
151 12
459 77
88 494
275 229
117 359
115 366
426 145
140 272
151 314
393 244
485 377
215 477
247 284
0 356
240 131
294 369
142 176
474 37
404 183
42 478
156 128
85 134
456 245
316 152
75 305
123 476
238 478
290 325
138 373
374 228
155 35
369 371
327 277
38 46
207 416
83 50
480 326
115 443
373 145
64 78
111 386
66 280
337 489
246 167
30 332
62 320
270 443
308 10
366 333
3 351
156 182
197 116
348 356
180 311
327 484
392 337
278 362
68 151
453 420
213 159
238 495
44 461
430 151
463 11
62 204
277 31
127 51
384 478
373 334
48 64
444 366
325 8
24 207
363 231
313 132
330 400
462 458
149 237
374 442
25 397
157 78
200 330
52 241
22 166
29 189
118 229
493 486
402 404
390 290
336 252
73 134
452 239
0 407
111 388
301 466
310 334
80 298
262 200
79 425
374 137
435 51
308 28
493 389
369 43
344 242
422 312
100 447
167 149
338 229
83 430
157 118
337 66
437 158
123 87
331 83
270 71
369 7
443 179
363 121
374 27
112 32
298 48
48 243
24 103
237 492
252 114
342 48
453 199
157 168
431 355
370 152
124 331
131 204
309 76
257 65
89 353
490 477
173 222
59 234
206 346
447 311
336 40
334 319
301 45
105 159
251 250
410 499
284 235
77 67
35 269
46 127
387 457
373 266
30 89
413 452
164 360
91 178
109 130
288 336
31 178
222 153
399 197
327 132
403 388
224 490
43 139
493 436
129 150
21 51
157 281
119 173
425 90
349 336
462 145
95 285
317 402
472 64
151 399
356 164
400 171
398 459
79 431
238 212
138 229
412 300
288 331
404 98
176 262
382 279
426 4
454 481
442 363
43 182
212 14
87 249
156 153
302 427
380 154
315 197
127 190
83 7
100 168
69 352
41 450
122 131
96 374
440 448
89 63
241 485
114 18
44 381
175 324
238 311
155 143
71 14
368 325
494 470
141 324
210 463
28 145
474 116
376 12
487 257
444 38
204 64
99 247
240 146
13 475
372 302
204 115
68 49
221 279
97 93
24 9
114 300
433 355
126 154
247 122
238 208
147 13
52 31
31 467
415 282
173 17
342 323
68 130
112 231
341 367
95 145
284 369
352 217
159 411
71 373
484 285
23 410
173 91
46 155
483 291
355 457
319 408
5 428
281 134
161 428
198 326
299 394
144 490
197 300
398 494
204 343
29 188
144 103
124 56
403 408
380 418
62 38
83 39
428 238
465 251
172 289
332 229
209 295
93 308
114 127
206 218
427 285
473 499
96 429
96 262
169 326
444 148
209 317
299 433
57 260
35 353
2 443
390 375
462 136
461 481
485 265
174 301
298 82
380 342
224 219
315 437
207 490
225 46
439 279
469 225
375 444
318 176
279 212
233 359
341 185
358 397
220 168
109 378
301 22
56 113
380 354
182 321
69 484
406 411
197 417
485 75
74 123
65 4
91 50
136 162
291 323
0 13
332 410
279 430
439 229
30 181
494 96
446 427
367 147
493 394
136 158
263 206
452 188
477 77
220 426
197 356
377 40
20 32
438 218
79 80
150 76
340 385
82 346
488 256
265 422
132 70
329 345
301 202
488 413
145 121
106 471
167 2
485 276
453 231
4 44
9 57
450 221
301 58
173 304
484 333
410 311
355 156
496 404
185 149
316 9
181 433
435 331
480 398
207 230
467 86
3 29
386 204
487 433
414 327
137 86
354 212
32 318
242 321
454 368
357 281
399 379
440 170
116 441
143 286
419 463
278 401
69 464
171 211
55 389
443 240
214 196
333 175
336 34
112 37
205 337
62 67
315 228
124 424
48 468
422 384
119 438
198 190
351 175
488 13
263 175
368 375
296 195
45 263
292 207
57 183
437 87
349 333
238 201
137 241
406 466
408 454
293 323
225 447
371 168
359 9
410 220
15 81
157 166
71 120
457 276
87 216
102 462
259 85
470 277
151 450
446 356
43 317
497 338
164 448
462 111
299 171
495 72
194 51
403 202
3 71
171 174
351 492
270 217
238 1
35 392
474 389
463 154
165 452
148 253
74 23
118 422
55 458
113 250
475 26
367 247
351 145
358 146
123 27
382 236
158 466
37 253
70 284
222 70
345 190
233 224
221 116
268 190
294 466
181 25
486 361
438 129
478 115
222 113
4 160
332 171
475 32
109 435
3 66
378 254
339 65
451 371
54 55
209 379
116 357
252 203
497 294
307 365
470 220
280 208
167 409
347 377
226 318
302 326
357 241
213 306
325 78
415 54
174 104
391 481
241 408
43 487
496 429
366 0
161 138
429 293
226 129
68 188
291 403
410 16
204 153
298 350
472 342
134 415
231 207
213 397
363 140
210 401
96 249
89 398
313 50
348 491
252 320
16 293
141 360
175 79
70 354
67 241
9 224
105 25
305 369
449 156
183 88
245 318
167 163
34 223
50 158
235 169
287 419
458 496
195 98
58 205
372 455
301 457
147 97
148 421
319 449
123 212
91 363
309 255
134 486
49 75
496 254
418 185
2 398
261 256
52 397
311 87
268 448
122 46
299 244
435 308
184 71
13 114
465 405
450 495
8 20
332 461
25 490
270 421
61 100
97 245
2 69
9 150
388 304
105 426
34 16
274 311
488 158
353 324
447 482
373 367
317 165
63 178
293 489
406 348
348 106
55 151
59 390
7 129
266 200
401 6
453 486
105 363
343 489
411 128
192 405
25 321
441 257
272 357
334 18
373 133
97 40
366 463
74 197
73 470
483 236
453 325
87 31
247 55
237 389
431 74
406 400
215 304
384 417
345 30
476 433
465 436
53 178
69 234
243 171
122 164
437 497
58 302
306 201
369 432
419 213
46 236
309 473
220 157
197 20
353 70
388 165
256 29
451 343
127 416
174 154
123 140
212 295
4 499
378 241
496 145
342 110
487 34
388 470
70 345
200 68
196 448
313 247
328 272
376 74
318 443
56 483
484 64
60 95
459 462
13 42
303 374
254 407
411 258
193 276
143 308
214 155
231 140
231 134
322 45
41 304
88 241
230 99
406 9
322 20
24 344
50 194
298 171
424 487
196 34
391 467
281 473
170 32
323 174
394 192
277 72
216 78
198 288
290 424
337 253
131 191
315 167
418 420
333 72
488 426
55 386
457 114
434 203
59 264
54 132
176 420
171 388
72 226
90 498
107 201
125 303
230 232
382 361
465 236
0 490
63 443
487 460
402 8
321 262
272 219
411 207
96 6
402 384
68 362
264 328
280 71
249 389
51 273
289 242
108 462
272 349
46 375
6 44
291 190
449 9
171 351
182 283
427 168
241 302
1 266
214 240
73 264
312 263
241 372
410 120
75 212
273 315
119 290
265 270
442 291
11 49
485 201
70 180
132 142
178 456
491 88
130 478
261 6
490 128
410 161
24 378
40 182
182 86
26 172
185 495
492 253
456 479
282 484
189 243
73 12
316 17
19 200
236 471
9 161
168 324
224 393
332 468
286 82
54 493
91 480
343 361
493 45
489 451
60 364
109 473
65 470
238 120
68 36
206 294
231 384
397 98
435 131
168 251
218 11
420 403
190 19
127 177
290 169
209 323
110 91
46 129
268 235
452 494
461 202
378 4
369 269
324 288
488 473
357 206
292 126
242 260
269 329
170 72
127 34
127 483
266 79
128 358
56 273
371 68
499 311
119 155
416 177
82 413
176 317
339 322
0 220
399 209
195 372
382 372
1 34
342 250
158 62
25 82
204 286
34 375
424 255
471 69
282 270
29 490
39 15
232 324
22 407
217 320
383 153
342 313
307 19
146 309
216 95
261 388
261 308
288 467
162 106
495 96
90 350
125 470
296 138
473 120
299 181
491 386
150 256
351 54
472 152
380 383
498 167
407 490
128 99
33 381
157 313
4 17
427 341
469 189
101 49
466 289
16 75
169 124
290 409
87 79
398 316
269 402
447 264
325 395
327 158
317 26
362 128
83 397
291 54
137 401
495 399
401 407
366 381
200 60
141 338
379 136
254 493
255 464
496 285
175 452
159 308
54 450
472 360
390 15
261 31
274 378
414 17
427 225
16 308
46 348
450 324
437 9
28 472
181 318
112 78
409 178
45 416
183 242
147 91
369 197
286 48
183 152
480 419
323 486
360 148
319 280
71 44
299 358
259 423
234 177
497 279
94 228
17 490
284 191
431 48
142 429
332 492
79 481
429 449
139 165
31 84
213 165
250 60
288 189
57 19
382 299
145 315
255 334
368 181
270 432
127 487
496 229
221 179
484 26
40 118
331 463
447 81
236 188
310 29
470 438
204 6
295 195
485 396
437 107
214 418
240 11
99 135
47 480
476 45
37 5
434 170
183 400
33 225
273 146
338 459
207 187
334 114
275 326
456 16
490 12
129 309
167 327
456 71
359 305
105 127
313 385
175 49
386 317
201 119
186 161
215 465
412 386
141 228
89 163
185 336
42 145
378 219
487 266
267 393
478 120
215 366
354 194
127 144
458 134
366 140
268 290
370 150
143 190
374 89
117 99
260 284
348 363
12 161
212 30
322 499
131 273
457 467
213 471
307 232
269 429
199 30
425 364
380 207
212 355
410 334
228 223
467 37
455 286
144 133
466 326
14 272
244 195
182 388
218 360
476 20
486 274
282 108
194 157
99 168
484 237
138 166
472 437
24 117
277 328
271 489
69 132
237 276
300 460
285 70
134 417
96 93
0 263
456 438
288 126
182 57
207 334
70 317
304 296
419 202
373 379
459 118
491 157
24 383
12 366
460 353
366 496
342 90
165 318
356 496
177 261
348 215
95 269
413 285
187 193
465 62
446 325
7 471
111 4
249 3
232 481
259 470
402 411
319 121
229 355
36 475
360 7
435 156
122 181
444 109
59 360
237 211
456 92
299 330
332 189
335 172
308 54
417 490
57 334
196 2
112 488
115 36
110 130
426 363
459 424
338 10
297 349
36 249
371 365
353 137
320 254
32 17
272 403
286 98
81 253
142 166
6 418
279 448
494 115
105 104
85 281
346 137
126 8
23 264
95 338
124 374
230 205
18 492
343 305
249 304
211 346
170 213
168 20
203 376
157 398
267 123
470 50
484 146
266 172
107 146
243 215
389 115
117 433
394 356
205 400
39 250
277 14
389 186
164 251
416 208
130 125
35 476
385 83
92 293
325 256
196 401
394 191
36 466
152 54
208 399
209 424
50 32
370 363
3 307
493 131
90 43
250 489
252 22
296 30
119 426
65 434
322 96
181 8
418 445
143 12
83 446
478 465
345 198
494 256
411 361
143 58
7 241
108 173
219 387
139 0
44 94
179 62
260 430
487 129
332 249
250 199
435 458
469 220
144 246
467 400
190 73
258 469
340 152
80 264
273 196
291 20
254 155
381 423
221 284
342 447
129 225
178 455
256 0
324 266
25 471
163 315
111 225
114 213
382 395
275 480
232 354
98 443
18 234
497 156
337 6
5 392
459 194
405 131
3 99
416 318
49 459
225 424
180 338
19 105
362 484
329 447
266 64
144 40
188 477
340 221
313 209
32 128
368 234
52 171
341 51
363 408
110 380
155 271
219 73
56 255
263 193
75 493
45 318
494 280
490 328
358 24
273 383
185 293
40 268
260 210
76 425
107 205
144 22
68 32
381 190
12 398
419 285
245 32
223 430
324 452
188 317
169 207
140 489
434 492
186 335
471 464
227 291
461 183
214 125
22 148
394 180
406 88
159 280
345 139
136 20
189 340
327 466
353 272
170 301
123 101
26 472
70 134
420 482
451 229
255 52
410 123
452 475
83 312
345 323
176 145
464 77
1 236
247 38
247 417
71 453
139 130
83 153
8 271
379 492
244 294
147 141
416 432
215 60
343 181
488 174
378 230
42 489
472 154
340 352
348 25
237 181
228 82
449 427
344 231
292 94
225 31
159 210
441 459
267 46
189 26
172 248
332 487
475 79
175 123
219 487
446 414
325 39
181 377
275 95
31 377
485 467
391 162
415 398
158 164
193 434
319 448
97 337
66 61
458 111
433 292
447 492
4 232
256 275
28 419
354 92
428 84
130 101
499 450
242 255
287 52
157 407
217 93
498 100
376 65
452 172
67 472
322 100
198 412
193 450
255 392
243 107
32 62
378 172
25 109
114 490
428 392
141 280
429 136
269 374
25 404
428 163
208 283
34 87
458 57
299 312
396 236
436 13
364 50
485 259
151 400
309 70
249 193
407 202
42 263
86 304
285 375
70 381
307 213
234 266
341 61
419 394
426 140
234 256
285 404
116 190
192 35
126 153
228 172
338 420
213 371
315 233
251 205
154 263
199 11
136 249
479 282
398 475
100 468
488 273
474 462
288 446
287 168
383 229
342 281
281 117
251 75
300 337
388 231
395 418
358 482
141 301
434 308
409 315
145 40
411 334
15 364
159 140
330 145
128 182
25 379
277 112
40 451
373 293
339 117
421 431
16 177
31 190
184 390
154 11
162 169
492 394
440 228
434 359
111 398
259 424
238 145
211 53
92 473
426 113
283 103
378 140
377 369
497 202
340 489
70 465
362 100
404 244
493 144
391 355
497 411
122 139
112 468
424 3
82 156
71 134
271 68
132 383
378 101
230 133
328 305
6 318
487 468
61 167
9 349
297 128
366 401
477 248
56 93
240 388
35 198
374 350
423 487
60 382
69 201
269 155
226 47
116 392
272 6
373 424
176 402
58 114
212 494
44 233
133 266
487 407
363 64
419 305
34 220
151 214
478 391
264 467
220 286
305 65
458 278
335 489
415 101
198 489
265 327
9 443
305 473
42 475
350 251
284 287
217 464
164 160
138 408
207 366
201 34
249 269
232 24
301 297
219 496
174 193
432 207
42 343
8 316
83 410
2 490
13 283
413 308
324 453
397 458
77 427
46 300
468 479
281 63
264 259
436 132
204 89
364 344
292 97
271 340
122 301
284 275
338 375
387 499
43 59
2 450
149 342
218 57
400 75
401 142
487 192
214 124
230 178
123 305
167 414
166 319
158 280
104 320
488 346
42 19
361 493
34 322
35 435
389 376
444 445
356 200
287 386
132 17
485 356
281 453
90 423
138 376
340 30
16 391
82 402
306 497
111 353
203 277
301 118
274 359
234 259
343 459
283 234
232 442
368 478
47 40
204 171
59 182
258 56
187 321
401 337
24 302
318 9
301 207
376 415
40 466
67 85
365 372
184 166
68 19
125 204
105 155
47 439
187 242
56 479
226 487
486 437
316 385
240 437
311 485
288 419
351 453
325 336
22 329
150 68
348 313
352 292
465 249
110 297
220 233
122 243
290 331
184 349
480 462
233 466
202 164
338 410
438 284
404 332
440 337
411 200
392 185
412 16
60 436
280 118
407 266
138 375
116 445
412 166
457 496
299 295
383 66
348 218
116 431
227 166
296 82
215 271
255 269
443 30
405 32
375 66
408 407
208 282
390 22
72 34
357 120
227 439
190 88
489 161
406 496
77 212
133 95
458 133
274 187
211 438
252 20
426 203
191 30
13 198
382 472
23 8
218 155
70 95
153 482
397 386
289 30
14 237
471 320
114 57
198 33
42 22
435 58
323 45
75 104
25 487
485 283
298 320
8 26
284 107
278 11
318 349
334 370
351 144
110 4
210 171
243 296
66 327
68 12
316 310
120 444
376 25
167 115
499 436
160 375
236 240
298 223
375 214
85 282
191 39
118 145
463 7
269 336
137 307
436 383
125 56
464 201
92 44
115 498
453 379
461 23
133 430
470 336
384 297
446 335
2 300
277 157
74 460
169 252
99 243
304 484
25 78
464 108
359 88
317 345
50 65
352 384
33 290
255 308
90 380
448 381
71 61
217 157
255 213
429 126
483 43
259 465
344 395
323 158
441 311
77 135
425 159
228 370
246 414
136 110
466 265
387 22
386 441
375 187
456 38
161 315
339 400
341 225
65 338
251 260
134 72
116 296
30 366
65 450
212 132
137 490
156 159
153 93
285 52
422 72
377 358
406 115
277 109
381 157
436 374
311 270
87 162
430 349
212 214
263 310
42 400
329 382
338 412
15 396
437 264
84 253
292 230
427 416
345 128
445 112
289 415
111 41
463 187
220 280
273 322
283 317
301 494
329 270
495 462
320 266
365 62
2 129
307 195
1 54
69 213
173 278
316 396
452 298
1 78
319 93
27 401
247 43
252 44
36 54
322 388
119 13
433 196
488 278
50 67
16 130
442 385
50 238
407 265
425 332
64 307
24 260
476 164
387 141
435 290
97 492
85 215
163 349
7 255
362 359
17 438
120 381
173 430
393 318
163 439
83 103
321 358
313 411
239 56
403 179
260 488
230 386
326 408
78 84
207 197
483 27
178 49
159 258
75 134
5 274
378 42
133 204
183 87
15 444
467 161
435 429
46 256
405 327
136 206
465 430
119 151
424 376
390 491
448 68
160 406
405 201
312 120
148 416
486 340
448 357
223 56
324 293
117 257
-1 34461 -1 -1 -1 -1 -1 -1 -1 -1 27203 -1 21819 -1 -1 65369 -1 -1 -1 -1 -1 -1 23228 -1 34935 -1 46749 -1 37863 -1 7801 57553 -1 -1 -1 -1 -1 -1 -1 -1 -1 -1 -1 -1 -1 -1 -1 -1 -1 -1 51588 -1 -1 61289 -1 16269 -1 49843 -1 -1 -1 -1 -1 -1 -1 -1 -1 -1 2714 -1 -1 -1 -1 13516 -1 -1 -1 -1 50321 -1 -1 -1 18766 -1 -1 -1 -1 -1 -1 -1 -1 -1 -1 -1 -1 -1 21527 -1 -1 -1 -1 33366 -1 -1 -1 11525 15372 -1 -1 45093 3333 63776 56302 -1 -1 -1 1300 -1 -1 48865 -1 -1 -1 -1 5867 -1 45690 -1 -1 16996 -1 -1 -1 -1 -1 -1 27666 -1 -1 20741 -1 -1 -1 48426 -1 -1 -1 23182 -1 -1 -1 -1 -1 -1 16741 20669 -1 58226 51497 -1 -1 -1 -1 -1 -1 -1 48959 -1 -1 -1 -1 -1 -1 -1 -1 -1 -1 -1 47218 -1 7864 33933 -1 -1 -1 -1 -1 -1 -1 32634 -1 -1 -1 -1 32470 -1 -1 -1 -1 -1 -1 -1 -1 42176 -1 -1 -1 -1 -1 -1 -1 3542 -1 -1 -1 -1 -1 -1 22375 -1 -1 -1 -1 -1 -1 -1 -1 62342 -1 -1 -1 -1 -1 -1 -1 -1 -1 -1 -1 -1 -1 -1 -1 -1 -1 -1 -1 -1 -1 -1 -1 -1 -1 -1 -1 -1 -1 -1 -1 -1 -1 38749 -1 -1 -1 18374 -1 -1 -1 -1 17125 -1 -1 46091 -1 -1 -1 -1 43802 -1 -1 -1 36237 62684 -1 -1 -1 64803 8900 -1 7295 -1 -1 -1 -1 -1 -1 -1 -1 42956 -1 -1 13136 -1 -1 -1 60015 -1 -1 -1 -1 -1 -1 -1 -1 23506 55006 -1 -1 -1 -1 -1 -1 -1 38194 -1 -1 -1 11568 -1 -1 47329 -1 -1 -1 -1 -1 -1 -1 -1 4560 -1 -1 -1 -1 -1 -1 5085 -1 -1 -1 45911 -1 -1 -1 -1 -1 -1 -1 -1 -1 -1 -1 -1 -1 34023 33778 -1 -1 -1 -1 -1 -1 -1 -1 -1 -1 -1 -1 -1 -1 17106 -1 -1 -1 -1 -1 -1 -1 -1 -1 -1 7183 -1 -1 -1 -1 -1 -1 -1 49962 -1 -1 -1 -1 14294 29890 -1 -1 -1 -1 3978 -1 -1 -1 -1 -1 -1 25830 -1 -1 -1 -1 -1 -1 62149 37537 -1 32823 -1 -1 -1 -1 -1 -1 -1 29690 -1 -1 49323 12147 34508 -1 -1 -1 -1 -1 -1 -1 -1 -1 24426 -1 -1 -1 -1 -1 -1 -1 -1 60351 -1 2982 -1 -1 -1 -1 -1 -1 -1 -1 -1 59639 -1 8305 28700 16304 23117 -1 -1 -1 -1 -1 -1 24413 -1 -1 -1 -1 -1 -1 -1 -1 -1 -1 -1 -1 -1 -1 18562
4
1 223 5 230 4
1 17 5 124 13
1 107 7 343 3
1 359 6 39 2
