500 2000
102 127
175 245
20 497
399 139
160 385
167 425
116 315
35 462
34 236
236 176
2 252
258 369
163 499
141 445
393 497
111 233
192 369
125 142
281 456
248 147
266 467
333 298
226 320
278 102
114 139
160 39
202 482
96 321
338 275
355 8
307 232
155 414
159 384
2 397
208 469
155 440
378 187
487 334
87 309
164 430
251 202
429 210
252 234
16 97
68 434
367 497
73 397
312 38
17 494
300 456
421 190
363 415
69 223
198 492
82 206
5 201
142 316
344 255
139 388
13 390
83 127
271 208
475 138
133 359
473 420
458 191
23 342
157 62
160 278
495 94
28 387
32 198
296 20
147 33
176 223
85 407
432 310
299 243
9 155
449 60
119 341
468 461
487 118
118 36
222 133
17 400
160 433
435 318
1 166
46 239
37 189
239 232
20 303
18 378
405 214
30 39
469 336
349 312
47 192
338 333
42 479
458 456
11 333
45 131
110 488
418 373
86 198
20 475
30 320
178 45
88 101
463 196
399 401
172 399
136 306
292 300
192 249
95 427
252 271
485 36
305 143
319 109
453 247
281 280
422 209
20 107
147 190
92 105
414 26
128 265
452 375
365 66
57 64
185 158
74 197
145 269
437 212
184 80
224 63
43 114
20 249
451 60
135 41
284 382
428 35
197 468
215 23
257 230
0 443
109 161
211 325
304 257
25 63
492 65
260 114
102 52
14 118
241 153
164 432
17 195
186 459
488 136
201 191
175 494
85 107
496 324
237 113
487 211
116 64
194 320
49 465
479 198
218 226
403 351
220 281
350 435
447 340
3 452
52 173
405 163
171 84
448 410
95 22
64 22
376 90
118 254
29 294
116 303
434 214
72 195
10 291
233 472
400 32
446 38
222 401
95 88
375 233
392 239
451 117
292 30
264 231
241 79
89 442
483 7
197 358
254 442
0 150
489 319
109 224
494 336
477 446
211 358
278 493
396 4
232 18
479 175
202 272
218 273
105 339
499 487
468 351
368 151
289 302
170 125
318 325
292 253
20 98
184 97
250 131
97 147
147 238
2 434
194 397
237 29
0 363
310 206
330 454
213 122
163 396
458 135
331 167
110 228
39 56
20 172
238 256
480 431
305 327
183 466
94 222
162 252
70 125
62 30
222 216
91 130
407 449
423 210
400 328
379 469
468 43
177 170
464 145
140 417
134 457
213 435
324 54
52 101
144 217
240 57
116 156
339 431
451 307
178 217
405 452
313 53
364 460
464 230
467 475
21 69
251 364
357 165
286 239
420 469
35 307
221 106
413 479
417 59
271 207
214 151
246 427
175 342
130 13
197 370
283 269
479 199
56 489
176 318
84 240
159 174
217 25
131 126
63 466
359 169
205 391
84 66
483 448
337 179
12 35
319 420
356 340
210 496
317 143
417 466
366 374
218 443
432 145
52 236
281 470
33 61
440 277
424 301
73 276
129 114
263 33
316 137
214 460
84 451
465 86
346 119
129 251
9 341
3 480
29 162
227 254
296 266
252 116
410 47
399 287
397 330
42 231
242 42
360 163
200 171
427 432
36 171
380 32
270 112
364 397
292 170
237 468
46 117
318 263
270 0
167 492
433 260
378 406
15 51
44 466
369 10
383 257
355 278
15 452
183 121
478 136
416 106
50 113
49 64
238 119
492 60
461 411
487 23
149 136
94 336
217 13
390 495
400 118
30 10
30 428
427 436
397 295
381 327
465 18
221 27
460 303
192 83
242 450
388 177
34 98
150 29
361 269
345 299
333 158
187 480
240 16
395 74
444 435
345 399
240 374
325 405
254 21
306 163
89 147
384 319
275 439
63 398
209 171
41 329
84 49
310 209
98 19
154 301
272 24
25 484
123 52
26 219
365 441
85 79
44 176
144 384
431 477
442 485
118 347
177 482
338 158
193 287
367 405
450 220
267 241
345 126
184 493
352 98
95 422
108 298
202 432
441 386
101 239
465 448
160 308
48 181
180 40
131 466
498 348
450 194
144 318
445 281
441 421
220 327
256 360
251 421
446 17
18 106
96 156
497 455
359 238
196 397
414 381
201 80
440 109
322 200
10 204
460 241
54 65
13 132
139 337
231 88
153 196
436 469
268 48
310 281
144 320
60 310
380 299
266 452
439 176
151 358
10 151
234 22
429 437
215 259
333 143
215 111
37 215
354 272
42 413
460 55
227 332
412 487
63 169
106 45
278 408
49 209
268 299
415 203
322 4
445 230
255 376
465 202
464 158
65 59
60 302
269 444
474 233
456 414
453 288
190 212
476 484
360 393
33 92
460 356
386 420
329 245
344 252
22 21
108 20
122 306
405 257
303 401
348 370
44 400
400 345
406 235
14 485
232 415
298 432
168 419
326 255
262 157
279 395
155 239
161 431
389 443
33 187
47 198
411 174
302 119
172 472
380 210
382 147
361 103
343 409
203 435
241 499
268 443
484 275
414 271
144 49
284 390
17 11
227 404
419 317
435 209
117 43
231 336
459 364
493 19
28 326
473 306
475 67
205 447
185 4
91 253
433 235
438 166
427 294
363 145
235 12
313 47
422 342
494 99
112 279
133 466
276 98
209 462
361 468
18 0
474 15
409 21
370 481
438 301
417 236
2 142
89 452
199 446
478 498
182 58
411 122
268 429
281 153
308 40
109 185
344 354
161 61
127 68
3 352
413 85
382 98
242 54
466 499
188 368
393 211
156 218
476 412
427 82
49 495
265 490
108 380
78 59
70 77
412 328
84 119
31 283
97 41
154 170
345 211
339 353
12 229
319 367
54 10
47 328
490 136
399 254
180 383
63 203
167 94
201 380
222 245
6 467
417 266
241 11
397 477
5 274
344 176
237 375
267 358
77 256
55 8
297 338
319 405
173 356
1 459
371 180
33 462
259 148
331 83
38 184
12 302
447 278
493 484
65 477
431 466
399 55
346 78
319 488
108 132
95 29
295 52
424 369
479 52
453 290
4 200
179 30
73 455
57 330
270 226
142 306
120 249
480 371
148 433
12 116
403 431
379 318
157 183
80 365
14 81
363 391
288 343
313 393
349 187
353 323
466 160
238 444
406 424
463 395
93 496
63 36
255 79
402 237
192 317
390 224
20 233
36 87
223 430
202 439
156 486
267 248
440 170
278 347
215 30
225 187
380 188
116 92
174 296
337 190
27 236
360 418
97 152
80 336
101 469
62 232
112 78
309 417
216 488
344 265
331 182
218 364
209 267
350 476
80 242
95 201
156 224
178 458
46 161
43 408
81 42
369 270
248 104
241 473
282 9
318 494
411 441
337 449
369 373
347 305
448 26
311 190
140 438
154 192
251 338
21 338
103 307
185 444
377 320
196 349
388 215
479 274
209 286
92 392
350 228
364 197
55 273
52 307
229 425
344 66
74 117
405 65
372 211
237 334
171 210
344 416
214 352
496 94
243 185
14 374
206 348
138 201
144 398
276 36
170 113
313 282
126 315
206 271
45 198
76 399
90 476
151 168
316 210
159 236
112 274
468 286
269 453
141 257
402 186
319 417
210 468
136 190
499 24
153 180
166 446
110 437
197 498
448 245
175 181
242 7
413 0
226 376
116 382
401 301
154 238
322 242
376 384
132 481
1 135
69 355
73 240
450 103
242 37
172 102
410 158
282 107
175 85
334 134
106 107
42 127
274 101
132 426
498 90
91 323
47 256
199 310
214 197
199 299
460 125
231 4
352 458
33 177
389 388
216 338
130 446
80 211
15 412
200 155
486 291
91 137
150 253
195 227
224 50
228 158
342 478
456 105
58 320
189 137
118 173
191 493
97 414
38 105
160 272
146 339
158 6
147 72
353 344
360 371
88 236
82 290
190 223
370 39
450 205
474 447
3 396
5 337
256 129
199 82
468 456
186 68
307 418
308 107
225 23
339 333
103 463
225 92
112 84
300 146
60 353
323 26
419 462
88 107
111 485
343 249
3 149
99 53
86 406
453 187
122 359
163 490
419 234
150 164
320 469
451 482
68 17
345 368
309 353
423 25
482 362
203 198
21 313
405 147
165 115
53 57
106 335
441 387
345 108
486 47
371 22
57 434
309 354
55 242
397 54
114 434
271 386
115 4
168 354
461 160
396 354
448 357
82 438
95 167
189 311
209 141
268 224
405 105
415 469
394 184
349 39
24 228
227 83
137 329
240 495
386 427
428 16
144 143
326 64
170 465
475 457
0 200
50 76
381 193
365 178
125 396
129 12
239 22
471 348
436 377
477 461
308 118
188 273
433 417
311 385
318 387
155 277
425 440
199 28
198 315
100 150
119 160
59 367
430 399
380 145
117 10
257 206
378 440
185 409
307 7
231 366
347 2
121 9
259 147
368 291
216 383
129 40
143 291
471 257
404 119
272 482
419 15
407 193
477 145
31 319
442 79
404 95
335 281
342 103
336 140
372 411
126 91
412 84
489 439
445 291
205 449
464 114
402 349
271 225
423 351
336 461
42 487
134 272
40 117
346 458
456 499
30 389
278 477
254 167
52 353
459 359
62 109
241 196
48 442
388 457
244 303
385 74
456 136
284 169
357 300
118 488
179 29
214 230
72 324
178 445
404 353
288 282
338 300
309 435
75 143
98 186
189 264
326 272
170 422
358 42
164 67
148 188
145 268
320 395
287 395
207 232
489 157
123 68
455 43
284 37
51 312
304 215
299 292
323 347
437 494
120 280
249 337
167 289
316 331
354 293
332 432
267 122
485 331
71 319
385 353
216 136
443 464
145 416
120 102
43 16
97 108
83 354
155 469
143 491
489 430
154 0
164 493
146 273
296 264
73 453
256 295
177 287
150 45
477 460
437 201
188 257
228 226
147 399
179 123
171 457
317 269
190 497
245 290
162 376
461 382
42 97
256 161
469 473
343 52
57 187
190 372
102 31
492 348
67 399
443 294
17 206
95 292
10 93
307 390
357 346
111 383
190 222
242 310
446 431
139 331
321 191
281 206
403 220
143 375
295 181
275 327
338 304
234 474
381 487
69 63
205 49
267 184
178 125
37 392
234 40
279 364
128 195
166 232
68 75
148 26
165 264
193 0
436 344
210 319
418 24
195 343
385 295
277 208
186 321
228 258
491 206
475 375
80 137
106 208
293 29
370 263
343 13
202 201
74 414
127 265
208 140
123 110
364 78
43 147
368 307
208 410
331 328
302 229
78 227
199 145
497 415
71 329
189 112
4 159
428 377
138 346
400 474
125 16
211 192
492 168
168 104
181 273
272 367
153 214
17 450
152 223
493 179
436 299
277 367
342 25
139 58
459 299
493 276
288 160
409 54
471 43
489 47
104 109
203 70
462 225
394 415
204 38
5 301
409 118
327 251
193 394
60 328
210 29
461 218
217 253
222 324
214 253
260 487
381 51
253 472
127 336
443 148
287 170
111 75
258 303
208 383
256 120
284 88
112 350
194 301
442 392
336 456
236 246
105 49
445 498
175 42
124 385
48 246
227 328
331 145
120 89
436 413
441 245
138 98
37 262
497 142
411 482
331 344
148 232
39 302
91 300
184 434
27 74
474 441
415 155
9 237
432 112
71 261
98 450
459 311
460 41
305 148
212 238
104 396
162 348
491 220
234 169
157 353
269 158
343 223
263 485
109 260
24 468
496 102
391 287
222 157
223 121
165 324
267 378
187 444
72 435
177 375
230 28
244 440
490 342
320 428
477 134
164 139
300 49
442 491
218 199
443 125
492 467
117 211
253 102
68 301
167 437
103 88
394 72
110 83
367 268
397 389
194 321
256 395
495 56
298 438
101 222
382 186
367 194
488 469
373 277
29 459
11 272
4 37
40 407
468 205
450 101
124 98
268 138
81 204
151 31
393 392
87 83
466 418
305 95
190 478
162 102
338 489
369 155
496 211
322 328
283 88
150 416
108 1
183 159
108 355
392 254
259 50
297 499
16 486
114 294
225 371
195 212
50 215
235 399
1 137
236 160
179 483
40 246
497 250
378 131
207 96
446 399
171 109
339 16
323 60
121 355
305 175
424 99
325 293
444 61
316 184
181 301
323 31
185 428
135 354
285 418
282 245
355 495
453 264
442 61
141 55
454 326
312 340
173 443
336 81
180 392
247 49
1 368
307 21
26 396
493 458
266 433
9 306
340 59
318 354
332 386
391 145
40 490
47 43
73 469
345 267
435 114
221 3
128 43
326 254
193 267
402 261
334 213
108 228
160 301
46 104
32 75
252 272
109 259
200 190
44 69
499 68
197 479
428 319
400 101
240 485
491 380
434 460
19 101
134 302
52 179
89 209
499 97
34 165
304 321
164 46
371 286
255 396
181 49
289 475
117 241
258 375
233 239
423 336
10 149
242 495
284 358
436 407
172 85
12 394
286 12
241 283
47 4
2 199
279 77
41 127
355 221
86 170
211 2
157 395
48 103
202 213
410 92
130 483
401 403
187 214
58 435
137 378
339 207
474 346
26 439
33 446
349 71
396 177
441 370
29 407
432 155
200 377
375 52
163 29
80 423
228 312
416 471
216 484
24 112
328 104
324 392
271 115
182 294
384 36
360 304
120 166
1 210
222 322
378 307
387 419
364 81
472 394
209 149
120 478
471 443
55 236
171 100
450 74
284 455
366 475
407 228
114 348
362 489
5 428
422 18
325 474
211 1
25 226
97 121
144 443
462 357
326 7
496 187
493 153
304 443
360 249
344 43
353 350
163 435
81 468
17 100
274 450
135 391
387 427
172 417
80 73
269 293
120 66
315 90
168 0
307 151
493 383
217 312
255 495
136 76
254 307
74 370
35 189
139 433
74 272
448 374
366 192
300 381
61 179
282 82
480 485
8 395
341 469
364 135
48 282
36 423
497 433
341 479
410 312
3 118
84 234
382 135
141 83
142 223
168 12
462 384
449 40
156 28
395 136
101 165
22 132
450 385
204 55
315 237
197 436
246 362
132 391
70 171
275 37
141 192
70 487
104 111
223 163
80 225
247 424
54 494
226 276
217 303
429 227
388 449
107 93
393 120
460 87
142 117
329 328
44 315
256 209
107 412
304 247
70 394
349 497
492 165
302 461
363 411
230 287
44 135
469 154
203 312
322 347
113 485
147 398
334 379
413 82
437 446
302 172
64 167
28 452
401 20
147 458
442 476
79 440
15 328
407 486
127 90
302 153
172 267
454 357
9 466
301 139
446 163
325 432
307 75
333 188
57 443
49 120
91 76
339 206
86 313
274 206
309 39
402 19
474 386
136 105
366 403
195 469
334 425
257 209
53 419
59 484
75 200
90 173
28 405
394 146
90 274
236 172
453 376
105 24
483 263
114 491
79 396
268 406
352 371
92 346
1 50
397 399
340 241
188 16
344 422
16 278
473 368
268 14
178 355
444 144
436 488
461 8
382 191
52 362
60 332
303 248
23 242
483 36
402 245
249 436
123 250
137 493
380 157
222 297
112 9
50 318
461 467
246 211
467 29
133 124
112 61
21 221
334 325
139 334
90 322
109 388
38 329
123 129
200 315
159 145
278 358
478 359
114 199
384 392
254 375
177 46
11 368
393 244
199 373
114 239
322 306
427 379
41 226
427 56
395 207
100 49
424 268
77 437
429 337
219 306
463 8
474 266
219 51
252 429
263 129
325 257
318 397
489 89
187 230
43 415
421 383
277 98
336 430
354 60
38 53
391 481
82 474
37 89
126 215
6 191
82 126
440 164
186 248
80 79
402 474
375 385
126 12
158 219
462 61
461 493
224 103
286 160
294 258
287 112
404 164
56 164
25 265
336 406
33 211
148 78
227 120
387 420
152 351
147 179
177 181
104 452
340 489
378 80
11 286
412 17
226 470
343 422
48 146
45 73
280 240
201 353
33 113
287 267
208 27
212 405
225 163
360 96
127 496
375 100
306 239
439 340
310 315
238 453
397 280
34 269
435 102
363 54
325 454
460 385
78 303
267 414
90 150
96 396
486 361
276 335
496 45
387 338
22 166
314 446
414 292
105 85
411 103
361 426
313 25
231 128
447 10
134 157
196 5
311 116
87 355
378 417
263 498
309 190
474 251
84 460
466 262
38 212
319 219
483 240
0 182
120 149
167 188
263 104
455 146
312 17
378 413
168 216
321 53
414 62
216 417
82 305
19 79
82 374
496 123
499 202
7 311
75 53
304 91
87 228
39 311
105 76
418 358
60 487
373 347
444 140
363 329
208 463
225 182
64 201
195 8
66 285
340 421
178 460
210 342
5 370
325 191
255 381
321 398
97 275
173 48
142 11
494 211
458 90
419 404
184 79
118 464
256 63
176 297
179 302
358 270
410 442
417 45
152 206
454 324
457 145
340 452
140 100
74 110
404 53
225 179
58 20
439 291
298 98
236 381
490 255
366 112
168 366
85 280
347 398
328 212
426 398
350 217
217 135
435 45
375 409
143 446
3 298
60 24
195 220
163 49
48 9
112 86
258 165
45 415
111 43
119 497
454 243
431 451
233 338
282 128
389 248
469 490
485 321
325 34
286 453
310 218
87 125
21 16
78 4
294 237
59 72
64 187
341 114
19 418
335 447
69 300
408 401
218 35
294 398
131 414
90 86
382 107
219 78
373 80
163 462
56 290
275 171
141 334
362 331
121 466
110 15
362 466
137 19
319 76
433 180
64 206
299 234
146 305
93 474
93 3
358 427
171 176
446 100
29 10
355 194
499 342
314 485
202 388
192 420
442 474
420 122
0 423
45 154
422 109
10 294
259 45
419 202
4 482
468 413
300 114
315 306
224 90
135 369
472 291
368 382
343 280
201 464
148 120
190 278
421 435
467 228
91 366
0 105
152 66
44 199
278 250
372 290
110 489
27 312
158 354
460 190
309 80
276 116
258 498
463 384
183 370
235 395
73 213
390 250
179 195
77 25
340 404
114 468
29 259
101 341
13 310
179 466
49 157
319 318
217 284
54 439
80 30
240 289
177 31
103 441
186 446
112 442
402 126
61 16
214 85
58 495
408 314
229 277
487 465
379 215
40 279
341 226
238 405
138 379
232 343
-1 58195 -1 -1 2045 -1 -1 -1 -1 -1 -1 -1 12277 -1 -1 -1 9404 -1 -1 34705 -1 -1 -1 -1 41334 -1 29661 -1 -1 -1 11510 -1 -1 -1 -1 -1 -1 -1 -1 -1 -1 -1 -1 -1 -1 -1 -1 -1 -1 -1 49109 -1 -1 -1 26171 -1 -1 -1 -1 -1 61174 -1 -1 52281 -1 -1 -1 -1 -1 -1 -1 -1 29389 -1 -1 -1 -1 -1 -1 -1 -1 -1 43641 -1 -1 -1 -1 -1 -1 -1 -1 -1 -1 61387 -1 -1 -1 -1 -1 5497 6655 46381 -1 -1 -1 -1 48046 22501 -1 -1 15516 -1 -1 -1 -1 19702 -1 11705 -1 -1 41414 58270 -1 -1 -1 -1 -1 -1 -1 3098 -1 -1 -1 -1 -1 61918 -1 -1 -1 38168 34539 -1 -1 35859 -1 -1 -1 16965 -1 29723 -1 -1 -1 -1 -1 -1 -1 -1 -1 -1 -1 293 -1 -1 -1 -1 -1 45980 -1 -1 -1 -1 -1 -1 -1 -1 64811 -1 -1 18584 -1 -1 -1 -1 -1 -1 -1 61708 -1 -1 -1 33056 -1 -1 -1 -1 -1 -1 -1 -1 -1 59924 -1 52602 -1 -1 -1 -1 -1 -1 36162 -1 -1 -1 -1 -1 -1 -1 -1 38614 -1 -1 -1 -1 -1 -1 -1 -1 -1 -1 -1 -1 -1 65516 -1 -1 -1 -1 35451 -1 -1 -1 29955 -1 4654 46215 -1 -1 -1 -1 -1 -1 35467 -1 -1 -1 -1 -1 843 19561 -1 -1 -1 -1 -1 -1 -1 11022 -1 -1 -1 -1 -1 -1 -1 -1 -1 -1 -1 -1 -1 -1 -1 -1 -1 -1 -1 -1 -1 -1 -1 9024 -1 -1 -1 -1 -1 -1 -1 -1 38236 -1 -1 7689 -1 6704 -1 -1 -1 -1 14396 -1 -1 -1 -1 -1 -1 13743 -1 -1 -1 -1 -1 62458 25521 -1 -1 -1 -1 -1 -1 40822 -1 -1 -1 -1 -1 -1 -1 22614 -1 -1 23550 -1 25166 -1 -1 -1 -1 -1 25208 -1 -1 -1 -1 -1 -1 -1 -1 -1 -1 -1 -1 -1 -1 -1 37413 -1 -1 -1 37257 45881 -1 -1 30953 6213 -1 -1 61524 -1 -1 -1 -1 -1 -1 28944 60755 -1 40131 11793 43658 -1 -1 6823 -1 -1 -1 -1 -1 -1 -1 28649 -1 -1 12061 -1 -1 8217 -1 35596 -1 -1 23483 3013 -1 371 -1 -1 50239 -1 22185 -1 -1 -1 -1 -1 35901 -1 -1 -1 -1 -1 -1 -1 20230 48504 -1 -1 -1 902 -1 -1 -1 25379 63063 -1 -1 -1 14943 -1 -1 -1 -1 -1 -1 -1 50249 -1 -1 64244 -1 25149 -1 -1 -1 -1 -1 6580 -1 -1 -1 -1 -1 -1 -1 -1 -1 38138 -1 -1 -1 14386 56765 -1 -1 -1 -1 -1 -1 -1 34941 28328 -1 21926 -1 -1 9682 34312 -1 1655
5
0 124 3 203 13
1 239 13 66 0
0 397 14 254 0
0 402 2 90 1
0 72 0 316 7
