500 2000
365 189
132 156
421 313
129 460
358 223
16 424
127 198
225 242
423 77
254 56
395 460
93 444
456 260
193 395
187 277
179 68
44 262
334 23
369 302
412 116
266 377
449 140
181 29
478 370
379 303
471 106
312 354
355 75
198 424
212 131
34 87
176 77
154 213
308 279
497 462
491 283
300 158
254 287
182 389
484 312
77 68
96 340
286 96
381 160
295 170
30 223
71 61
319 427
306 393
300 284
255 414
31 60
55 492
257 448
83 102
431 250
135 264
435 243
114 172
294 244
417 180
49 380
401 380
424 215
170 122
118 426
236 196
215 134
160 476
360 440
238 415
1 348
216 300
269 19
148 398
160 79
366 432
328 273
374 326
443 213
297 231
53 449
375 197
117 377
369 48
294 360
161 385
12 216
497 417
385 12
270 136
462 327
480 168
420 62
33 456
482 252
355 157
373 8
145 405
193 130
366 13
172 367
317 489
406 356
283 17
262 279
335 0
302 180
347 231
199 183
114 197
355 121
386 139
48 152
154 300
180 372
434 288
474 425
443 139
473 322
468 441
11 224
175 261
56 420
113 450
82 228
16 18
204 118
487 330
308 353
321 388
498 257
70 297
167 18
278 398
228 288
288 4
334 80
44 9
154 88
328 389
490 59
163 52
25 471
325 23
290 409
189 329
454 406
397 409
381 257
240 410
468 115
467 308
99 155
421 324
49 99
448 432
64 160
7 267
153 383
282 362
140 368
470 390
59 94
274 413
403 302
14 111
285 189
375 325
384 284
457 283
462 491
10 37
129 103
21 106
284 255
435 141
326 464
248 100
487 47
348 237
394 264
286 25
55 161
408 334
226 402
237 7
464 431
371 261
53 359
151 59
94 72
24 468
45 181
483 92
237 268
98 8
263 412
117 318
71 108
123 424
434 143
372 15
396 104
153 232
354 477
65 215
32 272
371 215
86 398
50 357
370 345
104 285
329 8
415 14
218 373
447 150
493 239
173 131
403 226
284 302
440 157
273 383
484 32
242 404
204 208
129 457
333 426
440 455
216 259
2 4
415 236
396 351
39 374
10 226
236 342
113 128
433 134
112 301
81 493
495 268
302 341
471 355
363 305
89 316
484 110
53 395
406 120
365 494
113 256
204 200
371 69
75 222
483 489
310 482
116 434
88 14
28 410
458 118
471 366
365 99
44 423
138 144
255 203
356 454
378 255
313 78
419 86
264 48
177 70
122 375
273 26
354 483
256 292
464 51
276 441
56 412
314 208
42 318
211 245
434 17
312 244
225 202
112 396
24 160
382 353
163 479
332 374
479 221
196 96
132 157
135 36
378 54
229 305
389 121
216 292
242 20
180 84
236 198
185 238
297 474
94 469
238 382
42 186
418 31
141 131
10 246
46 300
398 0
200 237
151 182
390 10
481 234
345 204
201 316
43 434
179 374
488 425
31 30
360 58
203 452
285 236
316 41
377 6
29 32
332 57
129 419
339 101
467 167
460 121
152 231
144 250
441 60
19 312
245 249
434 458
225 267
449 224
359 438
339 286
171 370
111 243
462 100
164 466
86 159
312 245
243 276
267 259
320 59
157 107
130 404
491 317
30 375
44 498
283 346
128 148
2 445
199 350
177 85
462 247
19 454
188 363
231 494
67 216
285 283
86 250
488 31
254 439
97 348
393 194
316 110
276 389
59 311
131 422
306 239
72 39
37 231
495 39
15 201
245 21
280 210
145 262
33 303
262 259
141 385
425 2
209 450
28 496
143 476
452 84
159 370
4 306
93 367
447 435
398 204
65 292
63 23
318 366
295 19
453 470
355 383
239 341
98 274
496 8
303 275
370 456
482 236
472 350
358 91
447 85
305 409
209 38
5 439
244 174
274 198
62 199
36 499
385 191
46 254
228 446
416 225
277 105
392 410
313 110
171 452
308 271
25 338
124 439
80 316
97 228
356 29
328 309
164 175
420 360
219 103
452 105
297 418
174 471
245 147
318 395
464 52
476 285
161 315
319 382
277 194
429 306
74 453
445 46
196 333
73 68
356 246
425 429
405 302
404 332
422 92
82 267
360 200
151 10
353 14
381 142
146 222
266 73
404 55
151 216
115 435
328 185
231 111
175 163
60 439
304 485
196 342
370 109
376 313
436 324
244 63
267 97
77 411
155 120
152 457
403 159
460 143
444 354
68 219
41 497
268 378
230 82
255 328
292 81
484 180
253 244
235 461
268 341
457 114
150 61
151 283
155 307
54 281
364 439
201 109
383 287
209 73
31 219
477 458
220 304
311 374
208 32
31 98
380 313
499 341
17 61
88 144
270 276
464 303
413 187
204 349
313 15
229 140
177 339
315 61
232 205
460 378
147 166
294 165
434 16
342 150
185 158
117 457
336 356
339 426
196 117
23 493
456 155
414 104
334 71
119 397
193 60
245 173
475 311
413 494
94 42
439 454
395 64
224 62
454 337
288 442
172 194
355 422
258 295
29 178
324 195
371 171
441 323
133 270
65 377
139 251
28 220
94 311
386 345
150 242
488 251
184 120
473 159
245 409
493 88
42 282
212 441
20 393
382 425
116 491
78 32
297 258
19 59
435 191
25 137
273 76
406 407
349 6
244 120
125 461
32 305
192 394
446 310
257 156
145 321
315 129
340 4
348 222
496 455
95 223
281 95
19 386
312 95
309 394
170 408
413 125
114 361
283 188
385 167
241 301
4 353
87 443
430 256
439 81
411 413
113 404
352 248
184 164
208 459
264 269
286 293
412 356
175 431
282 199
314 442
472 286
115 53
483 32
74 396
121 105
64 428
127 294
338 218
202 78
156 50
351 114
310 381
289 414
348 492
446 294
25 328
74 17
124 180
261 54
95 371
470 249
122 493
230 314
315 310
8 184
76 339
455 267
263 63
462 233
450 367
264 422
24 208
258 383
200 465
193 351
274 59
475 180
298 307
219 346
222 330
99 5
113 402
326 257
444 153
421 254
161 373
5 332
192 374
105 441
244 124
212 210
422 304
212 486
227 476
152 16
431 114
332 430
226 437
297 89
394 443
438 419
168 481
147 13
404 491
405 454
472 301
302 106
87 86
457 105
142 403
303 190
434 339
469 138
336 355
137 348
249 211
338 214
118 196
417 391
6 108
465 119
16 468
193 353
410 448
370 29
466 252
361 354
244 378
293 181
292 356
160 282
366 307
455 390
293 143
470 487
428 468
224 311
382 497
115 229
89 118
122 106
76 440
192 24
309 389
116 242
46 132
174 183
146 90
14 282
410 44
299 106
76 293
438 328
280 281
296 250
53 390
101 117
169 85
136 497
103 80
213 402
172 184
327 242
277 116
229 459
324 97
498 228
239 4
335 283
470 151
108 147
492 385
355 370
484 89
69 290
481 317
24 294
7 91
258 408
481 325
86 326
113 313
42 244
47 132
251 329
240 239
71 66
42 230
331 64
446 188
411 474
387 52
485 171
180 57
444 54
465 269
108 243
311 158
7 384
470 201
489 441
227 452
290 239
81 313
485 262
349 279
315 334
306 360
227 187
79 236
233 39
444 342
170 258
461 496
61 85
160 334
360 160
418 30
152 37
363 371
383 438
413 150
325 496
465 370
266 245
78 328
166 126
292 243
270 450
37 164
441 284
236 111
375 469
349 38
389 180
301 355
257 205
401 432
352 126
216 11
441 132
47 251
278 138
301 228
296 258
7 34
343 496
2 443
32 28
354 214
482 148
66 476
202 357
377 97
307 275
48 465
228 319
88 405
165 343
107 158
125 401
60 119
448 468
49 425
314 260
390 100
160 298
11 140
145 450
305 396
165 77
310 15
78 168
68 187
344 170
123 383
281 255
487 333
99 405
245 137
389 306
494 165
208 327
341 362
192 368
475 47
311 250
340 285
457 230
435 444
339 419
196 388
395 451
196 355
315 244
492 433
336 62
377 181
114 242
410 380
233 296
141 132
135 97
21 194
144 293
165 236
222 181
360 166
265 410
142 242
156 482
10 399
223 216
328 172
187 53
354 423
439 332
433 292
407 465
137 135
8 421
28 135
238 470
164 77
360 472
318 25
432 212
97 295
441 24
301 471
28 71
99 191
434 345
21 255
385 299
422 43
73 156
240 364
67 230
273 64
186 478
112 242
430 81
229 38
18 28
376 110
417 262
216 80
383 415
265 49
458 272
98 145
341 164
257 199
172 338
88 237
93 235
51 189
398 266
486 38
188 10
111 369
36 224
157 347
31 63
152 204
200 497
148 10
253 302
340 465
276 21
56 95
102 468
64 348
352 175
435 331
462 336
305 147
496 298
420 191
93 82
200 397
245 377
285 9
457 41
215 17
473 116
190 211
287 22
182 83
457 102
214 111
157 82
450 319
380 412
0 435
202 209
62 309
269 327
477 261
234 128
442 209
193 168
124 16
451 413
391 209
101 43
51 483
125 402
419 124
40 30
255 245
71 332
329 421
409 457
177 160
119 189
438 445
396 78
354 284
30 371
468 270
87 15
387 368
39 19
160 273
18 62
127 124
489 186
100 370
400 493
65 110
300 459
418 241
222 253
31 1
398 39
3 179
226 222
485 327
36 324
263 124
381 360
445 331
0 407
278 290
347 56
383 73
362 339
495 147
193 72
432 30
491 97
87 158
37 33
499 35
11 279
498 210
269 108
415 172
301 462
104 310
128 290
437 188
257 442
417 441
32 155
170 284
394 140
279 197
261 16
196 172
387 51
19 287
285 483
51 179
324 54
80 162
7 365
110 203
359 118
155 237
385 67
49 484
456 180
356 462
492 455
332 109
437 317
433 217
135 478
486 189
80 487
34 157
257 421
129 381
98 350
222 450
145 39
40 315
279 139
378 452
446 364
177 54
87 231
77 316
415 416
479 200
46 416
161 374
125 17
23 116
125 74
243 387
254 405
454 449
194 178
233 278
409 62
454 254
51 204
27 337
361 182
377 114
74 313
482 53
89 339
89 181
264 132
387 481
227 180
275 22
482 133
290 463
38 293
228 269
482 391
337 48
89 35
393 252
284 482
219 309
278 50
39 169
163 412
483 61
213 311
346 384
269 393
21 19
448 408
493 430
200 374
336 4
480 241
499 325
226 212
277 360
126 192
255 155
440 225
156 6
179 487
168 498
3 113
112 462
104 325
184 313
3 69
140 38
434 157
478 107
20 266
220 90
175 158
13 218
28 165
186 195
252 394
370 104
115 282
415 350
27 380
365 478
0 8
493 191
246 158
304 266
159 464
101 334
499 232
253 478
359 246
159 223
379 169
274 374
5 289
429 181
440 402
59 118
396 346
164 293
186 221
125 2
181 292
162 446
89 158
275 117
81 213
233 371
12 477
259 346
119 184
91 278
214 183
367 433
35 117
353 367
20 240
496 378
106 380
392 160
394 490
74 238
188 361
200 448
160 144
441 56
407 442
469 226
205 395
303 100
476 494
11 250
325 88
85 259
451 464
248 167
252 96
168 444
377 356
54 291
303 176
271 213
361 395
495 300
362 196
321 52
238 348
9 375
320 238
275 236
404 284
172 484
351 228
38 172
306 275
474 242
278 337
129 347
45 390
435 491
138 445
244 447
91 382
51 381
436 114
193 459
81 122
313 323
285 133
149 482
468 354
279 184
404 309
300 436
3 20
269 346
390 402
349 20
151 119
9 25
115 192
115 394
424 221
288 414
72 111
228 453
367 429
110 40
382 101
230 27
307 87
325 444
187 183
118 65
224 472
71 412
14 488
108 490
120 204
231 267
238 344
374 445
20 494
184 423
330 221
340 260
166 440
231 53
25 7
281 245
298 324
284 420
416 385
174 402
413 292
387 124
68 189
349 492
9 178
372 389
345 245
104 265
491 61
431 59
144 319
113 230
163 430
258 59
386 470
144 58
37 109
126 18
106 229
135 423
389 40
45 376
219 235
454 92
432 155
327 92
341 70
145 498
172 99
311 184
164 256
429 398
460 93
416 450
56 43
439 88
460 277
243 104
324 226
278 72
455 331
315 392
234 352
317 390
271 267
334 164
340 380
172 425
268 447
240 186
465 464
274 73
124 128
385 333
29 412
51 407
320 430
256 128
227 480
481 179
405 413
373 319
90 292
40 14
73 363
428 300
236 366
209 406
212 106
486 403
347 251
234 393
326 296
259 331
88 114
222 199
497 146
266 286
294 6
240 320
233 188
175 172
88 25
151 329
152 11
179 444
22 224
24 301
37 219
168 159
268 129
495 487
12 482
361 328
307 211
491 35
243 183
427 78
103 421
46 138
335 28
283 426
267 6
119 217
98 220
256 157
55 246
95 418
30 145
120 286
388 29
281 417
162 430
132 313
177 241
271 282
356 473
229 136
97 74
23 27
149 20
418 160
240 40
289 385
31 467
158 81
143 190
464 333
32 350
137 194
368 115
250 189
166 262
244 493
434 158
410 372
124 98
306 422
142 92
373 410
227 381
318 294
217 334
95 431
356 176
42 300
54 91
368 214
434 195
401 246
237 323
234 64
273 192
324 471
331 314
361 237
102 173
359 12
102 146
258 289
350 345
357 304
16 113
408 323
52 350
13 93
252 50
396 302
45 133
420 355
418 349
248 274
25 339
25 443
23 134
476 431
317 414
355 215
242 427
18 73
93 388
454 429
309 54
236 284
424 60
50 330
368 408
487 62
337 159
115 39
432 408
268 379
189 384
475 236
307 338
49 28
272 340
210 205
127 310
31 66
258 443
205 266
389 357
377 344
91 76
282 393
134 466
173 266
252 87
192 261
498 206
474 281
214 410
234 59
195 184
264 274
162 362
281 197
196 209
486 419
222 291
32 76
89 236
224 306
316 437
337 88
373 409
320 94
266 177
188 420
450 355
371 337
33 482
214 158
134 90
326 340
323 264
128 73
432 488
54 390
113 89
342 438
128 422
459 334
495 200
252 68
432 103
326 367
393 2
324 72
38 328
325 478
148 280
440 355
228 21
46 139
471 467
74 293
8 272
32 443
37 156
142 345
371 150
39 459
336 84
410 82
189 432
166 75
358 244
439 380
252 17
359 320
247 280
196 228
106 6
363 448
367 3
470 404
196 393
448 181
455 431
353 452
290 225
264 52
498 471
188 41
451 336
170 489
207 43
374 303
27 382
73 126
456 298
292 127
57 444
3 452
89 150
445 4
495 8
76 336
62 421
112 260
214 393
101 285
129 141
144 322
396 241
420 105
157 491
248 205
114 321
6 155
333 384
79 338
213 299
343 321
75 397
29 205
313 151
469 305
46 311
220 475
188 452
176 38
158 303
478 256
241 116
318 345
274 254
37 490
160 29
52 459
152 127
396 21
325 456
290 208
177 149
357 179
497 181
394 231
51 32
184 315
39 450
338 28
320 154
220 337
449 302
225 10
251 82
94 50
326 31
258 105
121 89
356 188
320 151
78 490
369 275
437 335
210 458
296 284
6 291
325 250
119 272
436 163
94 79
465 343
186 322
325 44
424 253
327 428
336 385
476 97
283 399
360 419
197 431
198 147
373 403
16 131
30 387
416 214
108 341
479 492
391 120
318 340
418 471
240 308
187 359
113 131
14 81
294 356
3 394
277 125
318 233
41 474
190 40
386 358
57 482
435 51
248 495
277 114
460 418
204 259
253 87
472 99
363 140
370 273
450 123
352 79
196 414
228 365
357 18
407 370
133 203
56 29
31 114
366 453
337 244
413 489
117 496
284 54
383 236
484 261
484 6
244 323
433 475
319 160
162 200
297 317
212 423
431 180
127 366
419 420
292 406
213 480
148 331
316 44
182 330
202 422
190 177
162 168
449 386
156 85
337 369
150 388
177 167
267 41
87 361
243 297
16 95
151 26
129 88
258 247
287 220
458 159
32 73
357 284
270 154
9 34
68 261
373 380
21 281
198 20
201 8
277 120
403 71
133 263
390 269
351 497
399 315
219 227
444 33
86 278
303 39
1 138
104 348
161 288
198 420
114 322
493 62
220 436
48 436
328 117
427 184
240 402
19 204
31 242
313 330
367 35
370 167
198 2
50 180
143 6
320 186
273 489
75 77
350 427
205 103
386 404
314 420
193 377
342 388
238 468
139 378
374 379
60 417
405 270
183 132
337 269
47 64
371 20
394 8
251 226
434 399
292 126
379 433
290 411
341 332
7 279
269 190
146 122
466 37
405 421
156 90
339 332
24 342
153 435
205 60
474 374
51 421
136 89
455 251
414 209
464 295
375 48
33 420
337 255
237 487
31 131
98 283
249 278
56 398
494 393
317 472
253 339
454 6
375 72
398 182
125 283
191 265
103 317
419 323
230 459
146 140
361 116
389 371
319 323
466 92
222 20
53 352
471 263
318 321
151 121
82 278
463 452
346 309
76 331
492 211
1 381
365 339
414 494
15 17
260 245
12 263
391 154
497 183
96 396
255 429
189 447
169 363
388 189
374 135
185 180
416 35
290 181
303 171
79 89
7 191
428 1
393 425
271 238
136 485
157 496
158 178
17 181
110 240
35 46
156 351
300 259
320 434
416 193
96 274
160 401
499 207
426 260
237 393
413 498
223 229
238 449
124 235
142 325
338 137
130 25
62 114
271 333
408 418
290 135
159 447
240 33
404 250
48 23
433 333
395 319
331 115
31 288
320 313
438 194
160 203
60 431
493 167
163 223
324 289
181 357
36 176
438 394
70 100
226 267
459 457
412 142
36 339
432 170
285 326
260 423
239 68
149 235
472 141
256 289
449 153
354 308
365 423
282 167
155 455
288 409
26 163
452 125
463 291
239 177
222 196
65 193
348 140
203 8
290 46
186 488
437 192
470 339
446 240
268 69
207 425
487 6
276 336
11 315
2 498
68 142
340 115
480 191
244 427
335 33
83 82
12 189
114 271
444 364
166 455
59 442
293 474
258 2
133 18
354 112
46 267
342 328
9 147
347 337
120 475
440 408
99 164
484 439
477 218
401 495
49 390
458 341
488 167
175 145
210 381
232 39
255 393
7 190
25 100
35 272
232 325
213 409
469 437
166 139
38036 -1 -1 -1 -1 -1 -1 -1 -1 14042 -1 -1 -1 -1 -1 -1 -1 -1 -1 -1 -1 58348 -1 -1 -1 -1 50680 38977 59986 46206 -1 -1 -1 -1 -1 -1 24288 -1 -1 28578 -1 -1 -1 -1 -1 -1 37463 -1 -1 -1 -1 -1 -1 -1 -1 -1 -1 -1 58861 -1 11030 -1 -1 -1 55295 -1 -1 -1 -1 -1 -1 56035 -1 -1 -1 -1 -1 -1 -1 -1 16101 -1 -1 -1 -1 -1 40109 -1 44239 -1 63169 -1 -1 -1 -1 -1 -1 49785 -1 -1 -1 -1 -1 28000 -1 -1 -1 36483 18515 59676 -1 -1 -1 -1 -1 -1 59527 -1 -1 -1 -1 -1 -1 -1 -1 -1 -1 -1 -1 -1 -1 -1 -1 -1 -1 -1 -1 -1 -1 11639 30334 -1 -1 -1 -1 -1 -1 -1 64959 65362 -1 -1 -1 46465 -1 -1 -1 -1 -1 -1 -1 -1 -1 -1 -1 -1 -1 -1 59214 -1 -1 -1 -1 -1 -1 -1 -1 -1 -1 -1 16703 -1 -1 -1 -1 -1 -1 -1 50147 -1 -1 -1 -1 -1 44030 -1 42082 -1 38370 -1 10306 -1 -1 -1 -1 -1 -1 -1 -1 -1 -1 45080 -1 -1 -1 33168 -1 -1 -1 -1 -1 -1 -1 31083 -1 -1 -1 27895 -1 -1 -1 -1 -1 -1 -1 -1 -1 -1 -1 -1 -1 -1 37952 54385 -1 -1 22052 -1 24419 -1 37886 -1 -1 -1 -1 15242 -1 -1 -1 -1 -1 -1 -1 15908 -1 -1 63514 -1 -1 -1 -1 26244 5791 -1 -1 -1 -1 -1 38178 -1 14375 17639 -1 -1 -1 -1 -1 -1 65399 -1 -1 -1 -1 49066 5598 4194 -1 -1 -1 -1 -1 -1 -1 -1 -1 -1 -1 -1 -1 -1 38786 54588 -1 -1 -1 -1 50478 -1 43539 -1 -1 -1 -1 -1 -1 -1 -1 -1 -1 -1 -1 -1 -1 -1 -1 -1 -1 -1 10143 -1 -1 -1 -1 -1 -1 -1 63493 -1 62255 -1 44269 -1 -1 -1 13542 33798 -1 -1 9325 -1 -1 -1 -1 -1 -1 -1 32669 -1 -1 -1 -1 -1 19191 43937 -1 45736 -1 -1 -1 -1 -1 -1 -1 -1 46552 -1 -1 -1 32059 -1 -1 -1 -1 49381 -1 24620 38642 38289 8454 -1 19659 60067 -1 23301 660 -1 -1 -1 -1 -1 -1 -1 -1 -1 21253 -1 -1 -1 11168 -1 36406 26363 -1 4093 53647 -1 -1 -1 -1 -1 -1 -1 -1 -1 -1 32563 -1 -1 -1 -1 -1 -1 -1 -1 63171 -1 -1 -1 -1 -1 -1 36698 40668 -1 -1 -1 -1 -1 -1 -1 -1 -1 -1 -1 -1 -1 -1 -1 26361 52642 -1 -1 33476 -1 -1 -1 48453 19294 -1 -1 -1 43913 -1 -1 -1 -1 -1 -1 -1 -1 -1 -1 -1 -1 47512 -1 -1 -1 -1 44316
10
1 186 7 411 0
1 135 2 62 13
1 265 0 289 10
0 170 2 334 14
1 378 15 251 9
1 449 8 334 12
1 212 12 36 14
1 252 2 84 2
1 355 9 33 13
1 229 9 386 2
