500 2000
272 291
22 335
489 465
99 268
405 7
255 83
238 99
8 102
61 95
194 142
345 435
30 309
491 130
324 405
392 73
226 259
91 205
331 363
284 190
184 222
347 2
130 440
283 324
75 215
268 46
449 263
449 434
200 428
56 339
369 254
402 460
315 295
218 79
57 242
343 15
350 252
495 419
54 453
211 275
446 333
362 98
201 458
331 277
5 228
1 64
448 328
405 237
87 168
363 183
384 39
244 367
12 332
495 198
466 240
49 433
245 202
382 408
31 380
417 488
422 22
251 266
346 426
227 242
282 198
139 22
33 462
205 60
285 332
90 0
349 143
484 281
361 322
458 181
330 406
267 212
345 301
353 366
371 135
334 396
361 393
168 349
251 340
295 288
81 340
247 25
414 488
17 105
123 320
28 459
346 96
157 315
100 483
435 374
0 263
448 442
132 319
195 132
368 79
292 367
223 149
93 305
321 71
348 432
313 142
480 148
461 285
387 195
331 448
240 420
377 302
293 104
36 52
196 106
395 110
456 160
155 221
239 58
18 309
51 327
32 397
2 137
4 255
451 466
55 28
175 351
403 111
255 432
207 40
463 16
292 417
136 43
402 282
463 362
284 332
153 486
293 195
448 201
171 219
466 128
181 359
477 251
423 374
479 86
40 469
67 191
488 341
174 341
63 116
389 448
383 223
340 112
1 485
144 101
17 449
370 470
117 212
267 186
367 186
344 346
428 20
263 486
409 94
65 286
152 168
483 286
375 94
316 155
293 276
57 339
417 110
112 175
45 261
327 28
18 244
37 187
355 498
261 389
255 143
186 406
424 175
458 93
134 149
375 90
182 34
114 258
236 499
489 88
244 300
478 459
417 298
99 323
498 11
240 86
304 19
383 457
125 278
100 116
262 366
384 335
429 396
426 460
64 123
315 467
427 34
12 121
118 21
240 365
64 53
161 316
128 448
126 25
456 253
183 85
371 301
251 69
264 318
68 468
37 27
316 404
487 134
240 85
74 355
363 350
437 324
23 424
323 82
125 427
137 315
189 438
317 163
260 81
38 418
194 64
468 448
119 403
378 12
259 121
8 333
40 85
290 188
220 332
248 458
366 444
217 245
24 336
13 97
75 272
399 211
86 72
301 374
354 370
234 171
131 103
301 243
375 280
426 29
259 461
38 314
48 364
277 489
178 70
35 297
103 384
283 45
481 74
168 386
130 361
63 10
173 153
106 240
88 283
141 9
268 255
295 152
106 237
471 152
61 438
9 10
110 399
178 490
163 112
329 34
185 259
181 50
260 474
44 327
214 80
475 494
492 298
268 159
24 14
397 280
255 176
61 62
421 51
461 497
74 439
189 86
135 44
394 281
164 121
164 127
92 139
310 195
56 259
84 130
283 206
336 201
174 190
3 484
131 228
297 89
151 154
181 296
458 447
42 425
292 275
217 51
205 445
395 452
399 21
277 67
494 491
46 410
246 155
101 293
205 367
420 137
384 201
279 384
424 352
208 110
132 357
173 200
118 496
352 53
486 211
13 18
149 322
456 301
410 130
484 9
178 93
236 343
77 178
172 383
203 362
225 362
404 471
428 260
426 166
3 159
299 33
237 12
413 485
114 285
14 102
325 433
25 375
286 489
167 172
239 149
310 43
59 366
66 275
81 424
56 67
331 104
8 98
266 209
337 336
341 221
462 414
61 128
110 398
364 422
456 231
445 481
210 157
144 178
44 204
84 365
297 206
350 194
389 233
419 233
223 64
147 482
460 199
162 178
407 320
142 174
455 249
323 428
40 397
103 45
360 322
399 158
81 270
182 309
152 21
212 275
73 69
290 27
75 262
76 440
358 392
18 427
310 208
337 275
85 76
468 134
111 68
75 340
209 499
103 96
336 140
454 258
78 426
433 51
107 330
482 139
283 436
212 176
247 190
324 265
196 376
472 36
68 269
332 427
152 147
235 155
24 492
57 215
440 274
474 166
246 481
497 391
331 358
156 293
114 160
90 17
341 248
425 224
230 233
394 124
348 153
201 151
190 456
408 403
257 476
184 262
407 465
48 484
369 417
72 269
123 496
161 156
49 34
242 488
343 132
19 135
358 389
47 256
113 373
210 135
403 319
421 323
198 456
395 429
156 300
152 136
249 188
483 88
225 248
221 241
173 193
23 228
432 412
386 473
442 284
103 278
2 229
65 490
168 270
323 253
111 107
425 361
368 389
185 288
67 440
336 333
196 496
0 255
8 263
298 74
380 415
20 71
33 122
168 240
25 338
352 376
5 495
206 480
228 376
258 136
61 146
482 54
406 345
354 432
353 474
280 393
38 257
49 53
404 233
396 293
183 206
327 23
341 181
393 438
495 9
259 150
446 362
428 348
384 175
298 287
366 235
452 491
35 4
292 67
7 81
26 34
325 217
147 27
326 421
128 195
494 385
31 7
341 322
219 307
475 65
347 444
61 31
123 63
66 337
212 253
128 415
50 146
329 100
439 21
166 263
464 23
23 297
229 428
423 341
279 79
95 369
496 443
135 419
150 46
22 221
172 309
374 88
27 260
229 216
451 299
214 286
352 313
485 311
235 392
252 0
59 309
495 260
381 2
35 396
448 93
248 407
122 435
124 86
154 304
57 361
247 97
405 32
320 445
171 32
286 268
238 74
136 195
194 408
67 11
258 182
24 321
346 479
482 460
380 464
256 219
22 275
418 74
306 347
80 331
17 163
173 333
108 189
336 72
327 428
291 443
108 148
489 106
492 496
122 139
80 266
263 102
278 13
367 317
77 262
245 277
427 300
193 107
47 318
75 51
273 323
88 117
462 230
464 21
478 426
76 132
82 441
335 325
345 259
257 443
203 473
358 184
125 386
133 325
242 378
154 43
345 432
298 343
10 287
109 71
485 163
380 434
155 140
446 16
325 39
435 436
295 362
351 464
160 131
437 266
365 254
459 326
146 379
16 113
75 196
192 104
421 116
225 41
33 286
186 124
87 139
233 57
440 190
166 213
271 378
365 179
173 84
307 273
460 279
459 129
367 43
139 221
412 390
491 342
139 396
232 253
249 137
95 428
381 465
436 45
278 132
96 333
5 51
210 147
199 249
304 299
54 426
118 399
273 385
48 311
81 71
390 325
489 437
190 68
194 258
75 360
484 230
157 421
269 320
490 463
240 2
133 106
42 297
44 388
405 281
243 194
354 216
30 189
16 484
294 344
31 424
429 451
455 307
19 436
481 67
356 302
476 195
266 158
155 258
287 194
451 296
100 497
420 10
415 366
97 139
38 277
325 190
334 312
98 270
463 144
383 438
14 3
90 432
109 168
65 75
363 192
218 254
173 60
333 75
109 165
401 474
243 412
336 473
316 494
79 457
67 496
313 2
136 401
200 350
133 369
460 408
142 481
438 71
118 488
47 193
361 388
435 387
60 127
176 331
252 144
14 50
74 378
254 490
38 268
167 280
415 245
69 395
291 221
49 287
284 242
235 477
137 285
423 318
461 74
451 29
365 92
305 269
21 279
232 304
458 268
192 201
492 417
116 45
171 128
297 8
90 314
376 227
168 323
368 2
353 495
441 125
421 141
215 358
151 432
203 227
10 421
217 393
447 460
99 227
41 194
134 7
142 298
290 9
164 407
248 352
257 417
471 54
273 419
479 274
26 67
357 348
363 142
440 492
35 368
87 14
224 318
184 271
474 143
36 374
295 430
198 169
241 50
315 67
257 195
76 88
98 401
107 238
209 55
168 184
431 328
33 486
61 425
372 224
279 1
301 115
129 425
310 7
270 484
285 141
149 66
351 324
279 155
288 483
434 369
277 202
445 184
299 20
297 191
360 182
350 343
136 318
324 95
130 312
489 381
106 487
497 10
297 428
430 31
223 115
418 471
337 132
434 433
77 280
162 417
205 208
306 381
476 413
477 348
183 132
186 296
407 197
253 227
75 139
123 283
232 62
107 132
390 279
450 314
147 371
286 324
214 364
27 39
90 399
290 484
85 451
288 22
124 148
265 302
78 215
14 30
74 343
96 294
217 149
422 95
106 57
4 226
308 51
408 497
181 475
273 422
76 287
108 434
440 128
179 478
9 167
411 31
439 402
201 287
490 35
474 328
494 290
195 311
252 177
392 145
151 188
319 192
293 123
313 49
73 336
94 115
62 254
126 402
267 462
118 352
283 249
452 307
468 343
362 495
127 205
106 465
189 220
373 111
22 48
278 424
481 333
39 298
349 132
57 38
108 175
312 144
178 190
136 298
380 359
43 482
488 420
242 13
363 32
167 145
135 440
209 207
133 468
155 33
497 450
220 73
342 449
401 339
169 347
218 464
407 83
371 59
473 131
392 345
22 243
264 456
243 73
97 112
325 279
220 231
126 491
238 279
367 469
306 132
168 211
74 202
403 372
326 154
207 321
72 283
441 151
36 309
499 121
33 371
60 406
326 479
254 324
351 410
16 68
165 485
407 254
88 35
398 337
332 4
498 172
208 359
27 123
373 434
419 450
144 306
318 432
163 38
310 95
94 483
67 340
136 350
211 487
336 2
217 423
185 182
466 222
151 271
153 133
462 70
394 223
271 11
188 192
194 17
440 119
115 461
199 469
426 218
494 61
374 98
55 0
317 371
474 244
205 241
33 331
97 131
379 272
18 174
447 404
210 413
425 220
354 322
82 22
30 458
282 412
486 268
92 162
431 471
461 42
430 210
329 61
61 217
418 380
183 72
220 487
423 294
292 384
140 60
279 296
338 231
84 275
142 18
350 409
380 232
28 442
129 337
406 419
118 393
55 262
13 269
321 482
404 83
71 295
287 22
493 301
209 429
287 80
114 295
255 282
364 388
113 185
286 104
322 214
171 152
90 225
423 358
12 57
369 43
440 46
257 93
283 383
437 50
290 12
401 2
444 129
15 410
407 395
24 128
323 234
147 292
350 58
143 253
246 11
177 487
272 45
31 164
25 453
458 23
393 104
110 375
335 343
36 193
330 24
384 482
499 132
399 250
361 101
405 169
386 93
306 268
192 164
292 343
354 153
403 378
144 302
44 139
124 251
257 242
161 318
356 95
342 459
9 299
430 151
294 152
193 85
432 416
321 197
86 298
225 372
450 108
462 421
301 373
259 497
474 243
287 314
496 92
136 25
174 329
263 9
412 75
180 150
306 97
227 167
401 486
351 447
395 154
288 450
216 87
310 9
119 273
294 92
362 393
427 94
125 429
414 437
74 132
230 154
434 226
372 484
330 225
200 201
472 28
367 183
409 316
359 159
180 208
286 321
29 105
346 488
291 25
64 417
89 249
359 245
373 203
282 151
270 122
495 341
300 236
83 494
424 46
126 325
311 168
483 225
212 468
386 191
13 204
486 59
496 256
226 227
477 331
457 496
232 51
275 333
44 476
360 379
322 385
463 311
24 485
468 418
76 401
72 452
324 226
495 449
377 460
218 301
135 165
338 373
285 11
70 476
116 145
278 457
335 309
248 457
450 390
482 257
61 36
386 95
145 6
147 348
67 170
5 493
471 69
72 499
198 375
456 67
497 130
249 123
413 181
320 280
324 300
420 183
423 483
251 491
152 479
35 137
326 5
147 262
360 346
379 378
74 210
368 271
80 169
229 275
448 359
424 72
471 375
296 24
285 44
437 249
376 487
214 494
433 22
450 213
63 328
42 411
433 151
443 216
392 283
481 458
52 489
419 124
161 369
3 282
81 204
142 420
468 289
158 409
354 184
280 285
484 336
119 117
385 367
156 195
247 265
476 411
360 215
5 183
155 478
174 256
317 493
148 55
475 11
430 96
491 408
112 186
416 81
196 489
269 220
227 286
200 360
490 25
64 279
361 15
0 336
248 208
125 447
494 1
304 194
489 350
249 134
247 41
84 425
468 185
221 392
300 356
152 216
325 376
448 198
330 96
116 386
92 166
27 478
150 172
445 102
334 279
143 122
133 498
394 151
16 322
460 106
17 388
67 267
353 282
478 482
339 205
75 204
18 475
464 241
388 15
181 309
189 360
2 33
180 234
343 388
39 91
251 146
201 127
436 162
38 340
434 32
25 388
47 386
370 290
28 381
125 313
251 469
409 289
95 184
308 372
142 391
97 425
170 405
415 325
230 474
471 447
69 352
220 71
458 135
406 362
477 266
352 137
472 402
174 492
345 391
127 24
1 106
430 111
345 458
257 75
176 416
425 240
271 478
121 443
79 395
250 462
486 94
372 63
251 213
347 284
140 358
46 499
196 334
366 331
72 96
132 346
378 59
476 169
276 119
287 448
373 409
221 0
74 51
25 488
154 48
451 5
402 488
68 176
334 408
85 493
122 420
304 277
443 434
290 465
441 21
180 251
72 393
17 202
157 129
376 0
384 438
123 382
128 70
255 485
235 275
94 327
498 404
111 102
99 198
187 305
87 126
349 222
274 205
51 252
135 287
91 15
160 325
401 333
231 23
430 414
107 165
429 378
319 98
447 468
105 257
99 47
182 273
283 310
15 80
267 160
268 90
303 17
468 39
229 312
7 492
230 278
166 496
467 77
474 276
297 363
207 140
275 344
180 359
274 143
278 437
38 381
140 178
23 499
183 152
11 464
5 2
209 326
482 4
134 498
387 45
202 126
474 431
399 279
363 226
317 85
193 138
210 82
9 178
462 55
313 343
398 334
4 453
457 126
387 164
195 200
478 335
225 80
292 418
268 88
102 420
219 297
398 452
473 197
368 493
288 423
162 175
50 218
370 497
426 222
185 469
143 30
400 77
152 166
401 62
477 295
248 236
158 297
240 369
152 330
202 61
3 286
183 48
352 72
28 451
177 114
384 486
348 52
394 207
282 499
161 32
494 482
149 200
322 394
356 413
444 359
373 346
188 318
488 324
62 73
237 72
172 108
294 169
46 28
165 224
134 62
8 70
5 264
470 475
308 347
452 449
251 294
191 473
451 209
58 494
291 310
185 212
439 12
214 146
226 35
407 123
390 192
24 39
27 122
116 264
418 170
441 422
401 328
235 472
481 397
468 213
108 132
372 421
259 283
351 444
57 31
253 306
402 320
329 216
58 156
267 146
203 324
482 150
73 486
492 347
365 291
477 254
55 284
200 1
230 309
335 494
68 416
116 178
308 323
359 459
75 288
125 340
88 227
5 498
344 358
71 494
320 49
410 10
481 232
481 0
258 168
30 268
496 40
97 144
398 303
421 318
2 97
23 71
284 476
267 311
491 153
100 216
428 105
297 133
478 248
129 362
404 27
234 176
383 492
72 371
370 456
218 111
100 74
223 133
425 390
380 203
31 397
302 221
414 446
43 175
431 335
417 311
199 93
329 272
426 366
470 474
366 237
319 13
142 278
258 78
168 72
320 376
140 35
49 236
153 323
399 123
127 3
80 429
76 34
476 468
255 321
225 160
355 313
26 367
116 14
65 409
119 213
25 228
177 130
408 423
342 257
456 15
142 145
447 418
246 216
469 133
289 230
13 457
292 448
217 101
63 86
466 25
9 195
149 115
476 85
37 465
445 173
236 227
85 126
145 399
208 47
50 27
176 67
301 23
115 351
437 137
107 162
373 496
221 375
189 23
59 33
435 149
259 76
11 460
442 389
197 204
262 313
326 25
129 341
66 260
368 263
276 357
309 14
342 351
121 181
438 5
353 440
444 299
386 3
303 379
60 312
394 399
216 426
71 457
181 207
186 417
198 436
51 332
342 314
7 140
274 59
121 322
129 423
431 283
463 461
155 381
373 344
384 405
154 40
290 331
63 119
118 4
413 449
243 443
45 63
330 312
33 147
130 156
57 103
193 348
44 114
424 218
97 434
315 242
219 71
353 96
112 380
184 487
360 414
51 336
421 192
49 17
358 63
176 249
2 375
201 222
174 493
393 456
329 110
447 194
425 15
422 129
360 164
235 436
5 83
50 434
327 396
301 383
209 8
163 237
22 104
405 26
171 44
5 28
442 478
308 160
134 341
260 384
34 145
96 482
101 365
30 121
12 38
146 135
5 151
129 247
446 29
338 303
121 19
396 244
372 387
267 115
389 413
11 382
472 339
356 248
104 61
227 455
483 334
436 285
13 187
21 183
20 408
196 269
99 464
36 434
479 137
181 327
296 328
376 374
52 45
421 246
331 179
344 29
499 274
150 227
138 60
208 420
409 479
497 76
486 176
451 486
218 36
485 272
53 367
166 456
120 219
262 41
478 12
108 53
60 427
124 250
124 182
125 120
145 154
455 347
276 460
282 449
497 429
87 11
57 1
82 448
267 355
231 396
349 100
316 305
348 72
335 290
85 327
222 95
331 454
364 243
322 188
64 133
243 360
158 171
120 205
322 126
129 401
491 322
332 196
210 72
152 282
497 114
227 118
77 234
282 203
115 348
114 478
45 181
42 350
9 356
323 249
394 237
123 96
443 221
6 243
354 339
349 321
58 189
6 353
52 148
420 256
353 384
369 324
262 161
134 136
66 195
291 361
394 331
97 34
258 156
132 296
462 201
206 379
67 36
106 421
446 167
260 28
105 458
66 222
282 2
195 443
51 177
393 46
197 494
324 200
349 205
359 154
259 393
235 75
404 300
7 317
79 349
397 421
333 114
227 28
472 55
212 79
60 426
6 380
333 341
189 244
126 459
470 87
403 401
345 10
118 444
110 139
371 180
214 151
152 402
368 176
461 230
453 373
350 154
354 210
180 309
366 441
365 497
358 305
226 306
385 91
81 378
423 228
236 334
242 40
36 260
124 100
405 12
364 385
286 298
409 381
56 338
369 129
398 271
373 388
285 149
195 110
425 199
315 339
266 422
93 371
479 219
341 499
154 131
330 266
201 15
142 4
430 62
22 388
468 427
453 182
242 176
138 431
473 327
32 411
385 413
471 434
203 170
301 64
85 177
359 441
424 167
289 147
258 387
455 232
199 299
247 115
76 54
326 142
105 239
221 189
323 268
122 201
60 38
273 440
420 311
231 391
388 106
369 493
150 463
183 349
95 290
15 478
314 29
184 277
199 86
457 449
125 388
-1 -1 -1 30390 -1 -1 -1 -1 -1 -1 -1 -1 -1 26193 -1 -1 -1 -1 -1 -1 -1 -1 -1 -1 39514 8659 49364 -1 23358 -1 23844 -1 -1 -1 -1 -1 -1 15904 -1 -1 -1 -1 -1 -1 -1 52017 -1 -1 9637 54393 -1 -1 19861 -1 18926 29005 -1 35990 -1 -1 -1 -1 -1 19934 -1 -1 -1 -1 -1 -1 -1 -1 8335 34312 -1 19355 2514 -1 -1 -1 -1 2014 -1 -1 -1 -1 -1 -1 -1 -1 -1 -1 -1 -1 -1 7112 -1 -1 55827 -1 -1 -1 -1 57619 -1 7051 -1 49305 40074 55614 -1 -1 -1 -1 -1 -1 -1 -1 -1 -1 8032 -1 -1 -1 22699 -1 -1 -1 5870 -1 -1 -1 55772 64403 -1 -1 -1 -1 -1 -1 -1 -1 -1 -1 -1 -1 -1 -1 -1 -1 18219 -1 -1 -1 -1 -1 -1 -1 -1 -1 -1 -1 -1 -1 -1 -1 -1 -1 -1 -1 -1 10203 -1 -1 -1 -1 -1 -1 -1 -1 -1 -1 -1 28497 -1 -1 -1 -1 -1 -1 -1 -1 -1 -1 -1 -1 -1 -1 -1 -1 -1 30555 -1 -1 -1 -1 -1 -1 31665 30748 44746 1091 -1 -1 -1 -1 62022 -1 -1 48147 -1 -1 37890 -1 6042 -1 -1 -1 -1 -1 -1 -1 -1 -1 -1 -1 -1 -1 7299 -1 -1 -1 -1 -1 47021 -1 40156 42339 49393 -1 -1 11306 -1 -1 -1 -1 -1 -1 -1 -1 -1 24807 -1 -1 -1 -1 -1 -1 -1 55755 62641 -1 -1 -1 30992 4906 -1 -1 53451 -1 -1 -1 -1 -1 -1 -1 -1 -1 -1 -1 -1 -1 -1 -1 -1 -1 19512 -1 46332 -1 -1 -1 -1 -1 -1 -1 -1 37698 -1 23641 -1 -1 -1 -1 -1 -1 33309 -1 19173 -1 -1 -1 -1 54295 -1 -1 -1 -1 10244 -1 -1 62991 -1 -1 -1 29145 -1 20489 -1 2833 -1 -1 -1 -1 23387 -1 -1 -1 -1 -1 -1 -1 -1 36850 -1 -1 -1 -1 51094 65346 -1 -1 -1 -1 -1 -1 -1 -1 -1 -1 -1 -1 -1 -1 -1 -1 -1 -1 -1 -1 -1 -1 -1 -1 -1 -1 -1 24728 56730 -1 63172 -1 -1 -1 41238 -1 -1 -1 -1 -1 -1 58027 -1 21016 -1 52268 -1 -1 -1 -1 64739 33021 -1 -1 21520 -1 -1 27647 -1 -1 -1 -1 43070 -1 12290 -1 -1 -1 -1 -1 -1 -1 -1 -1 -1 5487 -1 -1 -1 43769 -1 17674 -1 -1 -1 -1 -1 -1 43190 32916 -1 -1 -1 24966 -1 -1 -1 -1 -1 -1 -1 -1 -1 -1 -1 -1 -1 -1 -1 -1 -1 63650 -1 15514 -1 -1 27334 -1 8580 -1 -1 -1 20060 35049 -1 25158 61310 -1 62720 -1 -1 -1 26626 -1 -1 -1 -1 -1 -1 10987
7
1 297 1 400 6
0 454 14 195 10
0 157 5 290 3
0 214 7 17 4
1 340 3 226 13
1 222 3 82 7
1 147 1 324 1
