500 2000
156 482
220 280
427 306
409 469
67 203
289 437
417 433
48 196
375 310
342 3
113 361
66 121
71 55
72 473
229 6
475 76
482 34
477 160
19 455
177 159
128 297
399 479
363 81
361 397
242 63
365 173
456 34
490 274
363 226
175 51
236 94
380 140
72 312
319 482
428 368
350 179
346 7
88 277
258 245
300 264
281 434
84 401
376 65
373 384
341 29
79 171
157 476
29 335
209 221
224 24
396 323
207 112
85 345
306 220
178 306
173 233
341 127
154 280
54 221
119 167
16 49
493 450
459 396
183 417
125 492
371 264
446 394
67 148
334 229
88 426
127 480
296 204
3 184
63 371
238 144
498 233
110 342
264 357
215 45
47 347
87 111
12 196
174 490
196 100
113 96
411 71
442 470
88 75
356 423
335 381
260 10
420 436
38 108
309 268
444 460
86 421
331 138
186 157
118 406
262 424
473 62
45 90
345 143
490 427
137 117
455 58
31 64
134 139
112 39
39 459
403 338
464 438
201 484
224 386
451 349
490 332
43 68
487 181
18 201
241 464
471 303
101 309
368 298
141 272
51 254
200 106
449 337
433 359
83 375
316 275
143 303
347 174
419 217
86 460
107 355
139 491
353 38
485 305
417 34
275 462
313 222
199 9
390 83
302 95
325 344
199 2
490 130
20 233
29 226
369 283
14 28
138 361
242 68
459 136
345 32
178 272
79 29
490 288
326 228
302 165
43 390
338 74
413 411
104 60
361 358
467 37
352 202
434 311
390 186
411 313
404 190
394 487
125 384
194 3
67 359
474 172
222 194
409 149
46 479
8 210
293 140
373 317
127 265
243 414
371 77
166 140
33 270
326 357
492 186
146 15
368 127
168 401
499 172
25 137
304 397
259 69
221 245
352 406
196 265
362 69
100 93
194 455
492 269
308 177
261 34
366 330
411 429
425 99
52 380
198 354
487 313
167 62
351 296
79 323
271 376
269 133
444 467
231 353
81 186
375 259
145 326
417 62
170 300
368 277
438 316
361 170
385 113
291 456
371 345
223 257
292 149
177 81
206 356
5 496
426 230
49 274
141 56
251 28
96 364
223 440
417 350
315 331
191 498
251 263
496 456
11 69
175 401
220 144
142 218
24 304
330 227
247 212
407 310
215 211
250 368
14 301
446 273
415 346
165 33
339 233
488 80
68 411
6 85
260 103
38 22
174 461
430 128
215 181
360 270
239 81
6 256
436 306
394 371
440 276
417 54
372 496
470 259
455 92
167 366
114 381
30 142
498 246
104 2
161 237
346 363
37 63
303 359
382 197
309 343
111 113
137 275
0 14
251 379
197 109
315 206
388 477
178 489
450 476
325 77
418 80
118 158
241 225
149 78
201 36
252 477
104 401
362 396
227 215
165 67
286 203
63 233
484 197
48 460
97 325
62 74
409 255
227 414
476 47
259 18
51 345
425 175
139 207
40 365
105 39
234 117
414 402
303 246
63 480
344 458
388 327
313 136
418 445
368 45
127 362
444 429
431 45
301 166
118 205
58 281
282 178
11 204
15 259
441 233
126 64
88 331
59 377
302 15
275 243
314 11
428 62
285 499
176 35
398 298
193 200
152 478
44 269
169 434
341 297
49 451
169 246
201 148
153 200
164 261
31 495
388 368
309 247
409 215
399 207
15 76
390 392
474 180
24 376
151 28
131 354
265 495
439 118
151 81
236 161
413 378
212 278
344 412
238 114
410 147
115 257
417 122
3 295
124 487
253 431
269 146
446 56
247 342
168 260
233 282
302 139
37 49
353 233
17 384
372 280
390 265
316 332
322 410
69 339
347 143
290 183
1 186
56 237
311 25
309 163
138 86
279 105
361 52
346 4
169 376
314 320
331 81
295 30
122 100
88 387
482 344
359 216
10 486
150 78
149 373
275 314
246 198
395 388
7 316
226 38
312 330
476 201
486 429
190 417
136 383
174 287
291 147
408 136
316 256
118 320
480 332
316 253
107 231
127 466
60 18
47 271
413 152
301 100
423 453
476 283
230 359
263 477
39 233
439 305
476 181
399 53
430 300
485 65
367 31
13 362
63 164
206 30
440 266
496 272
278 229
46 398
145 361
387 184
75 52
16 31
401 121
4 299
154 402
380 97
449 380
198 320
366 259
64 379
442 342
33 474
195 497
236 168
121 162
157 313
467 150
427 105
232 41
66 424
122 220
261 223
110 407
109 147
6 291
439 139
142 225
484 180
49 221
312 3
415 151
102 45
93 259
60 261
256 458
459 20
396 165
351 107
143 108
165 430
142 50
231 6
223 69
328 74
390 69
457 400
334 444
475 468
162 30
54 293
294 402
26 467
376 324
111 275
471 372
245 253
412 155
476 228
375 111
91 288
435 35
309 278
483 167
145 204
394 403
107 116
415 158
429 329
160 273
372 363
405 36
403 120
81 20
285 251
210 14
160 326
259 275
452 103
58 95
403 214
9 492
88 333
342 55
108 120
431 235
123 292
103 77
467 167
268 385
97 410
55 120
195 499
149 110
43 296
3 480
232 256
148 478
126 69
383 210
280 341
393 413
104 177
444 374
48 484
470 146
349 131
372 11
85 386
380 288
223 139
403 110
435 490
131 10
38 400
397 143
115 426
480 317
137 267
316 220
363 233
347 311
292 242
284 94
33 411
498 93
24 120
430 183
300 285
116 140
234 2
281 376
347 485
218 436
279 231
103 202
285 105
133 59
220 478
83 97
133 47
480 119
45 342
473 280
34 271
158 5
121 101
481 200
35 308
184 141
341 432
261 338
336 229
16 47
277 324
229 454
371 499
432 6
146 215
395 230
435 166
350 281
119 243
380 191
77 32
497 29
268 482
320 240
356 86
487 268
471 358
173 143
75 374
128 439
230 409
228 58
281 197
112 397
440 492
282 195
349 28
34 133
445 134
122 14
297 63
295 190
358 40
70 345
309 17
415 85
367 152
140 472
22 161
59 251
117 103
59 270
457 32
482 36
488 190
440 444
452 379
477 232
394 355
124 467
273 109
473 47
464 102
403 299
262 274
49 301
299 264
277 121
333 387
262 246
70 463
220 153
72 234
165 96
365 403
157 333
372 51
298 211
40 186
29 272
195 242
443 171
286 147
22 255
146 249
61 230
287 64
486 238
330 226
183 95
437 347
34 154
233 300
73 109
62 57
68 352
15 339
381 224
419 335
487 413
269 122
188 130
366 449
236 225
186 17
258 243
250 298
357 199
116 30
457 401
83 26
39 60
259 298
44 47
316 223
375 449
488 286
383 224
367 430
360 123
33 126
87 282
350 227
27 305
13 12
292 122
429 80
400 106
141 380
50 339
21 167
301 144
151 179
272 103
3 386
270 102
435 56
396 453
36 457
347 338
6 15
490 102
147 429
435 406
49 261
123 244
411 299
107 477
13 321
187 421
263 210
499 413
495 409
465 42
394 231
100 308
295 393
452 200
483 482
8 473
486 38
151 97
332 405
481 486
359 149
269 408
370 38
334 33
61 402
314 375
423 63
110 380
469 424
468 389
48 35
241 84
266 391
73 476
146 325
105 243
199 278
283 332
397 159
171 349
211 214
64 231
340 431
359 282
454 102
331 149
157 418
245 93
20 90
123 164
489 495
397 370
245 22
88 129
79 104
35 142
33 16
443 136
295 145
106 104
18 402
99 109
150 281
467 214
478 420
24 313
324 403
94 240
82 142
441 154
376 137
34 115
452 313
223 240
291 429
419 411
9 450
354 337
154 396
389 340
209 386
184 316
382 123
21 262
3 334
439 319
113 67
324 28
41 135
422 449
227 1
133 348
225 479
198 132
217 399
44 460
426 189
224 376
442 5
304 239
279 150
98 385
270 460
304 13
474 381
450 33
317 39
165 191
379 388
160 35
326 39
143 415
143 43
328 5
66 219
10 458
201 41
287 446
413 377
198 349
269 75
148 96
179 157
20 8
22 109
296 162
486 150
201 474
201 423
212 150
171 111
376 232
374 243
365 462
35 431
195 8
388 441
49 19
203 120
433 230
319 436
434 444
267 422
165 197
94 441
20 249
340 7
280 298
430 303
120 291
286 367
21 283
315 260
25 206
491 344
488 68
377 43
499 187
193 221
124 254
349 79
189 290
474 208
67 242
348 211
38 371
214 443
146 140
351 362
340 111
324 74
131 271
420 79
352 331
388 450
350 141
383 168
496 79
2 425
476 116
315 201
439 452
470 388
327 129
397 45
38 147
261 483
82 388
403 456
336 246
298 65
405 455
249 258
91 11
388 326
145 62
359 407
207 437
483 65
91 87
420 152
95 116
0 423
213 33
39 250
451 423
451 287
57 285
105 114
150 94
28 37
473 326
162 326
403 467
186 168
227 481
368 395
416 191
187 141
443 89
139 244
142 23
178 157
332 57
349 327
158 461
364 78
283 448
318 107
129 155
93 63
383 15
372 110
68 130
393 387
353 349
369 21
88 180
418 177
387 441
9 347
330 9
245 182
392 150
460 390
326 219
184 236
212 207
269 203
390 446
449 332
211 457
317 81
120 387
346 445
212 494
72 105
350 4
107 346
217 300
300 195
356 274
60 253
182 200
399 434
7 102
293 478
64 70
358 347
51 408
187 254
333 322
437 381
405 456
12 395
191 361
23 362
117 121
210 199
172 362
391 116
74 282
304 83
439 105
42 316
137 165
330 339
462 290
407 169
448 42
225 167
188 426
438 51
341 3
310 276
129 250
50 43
284 394
226 261
148 180
13 136
189 223
431 469
228 365
261 239
151 252
144 421
465 96
492 115
71 136
468 110
133 57
80 402
296 153
372 205
302 253
35 323
237 350
431 459
1 372
19 183
288 368
99 290
280 315
5 340
366 363
84 188
254 476
377 216
417 465
327 90
303 323
200 198
163 211
271 292
159 102
185 145
272 384
312 499
112 75
44 102
166 430
258 262
180 233
17 300
367 55
14 499
387 155
311 482
112 283
409 288
470 193
405 327
86 467
395 147
51 73
435 159
379 423
428 129
302 438
397 219
184 88
362 202
93 36
490 290
388 170
267 409
66 217
256 459
421 269
179 208
99 442
395 155
161 124
289 328
411 145
472 134
241 151
446 323
464 264
251 191
490 109
254 11
317 290
454 348
282 140
430 85
73 41
303 18
186 145
94 390
265 402
347 14
2 404
275 369
312 273
63 9
149 220
372 368
280 137
270 82
324 138
389 460
301 81
182 193
141 154
175 147
191 181
337 282
345 113
292 393
493 249
338 87
490 436
174 190
227 224
46 250
259 493
226 210
243 5
206 483
495 376
270 324
206 43
305 293
472 214
98 324
129 361
105 193
407 345
153 477
276 209
248 498
388 149
352 424
52 134
398 449
372 329
485 366
447 316
408 227
174 137
54 455
269 315
310 395
401 301
152 103
499 381
61 284
489 198
140 287
112 443
216 261
203 117
257 118
409 351
247 487
267 195
269 393
292 29
256 479
24 327
320 223
296 333
492 324
468 446
334 248
24 151
176 498
470 41
335 431
51 207
152 246
430 267
386 190
415 253
211 240
161 295
486 450
301 305
256 149
227 372
375 127
245 117
417 85
143 103
19 26
220 224
86 466
233 324
202 343
263 258
349 478
171 151
405 213
381 199
35 345
399 77
362 189
187 96
93 304
157 25
452 332
486 294
491 479
273 297
494 191
387 151
486 164
176 135
79 138
152 143
177 493
213 219
47 425
16 358
431 213
41 331
303 176
87 486
309 283
453 271
395 110
59 483
366 278
162 89
156 331
199 427
367 56
248 193
36 38
457 71
30 318
263 294
440 420
355 268
3 63
126 226
141 191
191 62
202 480
422 202
66 127
171 51
413 464
459 341
431 422
219 413
212 128
158 57
298 237
68 41
130 473
421 15
44 383
131 310
466 493
193 91
400 156
309 145
349 325
101 176
75 132
53 456
162 213
455 72
239 472
348 411
330 98
277 85
126 85
373 498
232 43
141 28
472 321
314 498
329 174
315 134
207 222
485 119
392 157
31 354
278 369
482 465
221 451
103 212
473 38
354 86
206 159
366 86
9 61
177 277
171 47
280 401
160 414
63 310
203 155
273 481
84 348
439 154
464 306
491 79
417 153
302 281
33 221
18 239
75 267
355 349
131 45
348 326
477 343
432 80
233 484
29 427
126 299
293 228
264 262
99 396
268 156
110 192
25 247
225 168
284 310
438 45
228 286
437 187
56 110
414 164
497 262
120 269
246 366
357 490
20 370
319 316
229 232
95 163
279 277
136 140
140 414
51 9
358 340
311 219
403 243
405 335
177 225
277 434
9 240
151 378
288 389
28 74
56 112
78 204
110 230
483 89
76 300
364 204
99 124
120 416
171 96
356 239
308 76
268 430
392 30
399 366
76 466
289 254
456 130
298 374
355 42
26 436
336 143
303 352
73 187
440 274
307 232
392 54
334 374
465 477
487 300
13 324
376 367
106 484
375 74
108 312
398 7
195 38
69 337
362 155
228 377
99 281
394 330
285 444
334 161
37 317
335 291
15 331
254 157
342 437
375 376
16 343
341 393
95 242
2 249
138 411
21 417
497 13
261 493
112 481
412 151
495 103
434 245
30 52
348 478
480 484
376 490
290 150
255 147
455 376
159 287
187 288
227 356
412 280
223 78
212 157
15 191
129 423
236 285
206 468
31 50
5 312
391 317
370 101
480 375
10 147
183 223
324 323
50 321
1 443
333 109
219 239
330 317
270 14
347 388
161 95
204 146
320 106
172 391
327 234
460 199
147 262
266 231
251 478
234 275
261 66
354 451
92 78
395 181
462 267
328 430
314 77
402 285
454 57
82 337
273 37
333 269
255 444
106 266
376 486
310 183
234 206
235 391
233 266
219 268
474 74
249 45
218 334
2 222
294 9
82 75
429 298
316 85
253 250
487 50
216 234
472 455
410 375
414 444
65 99
408 335
151 92
151 182
256 199
229 473
2 229
235 124
113 264
236 424
363 197
162 130
170 132
476 171
329 485
218 360
463 192
51 406
404 220
299 239
30 126
18 160
474 247
306 133
247 208
266 210
356 354
42 286
257 425
286 484
405 185
476 212
259 264
231 347
14 471
37 88
493 497
413 81
156 199
307 2
52 477
8 268
408 356
115 355
124 356
303 434
203 66
421 409
168 163
490 342
338 294
295 352
334 115
0 353
365 326
331 310
249 206
383 26
271 412
166 378
66 451
470 112
493 276
74 305
408 86
414 96
263 435
20 491
131 100
478 423
421 249
18 256
499 98
373 63
299 86
50 251
456 116
272 485
278 485
9 427
474 439
386 307
419 395
272 27
405 293
304 0
130 362
109 30
325 40
226 51
220 86
238 398
289 495
439 5
448 50
86 27
126 135
145 134
432 89
50 423
75 332
302 7
368 124
486 439
412 142
440 215
211 7
262 423
237 348
79 172
121 114
5 361
307 244
353 267
277 90
34 142
45 75
73 170
356 79
321 290
479 380
141 50
239 329
400 195
367 153
196 139
161 28
262 233
314 442
395 102
153 493
139 403
428 48
59 478
261 436
113 205
245 340
211 179
97 457
114 440
317 461
37 458
161 11
161 346
444 82
12 166
159 116
4 17
266 116
33 331
90 180
353 33
415 117
427 94
292 145
220 168
117 8
107 370
20 324
151 374
91 232
114 110
459 144
235 180
237 132
252 260
26 22
203 487
56 420
160 150
42 403
190 454
33 319
388 497
132 442
354 396
154 357
350 200
274 159
332 92
104 85
408 285
98 158
87 270
478 214
39 10
111 218
38 211
402 34
17 484
85 101
414 170
164 364
257 359
119 481
210 23
334 344
270 364
355 155
154 210
220 120
409 343
340 224
294 126
376 58
90 267
167 51
0 103
350 130
141 420
443 29
409 218
333 433
236 239
37 156
21 420
195 159
306 187
68 343
80 280
455 281
58 375
64 187
254 369
286 182
306 266
212 260
352 205
281 178
284 418
341 259
62 122
352 165
46 119
344 378
458 297
326 229
200 149
336 44
384 36
457 416
284 488
330 153
399 188
378 218
462 288
289 323
355 433
250 280
258 323
497 428
126 110
355 120
232 258
281 17
340 69
414 440
498 331
68 283
401 264
71 183
373 193
73 283
111 13
74 11
310 243
62 326
204 363
400 370
27 143
150 105
220 341
69 158
101 120
490 323
157 389
217 345
179 156
184 192
475 296
432 153
24 415
180 323
45 480
312 463
223 47
151 106
439 256
226 142
49 57
82 7
59 97
207 110
68 46
483 242
108 241
377 317
460 200
360 456
478 424
156 399
399 316
195 95
6 320
9 380
122 96
210 354
420 128
87 78
76 389
398 18
472 384
25 65
116 190
175 186
172 165
285 21
394 410
91 294
343 119
458 90
304 233
158 127
9 320
181 172
211 279
383 122
463 297
164 384
433 494
128 481
356 87
37 381
438 214
246 64
151 131
384 134
57 171
405 376
191 164
172 208
332 39
152 310
131 499
154 76
453 35
257 20
80 466
189 260
190 180
426 15
294 450
28 119
381 271
351 301
247 37
400 16
180 272
255 455
384 186
307 6
229 36
350 336
458 326
159 23
256 485
386 380
394 127
96 337
145 60
294 250
121 231
338 113
31 83
427 218
303 60
198 2
155 125
305 285
311 413
486 151
425 428
476 284
473 470
464 485
474 457
495 174
329 60
165 271
67 320
103 359
173 34
469 25
139 133
236 433
43 234
263 432
221 278
53 269
199 172
227 276
77 62
44 458
36 18
383 358
216 184
41 479
342 424
65 77
431 370
278 390
159 251
239 256
468 91
46 292
481 255
28 96
191 394
48 397
419 490
16 199
114 353
11 205
402 286
418 94
397 430
432 232
341 136
422 144
291 450
88 388
15 166
194 189
151 183
73 426
243 312
11 447
400 168
106 452
291 418
194 96
420 413
48 479
184 227
280 140
111 202
331 10
489 458
120 427
166 480
222 56
120 54
369 397
193 439
235 217
189 268
340 491
399 127
17 496
229 258
-1 -1 -1 -1 -1 63463 -1 -1 -1 -1 15581 62351 8377 -1 -1 -1 19922 -1 -1 -1 -1 -1 -1 -1 -1 -1 -1 9826 40183 -1 -1 -1 -1 -1 -1 -1 58898 -1 -1 -1 -1 35038 -1 -1 50438 -1 -1 -1 -1 -1 55527 -1 -1 -1 -1 -1 -1 -1 -1 -1 -1 -1 -1 -1 49717 -1 -1 -1 -1 -1 -1 -1 -1 56539 -1 -1 -1 -1 40106 -1 13029 -1 -1 -1 -1 -1 -1 -1 -1 -1 -1 -1 35993 -1 -1 12631 -1 -1 -1 -1 -1 -1 2957 -1 -1 -1 41954 -1 -1 58173 -1 -1 -1 -1 -1 16247 -1 -1 -1 -1 -1 -1 39905 -1 51128 -1 -1 19441 -1 -1 48960 -1 -1 -1 -1 -1 -1 -1 -1 -1 21973 22503 -1 -1 48132 -1 -1 -1 -1 -1 -1 -1 -1 -1 -1 6854 -1 -1 -1 22009 -1 -1 11146 -1 58679 -1 -1 -1 -1 30300 34092 -1 -1 -1 -1 -1 -1 -1 23593 -1 -1 -1 -1 -1 -1 -1 -1 -1 -1 1247 55098 -1 -1 -1 37543 44853 -1 16103 -1 -1 -1 -1 31954 -1 -1 -1 -1 -1 -1 -1 -1 -1 -1 25756 -1 -1 -1 42474 -1 -1 -1 34768 -1 -1 -1 -1 48482 -1 -1 -1 -1 -1 -1 -1 -1 -1 -1 21573 -1 43865 -1 -1 -1 -1 -1 -1 -1 -1 -1 -1 8708 -1 54235 -1 -1 -1 10462 28013 -1 -1 -1 -1 38254 -1 -1 -1 -1 -1 -1 -1 -1 -1 -1 16769 -1 -1 65026 -1 22256 -1 -1 60228 48088 -1 27630 -1 -1 23630 -1 -1 3838 -1 -1 -1 -1 -1 -1 -1 -1 -1 -1 53794 -1 -1 -1 -1 -1 -1 -1 -1 -1 2834 44564 -1 8509 -1 49237 7922 -1 -1 42124 -1 -1 -1 -1 4473 -1 -1 -1 51212 -1 -1 -1 -1 50885 -1 11854 -1 -1 -1 -1 -1 -1 -1 60079 -1 -1 -1 -1 -1 49221 -1 -1 -1 -1 -1 -1 64969 -1 48813 -1 -1 -1 -1 -1 -1 -1 -1 -1 -1 24621 -1 38723 -1 57443 19156 -1 -1 -1 44984 -1 -1 -1 -1 -1 -1 -1 -1 -1 -1 61486 -1 -1 -1 -1 -1 -1 -1 -1 53581 -1 -1 -1 -1 -1 -1 -1 -1 32490 -1 -1 -1 36417 -1 -1 -1 -1 -1 -1 17071 -1 6814 12966 -1 -1 -1 -1 -1 13548 -1 62400 -1 30192 -1 6322 53245 55963 -1 -1 30044 -1 -1 26919 -1 -1 -1 -1 -1 -1 -1 -1 5123 -1 -1 42140 -1 -1 55504 -1 47215 -1 -1 -1 -1 -1 -1 -1 -1 -1 -1 -1 -1 -1 -1 -1 -1 5684 23518 -1 -1 53500 -1 16727 -1 -1 -1 20985 -1 -1 -1 -1 -1 -1 61077 -1 -1 -1 8668 19005 -1
0
