500 2000
99 391
38 42
460 197
207 25
476 494
332 105
280 491
294 163
143 339
164 120
209 172
387 73
7 321
377 495
462 115
63 334
246 481
112 168
27 373
174 345
449 141
57 164
45 191
364 196
0 322
406 374
482 256
238 19
360 410
60 232
146 199
350 63
330 272
8 139
325 321
313 328
353 137
48 359
328 186
140 111
475 286
274 461
456 471
234 20
126 472
169 34
231 251
245 226
383 187
340 185
125 159
418 141
199 42
434 35
160 456
414 311
447 92
474 462
26 171
63 50
446 355
26 142
75 207
321 450
185 49
263 367
366 324
303 317
391 72
111 351
194 335
20 288
180 9
309 77
153 279
341 30
104 50
81 294
200 440
361 446
305 480
177 326
198 411
498 354
204 148
397 88
336 154
47 43
120 264
68 435
13 203
7 422
321 266
289 370
55 448
402 192
90 364
389 427
11 310
453 12
48 46
357 415
334 475
77 197
379 118
372 331
111 399
130 461
15 433
3 370
164 417
39 112
441 408
112 493
469 314
154 9
328 264
7 52
441 209
378 431
454 469
192 278
353 219
234 484
346 291
68 415
65 67
55 29
426 187
358 228
179 306
94 412
10 30
491 177
331 301
104 16
157 67
120 173
139 24
61 164
5 106
265 314
220 93
306 208
393 412
141 164
456 10
4 234
114 112
104 166
113 284
329 373
357 383
209 45
120 313
142 113
493 334
237 350
102 54
320 109
363 82
72 122
140 423
337 378
224 123
266 0
217 233
165 375
445 390
249 75
281 37
136 226
250 161
349 272
280 6
469 91
495 395
418 425
234 244
358 280
401 183
419 179
317 192
100 124
440 0
418 498
273 394
476 150
460 183
223 296
123 427
66 464
304 215
449 366
172 60
147 331
293 4
487 202
383 436
250 143
34 261
202 258
162 206
202 63
219 424
368 318
439 295
38 141
350 463
406 180
240 382
313 24
273 271
480 25
244 209
59 86
171 43
496 300
299 384
474 6
343 477
392 374
481 5
215 104
33 100
286 224
441 397
291 39
415 215
310 326
449 49
11 441
168 402
449 166
270 342
304 25
94 113
138 83
250 284
455 268
244 323
117 26
435 368
273 78
477 214
181 446
187 411
281 122
339 100
167 349
3 136
367 119
415 187
407 40
427 362
268 0
143 497
98 408
296 41
131 91
235 231
278 246
58 86
326 327
439 15
166 417
454 328
165 284
169 96
383 268
483 249
66 393
74 123
253 269
454 433
139 423
443 34
421 242
322 416
96 428
476 300
226 310
89 244
154 220
415 432
164 447
173 65
239 46
194 96
345 447
249 408
143 476
383 55
98 121
404 254
161 261
17 395
271 301
58 453
161 308
476 135
361 44
101 495
168 455
205 130
116 308
334 325
242 281
449 295
419 299
472 3
425 319
334 61
166 18
352 221
479 315
51 309
39 495
342 88
414 421
192 239
214 398
478 73
113 332
240 211
153 395
18 360
40 60
63 468
344 381
255 6
312 35
363 20
264 308
134 314
265 274
103 487
484 23
396 102
70 158
292 425
436 183
297 428
495 36
426 477
30 406
23 67
489 340
400 32
408 263
306 245
212 407
241 169
235 449
259 3
130 111
348 279
83 314
341 291
6 413
424 297
73 137
20 228
297 457
203 45
91 255
295 348
144 473
97 258
58 178
175 227
107 342
482 57
455 472
260 408
58 74
171 4
228 488
125 236
164 430
192 248
195 206
365 414
256 387
447 326
83 459
146 169
383 489
191 429
203 380
270 404
409 127
241 435
121 342
3 103
191 485
221 265
371 87
22 342
39 82
474 294
448 249
125 195
290 274
155 370
183 346
89 451
100 322
280 302
143 68
294 273
297 489
446 280
434 461
315 180
112 397
162 30
450 458
474 332
22 340
403 166
448 493
3 430
348 127
258 438
360 266
453 73
265 471
200 376
499 493
1 86
321 441
319 112
402 344
216 50
294 405
1 274
93 354
301 344
410 32
53 394
476 11
255 9
362 77
47 261
275 225
346 353
451 197
236 327
375 499
410 347
312 58
80 120
55 284
36 177
497 319
204 217
2 60
220 361
30 463
475 412
176 353
379 373
437 69
2 316
438 278
357 294
68 0
33 497
348 395
94 193
350 204
297 211
455 499
3 253
226 499
249 379
440 174
491 301
287 184
198 367
339 237
50 54
250 352
470 281
1 255
397 76
203 352
182 75
118 323
134 407
124 432
22 148
116 197
184 338
202 205
124 299
439 454
233 370
37 55
409 484
204 254
78 401
340 206
196 10
101 283
171 346
460 248
364 319
183 322
25 285
441 429
342 437
81 97
369 472
276 102
116 439
236 394
152 125
117 169
137 69
222 139
349 407
110 220
237 9
47 38
421 466
123 178
250 185
62 259
130 95
330 67
265 4
298 441
146 90
485 180
413 327
319 435
494 347
326 35
254 300
418 441
284 372
416 253
131 489
5 300
337 162
351 454
218 371
436 58
157 215
246 216
201 52
299 182
409 98
0 404
478 38
40 430
474 254
283 493
135 370
31 100
220 461
35 394
283 379
475 376
47 260
323 452
42 347
354 215
227 360
281 221
495 491
460 246
355 465
130 201
433 116
291 492
184 420
128 263
498 278
451 69
396 55
286 183
166 245
260 231
370 79
137 175
7 169
481 171
309 492
498 130
195 328
451 154
456 105
243 267
16 77
300 246
469 278
264 285
237 311
472 281
447 379
79 474
285 380
210 181
243 208
47 23
402 115
413 124
116 57
183 146
425 392
199 257
205 435
98 474
240 54
463 42
194 1
171 202
226 81
398 304
24 331
172 32
348 3
260 490
421 39
59 56
234 379
309 199
356 248
112 233
247 215
117 16
429 442
366 216
359 137
292 257
242 372
480 67
376 227
420 379
218 87
52 481
321 429
381 287
488 257
391 479
405 190
183 46
40 34
317 485
95 192
38 285
415 468
23 365
389 191
341 185
492 296
264 103
406 324
64 155
101 289
493 22
21 310
290 49
425 340
240 446
79 393
207 91
171 236
191 239
190 179
81 367
213 98
448 431
303 261
322 274
481 57
23 188
228 202
160 444
34 103
436 87
232 272
436 407
324 256
449 90
475 223
416 115
493 148
314 388
65 457
209 275
171 291
200 177
226 185
378 362
250 475
160 498
481 38
186 471
76 309
485 51
52 498
16 97
277 116
305 74
237 367
164 311
2 419
453 490
261 2
481 426
153 66
7 445
215 185
490 425
436 364
2 361
435 253
186 134
96 182
163 454
128 452
112 394
245 279
278 281
261 171
333 237
408 453
364 189
351 465
411 246
294 281
293 370
108 494
100 307
58 431
245 413
308 255
37 398
34 164
82 88
490 291
184 442
319 111
289 470
458 45
156 133
431 486
439 120
317 266
167 263
263 107
241 489
417 191
467 289
441 223
329 274
2 464
172 471
457 288
179 314
445 213
42 377
97 170
1 284
327 397
147 365
221 482
427 127
383 266
9 80
106 239
269 312
69 474
286 418
5 422
386 31
15 259
104 414
414 258
25 357
374 498
197 472
354 97
142 181
319 166
106 361
100 133
444 401
211 164
111 55
339 440
441 164
287 82
488 235
196 390
82 102
84 224
193 357
137 425
338 9
228 445
267 499
116 246
224 334
319 456
492 250
430 16
100 122
452 46
182 106
228 12
35 338
192 267
174 425
488 104
266 416
423 155
452 160
434 216
30 409
54 92
241 5
389 58
370 84
171 71
165 430
288 170
289 349
196 318
379 375
313 285
410 229
334 271
130 444
313 13
405 315
448 443
471 225
148 205
69 370
18 437
219 261
424 331
325 472
85 468
468 456
219 168
436 294
415 38
154 102
436 254
111 120
87 428
77 361
89 337
269 492
360 336
191 230
371 284
273 261
51 21
109 378
117 112
165 294
10 448
105 281
251 486
68 423
229 214
72 43
241 67
411 464
48 461
145 360
335 452
351 280
375 248
310 364
469 283
25 148
142 310
439 366
275 9
449 338
177 368
217 298
174 84
50 296
220 156
425 205
354 372
206 346
341 234
418 189
426 309
330 275
412 177
143 290
158 226
365 146
268 134
367 348
210 227
319 78
498 174
428 152
411 468
489 486
494 448
323 287
485 335
47 254
460 225
209 141
348 436
83 481
469 265
103 474
355 498
5 136
234 49
111 53
222 424
310 378
105 152
307 142
297 468
2 184
181 456
391 443
196 92
179 110
390 101
11 425
344 86
246 376
441 480
222 74
64 56
306 493
480 113
463 134
218 390
441 361
401 107
464 490
256 453
321 18
200 372
394 485
246 209
156 473
322 226
117 456
126 285
183 161
425 165
20 45
466 220
409 255
414 363
6 492
426 428
60 73
279 184
494 166
145 304
150 181
264 32
70 15
354 84
299 275
488 125
100 432
238 18
366 187
154 261
361 435
241 287
240 215
484 51
76 382
159 487
481 177
56 427
8 479
496 194
360 193
371 182
147 130
23 395
87 336
236 296
328 209
66 330
78 91
283 456
53 128
200 209
19 280
277 117
195 166
4 272
72 183
28 263
161 93
410 315
413 42
297 342
87 480
335 440
200 293
72 97
84 23
228 120
330 253
286 178
482 403
99 440
206 37
111 371
162 136
472 314
426 317
236 265
338 264
496 331
145 6
366 298
115 171
227 282
109 318
134 462
126 43
344 350
298 289
434 204
388 402
253 231
294 92
247 187
148 226
289 176
366 477
80 481
222 230
222 189
426 228
173 158
59 396
404 384
176 199
253 234
182 100
31 162
55 96
77 498
11 327
79 429
139 248
92 222
56 398
485 203
306 474
226 318
344 189
111 293
138 407
152 315
373 69
394 477
379 124
54 130
91 483
115 167
386 124
371 342
82 54
178 54
162 426
250 231
447 19
411 33
384 67
46 50
438 453
156 437
322 206
173 334
145 466
274 401
447 112
36 125
442 392
280 50
250 13
79 221
335 234
272 166
394 391
257 100
135 341
296 461
432 288
459 386
394 476
462 278
499 113
143 210
143 351
235 436
186 41
337 493
225 367
179 175
231 273
376 308
258 164
476 31
66 380
492 150
407 237
74 137
458 461
147 341
292 286
440 220
68 271
361 48
85 117
240 92
270 206
364 388
391 180
89 327
66 214
466 443
78 237
436 242
294 243
156 462
456 429
424 214
322 468
108 363
470 117
115 140
468 242
429 369
341 2
64 268
457 277
339 388
456 317
19 357
460 34
453 483
275 149
90 210
469 253
399 381
4 66
325 309
493 9
297 320
410 334
174 401
177 264
237 278
210 479
292 444
357 360
245 82
286 479
296 29
197 449
119 60
178 377
176 150
137 328
258 129
316 284
218 185
455 443
320 209
231 343
453 260
313 346
131 68
281 260
398 80
459 259
492 179
365 275
288 297
181 335
371 183
242 23
98 21
176 448
61 411
66 107
57 417
306 125
106 403
166 395
75 201
109 304
13 180
98 362
493 189
342 182
317 208
401 443
85 59
358 38
396 235
331 289
218 214
386 479
12 117
329 78
383 389
491 465
276 317
7 311
390 285
348 320
213 307
193 435
57 83
137 475
256 12
41 379
195 199
445 179
216 51
246 5
482 200
418 58
6 189
258 116
423 366
12 207
321 485
191 8
59 217
95 197
197 260
467 281
282 217
169 113
57 396
190 342
419 126
445 475
151 52
166 280
135 441
168 212
433 448
446 269
119 428
299 147
457 109
412 392
338 432
325 195
291 33
64 139
57 448
429 72
80 1
16 232
32 60
299 193
360 230
496 323
464 415
319 306
447 142
327 103
91 134
466 480
349 384
261 168
340 475
211 11
477 187
384 421
404 406
445 189
341 128
359 304
341 310
379 288
465 224
481 21
309 108
434 5
25 227
176 457
27 101
417 433
404 323
389 85
304 107
236 145
363 148
221 419
303 314
32 390
210 263
307 360
1 62
350 403
422 492
472 392
294 471
16 103
125 304
380 440
429 252
378 48
469 172
209 110
105 315
273 480
411 353
318 411
477 237
386 95
314 430
379 224
375 137
167 333
476 469
484 413
5 132
67 440
338 98
495 162
138 417
141 232
369 197
355 151
252 65
308 318
134 386
44 193
118 233
307 185
239 333
412 1
36 10
158 110
344 338
410 490
138 191
473 490
98 209
16 39
405 383
160 248
381 421
257 300
406 318
49 483
449 198
233 388
381 144
86 84
274 145
201 291
87 4
326 18
288 85
421 62
151 173
495 347
181 459
12 349
31 487
67 282
497 282
242 482
444 159
470 307
24 360
232 454
339 456
151 83
276 220
294 272
100 238
450 13
153 68
46 208
372 299
302 211
133 425
243 56
247 104
346 80
108 178
60 385
400 126
177 52
367 411
84 155
378 136
232 269
370 53
231 83
295 84
424 119
284 244
306 301
193 21
41 199
127 290
399 331
7 134
170 127
436 213
108 222
483 257
80 377
416 70
352 457
62 120
25 419
272 437
395 197
26 339
300 200
129 88
293 5
394 482
195 42
267 324
177 161
194 208
64 435
89 234
138 198
159 38
91 193
155 269
410 311
290 3
218 143
421 368
481 203
38 4
140 357
461 203
384 394
346 116
222 360
42 486
167 300
267 413
184 305
86 174
263 391
142 381
8 315
406 190
299 186
367 474
430 170
346 452
362 374
423 381
120 271
251 135
465 39
278 461
203 256
117 73
450 332
469 323
226 456
206 188
477 156
55 73
303 305
443 296
486 172
71 488
107 85
426 64
485 58
39 377
266 428
226 211
319 355
147 442
260 397
235 281
210 219
239 27
454 494
61 180
497 21
415 192
66 10
151 471
487 360
465 289
160 142
348 4
183 404
401 241
325 154
165 104
46 257
62 192
462 207
130 466
187 234
152 168
232 101
305 369
415 150
89 180
436 357
46 247
284 211
102 144
188 49
260 179
135 9
328 478
297 381
199 77
373 86
113 215
90 227
308 188
332 136
123 208
23 106
31 428
101 298
201 326
402 326
359 421
80 64
74 64
298 111
411 336
168 174
418 382
362 384
315 419
286 46
44 289
80 181
66 367
203 394
460 482
280 398
95 241
324 443
410 60
331 321
53 341
303 175
444 454
245 188
190 413
231 474
97 266
459 480
409 354
332 331
357 146
211 75
319 338
475 69
360 350
149 44
258 16
124 209
198 291
141 205
455 322
397 267
359 429
470 387
78 194
267 496
365 208
386 258
135 103
12 122
337 302
258 222
133 384
142 292
289 14
395 147
37 159
308 380
209 55
150 200
57 96
97 439
404 252
432 0
244 496
480 413
494 192
144 221
200 224
245 107
17 325
130 402
96 108
352 252
224 408
333 412
88 137
327 87
286 261
323 218
225 167
249 230
175 144
155 193
421 67
391 318
211 173
393 212
441 331
405 249
478 423
440 343
443 423
114 202
477 188
170 421
468 56
346 179
156 288
145 291
50 81
260 256
240 93
62 38
434 324
364 142
485 254
251 446
413 230
230 397
227 318
354 173
353 283
19 265
310 336
75 429
423 51
186 122
303 447
59 258
43 406
179 231
74 254
16 218
288 244
183 282
377 177
372 311
242 127
237 379
344 275
292 156
193 127
259 124
257 379
49 126
0 280
183 471
42 364
447 378
316 152
335 19
52 459
34 383
240 279
383 82
350 268
384 205
374 373
391 466
392 80
68 85
65 59
97 393
429 64
443 338
85 430
259 460
391 306
331 169
4 275
31 87
134 27
320 139
187 286
364 300
352 56
444 136
291 78
124 347
166 122
184 266
454 480
401 124
52 105
465 481
485 348
497 12
169 376
321 13
379 202
73 27
40 53
235 365
428 345
405 257
44 12
113 452
228 347
145 263
99 145
327 8
439 357
5 186
18 186
274 100
134 18
479 461
159 435
64 52
429 496
135 72
233 292
384 302
159 332
80 297
299 339
88 317
353 146
380 243
464 150
397 65
361 372
407 262
178 151
405 478
266 194
205 35
98 251
293 35
27 118
339 405
210 274
373 293
111 321
261 62
342 338
17 311
328 184
112 479
307 175
431 16
354 207
148 400
421 461
463 477
273 166
401 47
463 206
363 126
323 442
399 337
28 367
162 27
162 251
101 359
43 314
203 44
330 499
392 72
29 269
337 28
45 123
231 149
273 319
110 386
30 64
123 425
303 96
223 181
356 382
16 32
361 6
245 372
88 479
474 188
289 383
29 407
373 20
104 396
460 311
443 451
418 4
254 465
250 288
464 250
337 499
273 89
265 399
225 45
471 488
332 396
112 395
99 212
211 76
358 394
466 140
303 414
213 10
341 220
451 85
63 463
92 47
141 413
359 279
475 248
0 218
227 204
105 17
420 438
443 67
31 85
190 351
184 36
205 334
38 373
40 206
477 84
429 219
145 408
176 32
32 113
314 2
379 67
262 349
118 319
333 284
484 99
0 206
299 163
22 119
174 467
421 238
64 493
384 27
140 457
99 251
469 467
403 196
337 163
386 404
324 455
207 174
438 418
85 131
411 333
350 212
365 156
436 152
461 357
79 177
212 164
475 124
371 143
490 162
113 216
477 22
375 403
177 379
250 159
131 192
336 167
425 70
221 203
302 197
225 89
297 488
63 409
42 168
184 60
409 417
92 342
201 93
365 234
453 86
461 235
43 255
226 446
451 367
479 271
161 288
329 42
34 127
111 265
399 276
305 85
229 210
486 162
148 34
409 21
161 404
479 204
346 68
28 16
13 292
172 29
315 231
478 98
352 377
299 439
177 231
330 449
477 17
60 240
360 342
85 176
251 342
360 166
112 21
29 288
39 27
123 183
421 390
395 312
85 278
160 200
201 402
170 161
442 440
157 160
126 145
141 318
400 406
147 379
234 159
179 369
81 24
66 3
16 53
192 462
270 24
457 219
410 246
141 345
318 315
18 86
270 178
242 32
472 17
383 244
212 149
129 424
63 28
256 335
175 226
143 53
323 456
276 129
410 132
32 20
140 488
457 451
422 61
209 84
343 270
207 404
1 435
1 248
-1 -1 -1 -1 -1 -1 -1 -1 -1 56368 -1 -1 -1 -1 -1 -1 49514 -1 62524 -1 23689 -1 -1 -1 -1 64996 -1 -1 -1 22749 -1 -1 -1 -1 -1 -1 -1 -1 -1 11294 -1 -1 -1 25308 -1 63323 -1 -1 -1 -1 48713 49161 11115 -1 42476 -1 -1 -1 -1 -1 60678 -1 -1 21238 -1 -1 -1 2152 39199 -1 -1 -1 8623 20199 53552 -1 41812 -1 -1 -1 -1 -1 -1 -1 -1 -1 18091 -1 -1 -1 29102 -1 -1 -1 -1 -1 -1 -1 -1 -1 -1 -1 -1 25942 -1 -1 22772 1993 -1 -1 -1 -1 -1 -1 32129 55846 50304 -1 -1 -1 -1 27937 -1 33880 -1 -1 -1 -1 -1 -1 59059 11812 -1 -1 58630 142 -1 -1 16786 -1 -1 -1 47575 -1 19201 -1 -1 -1 -1 39035 8039 -1 -1 -1 -1 54077 64524 -1 -1 -1 -1 -1 -1 -1 -1 -1 -1 -1 -1 -1 -1 -1 -1 19143 -1 -1 -1 -1 -1 32897 -1 -1 -1 -1 -1 56183 -1 58618 -1 -1 -1 -1 -1 -1 -1 38642 -1 -1 -1 58105 26443 -1 29400 -1 -1 -1 -1 -1 -1 -1 -1 -1 -1 49521 -1 -1 -1 39167 -1 -1 -1 -1 -1 -1 -1 -1 -1 24473 -1 -1 -1 -1 -1 -1 -1 -1 -1 38200 -1 -1 60774 59641 -1 -1 -1 -1 33488 -1 -1 -1 -1 -1 -1 -1 -1 -1 22367 -1 -1 -1 38236 -1 40599 -1 -1 -1 -1 -1 26703 -1 -1 -1 -1 -1 34654 -1 4635 -1 -1 28384 -1 21514 4862 -1 -1 31902 -1 -1 -1 54593 -1 -1 19497 51860 -1 12590 -1 -1 -1 -1 -1 -1 -1 -1 65495 -1 -1 -1 -1 -1 -1 -1 47305 -1 -1 59820 54220 -1 -1 -1 -1 -1 -1 35260 14273 2235 -1 57228 43078 -1 -1 -1 -1 43792 20712 -1 -1 -1 -1 -1 -1 -1 -1 -1 -1 -1 -1 -1 62666 -1 -1 -1 -1 42583 64520 49971 -1 11733 -1 60902 -1 60186 -1 -1 -1 -1 11185 61542 -1 -1 -1 -1 10286 -1 -1 -1 -1 -1 -1 -1 -1 -1 -1 -1 47047 -1 46186 -1 -1 22831 -1 33755 -1 -1 16649 -1 -1 48077 53887 -1 -1 -1 10071 -1 27729 -1 24707 -1 -1 -1 25670 61199 -1 26708 -1 -1 -1 -1 -1 -1 -1 -1 -1 -1 -1 -1 -1 -1 -1 35205 -1 -1 -1 48766 -1 -1 -1 -1 -1 -1 48533 -1 -1 -1 53393 16832 36737 -1 -1 -1 -1 64877 -1 -1 -1 -1 -1 -1 -1 55883 -1 47769 -1 -1 -1 -1 -1 -1 20690 -1 29311 -1 -1 -1 23065 -1 -1 -1 -1 -1 -1 -1 15508 -1 -1 -1 -1 -1 -1 62030 -1 -1 -1 -1 62862 -1 -1 -1 -1 2133
9
1 262 7 451 13
0 320 9 309 6
1 89 2 278 14
1 120 5 314 15
1 302 14 392 7
0 447 1 385 6
1 417 7 129 12
1 369 12 298 2
0 48 5 496 14
