500 2000
78 483
488 2
415 196
306 74
484 4
106 54
69 232
482 458
355 439
331 478
301 332
459 149
28 18
426 443
69 176
196 224
267 205
476 167
482 201
415 136
470 403
469 352
278 453
81 96
469 281
109 397
275 482
355 67
315 416
168 458
412 498
282 314
101 447
13 189
178 440
126 456
99 369
406 401
67 497
410 157
336 346
356 296
321 396
349 366
430 191
272 114
254 226
384 309
371 223
285 397
158 17
480 428
184 199
490 82
473 378
367 237
456 376
452 255
43 300
107 435
335 63
194 306
314 362
1 141
394 247
58 363
475 10
339 185
307 332
238 488
433 95
150 108
466 22
68 198
147 138
311 71
370 481
241 44
387 482
395 10
162 432
129 403
122 160
413 445
354 152
321 100
396 40
499 79
146 477
215 169
174 462
131 168
348 393
316 487
119 205
491 40
130 344
360 290
16 250
371 489
392 324
330 450
269 61
488 311
301 203
244 293
314 112
5 379
451 119
380 144
331 71
15 32
158 257
0 91
56 195
206 403
55 315
230 240
241 240
153 329
89 13
483 69
196 366
5 457
72 175
112 278
275 365
325 420
343 370
308 403
176 159
230 231
111 303
306 87
449 87
449 476
474 293
329 323
469 156
314 279
166 448
114 380
157 380
72 238
169 94
250 331
37 58
430 324
465 136
435 184
51 234
272 324
376 432
105 353
146 211
59 82
429 165
81 118
273 195
300 111
267 74
272 154
249 16
415 228
106 183
458 335
436 246
125 115
262 309
44 492
352 23
353 262
48 120
407 76
149 284
169 198
102 139
52 154
328 169
285 240
25 281
197 226
401 386
264 173
206 120
151 217
499 466
237 482
468 479
196 67
163 260
372 147
4 260
224 372
353 407
193 466
243 485
20 421
53 170
9 101
489 235
24 494
189 448
205 220
116 107
163 217
149 431
155 11
442 327
10 18
278 34
282 360
53 302
485 213
284 436
361 413
41 484
459 479
186 61
35 38
92 41
45 68
65 106
25 309
41 233
119 383
408 242
302 15
94 167
160 402
477 53
176 115
220 131
112 236
376 460
174 175
62 168
303 173
202 76
50 461
404 29
184 362
5 321
116 397
23 262
488 363
319 398
145 313
318 335
27 476
348 443
213 141
6 222
201 392
435 305
63 54
424 250
163 140
297 6
458 474
428 136
427 287
343 234
387 98
396 466
188 190
379 59
481 466
403 362
221 137
117 188
418 396
292 85
94 235
299 195
473 335
23 120
308 55
205 480
107 237
442 377
404 26
185 402
360 61
392 185
370 177
249 336
147 329
394 404
132 382
414 226
43 316
0 182
253 291
114 319
147 41
403 491
375 384
360 314
189 329
149 170
230 435
16 224
372 299
27 373
225 486
164 212
204 405
284 303
492 446
72 262
13 248
284 190
425 41
92 437
135 60
27 471
190 2
354 295
174 8
45 12
464 88
384 212
111 449
448 139
429 339
222 32
269 350
264 364
490 452
211 435
180 298
386 452
314 23
2 121
241 382
138 7
29 273
473 321
236 343
331 319
385 121
352 26
317 80
387 120
435 287
47 206
358 480
253 110
153 34
23 427
359 473
456 340
342 365
440 287
64 247
482 239
272 362
322 463
69 355
117 432
346 441
360 114
451 86
380 312
246 121
423 73
163 456
301 463
185 305
492 212
315 230
281 343
217 333
410 205
297 345
276 184
36 160
468 349
137 86
239 476
266 175
179 228
159 329
357 83
448 428
273 210
475 399
27 197
344 433
55 484
4 13
121 450
294 76
276 55
340 37
432 8
288 499
194 412
26 272
383 42
199 176
26 472
38 443
145 22
65 468
97 60
416 183
74 226
455 217
296 166
74 224
75 103
205 462
353 348
371 162
242 22
410 299
21 383
146 415
399 9
284 253
177 355
81 243
94 116
35 471
403 334
86 292
231 269
463 290
76 166
286 221
494 269
94 251
18 392
489 456
274 217
481 81
11 31
112 218
415 34
12 279
469 215
419 448
209 299
70 349
70 174
128 3
491 98
161 357
176 269
296 2
76 385
223 206
491 445
49 277
66 270
410 406
370 162
353 203
70 114
254 10
224 119
208 255
42 167
54 66
289 193
165 110
48 125
404 386
264 378
130 397
318 264
401 263
236 39
442 422
301 146
308 134
393 152
303 488
304 134
45 120
117 28
223 283
339 220
286 133
393 275
379 43
436 376
404 437
310 156
139 179
304 447
52 114
129 271
289 306
67 221
397 10
395 61
491 310
491 375
20 175
320 239
24 335
390 434
62 174
73 436
70 66
371 185
87 459
0 190
214 310
377 466
478 126
188 431
76 453
128 52
366 451
279 85
18 41
14 137
365 383
94 161
129 414
73 160
496 470
354 170
70 98
498 337
296 333
155 387
291 341
102 199
403 76
261 33
358 221
427 225
386 298
448 157
40 384
418 274
170 449
217 228
409 1
26 356
40 299
313 44
228 61
236 132
322 3
309 6
21 38
204 373
236 1
23 278
329 227
327 120
325 214
245 230
122 268
390 189
28 393
453 458
124 456
297 448
292 160
72 109
1 130
250 61
257 341
367 300
163 6
160 56
182 481
445 394
361 211
484 122
447 375
371 319
163 162
393 459
460 144
352 85
415 16
267 199
206 43
53 274
44 270
254 397
89 385
219 59
13 281
102 162
167 396
359 204
122 26
413 190
184 368
314 305
294 440
245 33
71 468
334 75
258 160
359 301
315 459
104 312
303 495
374 353
171 122
330 175
109 362
336 276
315 144
244 99
2 111
461 37
85 48
22 137
113 40
257 324
87 188
122 401
499 456
374 182
178 397
173 155
45 228
262 499
236 451
44 373
301 191
291 208
469 432
442 295
236 266
34 275
329 312
233 65
495 153
285 181
158 47
163 143
49 305
403 34
0 183
361 121
345 425
357 71
235 422
142 403
124 199
262 63
59 305
128 476
70 27
375 302
43 472
440 416
213 473
110 162
426 271
13 258
75 67
465 47
499 427
142 12
273 135
469 60
72 231
350 84
31 335
143 279
427 75
111 213
430 299
280 7
3 482
468 72
428 349
164 258
64 11
81 397
371 451
29 59
374 109
124 167
497 25
63 225
21 80
397 290
121 382
137 236
335 223
353 213
339 218
200 287
319 364
347 277
50 109
185 242
426 470
384 26
287 318
434 286
213 413
103 343
463 62
9 24
270 482
71 212
26 226
474 130
263 176
95 316
112 403
494 260
85 285
349 425
411 413
392 132
244 492
344 366
427 197
395 251
156 140
196 157
274 286
194 417
34 166
212 383
129 306
115 299
170 163
204 39
168 306
94 166
182 18
440 470
296 8
82 387
470 7
440 195
357 302
367 453
483 421
108 85
222 483
204 166
436 392
336 413
77 203
449 209
13 467
172 233
397 247
483 448
137 310
15 64
322 46
294 191
327 362
304 173
423 195
135 98
107 132
185 258
170 417
288 291
253 312
417 358
143 111
133 125
316 294
120 182
121 360
362 345
437 191
280 13
373 223
285 258
12 234
49 442
97 258
76 102
337 331
127 102
464 487
176 420
142 250
231 187
71 465
460 489
452 42
229 33
234 305
27 29
210 74
405 337
164 114
80 353
235 371
363 454
366 302
368 281
216 287
483 346
405 130
469 372
400 217
63 342
276 105
462 93
202 41
313 122
392 183
87 454
125 266
5 240
329 150
73 231
487 337
6 96
405 437
427 129
347 381
72 254
480 252
307 379
252 58
327 8
413 29
451 69
368 366
285 479
446 279
450 175
17 11
17 138
139 260
40 495
15 137
11 282
162 459
384 425
321 409
182 115
497 312
162 240
286 306
63 389
45 386
362 177
242 489
393 400
247 260
172 248
21 281
435 65
440 245
212 47
151 293
464 278
97 473
181 317
19 328
398 468
151 81
38 157
415 129
300 365
93 309
484 117
302 224
455 253
58 461
312 298
426 213
30 239
485 13
459 83
494 305
304 242
101 262
153 21
116 310
429 87
163 48
246 412
335 303
421 196
443 197
375 407
51 197
420 212
205 63
349 123
413 469
312 74
47 444
235 367
114 182
468 445
152 79
428 17
187 471
349 482
253 149
324 111
217 76
6 361
306 283
105 196
417 432
85 30
384 426
376 485
448 365
459 212
497 327
373 76
444 282
485 185
420 259
284 493
180 264
438 8
202 47
212 294
53 296
435 342
331 11
335 182
52 377
328 331
310 419
314 186
9 70
494 428
427 307
188 350
150 282
207 143
386 194
225 102
474 479
298 418
141 46
321 221
131 320
324 107
340 463
89 109
250 191
51 395
286 125
193 483
230 111
382 69
40 399
98 262
210 442
415 40
292 463
308 330
402 52
257 418
455 166
457 221
462 170
102 234
307 317
88 69
397 295
360 176
163 210
166 129
469 35
220 329
94 22
280 310
478 423
329 294
215 155
427 414
341 326
266 290
5 433
498 472
79 161
82 397
16 496
384 12
278 436
421 394
177 305
218 85
282 141
68 25
444 309
249 200
312 71
220 371
284 217
369 36
476 317
387 89
228 337
218 431
378 60
205 323
272 346
10 240
105 128
26 482
276 232
332 299
310 161
339 266
215 56
385 365
345 239
445 170
469 133
219 167
375 257
304 461
103 499
213 112
272 378
239 305
267 240
272 280
372 376
73 84
375 496
106 82
106 441
303 213
167 485
445 276
57 392
177 466
177 271
129 115
117 493
441 357
480 414
45 214
152 12
324 399
470 379
37 321
240 497
496 412
263 126
349 430
418 185
198 350
471 421
421 6
311 129
253 121
296 451
206 273
464 318
61 134
301 360
54 222
473 286
385 169
105 363
270 427
228 0
444 62
200 247
388 174
333 38
458 27
437 172
367 289
339 368
158 279
324 242
232 317
498 307
176 388
371 402
15 37
292 75
372 338
362 168
263 356
423 447
177 347
5 119
365 228
300 25
47 10
25 402
348 352
266 263
16 462
195 365
374 49
130 378
442 352
102 383
265 36
27 397
58 175
248 191
297 446
318 154
468 82
96 245
62 19
301 470
28 467
125 312
160 121
477 304
177 77
471 384
211 455
342 322
130 365
461 164
392 442
344 432
64 309
300 460
118 100
287 453
204 228
406 399
360 138
3 111
465 18
351 19
261 440
441 380
113 428
32 198
380 220
417 112
37 472
151 102
107 492
49 162
0 30
133 163
212 200
58 195
371 487
405 224
461 214
224 458
169 279
493 5
248 358
483 173
166 335
422 395
286 342
156 80
381 180
201 79
254 244
43 350
85 327
142 445
378 185
467 244
499 469
256 83
365 128
364 396
18 188
107 453
341 470
313 64
110 42
270 40
338 474
308 487
317 155
209 221
259 304
368 356
151 214
253 94
155 268
306 418
390 139
109 272
339 361
372 388
10 229
301 10
33 132
239 170
237 128
366 192
441 348
224 396
313 315
89 131
469 97
126 283
134 133
50 369
288 37
404 124
147 425
348 104
289 305
309 405
486 252
411 497
4 362
52 57
337 378
228 62
8 66
381 61
191 412
145 318
94 487
52 166
479 227
39 235
462 96
439 314
270 386
457 248
455 494
401 45
208 169
231 362
389 123
357 121
265 11
365 288
209 430
303 358
485 12
138 482
131 381
134 373
99 331
311 277
139 32
334 93
190 362
87 321
161 327
344 87
322 495
9 430
436 340
331 318
443 391
295 210
454 421
359 224
321 395
421 286
81 79
282 407
107 55
366 188
34 122
262 14
97 185
459 19
18 326
306 471
380 416
22 59
119 136
101 50
350 25
318 167
113 442
414 108
136 96
341 86
165 5
334 29
474 448
61 55
436 80
263 328
165 307
90 210
318 60
428 477
234 419
264 13
489 390
283 476
494 61
33 310
300 431
236 86
403 492
62 139
456 255
42 90
461 262
475 28
205 239
59 397
118 340
173 355
381 122
28 472
222 233
242 14
70 365
404 195
294 479
121 423
343 109
91 409
462 228
145 303
419 223
240 251
192 298
349 179
165 381
112 202
210 336
393 247
114 48
192 403
18 240
475 26
212 132
132 419
80 93
288 71
482 470
37 145
312 155
346 367
166 464
95 353
102 348
222 429
21 356
221 167
419 342
149 201
119 174
12 33
239 326
255 314
204 176
204 151
55 94
480 283
9 375
143 6
336 322
31 84
393 379
275 392
471 100
128 425
236 71
7 442
492 313
279 447
7 23
114 473
85 165
69 401
100 239
330 92
465 269
185 187
28 203
300 412
257 444
429 26
52 105
248 328
409 181
106 179
325 300
403 417
163 393
50 63
176 281
42 354
377 386
296 294
270 444
150 302
59 46
11 286
8 303
92 25
53 48
269 336
290 225
200 186
22 290
491 65
38 2
372 290
358 344
392 251
435 428
251 341
75 252
162 493
425 436
447 114
244 430
178 491
421 311
9 109
276 219
422 26
151 29
256 87
66 415
230 124
260 56
422 283
441 109
264 51
237 142
298 291
162 352
156 428
271 122
396 349
48 444
212 20
210 437
101 113
386 13
155 420
207 11
489 341
386 11
476 465
465 28
468 68
304 166
376 375
282 461
24 498
55 82
407 167
217 144
208 47
223 435
322 152
405 389
377 343
264 307
424 0
67 135
39 362
98 272
32 337
358 102
434 323
142 128
286 291
346 452
201 325
13 368
139 430
166 39
95 194
455 497
4 314
450 482
244 115
65 326
76 482
249 34
175 124
492 173
32 214
107 144
111 278
231 11
72 155
313 402
498 393
20 442
46 231
299 81
84 110
71 301
22 171
390 253
166 480
345 418
45 15
30 226
177 344
300 100
141 347
164 233
276 82
51 181
496 448
430 120
203 419
331 431
70 360
239 193
60 225
381 229
400 80
474 287
435 164
396 370
351 295
1 35
178 134
418 212
374 355
399 369
406 172
309 349
59 398
338 454
274 126
18 471
350 22
104 426
444 345
259 307
69 343
471 17
330 471
271 409
393 97
454 12
118 187
44 480
200 348
440 223
201 233
13 268
332 63
124 383
59 118
88 432
84 122
144 36
297 159
310 403
316 420
10 328
341 288
197 267
483 450
373 407
3 470
300 205
215 459
210 260
197 465
499 184
26 233
390 437
230 219
159 326
246 429
435 461
151 374
343 138
189 57
186 213
489 451
148 105
480 393
158 12
245 369
458 439
206 58
285 45
497 250
225 164
415 194
107 276
319 341
439 64
281 310
438 6
201 26
80 213
145 44
263 106
362 323
489 475
296 370
465 68
423 86
382 427
142 273
355 138
369 215
329 192
449 138
383 298
84 103
196 367
2 130
65 185
70 148
319 106
427 381
205 189
177 7
174 488
173 184
486 30
410 120
299 240
258 358
194 131
266 418
125 61
169 261
476 179
414 419
84 142
443 33
8 145
497 445
229 459
269 381
240 86
257 211
374 0
389 204
488 266
204 486
478 439
370 418
273 251
348 270
395 211
323 310
483 375
421 269
406 270
396 201
44 0
24 307
308 30
405 466
430 220
376 261
479 344
267 331
372 84
457 312
342 495
499 97
98 459
295 160
467 192
218 315
470 319
261 498
267 476
97 56
14 218
235 348
14 480
274 34
292 131
94 295
388 423
170 400
332 385
403 52
332 182
34 343
428 15
181 7
462 481
168 493
273 287
108 121
30 133
434 88
315 393
8 260
117 66
271 58
471 202
408 445
167 406
429 346
367 347
371 306
247 301
469 301
88 421
360 446
162 51
5 72
154 443
282 321
82 15
150 324
193 456
360 262
100 178
377 215
480 387
133 282
249 205
498 150
377 188
32 231
35 58
458 153
143 96
142 162
287 346
399 392
169 129
14 324
357 262
44 48
476 159
154 59
484 26
61 402
344 398
6 324
327 348
60 366
38 254
64 399
68 338
326 114
229 489
423 133
178 308
168 446
291 318
446 361
209 23
298 260
57 483
312 313
42 209
311 320
143 342
240 181
353 494
40 223
458 329
218 11
486 179
256 96
472 404
267 198
486 3
39 189
129 96
311 353
240 402
156 65
1 495
378 66
102 337
469 458
17 112
459 293
429 377
309 144
441 162
485 5
343 451
33 294
200 396
273 189
106 89
368 445
282 494
272 54
186 128
23 191
61 277
266 147
348 316
119 472
180 87
243 105
46 154
456 290
42 54
330 380
76 297
191 40
179 496
0 131
241 117
382 244
369 123
159 291
228 248
359 64
207 146
67 240
355 230
231 414
105 41
422 367
275 470
337 48
209 441
244 246
65 207
48 45
117 77
270 322
344 223
212 253
14 10
45 288
299 95
321 68
143 54
214 300
301 474
113 8
251 130
357 193
6 17
413 265
54 495
82 183
416 409
284 186
173 495
229 365
431 306
408 373
250 181
272 428
208 137
388 73
25 63
498 233
275 289
241 63
34 447
202 142
90 472
279 254
323 96
188 135
28 400
471 441
367 362
274 425
436 262
131 244
383 163
202 54
74 474
372 423
23 208
377 222
390 223
288 44
328 198
394 227
100 336
488 404
262 400
146 214
44 113
31 201
96 16
220 479
54 75
262 474
419 240
76 251
173 301
96 149
264 200
442 127
43 295
181 13
301 37
363 328
41 191
305 264
267 49
170 442
155 431
101 383
461 354
119 187
153 433
215 365
55 474
72 30
234 133
325 386
47 498
336 112
156 128
28 191
341 415
102 160
282 453
83 245
369 355
177 238
41 392
449 199
383 131
368 243
202 21
207 56
203 171
308 421
242 472
421 433
282 123
193 164
349 465
160 57
460 362
274 369
222 228
462 195
494 293
379 456
257 469
14 256
31 486
205 458
394 269
431 64
247 6
414 13
266 403
60 423
433 131
159 224
361 447
440 131
473 299
346 58
412 396
477 432
468 387
397 111
187 406
124 400
149 19
183 97
123 291
466 221
322 207
473 446
280 482
243 394
2 265
355 299
133 404
123 263
132 272
34 488
18 459
455 297
412 101
403 353
455 426
37 320
449 443
177 427
490 486
338 387
210 382
464 106
442 196
363 346
-1 -1 -1 -1 -1 -1 -1 -1 -1 8327 -1 311 -1 -1 -1 5880 -1 -1 -1 -1 -1 -1 -1 -1 -1 -1 -1 -1 50943 -1 -1 -1 -1 -1 3473 -1 -1 -1 -1 -1 -1 41093 -1 -1 65509 -1 -1 -1 25094 -1 -1 -1 -1 -1 -1 -1 31533 32577 -1 -1 -1 -1 -1 -1 -1 9388 38561 -1 -1 -1 -1 34181 -1 41735 -1 -1 -1 -1 52225 49930 -1 -1 -1 18189 -1 52250 3805 -1 35139 -1 -1 -1 -1 -1 -1 -1 -1 16561 44068 9211 -1 -1 -1 -1 -1 -1 42 -1 -1 -1 -1 -1 -1 11421 -1 -1 -1 -1 28217 -1 -1 -1 -1 -1 -1 -1 -1 -1 -1 23060 -1 63478 19758 7051 -1 -1 61916 -1 62831 -1 -1 -1 -1 -1 -1 -1 59412 6274 -1 -1 -1 64909 -1 -1 -1 -1 -1 48296 6220 -1 -1 -1 -1 27537 25604 -1 -1 -1 -1 13229 -1 -1 5058 -1 56660 -1 16840 -1 -1 -1 -1 -1 -1 -1 -1 38252 48758 -1 -1 -1 -1 -1 37293 -1 -1 -1 55827 -1 60076 -1 -1 -1 -1 -1 -1 -1 -1 -1 -1 -1 -1 53276 -1 -1 -1 50709 -1 2447 -1 -1 -1 -1 -1 -1 -1 -1 13294 -1 -1 -1 -1 -1 -1 -1 -1 4193 -1 -1 -1 48780 2688 26504 -1 -1 -1 -1 -1 -1 -1 -1 -1 -1 -1 -1 59792 58317 -1 -1 -1 -1 -1 -1 -1 51984 -1 -1 -1 -1 -1 -1 -1 -1 59324 16069 -1 -1 -1 -1 -1 -1 19674 41915 7931 -1 -1 -1 -1 -1 50060 26771 -1 -1 60101 -1 -1 -1 -1 -1 28147 -1 -1 -1 -1 -1 -1 -1 -1 -1 -1 -1 -1 -1 -1 -1 -1 -1 20637 -1 -1 -1 -1 7223 -1 -1 -1 -1 -1 -1 -1 17506 -1 -1 -1 -1 46829 -1 -1 -1 19108 59885 -1 62023 -1 -1 -1 -1 -1 -1 -1 -1 -1 -1 -1 -1 46686 42905 -1 -1 -1 -1 55055 -1 -1 60968 -1 -1 43985 -1 -1 42880 -1 2295 -1 -1 58461 -1 -1 -1 -1 -1 -1 -1 11405 -1 -1 -1 -1 -1 17903 55197 -1 -1 -1 19487 50326 -1 63227 -1 -1 -1 64867 -1 -1 -1 36701 8650 -1 57957 -1 -1 -1 18161 -1 -1 -1 -1 -1 19560 -1 -1 -1 6486 -1 -1 -1 -1 -1 60716 -1 -1 -1 -1 43932 -1 -1 -1 26317 1630 -1 -1 -1 -1 -1 -1 -1 -1 -1 -1 -1 -1 8805 -1 -1 -1 -1 8756 -1 -1 58576 -1 -1 -1 30234 -1 -1 3904 -1 303 -1 -1 40519 23610 7561 -1 -1 -1 29798 -1 -1 -1 -1 -1 59985 58154 -1 -1 -1 -1 -1 -1 -1 -1 -1 -1 -1 -1 -1 7621 -1 -1
8
1 489 1 429 3
0 451 3 469 10
0 466 13 448 3
1 402 11 469 6
0 32 8 65 9
1 483 2 303 10
1 414 4 96 15
0 478 2 43 2
