500 2000
489 164
468 170
258 151
307 100
103 89
159 266
425 182
380 157
357 218
23 20
256 142
423 130
241 117
440 298
87 78
374 241
14 209
290 490
384 185
324 456
311 403
42 389
206 3
304 174
327 443
356 363
362 286
143 364
271 475
105 79
435 144
59 285
10 237
15 177
447 297
54 112
386 161
147 116
60 422
137 294
371 62
252 165
28 486
373 487
368 57
141 493
176 20
18 344
71 279
103 226
403 431
194 104
208 211
114 4
377 128
415 357
465 299
346 137
236 154
239 37
283 29
446 301
378 149
58 303
221 295
35 135
442 300
318 313
34 363
417 209
485 215
458 52
462 53
74 223
470 255
115 373
484 238
53 429
295 64
384 110
208 101
440 452
34 14
242 330
416 35
36 322
440 234
243 257
228 17
355 492
353 276
430 315
431 183
172 227
422 202
192 465
111 155
146 343
280 53
177 90
211 337
189 273
309 403
458 312
19 393
219 448
176 416
76 0
41 122
478 432
273 426
107 412
128 66
61 113
342 188
331 338
429 450
386 395
238 171
231 367
310 180
236 354
471 79
394 164
148 399
198 58
254 53
52 108
95 213
383 264
341 113
117 422
66 18
419 453
171 112
427 18
306 5
26 114
318 227
220 151
176 224
100 341
234 12
18 262
32 208
384 211
156 57
161 251
294 115
244 36
26 10
200 88
239 90
214 493
260 316
293 128
411 459
213 181
108 452
116 215
133 119
141 319
117 147
345 89
169 305
122 319
372 182
201 44
136 488
192 401
333 341
309 458
237 54
340 211
490 386
76 188
193 357
68 361
301 23
302 337
412 478
276 429
208 186
43 164
413 96
371 31
335 458
9 391
230 299
403 343
103 499
454 294
348 272
46 37
439 464
493 354
389 36
150 423
22 137
6 497
363 367
277 185
189 156
5 25
158 25
50 296
233 381
49 233
337 326
234 482
146 277
343 7
254 138
60 90
66 155
174 444
404 158
84 323
476 185
238 32
9 369
257 176
207 25
351 190
422 499
97 232
287 66
271 35
193 346
329 159
337 379
385 221
157 323
64 74
486 389
146 258
15 366
168 103
407 414
235 94
72 22
298 464
440 140
80 287
288 215
481 131
218 229
455 72
206 395
106 123
338 19
409 76
272 181
168 104
324 10
213 482
28 442
401 89
36 70
11 162
184 290
344 318
292 147
344 148
367 377
417 481
400 289
107 418
347 426
45 220
263 243
234 388
304 60
322 236
129 8
346 434
174 407
313 469
353 11
110 287
271 56
475 385
102 248
400 481
50 205
299 28
274 431
311 497
414 494
117 71
317 125
94 16
330 101
259 13
56 477
113 8
118 388
293 173
65 407
8 496
406 232
15 265
456 61
466 407
445 5
419 43
385 88
473 177
226 63
414 367
52 284
32 476
376 280
225 72
9 187
87 327
47 306
115 195
101 302
305 19
326 11
395 150
246 30
403 494
278 101
334 260
279 480
480 473
74 83
205 46
82 111
300 56
472 389
168 292
103 133
183 108
138 240
422 307
162 332
120 245
344 397
58 120
460 362
486 84
155 406
466 276
77 40
358 285
116 477
496 294
222 178
468 372
353 286
33 92
68 373
408 162
443 359
25 364
107 32
478 457
471 460
218 275
171 53
54 430
254 29
10 417
481 168
436 353
324 33
358 471
152 163
280 41
373 376
56 259
60 203
250 176
401 296
481 144
211 67
333 274
383 98
204 285
24 102
366 358
260 434
54 17
327 100
312 399
180 16
269 134
152 424
89 371
262 64
88 188
371 58
47 330
496 108
170 72
59 346
472 482
477 412
136 276
498 55
252 26
319 161
285 332
390 263
42 397
31 98
7 67
283 141
453 383
463 361
96 147
482 30
334 188
59 66
317 499
163 224
373 159
37 48
311 411
433 32
472 380
74 126
156 369
131 266
236 379
408 80
319 157
101 271
168 183
480 0
287 471
278 385
230 23
10 338
141 18
212 495
202 146
281 414
246 340
237 251
288 415
368 393
287 249
259 334
422 409
277 403
367 444
364 306
205 131
302 263
382 226
287 82
182 103
430 150
313 296
18 331
496 98
313 393
123 71
490 154
384 288
377 216
34 330
79 99
1 212
179 36
403 387
426 98
37 387
175 239
264 92
177 205
25 28
346 0
8 243
318 331
247 487
36 64
465 217
257 418
244 131
180 190
424 91
340 2
39 40
292 217
483 247
128 443
311 113
218 190
40 448
315 65
444 130
257 395
313 341
410 241
331 176
492 287
64 353
79 190
251 436
322 26
150 426
189 418
451 247
42 39
246 51
299 494
80 37
78 58
271 124
168 185
41 113
174 251
237 322
43 50
32 49
40 469
40 260
208 476
158 84
477 274
91 391
34 154
444 4
164 122
271 190
461 314
388 257
407 224
70 379
277 45
375 42
481 4
399 417
329 296
250 425
149 309
264 310
459 69
369 291
147 364
371 415
346 72
264 200
109 283
4 153
250 129
391 125
327 81
101 426
247 327
435 366
444 397
58 159
9 129
25 223
385 494
107 72
44 376
303 302
3 45
182 290
108 386
463 243
440 160
125 362
305 66
262 49
475 478
194 220
15 96
386 56
190 479
445 394
470 432
83 130
190 476
302 41
363 463
185 55
481 108
481 359
283 36
214 112
300 211
60 248
221 187
398 494
490 179
448 56
361 275
120 76
294 160
434 470
26 140
79 332
144 266
256 316
139 383
348 295
450 499
309 239
424 73
151 148
326 234
134 281
492 115
409 88
249 151
159 438
113 167
217 413
431 76
249 436
468 479
283 443
477 222
33 79
380 170
148 440
265 85
120 139
34 288
6 407
342 101
164 245
352 127
243 468
346 127
71 329
229 407
346 185
108 62
487 4
98 64
106 321
178 208
223 42
319 50
336 302
72 252
495 213
99 475
163 30
492 249
463 10
254 289
300 174
427 381
328 32
251 227
229 315
421 390
335 343
411 249
333 313
275 458
231 424
51 376
268 368
269 82
445 145
240 155
466 498
164 368
82 216
91 417
0 309
388 326
395 323
495 224
148 62
103 153
4 185
354 467
234 330
340 3
248 101
310 322
326 389
339 40
458 498
126 488
78 310
228 141
206 363
346 382
83 245
248 382
101 455
370 345
486 65
57 441
215 169
43 354
172 371
109 251
329 94
152 325
166 216
368 231
455 367
161 168
166 319
160 105
331 298
352 440
103 171
487 101
137 34
234 3
17 292
272 491
471 294
10 61
270 152
402 182
268 68
115 280
443 280
241 164
491 496
347 153
413 418
464 251
52 21
412 74
184 349
191 218
147 463
254 162
456 67
155 429
140 215
348 243
25 222
328 382
64 2
237 459
238 499
307 355
157 485
195 196
4 229
360 40
458 211
179 438
220 427
427 178
32 267
238 104
204 491
299 392
80 93
132 343
466 210
216 95
25 215
331 40
256 447
499 305
216 207
382 258
197 462
317 162
318 23
210 331
329 2
158 9
154 126
0 274
389 287
339 420
478 106
174 104
18 88
20 427
279 164
355 314
395 192
358 115
18 117
383 223
165 188
78 189
211 438
349 307
410 0
383 171
374 450
414 455
339 24
464 284
147 492
238 47
67 391
324 59
467 439
68 318
14 278
366 160
98 255
141 478
313 423
93 258
28 173
467 31
372 201
210 154
390 369
356 478
32 234
170 237
298 34
366 154
234 113
215 189
1 320
124 76
235 181
250 135
361 252
292 71
169 96
82 184
230 216
366 61
83 305
5 64
161 104
155 169
314 67
332 301
24 353
149 289
301 205
179 41
471 211
231 491
125 241
335 435
249 243
296 151
340 90
322 268
43 166
419 160
265 108
33 31
177 292
403 327
8 204
356 366
390 24
38 199
471 426
156 261
380 245
357 183
362 275
161 353
486 312
78 111
154 225
72 213
205 388
127 410
231 152
323 112
158 381
217 96
22 94
384 369
20 462
200 178
253 87
142 421
379 381
494 271
232 454
439 177
424 495
304 177
163 76
145 324
312 236
487 33
290 253
115 129
47 403
237 370
44 235
43 20
324 93
357 118
257 314
466 401
78 281
154 315
66 467
18 357
33 466
88 7
314 51
368 337
252 273
121 457
346 139
480 434
239 65
244 296
204 77
131 144
429 211
444 166
425 142
371 283
191 464
359 101
277 241
148 351
157 459
122 184
20 417
84 472
349 211
412 403
321 78
497 16
2 193
64 371
304 128
335 348
203 78
321 340
425 268
282 76
277 112
288 443
367 225
484 107
292 83
302 389
480 371
68 374
250 447
221 97
5 352
330 201
268 341
423 77
215 111
150 172
76 368
353 329
225 463
156 131
393 260
155 43
470 463
400 168
478 173
290 452
124 230
249 159
297 330
330 473
299 423
291 38
470 197
254 331
358 151
307 476
42 211
130 490
472 464
339 475
377 433
198 93
444 50
103 415
361 333
5 452
139 254
424 209
261 127
25 264
480 384
182 123
81 421
225 90
338 78
236 175
214 319
55 62
82 371
281 482
473 291
255 36
250 187
466 442
327 230
32 235
215 380
76 463
241 256
62 61
138 315
22 419
220 254
186 348
32 386
266 245
228 383
491 299
95 360
232 489
48 14
189 238
242 86
105 74
433 436
413 88
450 85
319 326
273 330
325 448
397 244
455 271
59 453
231 58
234 121
477 310
131 391
439 116
412 65
308 7
365 320
444 308
449 161
477 241
81 339
392 200
187 496
176 447
281 92
239 256
16 307
190 236
179 243
231 325
474 229
399 248
263 476
371 221
82 155
353 407
334 141
433 95
455 451
231 362
405 29
247 403
242 362
239 214
450 303
287 201
419 301
400 241
291 222
29 465
89 407
21 54
64 105
23 295
199 297
437 21
279 145
480 67
312 117
446 138
43 22
57 207
442 186
178 272
389 2
20 408
38 182
355 269
138 281
420 87
123 221
276 61
491 255
186 395
376 485
499 55
219 48
392 125
179 424
309 378
358 216
497 38
94 193
464 139
212 467
281 164
420 225
240 286
273 234
50 495
356 428
470 370
255 437
300 449
154 423
20 214
7 476
464 334
167 396
186 164
375 422
258 103
94 188
52 145
243 6
163 415
244 343
449 450
126 248
290 187
261 296
167 387
466 464
482 314
228 334
362 24
405 251
74 491
50 491
477 161
284 494
117 13
351 262
414 190
70 101
245 40
252 114
8 316
132 306
331 306
283 314
52 14
308 430
317 105
203 108
8 279
413 499
427 452
308 54
15 475
367 41
252 450
320 492
358 388
5 488
134 268
88 134
435 305
37 441
54 152
315 455
351 451
498 254
214 323
322 70
278 491
6 30
206 165
16 495
250 367
324 1
313 489
151 173
172 316
380 434
457 12
1 62
61 387
174 351
441 329
155 291
189 304
484 234
137 280
264 79
93 376
185 226
138 299
18 167
173 95
214 343
140 407
195 119
167 482
49 324
0 316
363 354
165 147
370 427
109 232
454 387
405 98
115 106
458 164
291 207
105 215
216 218
225 145
95 284
326 417
74 135
313 498
71 381
316 45
46 86
447 18
314 41
236 76
28 88
12 353
326 109
222 289
421 106
328 238
60 473
207 347
236 377
323 22
378 14
170 374
258 134
499 117
414 124
484 454
312 228
408 171
39 124
102 384
177 268
256 80
161 197
460 124
338 441
129 254
67 17
403 12
32 191
335 160
36 474
346 377
113 129
238 17
143 474
457 252
89 99
51 106
129 43
195 299
82 343
331 428
274 125
171 78
321 272
179 38
52 340
244 161
57 32
63 44
313 150
87 190
347 368
65 453
205 256
382 308
201 209
432 36
389 151
61 386
276 407
8 380
70 338
87 77
344 319
444 258
413 258
254 97
23 183
73 101
323 18
466 349
136 355
43 46
289 205
156 391
34 193
263 95
482 483
480 408
120 208
447 143
93 243
156 75
302 68
133 234
48 87
456 201
120 111
478 130
349 217
386 443
448 436
280 171
315 328
182 219
468 336
457 456
377 493
332 286
447 157
152 496
489 346
435 47
287 498
386 423
106 236
341 9
491 201
10 249
350 306
455 67
223 454
422 414
58 170
378 285
2 169
32 313
210 244
112 139
330 364
92 119
260 123
169 309
280 264
373 258
490 175
372 366
112 306
392 461
260 409
465 27
273 467
375 424
11 276
368 354
355 346
437 161
167 190
493 314
132 81
497 241
236 139
213 444
408 144
56 418
74 449
199 83
409 354
253 276
308 30
285 474
120 266
351 104
101 286
274 293
75 62
259 151
0 106
257 293
348 164
190 367
8 160
57 112
20 108
165 339
118 402
420 456
482 345
350 357
284 60
422 136
217 76
14 456
26 426
70 472
212 441
420 256
280 212
108 407
44 78
462 482
208 404
447 443
416 496
415 460
388 488
201 475
423 73
205 395
283 63
2 82
34 127
274 448
300 477
338 242
33 213
387 242
384 69
491 1
118 96
373 239
182 388
430 113
393 422
394 436
70 287
153 365
258 54
263 112
236 146
285 145
173 170
358 117
337 271
141 68
265 141
39 300
175 218
178 159
130 322
422 194
387 180
497 242
465 249
201 255
265 177
445 21
143 446
169 261
269 287
256 95
320 52
112 250
397 391
305 141
181 59
110 488
276 48
118 321
411 89
266 7
464 198
68 389
334 54
341 280
434 455
446 156
435 15
477 158
460 352
159 338
74 222
10 470
25 337
367 79
388 74
95 105
55 233
128 12
140 49
398 402
218 197
48 126
325 253
24 259
483 240
478 2
430 385
73 221
250 358
352 233
179 104
408 9
112 228
393 210
356 469
241 71
253 478
358 488
93 317
327 276
360 5
454 203
35 443
35 444
24 371
493 488
251 173
490 134
187 495
333 91
376 406
490 227
90 210
87 202
107 52
330 78
326 271
162 286
58 23
22 62
154 369
101 428
286 56
225 419
45 194
477 258
238 302
167 188
88 98
431 161
58 386
464 487
301 418
57 39
198 276
296 355
148 400
327 375
80 134
72 351
334 333
497 126
107 218
241 58
365 451
141 49
26 67
421 464
152 98
237 219
140 141
373 260
20 47
409 429
283 436
346 334
37 472
492 309
142 261
15 275
214 282
134 146
170 240
187 381
425 345
346 436
48 22
166 49
170 242
382 436
257 47
149 123
67 465
311 354
361 135
422 469
124 467
378 197
394 273
266 113
1 10
494 343
111 424
467 155
406 160
271 120
278 390
421 475
449 89
338 432
414 323
271 310
252 166
266 426
70 178
51 165
237 11
259 30
268 399
357 296
285 428
113 284
268 314
209 35
470 309
289 327
16 224
254 411
380 461
463 219
13 420
85 62
194 136
446 110
219 421
467 58
117 295
318 243
139 208
172 11
53 325
493 280
150 310
146 40
144 186
285 329
311 58
481 233
345 498
232 142
138 187
16 33
333 449
482 80
224 332
122 356
216 389
65 185
315 413
63 421
334 445
451 480
252 407
141 136
431 314
431 11
137 330
257 90
414 299
478 204
437 188
4 148
131 383
223 252
42 195
232 393
283 444
418 136
271 345
294 80
396 305
455 167
39 151
441 308
471 105
184 302
123 346
34 329
77 209
460 246
213 358
348 368
165 384
87 343
402 12
56 84
86 17
243 174
116 433
455 326
3 155
66 165
280 314
171 236
445 425
176 375
384 313
137 285
135 449
50 63
470 247
160 69
436 376
483 30
196 61
354 131
455 282
32 493
207 8
493 204
215 43
229 154
250 225
498 66
168 403
433 147
366 434
326 173
63 366
107 207
407 216
10 217
277 159
83 206
185 59
225 335
253 107
34 88
239 376
296 473
186 482
64 149
478 14
26 158
157 279
210 307
38 181
386 202
121 179
79 305
435 401
138 445
199 457
258 228
366 301
355 255
338 401
154 383
353 234
378 320
390 499
359 439
470 147
124 220
63 73
262 378
267 215
379 470
447 109
462 370
209 101
291 314
234 300
263 180
56 377
275 493
38 472
47 6
365 271
461 256
437 492
184 394
88 254
331 419
251 86
239 359
94 461
49 236
301 136
213 137
482 492
321 246
339 321
445 471
93 71
125 81
398 303
241 19
172 448
194 98
414 145
383 494
135 37
363 295
273 412
463 74
375 264
99 229
103 227
273 296
118 137
70 237
55 279
407 215
258 178
341 318
302 95
257 188
497 190
80 339
435 475
184 492
143 323
417 295
308 260
43 430
197 422
392 225
59 366
2 264
78 291
78 412
448 189
230 390
222 237
419 335
22 98
100 110
271 273
147 465
91 450
418 82
285 257
128 58
429 73
249 180
253 343
363 7
236 176
50 46
270 37
256 421
142 321
474 388
130 144
89 452
173 421
65 66
355 434
9 164
452 43
5 4
180 293
252 36
493 458
202 226
242 391
215 147
141 117
422 404
333 287
164 490
389 357
189 403
405 267
186 264
104 62
335 453
30 395
427 207
154 381
450 308
147 227
32 478
158 418
172 187
54 225
382 424
164 260
257 105
153 125
499 234
274 255
434 253
458 48
449 196
335 144
50 154
14 57
400 329
28 6
328 15
78 260
255 336
382 366
386 322
48 30
230 282
291 21
336 17
344 313
333 407
354 57
5 425
362 82
435 421
264 333
60 174
460 155
466 261
385 171
230 435
102 459
446 43
264 399
77 370
366 391
451 8
45 462
293 156
355 481
119 177
74 341
200 202
74 97
14 455
258 284
494 419
79 34
102 491
113 390
413 57
81 286
112 67
472 126
275 480
356 39
171 13
266 274
498 241
246 304
127 144
339 104
272 112
296 93
489 378
49 193
1 360
189 44
401 425
463 126
343 44
400 93
340 8
383 169
38 40
165 101
274 139
98 455
5 69
248 361
450 262
208 302
256 229
93 341
92 163
317 159
44 50
68 197
87 254
443 300
399 320
192 70
190 341
235 126
475 345
18 295
72 454
323 273
157 401
468 397
360 130
175 256
283 187
259 346
26 287
186 227
376 189
326 90
467 450
210 419
400 98
338 224
72 207
371 25
17117 -1 -1 -1 -1 -1 -1 -1 13108 -1 -1 -1 -1 35088 -1 -1 -1 -1 28230 -1 7454 -1 -1 -1 -1 -1 -1 -1 -1 -1 -1 -1 -1 -1 -1 23366 17729 -1 -1 -1 38201 -1 38956 -1 -1 62764 34621 -1 -1 -1 -1 -1 -1 -1 -1 -1 -1 -1 -1 -1 -1 62114 42694 -1 -1 7258 46948 20945 -1 -1 -1 -1 -1 -1 -1 -1 -1 -1 -1 -1 -1 58562 -1 -1 10707 -1 -1 -1 56183 -1 51815 10581 -1 -1 -1 -1 38103 -1 -1 -1 -1 -1 -1 19233 -1 -1 -1 -1 -1 -1 -1 -1 -1 -1 -1 -1 30110 3889 -1 -1 -1 -1 14699 -1 -1 -1 -1 16094 -1 -1 -1 35372 32938 36970 -1 -1 -1 6635 -1 -1 -1 -1 -1 -1 -1 -1 -1 -1 -1 -1 -1 5327 -1 -1 -1 -1 44654 -1 -1 -1 -1 -1 -1 65332 -1 -1 -1 -1 -1 -1 -1 -1 -1 14145 -1 -1 -1 -1 -1 -1 -1 -1 -1 -1 -1 -1 -1 -1 -1 -1 -1 32036 -1 37581 -1 -1 -1 -1 -1 13918 9748 -1 -1 -1 -1 -1 32621 -1 -1 -1 -1 -1 -1 -1 -1 41153 -1 -1 -1 -1 -1 -1 4110 31075 -1 -1 -1 -1 -1 -1 5089 -1 56675 -1 -1 -1 -1 27185 -1 32924 25006 -1 -1 36883 -1 -1 28695 -1 -1 56544 -1 -1 -1 -1 -1 -1 -1 -1 40958 -1 -1 -1 -1 -1 -1 9675 -1 -1 -1 -1 -1 -1 -1 13190 -1 -1 -1 -1 -1 -1 -1 -1 -1 -1 -1 -1 -1 34959 -1 -1 -1 -1 -1 -1 50980 -1 -1 16687 -1 -1 -1 -1 -1 -1 56644 29900 -1 -1 4218 -1 57311 -1 -1 45452 7073 -1 -1 -1 -1 -1 -1 -1 -1 -1 -1 -1 -1 -1 -1 -1 -1 56943 28324 -1 -1 -1 -1 -1 14581 -1 -1 -1 17548 -1 -1 -1 -1 -1 -1 -1 -1 3682 58479 -1 -1 37457 -1 -1 -1 16389 -1 43816 -1 -1 45177 -1 2353 -1 6006 -1 -1 15363 34074 -1 -1 -1 -1 -1 -1 -1 11357 -1 -1 -1 -1 -1 -1 -1 -1 -1 -1 -1 -1 -1 59778 -1 -1 -1 -1 -1 26612 -1 56332 -1 -1 -1 -1 -1 52509 26846 -1 -1 -1 37520 -1 -1 -1 -1 -1 -1 -1 59997 -1 -1 -1 -1 -1 49870 -1 -1 -1 -1 -1 -1 -1 -1 28495 -1 -1 -1 -1 -1 -1 -1 42102 -1 52010 -1 -1 -1 -1 -1 -1 -1 -1 -1 -1 -1 36314 33495 -1 -1 -1 -1 1593 -1 28737 -1 -1 -1 42456 -1 -1 -1 -1 -1 -1 -1 3139 -1 63777 1124 -1 -1 -1 -1 -1 28246 -1 -1 -1 -1 20733 -1 -1 -1 -1 -1 -1 -1
7
0 472 9 363 0
1 93 6 136 2
0 381 5 355 15
1 415 5 414 4
1 370 11 78 2
1 282 14 403 5
0 111 14 99 1
