500 2000
487 144
437 287
272 121
488 241
93 499
361 137
434 22
114 244
406 369
466 373
145 123
400 235
330 362
179 336
276 312
71 153
373 241
227 105
223 153
284 458
64 297
12 226
131 361
50 353
203 158
318 56
75 147
92 173
71 50
271 482
82 431
488 11
61 100
395 239
423 273
464 321
281 167
371 459
133 331
235 422
116 310
61 87
142 223
13 81
227 60
68 143
367 59
342 314
449 72
278 145
283 373
485 379
11 450
386 274
319 399
237 209
339 82
258 297
99 77
337 270
204 325
362 462
246 29
425 164
206 225
254 5
441 388
318 160
61 162
178 148
192 318
152 18
282 167
459 312
33 307
288 162
170 117
268 243
398 420
18 435
263 80
329 140
59 395
235 415
120 198
64 323
410 342
178 71
95 187
319 267
266 476
116 287
143 176
55 4
231 243
65 437
272 472
366 218
302 240
259 190
244 237
143 17
319 168
298 54
487 204
468 40
38 98
456 472
61 56
170 115
45 180
342 317
464 159
35 15
61 323
67 447
116 445
220 375
63 174
88 239
365 370
309 8
367 359
40 238
150 362
255 431
385 458
50 368
137 202
252 54
240 291
457 239
183 474
132 27
385 61
3 137
171 444
324 236
319 350
90 60
106 340
179 433
399 197
417 23
223 102
46 201
416 276
74 469
266 381
278 226
106 207
22 200
279 371
297 125
323 163
166 494
448 407
206 469
333 400
477 251
99 12
459 189
465 391
494 286
158 292
147 172
195 257
85 89
286 139
369 498
178 49
27 231
307 239
461 276
256 25
430 357
59 402
492 406
399 254
238 224
221 239
333 483
476 245
306 175
143 410
285 438
107 86
371 465
290 117
224 242
66 476
470 336
22 383
486 423
214 389
216 98
464 226
126 16
264 476
412 174
467 244
101 354
466 308
395 32
208 426
103 241
75 161
451 485
306 482
144 185
422 121
146 22
335 210
269 477
197 283
383 423
39 361
51 351
480 350
498 238
121 130
71 236
420 165
339 188
299 348
191 150
358 425
347 258
68 241
81 132
101 163
382 212
82 191
365 76
387 224
140 476
313 118
102 159
310 441
116 463
202 97
57 440
421 450
143 246
448 473
240 193
209 248
478 367
313 427
435 268
421 408
493 448
385 375
386 207
179 217
199 165
490 231
347 466
192 344
478 401
294 348
35 494
8 416
191 455
366 146
190 350
12 256
157 286
265 495
487 431
296 425
117 323
417 75
153 456
31 72
360 279
470 305
125 391
243 405
347 248
461 332
429 111
24 195
250 102
278 198
475 443
437 279
78 121
439 180
437 135
147 448
206 400
57 99
157 48
88 240
237 460
302 132
65 341
489 135
391 217
4 100
55 326
473 83
18 36
112 261
424 164
87 496
459 390
319 282
81 139
127 133
287 488
178 372
290 172
66 255
256 294
238 377
66 459
288 486
263 400
389 395
255 354
491 279
303 280
277 135
87 467
449 149
28 354
461 7
199 98
115 273
404 25
189 257
91 27
79 229
266 307
155 400
463 456
10 382
107 274
142 488
282 345
286 399
155 135
142 318
305 234
308 327
176 441
15 101
421 107
71 359
261 434
250 51
486 398
487 493
430 354
19 189
201 297
301 436
62 274
207 373
29 465
273 255
60 288
192 409
70 243
44 340
310 470
474 494
182 11
77 443
463 282
68 470
107 357
185 28
202 416
88 41
435 62
367 243
29 173
21 322
80 190
97 11
287 148
454 252
128 445
385 18
50 383
346 211
40 41
311 328
158 408
393 78
206 81
239 389
327 43
402 173
467 225
348 38
230 451
284 318
127 293
104 413
139 374
15 372
415 92
206 436
387 327
309 96
43 189
397 300
45 368
154 285
197 109
106 180
50 167
33 479
322 70
200 480
53 269
259 373
261 363
16 408
61 492
167 435
48 245
399 368
89 277
330 487
325 374
23 296
472 17
216 178
388 438
383 113
464 477
79 391
121 312
140 248
295 259
363 44
327 322
229 309
452 102
181 307
319 228
163 49
369 143
481 153
107 74
432 185
177 19
449 9
101 217
455 329
33 103
378 220
498 283
429 103
186 478
321 183
366 348
406 140
364 468
292 416
30 169
7 87
263 482
432 455
178 67
410 462
487 274
396 398
363 490
497 334
43 52
267 288
265 419
278 81
157 370
50 370
328 495
460 438
273 409
136 367
88 195
275 235
118 137
457 437
54 255
124 221
246 228
122 453
210 288
185 393
421 410
234 180
143 221
101 279
152 498
203 229
187 31
265 408
290 314
262 157
178 262
404 73
451 480
380 142
430 298
127 488
295 225
434 419
321 446
291 164
403 320
76 183
100 493
1 321
416 149
72 404
105 35
319 31
284 31
179 378
117 87
406 8
59 111
413 241
323 332
5 92
243 337
356 205
41 209
212 173
142 93
79 454
441 303
490 271
306 315
448 314
29 338
6 296
403 1
404 168
240 152
453 40
347 22
354 208
183 197
291 211
394 155
433 247
421 0
267 274
443 291
273 330
172 178
369 134
418 214
140 56
348 139
73 358
234 131
436 368
449 169
37 234
466 312
451 62
379 71
375 207
111 258
236 200
414 429
143 157
138 71
118 250
387 388
86 446
301 297
150 345
445 290
251 177
141 59
402 122
296 66
387 51
488 18
91 376
122 423
478 148
234 67
11 147
3 150
386 315
189 411
451 53
124 105
87 345
243 12
330 60
400 173
94 465
58 278
244 253
206 224
8 233
223 299
225 385
219 141
413 406
2 273
37 176
367 422
168 134
265 82
329 306
497 413
242 47
64 125
210 438
218 110
0 176
257 444
435 428
104 112
345 176
111 221
222 318
308 286
139 18
77 135
391 213
382 113
243 426
353 402
462 395
247 33
492 152
283 182
280 318
13 480
451 20
60 48
290 343
314 159
131 20
25 489
113 28
66 11
38 452
155 439
168 113
292 150
117 276
176 393
73 23
149 105
390 437
467 309
91 387
31 338
42 190
244 193
236 209
307 350
101 196
130 211
357 109
69 156
399 71
455 103
499 294
492 260
266 300
421 306
65 347
335 422
338 380
304 459
115 120
438 360
1 194
158 463
233 321
168 243
80 253
496 100
346 455
331 240
173 482
191 235
149 67
45 226
97 337
335 90
369 123
191 359
365 333
240 216
93 32
216 37
25 164
420 423
390 213
176 29
103 488
335 1
60 12
405 145
286 148
172 302
148 384
164 247
466 395
253 303
333 211
407 139
413 331
128 239
258 139
320 144
194 349
330 257
249 246
281 146
350 359
141 294
317 262
93 494
473 217
454 207
320 478
308 300
368 349
452 200
73 61
154 140
67 277
261 52
358 315
204 490
360 363
374 384
397 80
466 429
268 353
155 286
264 39
44 104
287 274
319 340
419 202
335 489
249 209
305 426
5 295
45 152
139 293
448 465
54 382
325 166
373 104
179 169
466 275
307 37
129 270
443 261
481 91
362 420
71 128
72 159
185 179
312 17
180 496
21 440
372 382
283 477
427 28
441 274
441 244
82 14
362 226
494 177
252 429
164 123
473 26
479 4
401 431
466 375
5 35
316 264
415 322
160 62
278 162
237 120
284 345
437 22
176 178
50 209
137 36
457 145
147 469
68 479
77 307
384 292
150 245
454 117
212 178
178 5
370 190
191 245
44 38
269 44
117 89
15 223
246 217
165 125
130 346
496 385
425 219
244 48
414 191
361 157
365 481
260 195
446 152
395 52
53 367
261 197
303 53
235 409
138 490
8 9
298 268
128 340
180 268
405 56
230 318
416 198
476 391
146 196
437 27
2 81
493 456
62 380
252 478
459 77
365 68
228 39
135 82
73 343
342 134
227 116
270 486
130 179
411 110
452 59
48 357
168 380
316 293
227 37
472 320
247 316
274 242
376 11
275 6
52 204
244 487
493 273
322 258
139 279
448 454
81 368
85 390
411 24
380 138
159 93
84 95
113 209
497 158
188 33
294 136
311 4
234 97
64 186
254 272
33 105
324 248
314 394
85 81
173 265
127 362
304 29
427 355
406 69
23 380
73 88
356 41
79 14
77 160
289 44
389 180
154 213
82 370
380 342
132 44
322 62
242 406
419 80
76 265
254 391
388 253
19 181
144 457
15 278
431 234
184 290
439 142
0 36
309 31
239 350
229 147
151 414
207 302
320 78
206 380
61 314
315 341
5 231
109 180
177 3
225 383
137 456
467 325
448 488
24 164
158 318
296 461
277 45
38 137
161 339
146 172
489 373
100 294
445 234
155 464
427 142
104 267
406 189
243 193
84 363
2 492
278 80
305 110
337 363
223 431
179 212
327 437
140 378
403 116
53 185
163 54
214 190
50 467
188 351
459 314
156 241
360 491
175 293
244 382
469 18
415 343
205 99
135 129
146 250
174 351
387 460
19 143
271 397
467 430
304 288
213 479
261 432
490 20
167 391
183 496
25 141
165 8
123 274
431 271
425 100
139 289
130 13
70 83
396 4
143 499
391 132
3 189
115 38
432 382
329 77
85 286
435 274
258 486
26 386
68 174
217 403
230 47
439 466
407 371
94 335
239 272
117 332
197 256
93 37
275 251
147 125
175 65
5 404
344 352
399 488
291 255
145 174
204 257
338 270
30 133
404 48
232 208
273 91
291 315
134 348
151 24
56 260
367 215
139 144
445 233
126 263
83 213
223 494
382 137
248 355
10 124
106 474
158 232
465 207
89 244
339 56
210 475
7 115
172 413
12 152
200 154
323 52
235 188
271 188
416 248
465 272
407 30
384 210
238 272
426 92
298 398
101 110
371 369
347 233
296 136
206 461
106 38
403 183
353 2
358 328
413 385
217 77
362 136
499 287
86 240
393 64
367 472
239 231
451 416
217 285
289 50
266 443
127 265
431 437
30 243
274 42
393 452
91 416
76 285
360 419
25 238
107 3
293 346
35 65
254 108
93 231
136 466
418 403
399 257
104 318
373 182
447 244
244 313
3 72
138 63
130 203
26 312
167 26
181 179
469 186
96 441
301 181
160 370
245 123
59 335
230 274
217 9
338 192
180 441
65 338
32 81
302 66
376 66
446 254
148 365
63 403
47 476
30 489
397 393
288 127
114 316
244 406
429 69
190 282
488 496
27 469
98 250
12 151
443 88
309 1
155 377
106 152
146 454
304 8
50 61
344 276
195 353
13 376
384 288
470 170
499 237
42 442
287 178
45 184
114 156
340 428
7 43
33 407
273 13
100 282
33 278
385 181
499 73
41 472
284 291
476 474
376 7
173 386
71 368
442 357
211 165
479 177
180 289
266 79
264 455
88 497
157 77
151 18
309 270
42 181
434 385
203 245
360 359
378 75
145 9
394 463
329 475
250 15
119 323
107 430
436 498
373 29
370 309
19 441
408 369
419 144
276 210
210 199
482 472
13 202
475 12
133 455
35 67
179 235
470 387
333 9
236 207
463 390
334 382
362 385
396 496
166 15
89 499
496 281
402 242
8 282
227 284
139 116
472 96
381 420
70 87
166 445
446 116
471 270
328 212
325 342
28 143
442 231
5 109
404 402
220 245
165 390
249 197
217 148
216 207
489 493
101 95
393 142
318 67
261 264
382 391
74 447
290 190
336 97
295 457
215 330
235 172
375 471
123 267
446 101
11 112
462 133
179 375
422 434
251 360
371 83
41 365
351 143
303 444
319 61
79 474
316 87
302 106
327 429
176 134
439 72
297 52
147 293
138 174
338 276
472 87
128 344
444 165
351 433
358 429
313 145
117 93
223 412
129 365
16 407
417 498
470 442
479 312
191 328
49 211
84 446
362 324
493 227
153 64
367 164
33 190
301 165
5 121
302 183
50 499
27 389
11 154
410 102
425 206
170 292
383 6
135 219
62 187
402 361
255 57
274 130
373 276
419 172
232 143
28 375
374 3
262 237
119 475
383 470
266 433
334 151
126 313
114 470
89 457
390 87
339 323
8 44
320 89
356 313
423 405
11 72
126 40
20 12
192 428
63 448
453 258
128 223
262 304
385 156
429 298
253 374
442 203
19 247
462 249
241 334
59 431
431 16
201 306
398 209
98 129
90 342
391 249
63 232
133 58
21 82
53 359
324 131
253 375
283 363
145 426
470 133
93 336
43 259
149 173
14 427
421 428
239 346
403 445
50 100
238 115
208 80
497 362
128 59
393 466
214 316
428 47
406 75
222 407
166 299
190 319
143 102
119 199
71 72
117 31
239 55
110 122
260 379
215 446
34 177
458 49
433 397
183 225
340 446
49 395
130 188
113 207
256 482
439 14
112 477
314 422
392 240
208 235
452 195
400 339
414 91
196 284
345 387
215 317
429 276
211 174
116 126
393 342
203 152
270 324
367 145
436 323
175 197
53 411
281 431
142 66
495 123
252 274
426 57
312 69
379 442
16 76
319 442
210 380
44 321
133 125
479 164
83 441
450 455
393 375
10 433
386 206
451 271
232 235
311 10
454 242
498 223
229 25
383 236
160 475
245 188
344 404
52 56
102 258
437 227
277 174
412 288
403 389
85 174
125 5
331 381
298 201
220 39
48 400
310 74
75 396
370 200
318 197
305 344
36 453
337 108
178 348
21 34
226 163
356 488
344 85
457 454
274 488
107 129
399 133
60 381
337 169
285 386
198 152
376 337
32 250
24 199
329 299
164 346
370 204
436 10
112 154
143 291
435 161
241 289
397 314
358 357
123 325
206 474
378 201
181 420
457 276
372 262
171 150
28 191
50 17
174 36
317 491
399 132
303 397
470 55
414 99
139 223
20 166
394 88
125 465
183 264
44 182
437 26
372 114
164 343
225 186
490 462
447 61
300 353
148 271
2 346
114 375
104 193
234 283
30 249
83 94
73 495
366 249
68 188
291 461
59 270
397 159
67 290
292 143
316 169
26 105
54 81
255 485
199 163
491 37
360 74
291 136
328 133
361 25
388 148
297 353
42 22
175 55
467 234
292 178
126 217
473 239
51 98
472 416
27 283
189 385
491 109
334 441
88 301
43 212
487 264
198 254
347 297
204 449
321 124
105 202
182 43
185 429
398 136
457 210
246 18
444 431
334 397
161 243
187 9
45 480
228 23
396 429
68 432
337 30
153 252
439 353
271 475
379 272
405 180
268 11
48 138
209 258
70 274
237 159
177 38
480 352
470 229
75 95
328 307
222 125
373 191
183 16
449 129
399 215
437 411
129 282
383 29
18 170
74 135
121 483
421 223
25 486
424 308
348 467
378 289
414 108
342 37
141 349
240 29
411 248
108 252
9 243
103 64
247 14
141 477
99 496
462 189
48 344
443 383
358 47
456 227
58 48
115 256
150 17
409 152
292 247
326 208
288 121
207 497
428 214
340 178
404 429
239 162
467 270
194 211
318 371
419 464
200 299
40 218
214 136
423 291
219 493
486 40
44 441
232 332
499 0
231 109
101 94
149 109
176 209
68 122
186 419
102 44
339 43
362 315
305 489
244 227
102 171
347 231
182 406
149 116
163 46
32 76
320 389
472 265
50 193
496 110
364 0
318 114
416 274
405 141
45 365
68 55
104 11
57 353
485 95
345 285
145 238
269 191
171 343
139 95
246 262
169 485
434 324
346 306
448 462
277 185
261 234
423 497
320 137
206 449
174 18
450 48
35 188
379 0
379 280
45 306
206 300
32 383
206 465
0 444
125 260
481 452
331 201
443 13
115 307
405 361
221 49
231 103
101 330
406 296
88 308
23 433
27 372
270 250
281 25
144 365
472 277
62 96
217 103
241 295
46 319
307 161
314 480
124 338
400 493
125 415
444 73
50 195
203 67
260 187
342 169
191 492
134 484
400 363
134 6
487 28
86 79
210 28
155 202
423 74
2 72
73 55
156 255
416 483
162 325
497 180
99 94
404 410
72 300
157 121
211 433
62 124
421 38
288 318
127 60
307 177
482 437
72 281
318 62
131 152
201 310
12 338
128 157
478 468
387 338
32 399
30 54
417 12
387 137
328 100
322 4
53 159
224 315
35 103
332 50
103 320
215 439
38 141
405 383
38 93
32 318
109 375
51 339
352 405
330 245
126 340
54 491
382 80
482 167
39 232
178 230
370 29
306 450
390 371
44 352
461 249
217 316
407 109
125 197
342 160
304 236
291 367
134 327
385 185
43 17
457 335
192 446
126 478
96 63
70 395
48 359
461 258
113 123
21 283
252 260
141 439
26 20
400 144
229 117
469 353
399 338
419 305
247 72
280 479
103 348
480 404
257 112
180 229
116 434
179 450
91 352
480 114
255 117
415 123
436 87
251 323
91 69
221 132
135 182
361 327
450 453
235 16
307 135
493 224
254 168
63 463
121 416
13 165
369 2
54 237
7 150
177 281
279 55
79 469
81 491
101 86
299 262
163 65
199 361
463 419
185 218
370 387
443 221
276 464
210 371
107 69
314 469
157 351
78 297
302 454
476 457
92 79
351 18
33 438
406 35
191 485
260 384
480 120
243 117
178 175
90 312
452 107
100 108
457 207
19 145
77 342
158 466
173 170
317 125
360 170
414 229
248 286
46 52
165 455
458 184
60 199
247 129
347 482
434 389
109 304
173 217
28 450
134 414
45 212
263 403
22 105
47 488
91 382
90 484
2 259
489 69
233 183
43 16
348 95
419 307
166 233
238 356
306 74
206 218
116 54
468 91
417 428
187 465
496 11
139 466
316 333
182 476
8 323
400 143
490 296
14 197
427 220
44 100
24 225
110 427
16 181
123 20
455 199
87 84
168 1
288 475
69 269
367 490
269 409
409 337
146 85
498 195
196 82
345 247
444 60
196 131
405 135
126 210
455 13
446 201
298 349
419 430
184 89
169 44
384 225
246 69
480 367
419 320
38 123
351 290
256 109
426 10
19 480
38 83
468 371
34 296
468 180
369 221
414 240
88 339
146 322
390 298
215 168
188 392
16 386
26 341
254 88
161 156
249 106
352 343
487 57
11 404
431 311
439 415
497 82
50 7
196 45
305 482
353 215
107 185
207 221
58086 19314 -1 -1 45298 -1 42380 -1 -1 -1 -1 -1 -1 34025 -1 -1 -1 -1 25652 -1 -1 -1 -1 -1 -1 -1 27761 36057 -1 -1 -1 -1 -1 -1 -1 -1 -1 -1 2691 -1 6376 13825 -1 -1 -1 -1 -1 -1 31863 -1 60554 23119 -1 -1 -1 -1 -1 -1 27321 52556 -1 22336 -1 -1 -1 22436 -1 -1 -1 24472 -1 -1 -1 -1 -1 -1 -1 -1 -1 -1 4377 50399 27251 54032 -1 -1 -1 -1 -1 32946 -1 -1 -1 22355 -1 -1 -1 22117 49017 -1 19080 -1 29975 -1 -1 19936 58227 -1 -1 -1 28602 -1 59389 -1 -1 -1 -1 -1 59556 -1 -1 -1 -1 -1 -1 -1 -1 -1 -1 -1 -1 -1 -1 -1 -1 -1 -1 -1 36751 -1 -1 88 -1 -1 23053 -1 -1 7632 9098 -1 -1 37862 -1 48134 -1 -1 -1 -1 -1 47812 -1 -1 -1 23945 -1 11085 -1 46813 -1 -1 -1 -1 -1 -1 -1 -1 -1 -1 50404 -1 -1 -1 -1 39136 64710 -1 -1 -1 -1 -1 -1 -1 -1 -1 62403 -1 -1 -1 -1 -1 -1 -1 -1 -1 28515 -1 16758 -1 -1 -1 -1 -1 -1 -1 -1 -1 -1 -1 -1 -1 -1 -1 -1 -1 -1 -1 -1 -1 -1 22934 -1 -1 -1 -1 26488 -1 38694 -1 38742 43854 -1 -1 60459 33004 -1 -1 -1 -1 -1 -1 -1 -1 -1 12771 -1 -1 -1 22089 -1 19640 -1 -1 -1 -1 -1 -1 -1 31324 -1 50838 -1 -1 6648 31630 20701 -1 23348 -1 -1 -1 48491 -1 -1 -1 -1 48909 -1 -1 -1 -1 -1 -1 -1 -1 -1 45802 -1 61673 -1 -1 -1 -1 35817 -1 -1 -1 -1 -1 -1 -1 -1 -1 -1 38879 31241 -1 65374 15065 -1 -1 -1 -1 -1 -1 -1 -1 -1 -1 -1 -1 -1 -1 19443 -1 -1 12212 -1 -1 24508 44543 -1 -1 -1 -1 -1 -1 -1 -1 -1 -1 37502 30603 -1 9445 -1 -1 -1 -1 39757 -1 -1 -1 23925 -1 -1 -1 -1 25194 56177 -1 -1 -1 -1 -1 -1 -1 -1 -1 -1 -1 -1 -1 -1 -1 -1 -1 -1 -1 -1 -1 -1 23775 -1 -1 -1 -1 -1 -1 -1 -1 -1 -1 -1 -1 61150 -1 -1 -1 28540 29557 -1 -1 -1 -1 -1 -1 -1 -1 -1 -1 43016 -1 56384 -1 -1 -1 -1 -1 53426 -1 -1 -1 -1 -1 -1 -1 -1 -1 55371 -1 -1 40938 -1 61064 -1 -1 -1 -1 -1 56746 -1 -1 -1 -1 -1 -1 30822 -1 -1 16003 -1 22936 -1 61500 -1 -1 -1 -1 -1 -1 -1 -1 -1 -1 49580 -1 38001 -1 22493 -1 -1 -1 -1 45342 -1 -1 44846 -1 -1 -1 43981 -1 -1 -1 52215 -1 35730 22534 -1 -1
9
0 454 13 444 14
0 485 14 249 3
1 368 10 49 13
1 208 9 0 10
1 45 4 240 4
1 126 7 112 11
1 405 6 383 3
1 343 5 499 6
1 247 14 32 11
