500 2000
455 252
29 489
377 357
436 154
21 257
322 393
85 246
145 48
211 73
234 4
72 402
419 111
157 19
427 23
224 77
199 351
324 70
337 235
423 424
51 206
139 476
368 139
397 241
465 170
446 318
440 126
13 222
83 336
308 413
316 337
43 396
16 406
119 330
436 143
101 176
72 301
230 183
309 350
113 470
366 286
263 420
330 323
209 494
288 229
145 69
414 330
277 275
210 207
436 273
477 278
286 6
290 14
159 212
293 62
319 71
41 443
69 402
123 402
51 88
450 485
171 339
69 481
386 260
300 402
375 486
258 51
268 8
46 361
460 329
131 282
113 334
89 264
469 30
445 6
147 63
31 26
370 174
398 234
193 469
251 243
242 276
421 283
299 420
57 78
143 50
483 41
351 124
403 268
131 140
262 470
9 497
387 327
480 217
189 57
384 499
220 205
447 277
104 278
498 243
364 493
438 245
212 73
181 256
319 229
235 265
61 119
359 268
254 345
331 183
68 150
186 318
328 477
30 455
194 358
163 142
350 448
107 225
183 372
214 103
189 363
230 288
258 406
460 304
138 356
396 244
477 92
266 131
414 413
439 361
254 398
292 23
473 339
52 1
331 120
445 372
281 171
311 310
393 234
125 359
398 278
184 197
476 33
431 284
153 85
337 482
187 176
88 408
149 171
180 69
312 286
153 375
413 425
220 272
74 411
452 228
141 263
30 309
152 49
464 408
313 470
426 364
266 416
80 231
410 491
182 279
454 198
318 185
320 288
2 131
66 70
320 144
25 28
469 128
175 111
315 137
338 496
12 131
61 63
79 170
124 278
441 265
232 343
477 455
499 128
212 325
490 410
398 39
116 123
103 162
385 308
415 350
151 442
260 135
357 4
489 218
415 457
462 113
306 284
313 279
278 120
29 112
31 73
366 185
28 447
482 289
269 402
420 243
59 168
110 185
482 1
162 135
378 296
458 9
426 303
461 209
24 247
146 134
22 387
196 190
233 57
142 352
464 44
131 238
100 173
385 455
32 214
181 86
193 289
215 56
145 128
270 115
357 270
75 121
417 209
456 25
84 348
497 310
311 455
85 25
202 112
455 444
65 53
269 288
348 336
153 347
455 416
155 319
315 337
75 13
410 181
464 413
133 492
316 372
440 384
265 204
148 91
52 247
133 309
486 350
304 251
364 479
187 403
107 14
428 467
165 367
16 387
489 304
485 490
495 8
8 126
17 47
97 56
218 48
245 80
9 15
495 460
274 268
299 7
322 146
22 336
31 60
18 208
161 55
42 291
126 393
441 368
400 116
49 194
99 272
415 97
492 337
17 164
494 58
161 261
127 333
326 307
377 250
176 484
364 122
159 468
477 6
478 421
369 86
174 141
347 12
422 154
465 152
64 197
162 185
319 347
278 359
106 23
138 240
199 275
214 361
220 61
65 301
354 260
56 444
215 36
327 107
202 334
330 467
194 394
28 137
50 202
279 400
487 399
76 372
262 28
441 355
73 363
299 488
375 158
447 487
243 263
337 286
442 363
89 73
78 466
213 223
90 385
387 56
82 10
9 191
165 431
168 85
98 408
458 352
325 453
227 364
269 196
179 225
446 451
445 54
37 75
327 477
322 289
196 428
53 481
311 296
98 280
446 333
483 359
35 65
495 12
77 132
91 488
142 98
227 388
204 107
54 25
156 486
248 64
342 301
380 81
182 122
420 145
249 198
383 43
217 395
436 168
376 486
105 424
407 426
263 153
489 449
133 388
114 415
88 482
25 100
146 368
107 157
439 166
81 125
494 218
421 405
240 272
347 54
360 448
135 186
486 305
369 428
215 195
54 160
242 229
152 164
190 87
211 130
259 452
486 69
129 437
368 262
192 56
398 240
162 210
131 132
6 148
433 424
335 17
114 311
446 24
138 308
20 295
111 183
105 426
322 56
245 137
434 75
211 467
362 479
169 237
82 367
465 139
217 272
175 103
219 307
267 155
225 307
146 106
199 445
127 5
79 350
176 225
133 48
54 478
117 149
211 368
36 41
403 274
388 311
165 92
79 65
271 292
149 104
105 0
446 268
56 312
176 5
274 302
144 85
279 6
415 357
161 229
171 315
185 20
468 42
307 266
290 286
165 239
266 101
186 480
418 276
473 254
187 332
220 285
329 266
249 99
97 279
354 30
91 451
430 252
137 19
306 317
385 276
298 287
465 260
448 310
3 455
415 14
443 306
31 226
382 29
269 194
118 333
479 372
86 132
445 472
116 186
2 214
261 465
457 454
20 373
197 106
134 461
160 414
224 68
145 239
327 62
51 395
408 260
71 487
347 256
469 69
331 427
393 369
426 108
411 282
356 167
49 213
115 166
206 493
67 380
384 28
89 365
469 181
269 457
207 430
186 160
201 446
18 498
414 23
207 24
106 210
464 146
169 253
322 3
391 426
52 395
321 205
286 297
78 388
480 373
291 233
173 495
464 477
470 128
260 173
36 407
324 247
146 84
396 41
469 248
475 261
272 301
39 419
35 498
284 276
462 270
122 402
454 29
177 44
237 328
393 455
188 355
123 168
155 94
323 214
170 33
11 402
130 441
406 357
495 260
416 299
215 111
193 158
174 445
377 376
135 288
82 23
95 282
489 69
357 407
105 496
54 472
494 314
278 10
396 419
331 442
10 8
417 143
89 392
20 85
31 366
261 13
186 149
82 326
252 384
247 497
179 314
78 217
67 331
259 141
280 56
114 281
254 412
185 458
296 402
345 390
421 304
147 65
224 446
53 236
497 348
119 177
43 8
423 160
410 281
82 54
286 279
34 183
16 331
260 270
449 484
381 113
268 317
499 364
440 368
289 441
194 423
481 498
243 422
362 468
146 47
304 151
340 113
321 420
489 215
458 254
8 445
228 88
103 274
421 32
390 306
152 289
406 295
359 192
16 283
61 98
85 206
136 347
385 126
435 395
407 109
403 210
110 135
373 464
102 217
336 265
41 124
499 361
253 117
285 272
377 329
73 110
400 491
66 275
251 78
333 294
309 367
486 434
262 79
164 255
3 106
201 256
212 493
376 353
234 329
123 101
334 94
432 130
226 47
21 329
415 202
163 482
451 48
404 197
334 32
90 162
390 387
450 452
289 85
358 201
378 391
407 31
348 491
211 164
453 372
426 31
218 50
12 247
173 421
48 425
226 102
317 74
209 106
12 311
5 46
479 108
243 98
437 393
163 341
273 469
172 362
480 17
268 464
269 163
473 409
120 281
137 174
52 188
290 410
70 328
326 189
158 269
487 195
486 339
469 280
474 381
204 147
432 339
115 292
224 497
63 170
433 194
384 437
431 184
381 368
32 48
395 296
100 356
311 299
317 468
304 236
206 233
220 463
477 248
118 106
472 265
13 157
272 423
278 265
495 403
319 394
216 262
488 95
342 243
62 30
226 204
267 86
449 49
234 257
66 229
1 476
90 410
275 4
193 43
343 348
5 313
34 36
178 101
179 62
285 412
190 364
401 189
50 219
257 238
266 360
203 492
417 251
355 475
424 113
288 433
36 165
455 33
44 2
23 384
42 41
26 491
439 214
11 390
123 140
232 370
239 258
292 315
202 285
202 199
156 456
336 418
423 84
171 333
434 152
399 447
50 155
188 325
262 344
346 278
432 239
400 437
109 368
448 112
457 241
264 54
266 91
408 336
211 101
245 109
24 72
4 461
353 437
241 494
295 126
429 288
187 331
124 240
254 119
126 453
373 198
332 63
458 152
119 160
351 11
329 29
262 110
208 477
457 35
397 250
112 292
153 233
242 496
330 319
376 495
293 209
465 114
376 232
410 99
188 44
297 4
83 488
69 394
453 13
477 378
490 457
396 164
174 171
495 295
159 265
297 140
450 445
414 490
8 78
31 209
365 40
131 58
426 446
471 186
291 315
273 477
105 36
208 371
70 250
111 498
421 241
264 77
441 466
498 159
272 24
322 126
433 396
161 211
213 17
169 457
468 150
328 68
295 51
487 489
45 134
259 115
4 107
241 229
211 155
430 63
438 113
137 33
487 81
29 471
158 227
44 130
43 470
22 309
141 45
445 171
63 112
102 491
454 380
348 291
58 387
425 408
422 469
214 321
412 8
77 279
12 44
486 360
487 38
54 220
233 264
9 493
255 270
0 437
401 110
243 65
314 230
279 403
59 157
143 109
295 340
4 202
110 209
293 180
264 25
313 328
358 367
81 111
182 35
251 257
291 228
17 85
481 14
389 64
411 39
296 261
413 345
167 51
72 144
0 260
365 294
216 305
389 261
474 389
127 79
498 282
223 161
385 478
403 3
432 221
110 13
451 420
69 142
162 345
473 241
298 164
130 53
311 391
295 321
405 218
295 318
103 126
451 395
369 321
213 357
128 29
285 14
57 280
494 296
72 262
481 378
41 394
238 440
77 200
324 96
15 336
375 499
302 42
479 185
287 240
29 75
355 412
203 464
160 303
190 89
458 248
148 242
219 10
2 190
253 462
91 328
352 88
298 90
289 53
473 220
26 18
457 449
498 192
371 239
198 163
60 333
323 366
0 268
399 225
394 368
484 118
473 168
137 281
433 479
318 351
315 481
476 100
251 404
423 313
284 486
487 435
450 499
103 98
140 74
389 268
275 306
202 57
465 453
478 158
458 469
77 483
267 43
56 452
187 206
354 323
49 441
236 111
293 307
171 416
461 132
336 272
73 215
149 214
62 423
291 280
152 321
126 181
450 161
262 22
285 120
346 92
445 125
102 213
249 496
121 428
76 408
140 409
238 18
493 173
427 435
497 490
423 480
141 301
258 115
49 355
218 143
179 245
352 438
311 178
150 49
33 99
461 327
132 244
164 103
290 117
174 19
140 495
111 41
56 162
468 182
328 61
321 2
370 149
137 368
415 441
174 369
82 454
12 386
81 317
110 207
195 166
160 481
266 363
130 488
446 5
77 122
465 83
113 365
94 248
419 346
346 405
279 448
379 398
157 29
69 444
284 184
94 55
168 353
235 251
321 161
306 495
95 499
482 29
269 128
473 197
253 374
497 280
2 206
160 463
121 124
171 170
29 373
176 57
197 168
252 150
361 275
23 498
21 176
461 158
180 300
205 251
323 164
448 482
250 345
359 8
154 355
244 103
98 403
450 477
385 37
176 31
142 151
41 381
403 304
384 165
332 423
228 324
374 323
10 381
195 410
289 84
255 130
465 156
181 388
45 50
259 81
373 306
169 342
208 336
339 465
424 266
70 293
393 28
157 226
322 445
351 478
223 415
172 488
473 91
499 396
252 0
157 201
167 319
125 305
295 4
44 369
475 249
334 329
212 240
201 383
70 383
398 136
286 301
78 56
388 484
489 271
38 275
226 168
176 437
219 445
63 341
442 497
473 478
460 239
277 48
88 418
477 69
399 39
393 286
484 488
188 354
225 489
407 203
22 458
180 380
256 300
198 443
298 440
164 14
358 95
252 416
414 88
10 353
89 421
281 446
400 229
166 491
12 418
113 360
439 445
245 124
448 79
345 101
55 384
367 424
274 32
387 323
38 258
439 57
440 127
43 329
230 160
245 259
386 487
358 272
116 222
59 397
410 397
263 213
217 332
89 6
62 261
13 246
133 453
242 386
294 140
110 301
422 387
371 96
186 430
85 55
402 337
211 335
267 66
293 204
183 497
233 377
50 47
364 374
187 142
108 314
361 352
486 482
331 198
106 35
129 396
178 357
294 156
347 283
407 338
328 177
174 224
347 25
439 334
69 10
54 290
201 219
412 138
213 138
216 129
442 8
261 147
293 21
261 163
462 136
120 13
166 277
18 289
112 47
140 341
317 150
225 30
6 7
356 427
403 465
85 396
149 204
163 473
135 140
434 47
126 16
144 339
137 143
323 5
254 51
463 65
185 225
310 386
23 197
420 282
145 443
485 95
163 105
149 18
291 469
134 335
407 337
433 225
490 240
78 127
399 158
318 480
81 257
155 14
152 264
28 448
233 136
121 26
243 486
171 412
99 396
50 464
63 368
197 437
407 8
199 230
325 173
278 335
6 308
378 314
212 98
270 145
178 438
131 322
98 33
324 424
435 247
126 108
171 233
268 86
124 311
385 58
117 28
425 174
4 381
108 35
460 409
59 186
10 208
383 165
370 274
279 108
323 260
205 301
392 6
409 168
158 257
225 212
448 109
311 368
92 24
2 217
271 32
404 464
138 286
172 228
249 37
385 486
399 364
379 157
33 492
305 214
205 40
55 134
202 315
293 43
426 260
317 146
373 365
87 124
335 50
313 301
55 93
206 164
195 37
418 179
381 229
489 496
440 71
406 139
321 88
251 34
352 86
391 321
245 413
436 409
262 225
66 374
384 279
351 358
382 479
352 317
442 346
53 13
142 51
177 191
348 40
317 93
138 484
461 167
260 112
230 324
66 418
98 91
4 43
481 11
63 106
140 250
236 11
254 457
38 175
272 367
211 241
273 128
82 186
364 336
246 39
232 10
271 402
22 359
326 7
109 4
225 130
179 147
490 147
454 277
382 97
9 412
389 325
404 241
63 279
423 429
410 242
194 40
404 374
318 280
307 394
200 289
86 248
222 4
25 174
448 474
204 212
20 267
330 473
444 113
210 371
189 454
249 86
304 87
42 442
31 129
104 103
408 150
245 196
206 198
278 321
421 455
456 334
89 171
117 181
352 64
450 479
162 224
497 447
7 395
204 412
450 3
294 297
203 351
494 255
310 90
360 245
97 219
382 126
377 188
358 148
176 129
44 487
92 33
184 191
260 301
161 269
318 308
77 329
154 326
390 406
112 492
314 247
34 114
139 311
350 193
71 483
387 382
94 41
386 58
15 42
312 130
104 257
338 73
134 117
187 465
482 357
357 443
141 14
237 308
279 447
425 287
396 343
249 137
291 333
185 361
423 195
107 281
479 331
441 196
288 259
161 56
252 308
370 57
147 142
279 306
162 106
263 166
26 433
400 427
280 160
477 304
360 246
98 90
167 136
171 364
253 26
115 449
262 309
151 45
172 160
309 468
216 277
201 50
326 391
182 59
151 359
407 72
371 20
167 33
441 492
378 305
26 466
76 118
482 259
369 329
5 286
300 454
483 143
53 215
142 488
245 182
27 445
364 29
422 300
195 463
383 361
448 188
39 444
483 200
282 191
202 267
473 69
110 446
423 163
280 348
141 320
10 447
43 486
68 237
431 271
337 374
305 345
260 164
323 312
138 474
347 48
250 218
302 454
78 485
109 351
377 38
363 43
34 162
198 9
324 222
397 297
259 478
374 319
332 240
421 329
178 215
120 165
134 324
56 338
472 204
122 167
158 374
58 47
461 390
194 378
93 54
2 158
153 490
186 87
484 262
324 413
268 435
176 105
82 67
152 460
120 137
293 444
342 448
462 334
497 195
189 5
369 348
47 493
406 0
350 438
340 327
83 233
268 487
143 420
250 399
433 176
309 108
268 138
266 223
489 233
228 51
209 180
337 35
196 327
428 448
247 451
487 354
259 132
258 278
177 380
214 371
228 462
79 238
112 283
271 239
428 281
188 65
405 268
348 396
230 63
279 393
350 171
98 336
393 330
203 132
266 244
388 407
396 494
283 191
322 55
310 292
11 54
397 47
158 201
260 232
79 78
25 320
49 428
115 455
320 188
101 440
195 129
41 216
259 120
110 255
341 338
150 19
261 21
325 226
259 433
358 449
375 364
423 125
262 250
71 18
286 423
94 418
244 232
119 359
170 369
400 490
31 286
171 194
317 361
102 258
276 33
54 335
13 309
75 193
295 192
254 202
294 449
41 197
108 258
482 458
373 317
410 112
489 284
380 142
486 351
215 166
324 73
181 394
329 114
407 241
50 292
405 398
167 182
68 40
38 268
167 377
324 214
341 348
145 88
463 123
133 306
9 342
473 476
308 450
147 366
367 214
395 85
358 138
465 232
327 139
321 227
412 314
57 87
11 81
246 316
375 280
433 348
253 249
1 398
183 217
267 471
39 15
400 233
88 389
418 340
28 434
129 20
254 402
465 188
295 205
110 221
365 411
182 158
313 314
95 103
27 359
347 339
460 335
126 164
365 260
457 389
373 121
456 336
158 438
240 9
384 290
261 4
60 46
143 146
373 154
165 449
493 97
88 292
187 53
271 153
244 380
400 431
63 461
454 256
191 37
471 154
50 271
139 156
327 423
231 46
215 370
115 342
203 36
68 387
179 332
96 15
419 468
239 26
178 308
305 244
190 184
355 194
14 104
95 194
117 130
262 452
309 439
69 305
410 461
143 376
203 146
355 8
473 281
421 407
310 470
393 494
436 122
419 12
401 415
150 300
78 390
30 223
159 32
59 263
59 102
330 364
277 59
415 451
302 164
103 263
465 136
183 153
396 334
353 240
211 484
375 467
491 18
398 457
36 175
211 305
116 339
386 419
498 199
263 296
24 338
201 388
14 462
454 447
377 445
344 435
342 2
118 406
208 473
185 448
216 462
76 241
196 9
239 368
158 196
318 243
318 479
313 66
82 444
390 380
79 435
411 64
271 14
340 473
191 267
162 397
96 348
138 178
227 319
212 396
207 272
368 142
14 349
378 169
78 55
127 130
104 425
435 497
386 121
357 39
226 11
401 366
180 80
444 384
19 235
424 153
461 91
205 469
1 178
49 275
371 464
217 0
151 476
236 375
256 419
262 70
26 267
211 426
167 427
342 251
311 100
38 398
84 404
219 499
194 184
117 223
126 488
318 138
469 153
316 133
294 96
290 477
461 210
158 274
435 473
164 307
495 148
264 400
494 239
486 349
275 126
118 321
17 452
267 255
381 123
499 118
206 107
147 128
490 37
113 407
0 263
103 89
84 256
122 352
356 152
322 364
97 14
406 84
393 139
72 253
324 186
315 125
205 303
332 219
463 397
414 202
91 363
77 352
334 34
443 68
193 333
205 263
5 121
346 428
428 396
418 193
233 498
350 347
72 150
57 14
91 63
117 293
202 184
60 393
255 59
196 181
412 432
472 224
-1 -1 38768 -1 -1 -1 -1 -1 -1 -1 -1 -1 -1 -1 -1 -1 -1 -1 -1 -1 -1 -1 -1 -1 -1 -1 -1 -1 60348 -1 47467 -1 -1 -1 -1 36090 -1 30230 63893 -1 54416 -1 -1 55107 4691 -1 -1 7911 -1 -1 -1 -1 -1 -1 -1 -1 52009 -1 -1 -1 -1 57254 -1 -1 10071 -1 -1 -1 -1 -1 -1 -1 -1 -1 -1 -1 -1 -1 -1 -1 -1 -1 -1 -1 -1 -1 10105 -1 -1 46590 -1 51862 -1 50572 -1 -1 -1 -1 -1 -1 -1 -1 -1 -1 -1 -1 6707 -1 1643 60779 -1 -1 -1 -1 -1 -1 55053 -1 -1 -1 -1 -1 44394 -1 27814 -1 37579 -1 -1 -1 -1 -1 24510 11495 -1 -1 11556 -1 -1 -1 32451 -1 -1 -1 -1 41721 -1 56755 45911 -1 -1 -1 -1 32975 -1 -1 -1 34306 -1 -1 -1 27811 6248 26663 40176 34040 -1 31743 -1 56503 -1 47286 -1 -1 1160 30432 -1 -1 32980 25245 -1 -1 -1 -1 -1 -1 47941 51542 -1 16057 -1 -1 16732 -1 -1 -1 -1 -1 -1 18156 42721 -1 3125 -1 -1 12401 -1 -1 -1 -1 55379 -1 -1 2979 -1 -1 59702 -1 -1 -1 21100 -1 24194 31377 -1 -1 -1 20482 -1 -1 -1 -1 -1 -1 -1 -1 3535 -1 -1 -1 -1 29348 -1 -1 -1 47941 -1 -1 -1 56895 53380 -1 -1 -1 -1 -1 -1 -1 -1 -1 -1 -1 -1 -1 -1 -1 -1 -1 -1 -1 -1 27895 -1 -1 -1 -1 -1 -1 15 -1 -1 -1 9032 -1 34735 -1 -1 -1 -1 -1 -1 -1 -1 -1 -1 -1 -1 -1 -1 -1 -1 -1 24029 -1 -1 13201 -1 -1 -1 -1 58567 -1 -1 27005 -1 23035 41887 -1 -1 -1 7006 -1 -1 -1 14764 -1 -1 -1 -1 -1 -1 -1 -1 -1 -1 -1 -1 -1 -1 -1 58944 -1 -1 -1 -1 -1 -1 5956 -1 -1 -1 -1 -1 -1 17388 2979 5078 -1 -1 -1 -1 -1 -1 -1 -1 -1 -1 -1 -1 13479 -1 -1 -1 6861 -1 -1 57134 -1 -1 11455 -1 -1 -1 -1 -1 13120 41873 -1 -1 -1 -1 -1 -1 -1 -1 -1 25104 62136 -1 -1 -1 42977 2434 -1 -1 -1 -1 -1 -1 -1 -1 48595 -1 -1 49258 -1 -1 -1 -1 -1 -1 -1 16110 -1 -1 -1 -1 -1 -1 -1 -1 -1 -1 -1 -1 -1 41234 -1 -1 -1 -1 30409 -1 -1 -1 -1 -1 -1 -1 49158 -1 -1 -1 -1 -1 -1 -1 50514 -1 -1 -1 28546 -1 -1 -1 -1 9444 2492 -1 -1 12278 -1 -1 -1 -1 -1 -1 -1 -1 -1 -1 -1 -1 6234 -1 -1 -1 -1 -1 -1 -1 -1 -1 -1 -1 48708 -1 -1 46400 -1
9
1 169 8 256 6
0 85 13 234 0
1 332 7 373 14
0 23 10 243 14
1 312 7 261 3
0 264 8 302 7
0 449 12 422 6
1 117 9 123 8
0 419 15 248 14
