500 2000
244 217
72 156
334 75
238 217
174 381
273 361
105 289
206 440
484 135
226 283
391 350
107 198
275 218
14 22
94 394
219 58
69 104
320 415
267 28
86 207
322 178
27 196
317 187
136 143
94 77
384 432
461 53
466 455
240 289
248 192
355 427
150 7
255 32
191 420
60 66
415 434
233 467
445 27
309 247
186 312
394 475
387 325
23 337
374 327
306 272
354 487
96 263
134 28
4 222
347 141
89 296
283 308
162 499
355 126
471 465
413 130
87 330
129 308
283 162
402 495
11 130
133 453
314 351
361 114
68 366
422 408
210 21
91 58
93 204
253 8
364 175
288 110
398 239
279 169
415 458
424 176
377 191
10 70
278 337
120 10
69 255
469 145
55 17
491 293
483 271
371 0
60 376
409 200
495 229
70 113
114 1
10 277
192 76
345 10
227 253
112 200
322 254
339 289
14 260
499 438
93 80
19 165
141 78
7 344
238 191
307 64
488 446
187 364
190 282
25 447
130 339
296 465
301 2
469 155
454 344
346 14
261 495
325 429
382 81
321 278
174 67
317 482
370 287
159 214
409 498
36 469
421 251
415 218
134 9
35 246
478 482
398 436
327 59
373 477
45 36
370 5
114 329
122 184
190 355
446 337
239 295
282 269
321 255
191 1
386 103
35 249
57 321
79 429
178 399
411 117
24 361
243 410
236 345
459 304
102 381
435 165
322 168
332 77
360 247
52 391
100 268
455 318
143 316
276 294
80 82
378 146
489 201
154 174
411 170
109 294
125 467
412 324
324 283
242 161
0 497
250 120
473 199
419 206
461 328
164 74
435 174
435 327
414 465
103 18
153 166
194 170
485 266
203 417
103 485
383 221
158 20
229 174
20 159
437 27
346 488
217 77
260 182
480 483
68 308
3 156
440 129
218 229
382 327
133 179
296 224
299 351
67 443
7 417
380 343
381 8
67 353
292 366
409 77
158 346
408 342
349 82
407 253
335 257
221 193
466 97
257 91
384 95
399 193
105 238
428 307
278 260
73 229
207 485
292 362
60 7
463 245
261 367
193 252
245 478
263 427
41 183
113 241
147 72
342 188
448 487
150 27
13 160
412 129
380 8
173 3
166 316
4 79
398 300
412 375
187 121
479 214
311 333
471 0
370 297
467 62
322 397
58 158
477 381
417 309
14 436
75 110
495 312
39 489
129 433
249 220
33 195
360 159
308 414
75 53
131 298
432 231
164 45
270 39
471 389
451 344
343 92
208 286
428 263
213 78
138 12
444 496
293 135
296 7
88 444
326 362
302 461
335 172
42 232
266 434
97 220
25 493
285 437
237 489
48 405
413 206
376 209
195 389
464 229
372 178
30 481
125 461
381 205
42 488
147 452
366 75
209 465
378 410
415 478
140 32
354 238
413 364
165 471
369 139
17 116
1 398
183 78
374 217
167 190
458 431
405 163
85 217
150 453
207 402
155 321
380 289
5 291
34 157
95 333
383 37
12 181
6 101
473 478
493 225
287 224
52 449
252 326
192 209
420 471
352 17
272 90
312 43
192 55
3 436
393 75
159 447
151 301
354 259
36 172
479 335
292 93
204 359
119 334
225 112
245 54
51 125
39 355
124 411
43 200
11 471
82 321
141 179
347 149
286 189
423 73
436 211
84 478
146 4
269 71
148 309
439 464
23 347
252 308
287 124
16 68
294 148
199 3
349 445
279 119
327 428
470 389
437 186
2 40
167 453
5 133
134 48
440 287
67 425
453 334
405 110
375 298
66 302
238 406
307 50
185 389
268 429
456 92
145 379
324 255
37 489
192 397
205 416
475 136
447 173
133 79
48 371
336 156
134 367
258 225
387 307
294 110
130 442
353 460
82 66
95 261
194 499
229 367
315 297
283 385
29 240
176 108
285 25
75 2
114 462
347 292
39 397
28 78
201 176
487 370
426 427
49 121
33 488
79 26
236 176
126 331
408 452
365 278
140 279
172 61
214 485
220 469
109 124
186 292
323 109
233 413
212 336
444 12
104 447
174 245
477 43
351 256
420 73
329 39
172 107
457 105
53 471
160 62
472 59
92 150
276 255
254 161
297 412
126 351
112 480
452 462
490 396
327 115
182 37
431 207
253 6
81 370
493 340
495 290
163 133
407 220
310 427
67 228
280 13
273 345
235 310
426 93
314 243
38 484
152 60
317 173
462 283
183 303
164 13
91 350
33 367
251 122
112 199
384 344
43 155
88 244
280 239
273 23
319 366
298 230
35 355
12 465
195 106
63 421
286 220
359 461
457 103
479 9
160 23
305 304
305 293
122 40
130 128
137 220
467 378
50 155
286 387
459 55
193 36
281 270
381 170
292 106
415 288
0 48
396 482
116 95
487 363
456 165
333 410
137 234
259 299
74 108
179 62
258 74
470 267
316 398
125 459
242 172
136 259
492 477
437 160
224 76
145 199
484 383
66 34
61 382
370 436
50 193
354 60
424 129
171 64
196 160
110 491
277 392
61 321
493 253
153 10
15 334
395 382
366 280
497 140
334 74
381 309
332 438
158 46
242 260
292 63
336 77
457 293
77 236
180 340
117 413
389 106
101 429
6 454
379 71
284 319
171 294
325 255
187 149
468 118
2 66
366 291
430 185
458 391
374 80
65 335
282 208
97 320
296 157
83 331
344 17
224 86
229 129
28 402
169 402
82 137
466 292
416 102
329 149
211 410
267 349
73 404
348 334
392 4
420 197
472 281
445 133
121 318
61 42
251 461
35 333
125 359
346 43
73 42
95 51
344 304
90 429
98 197
266 101
177 237
418 58
316 250
393 216
321 454
112 0
22 114
312 5
64 84
443 403
298 345
340 154
490 240
46 35
269 449
462 332
59 338
386 27
406 40
153 421
142 449
295 496
256 323
304 412
435 399
234 129
301 220
158 372
2 120
409 82
370 244
463 316
167 462
34 314
159 465
465 19
383 95
114 281
309 298
314 437
159 298
151 159
487 492
285 429
320 220
183 466
343 407
67 179
145 59
384 139
219 131
23 413
143 153
112 37
20 335
376 368
470 110
346 44
415 188
126 5
84 344
179 186
294 222
83 79
146 348
223 80
463 34
381 495
102 76
140 269
8 135
124 212
1 457
267 488
374 472
288 312
157 446
12 402
162 186
309 312
286 187
32 367
413 229
371 43
371 189
77 131
31 269
357 453
299 195
206 256
103 67
388 120
4 283
239 48
212 418
102 256
439 119
414 77
476 178
48 125
362 59
75 55
242 123
248 52
203 287
378 301
103 393
303 438
209 495
269 368
263 307
237 120
37 243
248 484
175 157
164 147
442 159
154 278
28 60
494 318
426 393
203 214
7 28
401 114
259 280
157 319
12 415
255 52
293 381
404 26
367 28
140 54
415 242
385 285
496 349
483 30
128 484
325 167
495 424
41 366
96 3
493 414
403 338
127 406
197 366
232 193
101 194
119 196
183 494
301 184
244 91
167 31
174 385
419 168
205 282
375 394
459 168
75 182
273 369
126 495
137 396
411 55
47 76
15 7
181 329
465 371
17 64
55 401
116 92
421 139
345 268
276 306
389 440
314 229
271 301
364 130
235 439
90 224
269 112
88 41
187 340
191 234
307 355
458 90
490 195
146 67
188 318
496 307
179 484
299 248
279 472
98 185
447 487
333 73
40 391
120 423
482 377
121 462
258 122
23 55
489 464
8 335
329 163
294 162
300 203
143 3
76 145
217 398
380 82
179 289
9 283
220 242
263 303
143 387
217 266
469 16
314 334
398 46
259 243
152 365
374 294
2 233
53 318
29 244
394 178
146 414
69 386
499 117
414 449
297 475
338 12
498 494
381 323
213 358
276 438
215 446
112 15
331 136
61 322
113 327
46 404
486 115
268 83
18 449
235 485
337 280
476 401
427 354
56 154
67 27
464 173
334 14
295 322
305 476
227 200
122 427
484 145
393 79
318 240
473 248
151 177
449 139
364 256
437 117
244 176
178 226
159 181
158 14
265 50
349 444
172 4
11 102
233 405
159 197
16 155
231 132
483 185
480 7
172 321
446 59
205 180
438 366
141 448
492 466
329 147
453 156
184 161
50 421
267 69
348 124
70 247
282 26
146 430
290 363
277 483
105 346
357 478
68 292
166 392
133 349
300 126
141 474
411 329
215 380
449 346
338 395
307 414
132 190
5 242
274 179
214 271
5 287
3 468
304 38
435 473
446 362
51 443
168 458
462 143
64 1
464 93
319 13
14 327
164 439
438 464
399 333
69 268
453 125
153 233
251 229
495 236
182 294
284 405
272 239
37 32
10 170
309 77
80 233
70 90
183 202
99 181
1 116
446 375
296 257
109 448
189 76
360 213
59 270
248 230
382 423
178 155
446 429
229 147
401 257
42 460
385 344
380 457
31 196
122 219
264 46
32 218
271 138
434 495
19 123
165 463
123 25
162 259
197 203
217 212
62 293
494 340
177 379
427 273
107 413
150 191
498 237
148 426
320 25
37 342
86 2
177 179
466 68
34 76
301 281
306 122
153 3
250 128
462 51
199 200
445 115
494 6
179 277
127 122
488 350
359 367
499 366
219 443
391 290
186 497
145 227
206 78
81 475
434 121
461 123
181 275
326 218
164 376
43 263
72 148
382 98
434 475
365 320
391 377
484 366
95 322
186 182
376 89
360 191
442 109
463 440
404 413
98 353
472 341
197 185
64 92
491 176
36 301
444 479
441 465
300 36
31 104
420 82
242 27
336 344
263 10
367 161
416 321
155 76
79 356
392 337
269 208
190 115
365 435
82 314
315 282
198 322
194 337
58 415
102 95
424 89
40 327
92 247
471 361
473 163
90 172
129 128
230 231
53 150
66 38
392 61
313 158
238 165
194 384
169 231
183 240
33 283
261 319
7 445
453 236
279 272
432 104
175 280
240 220
322 53
81 357
421 342
434 98
473 272
290 402
35 170
177 314
18 493
260 118
463 406
280 307
186 243
266 34
103 273
171 455
2 326
153 147
316 176
421 322
291 138
307 465
9 94
283 77
128 264
333 190
329 168
284 98
363 239
99 445
278 39
110 423
118 80
91 445
144 341
404 25
224 26
187 242
233 256
57 42
11 346
17 105
109 66
293 64
139 127
368 206
38 458
421 288
82 99
400 151
155 22
133 350
84 0
302 16
238 271
323 77
442 80
319 208
102 362
485 245
430 298
148 349
418 124
133 256
277 464
278 328
242 321
132 55
458 39
367 219
104 123
484 298
251 464
234 31
254 81
44 263
430 242
130 481
418 267
360 314
285 303
242 83
462 264
195 240
251 244
410 207
102 207
154 456
212 282
28 22
370 215
250 319
191 390
190 113
372 296
312 433
211 310
483 50
240 389
359 19
17 253
178 1
316 109
108 211
145 351
441 389
79 442
277 87
184 176
239 469
261 369
96 284
1 318
402 387
287 346
459 85
238 65
306 432
277 281
172 283
118 222
6 8
410 430
337 412
62 372
494 366
288 3
36 83
84 19
36 15
245 201
249 232
136 167
61 372
229 414
27 187
418 462
358 71
488 202
110 79
275 238
408 361
433 398
344 402
324 291
214 44
307 240
172 448
11 426
348 212
199 448
176 40
265 394
167 493
436 4
88 488
416 223
85 48
281 6
463 216
444 236
306 163
289 265
469 272
193 474
24 450
370 422
210 41
197 24
367 450
347 220
26 345
114 198
375 10
321 226
462 330
133 292
228 285
338 182
127 281
406 64
278 219
47 49
164 451
451 353
98 313
419 25
379 129
290 483
206 499
491 68
456 86
411 86
258 268
161 30
456 345
281 149
326 128
107 407
410 212
103 10
61 276
194 493
108 368
282 272
137 378
259 203
434 360
193 206
143 40
243 418
482 83
94 298
47 31
471 441
146 296
116 194
139 170
185 144
293 272
264 193
359 29
114 321
466 118
53 219
29 482
103 227
197 296
376 333
78 288
200 185
142 241
140 27
234 188
224 357
217 233
189 103
264 14
332 197
186 290
475 365
350 122
257 459
450 455
47 14
104 244
72 179
374 330
41 232
258 123
237 96
330 353
432 238
391 81
495 302
68 387
168 302
343 185
292 187
193 373
336 75
246 202
389 309
12 498
88 225
211 59
93 448
259 341
319 396
318 384
186 203
201 467
416 465
285 4
474 53
45 153
253 171
237 317
82 13
198 485
358 141
43 91
135 391
383 312
487 328
150 19
141 400
459 205
418 111
84 158
25 289
173 109
424 497
352 80
271 427
248 467
284 313
104 320
452 302
425 417
116 399
52 37
315 260
325 232
422 214
409 67
153 348
453 160
287 431
270 104
493 237
412 57
368 196
339 402
293 490
470 107
434 313
284 302
331 276
87 470
132 49
387 368
279 210
104 115
57 349
38 300
124 444
164 415
58 125
416 211
413 228
324 235
49 351
405 45
493 239
385 56
467 23
274 406
23 128
270 279
383 61
336 165
103 81
145 396
316 329
30 386
50 342
14 37
49 282
314 77
245 315
264 426
304 322
88 189
133 67
297 94
259 363
232 64
235 241
82 475
43 210
278 450
391 278
29 50
363 269
148 479
333 303
161 297
407 408
402 409
117 177
298 255
83 341
331 81
487 65
235 376
383 145
411 77
34 482
89 118
466 400
176 340
457 343
145 349
438 58
487 414
477 262
248 408
39 354
445 441
105 237
96 76
11 433
183 377
365 426
340 221
209 377
177 493
68 44
144 151
29 2
189 225
360 28
380 449
403 156
95 267
265 182
393 357
459 457
222 442
162 459
95 285
202 245
21 467
317 420
199 52
353 120
306 465
334 78
78 219
435 491
202 264
471 97
458 333
456 136
207 145
184 300
128 235
473 247
46 494
170 156
272 67
415 366
113 204
215 89
364 297
179 209
426 234
62 265
187 362
85 309
493 315
96 484
125 484
59 279
240 212
323 8
128 279
92 301
116 107
102 454
435 184
109 68
447 33
193 473
297 293
386 19
358 273
35 182
347 255
259 120
284 315
100 96
13 146
179 166
436 12
325 244
19 275
333 4
175 310
245 146
263 268
448 18
57 307
321 413
43 384
316 492
59 272
319 461
447 446
421 172
179 53
475 409
126 83
434 106
409 325
389 469
247 330
143 270
8 395
377 235
402 499
398 176
53 139
121 437
58 444
421 310
289 338
267 50
44 375
254 128
493 356
400 426
166 419
124 1
386 404
202 224
198 230
100 29
216 14
105 118
91 281
421 428
452 458
235 318
94 446
407 116
229 34
454 280
109 176
64 499
441 453
342 450
28 358
272 208
349 278
269 252
248 366
63 90
431 273
41 395
360 13
269 121
298 440
58 45
138 61
104 344
296 133
342 27
260 339
139 413
315 83
126 229
169 109
478 367
116 263
329 203
333 156
48 174
30 131
268 363
176 368
149 108
457 177
7 59
473 335
251 281
89 67
381 419
405 472
330 308
72 404
192 287
117 88
478 50
30 224
138 7
169 101
415 132
433 253
484 191
417 290
187 453
2 461
270 22
390 261
234 391
257 322
497 448
8 469
495 301
143 245
9 26
226 456
333 428
108 498
110 202
110 356
13 355
247 9
163 467
389 281
407 354
253 43
470 444
491 19
286 72
7 295
284 101
471 152
15 440
452 341
417 464
315 487
415 53
212 98
101 68
491 422
196 170
159 102
333 229
253 39
21 221
148 415
294 88
20 235
463 459
439 341
499 317
371 138
494 455
196 305
125 312
364 453
471 402
308 176
215 435
468 244
188 264
295 475
256 194
42 300
322 408
259 29
481 411
371 433
451 55
305 427
214 346
82 266
142 250
23 428
105 331
59 399
440 405
29 196
139 491
59 429
404 186
136 28
225 187
162 96
279 32
390 260
302 236
274 265
281 7
197 368
269 393
39 289
246 223
146 301
461 35
456 198
80 24
339 384
264 392
242 294
274 278
403 115
186 24
372 272
233 326
32 438
211 20
70 313
219 311
181 266
421 317
125 306
484 331
222 289
261 492
342 314
246 28
38 498
284 26
208 129
159 358
30 208
95 4
211 177
393 169
417 429
44 6
153 353
146 485
32 84
92 275
183 219
17 402
164 277
97 282
455 35
46 429
35 457
357 53
101 464
236 68
406 490
129 71
151 8
172 285
313 123
395 51
168 316
447 85
463 447
204 218
206 247
395 210
143 342
441 215
1 264
318 422
73 80
2 324
88 358
39 192
221 210
24 438
221 380
285 121
291 69
12 252
370 213
439 150
342 83
399 43
8 319
405 27
337 134
204 486
368 346
8 369
318 320
340 119
268 237
214 491
366 33
360 324
95 223
74 148
372 184
282 228
152 84
111 223
386 218
148 486
143 250
132 110
481 19
88 421
171 155
250 332
96 174
266 172
356 268
6 301
433 162
185 323
50 34
128 211
144 403
211 10
141 449
333 99
436 190
327 360
158 178
390 307
201 419
448 225
46 7
330 171
28 432
356 35
7 488
432 351
74 81
111 342
468 231
1 107
485 130
431 98
333 370
82 434
86 312
200 473
247 44
387 385
15 252
7 179
454 45
94 156
430 396
203 190
40 433
79 57
343 223
127 409
158 255
270 363
298 224
56 46
445 227
312 496
91 206
434 300
61 258
378 411
263 189
175 231
26 110
460 275
234 211
341 304
296 159
220 227
201 83
157 344
338 181
395 20
11 496
453 42
476 264
227 244
264 326
91 313
249 254
165 137
353 134
464 304
345 98
181 133
40 11
228 496
211 413
366 217
415 5
211 317
379 290
469 211
216 27
205 318
223 453
175 418
349 495
166 252
73 432
267 432
124 395
180 6
351 431
343 103
57 262
339 264
478 327
219 478
175 74
469 11
441 258
448 240
389 418
85 149
163 476
147 231
471 40
31 70
440 183
366 290
65 282
416 309
197 262
210 51
347 280
276 257
306 300
442 362
173 20
117 311
59 219
184 472
339 479
209 18
340 465
75 471
360 288
400 365
363 299
269 400
151 26
13 186
452 485
229 247
477 62
114 54
435 442
323 47
-1 -1 3736 5922 -1 -1 -1 -1 -1 -1 -1 -1 -1 53565 -1 -1 -1 -1 -1 -1 -1 -1 -1 -1 -1 -1 -1 55768 -1 -1 48875 -1 -1 -1 -1 -1 -1 -1 -1 -1 -1 -1 -1 12122 -1 12808 -1 -1 44431 60669 5031 -1 -1 -1 -1 -1 63121 17512 -1 -1 -1 -1 -1 -1 -1 -1 -1 -1 -1 45111 -1 -1 17737 -1 -1 -1 36530 38584 -1 -1 -1 -1 22011 -1 -1 -1 -1 -1 -1 -1 -1 43442 -1 -1 -1 -1 -1 -1 -1 -1 31823 -1 -1 38070 -1 -1 -1 -1 -1 -1 -1 -1 -1 -1 5781 -1 35107 -1 10352 -1 62960 -1 21866 -1 -1 21151 -1 472 -1 -1 -1 -1 -1 -1 -1 -1 -1 58987 -1 -1 -1 -1 -1 -1 40492 -1 -1 -1 -1 64646 -1 -1 -1 -1 -1 6195 -1 -1 -1 -1 14484 -1 -1 -1 -1 -1 -1 -1 -1 40451 61747 -1 43706 -1 -1 -1 -1 -1 35287 -1 -1 934 30186 -1 -1 -1 4593 -1 -1 4976 -1 -1 -1 -1 -1 -1 -1 -1 -1 12785 -1 31498 -1 -1 -1 -1 -1 -1 -1 -1 -1 -1 -1 48065 -1 13437 -1 -1 -1 -1 -1 -1 19161 -1 -1 61797 -1 -1 -1 -1 -1 -1 -1 -1 -1 -1 16853 -1 -1 -1 -1 -1 -1 -1 -1 -1 -1 -1 -1 -1 -1 22284 -1 -1 -1 -1 -1 23680 -1 -1 -1 -1 -1 -1 56949 -1 -1 18814 -1 -1 58039 31846 -1 32759 -1 -1 -1 41483 -1 -1 56922 -1 -1 -1 -1 6528 -1 -1 17108 -1 -1 -1 -1 53421 -1 -1 -1 -1 -1 -1 -1 -1 -1 -1 -1 -1 -1 -1 46843 -1 50134 -1 -1 -1 -1 -1 -1 18246 59360 42114 -1 -1 -1 -1 -1 -1 -1 7118 41427 -1 5030 -1 -1 -1 -1 -1 -1 -1 -1 -1 -1 -1 -1 -1 37134 -1 -1 36123 -1 -1 -1 -1 -1 -1 -1 -1 -1 -1 -1 -1 -1 -1 -1 -1 -1 -1 -1 -1 17687 12622 14383 -1 56115 -1 -1 -1 -1 -1 -1 -1 -1 -1 -1 -1 56631 -1 -1 -1 -1 -1 -1 -1 -1 -1 -1 -1 -1 15411 -1 57107 -1 -1 -1 -1 -1 -1 -1 -1 61596 57967 -1 56346 -1 -1 -1 -1 -1 -1 -1 -1 -1 36262 -1 -1 -1 -1 11799 -1 -1 -1 -1 -1 65485 -1 12407 -1 -1 -1 -1 -1 -1 9147 55253 -1 20565 -1 -1 -1 -1 -1 -1 34668 -1 -1 57271 -1 -1 -1 -1 -1 -1 -1 62640 -1 38540 -1 -1 -1 3848 -1 -1 -1 -1 -1 -1 -1 -1 -1 12332 -1 -1 26609 2841 -1 -1 56768 -1 -1 -1 -1 -1 -1 -1 -1 -1 16304 -1 59358 -1 -1
6
1 118 3 116 12
1 443 2 177 1
0 355 9 354 10
0 123 1 184 3
1 90 0 243 11
1 193 6 175 0
