500 2000
377 96
401 81
385 40
56 95
378 299
385 247
129 1
223 359
89 124
435 406
39 224
31 392
342 296
139 76
242 140
374 91
237 317
106 33
276 84
496 170
231 312
344 69
36 51
423 57
359 451
320 384
405 352
356 360
26 260
79 115
279 484
22 388
48 435
242 7
463 61
275 236
270 169
147 47
299 158
161 28
107 135
339 423
49 150
189 201
125 430
16 132
249 337
451 376
15 320
435 219
244 484
164 318
100 263
73 460
1 11
494 181
330 319
390 348
200 291
129 86
423 216
261 401
447 331
69 413
231 166
186 459
99 84
19 64
203 257
408 441
156 3
93 255
224 456
192 243
44 171
276 460
235 281
51 40
159 131
448 421
188 64
127 209
470 285
376 31
461 179
185 164
293 439
471 401
377 186
356 288
44 363
487 55
100 85
415 228
333 139
431 74
186 119
295 403
146 282
358 287
466 311
186 325
214 436
390 440
481 29
63 440
106 48
38 43
250 440
291 322
60 199
464 312
247 475
369 415
121 186
252 431
176 492
173 469
476 411
169 337
388 403
279 400
297 187
228 315
40 356
329 208
446 135
412 473
454 62
441 425
69 324
298 189
478 72
44 300
87 3
166 22
470 420
214 260
32 161
321 328
174 425
287 254
34 132
157 134
56 414
295 103
385 33
235 196
141 215
437 166
30 498
366 262
226 68
268 96
307 355
432 413
483 220
252 209
294 62
139 379
332 10
122 92
119 458
4 133
218 206
324 62
351 259
144 20
397 439
197 348
463 118
191 477
33 128
471 370
18 17
205 242
241 425
136 230
439 478
101 105
61 18
262 116
215 102
180 470
36 309
251 227
443 23
242 414
416 427
111 284
76 95
308 455
392 108
309 64
2 376
412 139
153 362
308 87
414 195
182 110
301 133
177 327
343 196
429 88
384 51
393 274
325 163
100 246
158 422
132 198
402 476
176 142
337 133
7 254
171 495
122 280
243 101
457 19
293 442
279 36
466 222
287 497
457 156
287 307
233 175
87 435
250 91
174 92
279 464
23 30
206 441
174 201
367 263
374 177
268 196
59 10
148 340
479 497
241 73
428 291
44 248
174 55
309 162
474 415
398 190
28 483
39 41
66 337
2 331
277 311
283 86
202 195
231 362
495 331
74 204
366 52
317 334
361 329
284 157
268 467
303 122
265 17
351 120
4 11
280 195
364 246
196 147
187 321
183 329
205 424
319 350
494 417
375 147
85 491
62 192
465 312
430 274
198 87
38 96
405 203
225 154
141 134
151 247
453 333
20 211
255 353
402 146
354 104
363 287
44 297
381 229
181 223
409 332
444 89
401 426
371 285
56 256
271 21
118 337
96 453
71 316
231 456
34 115
283 279
103 264
106 103
446 353
474 3
478 348
488 7
140 53
159 153
3 324
468 325
495 198
35 161
207 221
87 425
22 478
180 104
47 66
489 243
188 55
330 289
202 494
342 337
471 128
150 461
479 350
409 478
352 386
405 321
281 360
197 179
264 176
250 156
321 492
277 162
67 165
122 374
350 197
402 1
437 90
191 455
256 215
138 458
80 392
125 485
395 59
340 307
387 95
398 188
200 175
257 304
257 406
31 209
73 286
177 199
120 44
448 198
410 452
391 224
315 237
299 382
182 105
135 325
422 129
182 393
431 467
397 242
199 229
490 347
340 451
328 414
337 92
267 29
252 48
424 384
471 475
89 467
237 234
85 449
215 366
305 398
473 328
229 494
292 49
330 387
86 445
90 57
178 474
222 281
333 481
74 201
192 221
274 330
342 458
205 172
396 177
455 440
413 395
484 120
189 427
130 97
221 15
3 51
26 116
165 339
198 299
175 268
366 227
458 493
431 490
33 418
418 347
340 244
287 81
198 458
259 85
154 191
323 253
82 137
5 130
188 34
482 342
462 378
348 70
259 249
426 194
197 494
195 342
11 76
54 286
445 30
400 237
226 218
457 322
57 301
113 95
188 409
207 480
231 288
15 117
212 120
109 137
408 297
189 306
135 338
330 311
112 125
177 56
417 300
209 134
102 426
238 207
5 429
183 214
405 392
419 59
195 339
332 471
74 22
371 354
355 316
378 197
363 426
198 313
262 327
360 18
30 340
112 343
314 422
131 121
173 295
116 192
403 246
359 355
191 8
290 420
362 473
233 393
350 239
222 138
364 254
485 201
92 74
308 409
489 102
426 327
480 330
273 153
269 403
275 163
485 318
50 38
76 451
152 74
371 400
98 226
3 106
113 330
198 472
324 379
303 8
266 189
176 452
125 248
101 439
402 67
260 208
165 230
192 255
445 451
17 198
40 197
94 209
464 305
161 342
431 19
362 215
447 395
238 330
259 451
155 162
443 336
329 68
103 117
420 1
268 15
424 166
94 100
388 152
191 47
242 98
21 182
89 235
83 99
205 93
228 473
241 293
432 126
297 312
384 348
183 254
34 360
304 496
446 104
328 177
83 455
261 338
258 417
327 320
319 455
80 286
346 486
327 400
144 474
339 189
265 333
233 166
457 120
269 85
496 83
244 338
108 40
471 436
80 156
13 69
67 89
452 28
173 26
288 293
389 231
117 245
375 125
439 60
109 219
84 252
296 251
479 211
157 41
295 26
336 292
157 56
438 13
370 378
105 287
363 428
143 458
251 247
196 95
70 433
131 150
482 458
375 278
266 421
275 369
12 432
425 402
371 357
159 146
12 72
16 109
344 340
330 446
427 381
127 428
342 257
48 119
299 465
220 174
384 239
280 339
456 454
138 292
141 14
435 244
339 419
386 358
481 244
125 362
242 99
70 0
243 54
364 55
171 146
88 267
112 366
130 420
437 477
108 250
258 61
81 490
43 27
198 442
347 105
487 246
315 457
86 33
171 303
458 314
99 68
91 140
419 41
461 6
438 488
333 227
29 312
151 483
5 336
403 144
244 77
453 26
136 451
348 69
28 389
202 197
218 133
484 133
93 164
456 457
86 423
36 304
240 70
401 292
428 147
484 249
290 73
300 372
459 414
77 446
105 482
134 390
318 146
480 443
387 217
120 134
192 393
469 272
111 234
313 157
470 212
322 137
123 173
439 27
79 354
337 56
292 208
127 444
342 424
497 46
226 113
379 280
144 262
75 106
412 53
173 321
161 142
447 473
337 101
391 182
362 4
271 252
72 118
408 130
24 319
42 326
12 339
136 204
96 167
354 314
315 262
349 110
77 373
67 221
213 52
285 104
93 156
473 126
141 302
103 382
332 319
198 254
359 68
65 103
248 90
495 369
16 14
282 42
264 311
87 400
454 488
164 357
281 225
88 314
190 15
219 243
8 40
5 382
264 430
341 209
289 278
208 198
442 183
448 131
467 313
21 331
130 418
315 258
357 36
478 67
173 101
370 121
433 256
209 263
98 221
5 56
466 214
195 399
496 498
322 173
494 161
66 223
335 491
292 263
228 196
346 344
43 2
313 55
151 489
73 33
284 278
330 469
406 320
318 32
318 240
289 277
294 305
48 298
388 325
246 156
411 11
492 87
340 328
487 411
53 417
449 24
457 272
70 419
29 246
147 395
188 280
466 131
390 422
465 467
337 139
262 477
86 296
293 249
383 406
495 303
257 462
172 352
289 347
431 402
267 77
79 197
388 12
438 446
151 239
318 203
102 106
379 159
477 30
332 114
391 166
66 482
369 394
375 96
153 143
222 361
234 462
240 257
356 398
247 253
194 258
23 160
322 43
261 239
248 21
117 395
96 494
8 459
371 225
477 265
480 427
351 195
380 81
18 296
372 57
57 463
349 101
479 256
384 149
403 128
118 413
271 285
369 435
338 4
207 298
243 378
344 457
98 129
359 337
488 408
340 277
492 324
308 11
364 85
10 413
363 365
228 437
330 314
407 221
335 117
149 405
189 9
67 433
261 394
219 140
436 135
484 382
399 304
126 77
21 367
133 17
430 239
375 266
362 350
243 16
47 387
192 29
271 463
99 247
291 193
110 335
91 57
386 438
372 221
108 324
163 389
436 391
84 436
228 187
289 38
466 143
53 426
179 455
422 388
261 308
224 52
143 3
51 499
21 101
121 33
212 340
461 43
499 189
148 468
440 496
195 102
133 261
8 397
368 121
360 227
187 408
114 344
272 74
417 499
83 488
255 254
163 93
266 337
253 87
352 460
298 288
118 12
54 36
224 143
358 464
306 182
152 320
3 155
165 15
64 313
116 473
407 378
82 54
54 392
374 51
295 424
11 92
168 113
142 46
297 498
473 233
249 53
481 409
237 125
477 284
108 490
98 388
20 390
140 414
50 69
486 19
45 265
125 352
269 66
237 283
406 363
397 127
337 30
244 386
428 480
181 378
100 251
493 26
26 67
358 294
66 332
327 275
197 223
76 468
174 334
181 353
271 281
189 301
431 106
32 240
481 435
310 21
92 34
385 41
411 190
475 38
74 174
334 453
388 313
353 45
467 7
140 450
177 127
26 293
496 128
105 62
202 469
7 18
370 31
492 415
168 143
354 477
479 232
497 167
146 189
394 279
451 336
360 230
248 1
445 192
386 164
205 485
384 27
106 441
385 303
304 434
343 464
297 124
336 165
310 356
252 75
190 467
12 411
177 422
16 266
228 270
273 51
366 159
158 480
426 88
182 489
433 387
178 436
375 340
308 95
304 405
231 303
119 265
97 210
475 282
354 229
52 77
260 115
348 421
188 125
236 274
10 256
316 345
143 17
275 409
376 229
70 18
33 267
270 250
455 349
499 427
457 324
334 363
167 412
56 144
57 286
193 11
271 227
448 391
38 244
392 16
351 493
483 458
385 312
408 101
402 198
373 204
306 191
407 278
244 335
406 211
99 162
456 82
368 62
59 275
141 376
232 442
255 497
174 487
381 306
414 102
366 134
305 348
253 129
177 386
229 18
96 41
315 189
306 95
67 112
87 457
47 124
93 348
362 441
434 66
445 275
17 319
241 26
152 21
218 76
261 220
489 38
265 144
255 47
465 459
86 293
67 341
323 94
122 1
318 407
267 109
288 111
171 38
389 303
197 146
93 393
61 221
104 401
209 384
233 241
254 3
327 482
497 257
373 194
498 342
416 497
433 224
69 437
233 50
51 31
135 52
245 242
404 412
476 391
324 100
21 469
269 479
322 140
476 445
467 286
157 142
488 490
167 272
59 390
386 160
199 70
193 360
428 270
134 16
246 54
247 318
215 156
416 228
293 419
68 272
77 423
299 155
319 209
398 109
218 31
152 475
447 30
163 68
338 120
402 210
109 359
166 90
191 294
468 30
117 368
8 45
101 76
390 300
3 281
273 193
99 485
172 316
497 262
47 87
223 279
267 160
22 365
389 337
377 241
455 254
121 422
420 64
110 229
164 118
327 2
79 199
314 338
496 187
294 147
278 417
28 234
440 79
27 477
302 123
231 117
342 205
263 397
326 204
320 343
367 470
290 154
416 167
491 188
147 141
475 438
190 29
304 84
26 13
494 244
72 488
32 412
243 405
464 336
311 128
405 216
173 381
154 342
235 430
292 284
333 256
167 314
12 394
185 337
484 337
38 273
387 157
368 344
459 180
471 60
418 244
424 293
456 369
296 345
77 272
109 289
241 44
377 378
125 339
225 144
400 59
348 338
487 35
397 45
329 417
265 311
226 464
163 65
97 117
281 239
286 443
13 344
312 74
463 309
144 366
345 66
451 267
5 435
271 390
311 224
11 314
6 98
333 72
435 180
137 440
428 89
114 91
441 6
35 271
108 405
142 34
421 317
296 218
424 35
110 209
90 232
433 355
497 65
495 277
271 481
3 65
181 276
139 233
390 87
172 299
374 494
44 207
332 449
94 160
164 297
244 395
342 137
17 364
133 413
489 108
252 118
34 230
319 345
40 335
193 354
333 379
414 50
433 214
233 234
0 408
443 208
182 432
453 53
141 85
225 180
285 478
422 116
92 370
470 432
275 349
413 132
244 447
494 144
268 193
150 328
91 206
431 233
491 6
19 354
233 249
55 198
365 0
425 166
37 239
429 225
5 451
42 269
256 314
167 341
381 81
61 118
173 399
71 100
351 109
327 50
174 387
491 236
326 170
140 15
106 37
161 361
283 305
43 128
435 47
458 22
237 111
443 42
331 497
141 92
96 166
248 130
372 355
49 435
410 449
201 95
73 469
46 75
298 44
468 57
188 57
462 412
389 54
239 236
490 85
65 107
65 260
301 67
27 124
40 229
71 284
308 438
344 196
15 116
176 411
470 363
1 273
254 213
263 315
175 231
115 373
147 493
261 424
331 16
304 171
477 151
115 371
174 22
405 146
192 475
466 43
80 20
288 194
301 391
364 471
494 99
106 30
44 372
199 465
381 239
275 304
244 156
90 397
375 6
107 265
126 15
121 477
374 279
399 260
250 416
86 361
498 87
427 105
208 320
109 332
151 90
169 164
328 212
263 148
368 153
495 6
102 237
53 478
421 26
357 91
80 103
281 466
381 394
176 315
35 328
375 464
207 116
105 141
404 295
200 274
294 475
179 387
472 492
499 130
257 228
16 456
7 215
361 175
173 283
78 388
394 284
66 378
409 296
191 195
398 461
244 211
88 467
295 41
451 134
376 68
148 311
171 255
149 404
446 188
349 342
185 435
188 401
392 199
468 244
474 193
286 496
109 404
260 102
6 392
286 492
223 271
346 80
458 293
132 350
119 426
165 494
61 38
242 433
380 466
240 475
170 282
460 78
113 135
141 437
462 116
280 27
226 334
242 77
355 337
280 165
149 102
44 13
189 484
286 82
123 34
24 94
229 493
328 474
278 81
359 252
56 40
174 102
175 337
240 66
487 167
417 83
311 229
249 485
164 72
481 371
368 439
496 238
446 387
253 310
62 237
9 100
160 157
452 493
290 59
50 382
51 146
420 492
298 306
412 477
190 49
6 155
79 158
440 399
91 480
254 477
454 85
471 15
136 111
170 113
76 392
90 294
355 490
82 347
176 375
209 251
238 376
105 361
250 90
377 53
79 309
353 79
454 285
218 372
406 361
382 163
490 290
235 423
301 130
456 260
182 463
330 155
252 70
385 469
460 16
316 262
364 247
303 71
75 337
18 365
273 64
355 394
425 164
473 112
234 469
450 47
176 42
471 246
404 438
129 314
446 133
124 41
381 49
61 407
113 58
89 25
133 72
242 183
394 468
208 191
345 295
268 316
316 38
156 270
432 466
470 449
311 189
115 481
320 71
476 40
23 321
343 373
157 116
36 343
432 460
61 319
200 129
194 462
384 283
361 84
409 166
265 64
381 435
422 301
88 319
32 292
464 465
279 119
277 30
119 411
40 463
237 458
254 444
343 60
117 223
481 180
384 336
134 491
366 201
174 170
355 204
242 63
98 344
409 115
42 1
287 216
87 363
93 47
109 92
90 123
388 242
435 132
168 194
391 128
37 348
256 206
463 85
51 443
317 419
478 470
491 265
133 79
69 491
246 455
435 262
446 41
470 292
448 225
313 106
21 356
264 102
168 400
190 102
142 315
321 315
89 112
485 87
116 430
452 236
375 35
177 465
323 168
80 179
44 113
494 271
176 44
44 251
340 145
379 310
264 13
54 210
4 15
434 329
225 100
414 93
409 21
102 71
278 52
282 243
153 245
62 254
393 249
394 174
120 406
73 137
478 191
495 356
269 194
81 375
44 243
200 254
102 225
333 46
4 231
64 413
234 265
99 202
100 128
430 368
204 364
85 108
479 20
499 219
173 108
408 343
142 225
389 229
32 379
183 233
388 363
247 158
268 365
218 37
274 446
439 66
166 337
454 196
452 247
277 399
329 169
51 17
246 14
23 206
420 264
365 234
434 398
432 80
111 41
306 65
256 475
291 116
303 484
460 158
484 38
234 85
168 11
441 324
157 96
215 86
52 298
386 395
253 473
363 495
301 11
90 387
12 254
498 259
120 219
480 227
320 279
265 105
63 270
105 193
69 235
205 142
267 395
375 324
167 493
231 11
373 455
149 279
217 460
326 15
282 497
248 467
150 499
292 177
52 134
202 80
443 367
121 190
42 424
355 280
190 281
86 261
125 9
325 122
211 309
123 201
370 47
366 29
370 383
104 35
140 41
54 215
180 355
379 149
301 148
273 265
155 290
409 225
411 163
10 152
99 136
196 139
437 180
343 167
216 32
346 26
339 316
455 334
290 497
282 341
455 307
461 136
470 426
333 311
148 185
268 322
49 483
92 340
83 44
234 236
284 236
76 116
39 163
442 118
64 192
57 346
401 251
247 60
486 52
399 384
365 431
72 288
253 187
263 440
303 375
88 299
175 211
376 454
88 354
130 69
252 241
73 391
110 14
388 258
89 312
356 434
27 441
15 452
336 433
107 108
67 389
70 190
362 184
52 165
477 449
352 43
94 80
85 357
485 75
496 394
318 172
285 85
132 265
350 221
16 153
472 222
475 113
310 466
279 177
100 95
218 0
399 0
496 482
389 11
174 312
148 24
153 274
115 326
488 332
111 448
280 368
465 184
483 276
445 302
227 407
49 4
245 356
493 24
46 235
486 419
83 437
245 433
10 493
366 427
365 457
102 337
296 475
400 214
367 423
138 303
141 261
359 382
397 182
476 323
296 127
64 297
322 82
322 229
265 425
495 295
172 491
75 125
461 253
425 232
113 274
117 297
292 279
97 119
82 458
489 370
194 461
438 406
50 79
481 318
188 204
228 465
263 377
365 270
339 141
186 221
450 384
361 217
24 254
37 212
87 401
321 255
288 488
374 96
348 476
493 361
45 100
315 204
329 354
472 289
43 344
257 270
141 327
286 396
409 386
67 314
392 466
292 451
164 259
229 253
378 125
230 353
49 400
305 301
226 433
390 384
336 214
248 102
74 101
499 311
287 77
498 81
444 86
146 369
183 409
291 335
229 398
315 165
224 344
399 259
409 182
155 265
426 124
178 45
205 329
208 162
19 298
178 193
488 135
74 47
332 244
442 61
375 177
401 318
348 468
134 428
-1 -1 -1 -1 -1 -1 -1 -1 -1 -1 -1 -1 -1 -1 -1 -1 17209 7260 -1 -1 -1 -1 -1 -1 -1 -1 7710 -1 -1 -1 -1 -1 -1 -1 36408 48536 -1 32272 -1 54726 -1 -1 -1 -1 -1 -1 -1 16240 -1 -1 -1 -1 -1 -1 -1 -1 -1 -1 -1 -1 -1 -1 -1 -1 12331 -1 30606 -1 -1 -1 -1 44204 16809 -1 -1 -1 -1 -1 -1 -1 -1 -1 -1 -1 -1 -1 -1 -1 42547 -1 -1 -1 37253 30114 -1 -1 -1 -1 -1 46780 21437 -1 -1 -1 -1 -1 -1 -1 -1 -1 -1 -1 2460 -1 59754 65309 -1 -1 -1 -1 55745 -1 -1 -1 -1 -1 14245 -1 -1 -1 58535 -1 -1 -1 -1 -1 -1 -1 -1 -1 -1 -1 -1 -1 344 -1 -1 -1 -1 -1 37175 -1 -1 -1 -1 -1 -1 -1 -1 -1 -1 -1 -1 28387 -1 31811 -1 7934 -1 -1 -1 -1 27569 -1 -1 -1 -1 -1 -1 -1 -1 -1 -1 -1 -1 -1 -1 -1 30886 -1 -1 -1 -1 -1 -1 -1 -1 -1 -1 -1 1114 18618 53650 -1 4215 -1 -1 -1 -1 -1 -1 -1 -1 -1 -1 -1 -1 -1 21407 -1 -1 32294 -1 -1 -1 -1 -1 -1 -1 -1 -1 -1 12651 -1 -1 -1 37043 -1 -1 47483 46291 -1 26942 33794 3361 -1 -1 -1 -1 -1 -1 -1 -1 -1 -1 2195 -1 -1 -1 -1 -1 -1 -1 31057 54344 -1 -1 -1 -1 -1 -1 -1 -1 -1 36872 -1 -1 -1 -1 -1 -1 -1 -1 -1 -1 -1 57596 2061 -1 1563 -1 -1 -1 -1 -1 -1 -1 27862 -1 -1 -1 -1 -1 -1 -1 -1 -1 -1 -1 5814 -1 -1 22669 -1 -1 -1 -1 -1 -1 -1 -1 -1 -1 63881 62101 -1 -1 -1 -1 -1 -1 -1 40052 -1 -1 -1 -1 -1 -1 -1 -1 -1 -1 -1 -1 -1 59528 -1 22372 -1 -1 -1 -1 -1 55480 -1 -1 -1 48038 -1 -1 -1 -1 -1 20334 -1 -1 -1 -1 -1 -1 13543 -1 -1 -1 -1 -1 -1 64381 -1 -1 -1 -1 -1 26633 -1 -1 63915 17976 -1 -1 -1 -1 19729 42367 -1 15206 -1 -1 -1 -1 -1 -1 -1 -1 -1 -1 -1 36723 -1 -1 -1 -1 -1 -1 40542 -1 46203 -1 -1 -1 44308 -1 -1 -1 -1 -1 -1 47029 -1 -1 60096 -1 -1 -1 -1 2581 -1 -1 -1 -1 -1 60059 -1 4951 -1 -1 -1 -1 -1 24497 42798 -1 -1 -1 17985 -1 -1 -1 -1 -1 -1 -1 -1 8567 -1 -1 -1 -1 -1 -1 -1 31012 -1 -1 -1 -1 -1 -1 -1 -1 -1 -1 -1 -1 -1 -1 -1 -1 -1 -1 -1 56017 -1 -1 -1 -1 -1 -1 20693
10
1 292 10 347 7
0 162 13 279 4
1 300 4 97 8
1 183 12 206 2
1 402 13 194 7
0 20 7 221 4
0 423 3 474 11
0 13 6 114 7
0 110 14 133 3
1 465 1 159 2
