500 2000
273 102
219 64
376 353
96 223
335 2
109 160
14 115
16 6
180 484
123 367
220 289
483 251
268 145
188 233
173 110
327 406
485 285
6 415
180 270
209 433
475 32
230 345
373 11
498 482
80 440
465 1
236 192
425 380
409 69
210 442
262 176
460 31
61 464
145 236
443 289
7 497
98 229
210 305
401 313
335 178
190 54
197 482
279 462
319 117
342 51
232 76
492 19
169 497
322 432
167 123
391 240
143 460
462 154
311 210
291 477
153 79
201 365
354 175
314 161
384 312
81 397
318 97
337 154
452 357
245 318
485 361
74 191
348 278
77 410
161 401
48 414
198 44
338 405
466 101
171 246
398 385
180 246
29 65
238 376
307 56
5 275
276 99
218 139
255 479
331 140
34 62
177 180
340 467
295 144
161 496
376 496
217 449
83 273
208 472
111 200
473 31
173 446
220 429
16 149
436 2
497 132
92 427
43 93
263 394
280 468
105 89
438 490
447 2
21 10
270 240
382 372
128 11
282 392
376 8
324 374
362 275
450 167
120 74
489 12
274 127
299 290
162 82
297 255
152 294
389 462
292 426
144 71
491 167
164 268
314 394
402 383
214 197
23 476
181 149
138 333
449 169
219 17
133 279
294 448
300 475
318 112
466 319
172 432
480 199
142 386
458 406
193 108
469 26
338 158
226 59
98 65
377 400
394 386
462 132
257 379
335 270
106 199
431 210
259 110
389 217
59 452
62 221
82 396
350 199
413 434
335 213
155 166
315 483
393 59
150 69
298 138
94 5
470 53
460 457
230 83
234 473
107 20
496 466
416 182
325 291
486 276
254 435
465 233
349 148
292 76
305 23
426 437
481 357
404 390
59 165
486 317
383 87
429 326
23 100
95 215
292 279
227 288
441 262
179 159
6 118
2 344
437 378
7 75
328 363
375 24
40 265
103 77
129 130
387 50
309 116
291 234
256 266
139 435
17 368
386 463
241 199
267 147
277 451
311 109
493 400
322 438
27 268
489 74
305 190
73 187
30 195
108 394
240 254
372 498
195 254
85 395
225 93
498 218
348 28
8 73
202 83
257 396
485 308
225 155
222 466
9 462
129 72
84 497
216 102
111 100
305 88
456 460
338 371
477 128
461 369
342 304
352 441
388 406
459 402
55 36
28 210
353 214
80 170
134 350
384 128
418 208
454 60
38 289
410 393
121 324
493 420
129 391
489 474
341 367
232 352
371 156
402 315
382 215
441 222
482 437
199 276
77 422
77 281
278 2
92 96
115 152
298 28
468 302
179 67
442 487
231 103
90 384
308 284
194 454
166 267
288 85
162 23
495 328
113 302
222 405
451 239
268 359
293 445
59 120
381 250
467 274
451 18
79 86
330 143
70 9
497 417
0 274
324 489
125 450
115 262
12 196
350 174
470 499
474 3
305 34
24 280
444 139
454 344
385 374
182 15
374 179
484 289
285 166
1 141
482 381
117 313
358 322
210 246
283 471
451 92
276 62
340 135
323 13
354 214
374 474
363 164
408 1
450 217
350 128
472 296
32 212
279 392
163 160
424 317
413 108
379 331
179 176
58 222
158 419
166 360
341 61
489 494
224 337
132 148
152 418
475 68
289 26
170 138
223 353
248 13
226 31
412 464
52 317
98 319
161 269
443 48
57 351
388 475
347 286
298 324
471 10
85 354
215 154
67 378
334 254
491 194
270 215
222 311
140 439
37 435
36 13
37 255
278 393
362 290
475 318
96 337
341 39
335 244
126 359
150 277
493 357
191 306
172 286
450 91
457 218
289 279
401 59
142 441
115 71
435 50
301 481
408 254
127 107
117 174
165 370
453 458
157 383
124 399
20 110
403 245
118 388
61 288
482 240
457 57
74 399
126 102
100 203
96 379
116 107
467 486
490 113
153 278
346 294
177 439
11 375
152 168
25 372
438 422
79 484
21 181
353 46
320 220
38 496
313 350
489 144
72 385
417 211
284 87
289 184
106 300
0 5
345 490
52 92
62 392
388 112
43 394
380 128
155 423
175 198
134 2
453 112
309 92
368 263
17 298
284 35
40 158
118 288
290 489
369 414
325 286
326 209
262 207
214 111
483 76
42 292
21 54
211 466
424 491
281 50
6 200
280 318
250 34
302 110
346 189
134 394
306 47
354 389
300 348
379 464
330 167
370 220
390 217
110 341
260 1
339 151
414 199
339 248
102 7
28 138
395 273
262 73
401 79
69 469
265 28
27 238
481 227
310 193
398 442
383 173
3 464
267 222
139 129
444 296
336 457
479 169
463 283
377 125
292 100
182 299
218 6
418 342
161 126
133 286
203 32
289 203
180 425
316 140
160 423
356 191
429 304
97 32
376 436
161 370
489 159
3 47
76 384
459 440
75 244
461 259
40 351
145 109
440 22
325 490
381 32
435 204
476 352
204 156
237 184
308 443
282 320
212 1
219 326
187 262
11 477
169 426
211 403
27 496
314 81
400 260
254 424
313 125
395 295
297 375
41 476
432 267
401 382
274 20
87 405
25 244
68 106
496 89
429 10
55 146
52 124
313 33
187 139
241 102
222 115
291 66
293 112
102 336
332 421
3 318
32 70
391 340
459 18
53 230
395 220
214 305
129 255
331 272
64 41
390 232
321 390
400 309
421 93
270 312
145 347
105 125
162 374
186 204
155 372
400 124
183 421
372 189
496 66
309 130
172 346
207 352
369 60
498 462
14 480
326 481
440 341
252 245
355 214
118 399
399 427
54 306
100 408
131 272
246 423
103 86
343 327
418 470
60 214
441 94
331 157
123 84
161 232
390 377
182 61
159 451
55 462
458 280
337 249
95 415
98 18
233 269
226 336
349 68
495 412
41 347
341 96
34 8
425 119
349 464
245 163
68 445
35 127
14 101
135 154
195 53
335 322
388 392
285 258
136 428
35 395
176 315
101 17
324 387
30 344
282 120
488 205
133 120
96 297
403 460
56 113
130 300
440 140
481 226
359 402
124 411
256 335
179 322
197 86
220 136
240 183
435 119
453 274
126 192
271 21
16 182
107 343
17 477
36 244
415 245
122 255
35 51
199 250
218 420
135 226
440 91
485 39
171 138
243 234
216 452
424 379
484 77
385 161
290 324
267 229
107 328
476 379
4 288
263 160
172 411
278 183
433 458
87 233
479 329
31 407
210 277
425 269
273 211
455 85
101 115
473 26
119 206
112 18
309 402
488 150
114 292
68 489
193 0
342 486
180 44
328 51
229 188
227 198
415 91
448 262
466 483
3 493
347 289
138 432
474 194
62 205
80 302
214 196
251 176
196 369
37 329
105 270
260 330
368 380
301 383
387 401
435 361
431 370
116 152
39 495
130 180
226 470
168 290
52 323
429 149
17 272
50 458
306 23
337 298
345 353
38 478
374 327
460 219
187 160
174 272
289 145
483 326
0 344
202 382
416 321
79 63
312 174
162 477
433 405
176 281
318 218
19 20
300 156
0 163
318 105
228 390
84 319
497 202
343 69
224 313
469 239
25 239
176 182
476 71
49 56
407 215
35 187
102 285
404 69
82 240
364 389
7 71
416 51
155 3
17 339
110 3
385 236
250 157
247 369
491 134
428 373
168 99
267 348
192 112
223 454
102 181
486 398
198 169
489 65
228 26
238 287
274 250
319 82
43 416
144 465
123 231
233 490
352 234
342 14
478 135
379 420
183 13
161 472
71 205
453 124
362 152
179 108
45 146
328 335
177 124
124 444
367 287
433 39
386 496
320 493
209 349
244 439
194 355
173 270
357 56
55 267
312 42
470 445
278 1
178 63
368 20
237 52
458 466
364 293
430 76
272 421
213 204
292 71
225 49
197 357
51 269
80 123
233 134
399 199
407 111
44 427
122 226
109 212
434 34
489 18
135 43
181 288
118 152
173 195
479 243
80 32
43 112
8 358
155 52
458 130
73 84
234 161
185 71
333 344
157 484
226 494
1 240
82 113
402 180
27 278
430 236
318 0
186 118
292 36
474 19
339 127
177 173
275 12
189 47
224 157
191 110
209 261
62 250
366 286
26 316
32 27
83 79
299 434
80 315
347 492
305 412
483 167
280 193
432 168
46 412
499 401
253 31
442 96
98 456
397 178
243 12
420 76
478 260
17 102
268 160
348 485
342 138
67 172
234 424
64 166
422 63
320 111
217 382
421 175
99 124
438 115
357 309
424 361
337 23
462 401
395 489
369 300
133 58
156 180
75 491
67 1
86 416
439 124
321 499
387 327
384 465
24 365
190 440
408 483
117 146
29 128
412 11
415 87
393 281
410 199
357 199
34 300
20 498
499 485
235 382
410 233
410 165
349 442
489 278
42 326
166 177
496 24
142 273
54 135
248 110
65 86
350 329
238 224
327 69
266 175
292 206
482 56
277 264
83 208
65 373
192 175
155 94
297 404
214 95
0 59
106 112
16 195
273 107
383 278
250 498
494 278
406 398
437 450
20 120
307 263
380 94
316 417
220 410
385 377
76 411
429 109
89 63
209 128
253 485
383 144
367 291
325 260
89 22
211 13
359 405
32 455
499 275
158 195
215 445
232 436
380 356
0 229
226 186
444 263
376 9
378 487
140 382
440 224
487 155
413 181
91 326
127 463
395 166
281 440
260 29
340 18
418 409
159 95
176 369
380 149
29 131
395 123
499 366
313 315
181 159
158 420
35 486
141 385
161 453
309 55
212 379
76 162
391 145
117 13
45 64
37 461
80 422
60 328
477 244
55 172
476 395
272 386
114 260
267 409
467 206
101 334
439 143
259 30
374 176
325 33
286 291
494 61
266 91
29 462
102 430
235 384
285 57
295 38
266 116
364 390
17 357
210 449
213 44
132 346
90 337
300 239
234 258
297 499
288 65
362 179
355 111
488 428
344 445
280 302
190 37
427 34
411 73
425 70
102 494
380 195
144 479
62 284
274 125
307 415
30 179
147 401
83 360
322 206
121 47
128 303
109 228
436 99
339 320
281 54
329 119
79 103
459 40
290 330
390 161
447 339
372 196
314 201
362 12
497 311
328 12
21 486
159 199
186 117
388 205
43 128
273 275
80 487
410 484
86 438
129 161
130 346
488 99
5 388
16 486
51 386
55 165
467 392
424 16
205 27
389 131
235 200
59 169
420 301
405 125
120 83
2 470
196 174
349 57
319 17
260 132
225 192
81 282
137 389
273 117
319 473
477 61
175 434
149 343
351 268
343 180
199 175
483 221
236 253
68 87
108 131
202 309
451 269
377 7
189 85
472 418
49 294
140 54
179 103
250 173
159 458
308 394
78 75
367 91
462 135
99 306
454 114
242 148
9 471
127 157
43 310
390 8
195 396
267 350
201 395
148 379
277 193
9 208
120 231
29 396
133 201
291 435
172 455
45 424
457 46
495 21
259 231
172 182
95 305
90 400
156 267
398 332
102 224
427 419
240 124
283 269
80 253
19 439
409 218
189 124
64 320
232 111
25 246
166 98
78 364
193 253
403 146
263 114
293 24
205 307
382 351
403 96
73 343
296 339
483 278
125 468
371 84
390 226
58 142
260 160
217 35
335 440
116 171
472 85
161 155
142 472
386 32
100 30
485 21
69 145
220 451
297 474
447 45
235 126
296 173
400 351
155 92
209 334
374 381
397 351
61 103
494 178
168 58
400 220
225 243
403 373
374 42
388 109
52 115
174 80
453 50
396 408
420 4
143 36
147 131
218 331
53 111
81 40
497 390
121 253
229 429
402 477
433 57
0 387
227 12
60 90
114 4
150 266
88 433
60 459
239 305
499 371
49 101
275 321
279 416
327 188
217 441
57 267
236 157
400 81
339 311
410 121
256 170
290 98
306 317
453 339
251 201
398 131
309 495
400 327
44 439
321 463
145 22
269 149
279 191
326 84
128 376
195 191
75 345
238 36
301 483
118 293
95 48
131 214
486 286
237 294
247 472
220 180
113 96
77 106
71 284
423 86
289 213
268 408
10 376
421 444
171 396
468 457
129 31
369 38
149 413
207 462
93 282
286 179
309 222
7 442
75 386
365 484
113 2
238 395
499 496
4 96
20 135
0 175
476 442
396 259
83 391
437 156
52 490
92 94
323 29
131 488
211 122
356 482
284 339
425 320
467 18
492 467
360 145
90 117
205 412
395 412
455 91
279 344
302 51
469 141
224 286
497 75
309 194
256 101
245 256
345 142
364 117
171 370
92 175
193 446
1 337
110 329
126 382
163 1
305 196
298 175
237 423
154 15
131 76
354 244
462 314
317 255
494 35
52 180
324 168
423 185
203 216
420 233
270 275
238 226
263 411
225 487
200 182
406 234
86 466
180 460
218 359
342 202
261 276
60 367
29 234
486 229
316 430
380 130
328 19
432 126
6 37
296 467
188 170
50 128
393 381
463 139
362 385
202 315
233 495
43 341
62 358
271 168
134 382
208 225
264 351
225 463
225 201
470 392
396 318
298 83
177 278
186 414
362 3
210 201
356 187
487 4
37 279
92 452
315 445
368 174
415 276
22 445
78 303
15 289
88 135
332 384
275 153
249 495
453 174
283 71
395 143
263 367
130 59
178 229
336 311
75 165
79 247
481 2
120 418
394 32
385 224
453 111
454 275
208 326
309 241
232 421
35 85
488 469
368 188
74 155
100 40
348 289
190 181
412 354
312 243
153 226
230 323
482 496
385 204
466 293
190 170
239 349
468 73
409 266
66 166
358 18
249 40
213 463
33 436
384 29
4 465
123 198
108 137
331 313
44 163
33 69
151 74
208 95
308 237
148 316
369 356
0 385
240 347
244 411
342 66
150 447
330 237
190 396
115 62
50 267
214 72
245 179
196 496
352 236
132 359
62 290
19 265
35 239
382 322
268 261
342 269
120 43
64 65
269 239
55 231
255 386
137 213
63 356
217 393
292 294
421 14
46 111
410 268
121 497
200 344
1 428
402 219
376 301
472 422
240 216
468 100
188 3
439 429
152 474
454 100
64 198
221 296
13 296
453 250
457 189
186 179
79 441
52 42
122 423
276 396
370 376
489 371
99 216
345 213
323 472
7 48
389 430
365 182
226 136
236 158
103 369
233 330
79 75
437 459
474 146
11 170
470 112
486 153
69 418
339 448
128 201
93 169
3 266
223 290
45 150
382 450
377 47
491 268
115 380
301 64
403 228
285 11
133 38
100 77
37 53
120 453
87 185
480 388
311 168
52 73
403 304
424 244
379 318
89 66
130 241
334 330
74 103
283 28
23 450
38 139
475 105
34 410
49 491
272 95
372 345
177 67
346 67
228 169
450 18
477 226
64 51
83 329
375 251
245 135
466 323
392 60
282 360
307 153
484 331
448 377
60 464
75 365
47 178
13 114
231 236
312 32
214 376
432 16
208 7
452 466
311 11
216 192
77 246
418 131
129 224
347 76
483 464
290 363
174 228
274 256
345 384
22 81
271 295
337 228
388 307
2 253
218 265
149 248
50 457
355 244
351 340
430 57
202 475
76 210
356 329
437 138
198 244
445 125
344 324
342 295
152 273
371 471
296 170
92 57
478 479
198 83
139 315
28 477
4 109
467 351
153 32
491 357
447 216
98 221
44 316
393 56
349 30
485 149
169 35
465 241
232 237
368 323
435 317
371 222
134 498
163 177
477 282
184 113
398 25
491 109
97 391
175 253
165 88
407 36
459 97
240 89
470 208
265 146
441 157
387 84
126 81
196 484
463 358
5 498
36 415
322 400
178 351
284 377
488 94
274 314
150 190
234 108
46 168
315 422
232 295
326 491
457 319
436 281
241 9
271 283
148 75
164 3
133 12
499 71
118 476
102 289
258 151
419 248
247 128
369 221
480 271
400 152
453 239
359 395
204 176
385 238
408 450
93 110
319 417
238 167
191 305
106 318
175 351
470 295
487 330
365 86
342 232
391 345
221 421
459 283
0 1
109 321
487 142
432 296
225 172
143 414
387 20
2 369
130 144
359 296
131 112
118 449
221 352
240 350
419 323
327 461
244 458
439 265
435 247
379 345
16 373
252 369
216 288
291 372
433 473
89 202
226 327
53 214
384 100
23 115
117 299
279 213
352 375
45 261
325 150
230 71
281 136
497 316
180 145
170 38
15 477
351 471
312 244
148 150
177 175
35 388
134 251
386 434
232 196
95 51
10 214
125 300
311 45
281 473
331 383
31 66
196 329
69 11
60 51
8 119
123 87
101 404
426 468
95 184
3 26
245 472
58 282
94 388
115 80
386 473
321 361
131 154
477 6
464 475
65 122
157 432
431 6
432 284
347 100
427 112
158 332
480 36
465 79
69 195
281 340
470 57
449 448
243 265
210 14
315 275
163 286
164 469
58 175
335 228
227 39
193 351
42 192
134 384
159 240
342 328
35 89
236 351
455 89
183 191
354 474
486 370
68 396
116 232
301 312
394 83
4 238
426 188
220 305
377 191
477 100
106 358
28 11
368 192
431 407
235 30
35 55
464 417
404 195
342 218
167 286
311 480
29 312
132 224
423 252
176 38
406 272
119 270
277 55
409 169
115 140
50 187
328 257
377 130
319 270
169 115
298 413
20 469
90 399
375 66
187 321
117 333
191 12
280 494
133 406
335 321
388 436
93 388
410 7
4 448
293 99
338 12
319 129
23 448
174 243
189 7
47 444
82 262
201 215
128 453
381 279
34 391
213 136
207 187
169 367
10 336
351 429
266 389
280 53
346 333
429 97
314 206
385 170
117 201
81 259
252 240
332 327
448 95
228 53
246 233
139 146
400 145
218 145
109 471
211 179
51 457
18 130
343 88
374 239
278 205
399 336
494 317
191 128
230 444
187 24
456 63
268 158
109 192
396 493
265 388
416 260
473 98
291 478
188 416
229 248
334 481
215 398
114 282
499 479
45 378
401 247
302 219
421 474
478 159
228 130
241 247
389 299
115 472
109 245
247 417
197 233
495 345
117 277
409 300
169 116
103 249
318 89
438 204
92 197
95 306
369 224
436 144
441 455
410 336
46 150
499 409
8 394
168 425
24907 -1 -1 -1 48273 -1 -1 9268 65481 -1 -1 -1 -1 -1 -1 -1 63311 38893 47271 8513 43959 -1 -1 -1 -1 -1 -1 -1 35445 -1 20860 -1 -1 -1 -1 58109 -1 -1 37947 -1 -1 55365 -1 29600 -1 -1 27691 56920 -1 -1 -1 3825 -1 -1 -1 -1 -1 -1 27700 -1 -1 -1 42797 -1 -1 60631 -1 -1 -1 -1 -1 -1 -1 -1 -1 39202 -1 -1 -1 -1 -1 -1 -1 -1 -1 -1 -1 -1 18734 -1 -1 25628 56261 20298 -1 -1 -1 27435 -1 44222 -1 -1 -1 -1 -1 -1 49065 -1 -1 -1 2601 -1 -1 -1 -1 -1 -1 -1 -1 -1 50038 -1 -1 -1 -1 -1 -1 643 -1 -1 43135 -1 -1 -1 35517 -1 22002 30914 -1 11778 -1 -1 -1 51374 -1 -1 14037 -1 -1 -1 24823 -1 -1 -1 -1 -1 63647 61729 20073 16968 -1 -1 -1 27177 -1 -1 16596 -1 54155 -1 -1 -1 -1 -1 -1 6476 50783 -1 -1 45765 -1 50569 61127 -1 -1 -1 -1 -1 -1 -1 -1 16921 13030 -1 -1 -1 -1 -1 -1 -1 -1 -1 -1 -1 -1 -1 61013 -1 60941 -1 -1 50120 -1 26636 4516 -1 -1 58916 24044 -1 -1 -1 -1 -1 -1 -1 -1 -1 39898 4704 -1 -1 -1 -1 32945 -1 -1 -1 28701 -1 -1 -1 -1 -1 -1 -1 33747 -1 -1 -1 -1 53741 14767 -1 -1 -1 -1 -1 -1 -1 -1 -1 -1 -1 -1 -1 -1 -1 -1 -1 26863 -1 -1 -1 -1 -1 59385 -1 -1 -1 -1 -1 -1 4397 -1 -1 40185 40781 -1 -1 23855 -1 -1 -1 -1 -1 26412 -1 -1 -1 -1 -1 28609 -1 -1 52462 60960 -1 53639 -1 -1 -1 41917 -1 -1 -1 -1 -1 -1 32101 -1 -1 -1 -1 -1 6541 -1 -1 41023 7127 -1 -1 -1 -1 -1 -1 -1 -1 -1 -1 -1 18791 29542 -1 49717 -1 -1 -1 -1 -1 -1 -1 -1 -1 -1 -1 14227 -1 23746 42877 -1 -1 16949 -1 -1 -1 -1 -1 11305 -1 -1 -1 -1 -1 -1 -1 18681 -1 -1 -1 -1 -1 -1 -1 -1 -1 -1 -1 -1 -1 -1 -1 -1 -1 -1 -1 -1 -1 -1 21341 -1 -1 24257 -1 -1 -1 -1 -1 -1 -1 48907 -1 -1 -1 -1 -1 -1 -1 -1 -1 -1 -1 -1 -1 -1 -1 -1 30714 -1 -1 -1 -1 -1 -1 61500 -1 -1 -1 -1 -1 -1 -1 -1 2750 -1 40938 -1 -1 -1 -1 -1 -1 -1 -1 -1 -1 32237 -1 -1 -1 -1 -1 -1 -1 -1 56407 31156 26465 30259 -1 -1 -1 -1 -1 -1 -1 -1 -1 -1 46157 -1 -1 58692 -1 -1 -1 -1 -1 -1 -1 -1 -1 -1 -1 -1 -1 -1 -1 -1 -1
10
1 321 10 320 9
0 291 3 139 2
0 348 14 350 1
1 327 13 201 1
1 437 2 226 0
1 280 14 251 11
0 171 0 4 3
0 21 2 212 9
1 194 9 120 12
1 122 10 158 10
