500 2000
259 31
144 373
221 196
481 330
487 176
179 176
99 497
70 173
213 360
326 277
120 282
318 198
156 303
207 328
406 387
422 30
133 50
395 286
420 449
261 195
416 474
474 479
235 443
242 171
438 284
21 303
283 223
79 419
23 280
304 415
264 41
218 110
338 385
169 23
219 321
94 440
426 313
241 444
346 2
32 434
169 278
99 174
46 278
338 494
402 389
242 276
448 215
116 187
16 56
392 103
201 120
81 354
146 411
483 489
142 224
235 60
422 271
359 77
81 205
428 340
421 462
395 22
323 378
248 134
307 118
277 169
143 0
263 467
432 391
431 353
111 443
402 392
90 87
164 20
282 260
95 119
188 236
45 35
40 445
110 182
267 408
133 167
286 10
354 59
150 201
455 309
153 413
76 197
409 330
175 278
343 388
458 188
260 361
74 400
32 94
138 403
242 420
469 63
246 249
193 199
386 436
94 291
67 252
273 173
376 296
215 279
69 272
143 27
32 219
11 77
137 126
233 467
41 205
220 273
23 498
64 394
193 0
143 225
157 176
18 209
32 106
351 328
68 365
91 236
341 57
225 240
207 390
210 463
219 190
440 83
349 498
2 235
420 144
390 49
167 340
306 461
367 53
340 207
69 463
57 151
202 296
46 443
165 319
28 217
379 417
7 324
186 486
83 27
179 54
47 403
424 297
341 349
484 448
197 251
214 176
359 50
457 14
73 182
248 144
371 427
273 263
237 136
165 9
132 481
418 32
443 9
327 341
252 121
436 322
475 359
27 116
166 386
150 18
145 75
256 136
106 15
488 420
137 240
28 373
484 431
349 465
65 232
444 329
7 294
177 299
423 264
234 11
443 163
113 73
26 259
27 132
82 457
143 354
469 112
304 410
100 407
267 202
267 193
247 299
115 212
171 283
353 331
316 368
26 117
289 273
350 114
150 58
382 244
339 291
359 211
444 406
343 218
360 37
306 63
94 184
112 387
278 435
13 287
233 428
10 352
387 385
208 134
56 387
6 114
10 119
294 346
177 31
300 30
448 187
497 350
93 7
61 437
304 86
452 10
215 15
295 304
12 377
391 218
363 17
37 129
473 121
10 496
88 56
355 314
414 93
302 17
347 330
104 101
425 222
291 457
67 14
167 93
166 187
201 387
65 343
483 268
485 83
15 61
5 408
105 452
178 438
348 314
399 120
100 99
148 358
94 276
246 106
283 138
249 338
477 378
373 182
28 415
83 71
236 364
160 465
99 486
152 416
219 329
320 212
217 108
238 5
430 414
490 191
121 119
410 446
124 426
223 196
480 441
386 124
95 265
238 144
72 345
99 55
300 362
139 176
135 39
88 102
364 97
299 470
193 185
48 27
46 390
428 210
184 416
247 492
205 11
261 150
308 97
100 402
223 70
47 167
236 258
231 4
422 101
372 267
214 110
61 251
64 280
130 442
335 68
70 154
280 193
124 228
282 347
261 465
363 496
57 84
353 28
96 252
373 123
383 387
130 97
297 255
204 55
386 282
335 102
333 285
318 351
120 397
300 283
242 118
349 337
240 149
244 137
205 139
272 464
281 277
36 91
207 29
65 423
450 175
354 411
484 428
137 338
267 125
179 262
447 106
350 499
170 280
12 228
158 229
94 222
282 1
94 156
397 168
489 476
225 311
285 43
309 34
80 61
68 105
88 495
276 84
39 317
272 389
287 472
104 431
16 1
44 139
475 401
298 376
256 126
187 484
482 391
95 142
384 77
378 83
2 95
135 221
52 467
16 231
384 163
6 214
336 193
231 421
127 200
37 121
272 441
488 330
396 217
70 33
21 413
437 242
378 284
391 142
495 464
222 33
48 197
489 237
179 341
252 202
93 81
66 418
171 240
302 427
488 230
54 219
438 383
22 403
261 114
313 328
178 363
87 147
336 467
153 13
330 338
225 16
276 252
321 251
153 269
400 309
421 172
390 445
129 336
61 163
202 111
170 35
289 127
403 109
109 68
366 405
166 440
24 109
361 151
387 32
164 4
16 286
21 79
177 68
350 376
358 481
352 250
240 38
498 410
360 216
43 189
283 457
154 44
497 431
306 437
159 166
59 166
368 310
343 166
156 437
182 473
8 187
373 367
477 75
73 310
106 438
166 315
416 240
423 219
170 171
236 308
478 303
243 370
422 144
225 359
264 338
80 295
246 13
348 361
302 452
267 285
356 232
187 158
1 418
0 164
102 311
437 482
48 416
471 293
379 240
109 445
205 273
217 405
167 70
324 395
495 220
35 342
182 92
269 363
21 242
404 305
166 363
322 352
428 329
497 102
481 458
182 221
293 365
239 291
22 106
410 387
197 164
484 70
369 404
278 130
41 300
196 281
52 1
5 178
403 135
131 208
240 251
400 468
314 367
17 242
453 172
120 162
139 218
476 344
301 452
117 490
10 235
170 107
156 340
392 395
162 485
222 275
61 3
437 68
313 260
322 404
271 316
238 138
281 468
424 73
138 153
447 367
364 284
460 27
494 208
147 5
310 313
286 434
243 285
186 397
140 363
444 316
404 88
200 60
55 12
244 242
366 360
474 68
29 159
88 284
188 332
378 376
12 185
46 240
160 352
428 242
109 236
474 235
389 479
393 314
147 96
429 362
141 91
142 14
467 67
367 417
440 93
265 147
215 430
12 150
437 165
337 205
6 98
470 206
268 430
312 369
387 135
479 131
193 353
238 411
423 337
352 468
128 386
467 225
309 473
419 338
18 294
217 20
44 328
79 97
221 479
449 55
86 41
231 253
405 332
270 40
277 311
211 1
286 144
27 270
183 450
136 203
186 489
259 190
108 248
478 376
375 161
497 498
432 486
100 56
49 74
194 322
35 372
399 481
43 48
443 94
426 120
9 293
301 469
181 120
287 206
253 337
99 69
363 141
93 366
441 398
484 234
86 472
160 126
156 397
422 36
294 495
138 320
384 18
454 469
183 82
178 344
53 304
39 155
359 298
357 120
43 265
375 157
25 125
337 259
243 265
352 218
342 207
7 304
395 428
371 18
306 247
380 456
41 165
215 383
67 343
319 402
190 14
108 485
19 81
12 262
91 413
160 24
278 51
304 404
231 111
296 426
29 355
7 377
105 338
422 312
138 267
64 477
341 61
370 180
153 8
319 284
49 342
130 288
79 257
461 4
283 247
348 461
136 327
411 480
290 206
228 69
233 402
23 30
150 324
42 438
200 211
193 13
327 372
438 481
203 191
139 303
276 11
408 486
456 349
196 197
462 239
281 373
430 337
303 179
269 7
15 377
201 182
294 176
499 451
106 69
138 196
412 355
182 310
469 100
158 279
343 44
330 278
420 484
133 243
343 404
97 157
440 60
476 75
299 191
7 464
454 382
354 39
489 272
451 211
400 417
346 493
196 260
216 59
383 61
222 369
29 137
180 189
122 391
253 384
77 489
161 79
332 250
438 261
87 36
335 226
182 389
261 73
495 285
498 22
33 124
352 365
44 356
59 26
147 77
279 260
471 429
214 31
365 491
259 65
308 239
264 112
480 458
130 141
478 1
62 92
366 320
246 150
260 44
82 254
214 436
400 394
46 395
408 312
75 136
499 160
224 54
185 43
334 80
19 63
53 229
16 467
174 232
475 369
315 161
418 482
482 173
60 410
80 370
64 459
281 462
306 127
224 460
346 459
306 359
353 423
490 330
387 82
4 151
117 376
24 22
221 451
318 493
183 65
56 438
284 298
385 320
452 491
68 329
407 289
165 354
322 103
283 473
78 421
330 388
23 453
105 247
292 44
293 40
354 183
402 452
173 439
78 380
407 433
398 190
150 147
40 65
489 6
247 226
28 100
357 362
268 1
50 386
415 132
213 450
429 379
463 294
66 361
483 88
236 417
36 199
337 463
140 387
320 294
377 280
463 135
51 467
170 334
445 447
341 265
365 333
11 453
430 70
356 292
307 5
26 321
35 122
132 157
197 435
256 59
471 201
439 498
419 150
175 231
276 476
136 124
244 238
32 496
201 24
324 8
105 51
6 142
149 181
1 490
398 328
31 74
26 289
316 303
11 385
362 211
202 383
230 287
492 245
161 283
453 346
277 332
310 183
434 160
298 45
336 196
256 273
143 136
484 101
272 159
363 484
303 326
399 68
291 261
51 308
493 457
468 338
445 396
189 370
119 143
465 71
296 192
65 430
291 133
112 338
199 367
215 1
298 248
149 436
20 362
492 383
1 24
262 438
325 138
252 455
348 218
453 321
446 274
380 479
366 387
35 20
471 250
391 193
251 5
17 31
422 489
39 231
384 407
494 91
180 367
49 129
87 437
238 475
248 339
148 28
457 217
188 37
197 165
279 414
482 439
429 117
423 393
6 183
190 210
395 448
15 54
467 71
240 166
101 81
488 481
93 148
484 54
325 473
199 361
161 116
127 179
314 398
349 351
300 361
324 266
128 337
461 219
269 297
300 24
8 81
380 90
447 282
21 267
256 34
10 23
356 219
251 426
103 316
396 234
300 258
257 139
220 230
463 23
33 240
173 365
195 253
143 42
248 143
414 268
411 84
276 38
466 388
260 100
327 221
364 22
380 312
361 20
301 440
56 322
223 279
470 185
218 400
211 174
253 53
323 192
108 237
20 248
371 117
370 202
77 153
203 466
177 297
454 105
28 149
212 83
312 497
69 103
69 211
50 481
493 426
137 460
21 333
11 70
80 188
416 484
44 329
327 307
477 146
401 93
8 144
447 410
332 489
291 76
382 89
321 147
228 152
230 486
168 22
164 332
199 474
401 381
61 496
458 91
237 91
157 339
118 262
293 235
13 462
405 455
98 468
413 414
97 386
52 394
263 219
186 179
436 171
120 419
436 404
20 262
472 182
222 112
288 38
256 179
256 54
217 90
312 474
286 427
412 101
299 106
53 204
139 130
221 25
70 37
293 44
14 421
454 288
465 182
404 59
380 146
46 65
221 313
476 374
70 103
86 485
483 159
321 329
7 225
13 280
459 33
441 70
302 499
393 414
432 340
447 317
223 232
461 240
493 340
16 316
17 419
204 159
384 269
471 371
28 258
387 408
74 398
127 169
167 380
494 421
211 115
245 183
36 226
216 442
450 308
107 276
96 486
76 35
257 13
397 472
400 437
236 345
404 438
112 295
204 72
86 319
486 91
410 219
52 214
460 361
163 414
396 441
352 248
262 93
75 262
83 162
307 473
277 87
0 324
333 399
103 259
233 439
72 280
412 263
9 191
372 105
233 414
184 296
440 194
322 339
37 366
340 486
276 480
231 2
285 377
397 31
192 382
277 97
401 418
99 62
283 137
282 218
35 222
117 351
219 362
333 483
97 477
322 19
222 469
96 215
60 202
297 487
116 196
207 297
457 368
341 73
189 392
211 312
395 2
188 131
486 7
59 416
347 175
357 232
97 154
288 316
95 270
99 236
355 312
276 484
29 371
81 471
442 48
374 402
125 371
63 280
408 173
409 369
58 3
82 231
100 337
222 462
385 488
140 401
51 274
490 345
316 296
119 359
215 56
84 243
89 170
390 64
423 136
101 172
374 417
380 201
332 123
252 213
261 389
225 481
43 149
293 300
494 211
319 210
230 3
278 256
63 222
378 148
217 114
128 388
229 489
97 359
416 39
293 17
246 358
183 110
175 263
146 58
189 326
12 6
153 140
338 103
371 355
66 8
92 259
491 287
440 217
418 297
90 206
458 46
291 264
437 197
490 270
255 4
272 373
453 80
37 341
470 257
368 153
192 138
422 48
242 165
140 441
387 144
272 298
310 227
426 44
302 62
323 107
40 105
288 264
221 47
207 100
368 348
162 18
58 372
325 35
427 200
474 424
184 209
345 409
247 280
440 100
135 341
345 33
180 240
218 66
174 225
254 471
434 88
110 486
6 119
175 264
295 345
291 14
185 270
174 468
51 213
174 483
487 466
140 200
198 4
215 395
25 280
76 484
240 402
372 462
380 457
24 223
33 208
30 39
120 102
315 340
341 119
310 265
317 299
259 47
267 43
55 206
479 273
89 62
242 336
412 88
67 473
450 361
107 349
309 123
430 363
390 277
318 102
257 339
443 191
446 370
463 139
152 50
190 363
26 320
300 370
26 198
468 3
85 427
95 325
389 191
461 128
0 337
333 215
86 399
231 202
123 323
370 238
282 337
92 23
352 360
11 2
45 58
421 433
236 305
469 42
285 124
441 349
19 412
100 139
63 25
428 209
20 466
47 134
104 372
351 271
128 417
451 126
279 369
336 313
234 212
480 6
453 124
226 182
290 91
202 97
392 478
141 367
497 369
174 120
410 182
250 258
467 224
27 129
493 173
394 366
424 293
495 109
366 313
19 406
373 437
34 476
126 226
319 430
449 413
313 236
471 232
5 353
447 392
10 108
179 109
203 123
102 416
368 26
92 468
54 149
121 114
328 259
62 438
180 108
291 328
10 404
159 121
433 411
42 7
85 31
195 366
248 295
178 264
60 339
68 161
122 183
160 67
347 26
248 458
33 90
105 195
86 441
205 48
171 36
361 353
248 426
487 237
325 141
278 16
355 171
162 197
327 365
127 465
372 114
177 333
158 99
38 484
470 228
346 140
447 453
449 8
227 257
455 380
31 494
320 179
71 473
386 152
345 430
483 28
92 266
317 137
242 50
87 330
85 84
471 11
351 297
350 35
157 432
276 100
463 201
57 207
440 144
55 280
388 327
136 45
53 110
311 4
52 0
161 157
393 58
191 271
451 430
200 263
66 48
423 78
80 273
60 288
425 354
359 343
143 213
202 474
180 464
410 236
327 368
57 219
194 45
169 409
358 465
455 263
452 237
346 212
412 413
154 5
114 318
321 56
78 282
78 117
336 383
405 351
47 56
353 378
159 34
389 415
40 395
54 95
8 410
112 297
87 28
7 219
215 235
179 73
105 462
205 333
74 321
191 403
135 53
149 212
231 446
229 307
271 223
9 83
111 32
130 474
284 481
254 350
87 202
188 330
466 115
208 336
244 293
23 207
204 206
463 67
243 351
138 417
191 272
140 28
203 384
270 401
312 496
177 123
145 230
278 23
484 440
58 484
255 379
384 397
190 166
281 100
214 143
244 266
465 172
456 129
2 196
51 114
143 193
406 226
182 2
233 338
393 193
435 6
257 277
108 33
193 88
479 486
199 359
495 185
314 419
44 196
13 232
86 496
449 467
35 198
419 227
341 90
24 101
175 419
329 134
218 495
187 65
490 472
86 122
251 284
10 384
473 324
157 294
455 196
25 302
190 314
304 41
335 117
287 110
45 167
452 471
394 56
410 407
454 457
88 314
48 196
242 433
446 208
210 205
249 155
480 37
414 214
317 297
465 83
92 407
196 490
82 188
18 168
59 200
456 240
96 43
28 280
487 138
488 349
154 129
90 221
499 118
466 309
329 130
307 16
267 464
382 19
279 421
33 202
143 334
225 443
296 349
417 173
8 7
134 6
93 352
89 324
432 388
165 356
362 251
452 316
107 196
421 17
194 344
426 281
71 403
105 297
475 99
171 345
441 241
221 362
182 241
117 143
322 212
359 183
118 115
341 160
109 124
322 141
326 392
223 61
186 337
402 61
429 63
399 339
38 46
432 190
49 127
361 174
139 483
286 200
287 321
405 77
206 384
0 240
499 91
470 176
162 318
277 196
1 455
195 83
489 394
352 156
42 356
116 470
396 253
389 407
86 45
290 437
16 38
472 205
497 210
71 482
13 454
253 70
397 270
130 245
459 251
335 119
210 354
248 289
377 292
443 29
198 219
137 83
284 221
464 176
183 12
235 161
180 101
54 421
454 451
199 465
361 100
32 22
459 159
321 71
418 230
479 379
414 265
343 221
27 52
259 280
71 126
335 99
5 187
228 190
407 455
244 364
343 283
355 28
162 388
188 183
362 123
421 228
217 198
371 65
11 409
358 305
119 353
409 295
137 58
364 264
421 216
177 176
204 331
193 287
319 245
273 232
290 50
333 139
470 118
354 272
282 414
458 349
277 429
184 133
465 342
238 444
137 295
435 181
70 388
65 479
260 152
52 386
155 305
225 95
181 274
251 63
346 128
164 80
299 86
313 166
218 265
124 50
97 313
262 69
212 271
23 427
51 399
95 375
455 295
340 437
401 72
208 379
294 216
71 65
49 417
70 61
59 91
60 206
375 131
40 452
357 374
301 39
21 309
84 100
48 198
316 122
492 456
364 310
98 406
81 374
389 292
97 485
168 383
489 413
252 256
190 224
307 107
337 440
400 369
163 256
313 344
70 320
297 458
354 494
404 365
360 117
190 47
75 314
440 383
455 208
345 177
129 466
99 85
208 460
169 251
52 491
378 106
52 366
485 332
353 391
418 214
319 170
250 62
394 392
151 72
495 56
258 397
169 363
237 187
346 467
430 377
315 68
85 76
43 94
470 292
27 17
46 254
371 6
438 363
152 110
466 257
282 98
85 474
370 236
57 142
261 193
422 185
226 471
267 306
209 263
385 329
33 402
155 444
141 162
434 90
436 492
103 470
444 145
405 109
494 39
201 497
415 46
491 251
464 112
166 383
216 449
380 437
163 177
438 12
322 269
408 497
220 292
422 63
296 368
95 337
169 498
463 35
416 114
3 341
207 169
167 406
133 186
180 484
56 306
85 479
38 154
489 491
429 289
248 179
344 470
144 288
234 227
366 221
138 83
242 401
90 388
342 74
44 257
424 426
272 442
343 397
383 99
326 340
410 191
101 96
70 120
113 376
375 396
192 482
458 299
193 24
37 91
34 439
366 492
277 490
272 359
260 457
79 399
153 273
134 301
7 233
268 488
10 197
40 281
62 271
58 209
262 485
415 474
116 146
40 93
382 398
11 352
61 186
255 48
162 13
219 49
90 494
74 14
112 342
327 5
14 118
408 294
418 210
395 382
322 10
284 211
220 200
364 453
22 473
201 361
186 317
355 388
380 194
323 222
99 238
85 233
163 409
237 14
91 124
442 411
155 61
30 19
392 74
235 7
24640 52946 -1 -1 57585 19438 -1 -1 -1 -1 -1 -1 -1 -1 30407 -1 54587 -1 -1 -1 -1 53338 54638 -1 63726 -1 -1 63210 -1 -1 -1 -1 -1 -1 -1 -1 13851 -1 -1 -1 -1 -1 -1 -1 -1 -1 -1 31098 -1 -1 52933 -1 -1 -1 32502 -1 -1 -1 59534 -1 -1 -1 -1 -1 -1 -1 -1 -1 34816 60452 -1 -1 62554 33381 -1 26465 -1 -1 21435 -1 -1 5842 -1 58708 -1 -1 -1 -1 -1 -1 -1 42926 -1 -1 -1 -1 -1 -1 -1 -1 -1 -1 -1 -1 -1 -1 -1 -1 -1 42073 36891 -1 39024 -1 -1 17036 -1 57558 -1 -1 -1 -1 -1 -1 -1 -1 -1 -1 -1 36063 -1 -1 -1 42387 -1 -1 -1 -1 -1 -1 -1 -1 -1 -1 14277 -1 -1 -1 -1 -1 -1 -1 -1 -1 26785 -1 44729 -1 -1 -1 -1 -1 -1 -1 -1 -1 -1 -1 54592 14899 -1 -1 -1 -1 -1 63779 -1 -1 -1 -1 -1 -1 -1 -1 29680 -1 -1 -1 26009 -1 -1 -1 -1 29324 15721 -1 -1 -1 56766 -1 -1 26704 -1 14477 53572 -1 -1 -1 -1 58389 -1 -1 7251 -1 -1 -1 -1 37925 -1 -1 -1 -1 25594 -1 40717 -1 -1 -1 -1 -1 -1 -1 -1 -1 -1 -1 -1 64691 -1 35206 -1 43480 -1 45420 -1 -1 -1 -1 -1 -1 -1 15553 -1 14068 64452 -1 -1 -1 -1 -1 -1 53598 -1 -1 -1 -1 -1 -1 -1 -1 46333 -1 44848 -1 -1 3829 -1 -1 -1 -1 -1 -1 10789 -1 33641 -1 -1 -1 -1 -1 -1 -1 -1 -1 -1 -1 -1 -1 -1 -1 -1 -1 -1 -1 -1 -1 45569 -1 -1 -1 4909 -1 -1 -1 -1 -1 -1 -1 -1 -1 -1 -1 -1 -1 43650 -1 -1 46406 -1 -1 -1 -1 -1 22524 -1 -1 -1 -1 -1 -1 -1 -1 39008 -1 47818 -1 -1 -1 3131 -1 -1 61332 -1 -1 -1 -1 -1 -1 -1 -1 -1 45223 19156 13584 -1 -1 -1 50620 -1 -1 -1 -1 60143 -1 -1 -1 -1 -1 9726 -1 3249 3892 -1 -1 -1 -1 -1 -1 -1 -1 -1 -1 -1 -1 10724 -1 -1 -1 -1 49958 -1 -1 -1 -1 -1 -1 -1 -1 -1 -1 -1 -1 -1 -1 -1 50159 14339 -1 19962 -1 -1 -1 -1 2630 20253 -1 -1 -1 -1 -1 16477 -1 -1 -1 57001 -1 59803 -1 -1 62582 -1 24726 -1 -1 -1 -1 -1 -1 -1 12450 -1 -1 -1 -1 -1 19588 -1 -1 43358 -1 -1 6653 -1 11392 -1 -1 -1 -1 -1 5204 -1 -1 -1 -1 -1 -1 -1 -1 28224 33305 -1 -1 23012 -1 53268 17975 64268 20674 -1 -1 -1 -1 -1 -1 -1 -1 44511 -1 -1 -1
6
1 474 13 420 15
1 260 14 23 0
0 168 14 116 12
1 42 13 151 10
1 203 14 16 1
1 16 7 438 4
