500 2000
312 48
250 473
484 465
384 447
290 123
300 450
405 230
357 122
56 332
355 202
443 215
156 267
12 271
6 7
159 365
415 449
221 399
334 362
190 12
275 159
469 100
133 145
422 451
362 164
403 363
18 286
480 350
80 139
168 400
35 93
10 14
124 377
194 436
310 83
392 165
305 357
450 308
240 76
313 373
215 57
484 398
87 123
294 175
84 299
471 253
128 438
404 28
99 369
175 499
58 326
423 484
60 420
281 441
168 49
121 473
419 4
162 370
240 248
58 382
351 331
480 98
461 243
134 160
177 75
278 352
353 335
222 148
54 67
130 371
441 124
333 110
316 232
268 281
191 459
389 85
144 443
298 43
406 343
416 424
484 178
475 251
494 428
414 54
405 85
369 342
479 270
490 247
120 357
62 9
410 274
141 200
96 9
77 295
146 490
423 495
146 97
432 320
450 476
222 275
426 279
152 127
242 115
416 220
356 75
178 227
404 367
488 117
189 75
302 423
13 271
194 91
302 421
230 52
56 33
328 140
72 437
473 180
278 55
13 357
93 446
242 246
490 441
255 477
474 41
336 422
243 122
135 162
40 106
406 58
209 276
66 276
197 259
122 145
213 352
343 111
393 5
84 139
339 145
56 252
448 268
420 177
380 327
4 222
212 240
460 346
74 130
61 153
435 298
145 463
436 143
27 184
349 355
320 229
56 207
373 363
92 337
16 433
30 94
460 129
418 101
382 49
254 219
17 335
132 344
150 375
59 234
230 440
25 12
336 94
7 458
55 97
446 88
187 130
474 470
257 379
142 256
4 448
349 91
173 147
395 179
192 244
139 75
479 454
422 341
334 298
471 443
325 321
165 457
490 73
244 200
81 438
433 34
227 66
44 370
338 219
162 352
465 481
96 274
20 268
481 123
215 330
148 93
490 323
154 455
75 180
73 215
157 72
10 18
116 458
328 286
312 459
493 343
226 6
435 208
284 17
345 74
396 392
97 420
154 276
404 491
135 380
171 225
483 310
17 180
280 456
240 164
470 494
301 244
212 378
3 442
434 164
268 425
18 73
5 121
202 124
10 493
464 210
224 166
414 148
112 231
110 124
1 200
60 232
2 219
479 374
424 343
402 34
401 224
86 10
209 312
442 71
51 3
495 386
156 479
188 190
180 443
13 153
9 136
356 463
21 116
72 442
450 146
17 427
107 177
455 94
425 80
152 145
170 285
496 181
53 167
454 352
395 212
107 422
295 464
477 480
421 321
222 153
71 386
160 284
100 74
158 250
233 296
110 302
33 221
50 452
479 456
371 339
375 355
242 359
310 42
268 457
30 497
285 317
21 229
300 255
224 346
343 482
148 203
301 319
484 101
203 326
184 159
480 153
496 41
251 201
3 175
356 102
295 236
233 279
120 370
384 346
312 125
468 299
251 426
383 116
433 485
227 499
436 334
91 205
140 31
414 113
243 435
381 409
139 111
52 335
147 436
254 251
354 327
66 1
401 226
51 252
432 212
454 91
277 233
139 444
431 77
488 121
412 462
110 28
125 210
99 450
40 429
443 478
39 230
499 44
469 20
456 111
494 451
240 333
117 490
412 393
102 41
150 230
313 94
275 110
497 345
22 72
86 206
206 487
361 432
185 126
227 301
235 295
461 489
6 399
273 232
274 485
101 302
479 286
67 147
365 356
273 209
485 347
359 401
282 241
11 379
78 132
276 172
59 477
430 259
212 325
338 200
387 140
285 333
389 437
252 160
330 227
397 35
482 157
250 300
445 353
395 338
95 349
195 281
271 134
336 279
499 346
51 420
289 225
93 385
50 141
153 443
492 152
180 146
489 481
195 375
155 394
180 19
424 95
173 109
375 115
459 225
328 122
356 359
165 89
242 262
19 284
485 472
422 438
449 240
459 333
78 452
27 480
385 461
371 107
499 15
208 17
62 355
45 135
238 215
217 157
419 246
280 321
186 17
199 367
21 69
232 443
139 179
396 208
138 287
190 300
180 166
460 321
289 291
327 226
376 226
428 286
369 231
120 465
124 350
484 337
496 358
476 267
393 395
270 75
254 192
84 46
428 68
197 149
246 56
105 409
88 98
430 22
318 404
81 425
218 36
276 308
104 425
362 125
417 110
264 482
318 84
140 416
476 90
174 232
70 288
241 330
150 391
136 416
86 161
174 449
18 301
313 222
103 436
113 469
47 201
408 416
467 316
145 176
10 93
128 76
147 463
174 399
48 120
345 51
441 484
98 425
245 238
3 268
325 43
29 125
367 490
10 367
230 472
228 94
213 51
413 162
166 405
95 413
369 144
319 387
247 172
471 132
279 141
367 466
6 171
328 387
175 420
434 168
122 156
347 409
407 277
183 494
457 425
382 216
473 263
354 333
446 119
460 138
137 477
140 348
328 444
149 338
207 300
388 294
168 309
330 335
494 11
70 170
75 468
239 363
160 390
122 386
366 322
37 318
351 114
185 62
130 141
314 294
233 4
462 104
208 164
280 91
145 486
267 198
342 400
492 468
266 274
393 351
480 2
29 320
471 431
102 181
35 492
140 251
116 446
419 211
243 403
143 482
397 100
156 189
81 170
151 90
355 456
418 108
439 451
392 358
195 222
233 336
82 172
379 249
254 457
216 330
290 62
467 225
81 50
292 338
405 164
80 486
300 290
484 356
318 481
335 121
419 102
40 333
213 196
76 233
12 86
88 384
132 153
441 91
18 209
268 85
284 313
344 205
51 9
136 379
313 277
363 97
161 38
35 103
466 196
122 479
360 445
271 72
368 119
294 460
346 372
153 246
255 396
478 38
272 47
12 1
452 293
297 413
259 298
126 293
476 232
176 155
430 358
233 191
12 306
477 434
237 479
174 223
40 413
164 203
82 396
149 414
454 491
470 143
307 55
130 295
340 131
465 302
212 101
475 8
336 269
456 433
224 339
342 256
115 86
288 276
286 28
461 224
192 136
458 430
56 296
468 8
447 493
492 296
359 263
156 465
314 496
457 256
443 324
78 343
297 362
451 401
17 412
159 325
165 28
226 393
356 15
156 344
347 246
305 214
243 17
295 328
209 16
155 56
43 180
305 7
418 13
190 128
165 349
18 474
112 176
43 318
65 276
373 387
331 406
58 99
376 223
24 84
62 166
175 28
20 34
467 189
317 435
189 475
363 154
99 411
77 133
425 234
180 321
389 229
163 340
153 371
230 168
249 67
112 255
224 181
167 44
311 215
101 2
10 6
167 260
120 395
193 131
313 49
52 158
317 10
81 347
186 16
245 186
62 129
6 177
378 452
454 98
241 427
161 85
24 268
167 88
458 322
113 202
278 343
481 206
467 387
38 157
488 12
363 280
494 169
265 8
89 353
118 293
346 143
82 212
167 393
37 393
100 363
154 431
219 37
196 404
442 207
201 349
432 91
375 476
284 53
39 1
362 134
269 362
64 245
13 3
149 436
41 112
28 172
12 274
11 452
497 98
312 0
131 142
161 426
461 218
281 338
287 288
23 482
161 494
149 185
463 189
12 275
134 330
70 159
370 183
51 438
184 178
52 463
419 190
13 15
233 156
225 35
188 245
203 211
237 211
284 179
91 242
16 108
127 404
356 95
204 249
409 362
201 187
180 356
30 492
4 44
314 188
331 71
147 82
83 350
244 470
285 91
376 243
32 190
396 163
20 404
296 63
317 101
197 456
102 489
311 267
464 57
142 243
107 128
224 343
81 8
395 330
154 218
430 467
303 55
104 322
139 379
464 240
254 390
56 103
213 21
20 258
117 399
415 472
310 34
55 230
43 284
409 460
152 149
37 344
54 488
380 234
379 460
406 466
456 256
255 363
276 97
57 88
78 158
48 52
1 401
411 100
1 179
282 122
384 454
93 2
197 166
156 172
202 313
351 77
140 331
134 33
23 135
74 25
82 444
275 458
411 109
295 201
482 397
454 322
47 497
284 63
337 211
108 308
460 143
387 326
336 466
204 454
139 123
493 301
47 269
312 36
289 325
420 362
435 2
413 283
273 414
119 176
304 402
4 255
476 190
144 100
344 235
369 73
375 78
372 453
94 260
208 187
29 108
171 466
423 11
224 164
215 31
89 259
401 103
260 296
437 373
256 85
320 420
335 412
303 426
35 154
208 286
370 250
390 88
207 439
57 424
250 185
316 1
482 457
409 419
182 111
318 271
451 327
71 53
414 350
257 463
298 299
9 459
195 160
344 217
343 207
370 272
104 384
418 301
362 57
4 175
459 263
339 368
402 167
258 396
62 338
104 368
423 481
408 3
286 114
378 459
295 183
270 323
53 335
308 231
166 226
19 112
355 415
495 110
421 35
100 410
79 198
63 61
355 98
492 200
459 366
336 20
169 224
247 38
19 104
398 146
215 299
468 390
302 87
419 114
202 417
108 196
97 121
490 218
394 496
1 132
410 348
297 132
108 472
390 281
390 145
247 145
249 43
314 429
483 493
257 417
357 332
23 465
92 275
65 227
55 273
343 248
19 132
397 179
43 152
257 192
441 157
492 17
375 346
421 178
344 226
394 112
338 128
423 376
62 456
300 74
241 159
446 327
332 47
300 313
40 422
73 384
284 255
187 470
113 240
371 483
142 427
32 281
411 491
237 463
84 8
143 268
247 88
301 15
422 148
473 372
65 297
163 258
113 251
301 481
33 270
457 298
126 451
144 245
257 277
408 197
186 175
178 461
144 321
263 8
137 45
211 318
24 452
147 401
470 207
466 403
412 93
326 453
262 181
152 30
131 289
178 83
68 101
144 16
316 78
365 413
397 54
300 228
351 435
216 346
367 21
357 475
348 239
53 139
171 430
146 413
176 168
49 114
355 397
216 266
431 474
18 412
152 255
34 391
344 247
305 269
309 259
35 124
195 413
284 370
139 467
288 281
149 151
390 288
0 343
110 366
460 380
291 63
287 190
186 456
4 454
495 327
149 146
320 162
488 290
143 133
465 110
462 24
241 476
289 229
345 392
48 338
404 257
366 106
356 448
487 338
389 288
309 133
403 149
98 124
16 131
134 327
431 39
187 415
134 412
323 142
445 307
464 428
36 35
432 46
9 461
483 348
148 274
292 65
348 90
459 450
291 84
136 14
265 247
346 411
403 352
286 374
150 116
95 43
144 456
87 66
293 239
119 348
476 236
418 457
278 260
180 72
293 493
388 207
84 374
499 57
19 421
186 267
256 307
17 106
32 479
132 142
67 452
430 461
94 161
300 180
244 278
349 413
211 240
430 249
254 250
336 350
369 256
405 327
21 10
108 307
398 315
296 330
55 348
78 349
345 210
183 13
1 345
131 230
175 218
407 414
256 92
432 186
142 480
473 307
39 327
58 129
247 393
272 246
307 57
7 349
109 497
435 76
172 266
483 425
241 465
138 133
288 422
256 472
90 303
136 173
81 410
292 247
335 262
322 331
53 248
373 204
365 42
426 106
252 263
480 94
133 264
293 419
100 491
271 163
25 392
292 48
464 22
461 103
401 215
222 176
340 229
83 335
76 168
390 283
87 222
278 182
340 162
8 201
91 329
160 279
53 461
418 339
257 309
299 218
392 175
459 251
216 18
427 366
296 282
90 0
71 74
163 32
94 425
334 96
174 121
140 356
240 234
373 263
212 119
383 209
290 73
61 62
442 103
97 198
247 183
289 238
118 370
445 36
472 463
345 21
22 403
5 471
286 302
443 110
117 57
220 21
200 20
402 372
29 435
494 403
101 413
493 356
298 409
281 310
385 218
151 286
51 109
446 227
422 480
269 152
465 5
318 12
94 317
144 427
99 66
205 348
387 357
139 432
487 384
455 336
359 106
188 349
270 331
95 151
273 169
160 401
327 493
475 78
143 0
400 447
415 186
457 282
171 479
150 274
413 399
298 273
51 35
402 130
159 85
208 116
74 405
277 26
177 167
265 299
394 174
38 257
118 64
103 186
263 260
440 168
8 457
89 218
188 49
325 295
18 196
418 137
153 63
382 320
240 35
418 54
344 72
417 150
455 487
232 348
24 189
172 372
358 162
182 207
66 281
263 293
93 326
244 237
240 67
304 45
131 335
491 69
221 77
375 14
460 474
135 365
24 472
404 486
315 447
263 130
98 237
475 96
310 326
467 258
269 442
331 453
318 166
219 287
112 2
390 489
174 476
181 42
8 264
431 33
417 354
360 440
320 226
64 220
334 271
333 255
125 192
433 184
349 63
288 459
129 453
424 335
241 470
103 441
227 79
365 76
307 271
39 142
90 445
446 476
172 233
91 274
444 359
197 8
361 80
143 189
219 345
491 348
265 302
242 100
281 481
47 75
336 32
413 28
475 200
66 205
463 98
350 328
460 385
85 249
234 476
316 154
196 310
428 259
187 340
60 469
19 448
424 239
83 17
51 259
348 313
277 412
337 453
71 373
21 134
339 93
328 72
161 225
33 147
28 37
498 5
474 87
136 147
229 56
432 377
3 47
184 193
275 406
339 370
56 101
161 374
475 358
343 148
78 319
172 350
225 489
25 445
224 177
399 284
475 7
163 397
321 90
221 141
148 151
106 399
195 174
237 142
206 350
399 166
336 389
118 282
353 313
441 22
271 16
28 164
215 271
250 110
229 422
452 99
168 295
301 220
359 277
356 74
412 98
395 46
318 217
109 404
487 10
170 57
205 80
258 373
65 56
166 390
95 481
181 283
85 449
383 341
189 464
410 21
281 18
225 389
159 79
284 105
240 374
278 367
460 337
283 294
21 123
86 403
37 26
232 366
337 436
178 390
335 28
181 18
443 168
71 456
205 11
91 221
364 315
313 148
57 264
441 369
401 275
292 298
200 374
356 283
85 483
452 222
320 337
114 139
77 477
465 57
381 331
117 446
175 397
474 279
275 90
265 414
179 296
303 217
456 459
400 494
51 157
276 406
104 203
155 185
473 402
327 227
152 139
214 151
302 425
100 418
272 15
140 441
255 34
463 481
343 22
333 237
384 219
273 216
191 489
55 67
267 29
143 201
223 352
462 393
43 398
490 342
187 152
272 395
440 378
72 24
268 481
259 423
215 101
27 369
61 448
74 225
164 70
335 217
308 65
309 315
316 190
382 266
92 485
156 3
447 223
392 402
248 265
139 102
499 372
311 244
277 59
133 241
404 115
433 219
405 215
142 137
398 492
363 283
442 400
495 315
211 181
119 461
243 206
358 105
353 220
234 302
76 472
450 115
277 303
363 112
57 147
76 206
331 350
453 209
82 380
132 320
3 21
373 304
463 361
81 287
31 10
457 304
378 199
215 407
392 443
494 315
219 269
114 335
352 148
210 70
332 244
26 407
140 44
486 199
461 453
147 338
18 31
408 220
206 194
423 349
65 116
115 289
25 477
488 293
369 309
480 41
13 250
227 247
482 200
2 474
185 319
220 101
198 327
422 50
497 76
152 39
189 198
226 89
365 438
35 33
363 5
21 466
101 492
220 251
195 493
130 437
176 475
155 9
295 289
363 151
401 450
6 482
461 155
228 372
492 359
265 417
254 377
464 460
250 256
244 316
39 139
443 176
149 167
175 69
190 429
432 178
256 55
376 205
467 193
468 386
100 437
477 19
451 155
103 387
6 54
118 182
85 72
441 197
238 305
372 5
106 262
151 221
186 157
284 310
70 443
413 231
304 428
78 298
317 362
313 159
246 122
403 85
152 455
408 403
20 96
480 28
398 137
222 75
23 225
350 141
97 376
469 78
77 83
490 29
342 188
77 272
158 97
27 187
269 430
209 229
227 424
284 164
10 278
16 367
172 273
391 41
452 296
241 138
192 444
404 388
25 397
42 8
403 69
325 259
339 347
243 418
245 199
426 126
485 163
427 116
156 471
17 308
428 143
415 12
443 311
333 484
246 178
131 327
438 104
111 486
367 260
120 144
7 224
11 111
44 418
400 298
60 335
4 57
285 353
42 224
326 38
9 6
14 257
148 101
464 227
146 499
475 300
28 10
258 200
154 25
141 228
354 133
232 436
183 3
397 99
340 136
311 347
224 67
205 249
318 32
387 378
164 367
206 329
428 214
176 37
273 381
485 184
473 407
74 263
293 197
123 392
171 450
439 177
1 113
222 237
0 431
325 108
414 219
172 117
180 152
431 248
104 14
151 43
3 44
264 88
97 415
266 452
363 349
417 430
327 468
307 497
175 370
67 376
440 460
217 325
161 495
442 11
286 52
234 376
270 428
212 463
149 471
309 208
155 356
451 46
10 363
210 411
411 389
306 126
101 41
303 104
312 61
409 173
364 94
284 241
335 338
43 252
340 446
122 453
293 134
311 490
7 335
253 413
460 185
409 99
247 337
38 494
290 24
282 186
119 10
394 131
87 225
287 57
64 335
409 248
434 215
423 112
425 185
182 343
200 283
65 427
143 50
373 45
457 217
47 305
354 274
22 318
229 406
255 111
170 393
450 261
133 213
388 304
218 484
221 352
388 396
87 405
150 252
270 480
429 125
82 0
272 245
143 282
91 282
135 326
63 124
417 332
185 357
429 395
66 177
252 320
208 135
22 196
197 191
58 22
477 489
421 386
156 131
361 476
249 88
417 350
455 70
76 252
223 33
240 399
238 460
104 392
56 277
51 390
272 171
23 264
333 335
498 465
206 180
245 131
206 418
411 319
324 305
60 101
165 406
295 23
222 175
408 204
489 38
250 283
38 468
438 165
223 25
18 57
121 161
112 230
325 349
183 322
322 496
492 361
237 172
314 461
23 266
300 108
407 479
458 15
271 425
384 345
260 12
142 249
438 31
336 362
48 489
319 67
325 80
153 28
284 496
496 429
145 442
119 467
205 140
367 206
297 159
334 232
312 291
39 303
459 160
446 318
205 489
384 300
331 144
390 99
102 115
39 145
87 195
279 317
435 301
343 108
126 371
430 291
289 2
4 381
365 281
388 81
63 243
277 478
286 231
458 172
286 275
85 122
390 53
96 27
421 108
200 484
191 125
335 221
407 419
463 40
313 191
77 136
189 471
363 419
451 471
64102 -1 -1 -1 43687 -1 -1 -1 38408 -1 -1 -1 -1 -1 -1 -1 -1 -1 -1 -1 -1 -1 -1 -1 -1 -1 -1 -1 45835 -1 -1 -1 54415 -1 -1 14595 -1 -1 -1 -1 -1 -1 -1 -1 -1 -1 2676 -1 61145 -1 -1 -1 -1 -1 -1 -1 59689 -1 -1 -1 -1 -1 -1 -1 19824 -1 57946 -1 -1 -1 -1 -1 4845 -1 -1 47812 -1 -1 -1 16932 35788 -1 -1 -1 -1 -1 -1 -1 -1 -1 -1 -1 -1 -1 -1 11408 -1 -1 -1 -1 -1 -1 -1 -1 -1 -1 -1 -1 -1 -1 -1 -1 -1 -1 53705 -1 27988 -1 12461 -1 -1 -1 -1 -1 -1 -1 -1 -1 -1 -1 8702 3067 63838 37192 -1 30928 -1 -1 45288 31559 64885 -1 -1 -1 -1 -1 19809 -1 -1 -1 -1 14175 -1 -1 -1 -1 62686 -1 -1 18380 -1 -1 -1 -1 -1 58269 -1 -1 -1 -1 -1 20553 -1 -1 -1 -1 -1 -1 -1 -1 57634 -1 19784 -1 -1 -1 -1 -1 -1 40310 4957 43712 -1 38695 -1 25188 -1 -1 -1 -1 -1 45497 -1 -1 -1 -1 32339 -1 -1 -1 -1 -1 -1 59229 -1 -1 8777 -1 -1 -1 -1 -1 -1 7181 -1 -1 59749 -1 6216 -1 -1 -1 -1 -1 49628 -1 -1 57103 -1 -1 -1 -1 -1 -1 -1 -1 -1 -1 -1 -1 7576 -1 -1 -1 -1 47215 -1 -1 46994 -1 -1 42538 -1 -1 -1 -1 -1 -1 -1 -1 -1 -1 -1 -1 30334 -1 -1 -1 -1 -1 -1 -1 -1 41220 59383 -1 -1 41585 64543 -1 -1 -1 -1 -1 -1 -1 -1 -1 -1 34000 8442 -1 -1 -1 -1 -1 -1 -1 -1 -1 -1 33316 -1 -1 -1 -1 -1 -1 -1 38117 -1 -1 -1 -1 -1 -1 -1 17048 -1 -1 -1 -1 -1 -1 36282 -1 -1 -1 30953 40076 -1 -1 -1 -1 -1 -1 52449 -1 -1 -1 41058 40500 -1 -1 -1 -1 -1 -1 -1 46124 -1 39826 -1 10321 -1 -1 -1 -1 -1 -1 -1 -1 -1 41878 28955 -1 -1 -1 -1 -1 -1 -1 -1 -1 -1 -1 -1 29310 -1 35696 -1 -1 -1 -1 14536 33388 54956 -1 18051 -1 -1 -1 -1 -1 -1 -1 -1 59231 -1 -1 -1 14601 -1 -1 57354 -1 -1 -1 -1 46096 -1 35638 28620 -1 50657 -1 -1 13887 -1 -1 -1 -1 -1 -1 43265 -1 -1 -1 -1 -1 -1 -1 -1 -1 -1 3606 -1 46679 11712 -1 -1 -1 -1 57435 -1 -1 22169 -1 -1 -1 -1 -1 52100 -1 -1 -1 -1 20723 -1 -1 64507 -1 -1 -1 -1 10055 -1 62386 -1 -1 -1 -1 -1 -1 -1 -1 -1 -1 -1 -1 -1 -1 44474 -1 -1 -1 -1 35706 -1 17033
6
1 439 15 314 9
1 188 12 41 10
0 305 2 257 10
1 489 3 105 5
0 125 14 365 15
0 403 9 294 8
