500 2000
127 114
199 388
6 414
215 16
301 493
159 398
133 394
110 24
325 30
104 473
357 277
295 439
259 120
146 137
318 303
455 481
181 12
350 64
301 204
267 326
202 344
484 295
67 425
315 375
452 372
256 457
81 71
495 100
135 400
67 179
271 134
496 387
302 86
16 309
216 230
307 276
179 140
397 9
167 332
54 321
78 126
245 308
303 252
172 193
268 372
26 60
283 451
238 55
481 86
110 133
455 228
201 303
381 447
184 307
343 385
324 360
305 375
135 498
493 262
58 405
0 422
268 436
352 293
116 497
395 489
82 452
210 2
176 451
158 281
146 322
9 350
110 204
407 414
52 273
142 262
326 31
143 215
99 237
326 449
438 362
270 426
100 122
321 114
267 430
109 40
247 31
256 215
194 55
89 156
70 190
287 350
292 79
425 107
313 331
391 99
178 120
388 59
451 310
479 425
419 1
54 366
67 266
346 112
367 343
374 389
411 108
182 82
435 134
34 85
36 268
431 136
296 76
271 93
391 200
219 432
33 261
399 474
131 287
244 124
97 308
185 410
16 28
129 250
201 241
129 83
59 77
167 454
377 95
470 21
474 65
34 1
239 427
410 183
84 331
219 25
354 227
144 86
73 307
28 308
388 309
481 466
319 250
199 314
16 488
25 251
437 327
67 33
364 83
79 260
256 260
72 150
403 197
357 32
372 99
91 466
481 101
239 30
135 303
484 498
407 462
407 477
130 239
98 120
314 207
269 226
90 211
75 280
159 32
291 19
281 55
46 414
288 125
47 149
166 266
453 233
70 163
279 30
317 156
463 314
257 135
336 439
317 369
105 446
474 460
487 237
349 26
53 247
114 350
331 290
373 484
91 390
46 115
312 172
440 424
47 11
224 350
312 466
368 143
212 204
37 319
314 392
238 187
58 51
256 453
111 236
275 471
37 378
63 250
291 344
493 333
297 410
226 96
410 238
73 112
496 358
326 464
415 332
171 395
86 43
42 12
166 323
242 189
497 166
138 272
29 277
484 313
176 336
294 94
40 432
152 474
285 446
388 352
210 228
55 198
237 156
91 457
449 486
379 62
446 156
435 119
381 118
254 426
247 6
218 126
67 375
50 102
183 272
471 10
211 38
290 144
91 299
346 11
34 473
131 175
397 460
206 311
392 486
242 264
457 23
124 36
216 173
161 383
118 362
349 7
69 73
408 386
129 307
311 181
460 260
439 226
440 250
280 443
294 291
478 57
453 421
472 375
75 292
73 71
382 292
22 262
492 51
301 254
195 448
274 461
265 23
123 225
299 100
236 122
112 219
166 493
103 438
493 190
248 56
313 223
135 379
211 89
246 259
471 148
73 368
163 313
440 62
209 385
404 101
298 35
476 290
259 99
469 110
58 13
141 301
452 448
100 64
249 346
446 243
94 128
191 47
464 418
38 195
435 209
269 104
491 103
93 459
103 149
334 482
38 155
57 234
112 334
324 372
53 150
306 204
239 416
122 265
384 181
265 79
39 464
307 82
434 227
224 244
468 62
2 85
379 183
50 351
253 153
306 54
78 134
55 452
466 381
468 368
394 186
478 445
137 315
159 258
237 491
295 115
58 422
390 304
170 98
431 203
371 289
312 213
421 257
466 159
488 487
489 297
37 232
434 118
472 396
98 487
70 55
135 336
37 244
464 454
430 261
118 420
496 186
448 54
83 81
493 48
370 88
328 172
412 49
15 60
346 148
87 468
379 388
5 215
437 457
365 321
108 281
196 324
357 429
135 89
323 100
345 416
24 348
424 81
478 447
69 1
104 127
403 406
195 97
353 275
340 385
136 281
306 351
416 391
160 284
451 141
54 334
34 230
308 304
303 310
206 221
30 112
285 417
34 152
105 209
172 379
114 195
83 201
231 22
461 394
93 83
210 200
39 126
280 93
153 183
490 256
439 78
239 298
163 387
138 474
495 196
177 473
15 445
119 156
327 279
352 499
185 346
141 347
393 110
143 5
34 442
101 115
69 250
27 355
66 219
168 89
377 99
360 463
266 378
57 114
414 293
231 277
95 149
444 81
374 19
63 95
353 172
460 183
83 241
333 400
162 354
126 444
494 131
401 338
416 373
287 20
499 59
262 271
231 196
377 24
203 463
327 373
309 198
75 129
321 235
268 232
285 283
469 216
441 61
443 350
316 327
341 478
407 487
4 1
214 353
73 432
118 53
82 437
423 303
247 470
282 409
338 95
175 237
99 22
490 75
231 86
150 175
499 94
213 398
406 217
413 344
67 88
50 137
20 150
466 406
88 484
60 315
397 322
271 146
440 174
434 99
19 86
127 412
169 140
138 21
0 142
132 405
119 393
328 222
57 290
401 451
241 401
288 317
338 105
23 407
428 8
468 75
122 318
4 91
403 110
202 144
126 208
48 181
112 281
437 480
5 486
76 40
359 247
118 130
98 22
290 427
64 182
411 97
390 23
3 375
147 108
195 98
394 458
454 28
52 246
150 287
110 317
35 106
378 156
19 119
428 478
482 455
88 259
258 103
117 122
310 442
200 186
407 230
224 445
171 211
340 168
336 466
113 379
384 83
392 75
235 214
99 266
276 336
183 211
314 373
126 333
266 492
302 368
75 298
371 343
236 344
446 258
288 324
475 63
250 288
244 191
390 241
206 433
428 362
419 67
233 317
20 430
468 412
6 497
398 347
373 80
441 371
5 59
276 18
425 474
244 494
353 27
300 255
245 368
395 93
293 404
452 472
368 82
255 65
320 180
254 171
456 453
465 4
174 122
391 351
127 323
231 324
17 300
360 364
49 258
24 454
447 138
18 403
311 428
351 78
149 388
234 47
106 413
80 226
359 66
190 252
443 440
494 55
76 199
186 321
149 251
41 168
252 86
379 305
325 122
258 16
64 145
247 51
445 99
202 266
252 22
260 443
174 413
129 23
74 145
134 283
207 44
157 78
284 465
482 98
135 178
11 137
49 103
261 395
170 325
159 41
203 406
93 52
317 81
430 126
53 469
136 51
317 124
5 241
484 455
297 420
44 485
108 118
11 277
58 385
428 20
20 2
453 212
335 332
213 180
401 131
160 33
166 370
122 350
43 391
492 323
216 177
312 234
149 444
394 400
395 460
159 461
370 17
258 343
211 291
65 391
410 466
98 12
130 175
194 322
116 131
376 393
328 474
462 309
46 183
461 332
13 99
396 109
355 59
449 381
193 451
124 431
300 479
2 491
182 209
255 445
301 469
445 50
92 333
194 6
370 296
77 321
257 382
113 28
197 177
263 237
32 435
351 86
380 417
68 20
319 159
317 222
419 193
240 203
382 459
26 96
486 18
145 90
119 64
404 78
285 180
196 46
319 274
41 246
84 499
261 355
452 31
73 306
141 327
25 133
162 349
20 322
295 13
214 88
366 476
433 79
210 72
443 102
191 84
281 275
13 259
6 434
445 4
327 460
134 209
157 291
459 85
220 181
499 358
81 383
252 12
318 348
347 246
474 262
147 344
125 320
395 215
356 284
227 357
222 56
375 99
490 438
454 48
393 32
92 136
87 65
276 196
118 414
61 103
103 201
407 329
65 34
355 77
215 267
142 321
313 37
425 441
160 32
28 179
198 391
51 459
415 400
191 137
148 410
347 399
442 114
323 199
415 425
363 142
499 324
314 488
25 105
84 480
462 486
104 339
145 111
63 268
208 450
53 390
15 417
28 432
246 230
311 456
454 330
51 227
67 156
446 2
50 489
378 2
165 222
224 116
56 33
2 422
350 377
18 188
247 415
425 395
80 294
203 63
227 343
460 394
253 413
482 393
5 462
169 123
155 460
30 234
296 215
436 344
340 425
188 483
496 433
289 16
476 11
220 348
63 127
77 274
68 390
131 466
146 381
289 89
149 157
390 3
370 410
204 436
9 456
407 183
22 212
332 453
445 53
21 228
426 334
394 11
355 437
436 8
268 277
127 14
499 484
163 23
499 465
493 218
312 161
393 456
107 224
56 146
443 249
92 229
246 51
388 211
184 266
196 326
220 462
218 109
233 247
72 152
257 129
252 425
382 87
150 340
494 293
99 60
275 213
182 409
135 224
260 328
326 188
365 294
89 61
488 427
122 176
29 31
54 75
325 435
451 299
240 93
213 459
472 57
72 295
379 255
379 150
472 211
450 30
200 0
344 418
69 468
318 460
439 403
367 475
129 369
38 259
369 413
73 290
373 440
68 115
419 328
127 469
97 189
408 180
185 345
372 23
217 283
418 246
478 441
55 451
473 492
420 417
46 404
435 265
279 330
103 131
23 491
240 432
434 432
484 184
396 66
222 171
252 237
20 307
164 391
172 340
250 104
62 166
264 64
208 205
251 291
403 12
257 226
413 118
459 198
124 479
380 368
117 83
400 267
478 130
380 53
249 234
333 390
163 431
322 492
367 173
251 385
347 289
104 392
484 6
418 174
20 445
393 283
391 152
241 255
17 444
368 268
69 432
117 431
340 389
347 84
463 250
312 228
49 343
158 272
491 108
176 173
420 80
440 138
467 297
337 356
53 263
25 88
162 285
283 289
239 468
293 26
380 276
338 408
125 225
161 413
348 104
328 446
110 360
412 401
427 141
380 293
337 420
355 394
231 234
444 354
326 472
334 397
300 10
34 213
429 407
406 310
399 331
489 485
440 135
82 248
420 12
376 352
235 498
212 153
470 34
30 55
296 303
342 251
450 45
478 42
304 107
100 216
221 157
450 195
393 176
92 25
45 48
229 356
467 321
494 178
78 241
286 304
370 316
350 66
355 367
213 434
142 226
468 14
38 289
420 392
319 480
466 207
229 97
467 54
69 425
320 235
43 80
487 347
350 356
107 277
133 278
358 148
477 196
201 459
211 422
387 71
214 433
265 38
233 122
269 414
329 325
63 193
11 353
245 57
378 73
406 485
198 430
96 165
224 228
222 103
121 168
492 304
438 377
168 60
408 150
6 105
37 78
279 181
484 32
385 497
474 336
108 436
91 278
489 336
290 245
132 236
108 386
314 446
268 310
18 451
75 294
192 28
107 381
263 81
416 452
486 209
387 371
302 50
203 404
197 476
81 204
345 15
437 260
273 161
117 352
58 398
341 339
372 398
186 291
163 147
364 123
94 134
489 200
480 108
206 301
496 213
493 101
414 109
175 58
476 53
479 84
492 149
428 171
358 113
241 89
275 244
365 17
354 111
248 48
271 63
256 49
186 413
137 416
198 425
282 195
489 66
403 251
263 333
348 26
250 187
267 84
76 111
499 406
445 286
447 92
331 190
364 104
13 80
253 486
496 95
375 170
445 157
475 84
207 286
76 311
432 213
80 247
122 5
251 437
290 174
443 415
199 65
101 340
318 54
148 81
251 282
240 476
322 281
71 491
324 261
432 282
154 478
70 346
325 40
385 57
473 419
469 130
56 476
345 233
264 351
1 144
307 481
123 317
69 453
380 81
183 7
151 391
194 438
227 428
468 96
367 240
381 406
379 231
293 93
417 150
37 389
229 42
219 182
337 494
387 198
27 135
217 18
165 488
371 145
247 266
367 493
161 20
441 153
127 106
397 210
214 360
487 478
73 407
438 86
252 107
57 336
449 242
83 167
205 189
362 81
307 319
465 287
141 437
392 313
105 109
381 251
476 179
117 147
3 489
16 268
423 275
493 475
366 344
426 425
183 292
316 83
454 417
174 224
23 462
444 251
490 296
324 337
451 368
78 402
138 142
92 166
271 446
50 488
225 106
173 407
225 493
85 305
408 55
124 253
337 467
304 7
259 403
412 156
104 298
228 26
189 143
364 359
227 30
91 303
33 361
44 409
71 123
100 356
248 311
212 228
317 238
473 178
394 416
236 166
416 282
377 441
119 101
442 491
53 461
364 213
486 383
215 150
454 324
451 138
361 172
208 326
242 356
122 132
35 231
243 169
172 382
210 201
71 23
63 327
20 178
343 257
2 180
13 329
355 324
122 70
428 432
438 92
58 37
66 121
193 167
89 382
371 123
61 132
42 146
338 34
97 101
242 19
374 126
315 347
363 183
286 496
278 96
191 329
147 462
140 182
448 17
387 392
115 292
264 474
299 169
17 209
378 106
40 159
28 81
404 134
116 156
299 3
24 89
411 114
56 350
173 163
339 452
37 224
434 206
366 313
163 281
359 498
84 288
209 332
354 262
131 342
40 458
170 256
256 495
400 137
10 162
11 179
99 242
91 369
380 336
237 105
435 161
104 86
205 387
265 78
252 278
32 22
77 330
149 26
380 361
166 200
245 497
257 306
158 312
281 140
232 88
54 352
207 199
486 435
450 145
36 53
183 83
12 90
8 359
257 268
415 36
312 473
234 321
291 429
455 214
376 462
361 442
30 315
13 127
404 130
24 335
176 306
354 123
447 196
201 57
223 185
153 3
245 321
71 134
211 231
246 329
240 285
328 424
327 178
382 217
494 462
163 77
280 355
110 344
111 418
353 424
99 82
242 130
37 157
255 61
105 314
335 215
450 359
491 305
301 393
254 162
34 415
174 216
23 183
378 42
20 53
177 164
272 254
93 474
172 53
430 425
48 5
132 441
80 231
347 197
321 257
496 4
119 80
306 32
125 463
277 303
385 395
257 15
102 158
0 254
113 148
74 476
1 316
356 351
463 485
189 453
413 370
69 158
45 135
32 215
2 371
313 441
47 260
456 89
88 152
191 80
253 443
215 285
324 78
362 182
212 54
175 20
116 29
224 327
314 184
341 435
78 215
256 390
25 392
81 117
380 489
368 166
434 371
217 226
461 336
97 333
311 470
203 472
359 161
403 134
127 18
270 429
469 291
494 364
424 151
429 18
275 411
264 279
295 161
170 181
17 250
90 407
400 114
261 293
424 376
244 16
294 219
419 488
71 449
332 301
196 30
478 251
89 479
157 289
282 367
386 222
86 293
277 301
193 377
31 286
423 70
243 392
88 123
469 397
372 161
105 220
7 389
7 41
130 225
322 26
160 104
474 44
149 336
326 220
216 85
372 232
285 54
333 287
12 388
202 40
3 240
372 287
440 113
81 269
326 349
35 184
487 468
50 65
213 327
399 394
40 373
460 29
378 164
218 389
469 462
278 189
47 499
216 26
416 84
63 2
21 237
109 407
246 3
317 280
436 30
9 209
42 195
440 369
171 99
296 12
488 351
226 314
221 283
373 135
306 263
369 313
94 303
478 90
169 125
280 59
491 429
37 254
160 496
234 183
17 183
4 53
93 131
436 486
79 205
103 340
216 375
419 253
475 66
282 270
352 107
431 135
466 277
252 462
182 121
152 45
203 355
130 420
447 465
285 406
346 35
463 252
102 382
331 464
426 354
221 353
372 325
51 60
276 2
115 356
132 284
402 261
64 0
386 316
358 338
337 153
477 499
84 38
368 370
352 310
159 46
357 325
411 382
245 102
104 196
386 305
256 376
230 477
24 13
33 264
96 275
405 3
152 202
87 103
413 418
342 323
178 311
219 159
251 409
296 288
191 14
153 394
224 468
385 172
73 493
102 201
263 334
371 482
341 232
255 425
394 482
325 29
95 257
327 494
418 401
397 20
454 347
306 470
447 305
306 440
221 425
230 467
354 346
59 458
409 100
59 304
158 24
320 234
150 196
317 443
291 290
161 431
85 152
405 18
241 443
107 494
62 245
26 191
218 146
110 366
124 145
34 159
472 307
11 261
361 171
277 197
329 133
429 130
321 479
21 377
84 54
384 94
496 401
194 374
240 425
3 150
296 456
173 233
199 131
51 113
263 471
221 459
210 232
479 126
334 309
97 180
232 292
309 214
313 85
4 62
124 290
95 478
420 216
321 328
365 340
154 401
350 371
250 436
120 263
373 238
361 369
469 107
28 156
365 430
469 489
395 293
19 114
64 25
87 79
55 152
28 422
129 431
383 292
61 181
305 372
342 358
313 92
363 153
32 153
307 452
356 479
41 298
79 346
186 167
42 416
122 112
28 134
332 21
174 97
118 407
230 412
204 69
271 32
138 194
253 337
395 408
197 55
120 378
295 74
370 422
347 468
242 104
342 31
359 378
287 352
384 152
330 468
225 444
33 151
353 281
204 5
291 490
360 447
393 225
478 482
113 217
402 121
171 34
313 450
285 341
83 169
417 4
389 246
415 30
394 475
183 296
258 286
434 88
31 307
409 487
60 463
43 458
8 458
36 478
391 275
490 46
255 199
240 189
13 304
350 494
155 403
193 301
196 201
101 132
406 219
408 257
263 250
8 89
373 341
369 82
328 402
407 307
59 383
244 365
110 9
473 46
244 325
329 179
87 220
210 285
461 28
379 82
335 427
347 354
299 245
71 171
224 68
28 302
491 143
27 448
312 121
167 366
247 372
494 284
37 496
309 341
325 377
265 489
29 317
386 41
120 265
220 75
411 189
160 185
59 441
232 114
248 439
422 444
21 346
422 106
489 177
277 279
145 491
295 332
422 331
260 44
149 333
292 416
233 193
197 117
1 475
37 282
288 148
96 290
433 18
392 255
363 274
276 115
285 87
256 94
316 322
474 202
314 155
168 442
412 429
7 178
344 177
17 352
387 188
83 182
476 127
452 286
156 414
180 211
116 239
452 67
5 383
295 359
381 81
221 323
81 58
433 457
270 458
5 318
288 237
345 184
243 423
165 434
300 37
115 438
67 269
164 56
23 378
94 266
5 333
73 94
300 281
295 54
469 341
275 55
159 139
239 73
191 241
280 390
170 203
119 89
367 487
426 383
105 5
74 371
12 4
457 196
172 128
429 302
280 135
494 257
312 58
75 343
248 6
192 138
116 274
350 109
141 397
408 445
192 247
109 310
476 477
139 481
413 231
76 369
188 198
203 291
192 33
444 213
26 231
221 286
202 189
217 165
17 145
446 335
251 237
279 375
314 177
306 81
336 475
358 78
167 11
231 451
209 216
181 91
475 239
435 360
331 439
339 175
341 284
189 145
63 135
55 339
279 205
189 324
393 406
416 356
488 55
171 74
310 88
-1 -1 -1 -1 -1 -1 21148 -1 -1 -1 -1 -1 -1 48537 -1 6493 -1 -1 -1 -1 -1 -1 -1 -1 -1 2041 -1 14141 -1 -1 -1 -1 -1 40619 -1 -1 15588 -1 -1 -1 -1 65437 -1 -1 52930 38834 -1 -1 26078 -1 -1 51258 -1 -1 -1 -1 -1 -1 -1 -1 -1 32676 42367 -1 -1 -1 -1 -1 -1 -1 -1 5300 -1 -1 -1 -1 -1 -1 34276 -1 -1 -1 -1 -1 -1 -1 -1 -1 -1 -1 -1 -1 -1 -1 -1 -1 -1 -1 -1 -1 -1 -1 -1 -1 -1 -1 47686 -1 -1 -1 31927 31538 -1 -1 -1 -1 26644 -1 -1 -1 -1 -1 -1 -1 -1 -1 -1 -1 -1 20390 -1 -1 -1 34909 -1 36549 -1 -1 -1 -1 39220 -1 -1 -1 52704 -1 -1 -1 -1 60752 -1 56815 -1 -1 -1 -1 -1 -1 -1 -1 -1 28020 -1 -1 -1 -1 -1 -1 -1 -1 -1 -1 -1 -1 -1 -1 -1 -1 -1 55168 -1 -1 -1 -1 -1 -1 -1 -1 -1 -1 -1 -1 -1 -1 -1 -1 -1 -1 -1 -1 -1 -1 -1 -1 -1 -1 -1 -1 -1 -1 -1 -1 -1 -1 -1 -1 -1 -1 -1 -1 -1 -1 -1 -1 -1 23568 -1 -1 -1 -1 -1 -1 -1 -1 54436 -1 -1 -1 -1 -1 -1 -1 43916 -1 -1 -1 -1 -1 -1 34025 -1 -1 -1 -1 25749 60116 -1 -1 -1 -1 -1 45024 -1 50129 33087 54447 19820 -1 -1 -1 52558 -1 -1 -1 50850 5569 52508 -1 43957 -1 23221 -1 8840 -1 30828 -1 -1 -1 -1 -1 -1 -1 -1 -1 -1 -1 48429 -1 -1 -1 -1 -1 -1 -1 48 -1 -1 -1 9137 -1 32571 -1 51005 -1 -1 21530 -1 -1 -1 -1 11772 -1 -1 -1 -1 -1 59912 -1 25047 -1 -1 -1 -1 33269 62022 -1 -1 -1 23655 19355 41458 20420 11186 -1 59948 -1 -1 -1 -1 -1 63719 -1 -1 -1 -1 33707 -1 -1 -1 -1 -1 -1 -1 -1 -1 -1 -1 -1 24743 -1 -1 -1 10304 -1 -1 -1 -1 -1 -1 -1 -1 -1 51578 -1 4146 -1 -1 -1 20982 -1 16443 24806 -1 64693 -1 -1 -1 29794 -1 -1 -1 31771 -1 -1 -1 -1 -1 -1 -1 -1 -1 -1 -1 -1 -1 -1 -1 -1 -1 -1 -1 -1 -1 -1 6394 31124 -1 -1 -1 -1 40529 -1 -1 -1 -1 -1 -1 -1 -1 17958 -1 -1 -1 11737 -1 58504 36657 -1 -1 -1 -1 -1 -1 -1 49557 -1 -1 -1 58016 -1 49320 -1 -1 -1 18840 -1 -1 -1 -1 -1 -1 56396 -1 -1 -1 -1 50254 -1 -1 -1 27876 -1 -1 -1 -1 -1 -1 41126 -1 -1 -1 -1 -1 -1 -1 -1 47919 -1 -1 -1
6
1 480 6 373 8
1 29 0 464 8
1 195 13 323 14
1 19 4 299 8
0 236 9 474 7
1 90 13 408 3
