500 2000
457 346
280 104
300 40
477 81
336 380
147 196
475 239
364 489
64 271
315 69
11 404
198 306
101 309
149 35
4 33
231 65
447 284
405 28
279 53
32 129
19 66
285 7
27 445
448 166
142 355
117 234
454 83
497 247
15 111
235 145
326 460
169 61
67 139
364 279
276 122
112 427
280 50
139 401
181 393
179 152
470 315
188 59
278 42
156 353
114 316
345 119
242 452
74 307
356 151
471 128
402 140
5 462
476 254
344 387
191 429
310 261
327 175
314 363
220 260
433 160
399 155
310 383
396 20
413 81
37 429
80 301
355 17
49 142
65 127
139 272
208 53
166 486
299 303
358 493
410 166
290 334
192 336
352 251
368 106
174 353
244 449
340 345
196 263
238 207
82 161
323 388
66 433
317 58
401 407
39 44
80 23
138 2
16 416
125 228
495 165
245 2
77 3
11 245
274 276
236 175
38 174
359 175
115 401
116 426
40 222
494 467
44 233
415 353
106 78
306 156
63 203
266 475
139 406
478 402
360 209
217 496
411 111
104 12
295 312
88 172
56 317
325 53
94 211
498 193
128 58
464 438
441 348
40 341
353 1
286 8
79 95
217 10
437 44
482 469
19 417
401 182
316 409
428 312
483 402
179 433
185 189
66 206
335 439
338 384
219 284
48 331
429 479
119 70
59 131
280 152
433 193
370 135
174 215
432 265
403 386
275 38
398 61
329 159
423 367
143 415
385 9
420 137
100 341
316 31
433 261
119 56
303 396
266 59
129 402
220 198
280 484
325 64
330 41
363 146
360 291
485 28
284 475
410 425
130 6
464 196
311 146
477 424
480 371
153 199
28 195
14 447
297 76
153 342
1 390
481 116
30 68
296 172
236 392
154 211
36 428
24 487
225 466
250 103
431 426
82 339
408 82
317 24
499 145
412 177
311 390
289 345
443 176
202 302
360 219
228 310
281 41
200 84
412 396
278 170
376 401
132 170
402 296
4 2
15 103
226 459
409 477
355 266
91 163
55 111
397 421
281 484
303 177
282 118
433 399
23 304
122 255
314 97
226 187
356 401
488 50
15 466
102 296
360 312
194 46
423 332
166 283
42 446
293 433
256 387
170 495
495 415
469 155
469 358
216 225
137 108
470 308
19 151
435 464
461 263
370 394
249 324
137 346
133 173
413 358
491 109
499 154
4 71
488 36
133 240
87 151
60 343
246 477
148 464
481 488
47 138
18 361
218 236
81 453
132 315
319 224
308 450
43 125
419 430
280 58
114 461
262 37
390 486
117 307
175 273
350 47
35 31
78 59
444 315
110 147
213 317
15 317
414 2
23 463
178 213
322 61
147 38
461 239
472 116
333 300
313 241
447 173
451 173
349 153
321 243
167 482
14 213
10 257
351 162
169 300
483 334
465 112
327 121
1 307
225 161
166 434
85 461
186 47
428 248
296 1
176 351
245 250
386 343
218 377
234 258
176 160
199 495
117 313
201 456
71 235
394 227
222 350
299 250
398 171
96 253
229 134
257 317
96 251
134 222
296 216
196 388
354 35
73 497
3 314
139 393
479 33
89 177
105 122
403 198
106 79
117 427
132 280
442 51
307 353
352 405
17 60
341 329
171 184
341 392
266 196
163 226
190 173
239 87
9 141
117 22
478 267
260 295
360 468
448 147
352 474
140 117
115 44
442 393
207 94
116 385
336 445
436 59
395 42
43 56
77 128
194 407
69 319
124 262
1 323
94 302
424 134
409 153
202 436
14 92
396 250
367 369
284 49
281 303
137 385
173 221
172 34
215 208
69 0
498 458
144 329
20 165
224 111
427 125
197 126
306 213
136 206
304 24
459 403
390 240
329 146
418 308
473 58
272 264
389 32
467 220
471 322
455 261
49 310
258 363
472 228
459 23
199 59
400 268
492 254
169 178
446 138
414 60
496 3
12 76
190 60
360 106
21 18
293 462
222 75
260 371
149 243
17 193
335 33
11 28
115 117
94 335
104 65
270 448
427 86
140 240
188 350
78 21
352 180
69 326
149 69
179 143
295 404
22 231
105 172
123 192
314 127
366 491
269 150
220 53
245 380
52 62
35 497
376 117
357 73
454 322
463 49
258 220
199 92
315 162
126 220
355 90
392 404
459 237
141 355
329 256
216 95
257 394
316 284
363 229
305 21
464 98
64 360
288 23
282 65
174 398
294 453
336 233
51 69
374 16
93 171
204 255
61 465
432 78
419 468
77 262
75 95
234 37
219 72
225 222
138 92
180 124
416 93
472 18
458 345
386 407
343 208
184 300
63 28
181 121
401 56
396 186
167 457
381 226
481 318
41 1
297 324
333 294
460 29
350 373
144 64
282 181
177 487
434 262
491 299
54 435
125 456
216 53
270 190
201 184
365 202
373 143
406 191
331 432
47 336
374 60
276 289
4 224
230 269
240 284
484 485
307 43
103 61
302 103
128 470
71 321
277 2
289 181
170 89
134 245
184 124
189 449
297 208
264 2
8 289
186 248
203 365
451 45
313 217
34 309
427 135
172 90
277 410
437 48
310 307
356 93
311 86
63 5
428 99
472 166
349 216
414 425
304 143
137 401
332 307
218 48
77 249
490 95
328 142
305 356
365 12
202 334
67 172
146 333
54 208
37 281
390 164
37 340
222 343
410 155
44 66
336 199
258 436
180 338
281 244
306 282
456 249
89 214
363 306
301 102
134 410
33 319
318 497
426 29
294 244
271 45
158 162
227 122
100 407
272 164
374 378
223 23
460 382
394 86
462 268
456 285
38 379
5 196
448 286
124 69
167 112
493 90
73 455
25 371
213 477
153 249
299 391
423 143
112 365
64 256
314 115
259 258
410 64
109 135
470 246
220 357
103 203
214 79
105 93
376 28
472 490
33 203
420 482
281 147
17 475
438 39
98 194
134 448
110 304
408 467
190 92
395 199
167 62
430 121
140 74
475 451
284 349
60 359
463 135
161 109
140 329
350 457
247 472
479 214
79 138
244 172
413 54
405 196
147 109
366 180
305 169
102 10
342 234
336 365
477 235
200 166
222 433
320 157
138 180
187 412
240 342
272 428
124 224
371 203
112 430
319 131
136 320
65 195
154 5
421 261
397 273
270 283
397 440
248 137
445 164
412 166
304 81
370 204
325 45
67 173
57 195
12 301
380 257
408 221
191 353
295 159
352 236
190 7
151 97
49 497
11 225
35 5
432 256
94 216
468 373
298 104
139 277
243 2
268 395
411 253
264 161
399 365
125 72
396 493
167 246
381 352
335 367
148 253
429 168
431 44
8 40
218 396
326 218
272 103
219 129
366 422
127 11
479 41
303 342
432 2
487 196
333 138
133 317
230 222
103 0
462 263
117 72
495 174
341 433
134 470
370 33
59 102
12 80
471 108
344 312
410 16
435 344
43 21
282 205
451 403
67 247
180 60
87 422
378 140
164 439
324 219
264 312
253 464
146 391
471 333
365 458
342 236
111 444
262 5
140 335
480 495
155 34
265 454
472 315
483 71
43 358
457 474
263 364
186 46
68 373
352 498
127 232
362 463
257 164
358 210
422 73
116 365
73 287
55 443
389 358
265 248
482 154
468 4
304 220
211 413
427 241
386 35
95 20
134 354
239 130
345 116
6 457
470 12
402 146
69 59
98 363
133 252
285 380
274 82
121 268
51 399
260 400
480 160
415 349
92 462
47 431
65 91
226 143
348 246
193 312
38 122
211 296
291 279
83 297
166 380
194 327
467 173
362 446
35 60
434 226
461 305
158 74
177 82
13 276
369 243
37 257
363 380
323 194
295 443
73 180
309 477
375 67
82 180
28 279
147 74
282 458
77 119
107 264
91 11
210 367
338 239
233 498
390 287
324 226
182 380
250 35
140 66
403 262
383 382
269 405
464 384
451 259
387 444
401 275
10 317
37 337
18 302
474 54
112 256
234 279
125 370
154 3
79 166
179 189
37 436
31 74
377 60
112 487
242 97
340 4
314 161
345 82
264 483
419 140
160 310
205 123
396 105
11 174
331 206
151 31
120 465
152 271
224 300
361 178
44 326
101 385
432 270
51 46
464 22
397 215
63 238
430 344
373 96
372 261
340 444
62 107
346 470
301 297
266 231
13 312
412 56
28 357
466 481
340 142
65 331
52 228
116 5
443 380
276 38
318 154
43 258
495 271
19 137
34 475
90 174
412 89
415 224
150 340
464 485
208 31
414 55
234 353
74 83
108 323
379 253
417 155
438 265
37 305
497 31
167 191
316 460
73 183
230 164
82 200
395 219
410 454
73 75
240 169
456 175
366 250
374 429
327 310
164 401
313 430
320 498
7 112
283 273
51 86
382 438
487 299
236 372
415 466
18 450
136 25
30 84
482 297
283 330
161 99
82 84
460 224
436 491
289 11
378 275
246 357
54 200
218 249
365 227
288 52
346 179
164 211
124 368
454 16
124 253
71 244
349 441
124 294
350 380
309 132
274 99
31 359
376 262
422 128
213 237
470 305
77 35
289 447
46 179
348 487
304 187
357 469
203 300
172 322
21 334
488 491
267 498
340 65
131 160
368 460
209 295
461 494
448 438
339 122
84 361
281 228
184 214
89 241
152 382
79 190
479 152
77 400
358 171
250 15
194 480
235 33
355 172
272 262
433 452
390 481
113 318
484 268
418 36
314 114
499 223
430 414
330 243
282 254
74 347
225 238
283 310
82 201
163 310
25 64
273 233
185 410
241 233
355 450
203 423
480 442
60 333
334 307
145 364
429 474
444 446
350 479
430 86
348 120
58 219
182 174
163 171
134 453
47 273
93 112
405 139
78 225
168 492
99 449
211 7
289 148
385 457
342 71
480 432
317 304
36 175
342 201
119 300
389 436
290 192
209 390
125 298
228 159
415 497
27 91
126 483
235 298
319 71
137 30
268 416
148 160
452 301
420 282
212 211
142 277
339 30
456 357
46 368
460 480
355 253
100 288
491 435
491 428
411 487
391 327
74 179
203 68
340 191
182 119
13 393
107 403
95 325
333 34
344 12
329 212
271 23
300 311
36 338
158 488
328 154
129 21
391 288
3 376
273 89
177 355
374 72
73 369
367 395
152 192
295 66
365 452
130 432
33 35
261 143
382 39
441 21
75 370
322 243
210 11
199 89
92 133
55 336
364 454
440 204
364 109
31 125
164 433
195 469
383 228
6 94
205 401
186 220
96 371
415 334
236 38
1 0
87 37
362 106
374 27
245 155
465 372
72 287
210 302
356 159
48 200
152 158
409 367
33 300
201 485
427 253
446 110
186 388
9 170
190 378
123 466
60 232
325 235
484 137
12 147
224 327
189 273
201 302
447 82
103 228
198 6
57 256
456 452
436 463
81 96
233 420
134 291
187 157
382 175
147 92
479 294
181 464
251 432
164 457
159 0
35 111
50 248
205 496
485 365
400 341
309 467
441 335
20 496
373 445
41 213
467 450
41 7
451 210
495 108
466 195
349 289
286 128
292 351
316 392
57 426
79 140
33 439
63 475
226 355
378 3
318 168
88 139
42 172
36 497
311 50
394 58
17 131
52 478
460 67
259 221
313 171
165 167
320 72
186 302
402 41
39 230
112 317
97 82
189 489
263 146
473 129
441 85
108 11
471 494
275 289
496 186
20 350
134 296
87 364
224 26
49 311
454 147
264 210
452 309
419 396
138 349
99 23
469 341
206 238
430 379
0 168
163 423
108 367
300 173
51 462
353 241
163 11
426 136
106 77
315 468
326 29
241 362
465 394
94 262
85 356
231 318
53 249
199 440
256 365
12 218
134 295
391 480
137 153
403 292
413 62
11 384
338 37
61 403
134 441
107 277
233 121
321 27
240 428
248 163
78 217
433 332
432 129
265 108
381 205
93 467
408 422
243 470
127 493
310 27
354 414
184 118
264 332
113 283
432 50
62 90
423 273
482 395
202 441
484 1
485 35
219 414
26 81
207 279
5 424
184 33
48 19
208 429
408 476
461 232
356 62
482 140
300 28
334 386
300 254
374 97
421 137
210 256
312 33
401 0
328 197
26 487
362 98
245 399
114 63
132 316
394 278
263 386
455 41
107 307
320 44
171 305
47 132
137 119
156 498
102 300
122 254
32 328
160 298
281 319
141 344
428 293
351 175
32 382
490 175
383 218
496 178
128 57
404 352
196 221
316 239
72 123
428 116
109 136
400 314
292 91
453 306
404 453
42 489
17 153
208 20
371 146
144 238
474 297
378 420
389 429
142 85
16 105
110 380
62 54
315 389
139 117
481 256
271 366
281 231
132 304
387 95
43 198
81 144
38 107
12 291
465 37
88 454
280 415
280 86
167 292
83 206
437 199
12 233
194 456
405 108
129 136
56 322
157 33
126 26
210 405
85 339
466 61
378 74
211 270
243 487
249 320
136 47
168 159
212 354
319 465
122 107
224 416
237 108
450 330
221 74
100 214
244 211
494 354
425 299
206 112
409 8
201 428
410 146
101 422
148 193
207 361
130 91
452 468
167 46
36 2
339 368
304 354
137 473
154 183
284 365
356 53
96 327
183 1
89 312
394 82
442 421
375 334
34 229
44 385
59 226
178 124
113 400
266 458
426 38
97 104
334 425
492 325
363 86
384 373
352 466
421 154
244 314
327 148
9 166
23 262
168 393
303 58
373 311
483 88
124 119
78 233
431 287
241 276
108 483
190 101
389 50
399 376
424 305
65 262
330 344
474 45
487 426
12 395
473 79
229 33
448 13
147 441
449 114
137 47
360 455
200 328
293 239
286 294
246 15
239 449
389 137
410 376
117 478
121 125
318 466
395 158
125 485
21 29
434 25
473 197
274 255
106 299
61 458
311 434
265 347
443 69
372 274
198 477
192 41
317 314
130 484
151 498
68 398
178 389
225 266
427 42
347 70
98 243
80 214
208 94
3 266
159 243
297 132
453 301
94 265
231 448
44 406
388 340
341 444
242 72
470 236
289 57
353 425
70 105
445 87
405 374
158 62
81 113
78 30
66 110
424 11
383 45
334 64
55 481
495 380
270 273
9 47
432 229
165 299
175 414
20 432
299 88
285 229
54 415
482 216
100 411
42 426
34 329
362 363
56 77
142 462
153 72
8 497
79 370
132 292
289 98
227 341
419 103
273 36
62 290
162 358
222 176
210 114
395 126
156 134
423 236
30 302
443 361
327 103
452 336
87 143
292 264
456 436
44 229
404 16
277 253
126 47
463 194
255 199
184 349
297 359
88 261
341 350
370 12
276 184
391 390
117 351
495 247
272 129
95 306
301 343
395 214
432 101
343 482
350 93
311 408
23 462
252 126
203 25
472 448
257 268
171 143
174 43
342 423
166 321
287 458
211 234
340 428
223 396
318 107
386 421
169 427
272 268
221 313
90 108
413 175
351 434
239 465
133 168
421 300
257 367
0 375
419 328
77 83
204 430
480 292
98 478
317 405
478 142
193 373
165 172
474 365
151 1
497 246
58 245
316 223
68 106
13 186
16 191
139 24
48 57
495 189
99 439
122 62
355 406
63 97
17 52
379 228
390 336
111 327
474 223
451 104
240 186
362 266
1 121
39 62
141 132
259 21
214 459
366 197
219 41
368 492
129 239
443 423
384 484
409 105
166 473
58 154
469 60
354 41
332 56
338 289
104 263
3 242
56 102
266 7
69 382
240 182
137 90
139 170
449 86
314 337
349 170
48 79
476 148
357 305
167 263
172 299
236 73
287 32
1 109
104 79
481 147
423 239
316 60
162 414
109 259
8 442
146 89
434 72
203 30
7 386
447 323
157 6
270 88
71 355
432 209
52 451
258 37
194 41
421 39
228 268
402 103
391 433
180 293
106 15
488 404
25 427
275 405
121 86
23 344
393 384
111 204
450 140
220 31
333 190
12 247
419 412
185 183
373 306
218 115
242 287
274 461
387 22
80 75
476 288
324 64
469 178
80 155
384 222
11 284
108 141
143 154
395 76
434 130
205 296
107 183
292 431
196 234
225 343
54 235
25 257
142 442
17 293
145 452
51 139
8 296
439 163
406 336
148 40
169 103
306 480
55 388
482 474
330 452
267 57
302 477
10 393
234 320
172 72
314 383
366 475
274 108
222 252
230 246
461 93
4 218
494 203
484 411
298 174
378 64
64 409
221 478
477 0
170 11
77 470
435 425
490 269
317 408
456 331
344 323
497 143
17 296
434 97
317 442
84 143
119 251
328 483
227 46
327 368
96 134
169 34
269 76
204 277
217 272
491 464
189 282
345 78
5 256
470 290
257 373
103 164
271 346
497 356
271 308
210 155
79 174
2 322
90 240
32 158
419 61
38 292
285 201
48 419
202 283
238 346
261 115
323 158
122 115
3 199
75 236
328 190
433 324
31 213
140 320
166 262
27 274
244 75
404 491
63 360
152 424
213 361
454 295
497 490
157 376
3 426
62 257
383 298
303 186
56 371
367 380
203 456
62 354
379 468
357 390
440 138
71 199
136 336
46 141
9 453
45 405
218 268
122 182
4 393
456 77
318 238
482 28
234 363
15 483
385 451
498 127
41 44
404 275
354 289
226 340
433 441
275 149
456 239
446 144
246 496
460 292
82 381
399 88
72 25
174 39
283 494
188 56
243 55
446 100
195 152
242 114
151 434
283 324
356 96
57 243
303 110
337 297
273 204
470 476
198 469
36 427
90 67
290 77
356 408
238 127
270 344
495 175
43 123
303 182
6 497
12 253
101 274
404 71
165 120
29 340
359 88
189 205
90 135
271 100
24 242
44 433
483 66
232 126
406 286
203 11
338 298
90 95
61 281
429 279
285 472
24 280
85 287
470 53
89 133
392 166
301 65
151 119
293 400
11 227
426 282
443 98
475 104
321 266
391 88
222 347
410 183
60 479
258 121
488 476
7 232
328 52
204 240
262 219
439 367
386 328
122 23
316 32
475 339
385 184
250 149
255 158
175 320
149 357
251 295
462 267
116 157
52 20
395 101
447 178
228 278
99 147
298 291
450 151
332 193
330 304
40 168
63906 -1 -1 -1 -1 -1 -1 -1 20159 -1 -1 -1 -1 -1 39511 18868 -1 12304 -1 -1 -1 -1 -1 16110 -1 33116 -1 -1 8271 -1 -1 48054 63945 45398 -1 -1 -1 4089 -1 -1 -1 -1 -1 -1 61107 -1 -1 35339 -1 -1 -1 -1 -1 27902 -1 -1 -1 -1 3153 27462 -1 -1 -1 -1 -1 -1 50077 -1 -1 -1 -1 -1 -1 -1 -1 -1 -1 -1 -1 -1 -1 -1 -1 -1 44437 -1 -1 -1 -1 -1 -1 64799 -1 -1 -1 30170 -1 32784 39347 -1 -1 41487 -1 -1 -1 2266 -1 37578 16983 -1 -1 19088 4955 -1 -1 25011 -1 46053 -1 -1 -1 -1 -1 8646 -1 -1 -1 -1 -1 -1 -1 -1 2810 15396 -1 6695 -1 -1 -1 -1 -1 -1 -1 26082 61351 51083 35387 -1 60813 -1 -1 -1 -1 -1 -1 -1 -1 15409 -1 -1 -1 -1 -1 42062 -1 62517 -1 8061 -1 -1 -1 -1 34747 -1 -1 12582 -1 -1 -1 -1 -1 -1 -1 -1 -1 -1 47402 -1 -1 -1 8137 -1 -1 -1 -1 29707 -1 -1 -1 1445 -1 -1 -1 -1 -1 -1 -1 -1 -1 -1 -1 -1 63077 -1 -1 -1 -1 -1 -1 53955 -1 -1 -1 -1 -1 -1 -1 -1 -1 -1 -1 -1 -1 -1 12610 59833 3643 -1 37776 -1 -1 27362 -1 -1 28848 -1 -1 -1 -1 -1 -1 -1 16639 -1 -1 -1 -1 -1 51917 -1 -1 -1 -1 -1 -1 -1 -1 -1 -1 -1 -1 -1 23153 -1 7779 -1 -1 -1 -1 -1 22360 14005 -1 -1 40282 -1 -1 -1 32871 12146 -1 -1 -1 -1 -1 33496 -1 17172 -1 -1 -1 -1 -1 36902 -1 -1 -1 -1 64028 -1 -1 -1 -1 -1 -1 -1 -1 -1 -1 -1 -1 7017 7348 -1 -1 -1 -1 -1 -1 -1 -1 -1 -1 -1 38796 -1 -1 51890 -1 -1 33151 53060 -1 -1 35010 -1 -1 -1 22682 -1 -1 -1 -1 63042 49944 -1 -1 -1 -1 -1 -1 -1 -1 21635 24018 -1 -1 -1 -1 -1 17306 52562 -1 -1 -1 -1 -1 -1 -1 -1 -1 -1 -1 -1 -1 62220 -1 -1 -1 -1 -1 -1 -1 -1 -1 -1 -1 26161 65136 -1 -1 -1 -1 -1 31243 -1 -1 -1 -1 -1 -1 -1 46635 -1 18659 -1 38826 -1 -1 -1 41594 -1 -1 -1 -1 -1 52400 -1 -1 43411 -1 -1 19463 23718 -1 -1 15873 -1 -1 -1 -1 -1 -1 -1 -1 55686 -1 -1 -1 -1 -1 -1 -1 -1 -1 -1 -1 -1 -1 -1 -1 -1 -1 -1 53045 -1 -1 -1 -1 41566 40012 -1 -1 -1 51365 -1 -1 44299 -1 -1 -1 -1 22623 -1 -1 27469 -1 -1 42999 -1 -1 -1 9217 -1 19490 57884 -1 -1 -1 -1
9
1 212 8 294 9
1 350 15 187 13
1 449 5 198 15
1 405 12 106 14
0 23 7 389 15
1 251 6 426 15
1 285 4 87 10
0 174 6 415 9
1 388 1 138 0
