500 2000
433 54
387 436
418 55
338 93
481 100
355 28
343 427
444 378
83 125
210 332
244 377
252 390
298 446
351 150
326 94
388 239
107 234
455 167
115 308
298 85
247 363
271 222
435 67
234 149
87 117
498 272
182 315
26 278
161 30
490 97
383 205
232 23
289 413
73 178
479 321
485 311
326 62
17 31
224 415
327 226
324 311
94 131
272 421
132 461
203 499
183 3
383 318
422 0
222 418
274 104
231 48
285 476
278 397
423 241
57 264
244 390
321 274
122 27
241 324
191 339
278 333
27 281
120 244
198 406
450 235
33 129
156 493
314 493
107 426
106 52
438 124
498 142
8 463
197 395
132 255
275 489
434 290
195 212
442 332
164 399
196 163
328 417
291 52
400 3
141 421
380 450
320 133
193 453
5 317
411 322
77 42
132 423
375 295
212 140
372 221
120 330
121 307
154 186
408 414
303 441
437 258
274 150
12 76
96 174
96 286
50 228
93 5
86 362
98 4
69 387
161 352
79 409
470 287
52 478
186 180
28 498
93 491
174 62
158 401
288 44
111 469
231 419
276 259
313 485
333 353
417 17
171 195
44 167
392 316
370 150
452 456
419 475
31 136
197 44
195 394
173 184
263 233
312 392
293 376
472 464
311 362
406 320
282 313
422 62
322 250
408 158
58 3
354 254
247 218
244 178
389 37
303 427
427 220
167 313
12 226
242 27
126 25
6 330
40 234
282 173
121 25
375 88
165 492
63 479
64 458
256 335
388 65
206 107
486 7
193 188
263 271
124 224
236 466
222 413
160 364
356 135
270 86
169 157
459 326
32 147
456 252
486 51
262 465
286 202
4 272
379 442
228 435
44 322
427 473
319 134
487 239
161 29
491 188
19 321
259 184
118 396
428 432
184 446
28 149
1 317
452 384
474 49
122 88
458 107
437 202
434 267
438 89
98 20
165 401
196 470
92 78
198 453
487 351
32 351
420 248
208 421
39 420
273 173
195 317
197 178
141 252
393 242
182 210
463 236
356 428
254 280
47 290
28 178
346 342
90 5
351 194
63 384
319 58
459 348
458 488
392 236
254 358
446 355
185 86
296 116
456 409
287 440
106 14
202 337
484 128
412 91
379 178
165 402
272 264
199 308
325 11
483 340
48 185
384 71
42 317
277 242
179 463
388 14
174 123
6 194
230 255
200 359
190 176
280 285
457 262
163 128
477 206
314 218
356 219
319 31
318 172
74 318
190 89
11 433
461 67
101 323
355 218
454 43
283 392
22 410
473 169
408 494
485 142
281 397
91 336
481 255
429 358
23 138
260 108
162 334
426 1
107 91
356 463
492 352
158 24
462 420
494 316
465 348
88 144
418 81
273 307
60 453
98 431
447 200
56 492
282 165
27 127
282 66
329 327
82 451
74 4
193 216
229 409
79 275
434 378
102 267
48 493
291 301
18 101
416 167
407 220
107 165
124 495
235 292
359 419
85 466
8 39
265 101
242 459
305 346
356 416
132 494
311 342
22 186
93 200
470 219
119 376
396 316
366 468
420 419
337 308
181 201
212 345
482 284
96 453
52 39
164 312
4 102
95 70
467 41
133 334
323 168
213 141
222 266
360 313
497 352
427 323
8 447
313 337
301 90
34 300
337 406
141 186
30 138
461 343
149 384
479 413
217 308
288 386
376 173
78 329
199 17
30 332
118 88
253 275
292 490
104 301
475 382
56 296
332 338
76 90
45 24
409 36
352 249
261 355
169 6
418 238
457 448
116 54
110 355
348 290
111 157
149 74
244 8
307 437
29 275
394 80
483 324
2 347
84 354
17 351
126 261
90 322
409 347
498 303
142 32
156 389
269 131
188 170
467 397
303 385
6 282
84 361
408 34
439 63
472 401
299 6
493 379
0 7
447 404
226 158
254 59
432 325
131 241
453 196
412 335
375 497
298 383
16 179
415 478
357 86
208 258
90 383
188 185
486 11
410 384
102 63
373 189
322 179
168 198
86 240
119 1
416 283
206 287
42 41
165 264
439 39
84 55
9 302
136 188
78 2
288 262
468 320
151 437
131 182
227 215
260 461
409 93
243 459
215 133
126 23
387 123
316 270
95 272
263 229
235 281
38 270
232 386
63 419
417 350
73 153
398 393
190 76
230 454
288 166
332 237
472 187
472 360
463 113
158 12
295 439
43 444
333 160
57 240
434 244
105 136
406 84
38 162
188 238
433 296
139 146
83 76
362 444
72 266
125 381
427 311
41 435
269 482
113 204
213 35
450 12
433 350
289 236
440 188
401 51
387 270
113 145
47 78
495 58
325 220
453 71
455 349
132 176
290 482
100 33
302 160
251 449
478 91
174 137
66 373
63 277
107 121
184 471
289 166
245 108
347 38
43 187
439 281
26 113
150 437
37 140
358 329
219 42
44 472
140 162
411 330
398 494
107 289
355 122
350 299
358 88
323 387
161 138
101 172
367 157
355 96
185 293
228 404
398 177
152 256
60 14
445 67
298 482
78 287
149 230
340 92
460 427
419 196
25 395
318 367
80 373
288 24
106 24
334 34
277 272
466 353
35 451
423 245
492 407
440 108
215 0
363 329
440 194
427 436
86 141
152 41
52 292
283 290
461 256
78 381
336 61
275 296
231 322
299 192
102 182
116 315
353 1
99 44
27 107
34 35
72 205
422 91
275 204
462 162
175 439
193 459
218 165
298 133
37 496
20 320
413 159
201 126
499 255
386 97
498 93
317 397
144 447
260 42
72 414
265 408
344 265
287 35
436 288
92 172
320 31
216 163
469 219
61 155
9 314
69 282
69 145
472 452
275 376
284 455
400 323
394 34
487 149
225 425
160 393
87 22
98 225
412 260
395 408
490 262
277 251
79 240
384 247
470 296
494 109
343 39
337 316
32 252
184 491
273 207
309 207
2 470
256 308
225 444
308 281
330 277
439 157
461 1
258 436
24 347
437 175
390 249
85 173
321 336
446 373
465 20
296 320
270 11
384 256
299 371
70 273
413 160
352 323
452 33
181 448
35 93
362 131
497 425
320 399
367 490
484 273
51 451
46 313
326 27
216 145
102 128
131 329
324 282
29 349
206 390
124 203
46 26
175 160
20 229
266 275
308 471
92 17
286 106
473 385
352 387
332 162
414 304
408 382
321 38
455 337
284 255
248 385
358 246
287 474
22 269
423 262
248 318
395 121
118 286
320 430
303 336
300 233
308 96
166 379
499 387
233 109
300 96
402 86
212 386
58 470
420 140
315 190
140 470
283 281
52 352
295 317
14 461
254 491
22 133
401 79
35 33
285 483
341 343
126 90
384 60
487 363
208 304
381 469
346 470
208 314
499 400
236 457
78 283
10 319
33 471
134 52
333 408
3 406
297 393
37 466
66 123
354 179
263 261
262 264
108 147
72 150
371 295
88 75
396 302
460 356
259 147
3 402
375 177
348 277
60 49
92 173
446 57
358 371
408 495
263 237
358 11
336 437
247 154
141 445
265 93
13 189
229 119
343 29
477 301
472 455
46 154
299 489
306 178
35 158
416 106
173 462
343 448
158 232
460 482
411 339
258 69
140 4
17 24
359 155
475 272
362 457
162 86
117 491
482 75
435 135
426 296
114 384
249 45
436 14
78 341
191 431
235 147
423 277
499 493
480 69
64 461
465 356
179 311
211 328
218 156
144 365
203 272
234 380
140 439
22 8
185 139
474 293
197 473
94 41
282 163
72 472
488 287
274 332
323 487
174 389
67 183
137 82
75 144
451 98
499 476
486 124
356 440
307 440
210 301
9 333
26 367
94 212
214 70
21 58
354 313
130 150
58 182
48 311
364 453
336 233
290 153
138 342
348 323
82 144
467 424
48 246
182 187
352 153
54 218
229 390
461 389
53 343
78 467
168 328
89 188
476 106
364 9
444 422
107 346
29 246
152 30
97 135
219 258
200 175
295 343
92 390
397 57
428 75
193 20
112 115
396 346
225 472
488 214
123 340
74 435
443 137
60 472
468 227
345 237
362 256
217 226
171 39
487 11
109 194
299 116
27 398
277 240
50 463
296 490
19 56
368 79
206 403
56 294
471 453
156 205
337 30
72 423
38 59
157 134
27 83
158 238
117 224
121 302
0 413
302 376
366 279
38 196
209 178
316 356
493 495
132 437
378 79
468 271
59 54
238 472
316 381
80 495
72 289
214 119
237 405
454 128
367 186
394 239
196 499
213 374
281 381
40 42
262 184
320 45
260 46
360 111
367 200
413 390
197 149
292 313
118 149
271 478
46 146
43 485
333 272
43 204
53 18
453 441
132 82
126 44
403 441
107 283
232 417
189 240
485 487
66 188
457 214
6 223
434 327
4 302
438 356
275 66
336 368
193 426
72 236
200 408
360 312
389 490
423 355
32 120
149 315
218 231
347 62
251 40
143 15
330 130
149 350
234 484
395 7
259 61
62 246
437 478
173 405
206 284
97 230
83 329
230 445
278 269
254 82
239 92
164 403
333 478
466 53
282 384
215 4
270 344
456 408
299 378
474 407
379 393
293 325
24 361
106 315
375 331
276 140
359 343
251 176
344 371
396 65
154 48
430 409
455 385
359 461
108 60
441 111
176 106
407 45
70 40
349 345
59 472
325 119
244 300
285 107
199 332
183 296
22 72
35 280
493 425
343 52
433 27
193 77
429 341
323 335
240 396
234 342
357 265
112 192
361 380
318 385
22 244
303 4
108 233
76 110
52 161
450 462
185 384
36 96
101 390
281 258
320 338
498 233
343 436
179 116
57 8
184 234
65 190
260 400
208 287
443 82
308 170
89 329
55 442
487 95
106 474
242 234
82 392
370 59
237 112
159 219
111 197
158 410
306 136
209 246
253 225
109 274
470 471
25 491
188 396
283 434
456 391
293 392
303 224
166 122
332 447
216 474
107 306
364 67
16 244
460 13
207 415
425 344
57 361
108 447
149 147
352 265
102 363
160 257
217 261
312 445
3 275
390 126
314 306
0 40
40 194
475 237
377 208
16 380
250 5
17 126
417 493
16 30
184 167
194 27
386 304
392 491
139 351
204 222
422 68
137 200
324 362
356 311
44 318
405 24
188 352
297 416
452 30
151 96
189 430
403 1
144 350
62 278
356 409
206 432
105 56
311 483
247 349
71 427
102 497
55 224
117 165
113 287
403 297
460 432
273 286
31 42
46 332
441 56
187 129
135 390
385 199
73 485
8 444
248 144
284 371
91 105
237 258
21 287
270 131
219 351
347 190
451 22
300 491
365 30
182 464
308 441
339 238
354 1
357 471
405 494
248 172
130 225
443 422
232 145
6 307
264 27
258 496
59 393
160 494
455 107
392 47
404 373
202 201
198 221
269 158
368 83
420 112
116 310
102 227
141 11
438 37
228 0
321 171
89 29
273 240
484 219
480 73
152 248
284 409
496 403
108 137
52 76
41 244
272 129
30 371
424 203
186 463
292 350
37 271
366 56
356 301
261 482
415 26
60 437
48 459
452 99
260 360
21 346
228 317
447 209
125 112
211 278
332 187
496 36
179 406
389 256
248 390
316 244
194 371
275 57
35 32
196 102
416 456
448 413
367 467
333 230
398 138
55 158
38 323
287 262
124 92
77 378
59 326
137 300
354 212
168 267
436 26
317 212
95 357
84 64
291 292
326 184
215 9
454 32
349 79
398 317
119 3
244 288
253 308
182 395
300 88
317 359
430 261
453 498
452 165
449 96
38 485
421 229
313 202
382 444
187 485
50 449
489 301
459 230
375 54
481 144
11 319
412 43
490 42
415 12
210 98
91 490
255 475
223 369
241 15
114 486
65 171
239 499
419 339
271 192
413 285
122 159
414 308
170 277
7 401
113 259
159 448
433 491
139 358
432 403
327 374
229 388
312 444
403 41
388 296
86 478
119 322
409 415
131 215
327 188
172 347
217 498
43 309
390 179
107 378
391 56
79 241
70 455
167 112
177 110
188 381
82 396
27 146
267 303
126 304
236 337
196 270
332 20
278 179
342 270
44 101
132 205
427 215
236 164
344 254
88 230
186 155
288 441
2 271
231 106
488 103
51 366
51 400
33 126
189 82
460 16
495 360
165 93
54 275
224 301
464 168
223 203
423 415
323 137
32 280
196 299
311 251
152 359
382 398
338 151
482 4
274 165
346 118
27 271
93 355
289 180
201 116
24 86
404 465
168 388
210 43
499 475
341 102
305 35
249 280
493 453
204 211
450 50
55 422
317 435
460 496
252 64
134 432
271 17
415 274
78 149
479 219
20 357
424 388
325 218
482 69
185 453
74 178
120 248
251 183
140 29
245 185
371 485
4 399
363 286
161 94
76 295
125 481
499 483
345 34
487 155
274 412
82 457
334 396
365 196
216 61
347 369
325 106
182 357
318 166
388 157
342 298
349 23
335 413
476 324
435 192
282 451
301 266
269 430
389 423
469 39
247 32
313 189
142 28
446 140
493 303
48 162
67 460
131 2
342 112
466 31
456 269
24 485
303 133
276 227
154 459
408 405
197 101
143 251
292 400
33 442
273 244
368 454
10 454
463 417
334 200
488 267
92 38
160 488
137 78
75 390
354 161
317 151
241 213
87 186
418 469
187 105
283 373
485 110
21 349
316 193
412 70
145 76
259 442
470 139
420 238
64 83
79 21
169 428
462 254
94 101
16 287
201 467
287 202
114 255
104 81
169 143
212 462
78 364
48 443
58 256
366 152
23 7
31 277
193 336
178 381
483 82
26 327
461 485
74 215
462 154
100 333
141 40
160 345
92 414
390 66
479 394
409 343
55 157
30 341
311 269
123 441
327 393
42 101
31 220
233 366
313 100
118 248
92 341
463 246
275 203
343 203
149 351
34 217
234 131
287 468
429 370
193 162
367 288
358 240
9 435
70 219
452 492
280 474
416 448
268 0
84 134
250 414
225 477
199 495
135 309
318 441
373 394
216 394
415 88
213 122
134 155
404 288
384 486
269 60
208 82
312 115
463 118
40 424
343 370
447 331
415 300
450 147
303 285
104 421
212 399
54 315
240 347
9 365
361 190
428 452
296 380
354 465
14 260
13 421
20 341
248 206
86 222
224 246
485 160
277 284
121 340
58 383
51 214
492 369
4 96
128 388
43 481
212 123
278 338
169 471
288 89
66 384
161 65
225 272
323 289
70 142
25 142
4 284
139 409
73 138
441 354
303 204
127 51
424 196
116 55
178 418
114 393
197 310
201 365
82 398
230 29
153 235
203 371
469 218
473 419
302 7
420 8
385 68
23 40
307 394
173 470
489 348
161 498
32 15
298 127
374 498
137 268
86 63
113 490
250 332
463 182
387 233
219 446
20 153
446 171
454 471
462 202
466 415
237 409
67 157
415 289
51 475
449 459
262 434
159 30
82 395
16 2
212 433
57 45
279 335
454 98
180 91
450 135
304 252
275 355
297 287
277 385
498 423
16 277
379 44
430 264
155 153
282 240
153 319
26 356
19 39
164 435
121 342
136 180
402 220
353 255
455 19
162 222
101 85
344 238
468 43
403 397
266 147
376 436
484 140
52 185
233 464
129 470
250 415
334 182
216 18
387 45
26 205
241 6
196 24
98 58
391 433
344 107
369 13
186 184
497 355
461 169
170 447
132 377
237 335
47 85
392 406
196 58
397 494
3 273
132 468
258 83
202 40
470 215
426 205
382 437
47 456
455 275
184 5
345 491
371 465
492 117
310 461
107 354
180 15
292 324
132 169
308 473
135 421
243 376
356 325
463 216
6 157
431 60
208 408
241 228
495 450
297 282
42 57
47 313
260 432
491 89
277 144
299 430
489 72
440 443
153 132
431 427
204 317
489 162
202 4
228 76
300 388
476 413
482 391
14 308
462 45
498 1
87 425
15 209
285 50
40 350
105 81
142 114
371 85
32 442
375 313
467 257
172 230
51 258
297 200
478 261
430 361
262 476
130 293
252 281
478 374
170 211
310 230
230 292
53 66
204 472
204 210
398 180
255 206
315 59
35 436
409 432
241 287
298 229
322 421
130 364
433 377
242 291
320 216
369 441
4 175
73 247
44 475
52 6
154 60
90 9
135 282
208 288
305 398
378 328
113 356
476 76
208 45
203 302
475 312
408 179
323 211
344 268
400 162
152 285
400 287
70 350
325 57
248 424
125 486
43 230
279 73
151 270
95 39
268 390
288 45
174 321
313 326
153 186
363 495
382 226
216 194
427 308
72 295
133 336
31 130
467 126
212 112
357 315
86 296
84 281
24 493
45 319
82 498
129 171
434 48
22 121
268 145
300 230
230 213
217 345
235 271
438 193
101 248
91 75
425 414
43 299
109 254
411 254
275 221
181 269
363 396
236 166
383 290
155 52
307 347
464 76
460 316
100 388
269 356
90 316
127 115
99 275
284 457
196 382
225 283
1 111
441 73
414 124
420 113
20 125
378 198
238 137
166 170
95 128
28 324
7 375
473 365
167 172
418 408
39 494
197 72
186 82
275 104
331 474
346 218
283 141
17 116
147 121
405 343
246 136
231 394
231 429
404 159
409 318
137 66
341 251
45 280
387 212
489 291
160 398
196 307
3 180
139 355
366 160
129 134
80 124
237 272
263 403
141 115
325 141
50 35
434 118
246 299
111 210
273 493
2 287
468 104
87 392
204 87
366 145
336 398
153 51
381 252
213 458
332 267
200 79
449 295
51 139
37 41
207 223
94 49
375 246
454 499
294 270
264 185
155 21
195 200
368 290
117 455
95 163
136 109
132 398
90 335
256 279
226 474
248 210
413 100
360 140
483 137
37 353
22 441
247 314
100 376
30 244
105 351
178 461
107 83
418 1
333 86
233 254
201 473
388 324
288 355
17 79
353 163
354 136
232 153
67 218
177 372
396 306
204 431
235 96
466 434
29 294
62 353
291 448
24 321
189 272
473 405
466 88
178 470
223 138
288 282
137 250
412 381
205 266
259 296
310 294
189 278
354 233
82 378
197 361
339 473
227 236
196 487
161 295
329 348
141 133
440 118
-1 -1 -1 -1 -1 -1 -1 -1 -1 -1 51861 -1 -1 -1 -1 -1 -1 -1 23435 -1 -1 -1 -1 -1 -1 -1 -1 -1 22855 55868 -1 24160 -1 -1 -1 -1 9179 -1 -1 -1 58366 -1 -1 32017 -1 -1 58416 -1 -1 60582 -1 -1 -1 -1 -1 -1 -1 -1 -1 -1 4577 20084 64555 -1 3503 -1 -1 8827 -1 -1 -1 13395 -1 -1 -1 -1 -1 35032 -1 -1 20805 -1 -1 50173 -1 -1 -1 -1 -1 -1 -1 -1 -1 -1 -1 -1 14060 59907 -1 -1 48020 -1 -1 -1 -1 -1 -1 -1 59272 -1 -1 -1 -1 -1 -1 55240 -1 -1 -1 -1 36860 -1 -1 -1 -1 -1 -1 -1 -1 -1 35063 -1 -1 525 -1 -1 7295 -1 -1 -1 -1 9568 -1 -1 -1 -1 -1 -1 -1 -1 -1 -1 -1 -1 21596 -1 -1 -1 -1 30562 -1 -1 12841 -1 -1 -1 -1 -1 -1 -1 -1 -1 -1 -1 -1 26507 -1 64994 37623 -1 -1 60696 -1 49808 -1 -1 -1 -1 -1 -1 -1 -1 -1 -1 38782 -1 -1 -1 -1 -1 -1 -1 -1 12856 23905 -1 11634 -1 -1 -1 -1 57406 -1 49912 -1 -1 -1 -1 -1 -1 25786 19589 -1 52205 -1 -1 -1 -1 -1 -1 -1 -1 -1 -1 -1 -1 -1 -1 -1 -1 -1 -1 -1 -1 34667 51559 -1 -1 -1 27327 -1 -1 -1 65405 -1 -1 -1 -1 -1 -1 -1 -1 -1 -1 -1 -1 -1 -1 -1 -1 60299 32123 -1 -1 39404 58522 -1 -1 -1 -1 -1 -1 -1 -1 -1 -1 -1 -1 -1 -1 -1 64581 -1 -1 -1 -1 -1 -1 38086 -1 -1 -1 -1 -1 -1 -1 -1 -1 5086 56742 -1 -1 22521 -1 -1 -1 -1 -1 -1 -1 -1 -1 -1 -1 42046 -1 -1 18121 18635 -1 -1 60646 -1 -1 13865 -1 -1 -1 -1 -1 -1 -1 -1 -1 -1 -1 -1 -1 48764 -1 -1 -1 -1 -1 -1 -1 57235 -1 20652 -1 -1 25523 -1 13779 -1 -1 55097 -1 -1 -1 -1 37891 -1 4423 -1 -1 -1 48300 -1 -1 -1 -1 -1 -1 -1 -1 -1 -1 -1 -1 -1 -1 56635 -1 3549 -1 -1 -1 -1 -1 -1 -1 -1 43537 23306 -1 -1 -1 11699 -1 -1 -1 -1 -1 -1 35763 6602 -1 -1 14708 -1 -1 -1 37258 -1 -1 -1 -1 11336 55339 -1 35955 28229 -1 -1 65243 -1 28796 -1 64230 -1 -1 14451 -1 -1 25524 -1 -1 34587 -1 -1 -1 -1 7799 -1 -1 -1 -1 43561 -1 13965 -1 -1 -1 -1 -1 -1 -1 46823 -1 -1 22778 -1 -1 -1 -1 60981 -1 -1 -1 -1 -1 -1 21842 -1 -1 -1 -1 -1 -1 -1 53255 -1 -1 -1 -1 -1 9962 -1 -1
6
1 273 14 458 10
0 398 2 277 5
0 139 2 345 14
1 420 6 115 12
0 58 1 288 8
1 202 0 112 4
