500 2000
116 70
191 487
423 434
157 453
331 338
132 353
464 172
439 393
3 435
253 397
118 168
466 468
433 356
491 180
224 241
460 186
392 232
448 122
379 462
378 381
54 141
254 234
284 185
207 224
368 469
340 415
360 441
310 43
349 439
246 326
418 319
416 212
399 137
484 426
220 199
135 256
222 48
38 456
391 267
302 78
384 76
436 228
316 413
286 54
199 70
70 480
347 141
195 173
468 207
169 87
281 298
161 428
121 19
262 394
155 462
269 273
203 279
128 153
274 442
256 310
275 33
358 9
266 328
296 74
279 427
159 312
245 144
234 21
176 394
158 106
129 82
242 488
161 33
244 380
177 406
68 110
24 30
303 349
343 451
343 481
394 384
182 357
35 54
370 450
54 375
450 80
224 416
182 399
35 36
358 321
280 85
282 478
405 81
203 468
20 324
119 317
46 478
470 50
468 125
309 178
82 497
236 152
73 204
385 296
475 378
129 465
11 347
310 274
74 149
55 315
237 15
185 142
449 233
470 224
364 276
479 487
475 499
67 349
316 414
70 334
112 171
256 497
104 216
420 32
378 229
26 255
383 126
300 188
253 402
408 442
119 491
205 45
113 35
298 498
378 327
77 167
469 210
237 433
45 193
147 41
235 280
464 265
113 341
472 265
474 262
2 27
316 290
378 441
480 334
346 121
297 9
262 227
124 293
429 106
426 249
87 392
206 296
296 89
390 474
302 478
490 3
201 151
380 5
190 306
154 265
232 313
485 408
62 259
144 419
319 306
473 93
141 56
180 313
108 259
44 484
168 349
240 450
99 256
294 230
405 181
207 95
392 25
247 378
96 28
105 43
287 141
128 14
416 64
112 96
102 48
292 467
472 346
450 19
297 369
396 257
70 140
206 425
103 251
387 478
100 230
93 238
285 47
256 229
336 233
335 208
183 341
431 332
35 30
43 423
288 17
89 364
20 276
455 124
499 290
420 349
96 117
282 328
467 248
133 79
463 206
412 264
249 380
105 465
119 61
232 45
309 231
101 436
313 262
224 81
122 490
51 163
469 481
381 461
0 368
232 220
175 275
393 189
308 68
258 222
79 224
429 270
138 17
51 425
465 239
293 327
496 215
389 49
229 467
38 177
15 199
312 495
262 431
362 75
418 71
236 134
455 329
84 465
242 138
216 329
292 230
120 67
469 226
300 470
6 107
92 205
60 452
107 288
197 4
123 484
442 51
234 114
338 460
22 69
481 394
287 237
447 142
177 104
207 283
479 384
241 459
0 234
496 176
233 438
235 201
121 196
18 232
269 371
211 136
4 323
196 412
123 246
105 303
403 441
115 359
383 481
260 3
380 145
366 323
431 497
15 183
456 308
450 141
89 303
19 203
344 436
354 338
384 15
117 438
236 10
172 231
205 439
22 20
151 176
150 374
335 356
147 157
486 21
469 238
0 392
390 330
284 247
177 66
469 400
376 265
418 104
271 255
285 297
343 211
298 40
219 134
32 277
258 69
470 33
118 17
318 142
489 380
50 57
22 289
362 306
150 45
474 373
298 402
82 431
399 59
53 496
261 362
151 362
55 251
86 11
252 86
456 32
81 155
201 191
460 224
221 280
360 356
366 196
91 494
426 377
23 131
18 86
378 429
487 0
239 180
450 300
280 231
403 261
489 425
342 268
164 391
319 108
423 51
12 482
234 69
427 153
372 346
341 241
457 491
355 431
23 63
86 49
81 217
383 179
270 210
161 254
221 290
479 86
385 227
387 327
375 272
75 468
499 433
369 192
11 269
19 373
465 180
423 323
192 498
225 311
204 349
397 377
347 278
141 353
83 36
423 150
451 416
241 96
90 410
251 322
443 281
52 465
305 331
456 340
335 278
322 204
148 112
229 5
152 3
317 242
123 148
179 59
213 99
54 429
371 378
358 302
395 284
450 398
495 498
4 56
211 312
387 398
305 448
88 378
159 17
110 38
387 59
297 311
245 56
418 90
330 229
410 312
309 116
345 272
3 82
130 32
406 70
494 218
37 491
26 457
157 422
423 254
447 434
145 71
8 466
466 415
204 22
263 297
386 476
197 184
345 446
477 306
498 53
435 48
404 379
182 184
458 149
142 485
382 110
347 476
225 109
279 348
176 89
434 264
399 294
367 94
118 94
19 96
160 97
255 278
452 121
223 160
255 243
334 213
219 24
416 107
386 399
405 273
489 242
124 432
14 195
118 75
234 237
227 46
72 165
334 490
270 290
147 112
109 184
388 321
397 55
353 460
215 24
227 49
464 347
377 280
310 46
439 396
136 354
358 425
218 421
122 84
213 348
273 397
133 104
253 179
277 417
409 220
436 295
424 94
446 96
188 139
484 479
352 414
376 389
314 155
402 50
451 495
485 444
234 272
261 45
241 287
419 450
172 36
255 80
362 150
122 46
317 57
85 249
156 146
219 491
454 468
44 167
458 215
402 33
175 443
442 292
135 252
195 403
300 14
488 6
76 234
110 83
281 149
334 230
11 281
51 11
342 194
181 59
97 492
350 304
237 183
125 28
339 318
391 10
308 83
31 169
84 19
259 202
133 176
309 396
316 120
383 139
476 375
385 143
450 395
331 161
254 71
269 256
59 428
131 183
444 161
399 129
307 120
189 133
61 300
392 465
429 181
386 114
380 75
81 27
450 12
104 191
192 479
384 37
476 415
69 343
238 164
324 369
429 350
486 148
228 77
423 203
181 63
440 221
459 207
373 135
251 395
51 103
388 3
478 490
36 390
184 458
158 443
313 486
198 57
414 91
46 477
101 97
376 479
22 193
477 191
289 373
7 141
406 292
161 340
199 306
218 80
492 366
422 483
291 178
323 473
373 305
192 100
435 240
95 430
469 377
107 136
138 61
47 329
318 263
189 97
19 176
339 244
437 103
487 270
194 145
57 321
409 206
272 195
399 147
345 288
202 284
358 485
265 332
84 417
110 328
107 225
179 162
141 312
425 415
81 36
433 179
281 256
342 121
330 289
168 106
197 201
406 8
281 120
312 194
462 401
71 404
251 3
158 180
252 402
39 407
451 40
76 321
366 349
357 105
258 336
388 32
416 112
117 460
315 380
488 243
226 58
356 398
189 35
264 392
272 210
262 207
234 410
441 74
164 174
272 297
55 335
409 11
377 382
403 362
113 410
286 383
408 155
140 194
298 101
65 421
1 63
0 164
297 359
274 456
76 241
180 386
314 268
17 211
499 194
499 51
432 326
390 354
401 217
244 309
21 108
25 261
462 398
121 272
391 494
37 224
402 401
249 27
10 439
268 245
136 420
119 95
334 328
467 193
332 18
161 0
246 85
451 393
132 22
113 447
130 304
184 256
342 98
372 386
326 410
167 472
25 61
15 464
36 252
413 241
486 311
411 49
304 200
87 278
52 6
121 407
188 144
220 84
357 466
90 152
337 427
216 113
269 361
265 114
361 196
155 187
52 247
167 141
97 433
287 177
235 30
155 142
59 60
15 146
247 405
135 330
342 10
250 483
69 9
375 444
389 154
450 342
281 135
178 48
239 280
281 279
195 322
450 459
245 235
407 130
422 378
49 151
151 343
54 479
232 276
360 488
453 343
86 373
419 137
11 317
429 88
102 6
313 114
67 69
159 355
391 193
48 71
198 123
233 392
286 66
365 9
287 89
275 107
140 407
27 37
313 72
30 428
357 179
53 263
106 5
57 133
60 214
21 344
436 286
280 469
207 291
305 421
313 426
323 75
338 301
244 350
474 144
288 15
238 266
322 96
68 298
266 57
152 407
79 143
305 81
135 475
439 160
459 483
147 21
70 356
52 92
223 212
472 37
123 113
139 276
262 245
191 371
282 86
57 235
131 319
276 161
278 86
78 267
462 385
334 228
433 180
264 206
306 269
443 383
417 446
410 196
455 484
448 483
241 275
240 219
396 364
354 358
397 413
290 468
108 477
6 417
253 80
266 257
326 15
302 307
43 301
61 58
365 345
69 262
327 147
52 470
192 484
254 497
114 189
326 288
79 269
470 56
333 165
226 314
222 339
453 106
215 323
135 286
10 177
160 423
409 142
314 231
162 37
365 120
308 127
121 290
172 242
139 121
312 454
350 246
56 150
230 1
491 290
205 361
333 420
58 308
224 431
364 66
491 321
306 260
59 209
178 157
290 333
426 334
306 62
434 142
440 259
23 406
82 119
117 81
410 16
279 266
237 444
145 352
330 217
407 168
109 122
438 35
363 481
163 434
208 495
110 164
362 124
431 414
317 101
336 106
19 214
10 261
282 246
288 80
270 477
258 491
128 268
293 196
495 114
306 414
174 290
497 210
255 70
21 281
495 387
183 437
215 346
138 316
140 395
152 335
319 67
101 74
16 51
293 310
6 20
359 239
52 21
297 85
160 239
211 367
330 91
112 452
332 155
108 222
11 297
78 18
235 220
66 61
456 440
65 473
135 345
230 70
289 317
306 350
231 467
147 258
142 389
174 364
42 280
453 184
10 335
85 263
175 456
152 19
464 115
415 212
184 90
354 212
228 412
464 270
218 104
320 78
284 174
470 254
458 300
494 214
33 333
242 17
163 230
159 428
477 80
268 389
174 252
271 303
166 465
191 176
20 215
187 74
118 317
342 313
394 427
22 431
413 73
74 181
408 114
397 478
147 252
59 445
481 435
378 27
412 77
76 20
424 131
225 122
89 235
422 357
289 44
338 396
137 194
440 451
12 111
200 61
237 307
240 375
469 314
43 127
62 16
449 88
225 86
137 474
402 25
113 24
267 120
126 468
62 27
331 48
238 375
163 355
373 469
9 394
101 199
346 379
409 476
353 57
217 112
124 327
99 86
197 106
119 240
333 134
286 463
183 96
458 186
126 43
154 85
379 7
51 402
32 318
383 497
287 13
250 251
317 245
76 11
113 274
125 301
50 64
297 205
466 99
234 56
238 178
76 425
453 323
70 317
23 191
248 339
407 47
411 375
442 264
294 386
74 176
39 336
184 52
376 396
194 373
493 294
149 355
489 126
434 74
362 348
263 483
32 306
492 70
334 43
3 458
262 349
1 179
273 452
394 461
340 295
244 454
257 300
352 461
2 79
138 362
77 491
47 192
300 425
160 221
387 492
2 127
35 200
433 293
417 412
251 495
236 228
493 49
481 232
275 54
178 195
384 417
106 93
181 104
228 144
295 300
364 128
397 282
125 474
150 337
151 415
489 402
386 450
71 66
174 406
179 21
257 352
77 71
344 2
225 277
441 306
118 486
245 149
305 134
475 311
218 496
433 489
227 378
25 43
485 352
124 429
283 116
447 102
435 71
55 490
251 343
471 183
19 336
375 55
35 333
144 200
472 330
1 71
404 475
237 474
149 371
260 426
319 61
404 280
5 197
259 419
473 24
53 149
474 370
102 100
402 99
432 369
243 472
180 329
253 132
94 315
461 194
112 48
484 143
5 131
118 50
436 320
126 121
67 355
329 332
121 29
110 122
385 418
35 322
92 439
407 261
337 344
388 273
243 333
373 472
354 333
471 400
151 247
27 270
295 419
471 21
364 338
86 451
175 279
20 236
458 339
155 172
461 209
237 406
280 340
194 218
471 35
131 40
104 350
42 64
278 39
73 297
256 121
104 470
49 128
346 66
384 134
325 122
58 391
386 383
52 333
339 334
476 497
298 109
187 101
157 13
16 214
412 39
359 380
32 37
83 272
144 412
350 184
167 446
400 367
361 423
270 198
400 319
200 366
373 315
294 97
497 333
474 4
477 469
65 400
21 322
363 315
433 386
191 448
431 357
259 319
148 315
312 440
58 344
2 6
149 480
372 221
211 111
138 119
431 384
71 130
89 394
263 333
446 306
374 245
414 371
7 391
483 233
274 233
208 304
289 50
30 137
103 371
144 227
350 358
489 471
146 482
13 489
112 378
428 281
195 235
358 217
178 71
120 124
202 423
396 267
83 462
42 481
253 298
148 436
148 157
122 131
275 43
477 416
268 408
409 310
309 88
278 184
430 172
359 247
436 371
408 10
202 422
198 87
265 194
127 339
132 384
109 49
487 436
253 98
101 354
335 377
333 177
184 346
208 130
17 341
281 353
245 477
440 103
352 447
106 264
91 102
117 264
446 331
38 436
111 108
198 325
391 44
209 0
344 300
9 33
321 323
48 291
125 336
305 204
31 291
99 37
485 94
388 39
25 66
88 0
39 133
402 177
435 270
40 86
39 29
389 410
389 117
23 146
413 49
387 213
382 63
441 431
334 182
32 408
257 312
252 330
59 69
160 123
458 443
9 175
30 303
250 403
449 475
118 191
331 298
321 177
41 368
154 213
414 95
371 479
354 48
65 287
418 456
428 105
214 482
380 104
488 72
312 371
368 265
330 151
80 206
316 93
119 430
302 487
165 173
118 276
209 291
343 345
408 263
4 291
462 91
11 340
393 33
479 310
493 449
15 398
322 267
304 386
487 457
351 179
212 18
189 55
117 7
396 125
306 496
458 144
226 162
66 301
358 106
209 334
434 118
279 181
416 114
171 398
141 277
99 220
219 295
119 475
22 371
381 321
498 208
178 337
156 258
270 321
275 245
38 237
107 158
47 243
288 235
212 177
412 431
33 432
338 55
487 151
46 368
6 14
79 168
463 252
342 190
425 455
464 498
316 87
98 21
67 131
15 250
474 178
326 313
106 242
33 453
133 243
202 263
350 79
497 39
255 203
327 397
133 30
403 391
406 123
414 374
10 116
157 418
491 256
113 438
80 100
482 418
323 375
223 239
298 360
8 314
325 5
20 263
52 388
98 490
156 101
340 183
342 187
325 483
380 495
97 343
325 346
318 323
17 482
29 46
473 135
139 131
267 451
461 24
457 286
449 371
339 268
419 18
396 126
180 190
69 31
311 128
94 494
235 88
273 444
36 274
180 384
107 313
92 381
483 381
446 492
48 14
247 25
228 133
472 333
419 234
317 258
264 227
398 247
401 21
135 370
233 372
497 276
179 86
399 68
498 131
455 366
196 298
214 496
438 306
441 465
345 381
165 357
367 150
52 324
478 306
309 454
473 210
133 183
83 260
446 248
173 434
211 316
71 252
371 193
370 150
194 41
83 228
260 277
62 215
249 223
110 137
331 465
67 326
326 194
181 70
82 411
167 169
152 89
426 439
281 498
349 259
471 321
21 189
174 228
212 185
319 299
352 277
399 470
404 211
137 7
423 398
285 498
428 137
242 36
179 215
489 306
191 429
242 7
196 226
145 373
287 342
67 477
203 448
360 427
445 423
197 366
162 10
279 425
430 107
4 209
461 28
469 139
382 420
84 452
297 396
6 460
281 342
147 361
2 422
278 431
411 248
421 350
211 157
460 38
204 289
16 8
73 336
412 312
418 274
489 175
443 63
167 417
430 414
195 330
301 294
143 281
19 407
48 52
74 148
415 75
475 136
440 189
492 281
384 147
428 269
183 85
55 67
379 392
117 223
300 213
429 435
440 486
210 102
49 270
285 413
307 396
262 167
416 47
98 144
466 481
148 72
482 377
333 162
471 130
244 497
429 47
194 293
47 83
269 318
81 145
352 219
14 319
132 352
289 43
359 366
295 2
68 426
35 247
163 413
204 252
335 159
35 22
499 482
443 269
273 464
108 201
314 97
319 450
243 394
176 349
51 57
284 94
347 435
166 419
199 284
365 92
394 332
144 328
405 400
433 241
455 40
171 408
170 284
452 448
362 42
197 254
147 265
444 474
96 276
447 368
464 289
497 164
126 60
243 327
406 422
311 96
283 496
144 442
56 477
102 252
483 12
408 409
314 229
329 302
129 484
382 438
236 31
424 204
483 375
148 178
56 224
145 219
231 103
109 84
235 75
23 387
166 258
350 103
84 451
109 259
104 419
382 49
405 196
178 229
427 413
90 265
62 159
453 174
112 13
461 242
205 214
134 345
462 229
48 382
386 73
412 437
161 407
343 34
169 116
399 486
33 279
142 87
402 116
464 297
423 218
418 13
28 464
126 228
76 335
58 160
249 302
19 457
132 414
344 360
276 482
260 318
14 356
81 338
302 495
24 472
494 462
331 296
333 441
246 346
75 242
292 123
182 441
464 404
435 24
70 205
29 349
242 105
121 45
276 300
463 58
222 22
426 472
312 60
444 124
441 262
191 343
215 149
166 378
317 55
469 173
34 178
114 58
194 178
333 89
172 340
302 453
299 242
358 73
455 214
226 200
94 207
376 411
99 38
215 266
322 112
367 298
498 450
53 448
25 317
458 395
331 373
281 217
390 495
335 264
332 310
209 463
104 296
341 206
125 174
283 475
298 86
266 145
454 339
357 10
166 382
402 375
61 326
27 76
23 458
28 302
478 60
80 352
226 342
270 111
341 392
218 459
165 271
76 266
91 223
491 78
213 428
459 24
381 124
305 85
287 253
194 492
146 61
12 412
349 283
3 264
212 31
27 474
82 377
289 113
286 143
78 427
418 182
401 363
290 413
170 243
95 65
363 174
108 191
361 339
396 478
81 324
316 325
460 121
14 475
403 330
440 34
484 337
113 284
292 391
315 457
465 203
125 136
97 329
332 107
217 88
443 304
383 346
375 245
220 94
432 170
24 13
191 308
456 467
379 368
34 460
389 433
263 462
341 148
59 419
234 11
322 269
303 248
0 250
5 264
374 227
386 47
372 347
446 199
59 407
259 487
242 471
184 433
157 161
24 428
243 151
57 267
260 456
462 373
382 437
106 294
315 174
419 425
395 183
438 393
372 125
101 49
418 279
211 106
95 406
437 110
370 226
243 416
97 284
388 452
430 91
472 125
198 21
259 337
315 488
22 201
429 286
87 186
241 346
270 482
379 119
353 153
382 263
86 261
497 370
275 2
449 286
44 197
0 269
190 447
233 5
481 248
477 317
305 84
201 351
35 46
33 165
135 116
275 222
339 247
20 492
216 357
317 115
333 169
432 257
461 290
173 224
283 366
261 441
372 197
359 450
321 339
218 480
402 110
173 387
348 236
62 58
-1 -1 -1 -1 -1 43592 -1 6659 -1 -1 31557 1319 -1 15659 -1 -1 41974 -1 31945 -1 36470 1005 24669 62275 -1 -1 -1 34185 -1 -1 -1 -1 -1 -1 -1 -1 -1 -1 -1 -1 -1 -1 -1 -1 -1 -1 -1 -1 -1 41453 -1 -1 -1 -1 -1 -1 -1 40870 -1 17872 -1 59657 -1 -1 -1 -1 -1 -1 15142 -1 -1 -1 15145 -1 -1 60378 -1 -1 -1 -1 -1 63378 -1 -1 -1 -1 -1 -1 -1 -1 -1 -1 -1 -1 -1 56090 -1 -1 28525 -1 -1 -1 -1 -1 -1 -1 -1 -1 9656 -1 -1 -1 -1 -1 -1 -1 -1 -1 6922 -1 -1 -1 13745 -1 -1 -1 -1 -1 -1 -1 53531 -1 -1 -1 -1 50081 -1 -1 -1 22048 -1 -1 -1 -1 -1 -1 44898 -1 62790 45002 -1 39842 -1 -1 -1 -1 -1 65322 -1 33403 -1 -1 -1 -1 -1 20986 -1 -1 -1 -1 -1 30776 -1 -1 -1 39804 -1 -1 -1 6544 -1 -1 -1 -1 -1 -1 -1 -1 -1 -1 -1 -1 -1 46332 -1 -1 -1 -1 14664 42 53440 -1 -1 -1 -1 -1 -1 -1 -1 47738 -1 -1 -1 20515 -1 -1 -1 -1 36609 -1 -1 -1 -1 -1 -1 -1 -1 -1 -1 -1 17772 -1 -1 37686 56057 33127 -1 -1 -1 42346 -1 64341 13161 -1 36718 -1 -1 57245 -1 -1 -1 -1 -1 -1 -1 -1 -1 -1 60137 5195 60423 -1 -1 -1 -1 -1 6521 -1 27538 -1 -1 -1 -1 -1 -1 -1 -1 32015 -1 -1 6175 -1 -1 -1 -1 -1 -1 -1 -1 -1 -1 -1 -1 -1 -1 -1 -1 -1 -1 -1 47194 1531 -1 -1 -1 -1 9691 -1 -1 -1 -1 -1 37188 -1 -1 -1 64345 -1 4225 -1 52311 -1 58295 -1 -1 -1 -1 -1 -1 -1 -1 -1 -1 -1 -1 -1 -1 22118 -1 55044 28938 15512 -1 31521 56560 -1 -1 -1 -1 -1 -1 -1 9232 -1 -1 -1 -1 2095 11248 52494 -1 -1 -1 -1 -1 -1 -1 -1 13946 -1 42260 -1 57847 -1 -1 30095 53966 -1 55336 -1 -1 -1 64735 -1 -1 -1 -1 -1 -1 23356 -1 -1 36113 -1 2256 -1 -1 59613 -1 -1 -1 63859 40593 -1 -1 -1 -1 -1 -1 60478 -1 -1 -1 -1 -1 -1 -1 -1 44780 64495 -1 -1 -1 -1 -1 -1 -1 -1 -1 -1 -1 -1 -1 -1 -1 54553 20967 -1 -1 4559 -1 -1 -1 -1 -1 32961 36568 53059 -1 -1 -1 -1 -1 -1 -1 -1 -1 -1 21663 -1 -1 62824 -1 -1 -1 -1 27342 -1 -1 -1 -1 -1 -1 -1 -1 -1 -1 49806 -1 62678 -1 -1 -1 -1 -1 55406 -1 -1 6657 -1 -1 -1 -1 -1 -1 -1 -1 -1 -1 27029
10
1 318 8 309 6
1 160 0 115 15
1 417 12 167 11
1 44 13 99 15
0 161 13 100 0
1 149 8 27 5
1 249 3 203 4
1 13 2 157 15
0 257 0 100 8
0 154 0 63 0
