500 2000
260 156
79 495
95 2
352 399
106 484
332 83
199 393
471 269
410 225
435 345
19 405
488 281
398 230
253 214
370 310
440 143
458 15
43 58
130 150
274 406
280 92
467 19
165 255
389 294
71 259
281 23
307 229
305 85
331 199
270 346
382 487
384 85
120 378
119 325
267 406
345 325
311 308
219 321
258 470
366 273
263 228
190 141
173 309
152 239
371 45
118 138
47 292
237 308
228 445
67 280
100 353
220 374
306 119
382 5
269 156
366 308
468 222
453 267
375 164
49 486
438 197
33 151
399 159
35 208
127 441
48 379
16 6
105 84
464 149
157 405
120 453
374 472
135 153
182 43
224 240
179 46
64 251
83 398
43 463
104 328
4 277
485 80
212 225
428 379
82 130
190 343
475 20
368 421
369 407
391 399
189 266
195 37
161 376
380 283
298 458
220 313
210 42
445 134
484 456
66 34
297 227
400 231
326 441
301 221
363 213
248 393
53 277
437 21
64 348
169 40
281 43
212 198
76 419
94 89
208 82
41 274
298 483
1 145
142 397
157 372
395 226
154 25
401 120
291 289
31 108
96 156
208 15
40 368
383 451
447 402
275 65
11 218
260 318
306 282
439 239
309 388
143 282
43 354
35 247
365 488
382 352
2 466
188 212
340 335
483 496
336 450
265 72
160 154
215 319
290 191
359 314
50 313
273 475
39 354
452 404
44 287
3 2
58 56
83 85
210 453
129 257
225 240
365 286
456 199
92 189
151 224
205 217
371 127
8 61
41 298
173 410
376 455
409 396
282 438
337 191
420 217
200 458
15 60
208 168
213 383
228 433
273 441
85 75
289 436
331 97
449 312
183 324
210 226
241 434
419 368
184 220
130 233
474 182
277 208
100 43
498 63
212 93
479 325
366 87
34 464
231 446
292 213
205 497
8 208
199 496
452 204
0 471
299 134
59 313
270 21
71 371
111 270
48 253
285 416
21 82
269 99
235 103
344 111
497 426
446 490
31 259
381 84
228 488
182 128
467 232
466 286
14 461
452 263
183 382
128 288
418 210
342 189
96 69
244 153
73 468
166 261
153 444
316 334
99 384
22 487
284 472
19 374
407 467
317 453
67 10
319 112
411 111
197 392
52 454
137 342
132 250
312 474
46 141
76 399
12 48
345 17
400 18
12 44
88 118
359 430
332 225
479 326
392 379
6 154
246 76
159 473
271 193
237 9
469 423
359 251
302 334
47 298
425 142
223 441
9 455
11 105
113 448
495 152
31 99
479 360
325 178
270 307
310 252
441 282
105 342
126 59
38 424
480 227
100 281
492 484
248 270
21 210
420 5
429 65
357 409
485 408
298 417
313 356
255 198
100 199
31 90
110 141
386 110
40 71
321 481
29 81
14 486
104 220
380 159
262 430
14 51
17 228
304 241
471 3
326 30
388 38
297 266
246 427
351 358
104 442
106 327
86 188
113 63
52 312
449 394
18 194
396 311
225 378
53 155
287 174
321 214
489 38
62 237
122 212
70 423
348 274
376 120
147 100
0 103
97 349
333 221
423 360
206 151
245 171
447 373
421 277
343 142
228 25
479 205
314 387
489 337
464 414
54 150
100 469
181 3
135 374
103 483
251 411
487 203
455 436
403 410
286 237
27 237
422 5
332 237
124 162
179 230
116 172
8 10
195 389
248 279
466 98
234 163
391 27
348 397
420 375
237 353
360 35
143 63
348 268
466 468
73 83
129 64
495 275
200 204
345 167
154 358
239 325
55 82
274 293
294 331
374 352
352 306
248 317
346 354
396 324
131 283
75 229
316 33
361 302
342 424
219 406
493 384
410 62
330 491
488 179
62 6
372 159
491 485
178 345
218 308
53 188
93 111
484 428
20 32
135 376
14 178
174 148
310 411
376 410
450 211
314 131
40 384
306 245
232 1
188 46
329 62
359 344
27 204
329 291
322 272
114 469
120 403
324 9
300 336
434 379
82 65
224 267
370 84
262 234
303 213
76 462
465 56
189 233
153 251
486 88
293 418
410 44
309 425
476 288
362 128
380 329
472 153
481 183
307 104
251 169
420 458
248 36
151 112
164 170
29 314
113 282
478 96
101 43
429 376
456 326
310 195
20 207
404 102
87 334
434 220
67 360
89 166
110 13
76 77
116 108
59 92
211 185
490 312
161 258
474 230
98 304
240 465
103 395
19 266
319 220
474 429
16 363
478 338
305 115
402 86
13 177
477 308
153 261
230 405
163 215
48 228
203 470
149 471
367 183
312 468
449 300
376 35
310 26
193 29
373 119
422 298
387 96
16 374
440 347
201 268
409 40
93 356
201 444
337 342
284 130
90 394
266 467
279 470
429 238
156 323
384 377
78 435
351 175
71 468
200 137
297 404
210 483
111 448
422 188
273 44
107 188
342 365
159 52
109 168
313 366
205 42
193 317
52 459
332 326
289 99
414 415
113 48
91 479
254 21
451 361
151 217
172 74
196 301
118 181
375 7
20 160
448 164
109 123
457 140
241 209
148 203
390 471
267 426
484 97
334 257
19 269
202 133
32 117
422 121
124 405
354 198
344 406
172 190
236 114
329 496
452 57
47 413
337 340
91 425
82 243
326 310
337 263
205 206
19 494
187 142
157 216
23 439
382 232
53 221
89 305
449 496
499 333
394 270
251 262
361 456
215 339
20 230
368 73
265 173
317 25
251 122
370 360
155 338
321 34
479 119
341 329
142 476
66 27
401 23
318 366
203 124
311 157
333 496
324 468
89 227
225 195
391 90
484 406
469 443
293 469
77 483
345 416
401 425
112 194
22 112
306 176
10 241
218 115
413 398
427 337
53 306
222 290
163 411
231 416
255 289
487 324
390 252
52 429
195 334
229 274
24 179
423 102
280 303
112 105
76 121
306 494
241 194
479 476
422 86
407 3
101 453
339 467
367 77
49 68
330 23
390 39
223 54
293 377
353 163
260 399
105 305
239 395
123 226
167 135
334 182
126 301
67 24
410 396
311 428
53 412
379 161
209 122
101 224
128 118
216 110
230 291
305 490
300 166
208 216
365 64
209 394
452 488
114 193
193 365
425 314
180 363
350 495
432 299
137 344
489 497
403 313
288 10
438 399
353 114
361 237
420 232
81 1
494 455
367 417
158 468
17 414
53 486
107 295
359 1
314 124
83 325
261 412
474 122
114 223
4 59
278 489
371 492
376 480
36 253
200 172
364 228
81 430
75 394
248 26
495 362
89 85
80 223
237 200
103 341
448 62
40 27
313 261
236 345
371 353
47 137
111 464
158 409
298 212
499 182
485 26
188 209
428 41
143 137
42 271
261 120
289 370
315 401
165 235
230 32
402 147
401 459
466 342
199 170
84 130
312 102
1 378
422 291
489 199
423 403
150 382
418 242
199 131
396 76
395 365
274 79
343 211
364 310
450 97
370 444
445 92
465 383
138 317
100 325
71 312
498 71
2 216
119 163
178 29
267 187
249 301
410 170
237 37
265 449
309 473
173 430
458 282
443 242
446 66
460 382
218 126
205 260
262 415
274 417
400 319
136 264
114 487
358 24
36 495
40 386
129 151
278 435
74 140
337 433
329 391
487 429
241 137
33 465
300 454
134 330
366 301
34 188
46 230
480 305
454 214
434 330
437 405
124 11
11 264
107 480
323 492
167 348
84 70
261 474
284 39
163 364
98 54
325 108
329 458
246 100
15 397
62 426
454 366
86 91
394 198
364 410
23 28
346 108
431 427
52 293
7 447
235 55
246 418
34 120
108 272
351 294
112 368
388 234
243 499
155 12
315 241
397 45
50 67
36 403
182 224
117 489
330 282
473 356
104 390
86 262
6 44
35 248
49 442
485 473
266 24
83 167
314 406
438 173
117 430
231 234
100 28
94 326
54 400
461 259
398 474
374 386
67 289
317 436
306 102
295 459
400 203
47 75
110 332
399 95
91 61
206 445
225 424
53 44
136 32
284 231
353 412
211 402
166 292
176 407
87 40
344 429
268 27
396 259
65 456
37 43
441 174
7 186
284 429
474 181
57 480
159 81
83 32
479 23
243 90
485 231
121 42
93 329
71 457
497 10
39 45
26 212
426 456
90 345
357 97
347 264
13 476
323 218
345 53
35 354
237 146
147 326
208 352
185 475
128 487
343 450
137 234
220 341
336 86
409 84
213 138
475 405
116 232
250 161
407 355
168 403
313 365
43 476
286 451
335 456
190 447
161 221
88 57
496 350
317 434
100 115
142 499
344 200
172 19
200 325
401 476
254 134
167 105
272 62
487 32
67 186
459 41
80 390
132 148
83 263
339 305
99 262
410 137
0 178
126 235
457 315
170 341
489 362
411 383
310 352
128 337
261 88
9 118
29 198
276 281
395 397
104 319
250 428
187 328
198 331
102 69
290 384
221 200
288 286
61 89
119 279
468 243
269 224
251 160
102 457
280 254
371 439
104 111
45 415
333 368
457 475
424 385
397 490
365 489
264 193
442 402
383 314
88 73
466 326
376 302
188 141
410 330
208 33
420 213
196 362
146 349
261 155
452 191
176 10
184 75
0 235
495 113
325 228
428 109
367 291
223 12
486 474
97 110
241 424
266 254
362 272
215 468
77 476
223 137
102 431
488 23
44 397
98 241
132 319
154 243
253 352
198 32
448 182
122 332
94 41
84 483
470 0
393 361
273 122
334 321
496 122
43 478
171 174
236 268
140 50
366 18
277 217
123 1
132 24
97 475
55 465
39 170
254 251
377 209
118 387
481 317
387 354
216 401
434 456
420 431
424 264
49 487
467 341
410 450
452 316
129 210
184 266
197 340
345 358
198 121
33 76
496 0
430 385
235 12
259 91
446 413
239 474
483 156
377 39
439 121
320 79
283 148
332 172
229 34
22 386
226 136
36 345
328 72
175 402
337 8
495 299
254 123
253 139
121 357
312 143
278 385
286 461
77 416
174 476
55 439
266 407
396 0
363 176
436 281
452 346
243 493
382 236
425 396
276 427
75 347
197 422
255 66
163 159
408 249
209 430
73 173
348 79
149 61
29 146
80 426
240 110
142 65
200 276
56 486
352 84
15 351
360 458
373 385
407 80
304 422
439 156
64 210
384 143
182 18
220 143
326 269
420 109
167 149
125 471
310 208
341 11
404 359
106 158
119 239
66 268
485 332
233 234
253 12
348 432
200 299
484 89
240 9
288 304
469 115
379 99
263 246
440 278
365 18
182 296
421 79
12 364
203 474
180 157
387 159
243 421
191 435
364 251
432 200
248 499
244 104
70 356
326 286
142 233
200 336
429 175
424 207
171 258
333 290
188 82
179 409
418 165
439 119
11 486
286 463
30 114
437 230
300 171
379 55
214 83
474 69
274 408
296 193
80 474
53 413
105 313
340 304
117 204
215 274
267 93
347 296
8 44
389 344
82 56
212 147
120 268
209 203
10 43
390 311
53 484
440 465
283 87
248 238
461 154
342 69
481 486
343 96
335 419
467 138
33 214
354 443
17 484
205 424
499 439
294 254
92 493
335 2
134 334
493 286
108 162
497 245
80 479
47 181
49 100
311 26
403 222
463 225
123 225
124 7
402 298
242 90
147 174
133 20
494 426
195 250
212 256
431 376
18 230
413 69
50 419
296 474
238 66
87 328
154 141
353 411
316 184
160 109
466 311
8 395
397 232
132 80
52 360
498 27
113 482
451 82
418 290
288 297
202 358
132 308
468 366
223 214
428 148
36 246
117 38
302 248
349 422
147 451
363 300
385 443
258 204
179 81
348 349
123 99
334 295
174 24
203 361
111 394
43 144
6 270
424 72
300 401
436 112
339 283
50 258
313 17
240 14
240 282
107 391
252 165
235 92
234 319
431 127
106 235
495 311
101 82
416 318
163 427
390 404
72 294
158 4
211 96
350 99
216 451
179 211
397 262
242 205
148 447
349 33
80 118
410 344
485 400
406 262
378 444
234 63
299 150
487 145
243 278
21 274
317 153
107 25
323 344
235 139
192 185
404 230
391 49
75 108
436 154
254 496
242 309
239 488
146 306
455 333
399 175
358 44
326 372
227 83
181 256
88 360
97 108
340 1
68 400
142 459
232 133
389 259
303 201
400 439
140 233
33 148
305 159
107 166
422 8
36 494
293 173
29 431
383 144
303 98
312 411
284 303
343 449
239 341
102 180
468 441
167 22
476 59
63 455
158 330
261 290
199 138
449 379
392 255
104 12
412 433
435 354
317 143
301 185
382 174
7 313
25 226
47 330
219 434
474 476
173 371
57 165
225 247
145 17
239 194
343 191
138 278
379 454
259 360
481 253
394 158
313 2
155 83
42 116
170 397
455 106
3 39
183 398
154 347
358 41
110 353
108 184
94 324
289 177
243 414
170 492
387 172
330 267
237 285
463 152
176 70
152 7
477 396
360 148
184 134
126 22
224 426
105 249
397 4
392 99
44 485
460 154
99 216
5 255
161 488
270 233
414 136
165 24
470 184
44 444
353 477
145 233
136 31
347 143
97 468
439 54
297 169
85 430
274 344
399 29
171 14
70 392
41 65
108 57
44 83
271 469
93 495
491 382
441 121
394 462
259 132
245 353
315 411
40 337
201 160
97 395
116 241
47 10
185 271
134 340
270 158
149 117
285 286
161 60
57 365
439 103
15 248
3 361
130 154
55 162
50 327
470 121
55 332
141 158
18 221
91 314
66 396
445 108
184 379
424 415
366 227
92 289
115 277
303 221
266 161
405 318
118 300
154 419
220 437
11 188
110 434
398 209
444 166
237 160
467 409
223 367
457 431
449 90
133 349
358 124
232 457
334 243
453 102
454 455
117 260
99 203
331 46
288 261
148 13
99 308
176 356
441 149
88 87
278 2
306 433
114 323
24 499
286 121
378 428
333 209
370 144
343 7
99 457
168 370
172 402
300 345
204 374
434 121
410 289
2 181
197 296
3 236
195 106
353 426
400 270
310 67
189 479
170 165
317 176
45 437
366 1
84 29
358 269
181 358
123 461
181 264
281 189
264 380
203 235
36 401
186 373
440 164
215 398
423 76
197 166
325 236
381 239
248 371
117 107
382 370
27 54
487 257
100 432
205 356
12 122
22 334
35 486
176 315
287 159
346 205
338 424
84 293
224 207
105 148
282 233
156 150
203 372
310 135
387 391
164 50
165 425
269 219
391 11
132 86
379 277
10 212
185 38
322 302
21 35
433 360
7 329
5 117
351 262
493 256
251 285
348 225
491 194
337 405
404 234
499 269
168 10
415 107
280 476
193 104
251 369
42 60
108 291
261 75
14 200
442 8
342 122
249 166
318 116
117 13
394 66
236 485
164 328
264 244
174 45
93 359
313 190
305 141
301 338
302 129
322 222
388 210
436 358
405 23
168 39
399 458
393 319
89 393
151 236
44 315
146 446
81 170
383 321
109 485
468 7
460 232
367 275
127 276
296 170
419 21
172 146
350 323
201 36
260 129
112 54
82 49
146 125
82 343
234 433
54 62
282 402
53 340
332 496
70 171
37 363
199 474
469 251
457 339
19 348
14 191
2 293
120 151
368 499
29 494
347 78
224 345
445 103
105 257
9 46
440 52
121 82
325 15
475 290
212 261
449 436
241 242
159 308
378 255
266 299
226 34
423 481
300 198
364 487
467 349
153 98
288 493
80 308
65 404
58 456
455 362
224 0
148 284
228 22
328 300
409 494
356 412
162 339
451 226
280 0
252 44
426 41
117 234
435 314
350 58
280 202
285 72
481 450
12 307
274 63
215 315
359 392
6 254
28 313
251 424
485 447
373 153
359 268
18 10
109 147
2 172
456 421
154 31
141 380
39 459
169 423
281 405
368 277
276 178
165 400
335 455
91 320
335 299
83 382
278 393
11 108
238 409
85 252
372 289
347 286
279 485
458 265
78 382
351 283
343 170
499 95
194 260
41 57
462 87
404 285
279 404
305 349
427 144
73 13
334 114
203 465
91 305
181 199
412 231
259 218
176 459
198 247
93 55
348 382
15 113
330 228
7 60
154 41
367 398
249 269
459 354
20 362
89 430
344 454
195 365
264 318
442 219
76 345
470 205
125 118
400 480
20 91
414 447
216 30
117 243
345 391
136 164
449 136
344 331
4 453
488 302
286 389
274 327
398 111
91 11
366 112
45 419
421 330
325 488
95 150
124 169
122 441
196 428
487 408
347 492
391 211
94 88
371 296
462 417
337 367
92 453
236 404
430 289
354 229
93 275
408 65
12 177
448 1
254 296
233 195
100 273
105 357
174 136
80 64
449 167
181 243
322 186
176 63
367 274
490 273
459 350
31 473
278 273
94 338
291 69
94 311
290 36
359 67
236 208
357 248
207 256
0 315
410 145
134 442
351 325
79 194
495 231
418 198
235 427
403 104
245 298
37 24
341 143
471 336
286 117
26 93
235 428
283 354
414 239
292 215
267 48
358 372
317 379
353 27
422 41
247 455
130 247
63 304
287 429
483 304
373 355
301 26
21 147
279 96
25 112
293 426
342 392
380 369
138 445
314 200
127 235
45 210
465 230
249 455
446 5
8 311
273 392
313 333
133 130
105 496
98 185
371 202
329 455
301 294
242 212
441 347
383 263
284 1
437 119
364 8
65 488
107 450
308 154
268 336
438 232
349 185
127 496
123 386
192 145
109 268
415 342
16 21
250 348
333 83
384 181
272 350
429 477
108 382
141 338
34 490
212 461
85 461
136 79
210 351
375 119
177 390
319 3
23 114
75 361
136 450
419 131
86 279
275 289
206 57
89 347
246 239
90 320
4 316
83 22
148 122
231 43
184 61
133 5
185 433
361 255
100 449
351 235
470 252
15 337
23 56
451 273
181 411
189 328
281 290
176 62
268 341
181 262
121 221
255 316
51 434
376 486
458 376
72 188
226 201
365 269
188 477
487 269
166 304
133 228
30 96
424 318
453 248
382 461
291 116
336 184
199 338
224 449
110 273
106 198
166 278
76 376
251 83
33 344
295 408
10 97
483 409
264 431
128 52
57401 -1 -1 -1 51404 -1 -1 -1 -1 25253 -1 -1 -1 20923 -1 -1 -1 -1 -1 -1 -1 -1 -1 14552 41321 -1 -1 18942 63718 -1 -1 -1 -1 -1 -1 -1 25003 -1 -1 7547 4509 -1 -1 63484 23022 14011 -1 -1 -1 -1 16507 -1 -1 -1 -1 -1 -1 -1 -1 -1 -1 -1 -1 -1 -1 -1 -1 -1 -1 -1 -1 6937 -1 41710 -1 -1 -1 49481 -1 -1 3645 -1 -1 -1 -1 -1 -1 -1 -1 -1 -1 -1 18718 -1 -1 20818 -1 40260 -1 -1 -1 -1 -1 -1 2131 -1 -1 17996 -1 -1 -1 -1 -1 -1 -1 -1 23438 14847 -1 16480 54556 -1 -1 -1 -1 -1 12346 8820 -1 -1 -1 -1 -1 -1 -1 -1 -1 -1 -1 -1 -1 49951 4401 -1 -1 2873 -1 -1 -1 -1 -1 4275 -1 57798 20465 -1 56940 -1 65271 43286 -1 -1 -1 -1 65525 -1 -1 -1 -1 34881 -1 -1 26327 -1 -1 -1 32462 -1 -1 -1 -1 -1 -1 -1 -1 -1 -1 -1 -1 -1 33590 -1 -1 48942 -1 -1 -1 -1 -1 -1 -1 -1 -1 -1 -1 46344 -1 -1 -1 -1 -1 -1 62934 -1 31169 -1 -1 -1 -1 -1 33907 8130 -1 -1 -1 45377 37670 -1 37913 48516 -1 -1 -1 4417 -1 -1 -1 -1 -1 -1 -1 -1 -1 -1 -1 31635 37433 -1 -1 13673 -1 -1 -1 -1 -1 -1 -1 64665 -1 -1 -1 -1 -1 -1 -1 -1 -1 -1 -1 -1 -1 -1 -1 -1 -1 -1 9391 -1 -1 -1 -1 -1 -1 -1 -1 -1 52964 -1 -1 -1 -1 -1 33797 -1 -1 -1 -1 -1 47179 -1 -1 -1 -1 -1 -1 -1 -1 -1 -1 -1 43633 -1 -1 24724 -1 47645 -1 18731 -1 -1 -1 -1 -1 -1 -1 -1 -1 -1 -1 -1 -1 50776 -1 -1 -1 -1 -1 -1 59294 -1 -1 -1 -1 -1 57009 -1 -1 -1 -1 -1 -1 33250 -1 -1 -1 60723 41453 -1 -1 -1 40467 -1 61015 -1 -1 -1 -1 20929 -1 -1 -1 -1 -1 -1 26910 -1 30600 -1 34039 -1 -1 -1 -1 -1 55979 60893 -1 -1 -1 1699 -1 -1 -1 -1 -1 -1 -1 -1 -1 -1 -1 -1 -1 -1 -1 -1 -1 -1 -1 -1 -1 -1 -1 65342 -1 -1 -1 61103 -1 -1 50764 1789 -1 -1 -1 60474 -1 -1 -1 126 63670 -1 -1 -1 -1 -1 -1 -1 -1 -1 -1 29877 -1 -1 60192 -1 -1 -1 -1 -1 -1 -1 -1 57173 21028 43410 -1 60142 -1 -1 20452 -1 58061 -1 18632 -1 -1 -1 -1 -1 56795 -1 12116 -1 35449 -1 -1 14512 -1 -1 -1 36797 -1 -1 -1 -1 27545 -1 -1 -1 -1 -1 -1 14825 -1 -1 -1 -1 -1 -1
7
1 96 8 461 15
1 498 5 486 14
0 274 14 123 14
1 371 4 124 6
1 373 15 442 10
1 116 0 378 9
0 202 10 322 7
