500 2000
238 198
376 186
412 56
38 207
145 119
158 353
366 89
109 264
82 266
334 208
450 365
445 82
388 161
187 322
409 390
281 142
306 438
453 496
338 448
160 43
331 104
118 165
55 178
483 136
465 452
27 445
58 237
261 72
485 385
27 36
183 130
337 201
144 479
497 427
185 60
477 109
432 326
116 22
489 280
369 389
78 178
108 336
460 25
171 163
327 458
182 89
85 353
336 185
371 280
207 436
413 151
188 339
497 421
17 44
392 85
280 419
114 267
222 287
377 420
48 79
98 115
242 33
60 90
136 386
466 103
400 366
183 67
311 281
348 184
357 408
29 369
178 403
185 286
199 10
294 485
240 450
385 85
105 438
321 395
27 140
332 171
298 200
144 57
487 398
492 280
126 198
14 273
183 61
126 79
281 457
89 83
426 174
349 486
134 84
174 54
193 232
365 423
186 69
4 186
43 328
331 445
425 297
76 189
85 150
43 118
279 211
229 433
205 97
476 228
131 477
334 18
247 332
49 70
67 18
494 12
198 74
206 87
101 289
309 214
209 340
329 166
417 494
53 372
258 98
125 131
174 289
350 251
1 214
242 335
131 92
272 310
281 6
342 329
241 294
247 263
205 99
111 432
317 257
319 147
57 425
170 381
294 316
0 447
379 156
267 393
338 116
142 332
67 3
13 240
14 497
252 407
63 379
296 269
386 293
434 205
375 77
130 488
423 95
161 252
138 331
454 118
162 133
461 330
314 53
316 50
268 146
203 441
111 20
339 153
153 229
77 32
349 445
181 158
83 259
91 220
364 426
235 496
118 159
236 174
10 168
136 364
14 103
227 215
341 431
230 154
89 152
434 116
207 378
402 492
167 494
252 231
8 46
298 219
381 356
333 412
93 231
458 366
387 119
49 384
214 421
161 210
136 166
63 341
248 460
459 324
19 22
318 99
93 446
252 186
393 154
322 191
208 169
499 215
450 421
215 365
491 166
246 450
97 292
282 139
294 154
491 294
261 93
388 267
391 38
195 20
483 231
456 83
338 447
121 77
301 393
423 12
295 339
358 182
33 437
52 452
493 205
179 299
369 102
240 315
63 61
270 246
345 105
69 131
1 414
160 9
160 286
160 183
151 285
442 151
395 262
272 244
182 202
136 196
40 339
142 237
280 5
133 303
35 327
387 252
467 479
198 462
345 84
454 333
177 174
388 175
136 47
487 265
480 136
454 69
354 498
287 4
90 468
169 91
480 151
488 476
163 154
271 455
491 256
396 276
192 301
235 107
226 280
95 266
397 299
298 331
164 65
263 14
112 353
16 107
340 342
257 98
406 444
481 316
69 40
286 354
366 139
335 482
283 152
146 326
486 296
327 145
402 377
170 242
208 241
172 353
1 395
426 142
56 349
71 218
19 420
403 69
171 334
184 89
227 442
379 367
295 69
300 218
460 262
250 497
126 242
318 288
434 458
68 231
346 445
121 220
320 111
8 22
221 428
411 339
487 205
103 195
442 191
117 57
464 64
228 125
471 39
276 492
227 396
296 394
16 215
182 330
58 111
98 280
481 134
304 153
193 258
385 473
175 228
347 410
157 445
406 155
64 270
475 398
405 34
347 144
479 474
436 118
267 372
270 340
419 449
81 126
28 370
348 38
436 493
186 149
213 34
169 377
186 112
100 372
389 472
87 101
85 79
119 131
253 118
51 483
49 19
324 208
28 336
93 120
149 499
156 73
155 240
376 240
128 190
170 43
43 277
289 158
216 475
264 273
352 122
73 262
248 410
74 214
161 87
149 310
52 276
257 226
392 462
352 388
76 320
52 202
156 31
289 294
430 378
92 384
175 329
153 408
197 303
246 256
416 396
363 82
298 103
425 30
44 490
307 474
80 353
391 425
303 319
415 424
368 23
309 340
472 386
241 283
292 403
365 416
232 216
177 49
479 382
331 32
310 488
33 378
46 59
393 390
394 71
211 114
481 436
43 131
116 180
482 408
210 420
169 418
130 250
91 314
123 97
336 372
124 65
99 316
64 237
51 423
413 445
151 443
261 341
96 454
42 372
276 391
454 289
399 271
87 258
177 166
124 148
351 340
166 69
305 13
346 349
108 472
482 189
403 268
69 64
214 116
397 393
2 209
60 178
188 29
388 306
184 279
277 474
156 44
218 199
361 146
38 127
223 72
352 306
319 486
293 432
35 178
33 426
330 416
326 334
31 356
70 465
102 317
12 66
286 448
446 353
399 410
463 480
198 122
433 322
106 187
345 125
236 112
60 498
98 32
177 41
0 171
294 10
462 377
311 357
236 447
138 303
62 160
327 121
307 161
269 209
152 166
133 207
303 99
356 387
142 128
106 318
276 143
160 434
108 200
304 480
177 342
404 164
422 93
156 93
152 375
15 23
480 180
305 292
143 197
470 183
123 348
63 260
206 337
317 113
74 405
357 111
164 218
451 358
379 144
207 0
352 57
196 197
141 105
338 146
485 153
132 386
75 316
296 16
262 122
341 95
498 175
276 274
117 149
467 375
326 313
452 495
372 339
236 312
226 199
19 234
44 150
202 212
293 437
208 55
201 196
206 440
421 120
217 315
428 311
489 46
332 364
329 385
355 432
197 37
177 190
1 317
187 441
242 185
89 457
96 23
494 184
290 421
385 412
472 94
53 477
221 399
418 476
161 305
374 134
53 379
106 386
384 90
428 263
79 283
452 36
443 184
25 466
301 420
424 368
402 126
467 336
101 78
24 264
107 25
368 17
246 88
337 357
176 342
422 337
495 490
369 229
366 9
247 283
59 271
213 168
69 116
229 161
6 264
359 348
257 211
23 73
443 311
378 385
233 286
194 252
324 210
272 317
238 92
384 235
312 370
64 114
118 333
311 170
258 327
463 96
471 477
486 273
70 86
265 292
159 380
142 84
212 349
171 397
410 336
233 19
261 382
182 244
134 66
426 455
139 489
9 314
387 320
20 224
44 186
59 253
430 42
50 405
72 149
55 251
24 249
174 175
409 317
311 138
386 88
69 393
200 69
333 308
292 346
355 222
254 109
384 76
77 362
0 475
263 311
359 330
257 38
2 230
497 337
277 120
376 113
422 116
457 79
499 4
203 317
377 236
45 248
56 94
214 349
188 106
78 171
197 430
324 447
479 317
27 46
399 246
31 327
352 89
256 349
60 16
381 238
44 379
303 238
240 186
392 280
471 273
485 363
153 37
424 81
485 92
491 485
276 195
382 459
187 157
360 401
125 426
327 147
56 273
371 300
124 82
371 436
404 451
91 187
288 219
263 265
355 91
30 358
413 221
42 72
41 354
105 376
250 186
268 352
232 206
314 431
478 485
250 0
380 133
97 41
288 358
195 238
83 75
102 73
338 404
110 345
157 234
484 473
234 313
363 27
144 214
289 314
305 78
262 252
390 286
0 88
21 58
296 479
239 400
376 326
240 193
344 423
101 461
253 345
222 307
407 474
35 213
396 375
338 188
146 476
350 301
450 81
281 187
427 446
299 233
355 389
417 356
160 132
198 139
312 331
226 79
452 360
434 395
165 207
197 4
473 368
474 143
337 392
476 361
188 457
55 12
437 241
190 390
204 481
419 236
92 374
462 404
50 404
10 335
238 327
194 114
40 107
190 75
461 298
312 112
407 342
261 322
459 58
390 228
51 195
277 342
491 270
436 82
451 81
452 392
48 449
400 327
250 361
398 474
227 150
177 252
88 108
152 213
1 158
484 74
375 174
15 87
332 182
133 75
493 147
474 340
444 473
239 287
14 32
421 383
207 52
492 443
297 155
218 21
13 179
484 427
212 100
442 423
258 14
134 221
72 225
423 142
440 324
264 129
149 225
309 480
118 50
211 367
337 352
54 53
494 396
265 298
404 408
349 247
238 136
37 486
481 396
356 410
463 251
423 360
269 377
462 270
150 416
293 14
23 222
410 217
464 258
32 70
150 391
469 245
104 161
425 329
240 130
94 431
446 388
331 466
174 157
360 251
102 5
319 41
451 402
30 447
345 129
482 25
54 123
310 497
381 126
428 118
416 91
190 259
154 32
96 107
106 435
400 127
19 132
4 115
134 268
93 138
22 298
6 142
437 184
190 208
285 462
70 9
121 112
40 169
217 370
116 223
228 452
494 133
238 208
272 469
66 6
416 190
375 266
178 196
127 198
153 241
247 6
253 418
218 76
381 7
225 183
147 255
420 215
140 126
335 209
394 231
374 318
181 484
421 441
430 426
135 321
407 414
33 346
176 210
155 267
427 110
36 298
160 478
409 413
41 313
331 415
403 299
278 475
225 203
199 129
271 74
293 227
186 346
346 67
235 169
66 470
171 59
94 459
370 239
165 463
125 459
471 88
380 142
299 484
440 429
1 67
291 2
204 104
237 321
254 272
324 127
278 213
338 118
5 308
253 304
86 190
42 136
322 73
416 41
63 45
484 395
109 74
206 362
418 465
3 350
265 161
264 26
44 414
303 385
21 304
393 342
383 489
360 378
403 35
170 407
214 20
76 468
139 70
317 442
425 151
439 32
345 243
238 69
490 316
364 114
480 369
87 223
149 467
100 144
440 158
224 404
47 252
397 258
162 377
331 372
69 213
215 77
301 125
386 379
436 288
275 302
297 347
452 203
249 360
375 230
236 149
415 335
352 33
474 134
381 244
181 16
350 34
256 303
124 118
477 356
301 316
29 112
256 376
78 116
217 145
1 162
53 237
263 425
247 32
463 150
158 232
231 371
85 371
257 66
236 458
174 285
173 292
456 235
341 333
109 494
126 90
440 113
298 375
69 2
173 311
66 68
104 132
353 128
320 199
217 59
91 312
387 166
67 402
321 466
159 68
246 383
96 262
47 109
335 249
236 335
485 80
297 352
300 440
435 441
136 384
251 1
214 290
291 51
286 477
373 298
415 478
492 174
172 188
259 37
101 452
475 463
446 315
31 35
341 355
356 13
104 354
386 374
196 20
71 412
40 433
79 410
249 221
307 401
199 233
193 399
15 36
427 183
1 351
454 445
470 426
220 174
271 163
102 220
10 302
385 371
7 85
489 197
402 228
243 39
266 293
286 189
119 102
243 255
73 85
33 241
340 321
38 151
151 241
485 489
200 432
106 292
182 343
169 22
445 305
277 78
11 168
258 23
446 324
224 279
350 201
295 436
322 49
186 94
68 49
297 150
499 355
233 395
221 98
67 258
258 420
88 275
105 203
379 58
404 31
213 376
311 188
82 178
171 4
139 270
23 231
202 304
481 57
70 305
361 490
188 136
59 283
311 309
52 56
3 88
11 287
468 79
387 115
142 13
465 327
496 264
419 299
120 420
311 142
497 273
459 141
321 54
108 124
482 297
482 97
142 282
273 102
276 203
58 271
34 252
436 53
18 102
116 479
457 84
117 340
461 16
328 187
237 197
382 168
116 139
311 118
264 148
122 1
146 343
3 250
174 365
228 352
6 296
373 175
445 335
322 3
299 402
6 295
183 431
442 9
359 306
88 301
24 84
65 152
98 356
397 301
341 273
288 325
237 356
133 420
236 492
113 433
108 39
38 271
426 184
41 24
217 54
199 327
270 488
388 39
240 14
448 395
74 54
472 324
84 350
120 434
342 225
318 468
272 164
200 106
363 129
149 323
428 266
244 162
9 356
32 35
127 71
202 384
357 37
334 312
265 144
466 158
254 349
454 346
189 1
326 484
319 55
381 327
335 73
103 244
398 307
456 155
70 76
156 446
86 321
110 18
167 300
152 64
384 425
349 301
180 406
332 291
183 107
1 59
44 247
276 79
497 26
103 358
226 390
162 199
316 76
418 251
111 394
383 139
24 227
449 314
118 37
347 450
424 57
66 313
354 96
288 207
318 43
415 274
275 347
207 407
444 109
135 151
392 65
423 463
5 105
464 452
436 469
496 471
53 367
447 387
80 222
116 289
294 17
204 300
332 226
336 282
435 447
429 243
115 250
250 35
120 267
11 193
405 150
306 465
432 307
87 442
2 156
342 324
457 95
187 354
380 23
349 308
95 111
251 56
357 5
216 284
131 21
71 348
321 262
456 86
203 310
11 359
373 324
383 399
301 465
434 399
163 298
454 243
68 416
86 99
462 359
140 268
59 419
282 466
405 324
457 116
80 386
123 466
369 343
234 380
260 356
279 218
428 270
352 60
236 399
220 237
263 95
307 68
201 463
82 142
291 92
488 383
45 287
443 347
154 170
8 484
80 216
499 207
222 234
434 408
430 225
130 111
177 272
42 230
438 302
381 447
400 304
443 189
237 485
438 97
168 241
469 95
200 399
380 454
3 238
415 243
31 446
200 279
414 395
0 156
131 396
113 171
256 114
385 292
112 330
43 373
68 117
79 132
245 331
475 89
69 224
27 264
79 284
127 274
60 425
265 339
388 108
478 294
237 47
439 293
68 440
286 496
427 197
124 435
45 207
138 263
72 142
234 156
490 15
11 498
435 18
220 148
294 109
257 41
214 54
413 76
81 24
245 62
123 71
472 442
355 128
458 165
131 115
236 219
23 416
364 193
19 347
264 235
68 242
48 365
10 23
269 301
206 457
173 184
16 267
462 161
231 202
375 432
253 434
321 245
296 267
165 222
186 42
16 454
203 363
284 377
212 340
178 321
85 206
185 452
438 470
239 37
398 133
38 423
102 402
394 98
126 293
258 19
290 0
70 474
2 249
329 382
417 141
415 351
125 417
386 100
433 347
161 413
368 223
110 281
292 224
400 231
109 382
250 207
184 441
459 166
104 203
44 16
278 181
26 387
45 195
348 110
262 381
29 194
27 332
257 239
492 192
145 203
140 203
417 45
341 457
364 301
321 380
182 56
462 311
190 270
488 453
291 210
168 207
410 473
216 281
409 382
130 385
223 387
270 264
282 412
7 154
400 499
296 372
3 386
56 493
74 145
151 309
332 376
369 390
88 18
401 66
272 467
379 405
33 414
443 298
250 92
443 281
120 363
216 217
267 207
154 136
291 214
118 161
8 69
420 5
387 187
390 247
107 262
313 375
477 173
25 335
308 395
317 241
468 55
135 352
106 356
425 159
259 236
337 253
425 409
12 346
230 309
103 467
389 327
235 151
62 192
21 356
320 217
455 350
205 256
408 273
200 124
372 419
13 58
23 146
178 108
204 450
82 338
199 284
360 319
444 469
340 4
336 377
185 56
307 413
171 286
322 173
233 82
103 176
95 345
161 131
301 478
146 400
64 265
374 222
399 421
293 3
315 97
273 330
483 161
278 489
266 48
185 93
426 463
379 113
54 71
292 436
188 32
241 422
262 134
437 50
416 231
344 412
53 213
2 192
7 104
367 476
266 22
273 75
37 2
425 353
362 117
150 493
173 358
332 154
387 350
293 306
166 63
330 205
313 435
411 149
492 188
237 20
128 255
244 422
239 469
295 344
198 461
216 197
110 333
282 366
233 376
392 273
73 418
435 271
267 482
8 35
375 128
200 378
161 381
60 477
261 173
38 437
280 366
463 248
451 10
67 197
145 443
346 343
11 209
270 355
363 460
260 150
161 52
32 464
188 410
124 497
309 174
186 292
238 463
40 259
51 379
199 69
499 73
323 57
131 291
330 225
349 427
72 226
254 193
63 211
64 369
394 366
250 50
441 488
179 289
214 222
425 155
205 468
486 111
487 428
265 271
212 183
480 458
300 201
412 88
490 456
488 188
247 470
280 319
158 358
483 48
204 313
95 447
448 128
382 136
73 68
385 381
151 237
461 241
406 474
383 402
425 404
453 81
39 63
55 79
2 178
366 250
424 17
113 194
368 454
45 394
131 2
193 263
301 149
398 407
6 217
334 242
474 246
162 82
233 143
490 326
217 301
226 468
417 105
117 318
246 72
295 189
155 408
230 421
11 240
345 261
181 368
340 379
490 482
280 100
286 209
238 78
85 289
223 188
223 415
234 33
387 36
329 439
452 385
297 194
147 105
398 285
257 254
445 428
333 28
438 16
495 324
236 375
5 490
236 77
396 117
436 67
41 446
458 212
373 363
48 77
114 297
398 12
33 485
78 319
328 349
428 436
100 116
494 497
416 193
199 200
147 400
210 203
88 55
247 41
466 258
221 160
39 47
434 142
241 261
8 382
439 218
348 446
237 226
446 399
496 402
305 30
109 414
27 187
399 345
377 261
344 47
308 491
155 438
256 382
66 156
324 230
304 388
466 137
408 127
141 201
489 222
39 308
200 254
398 442
188 11
482 409
156 326
397 243
226 53
269 77
124 209
57 220
136 358
236 364
92 342
49 432
353 72
276 192
337 7
24 211
58 392
183 265
80 105
226 124
30 169
349 47
163 38
263 232
133 290
140 277
54 442
492 323
15 245
122 354
79 51
231 148
432 76
19 398
246 170
447 495
116 284
424 482
71 333
417 276
420 136
85 203
193 421
109 72
205 3
92 133
287 213
286 420
310 316
222 340
212 319
127 110
203 270
441 94
217 421
280 97
166 233
343 457
243 392
271 284
5 332
3 471
98 445
71 389
297 157
158 273
186 233
46 462
453 382
130 353
233 491
281 106
23 134
66 371
344 164
388 444
222 100
331 492
264 212
493 247
437 337
298 350
275 429
361 0
420 469
362 426
55 274
106 225
208 23
63 181
345 119
145 52
445 333
328 100
272 231
25 329
101 373
319 297
211 246
93 49
380 307
191 17
461 210
171 419
384 185
56 305
253 112
328 279
461 103
138 373
167 234
43 184
443 307
254 482
355 278
496 150
207 115
250 177
170 280
16 110
219 452
141 33
242 4
490 353
90 191
349 471
175 7
266 183
127 342
134 144
183 184
115 347
18 347
106 199
389 344
365 279
446 349
372 115
157 17
320 81
333 57
207 392
135 444
491 287
388 369
122 58
183 484
31 277
159 17
346 54
352 264
194 15
21 366
97 48
387 126
485 498
375 8
491 333
109 312
228 137
258 374
366 78
232 245
239 300
55 129
114 272
414 312
413 97
199 30
274 108
340 285
116 495
210 450
271 246
-1 38497 -1 46909 -1 -1 -1 -1 -1 -1 -1 -1 -1 5374 -1 -1 -1 -1 -1 34592 -1 -1 25634 -1 -1 -1 53933 -1 -1 -1 -1 -1 -1 -1 54460 -1 -1 -1 -1 -1 39488 52457 -1 -1 -1 -1 -1 -1 -1 -1 -1 -1 -1 -1 -1 -1 -1 -1 24368 -1 -1 -1 -1 -1 -1 -1 26431 -1 -1 -1 -1 -1 -1 58747 -1 32804 -1 -1 -1 -1 -1 54365 -1 -1 -1 -1 2183 -1 -1 -1 -1 62088 -1 -1 7796 -1 -1 -1 -1 -1 -1 -1 -1 20244 27296 -1 -1 -1 -1 -1 -1 -1 -1 -1 -1 -1 -1 -1 -1 -1 -1 -1 -1 -1 -1 -1 -1 -1 -1 -1 -1 -1 -1 -1 -1 47729 -1 -1 -1 3383 -1 -1 -1 -1 29412 -1 -1 -1 -1 -1 -1 -1 -1 45453 -1 -1 -1 -1 62023 -1 -1 39742 -1 -1 -1 -1 -1 -1 -1 16146 55729 -1 26763 -1 -1 30280 -1 -1 -1 -1 -1 56046 -1 -1 47979 -1 -1 -1 -1 11069 -1 56443 -1 -1 -1 -1 -1 34259 -1 -1 23488 -1 -1 -1 27929 -1 -1 -1 -1 -1 -1 13807 -1 14834 -1 -1 -1 -1 17541 3526 20114 -1 -1 -1 -1 -1 -1 63552 -1 -1 -1 -1 -1 -1 -1 -1 -1 -1 -1 -1 56274 -1 15009 -1 -1 -1 -1 -1 51660 -1 -1 11826 -1 -1 -1 -1 -1 -1 -1 -1 65171 43533 -1 -1 16625 -1 -1 -1 -1 -1 -1 37151 -1 -1 -1 24056 -1 -1 -1 19611 -1 -1 -1 -1 -1 -1 -1 -1 -1 -1 -1 -1 11211 -1 -1 -1 -1 10157 33785 20294 36441 -1 -1 -1 -1 -1 -1 -1 -1 -1 -1 -1 -1 -1 -1 -1 -1 39014 -1 35705 15324 -1 11609 -1 27259 -1 -1 -1 -1 61950 57766 -1 -1 -1 -1 -1 -1 -1 -1 -1 -1 -1 -1 63934 -1 -1 -1 -1 -1 34427 -1 -1 -1 -1 -1 -1 -1 35183 -1 -1 -1 -1 -1 -1 -1 -1 -1 -1 48199 -1 -1 45394 -1 46077 25886 53311 -1 -1 -1 54670 -1 -1 -1 -1 1389 -1 52841 -1 -1 -1 -1 -1 41770 -1 -1 -1 -1 -1 -1 38617 -1 13452 -1 -1 -1 -1 -1 -1 -1 -1 -1 -1 -1 -1 -1 -1 -1 -1 36910 -1 -1 -1 51476 -1 23307 -1 -1 -1 -1 -1 -1 -1 -1 -1 -1 -1 -1 63775 -1 -1 -1 -1 19756 -1 51872 -1 -1 -1 52303 -1 -1 31669 -1 -1 -1 6380 -1 -1 -1 -1 -1 -1 -1 -1 -1 -1 -1 -1 -1 53959 -1 -1 -1 -1 56282 3524 -1 -1 50583 51777 -1 38309 -1 -1 48406 47965 -1 -1 -1 -1 -1 -1 12670 -1 -1 -1 -1 -1 -1 -1
8
1 198 6 433 13
1 251 12 297 3
0 442 3 151 8
1 496 11 447 5
1 427 15 208 14
0 18 12 133 8
1 284 2 462 6
1 309 11 138 3
