500 2000
346 463
312 426
314 397
280 127
99 404
124 215
467 142
137 312
326 457
31 250
5 145
106 467
28 101
179 460
448 444
162 246
388 36
437 234
144 306
221 406
27 105
475 157
171 328
443 309
360 52
453 360
189 131
442 109
122 340
260 135
256 236
205 14
221 213
285 479
259 392
193 57
79 281
74 10
383 424
465 282
285 115
471 38
322 125
137 211
164 349
161 453
424 340
141 182
347 250
171 99
327 387
25 281
306 295
390 498
193 335
138 139
291 98
76 392
213 138
152 283
348 270
310 9
326 358
495 312
19 375
226 210
43 229
492 389
322 84
33 330
440 314
287 487
117 469
346 413
108 202
66 468
4 394
366 181
258 361
442 292
239 368
392 138
1 216
374 448
183 450
210 169
108 493
40 474
138 196
85 32
393 281
73 309
157 34
274 0
476 388
153 62
176 175
309 140
372 431
59 410
252 204
208 353
475 482
129 275
177 72
10 128
397 202
149 406
424 471
0 112
6 40
363 457
308 398
255 186
457 169
100 404
373 143
354 40
410 345
206 126
343 428
67 286
77 7
331 169
210 423
147 40
207 491
475 254
414 48
411 248
352 221
86 318
413 386
273 54
256 216
115 290
10 282
335 400
427 103
162 381
10 342
55 141
22 68
71 293
468 285
82 49
97 187
163 495
346 451
322 229
269 178
300 335
250 161
321 436
397 269
120 220
387 302
185 303
309 186
283 397
317 209
430 84
144 162
405 217
454 324
311 313
163 457
405 277
90 496
226 49
212 486
285 43
335 330
66 62
493 156
132 293
252 32
74 268
189 191
437 88
328 290
79 457
382 417
53 447
320 381
74 48
285 393
452 249
55 232
97 482
339 235
155 82
466 195
171 389
250 59
271 320
18 332
460 221
134 162
231 452
391 271
447 47
41 81
116 323
486 70
328 85
172 71
443 350
121 409
438 198
182 316
58 156
126 191
460 188
52 305
31 46
135 336
143 424
420 426
83 413
210 379
18 476
491 350
82 121
336 305
478 326
66 3
0 130
5 472
56 490
194 328
309 481
251 136
104 154
50 272
358 57
98 116
119 253
423 398
210 150
188 153
440 234
157 462
433 415
463 480
386 495
119 40
366 411
63 87
333 351
414 237
306 222
225 107
376 208
490 152
93 378
62 313
416 388
116 368
183 350
79 224
196 442
18 116
433 380
109 380
329 429
417 15
127 466
298 221
103 486
373 313
105 370
198 23
345 73
478 491
370 179
373 480
245 59
67 190
112 383
250 278
260 51
365 475
304 7
229 32
4 60
384 79
356 165
343 42
389 212
261 76
496 258
348 484
159 46
196 368
113 499
258 226
467 319
15 411
55 79
464 376
181 471
427 236
57 288
147 406
260 68
358 248
74 318
462 184
29 299
10 413
209 416
122 321
9 49
378 239
444 132
204 169
183 103
40 222
78 291
274 122
331 160
248 362
257 167
319 199
452 183
52 306
28 142
72 449
78 4
70 432
228 161
92 75
477 4
202 111
143 322
497 335
190 413
125 201
61 95
239 156
139 194
489 106
315 268
117 169
242 320
368 91
392 232
186 189
304 427
174 279
240 374
257 436
152 93
210 388
27 242
254 122
58 117
368 228
391 22
399 111
240 45
287 110
183 31
239 162
348 468
241 438
76 290
2 409
338 57
459 284
44 412
370 79
439 484
246 456
107 257
428 491
336 250
154 25
206 468
302 192
176 383
314 357
460 36
477 204
318 29
463 87
202 17
195 283
403 204
187 245
367 410
302 45
338 343
28 474
18 124
402 174
380 3
120 328
75 314
111 375
6 363
473 138
244 190
89 288
485 192
335 32
314 237
279 365
112 251
349 262
218 303
490 207
41 29
289 167
347 240
293 199
74 457
137 471
114 351
428 426
57 280
263 16
210 74
296 457
379 215
403 106
85 11
147 397
366 48
314 134
467 335
165 155
462 482
282 97
294 464
95 353
357 58
331 221
114 236
231 428
81 431
211 477
25 234
128 342
4 311
293 96
189 232
26 344
257 491
458 371
197 437
308 95
88 7
456 198
25 337
69 96
259 342
338 200
284 375
397 102
64 206
132 10
278 439
159 183
143 458
153 251
111 476
390 113
454 55
19 68
367 84
216 209
421 112
109 153
23 18
243 164
133 289
422 176
18 328
449 138
207 469
164 320
461 460
108 387
118 434
263 58
59 28
136 181
219 72
449 286
20 8
453 366
372 174
259 178
433 341
132 448
409 160
271 78
126 304
369 454
205 427
378 296
428 75
275 68
418 409
77 436
85 174
33 188
209 475
211 45
235 54
179 204
444 360
8 230
407 31
346 379
484 276
3 33
412 125
173 212
217 483
234 412
160 349
253 26
350 132
478 346
455 439
322 209
95 216
156 15
302 429
446 22
285 220
367 203
41 174
144 332
255 19
467 81
95 325
455 177
131 0
231 94
342 152
407 401
473 24
304 21
35 286
464 379
56 376
176 39
249 213
224 425
70 474
186 114
314 62
303 430
377 117
75 487
7 178
404 129
444 461
301 217
200 496
27 470
479 444
423 121
482 197
143 194
163 305
411 286
65 311
310 149
267 110
134 354
428 272
318 181
43 59
272 173
441 19
153 160
285 334
153 352
352 33
388 91
478 218
113 361
249 178
249 141
192 185
258 86
29 33
418 400
200 153
469 273
78 360
429 456
318 61
282 46
119 436
42 417
392 297
464 128
361 381
257 394
82 298
489 410
476 11
322 289
64 414
93 57
80 300
49 483
261 297
66 331
247 7
213 294
110 422
74 96
21 313
422 339
493 422
367 322
404 396
305 98
338 31
431 269
236 413
230 119
340 388
235 16
0 448
61 315
311 450
76 372
390 499
348 243
182 81
217 435
318 80
309 4
192 351
362 318
173 153
67 114
439 162
39 134
46 187
319 8
318 182
285 305
301 59
288 387
278 233
464 308
366 31
331 196
231 235
411 195
207 172
273 285
466 353
140 101
59 210
165 218
278 254
361 185
388 273
79 432
283 23
344 46
345 42
84 131
359 480
438 282
205 181
178 19
289 346
322 175
95 53
449 83
436 477
121 149
408 123
447 281
417 402
421 96
444 155
340 343
388 426
486 148
209 410
333 448
139 262
359 233
28 409
48 240
295 216
134 169
164 376
262 402
479 441
463 88
161 259
474 466
175 66
444 377
465 12
321 314
217 3
279 281
83 395
493 45
381 467
48 207
31 282
356 88
179 169
480 102
493 223
452 273
473 165
416 31
478 200
368 137
288 274
114 262
297 337
436 413
433 94
434 234
171 299
415 106
121 268
458 30
193 164
288 55
159 238
82 294
291 433
467 324
455 21
481 209
421 32
275 181
238 394
205 275
368 372
127 255
84 69
101 177
403 390
491 370
42 491
97 412
18 374
316 415
417 374
287 99
278 474
425 267
374 493
487 374
462 257
454 19
49 121
446 316
93 446
316 385
280 58
212 256
82 139
427 21
314 388
162 120
314 194
28 15
330 165
375 7
21 177
216 235
176 467
390 472
399 5
85 475
471 309
492 253
37 46
267 470
293 273
104 194
5 46
68 143
291 181
317 180
443 51
269 91
45 249
165 351
15 226
33 496
489 393
61 401
341 235
426 162
380 263
165 40
119 396
230 475
212 106
459 357
325 320
364 485
212 440
394 488
101 244
372 271
89 386
64 409
170 163
477 112
456 380
307 79
110 313
32 483
327 280
478 48
305 376
318 197
112 380
432 442
109 55
355 130
281 70
421 1
179 184
468 421
176 121
185 309
333 145
324 169
28 408
215 401
417 163
458 485
447 473
364 13
79 187
45 347
244 341
4 483
205 146
218 341
446 393
158 173
33 122
146 312
324 419
367 424
95 224
92 208
291 41
376 152
63 440
40 111
453 304
4 263
321 455
112 62
63 22
421 179
384 146
442 374
415 245
320 140
357 127
385 129
277 414
466 448
466 188
30 328
451 248
331 296
378 105
223 61
90 357
21 296
421 53
34 268
458 106
164 153
123 137
337 395
320 491
474 256
21 451
328 143
187 422
19 382
433 370
279 390
87 171
399 133
8 373
247 276
4 64
220 421
103 35
294 114
414 243
379 465
410 150
125 309
66 442
37 439
300 211
347 404
389 158
300 295
59 219
376 205
322 133
244 498
183 24
249 408
78 222
26 350
280 265
461 166
187 169
100 358
309 477
80 130
10 68
193 493
233 314
1 444
0 269
455 139
401 164
264 460
219 290
377 394
478 42
34 276
229 203
34 11
465 310
481 190
152 249
335 13
387 63
498 126
211 487
292 278
294 32
21 373
83 480
118 419
430 278
285 174
241 250
338 185
195 382
181 345
387 240
365 52
237 221
226 364
393 149
179 290
110 54
23 24
91 186
341 9
324 113
452 448
45 206
247 498
301 48
245 485
382 485
196 199
144 159
211 306
186 284
311 240
33 476
256 209
450 182
234 470
39 414
28 163
205 429
202 364
442 418
308 48
275 287
460 301
200 292
395 411
260 468
209 490
93 326
1 292
257 103
483 237
38 32
431 254
113 439
101 215
209 92
471 45
447 225
245 102
396 113
397 186
492 97
455 294
111 226
441 11
313 72
222 164
216 368
401 54
358 455
152 357
89 494
353 376
243 153
496 74
477 156
459 391
191 86
113 101
193 479
253 29
321 212
180 354
227 414
58 83
71 281
446 371
394 450
33 201
105 10
24 216
385 368
248 331
167 125
349 382
406 179
470 302
7 214
253 395
129 145
406 250
60 295
485 418
56 392
102 298
88 72
170 90
265 348
356 305
76 72
345 324
165 436
477 34
462 347
227 40
428 87
55 119
256 19
303 211
415 437
38 247
167 163
378 236
88 208
74 84
362 27
258 85
9 498
250 332
394 211
39 417
39 75
115 404
240 93
293 111
10 196
172 200
484 171
428 258
88 127
467 391
241 272
14 117
452 66
381 372
433 334
39 402
123 113
384 162
138 346
62 203
366 380
59 498
311 384
80 218
352 333
124 390
219 101
124 115
399 186
148 75
315 198
7 122
198 71
201 409
257 416
231 79
328 139
11 415
399 100
139 268
182 237
232 395
117 262
361 377
86 15
274 423
242 223
92 322
345 94
306 183
362 139
435 254
405 20
335 201
414 189
84 218
234 359
312 427
149 334
81 9
383 436
404 12
303 378
255 342
356 214
21 453
413 389
371 495
263 446
322 16
165 440
402 127
474 174
470 386
436 98
149 22
427 467
357 301
140 54
342 231
294 42
43 417
123 236
54 493
448 306
399 362
419 21
104 169
290 77
233 245
251 26
384 307
149 387
468 117
265 10
394 400
39 140
43 380
70 100
106 245
245 87
148 211
355 5
438 395
273 37
54 189
186 58
364 417
419 412
475 335
102 424
190 369
284 383
206 150
293 194
440 407
351 260
474 187
438 68
66 312
129 330
64 374
315 285
201 389
358 50
16 332
29 425
20 322
227 147
373 228
143 325
11 197
23 411
351 249
305 415
414 57
162 359
249 281
10 41
214 378
482 65
115 23
255 464
453 198
12 143
126 421
466 236
84 364
150 159
240 151
398 430
341 357
457 362
187 57
292 231
235 127
92 298
4 113
353 206
243 200
35 156
45 38
197 77
72 468
274 364
103 440
443 324
141 423
247 159
197 295
47 108
418 216
124 171
150 361
243 279
47 54
344 299
203 165
339 466
483 438
20 34
426 352
205 422
44 229
235 485
247 420
236 443
282 375
175 26
125 172
27 441
254 270
239 442
413 487
485 186
267 197
24 139
179 346
179 161
14 202
475 238
323 476
204 155
58 32
226 238
295 16
226 97
179 244
51 267
208 172
343 196
466 16
119 10
90 258
288 287
86 333
5 117
49 432
380 80
491 103
431 498
170 260
316 348
44 384
418 152
20 117
303 119
237 206
77 235
454 240
44 252
440 390
338 275
326 392
276 378
412 341
75 45
29 309
335 243
200 82
74 443
310 467
498 178
469 368
294 364
281 364
499 157
319 431
29 25
385 37
342 169
95 490
452 7
91 139
255 225
175 344
341 80
19 495
119 102
53 384
138 233
69 202
470 381
46 428
477 327
454 139
215 492
322 264
207 270
312 189
459 243
234 475
65 11
181 302
412 14
431 35
188 403
354 336
152 381
349 462
217 399
112 45
418 499
385 186
323 456
443 134
195 140
282 472
57 50
237 490
417 205
42 226
183 57
6 293
427 339
273 25
359 261
449 338
90 338
193 320
122 229
310 351
356 422
472 204
221 63
137 499
184 174
370 46
237 368
239 297
97 144
101 152
171 158
407 350
174 139
207 450
190 70
124 29
406 175
104 310
375 241
127 425
248 354
139 311
374 94
222 138
394 188
343 255
432 286
155 112
325 294
280 228
251 57
66 224
318 46
492 150
112 40
102 134
334 140
15 484
345 337
455 278
495 478
122 235
278 87
310 33
121 499
355 262
212 80
473 176
276 125
18 322
424 460
353 64
450 299
114 334
229 273
232 72
363 56
338 257
161 3
243 441
424 232
167 299
74 263
225 29
213 496
352 348
435 184
104 226
473 117
403 26
329 324
167 222
62 110
19 368
472 324
130 87
349 441
79 271
465 119
280 126
89 349
316 228
369 222
376 219
154 187
162 219
329 137
439 289
388 148
227 112
242 476
178 27
486 407
270 287
295 61
49 90
31 365
162 344
482 100
394 98
10 479
161 88
363 5
80 497
12 101
245 162
387 11
217 259
74 40
406 183
346 79
335 357
245 206
352 471
132 359
177 400
319 380
110 414
16 237
337 206
233 475
103 43
291 281
141 70
83 447
325 22
263 471
379 355
452 396
18 145
330 478
262 268
167 483
8 218
463 339
325 225
109 92
273 280
468 235
162 435
19 45
72 364
468 366
361 149
190 339
475 143
383 115
489 233
380 467
68 48
375 91
449 247
491 278
311 31
126 34
34 5
417 438
223 402
379 304
424 109
343 284
274 453
218 423
450 432
353 250
267 84
29 379
275 123
465 301
310 211
23 43
301 243
485 27
403 301
408 451
393 231
472 332
365 227
205 253
268 322
369 75
439 149
169 285
45 70
99 484
393 492
461 400
384 453
241 437
6 453
494 425
436 421
116 183
346 403
158 475
209 72
472 263
397 33
237 42
106 387
475 144
208 164
315 20
111 230
353 358
387 252
208 378
281 283
333 42
57 181
140 118
17 485
215 385
410 75
224 188
300 194
17 305
142 4
254 14
445 393
320 345
210 110
190 341
161 108
198 173
191 249
320 262
331 453
355 63
221 499
14 212
330 83
76 475
142 312
377 140
86 11
129 105
321 362
84 103
51 367
467 87
428 411
211 75
174 65
284 43
410 132
135 86
104 365
383 192
170 441
443 188
174 274
176 101
260 474
53 427
325 128
476 299
52 200
11 129
444 336
54 437
437 228
180 85
296 263
376 68
151 290
378 151
457 185
81 169
299 188
76 255
403 143
138 86
254 309
304 336
303 140
133 193
423 162
390 192
251 326
226 353
394 244
406 343
123 72
9 136
201 61
458 50
372 16
145 380
262 491
366 376
234 87
280 216
48 139
365 237
475 414
16 211
306 434
178 133
143 433
231 262
169 463
14 434
105 440
137 426
8 29
126 262
257 438
71 51
25 286
390 224
114 85
249 209
353 204
209 24
306 480
128 172
338 477
50 85
7 343
40 123
142 113
259 390
333 59
109 70
397 300
276 373
156 419
393 325
30 158
448 470
399 236
240 304
177 145
251 318
435 107
157 309
265 195
439 304
416 124
196 19
287 483
86 452
166 193
485 460
89 350
69 231
177 430
486 9
175 249
188 51
195 487
458 1
238 369
466 457
445 3
213 85
408 83
85 306
362 142
364 495
205 338
258 314
241 142
352 59
241 313
456 293
270 236
9 69
52 290
405 169
443 185
295 26
62 155
155 341
272 21
191 432
162 446
158 437
306 22
171 365
474 441
54 96
419 272
272 221
284 115
378 356
26 40
170 107
293 29
477 14
221 477
197 361
190 475
322 3
11 372
391 273
302 344
144 464
279 475
417 74
83 429
145 229
77 297
259 394
370 106
234 26
73 5
352 457
248 222
392 231
137 248
338 178
122 418
120 428
281 0
17 392
348 100
183 150
354 74
258 81
383 335
421 212
40 220
75 194
49 176
83 277
286 44
303 459
300 444
276 209
91 497
34 491
363 169
101 316
393 85
52 412
260 181
128 394
494 236
101 234
423 344
369 471
475 15
157 271
463 345
275 173
188 74
57 499
394 307
153 146
40 44
352 211
241 418
178 391
410 281
331 34
287 242
406 287
57 141
301 257
379 94
323 29
139 123
139 359
9 374
265 247
314 149
123 410
387 23
170 142
229 194
110 345
91 454
413 88
205 74
102 265
491 302
375 215
34 484
468 369
377 424
451 222
260 128
157 491
266 403
299 64
429 341
484 332
345 267
4 492
177 20
164 217
360 169
51 300
281 411
96 156
421 274
208 307
423 288
250 8
331 447
110 119
225 387
351 63
45 306
280 349
111 192
118 199
369 163
294 212
307 243
47 406
162 370
396 31
63 288
410 316
410 125
42 470
106 167
93 334
194 272
452 208
28 170
474 301
76 211
193 416
234 112
76 265
271 104
340 201
296 305
291 214
447 215
187 402
165 272
415 240
219 132
279 140
178 237
92 192
265 386
379 23
176 13
180 274
71 64
48 92
298 67
386 322
91 293
171 447
239 455
220 39
284 373
494 168
311 328
254 364
457 455
121 48
175 274
10 427
159 480
363 357
484 153
367 121
52 279
494 443
12 58
357 172
257 255
120 481
396 236
86 402
213 466
300 234
138 487
109 284
232 13
373 138
204 391
375 413
60 140
499 256
176 262
60 72
295 130
462 181
438 376
371 411
43 79
186 398
209 499
305 397
103 26
160 234
330 481
384 56
90 158
65 253
309 124
306 5
33 471
409 178
455 77
393 247
137 185
292 396
455 441
29 219
37 380
234 177
-1 -1 -1 -1 -1 -1 40195 -1 -1 -1 -1 29957 -1 -1 -1 -1 -1 -1 -1 -1 -1 -1 -1 -1 23725 39789 -1 -1 -1 -1 -1 -1 -1 -1 -1 -1 -1 -1 -1 -1 -1 33158 -1 -1 -1 -1 -1 -1 14552 -1 42555 -1 -1 59183 -1 -1 43861 5904 -1 -1 58110 -1 -1 -1 4731 -1 -1 -1 -1 -1 60316 -1 -1 -1 -1 33098 -1 -1 -1 40589 -1 -1 -1 -1 8028 -1 -1 -1 -1 -1 -1 -1 -1 -1 -1 -1 -1 -1 -1 -1 16712 665 -1 -1 -1 32267 -1 -1 -1 -1 -1 -1 6850 -1 -1 -1 -1 -1 -1 -1 -1 17210 -1 -1 -1 -1 19696 30116 -1 -1 -1 -1 -1 -1 -1 -1 -1 -1 -1 47682 -1 -1 17774 6555 -1 -1 -1 7362 -1 -1 -1 -1 -1 -1 -1 -1 -1 -1 -1 -1 -1 -1 -1 -1 -1 -1 -1 -1 -1 -1 20098 -1 -1 -1 31548 -1 -1 -1 -1 62665 -1 -1 -1 -1 -1 25438 -1 -1 63471 -1 -1 22925 25300 -1 -1 24439 -1 -1 -1 -1 -1 -1 -1 -1 -1 17066 -1 -1 -1 -1 -1 -1 -1 -1 -1 27991 -1 -1 -1 -1 10090 -1 -1 -1 15320 -1 -1 23072 -1 -1 -1 -1 -1 -1 -1 773 -1 -1 -1 -1 -1 -1 -1 -1 -1 -1 14291 41370 -1 -1 -1 -1 -1 -1 -1 -1 -1 -1 -1 -1 -1 -1 63528 -1 -1 37400 -1 -1 59722 -1 60880 -1 55457 -1 -1 -1 -1 15493 -1 -1 -1 -1 -1 -1 -1 24986 -1 -1 -1 -1 -1 9313 -1 57940 -1 -1 37179 -1 -1 -1 -1 -1 -1 21523 -1 -1 -1 -1 -1 -1 -1 45660 -1 -1 -1 37236 -1 -1 -1 -1 -1 14859 -1 -1 -1 -1 -1 -1 -1 -1 -1 -1 -1 -1 64861 -1 -1 -1 -1 -1 -1 6456 -1 -1 -1 16273 -1 31092 -1 -1 -1 -1 -1 -1 -1 -1 -1 -1 -1 -1 -1 -1 -1 -1 -1 -1 -1 -1 -1 31010 -1 -1 -1 -1 8225 -1 -1 8407 -1 -1 51349 58903 -1 63009 -1 -1 -1 -1 23913 -1 -1 -1 -1 -1 -1 -1 1732 -1 -1 -1 -1 -1 -1 -1 -1 -1 -1 -1 -1 -1 37841 -1 -1 -1 -1 -1 -1 -1 -1 -1 -1 -1 -1 -1 -1 -1 -1 62594 -1 -1 -1 -1 -1 -1 -1 -1 -1 -1 -1 20803 -1 -1 -1 -1 -1 53058 -1 -1 -1 -1 -1 -1 -1 17959 -1 41517 8133 -1 -1 -1 -1 49010 -1 -1 -1 -1 -1 -1 -1 -1 -1 61468 -1 -1 -1 33536 -1 -1 -1 53891 -1 50764 58170 -1 -1 -1 8457 53351 -1 -1 -1 -1 -1 -1 -1 27992 -1 -1 -1 -1
9
1 336 5 224 9
1 18 2 137 5
1 200 3 374 3
0 348 8 203 1
1 234 14 386 0
1 158 5 70 10
0 401 3 447 9
0 27 5 426 15
1 353 6 464 4
