500 2000
471 155
362 205
361 410
187 364
64 489
391 3
71 67
399 15
305 426
455 334
112 83
111 197
382 114
168 38
146 378
293 442
127 309
77 335
316 268
50 263
217 444
432 143
235 234
375 496
136 266
355 44
166 405
118 235
436 199
384 61
137 20
291 40
84 32
187 197
3 359
324 371
477 303
402 293
383 98
57 10
234 11
287 154
28 269
245 73
222 66
134 164
36 495
416 47
14 216
339 19
152 124
57 207
368 61
322 387
104 34
493 269
356 408
361 20
118 102
285 186
98 352
286 102
164 348
193 437
32 13
17 265
114 319
410 169
339 202
85 364
162 385
83 115
333 328
277 204
187 495
17 402
420 402
493 324
260 71
135 46
193 494
427 210
98 130
488 272
3 437
271 385
485 492
280 148
293 285
232 394
105 336
281 68
18 209
330 375
209 151
101 40
132 210
285 350
175 370
250 479
107 29
111 388
349 96
467 288
258 493
18 284
364 395
332 141
177 55
496 394
94 188
4 185
283 103
98 336
102 52
385 210
370 63
345 323
247 444
137 434
479 355
85 428
383 360
420 247
462 313
264 269
223 314
208 148
20 254
372 207
71 375
164 272
141 402
25 134
405 7
54 478
152 489
66 395
304 28
128 59
246 237
441 471
72 357
355 282
292 202
482 102
230 174
197 137
283 18
474 306
164 299
157 261
164 398
407 416
24 310
207 114
340 293
158 93
105 340
479 349
186 92
433 388
284 229
25 111
483 188
474 14
251 245
377 298
448 25
301 44
322 232
368 85
102 252
0 428
342 413
392 457
101 211
364 181
95 247
241 13
236 497
376 182
211 64
360 194
93 338
354 160
373 99
264 416
206 159
443 199
117 90
274 22
361 177
283 21
268 62
481 13
25 262
42 172
221 296
285 242
105 158
19 202
73 311
224 444
87 113
157 170
224 397
338 7
158 39
172 409
244 40
147 334
338 346
253 80
48 131
168 133
12 323
336 428
309 191
165 68
30 453
423 284
16 378
433 382
108 12
435 497
366 406
336 452
9 230
14 31
284 26
80 131
270 488
106 252
48 486
214 245
232 181
466 138
115 376
391 198
167 288
217 224
344 425
328 244
348 381
354 178
215 8
173 210
180 82
124 61
457 259
406 212
310 422
252 229
379 178
476 30
311 139
392 23
299 398
236 153
339 72
364 192
127 212
51 172
463 240
268 54
216 471
12 335
463 152
415 389
277 409
192 395
307 58
210 275
316 151
0 396
414 409
267 175
197 44
300 58
31 229
199 275
419 20
470 402
108 229
182 346
469 497
72 10
244 113
159 356
50 51
17 269
148 155
62 155
462 446
121 315
244 162
115 351
326 183
352 330
359 164
315 456
249 31
498 387
467 140
273 186
264 93
329 340
217 426
101 189
160 208
199 147
62 219
444 302
254 336
309 89
136 179
300 224
220 135
168 398
301 58
198 59
17 498
486 47
337 499
485 284
286 363
354 464
171 187
78 241
38 488
90 310
61 250
247 392
26 55
45 7
171 327
112 184
165 485
334 221
442 203
329 106
96 324
73 421
212 344
409 364
289 406
84 24
408 193
221 236
307 388
166 236
206 103
39 281
266 401
255 399
249 6
265 378
478 455
132 265
251 262
36 125
215 31
102 9
86 60
430 181
44 214
121 218
46 440
334 432
394 18
142 400
481 146
210 44
387 380
259 101
90 96
10 220
467 423
318 394
15 196
77 241
256 274
207 354
313 418
410 456
299 127
160 22
23 390
284 238
422 350
429 176
258 332
238 422
29 168
297 16
426 143
119 226
398 296
499 367
308 379
482 92
104 223
375 337
315 325
127 474
217 418
284 6
133 167
75 81
168 217
394 381
283 252
2 53
15 3
441 353
40 185
127 180
86 21
471 29
417 234
493 198
20 268
28 332
58 308
161 52
299 121
10 65
272 239
366 84
249 240
320 115
112 38
156 170
329 487
358 360
405 76
9 441
71 75
248 354
331 182
13 126
182 276
102 316
132 448
448 262
131 24
343 161
77 363
266 331
230 460
245 256
90 131
298 482
485 187
82 466
181 85
111 224
1 134
330 316
228 127
129 20
241 39
252 468
372 3
100 350
233 408
403 447
426 149
449 414
264 406
453 146
285 467
342 109
359 122
400 125
468 173
453 405
356 232
396 142
201 258
490 70
493 28
97 261
483 385
26 33
265 246
304 209
497 371
54 276
224 166
55 434
257 237
5 304
332 32
382 67
232 262
250 102
457 145
315 480
172 62
498 249
370 124
212 237
282 112
173 390
28 457
304 134
201 304
212 499
9 59
295 463
225 388
198 41
320 15
208 270
104 198
368 385
264 359
283 393
7 25
115 297
215 53
294 399
75 338
334 101
218 119
106 442
371 213
349 368
281 88
277 155
197 234
144 89
463 44
230 100
207 27
179 440
493 79
54 99
360 336
330 294
12 439
24 86
360 406
495 433
95 191
253 46
15 124
96 476
100 437
312 59
124 448
373 406
231 105
113 154
119 145
30 447
49 155
329 31
122 167
393 391
6 485
152 415
8 367
1 434
265 68
371 77
108 286
499 240
63 116
56 327
62 147
239 320
80 173
130 438
158 372
281 139
375 47
245 103
241 422
355 53
176 428
207 316
447 341
439 297
106 474
233 321
391 371
75 72
80 293
103 199
306 262
276 65
417 259
156 334
297 193
365 482
83 404
232 194
259 465
85 143
32 351
348 281
459 144
477 20
391 340
120 397
437 133
28 458
428 337
490 215
347 194
283 487
378 484
498 64
407 304
456 8
463 38
209 137
215 453
189 32
97 259
220 205
375 464
133 207
322 383
182 157
91 355
170 30
124 176
77 458
257 314
286 46
279 53
122 189
479 16
390 474
117 68
166 469
15 370
135 354
339 326
415 4
332 81
11 67
495 166
287 24
269 346
50 255
176 303
281 99
435 406
237 1
494 206
165 187
368 488
234 420
340 353
496 458
452 47
372 80
264 159
342 387
147 386
183 478
224 41
375 431
333 364
20 403
46 251
238 496
6 108
246 39
169 379
369 388
19 98
359 18
407 263
492 317
167 289
24 342
165 199
403 331
39 355
350 44
242 124
486 228
167 259
460 19
42 6
205 227
381 145
396 166
95 206
376 139
56 401
224 470
21 395
221 475
164 243
328 493
40 490
431 356
495 463
286 214
400 121
34 251
251 176
229 340
78 252
207 103
322 284
375 109
131 198
367 287
53 401
289 203
35 486
30 293
215 5
315 85
410 109
271 293
293 132
480 60
168 413
23 195
43 309
57 97
212 144
304 363
280 110
380 180
412 499
151 150
323 114
19 313
497 137
335 336
481 267
85 363
269 464
461 49
455 247
466 204
409 417
316 460
15 110
31 80
3 209
207 460
421 329
72 102
330 24
63 484
391 321
126 347
431 235
110 152
489 342
96 2
484 170
424 345
166 0
235 78
364 440
275 130
399 290
389 19
496 372
387 139
438 43
393 211
306 60
320 165
427 434
27 149
275 476
278 286
14 81
13 1
452 412
217 498
384 465
295 342
405 418
273 175
48 377
249 366
4 372
320 161
473 89
424 355
130 421
263 44
449 481
147 16
416 130
412 274
92 444
330 464
304 382
451 305
256 155
450 445
330 439
319 190
497 161
388 51
413 227
463 189
279 246
379 469
423 177
269 350
436 128
175 474
397 389
139 360
344 126
104 348
465 190
273 189
11 102
155 332
464 149
268 470
350 150
224 265
18 345
419 91
67 121
359 323
111 459
152 191
489 84
317 390
130 47
499 257
152 428
67 185
495 38
446 359
146 207
102 166
226 114
304 495
104 217
206 435
493 279
421 166
261 409
97 364
390 47
8 131
261 192
407 305
90 51
47 127
460 322
242 157
42 128
28 105
236 427
54 156
313 55
228 329
369 308
50 419
94 229
159 428
239 131
35 242
435 289
204 188
334 290
112 226
129 304
104 334
441 213
166 230
252 382
149 180
383 359
139 392
420 403
37 202
350 239
192 58
98 435
97 157
67 494
120 36
71 421
307 116
50 63
332 97
263 468
395 491
132 94
55 338
131 183
473 223
335 397
45 11
326 390
390 261
77 98
331 437
470 376
211 185
354 89
153 146
406 278
61 156
1 469
15 486
488 383
363 356
479 2
208 247
359 316
181 439
426 478
156 333
378 105
228 251
371 379
305 92
114 294
322 115
395 425
279 91
52 415
316 123
179 471
324 447
50 3
226 396
336 476
224 126
34 164
262 357
88 127
179 369
25 405
39 154
321 302
312 407
368 304
168 210
190 170
488 135
218 107
432 390
88 493
104 306
93 275
300 30
170 247
327 492
474 367
241 37
270 311
403 486
271 436
22 213
475 106
64 444
64 340
70 268
72 368
444 265
106 356
270 200
29 461
390 282
431 48
125 389
283 285
486 144
17 106
109 18
369 325
424 476
168 86
353 231
314 317
299 147
368 295
102 150
21 217
185 30
486 173
180 42
201 310
108 398
80 64
233 446
132 204
402 90
278 90
88 10
341 346
103 454
353 59
212 340
415 41
345 265
487 306
149 335
328 467
59 372
288 137
76 459
22 69
70 197
418 251
189 471
248 305
78 363
405 456
485 316
397 351
430 253
317 282
448 73
317 49
328 223
145 377
378 470
35 221
419 321
364 285
29 84
24 108
70 298
499 71
220 213
77 101
55 157
16 361
440 280
482 262
233 188
201 180
439 359
141 225
344 30
332 60
228 48
144 13
101 318
84 399
126 45
439 423
370 274
462 416
52 77
268 76
482 333
82 22
446 363
263 221
218 30
475 136
98 32
295 361
1 151
402 369
83 305
138 23
49 427
181 9
130 181
99 299
69 62
109 73
348 196
457 451
129 355
477 178
45 87
168 171
242 120
325 101
175 202
197 453
20 114
424 208
262 28
321 74
311 172
138 104
493 205
404 323
321 336
410 72
435 101
299 463
229 16
454 250
355 79
130 216
387 217
111 452
319 50
59 426
287 496
166 20
78 456
450 128
303 190
297 116
354 258
296 71
40 408
443 233
37 60
263 425
43 318
494 125
229 460
191 147
254 192
17 443
260 315
394 309
426 326
95 91
410 263
172 25
450 369
224 304
68 181
453 315
346 202
497 461
473 431
464 498
400 137
182 431
119 98
134 363
26 188
88 134
437 127
462 282
16 54
353 74
64 325
359 165
356 424
124 299
104 60
47 154
282 301
87 216
230 44
106 427
137 193
308 67
119 108
83 265
96 82
434 24
446 78
143 167
227 441
177 386
47 141
210 499
78 150
432 198
118 57
299 84
240 181
40 263
353 87
457 106
327 348
366 302
57 136
7 457
346 194
11 265
66 354
12 69
172 132
306 415
245 276
337 274
113 314
419 240
314 313
173 377
485 101
474 403
486 279
329 449
441 497
475 373
453 300
499 232
52 95
214 132
17 116
395 205
155 32
221 431
246 103
83 375
78 453
339 402
453 156
400 221
247 216
477 17
432 445
30 421
429 56
423 191
160 443
45 175
77 422
457 331
66 113
133 99
175 186
272 385
459 360
306 124
0 249
416 433
478 487
202 57
386 486
252 302
473 99
308 181
70 286
6 340
354 63
382 4
446 306
155 58
266 371
203 192
95 34
41 120
423 29
49 90
3 246
274 396
464 87
137 148
281 337
417 124
352 367
239 155
7 143
348 472
79 82
269 219
30 71
253 225
396 59
46 68
112 459
172 83
219 305
442 17
96 79
83 455
28 47
139 90
318 207
230 286
78 1
278 144
41 228
441 222
238 283
89 446
36 430
395 453
355 405
304 266
311 332
135 119
137 412
275 277
27 180
438 217
266 498
291 199
105 196
186 3
271 361
61 80
173 258
100 427
499 3
340 157
364 311
396 155
295 235
493 325
385 132
392 431
381 438
273 330
299 33
324 157
73 401
400 421
35 106
253 148
358 492
322 247
108 98
142 134
137 185
274 280
93 383
78 450
120 232
322 230
259 176
287 323
381 220
21 405
374 31
144 408
326 482
46 320
357 39
305 206
120 306
469 321
46 126
50 239
317 51
259 353
152 287
117 279
175 379
414 103
80 29
331 188
420 364
267 191
146 307
408 240
164 423
24 230
394 135
471 325
326 59
405 11
257 482
471 230
465 72
177 71
46 6
35 12
90 316
218 34
185 413
457 149
281 457
447 29
254 138
237 311
483 12
256 275
293 462
404 446
282 96
128 496
118 218
110 94
183 403
381 221
8 118
311 481
237 243
221 131
459 170
482 276
452 251
336 289
266 470
300 492
398 397
99 214
481 20
9 125
219 434
488 471
472 355
291 95
128 193
470 331
456 178
179 173
107 496
178 117
422 162
416 81
394 79
499 106
286 336
471 193
175 472
466 433
224 432
41 306
435 83
418 95
258 488
263 249
399 356
127 46
58 68
348 252
473 109
315 322
196 482
410 411
352 89
170 430
473 63
338 219
91 240
197 31
195 196
453 51
328 302
110 464
231 226
173 157
33 1
214 370
282 435
228 290
469 82
41 207
379 471
222 463
80 183
130 88
175 115
142 364
7 380
45 401
422 243
321 6
34 220
10 50
177 283
54 294
92 391
485 495
254 52
180 181
124 79
419 493
210 443
440 324
166 41
148 326
30 248
247 283
23 337
320 354
411 95
405 75
148 371
458 445
379 293
189 483
226 58
384 470
402 46
90 19
209 352
418 97
404 247
429 125
377 93
110 137
254 19
492 335
186 11
175 131
145 290
418 72
5 69
258 307
285 3
63 279
104 235
492 262
395 15
19 174
82 326
218 113
224 96
194 214
109 145
281 415
482 315
132 29
89 453
53 118
192 135
453 261
256 188
16 263
55 179
70 156
421 332
282 475
63 393
88 145
103 444
253 435
220 274
229 479
47 207
20 430
221 364
32 65
210 478
194 460
92 344
416 267
83 227
419 396
160 453
377 43
472 147
471 38
78 315
369 79
214 265
375 371
324 408
143 54
99 195
19 448
33 206
460 178
498 323
157 425
52 382
173 188
447 351
478 408
148 322
66 127
202 446
161 430
462 349
397 32
209 44
456 244
398 308
54 263
427 261
265 223
469 181
226 152
2 301
441 140
405 5
227 432
123 282
255 231
386 181
322 297
162 27
257 435
49 110
247 29
454 55
379 247
71 95
173 128
105 41
56 102
373 123
464 456
125 24
322 425
135 129
155 231
216 297
143 467
38 491
323 14
455 353
419 47
491 391
441 102
81 233
428 249
96 410
90 9
334 411
30 439
73 91
150 438
278 130
3 323
338 214
54 438
78 367
73 254
209 456
0 129
380 17
277 357
238 124
308 281
329 36
259 199
133 166
191 372
64 262
63 449
227 435
81 388
319 87
234 186
359 244
418 73
167 27
266 166
348 9
236 118
496 44
342 163
275 109
46 350
456 381
469 37
151 433
169 208
66 164
286 60
390 373
204 387
368 152
210 3
164 233
484 128
104 352
37 409
329 464
455 10
224 17
79 121
77 46
462 381
318 3
469 107
353 272
75 104
437 222
497 455
474 72
463 257
251 97
106 126
66 184
417 312
340 366
317 225
489 259
433 140
134 155
355 98
315 99
60 427
252 373
50 124
180 279
105 62
370 497
252 268
474 226
99 48
435 392
341 218
202 355
426 416
225 8
393 241
69 483
466 244
376 339
13 58
204 117
239 204
53 493
352 115
100 490
456 61
226 470
157 95
443 228
383 101
45 73
155 76
482 406
448 68
289 107
217 337
390 251
107 109
61 254
181 288
422 431
472 84
394 153
277 83
297 299
201 348
181 416
39 50
292 225
83 422
268 176
126 260
410 347
58 376
157 474
399 484
128 170
361 195
150 115
496 192
118 231
438 335
178 28
475 424
118 107
412 132
436 267
161 326
35 114
344 284
451 499
52 318
173 60
397 168
91 257
251 405
72 38
351 471
311 281
263 76
177 229
300 470
51 165
219 8
361 371
29 99
314 75
76 151
305 334
110 295
469 27
479 476
354 459
428 346
407 47
58 478
409 130
48 343
8 207
223 70
37 286
129 376
441 358
353 300
146 87
216 487
166 103
211 449
201 337
30 39
258 394
413 206
54 76
94 137
206 481
41 12
233 374
145 483
272 217
310 110
313 286
374 212
393 298
478 474
342 160
311 486
159 153
484 178
294 78
205 141
135 14
288 404
387 170
328 164
315 279
5 9
196 265
219 285
484 303
372 456
299 474
147 463
476 299
4 31
252 127
406 434
341 373
483 199
102 487
305 300
179 469
308 217
363 178
262 374
254 257
308 298
356 496
123 479
141 154
217 354
109 454
285 276
388 183
333 112
65 50
290 439
147 177
497 240
166 356
243 473
318 495
114 366
364 455
125 327
169 260
302 427
30 32
274 284
420 103
391 444
105 54
468 404
388 453
370 21
367 419
114 336
47 51
369 337
239 337
221 183
98 392
190 347
279 430
258 401
254 288
199 305
116 320
167 306
89 243
356 242
475 403
56 387
109 313
217 145
39 58
339 29
238 108
70 275
77 249
143 72
306 49
153 200
422 56
52 297
213 116
39 370
287 35
442 47
224 451
191 297
122 436
54 11
52 126
483 76
169 492
196 91
8 294
189 23
333 77
177 480
363 420
483 440
255 360
456 16
388 312
308 233
39 286
110 352
143 88
283 13
346 288
80 288
177 27
52 91
251 408
295 16
288 261
340 60
81 20
432 205
419 10
288 457
401 366
428 4
187 287
14 367
402 200
224 9
465 233
384 51
152 348
126 159
271 140
256 394
213 40
81 317
50 488
299 76
357 377
376 221
288 380
466 61
346 322
10 120
194 105
416 496
207 486
245 457
353 447
10 16
290 313
376 130
400 499
241 475
318 315
22 94
411 229
227 460
116 378
52 273
161 425
347 189
66 198
145 227
1 489
249 35
480 215
241 156
98 75
229 444
177 259
19 161
72 499
246 23
265 415
190 74
237 491
9 58
325 349
59 240
488 36
233 1
139 396
256 439
26 216
-1 -1 -1 -1 -1 -1 -1 -1 46791 -1 -1 -1 35638 -1 -1 -1 -1 -1 -1 -1 38540 -1 -1 31979 -1 -1 14662 -1 14424 -1 -1 -1 -1 47797 -1 -1 -1 -1 -1 -1 5704 4070 11269 -1 -1 -1 -1 -1 -1 -1 -1 -1 -1 9885 -1 -1 -1 -1 -1 -1 -1 -1 -1 -1 -1 -1 -1 19130 -1 -1 -1 -1 -1 -1 -1 -1 -1 -1 29260 -1 30638 -1 -1 -1 35519 -1 -1 -1 -1 -1 -1 -1 -1 -1 -1 42669 -1 -1 52007 29056 27585 -1 -1 -1 -1 -1 -1 -1 -1 -1 -1 -1 -1 -1 36511 -1 -1 -1 -1 11358 -1 -1 60385 -1 -1 -1 -1 54945 -1 -1 -1 -1 -1 -1 -1 -1 -1 -1 -1 33475 -1 -1 -1 -1 -1 -1 -1 13145 -1 -1 -1 -1 -1 -1 -1 -1 -1 -1 -1 -1 58708 -1 -1 -1 43161 -1 -1 62450 -1 -1 -1 -1 -1 -1 -1 -1 -1 -1 -1 -1 -1 -1 -1 -1 -1 -1 -1 -1 -1 -1 -1 -1 -1 -1 -1 59375 55502 -1 -1 -1 -1 -1 -1 -1 -1 52490 -1 41242 -1 -1 -1 -1 28269 -1 -1 -1 -1 7956 -1 -1 -1 -1 -1 -1 -1 -1 -1 -1 -1 -1 -1 -1 -1 -1 -1 -1 -1 -1 -1 -1 -1 -1 -1 12488 -1 -1 -1 -1 -1 17737 -1 57040 -1 -1 23726 16272 -1 -1 -1 33594 -1 48628 37882 -1 -1 -1 27116 -1 -1 -1 18977 -1 -1 -1 -1 -1 -1 -1 23003 -1 -1 -1 -1 -1 19247 -1 36510 53978 -1 18847 -1 -1 32020 -1 -1 -1 -1 41688 41433 -1 -1 -1 -1 54041 -1 -1 -1 -1 -1 -1 -1 -1 -1 -1 9675 -1 -1 -1 -1 -1 -1 -1 -1 -1 -1 30089 -1 -1 35446 -1 -1 -1 -1 -1 -1 -1 -1 -1 -1 -1 -1 42665 -1 -1 -1 -1 -1 -1 -1 -1 -1 -1 -1 -1 -1 -1 -1 -1 -1 -1 -1 -1 -1 -1 -1 10374 -1 -1 -1 13609 -1 -1 46976 -1 60091 -1 -1 -1 -1 -1 -1 -1 -1 -1 -1 -1 36054 -1 -1 -1 -1 -1 -1 61104 16587 -1 2271 12080 60480 -1 -1 -1 -1 -1 44322 -1 -1 -1 -1 -1 -1 -1 -1 -1 -1 -1 -1 -1 -1 -1 54939 -1 13458 -1 -1 -1 -1 -1 -1 -1 -1 -1 -1 -1 39025 -1 43193 36641 -1 63218 45181 63827 49238 35524 -1 45193 -1 -1 -1 -1 -1 -1 3405 -1 -1 -1 -1 -1 57139 -1 -1 5409 -1 -1 -1 -1 -1 -1 -1 -1 -1 -1 -1 47755 -1 -1 37790 -1 -1 -1 -1 -1 26242 -1 -1 -1 -1 -1 -1 -1 -1 -1 -1 -1 -1 -1 -1 -1 -1 -1
7
1 168 12 352 6
1 258 6 242 6
0 412 10 268 1
1 391 10 386 5
1 1 8 232 7
1 479 10 315 5
1 215 14 390 6
