500 2000
73 443
357 431
229 197
437 336
463 342
146 419
266 27
334 37
72 167
159 184
405 479
52 111
116 214
184 405
373 73
98 224
61 136
85 296
204 463
336 431
95 156
471 11
382 487
76 403
84 350
488 205
16 414
103 425
6 496
76 426
200 496
38 30
430 437
43 340
6 238
141 341
326 173
405 141
312 183
74 327
172 492
110 55
376 47
153 54
482 58
468 394
242 291
282 249
185 127
354 482
382 61
37 110
468 15
378 113
131 161
204 483
469 12
306 21
151 129
240 190
127 35
178 361
69 435
176 210
263 215
493 479
271 45
490 336
383 125
35 410
496 446
337 424
84 75
489 9
352 204
474 339
36 382
346 414
262 43
243 427
125 101
312 429
32 356
35 490
442 393
350 426
235 23
421 445
341 468
243 49
26 48
352 486
89 426
428 25
223 38
432 89
133 382
472 134
54 39
486 342
497 492
429 393
44 201
386 401
33 343
249 108
206 419
311 174
273 443
495 235
152 333
10 95
443 330
492 337
363 201
47 220
492 210
347 293
332 55
493 265
427 193
395 377
170 226
36 257
229 326
496 294
221 289
247 469
66 89
213 259
330 462
71 365
213 119
296 362
134 343
465 55
96 102
70 143
435 488
129 122
110 388
112 494
402 235
189 341
126 6
237 349
70 403
447 31
157 418
31 295
358 282
51 472
70 292
5 442
316 171
106 38
1 174
349 3
165 294
98 53
154 443
235 53
196 334
149 51
434 392
325 218
166 180
247 110
115 248
347 183
428 0
345 233
303 73
490 320
255 461
309 468
126 84
230 470
70 99
368 307
317 388
61 481
96 80
368 313
179 23
374 408
119 369
478 263
316 1
161 243
339 335
286 131
77 57
331 203
379 324
270 276
130 381
210 268
366 18
199 356
64 340
381 485
483 112
99 341
46 433
350 110
241 166
293 363
22 280
378 459
390 346
471 478
154 3
303 400
72 26
13 393
60 104
247 490
373 72
230 236
269 349
367 267
396 430
448 58
63 478
347 408
46 226
453 461
257 192
481 105
168 8
404 324
23 246
34 299
329 294
12 452
413 275
324 163
434 492
174 191
309 112
53 414
462 387
178 306
45 209
100 394
34 223
58 337
316 320
324 493
184 462
284 257
399 494
212 242
213 220
247 181
328 11
34 177
423 76
366 161
67 254
489 145
243 483
202 194
379 443
355 439
325 14
25 293
476 122
31 417
433 347
52 405
385 230
371 310
143 50
212 353
465 420
199 481
285 68
390 129
486 127
85 460
300 272
288 349
270 175
37 77
277 477
292 132
150 68
305 311
98 345
181 173
467 191
398 172
21 111
386 494
209 221
323 283
430 139
360 273
124 129
235 485
373 288
321 190
30 215
33 64
352 222
274 78
333 131
53 323
80 161
338 388
250 130
343 114
286 195
483 196
184 45
496 166
128 493
244 295
227 128
447 296
13 323
310 70
67 75
325 318
340 373
148 220
331 356
25 498
303 5
271 177
300 430
266 250
419 26
338 327
353 303
385 472
318 235
369 283
196 301
322 150
323 141
131 373
358 70
460 174
401 341
319 66
196 186
268 96
42 212
406 227
393 325
218 289
371 243
53 264
438 454
193 147
436 481
211 252
376 361
456 1
59 87
52 318
445 426
139 307
464 429
354 311
33 197
364 318
148 339
108 311
334 488
332 334
245 465
285 362
400 90
255 286
295 431
473 236
4 134
261 304
158 492
181 221
430 374
33 104
140 454
278 166
231 83
458 218
222 349
203 26
315 16
484 155
408 175
90 448
497 371
366 479
189 174
135 319
65 205
26 200
387 368
74 18
169 309
66 145
91 263
129 33
28 83
38 463
375 50
189 8
448 409
242 357
1 183
146 467
297 196
133 464
125 195
237 187
479 399
470 349
74 219
469 286
327 278
197 359
273 274
224 225
71 181
269 392
294 76
89 238
325 460
131 302
138 280
399 181
147 260
109 182
339 288
297 268
97 222
368 275
434 79
87 487
261 451
147 493
88 367
347 139
140 197
291 92
267 50
231 56
220 67
77 112
182 499
291 56
261 248
266 322
239 461
33 324
367 491
220 225
359 24
448 372
99 66
281 287
194 68
377 419
4 128
318 81
351 330
210 150
346 404
21 417
149 389
462 256
199 8
40 169
443 161
0 65
405 161
57 347
455 373
396 484
163 365
395 387
493 33
57 60
123 58
387 100
362 92
355 63
374 309
447 68
212 375
117 165
387 436
262 292
418 107
77 161
376 356
180 383
117 483
432 435
240 161
16 221
278 152
201 307
243 381
350 75
401 206
476 175
121 283
134 66
461 61
496 118
97 426
69 401
99 375
117 131
488 239
270 473
332 2
492 19
171 68
26 281
343 270
322 240
179 259
297 19
80 6
25 191
492 183
334 0
252 153
1 139
35 250
5 185
269 108
222 487
146 423
283 294
138 256
281 304
467 456
118 494
136 131
231 243
215 154
271 337
223 135
469 235
36 472
238 93
433 479
72 466
364 114
417 448
149 323
442 256
6 268
100 77
372 4
2 205
90 480
33 391
462 182
412 365
16 98
468 328
476 102
196 140
448 356
493 476
437 253
53 438
140 46
286 68
190 163
348 379
216 311
85 412
241 375
40 136
288 216
31 147
10 35
195 313
465 64
117 224
310 285
450 251
417 349
348 303
236 320
245 3
432 65
471 24
306 48
106 163
89 318
434 107
294 247
300 352
120 330
285 463
12 77
225 443
126 294
445 288
128 284
260 288
183 401
344 212
24 254
61 94
121 129
167 446
379 12
324 85
333 303
231 160
216 181
174 185
33 228
217 384
377 330
223 332
82 407
4 452
165 54
317 366
389 357
280 341
128 24
200 476
29 316
427 148
436 371
334 480
362 324
244 311
328 72
414 64
419 268
301 332
141 150
238 479
444 17
264 154
283 50
178 470
267 300
24 255
491 456
254 245
249 141
250 448
159 137
11 166
454 402
424 281
138 22
220 283
349 322
312 42
454 180
136 286
271 331
353 29
231 140
180 114
276 480
247 430
358 124
416 318
458 279
123 347
345 427
118 216
360 115
43 458
20 482
230 84
413 196
102 218
438 311
198 452
321 469
56 29
359 412
40 123
450 207
330 452
22 229
113 458
476 279
444 64
474 211
396 362
398 267
110 499
435 221
386 197
483 464
293 140
168 115
352 344
146 51
137 257
440 193
12 340
380 84
372 39
104 155
414 312
200 160
3 491
83 425
399 321
110 384
203 462
92 148
285 438
24 489
213 13
24 70
461 204
384 19
53 379
310 398
356 317
31 322
466 226
197 71
139 229
63 115
157 498
433 317
247 219
106 268
58 295
289 212
248 383
350 91
149 362
440 160
471 212
154 386
295 499
19 434
21 326
276 171
152 452
416 36
309 19
123 387
192 69
328 277
197 313
162 370
182 96
241 11
164 148
153 59
498 478
229 174
483 381
359 142
3 140
378 127
480 256
269 264
138 133
200 150
330 447
21 298
117 420
171 206
420 304
111 138
357 290
311 428
18 115
55 394
120 192
8 175
151 269
300 445
410 137
221 158
23 473
413 317
34 376
92 370
104 213
101 371
106 428
427 377
229 216
456 471
324 355
147 431
401 275
51 145
369 26
226 487
438 426
248 215
207 95
310 434
376 177
265 213
232 390
470 420
486 172
365 142
241 75
28 368
427 203
360 48
118 290
155 95
170 402
306 235
334 234
240 101
393 469
16 381
408 397
362 334
296 7
3 359
16 301
465 437
362 382
102 427
180 165
160 172
485 344
73 84
376 341
306 294
84 192
87 42
118 388
357 362
451 287
180 352
299 272
468 184
263 142
374 299
161 49
394 417
316 398
468 149
210 365
321 148
155 347
80 314
492 493
396 325
192 196
234 284
72 135
194 277
14 211
429 328
232 401
494 155
139 418
17 417
159 401
276 269
142 185
214 82
427 282
228 441
320 136
38 471
151 336
428 232
183 319
327 176
71 79
362 327
377 478
349 108
399 315
499 225
189 424
209 487
386 34
456 229
403 1
30 263
90 343
322 42
338 352
436 491
354 86
221 402
117 138
296 380
59 386
128 150
24 171
272 407
382 207
367 362
349 185
452 176
295 439
42 193
25 388
323 144
62 216
249 97
301 355
32 55
169 137
291 483
161 236
377 365
376 166
346 117
428 438
436 126
371 267
478 308
385 196
63 130
9 183
96 278
247 260
172 197
409 290
66 278
157 438
171 337
493 226
83 139
110 22
356 312
330 396
120 182
316 348
449 417
333 326
134 233
102 104
70 17
481 394
306 138
467 491
196 465
381 103
73 454
15 357
2 432
235 138
223 474
52 424
287 98
467 434
428 228
310 453
317 99
112 17
249 463
146 72
409 176
328 427
320 272
343 440
412 0
38 482
6 9
406 93
461 329
484 304
161 3
75 354
7 369
165 169
2 72
236 159
478 157
448 243
257 293
320 213
106 422
152 276
473 263
150 265
333 26
373 93
142 425
489 165
459 296
386 398
321 273
54 228
38 184
407 448
41 378
353 441
93 393
275 198
464 209
356 5
487 201
474 320
109 189
179 105
160 410
358 469
287 457
339 389
283 392
146 206
458 459
491 383
488 12
307 443
276 236
325 238
95 433
117 334
257 15
51 253
158 434
405 283
244 405
325 312
361 438
325 349
147 395
452 237
497 209
414 257
254 160
292 467
225 131
203 123
265 386
288 244
28 474
142 431
56 140
87 109
238 355
20 471
414 238
30 289
303 10
290 497
78 46
21 31
480 463
396 30
130 115
168 424
81 28
450 319
168 192
136 182
332 379
115 77
75 25
268 432
39 365
290 468
288 181
279 252
438 395
358 281
377 310
309 175
150 156
450 184
312 274
208 203
123 440
107 435
153 197
198 443
354 132
8 264
164 158
466 66
110 298
322 417
104 127
386 465
306 165
430 318
45 470
245 293
18 313
347 450
338 126
243 347
324 309
183 478
356 421
306 346
485 94
493 293
156 220
218 34
43 493
27 185
48 484
303 487
375 63
241 386
301 438
395 112
289 173
12 5
116 405
175 232
410 45
144 229
486 239
409 97
353 266
367 71
322 394
99 82
121 173
483 57
243 236
457 419
218 78
415 50
156 243
109 284
324 279
476 57
468 326
158 210
423 59
99 161
76 394
16 209
280 4
279 92
287 221
494 495
373 295
299 433
386 235
441 449
440 247
177 155
331 291
492 57
394 217
219 324
372 391
322 205
217 275
205 108
247 261
123 151
230 108
34 321
470 342
395 163
49 81
19 439
105 224
297 376
450 187
284 53
304 34
187 130
415 58
283 487
264 261
119 206
417 477
187 350
377 11
354 357
186 83
190 174
309 126
10 235
320 467
4 369
252 86
182 399
373 253
107 266
354 178
368 384
47 76
115 381
296 139
437 233
486 31
73 29
297 294
442 89
126 89
465 37
480 142
124 338
65 192
113 266
98 204
365 246
55 229
202 224
284 93
404 72
468 162
379 473
248 423
168 300
382 309
250 42
75 79
125 40
298 227
72 85
487 449
16 54
4 250
169 146
465 228
456 149
409 164
304 308
418 258
343 237
285 359
198 353
181 211
29 441
452 19
320 200
466 165
68 284
77 188
208 257
189 278
470 256
306 262
143 187
426 53
118 76
4 341
173 11
353 117
335 16
348 105
272 87
126 39
65 114
263 463
156 406
116 95
116 465
203 481
364 286
145 12
151 178
160 48
43 189
21 373
284 106
414 42
7 423
219 482
172 122
79 62
28 487
154 177
123 220
304 319
465 174
296 298
493 209
357 277
169 188
212 298
294 200
101 443
460 159
443 92
399 128
131 234
452 131
206 44
443 451
48 4
186 315
81 175
51 11
4 459
389 185
321 33
141 174
166 362
156 89
200 387
224 64
175 489
154 282
210 168
402 72
409 414
154 255
295 16
107 4
310 257
241 182
299 481
311 111
64 481
259 60
69 309
3 305
304 406
350 195
239 390
267 16
367 150
442 192
283 296
458 58
479 35
323 480
348 422
124 78
111 219
169 440
320 266
276 274
85 486
99 377
75 230
63 95
333 180
86 280
289 244
139 267
215 441
84 477
497 339
142 267
92 289
390 447
46 347
473 80
223 262
471 354
153 415
41 289
293 272
33 97
79 192
456 464
106 209
122 388
149 358
44 414
27 140
434 475
383 159
346 388
493 253
62 339
422 55
373 343
432 286
295 45
73 393
239 409
197 20
340 108
105 25
7 412
268 205
124 380
110 325
154 7
252 128
87 207
114 7
472 275
315 242
212 294
413 288
311 82
147 86
240 193
219 48
343 493
321 10
288 451
278 262
242 50
242 458
388 145
388 493
175 110
480 475
85 250
344 235
288 311
493 64
311 257
437 158
322 68
96 431
419 220
472 82
79 99
277 124
3 172
70 9
169 248
98 342
290 214
483 458
229 431
474 232
246 225
168 469
412 327
263 102
158 109
488 448
50 201
468 156
421 419
499 137
419 256
260 47
368 248
495 363
325 156
25 442
57 134
348 183
80 256
124 406
148 193
56 100
298 319
496 84
463 366
383 97
120 465
21 235
280 94
443 46
314 267
477 466
143 215
449 248
81 369
322 216
111 387
142 386
239 222
31 315
137 72
358 366
222 163
297 485
66 177
410 394
205 32
344 5
453 427
418 269
417 472
435 269
178 115
162 309
5 393
271 130
21 233
111 439
174 226
241 435
222 269
339 43
63 62
155 388
237 394
4 181
101 247
309 174
353 442
428 100
205 314
155 434
201 381
293 254
335 405
410 11
260 195
51 143
380 340
191 267
114 378
284 122
475 363
375 274
354 156
240 61
173 384
177 323
364 367
258 354
62 420
15 254
148 12
55 312
499 173
3 447
176 483
246 169
432 175
90 228
386 88
397 447
205 481
145 371
143 472
182 481
222 360
494 17
301 480
429 279
401 72
351 128
402 435
224 171
192 118
363 207
80 37
45 214
244 21
490 127
235 271
200 408
13 133
259 130
407 99
378 287
5 415
55 95
24 297
284 40
392 360
324 240
74 42
488 307
314 71
107 307
167 190
498 408
451 384
358 391
497 417
499 135
330 242
362 353
61 66
377 393
162 24
204 227
268 493
23 64
149 10
419 293
474 298
76 95
42 495
231 198
279 332
360 439
170 442
30 305
53 47
278 232
104 227
112 446
38 194
342 257
483 40
204 145
381 2
326 133
26 410
391 143
485 23
447 276
69 222
157 303
206 132
189 221
343 326
78 350
77 402
332 440
465 203
273 28
93 71
256 323
340 495
382 495
408 480
189 292
334 235
37 397
25 31
300 214
419 253
306 77
393 161
302 179
27 292
423 51
57 51
471 382
490 453
151 212
201 442
103 398
188 78
81 387
431 174
68 45
159 234
189 160
225 426
369 402
185 238
411 92
121 291
184 275
204 17
44 225
377 325
241 359
490 339
150 151
127 64
244 150
132 413
21 224
290 336
8 381
479 343
475 439
38 147
210 25
252 409
203 383
184 451
30 101
424 214
444 26
311 63
219 269
111 6
397 452
341 426
416 98
178 140
123 270
416 366
238 234
396 346
203 128
251 324
293 66
79 166
64 302
432 194
99 414
166 150
363 327
56 147
488 453
163 374
90 153
16 358
464 430
155 314
340 424
109 378
270 210
494 100
288 83
172 412
106 71
107 63
218 426
302 275
422 476
453 409
403 385
454 190
485 234
308 254
397 206
442 272
299 219
295 325
471 159
24 168
64 3
458 206
260 489
232 483
351 68
171 178
229 218
273 415
192 91
236 432
463 405
201 20
12 84
48 273
29 26
96 413
126 19
457 270
337 425
59 132
108 359
332 49
468 102
210 72
411 247
317 226
11 341
423 66
177 488
242 94
185 173
369 367
366 144
52 265
322 256
157 124
384 62
181 433
50 316
75 158
247 0
351 288
270 388
184 100
73 321
366 431
362 458
456 325
137 93
294 236
414 392
129 23
81 146
114 133
289 427
314 318
440 40
249 199
236 97
216 44
221 150
227 302
16 475
382 412
200 489
378 59
5 331
198 44
146 422
253 465
100 30
15 394
137 413
407 354
133 253
132 453
107 343
201 91
219 424
449 472
357 387
103 473
118 251
413 27
322 356
117 270
213 475
485 286
282 272
5 340
23 493
213 215
475 314
305 236
282 216
354 425
320 53
369 150
293 304
185 195
232 275
392 102
272 177
113 172
416 493
2 69
237 475
124 299
437 64
482 202
238 102
85 490
54 419
419 20
437 93
87 41
67 73
33 433
6 475
27 46
182 30
180 334
71 29
196 282
2 463
221 50
286 495
253 120
199 80
230 333
470 275
227 75
458 30
170 425
58 115
223 12
124 307
497 95
409 459
147 3
386 243
406 7
447 181
240 423
65 356
42 355
66 230
478 430
412 244
424 421
158 95
190 455
404 491
381 358
344 439
231 15
467 235
199 43
290 405
278 165
474 281
293 461
314 31
168 435
50 266
428 24
361 431
171 469
418 20
425 246
395 96
67 113
16 289
292 219
189 158
396 90
424 343
82 84
84 14
304 166
48 285
188 3
393 480
342 265
228 358
30 155
259 0
159 185
295 487
384 235
262 84
465 121
341 474
499 42
447 306
370 120
237 327
187 363
268 47
495 246
147 90
378 267
191 144
170 320
172 22
67 408
375 106
493 145
206 24
445 179
485 75
178 457
431 73
392 347
457 55
121 484
470 225
100 305
222 310
279 49
50 102
76 1
299 115
317 442
231 192
34 288
322 447
321 182
118 262
485 100
407 36
343 242
82 485
385 126
246 70
291 162
257 463
393 212
441 309
176 444
458 6
373 384
358 112
266 49
168 53
158 115
438 409
457 226
113 249
91 125
94 56
11 33
403 465
360 131
396 207
26 431
85 127
104 497
136 191
390 324
372 279
495 299
404 403
414 126
488 300
426 174
484 329
167 84
258 419
470 118
447 102
324 237
276 44
165 287
406 386
87 76
120 248
44 326
-1 -1 -1 -1 -1 -1 -1 -1 -1 -1 -1 -1 -1 -1 -1 -1 -1 63765 -1 -1 -1 -1 -1 -1 -1 -1 -1 -1 -1 52685 -1 -1 -1 -1 -1 9480 -1 -1 57553 -1 -1 -1 -1 -1 -1 -1 -1 -1 22988 -1 26118 -1 28152 1374 -1 -1 -1 33878 4704 43306 -1 -1 -1 -1 -1 -1 -1 -1 18307 -1 -1 -1 -1 -1 -1 -1 -1 -1 -1 -1 -1 -1 -1 -1 -1 -1 -1 -1 -1 -1 -1 -1 -1 -1 -1 -1 -1 -1 -1 -1 -1 -1 -1 48775 -1 -1 -1 -1 9603 -1 -1 -1 -1 1691 -1 -1 41009 -1 -1 -1 -1 -1 -1 -1 -1 -1 -1 -1 12955 -1 -1 37805 61746 -1 -1 -1 -1 18942 -1 -1 -1 -1 -1 -1 -1 -1 -1 -1 21485 -1 27254 -1 -1 -1 -1 -1 -1 -1 -1 -1 -1 -1 6776 -1 -1 -1 -1 -1 -1 15785 -1 -1 -1 -1 -1 -1 -1 -1 -1 -1 -1 30084 -1 -1 -1 41145 40210 -1 -1 -1 -1 -1 -1 -1 -1 -1 -1 -1 -1 -1 -1 -1 -1 -1 -1 -1 -1 33488 -1 64383 -1 60 -1 15955 -1 63439 -1 -1 -1 -1 10791 -1 -1 -1 -1 15093 -1 32563 -1 17881 -1 2425 -1 36743 -1 -1 -1 -1 -1 -1 -1 -1 -1 15182 25237 -1 -1 -1 -1 -1 -1 -1 -1 45160 -1 -1 55181 -1 -1 10130 -1 -1 -1 -1 -1 57018 -1 -1 -1 -1 -1 -1 -1 -1 14145 -1 -1 -1 48640 -1 -1 -1 -1 -1 -1 -1 -1 -1 -1 -1 -1 -1 35271 -1 -1 -1 -1 -1 -1 -1 -1 -1 -1 -1 -1 18452 -1 51590 41309 -1 -1 -1 -1 -1 -1 -1 -1 -1 -1 -1 -1 -1 44274 -1 -1 -1 -1 -1 14979 17831 39480 -1 -1 -1 -1 -1 -1 -1 -1 -1 -1 -1 -1 44466 -1 -1 14817 -1 -1 -1 20361 -1 -1 -1 -1 55245 -1 6680 -1 -1 -1 -1 -1 -1 -1 -1 24218 -1 -1 -1 21812 -1 -1 50655 -1 16759 -1 -1 -1 -1 5004 -1 -1 59119 62838 -1 -1 21088 -1 -1 -1 -1 -1 -1 -1 21367 -1 -1 -1 -1 -1 -1 -1 -1 -1 -1 61874 -1 -1 -1 -1 -1 -1 -1 -1 -1 -1 -1 -1 -1 -1 -1 -1 46111 -1 -1 -1 -1 -1 -1 -1 -1 -1 -1 -1 -1 -1 -1 63141 21953 -1 -1 -1 -1 -1 -1 -1 -1 -1 -1 -1 -1 -1 -1 -1 -1 -1 -1 48698 -1 -1 -1 -1 -1 -1 -1 7146 28615 -1 -1 -1 -1 -1 -1 63331 9814 -1 -1 -1 -1 -1 -1 63366 -1 -1 -1 -1 -1 35690 -1 -1 -1 -1 -1 -1 -1 -1 -1 -1 53559
9
0 34 13 235 1
0 21 5 273 12
1 430 7 112 6
0 383 13 190 13
1 15 15 227 2
0 91 1 263 15
1 100 6 437 5
0 226 12 16 1
0 364 0 145 11
