500 2000
127 498
450 416
42 463
173 424
48 481
479 424
477 80
460 383
172 108
371 241
52 158
41 105
323 103
461 167
350 167
283 148
256 187
495 482
271 444
373 124
397 154
237 71
6 366
255 326
296 385
55 50
150 248
333 258
142 364
335 421
3 458
68 208
287 423
421 407
412 389
198 459
353 407
321 57
275 185
490 145
91 447
483 375
304 371
279 316
449 86
42 144
251 476
439 263
498 46
203 467
102 434
50 477
315 142
195 372
124 178
190 434
223 35
286 5
151 438
83 474
12 283
220 135
472 456
178 450
114 429
405 447
448 268
341 31
80 310
119 246
32 491
261 98
118 147
239 84
216 438
103 462
384 162
264 368
217 254
268 256
434 309
39 194
433 196
395 187
360 497
468 107
202 64
9 393
313 384
94 111
282 281
94 107
2 204
19 49
154 491
158 33
241 17
418 198
362 7
109 484
330 215
391 359
255 23
91 78
377 250
172 216
31 90
161 265
102 458
237 212
465 318
41 142
369 257
282 62
488 465
268 353
77 332
262 255
312 54
166 377
91 389
77 271
318 364
391 202
159 349
92 156
160 433
434 369
265 352
280 257
296 168
376 447
190 261
246 221
367 112
400 253
335 307
197 116
441 475
18 420
191 143
240 69
212 283
49 459
54 163
498 308
198 340
221 485
438 4
351 248
453 481
292 174
74 200
31 411
79 204
229 391
7 252
439 22
343 213
198 184
425 26
254 269
315 392
39 415
39 461
52 327
125 364
153 87
237 454
293 468
403 462
297 452
56 81
209 309
133 230
312 303
482 244
272 232
297 183
81 348
391 442
65 144
52 128
27 281
164 68
295 123
196 465
309 203
210 112
403 317
251 277
203 230
108 454
370 141
269 351
171 237
109 127
264 213
494 149
74 424
380 472
234 82
115 362
310 422
162 132
370 29
209 133
93 40
372 333
408 380
61 319
210 324
469 146
301 296
252 237
402 27
313 115
490 349
333 166
79 108
410 253
289 420
245 340
439 347
312 402
107 153
466 203
239 281
99 227
177 237
300 374
86 379
362 77
93 56
136 395
27 6
25 416
185 245
415 306
285 356
94 101
5 425
423 434
115 454
300 102
465 153
391 247
52 23
208 127
395 420
440 461
436 377
24 65
99 308
251 91
422 452
315 244
12 139
169 440
487 309
160 368
1 158
441 58
432 50
194 115
321 253
75 68
393 137
138 229
477 68
90 26
57 396
250 108
180 278
371 152
423 79
103 90
215 400
183 264
21 131
158 462
241 21
15 470
46 178
431 472
221 353
228 319
213 309
259 110
308 141
211 8
486 443
334 16
93 410
476 321
51 495
243 260
16 102
248 155
346 352
307 4
125 274
128 435
158 468
300 322
405 179
480 178
171 201
156 27
51 21
418 333
53 289
482 122
166 225
67 428
155 286
59 14
76 299
53 396
241 35
93 438
470 65
291 394
428 95
409 385
284 459
79 246
450 321
255 252
162 485
81 324
409 494
437 495
231 116
417 452
206 476
209 346
127 285
344 16
350 229
141 81
398 174
239 63
334 48
77 339
366 276
114 68
128 454
264 8
342 49
60 348
408 133
146 127
182 200
152 199
44 469
73 57
265 386
471 90
80 271
263 139
441 401
439 400
340 82
27 291
232 449
368 418
232 202
494 240
355 174
44 424
295 450
239 315
334 393
240 350
487 345
204 461
331 249
23 465
380 495
445 12
77 152
70 55
189 246
291 375
145 285
189 142
4 123
339 327
361 272
77 59
412 83
457 492
133 322
2 89
121 314
134 281
245 407
162 72
163 474
484 4
70 324
241 158
73 333
212 451
385 26
479 482
129 174
447 8
490 137
234 99
369 344
43 52
394 209
94 363
420 111
240 198
466 127
84 443
419 95
18 68
48 285
289 379
277 496
192 421
471 448
73 4
219 495
168 337
267 119
205 35
9 186
291 445
363 0
307 404
379 370
153 367
459 46
209 298
66 267
155 153
34 126
148 115
392 271
126 472
442 495
218 182
170 441
255 221
173 186
305 146
60 376
78 158
276 297
50 26
8 313
81 393
375 210
399 448
162 416
44 396
222 478
403 212
93 316
265 244
308 33
139 95
331 360
481 488
277 60
498 254
457 212
430 400
287 68
420 422
498 134
110 450
427 292
416 18
381 266
479 21
39 86
240 246
449 470
232 81
362 385
306 343
154 143
228 7
400 290
290 243
413 491
219 321
16 12
455 22
456 85
467 87
93 65
296 441
499 184
362 108
43 478
256 57
324 144
402 337
7 44
334 397
59 191
411 348
436 186
461 40
446 478
265 211
175 445
5 65
379 79
36 496
140 364
318 269
141 274
148 451
390 394
95 490
266 231
457 108
273 329
128 346
79 173
421 195
296 7
219 127
381 128
474 413
288 9
121 230
70 143
278 37
0 165
24 21
384 457
384 96
478 488
341 295
17 92
284 8
353 299
150 81
394 239
195 142
229 173
91 291
35 103
164 194
204 99
189 20
49 147
259 480
343 117
195 333
329 356
273 165
121 193
407 233
44 231
125 368
489 228
183 152
24 78
403 391
454 334
52 453
235 377
427 127
48 171
324 294
491 66
65 107
261 152
198 204
239 354
491 46
349 81
417 230
463 278
378 488
396 170
448 145
355 335
453 250
474 496
293 33
237 56
94 313
217 444
159 256
159 60
98 93
302 468
141 482
287 32
212 161
56 214
228 99
322 135
8 369
443 452
237 117
331 358
414 291
152 83
290 126
195 427
223 166
372 93
78 153
355 472
150 155
254 438
482 215
21 232
179 74
313 346
254 152
358 390
257 247
57 251
267 445
156 11
84 392
448 156
479 157
290 251
91 287
419 427
376 486
142 216
486 457
482 410
297 375
441 333
274 120
275 326
108 200
340 296
453 424
187 98
217 6
169 314
111 360
96 136
342 170
278 254
248 126
482 296
285 249
176 490
413 394
96 312
26 273
360 261
238 213
389 373
24 339
325 295
423 414
351 484
105 393
420 473
75 203
363 456
427 439
474 386
32 412
207 226
372 161
155 224
193 28
52 188
418 66
350 257
78 416
356 322
172 90
475 195
480 371
96 236
11 25
396 494
410 320
374 325
284 197
66 471
9 494
366 286
151 33
330 221
80 180
342 45
197 329
440 388
453 13
3 494
378 468
292 0
186 337
454 478
333 44
346 141
344 133
138 226
163 477
194 423
284 296
335 415
302 247
24 214
215 247
428 146
431 299
341 401
191 158
451 79
281 398
66 179
319 440
159 208
262 425
280 81
275 342
488 467
472 388
368 36
149 287
333 381
138 63
337 109
405 14
476 53
214 435
436 283
326 207
459 197
148 298
313 268
139 332
198 456
141 255
183 60
341 226
267 284
126 466
118 244
387 388
460 201
149 415
70 8
369 497
286 427
18 476
336 159
325 110
54 123
235 382
348 277
373 385
280 208
178 396
100 286
469 7
358 308
71 267
134 411
177 111
287 170
100 47
37 2
283 105
286 166
244 9
346 422
165 321
147 217
290 395
290 269
432 160
400 303
296 26
447 30
72 276
134 488
20 457
423 427
97 455
242 335
55 197
80 33
313 126
420 330
160 314
74 99
283 311
378 408
343 8
273 24
68 443
393 127
123 115
366 479
493 332
191 372
223 58
409 116
373 370
191 130
56 290
238 132
317 489
94 318
399 479
17 478
84 323
119 56
227 295
252 158
248 134
355 38
327 444
386 428
101 233
251 495
141 37
88 244
181 326
380 239
362 329
314 241
384 355
159 178
421 127
485 240
328 349
96 126
4 117
70 406
480 27
130 81
157 492
263 95
451 489
289 173
189 346
293 386
240 360
186 59
109 338
315 282
113 26
333 453
287 145
325 197
181 429
146 203
363 78
43 357
48 35
359 20
205 190
489 400
127 56
324 221
256 474
102 17
71 182
11 59
395 23
483 311
235 251
148 226
171 88
257 470
25 124
36 43
152 478
94 188
402 160
88 78
418 17
440 172
17 211
259 380
485 300
88 213
353 226
475 314
369 212
8 316
2 370
460 53
67 233
478 167
375 122
167 99
100 465
243 58
50 380
286 77
57 165
297 319
36 45
118 320
113 306
302 367
443 310
75 236
10 431
291 470
58 407
291 387
344 170
14 133
340 31
368 193
69 441
485 397
187 465
45 158
477 393
165 20
391 87
2 428
480 231
453 472
257 278
72 73
77 267
194 79
341 30
52 349
203 61
466 415
445 89
195 466
252 307
391 115
228 304
201 428
449 469
182 309
471 41
457 94
204 490
320 358
373 427
220 416
316 186
153 323
290 205
287 33
78 22
28 307
200 115
356 301
210 335
115 266
404 43
365 115
420 74
233 211
239 450
380 389
149 370
14 341
445 159
434 98
339 469
339 420
175 190
64 411
133 67
334 455
35 99
61 282
204 212
384 342
149 403
269 440
16 51
290 39
236 230
473 307
95 81
236 287
417 7
44 285
265 482
7 15
333 268
442 448
25 223
432 198
23 65
177 38
195 254
244 121
249 232
45 111
498 162
371 154
343 458
422 25
380 11
289 100
301 495
476 171
242 297
18 406
250 95
372 357
300 416
397 389
158 336
95 48
156 360
59 460
406 25
208 275
327 188
222 488
185 313
73 251
300 429
385 280
246 86
278 255
51 485
70 203
322 204
486 396
484 94
349 397
466 458
326 258
292 103
367 473
155 454
253 111
274 356
387 14
230 86
456 225
317 261
222 422
393 354
474 195
74 131
223 119
272 219
424 313
426 445
24 308
291 153
417 177
76 40
419 468
473 137
254 395
250 96
419 8
117 87
396 254
480 71
331 387
139 140
152 462
333 59
42 382
136 257
320 479
94 75
461 133
168 492
195 380
224 105
417 356
259 373
207 480
91 64
434 427
289 239
454 161
346 485
334 202
93 62
305 463
55 320
353 120
200 460
1 116
179 264
197 441
173 343
326 84
5 437
331 410
169 460
393 234
216 347
482 333
363 492
353 123
401 70
384 52
434 241
375 364
353 153
404 407
6 322
376 257
273 174
141 46
481 108
442 320
332 355
472 421
33 175
283 290
139 203
149 343
121 275
81 451
479 186
356 420
464 24
333 426
410 310
403 69
155 295
444 26
51 313
126 499
117 129
156 243
169 353
484 133
67 259
161 160
480 93
18 342
212 11
92 35
6 352
353 329
144 238
448 208
374 95
179 460
465 273
478 458
492 288
449 165
170 94
64 158
368 390
414 280
403 232
473 177
385 20
375 446
186 428
257 305
259 293
167 112
66 277
422 217
488 159
489 201
28 155
45 472
476 131
315 463
78 485
174 87
212 395
426 238
68 157
150 52
243 71
384 201
268 55
128 38
332 223
270 151
168 19
251 424
425 121
98 206
395 252
399 9
37 283
430 295
484 277
18 383
344 206
249 353
261 418
320 97
489 193
172 221
346 382
468 70
173 314
453 170
212 300
269 224
192 46
241 292
417 71
0 230
436 49
274 204
221 329
170 268
421 254
53 410
395 479
32 292
81 340
215 36
306 198
369 153
439 327
262 351
10 243
181 195
227 87
478 295
248 304
336 406
386 37
367 98
472 322
39 234
389 7
36 218
88 292
474 196
207 369
195 498
98 483
477 10
119 490
417 280
26 145
280 56
15 364
481 89
65 431
130 489
98 418
262 492
371 137
297 435
456 407
355 129
253 143
35 339
380 320
182 453
338 396
8 181
48 401
22 340
339 292
204 488
404 308
176 257
208 399
78 171
78 352
429 421
22 168
114 307
147 449
108 372
235 214
37 384
472 439
349 147
389 317
347 42
461 331
246 47
256 49
4 476
58 94
23 296
284 92
477 8
281 431
26 237
323 35
170 189
455 414
177 385
453 427
278 407
295 147
232 321
232 192
45 381
396 440
222 311
235 427
328 479
357 360
209 76
437 221
163 138
124 113
373 115
205 493
481 134
425 326
73 229
335 113
47 176
317 410
158 483
218 85
152 231
63 367
263 102
96 386
221 213
417 31
286 49
395 76
61 74
429 68
297 89
314 361
23 406
154 218
8 115
425 42
465 381
287 405
63 69
485 64
186 62
472 134
311 175
266 251
394 191
458 72
86 28
383 49
249 242
424 378
394 147
469 400
33 490
321 334
399 140
498 456
416 85
357 204
478 50
269 414
292 96
365 185
447 244
311 348
372 375
269 353
39 213
394 60
17 313
395 294
180 217
491 83
450 15
232 405
52 265
286 38
49 413
438 336
24 375
261 166
199 373
169 170
319 159
383 388
357 96
415 310
359 365
259 488
5 450
427 493
111 64
297 18
167 259
53 375
354 382
14 208
372 318
221 237
103 55
401 383
494 304
94 490
393 142
494 177
431 421
102 478
358 355
467 61
387 83
454 257
229 251
260 324
102 212
404 0
363 91
179 65
22 403
446 456
323 74
280 498
336 39
316 357
145 234
201 463
285 307
210 125
81 64
471 264
415 375
472 335
349 309
299 65
50 371
286 278
241 100
129 426
6 437
367 66
490 464
17 84
464 18
206 259
339 271
189 403
87 203
277 344
268 490
105 360
31 481
459 205
9 369
306 305
132 289
84 181
87 166
35 307
374 54
92 95
62 341
465 194
371 220
168 387
282 269
115 471
132 262
80 332
73 51
237 229
110 240
136 36
111 334
162 454
453 59
23 311
16 364
467 371
160 39
328 403
394 495
423 230
470 464
346 150
188 392
194 272
350 231
39 103
349 430
46 483
359 215
404 470
183 116
362 318
379 59
24 327
486 341
364 189
398 91
243 427
463 442
231 179
344 398
246 184
49 434
235 94
290 355
255 68
191 283
151 257
209 208
306 225
405 303
271 324
293 52
196 358
347 274
112 493
59 296
138 177
32 411
363 223
155 12
453 272
180 384
24 179
338 381
325 231
56 426
164 73
67 169
174 472
147 122
306 80
120 369
64 139
492 219
492 365
368 77
481 76
248 413
57 403
101 214
224 476
207 407
172 426
282 77
362 446
111 267
337 40
469 278
389 459
197 392
297 123
116 435
89 365
449 48
7 310
439 182
285 64
259 105
153 273
371 104
38 57
92 392
246 397
295 323
32 212
366 104
418 317
156 7
489 310
330 338
286 31
392 181
44 306
285 100
59 240
448 13
318 0
233 445
54 302
459 374
469 90
84 34
106 308
281 446
389 250
251 450
390 300
163 206
446 193
272 387
40 432
318 202
336 499
420 120
132 330
92 220
146 388
65 312
349 451
382 145
254 268
133 368
46 290
132 236
463 250
52 477
165 39
162 258
132 226
304 62
275 330
413 220
273 450
332 231
395 237
281 26
38 130
142 373
280 22
388 46
138 235
489 388
479 230
495 355
221 190
217 264
246 122
318 440
251 93
76 227
304 23
130 276
163 151
434 42
499 118
289 469
144 449
195 83
37 264
305 317
295 386
489 243
338 80
20 197
69 361
406 180
40 398
68 2
496 480
415 369
419 315
359 47
343 260
117 132
224 228
192 271
248 36
78 437
105 25
402 306
83 483
153 266
101 23
79 281
146 15
380 144
326 187
152 106
492 270
87 149
31 422
399 18
206 102
273 380
118 475
118 79
159 121
295 143
219 369
363 83
383 339
123 362
42 27
267 312
25 157
142 5
297 373
488 498
252 441
16 68
83 253
206 247
429 463
319 27
482 374
194 494
247 290
377 30
110 297
318 204
45 160
309 363
17 340
60 498
36 397
295 182
309 103
142 159
226 459
200 278
33 381
356 148
389 70
469 291
103 387
4 280
489 377
169 184
89 429
221 176
133 361
15 414
292 201
92 185
254 390
82 454
95 312
378 342
496 167
443 480
3 272
56 246
146 363
275 133
335 282
22 170
402 439
108 208
112 266
161 329
368 348
194 170
455 165
43 237
477 189
181 192
416 246
183 68
82 307
261 67
480 273
421 165
135 200
388 61
153 154
290 159
178 497
278 306
192 316
488 7
128 499
457 336
297 40
38 472
327 447
330 302
395 341
37 458
184 357
45 121
347 407
241 275
357 395
226 93
227 397
39 211
226 3
419 362
443 179
140 402
171 228
120 83
423 58
193 41
365 326
342 348
398 482
178 475
104 340
102 384
160 113
192 367
12 318
297 445
120 124
459 71
441 243
161 295
438 148
473 272
266 294
8 430
41 453
250 477
392 411
330 358
111 116
384 319
408 348
280 401
379 281
483 430
72 253
420 459
246 288
60 483
453 16
61 214
49 439
362 399
422 207
472 217
386 416
286 269
8 162
156 26
39 391
338 106
185 243
47 207
483 282
450 211
296 33
238 254
414 436
210 471
360 70
83 92
79 169
479 256
212 51
133 263
487 248
221 151
364 128
174 96
202 345
498 184
72 393
21 276
111 195
85 492
215 344
111 291
218 109
41 136
460 307
194 147
379 452
338 166
220 457
300 498
379 155
180 229
99 174
134 312
477 383
310 336
332 451
367 459
26 251
243 301
415 43
369 166
448 81
133 143
131 377
369 310
379 173
408 142
120 109
424 133
82 409
176 303
125 494
144 315
250 179
437 445
71 287
145 22
231 343
394 95
384 454
255 391
198 254
231 269
328 50
326 10
304 340
135 261
232 286
47 327
217 443
116 391
449 399
206 249
463 452
445 265
10 387
141 68
201 401
67 168
268 248
183 204
99 173
78 330
408 267
76 88
194 137
227 239
221 260
305 155
173 310
407 269
106 225
63 223
292 197
164 268
81 499
55 281
76 136
47 368
445 58
472 141
441 488
117 275
356 380
433 292
300 195
220 105
77 312
415 208
146 481
485 113
159 180
354 100
142 449
268 81
205 419
297 37
153 446
355 236
367 284
246 172
389 364
30 354
265 267
257 227
131 151
73 127
411 147
462 68
337 478
356 463
430 322
237 55
73 286
449 308
328 184
205 313
445 434
435 354
491 427
23 85
448 464
409 417
47 249
146 344
473 76
261 296
266 331
113 105
336 318
202 492
87 498
31 440
26 13
145 309
154 204
21 40
-1 -1 -1 -1 -1 -1 -1 -1 -1 -1 -1 5511 -1 -1 -1 -1 -1 -1 -1 -1 50087 -1 10683 -1 -1 -1 -1 -1 -1 -1 -1 69 38991 -1 -1 -1 -1 -1 -1 -1 -1 -1 -1 -1 -1 -1 -1 -1 -1 -1 -1 -1 -1 -1 -1 65512 -1 -1 -1 -1 -1 -1 -1 -1 -1 11812 -1 -1 5698 -1 -1 -1 -1 -1 -1 -1 -1 -1 -1 -1 41369 -1 -1 34259 18833 -1 -1 24331 -1 -1 -1 -1 -1 -1 -1 -1 41114 -1 -1 -1 -1 -1 -1 58564 -1 -1 55710 -1 -1 -1 -1 15901 -1 34165 63298 -1 -1 -1 -1 -1 64642 -1 -1 -1 -1 -1 -1 64311 -1 -1 -1 -1 -1 -1 -1 -1 -1 -1 -1 -1 -1 -1 -1 46408 12059 60649 -1 -1 755 -1 -1 -1 -1 -1 -1 -1 -1 30501 -1 -1 -1 -1 -1 -1 -1 55131 -1 -1 -1 34033 -1 -1 70 -1 -1 -1 -1 -1 -1 -1 10745 57953 -1 14586 -1 -1 57436 -1 -1 54784 -1 -1 -1 -1 -1 65516 -1 -1 -1 -1 60357 -1 -1 -1 -1 -1 -1 -1 -1 -1 -1 -1 -1 -1 49395 -1 -1 -1 -1 -1 -1 -1 -1 17788 -1 -1 -1 52000 -1 -1 -1 -1 -1 -1 -1 49917 -1 33322 32771 -1 -1 19806 -1 35323 -1 49297 18602 -1 -1 -1 11500 -1 -1 -1 -1 37048 -1 29425 -1 49668 -1 -1 -1 -1 -1 40986 -1 44288 -1 -1 -1 -1 -1 -1 -1 -1 -1 27344 -1 -1 -1 -1 -1 -1 -1 -1 -1 -1 -1 -1 21518 -1 -1 -1 11142 -1 -1 -1 -1 -1 -1 -1 -1 -1 -1 -1 22134 -1 -1 -1 -1 51801 -1 -1 59348 -1 59272 -1 -1 -1 -1 8410 -1 28535 -1 -1 -1 14391 -1 41611 -1 -1 -1 -1 -1 -1 41073 -1 -1 -1 65379 -1 -1 22111 -1 -1 -1 -1 -1 -1 12168 -1 -1 38801 22846 -1 -1 12705 24200 16896 -1 -1 15 -1 -1 -1 -1 20715 -1 -1 -1 -1 -1 -1 48717 -1 -1 -1 -1 -1 -1 -1 60710 -1 -1 -1 -1 -1 -1 -1 42894 -1 28291 11878 -1 -1 18569 -1 6357 23627 -1 -1 64427 -1 -1 -1 -1 15648 35122 -1 -1 -1 -1 61048 -1 -1 -1 -1 -1 -1 -1 54164 -1 -1 -1 62912 48156 -1 -1 -1 -1 15868 -1 -1 -1 -1 -1 -1 43651 -1 -1 -1 -1 -1 27508 62435 -1 46615 -1 3516 -1 -1 -1 -1 31389 -1 -1 -1 -1 -1 18739 -1 -1 -1 -1 -1 -1 -1 -1 14768 -1 -1 -1 -1 54158 -1 -1 -1 -1 -1 -1 -1 -1 47301 -1 52729 17223 -1 -1 -1 -1 62552 60990 25065 -1 -1 -1 48466 57603 56462
8
0 266 8 207 11
1 18 7 151 7
1 62 14 196 4
1 349 6 384 6
0 92 8 415 1
1 393 14 203 2
1 48 5 208 1
1 288 7 328 12
