500 2000
370 153
332 254
482 261
347 327
318 258
57 110
137 211
212 194
491 170
426 105
426 28
256 433
179 282
119 88
113 196
198 493
70 291
114 131
447 94
212 452
249 437
145 315
285 247
471 313
199 452
222 250
253 279
380 67
463 109
146 446
383 1
391 420
73 417
33 76
137 59
191 90
375 95
41 168
485 263
214 1
441 204
190 491
385 199
416 179
77 107
441 15
357 130
400 403
57 205
396 18
217 192
222 414
204 462
114 249
293 169
488 449
163 122
358 481
492 402
400 233
237 415
322 352
15 476
251 168
114 316
256 114
103 386
406 351
375 359
416 239
444 121
293 244
224 230
211 451
230 441
61 467
303 63
397 213
145 235
339 63
162 205
368 178
14 404
389 263
38 57
466 263
289 485
379 83
209 304
229 415
166 179
269 5
27 200
288 301
235 56
30 465
356 97
340 337
446 471
51 258
234 221
139 388
124 218
410 155
101 410
229 239
341 153
29 410
228 454
90 326
286 216
111 454
316 374
443 341
96 358
174 180
237 144
425 129
220 401
489 24
83 273
473 372
473 300
272 140
178 430
102 220
140 456
312 147
260 203
415 242
417 393
424 140
49 310
1 239
456 414
267 235
65 392
106 272
73 168
159 181
465 140
163 395
34 183
127 180
45 393
101 467
45 389
86 94
34 373
306 445
469 330
443 259
415 405
1 52
258 302
358 238
39 16
361 261
285 319
442 36
344 333
259 487
145 215
104 491
289 484
215 184
445 435
216 404
299 23
206 404
373 267
418 283
481 12
13 428
387 6
74 348
115 116
329 45
156 119
129 453
238 211
453 265
50 139
196 439
359 226
91 163
216 427
36 304
177 294
225 84
202 467
28 332
47 426
367 119
111 36
97 61
249 408
184 192
264 294
55 336
127 40
277 410
149 33
424 476
332 412
390 262
82 34
431 319
83 311
5 427
433 184
473 479
196 151
291 289
374 365
134 292
328 162
107 164
282 293
360 248
126 76
406 340
18 480
180 185
132 351
420 252
483 185
223 336
393 482
368 359
379 89
96 396
241 474
357 61
373 111
497 392
58 236
295 129
302 175
239 175
307 450
63 167
61 320
470 196
338 179
299 326
134 484
270 383
442 290
220 240
445 327
252 39
174 258
233 132
431 106
263 463
170 163
175 165
121 257
400 25
244 309
14 147
370 286
22 129
91 358
186 332
236 477
438 433
148 66
14 285
44 207
212 5
170 233
198 393
381 472
43 449
99 158
178 417
4 226
344 44
266 414
481 423
39 52
347 21
135 186
325 272
32 223
484 197
421 16
28 175
272 430
233 146
172 14
424 127
181 277
171 374
70 63
284 152
381 488
458 119
30 225
137 190
279 373
349 335
414 428
385 261
117 50
313 68
232 84
452 330
390 498
256 365
333 367
119 479
321 105
316 196
226 7
420 474
15 295
355 80
127 410
380 160
186 425
256 277
240 180
333 180
435 499
9 181
364 367
377 181
315 60
155 135
419 188
187 80
59 219
250 32
448 128
374 91
345 55
262 56
122 112
349 174
323 0
41 412
363 276
228 472
313 398
324 342
148 418
217 212
184 366
291 133
362 318
148 16
96 99
301 374
118 399
307 234
475 315
228 148
49 427
230 137
129 74
348 55
433 451
330 409
176 72
38 89
147 164
25 148
264 463
119 481
102 420
201 254
357 76
90 220
262 399
240 19
328 365
343 321
305 363
191 108
404 236
80 142
469 25
100 416
410 49
484 58
17 292
321 363
108 309
407 420
55 53
378 68
167 223
353 270
253 22
181 146
133 298
150 64
264 451
253 17
12 460
130 6
200 76
126 62
477 257
129 426
221 450
383 296
220 485
414 181
444 183
214 438
292 67
255 389
390 30
221 43
46 387
283 28
57 404
214 444
382 323
198 378
188 25
319 103
230 396
138 65
391 460
491 469
184 453
266 63
424 253
58 381
118 179
20 430
98 427
119 421
317 305
348 262
146 162
11 275
297 428
241 258
107 28
339 77
317 499
272 22
285 260
167 412
193 342
480 177
83 486
259 373
385 299
249 315
254 422
215 446
252 8
165 365
380 262
442 143
106 174
340 173
360 404
24 60
287 145
13 116
222 275
236 77
429 394
426 311
295 428
372 21
431 335
43 467
257 171
184 145
229 203
156 268
140 145
463 326
40 280
57 296
318 448
363 111
482 10
184 170
320 311
450 339
439 69
281 331
96 442
306 487
425 102
59 147
331 94
486 0
155 179
336 6
71 354
209 93
123 156
476 231
499 481
230 235
260 24
336 335
398 20
23 294
317 0
39 482
362 18
387 19
116 173
151 425
435 152
175 146
354 34
316 74
240 375
306 256
298 488
203 471
472 151
60 365
225 188
387 229
247 356
115 134
418 318
76 264
485 427
118 90
320 377
149 164
5 492
327 210
90 44
499 154
47 199
376 340
305 61
166 18
277 305
166 98
357 22
469 287
355 126
470 42
439 186
23 129
394 156
0 111
490 274
75 384
75 274
427 347
432 130
353 368
118 211
122 390
204 198
79 97
80 388
105 288
84 493
8 192
64 448
86 434
126 495
182 395
47 113
461 364
485 385
179 129
245 434
444 19
497 394
478 423
90 420
340 109
407 497
335 357
221 29
435 170
3 292
406 80
57 491
188 199
201 206
39 38
264 24
87 59
182 488
228 245
474 334
497 405
84 498
171 39
147 446
122 71
238 20
385 270
397 454
58 184
241 4
253 288
379 353
14 321
59 107
108 92
217 305
235 97
439 5
402 487
154 54
160 364
368 475
310 409
52 129
38 230
159 405
313 365
187 412
212 381
378 357
419 388
415 496
472 9
279 145
467 18
402 273
180 416
313 151
268 253
441 104
144 2
131 430
441 340
408 298
113 435
392 416
180 194
391 141
64 216
345 120
136 334
20 92
215 210
422 259
117 455
244 155
483 68
162 211
301 349
367 201
68 430
413 178
93 489
362 167
413 106
465 162
240 178
247 33
274 22
367 455
168 461
107 453
147 104
305 136
403 348
409 57
408 449
127 177
334 338
166 178
340 375
233 6
167 195
440 221
281 72
143 358
407 266
190 288
143 390
257 156
256 208
171 280
171 326
14 89
100 398
454 106
9 186
290 256
362 8
140 231
378 59
455 411
186 72
375 419
377 138
426 187
54 369
82 337
85 251
317 99
56 209
373 480
314 145
340 165
283 456
301 93
210 321
322 370
169 144
476 417
170 279
129 218
493 50
469 54
381 309
342 439
416 23
261 151
54 238
0 377
410 296
116 414
15 415
367 406
23 231
112 343
42 133
394 242
270 82
69 386
220 328
320 476
394 222
255 67
452 185
69 273
290 373
343 216
115 295
252 368
359 148
95 342
400 128
231 443
91 262
347 220
444 51
385 179
409 445
465 438
302 339
11 318
393 120
293 15
152 135
96 435
208 451
92 358
340 126
222 93
135 149
382 465
477 22
88 270
182 124
6 440
17 290
410 212
452 350
339 495
423 493
268 118
492 439
176 161
193 328
313 104
114 92
440 77
433 108
89 432
237 275
296 227
327 280
121 396
295 46
242 484
440 200
31 377
339 371
25 60
383 51
143 354
407 406
468 405
333 248
492 289
339 417
196 270
432 408
178 339
37 442
40 163
399 440
417 169
169 431
272 465
95 351
188 479
339 231
82 35
348 458
128 216
343 236
412 202
145 491
77 387
437 160
355 87
389 170
477 451
262 180
291 445
205 49
26 387
159 469
166 378
303 378
69 405
285 498
344 455
433 467
11 253
397 37
273 302
192 165
108 485
43 228
253 135
210 101
245 178
109 330
413 79
164 380
476 130
377 45
465 76
398 53
37 394
378 70
198 75
52 370
290 67
183 498
217 339
228 474
71 193
17 126
4 464
494 6
194 214
64 295
48 110
237 409
79 236
239 100
433 27
210 122
381 483
361 102
6 225
107 236
260 172
393 352
349 199
130 86
413 459
264 242
304 67
62 360
309 133
201 163
463 190
7 234
261 11
46 462
499 80
414 369
37 203
10 361
446 165
438 148
294 255
445 221
243 75
243 267
396 219
319 466
51 37
308 11
62 459
9 396
447 111
23 341
263 116
466 310
292 38
208 429
299 350
261 354
194 432
63 403
49 74
426 432
148 64
59 129
290 243
117 319
162 443
497 387
64 432
241 86
313 419
405 176
350 495
233 40
382 267
450 350
381 391
153 281
164 154
0 189
57 22
472 205
373 2
69 287
133 411
150 94
284 203
78 362
223 476
115 199
341 437
5 355
478 62
199 189
239 453
82 196
361 242
248 296
467 26
50 16
42 6
319 402
253 478
43 246
227 360
138 195
144 162
97 271
69 416
468 472
228 135
202 400
476 68
302 166
94 216
371 182
414 402
137 462
355 81
162 152
279 152
236 317
427 235
291 267
213 83
448 11
460 355
171 236
369 143
262 354
282 263
217 481
272 160
122 297
404 326
99 248
122 113
270 122
1 269
496 284
125 258
342 21
282 59
456 60
88 185
421 104
247 437
476 156
363 359
198 293
398 336
398 42
467 437
126 463
158 347
19 403
254 456
58 434
0 473
219 4
465 79
234 456
268 205
235 217
275 484
201 147
15 494
61 202
49 454
395 401
493 71
136 44
14 110
373 185
158 302
42 172
72 110
465 90
233 451
223 369
438 386
77 481
75 64
373 110
407 353
426 2
39 427
215 202
89 9
316 372
162 245
180 477
274 154
388 51
19 275
414 126
297 176
492 150
396 46
279 254
490 229
338 332
299 209
253 276
411 274
336 229
368 457
413 123
258 490
99 227
117 399
455 169
319 9
257 349
192 302
39 124
188 462
403 157
53 161
152 484
402 482
351 145
338 313
7 370
387 2
67 386
269 392
81 278
159 93
372 203
492 72
181 79
392 456
299 109
462 32
279 82
148 71
27 193
459 96
193 216
317 37
45 172
353 239
378 255
345 495
188 252
165 189
11 463
189 333
50 328
91 74
101 277
134 100
415 16
423 26
382 334
294 36
431 51
350 398
100 411
156 380
257 232
174 329
392 283
302 326
334 353
214 355
83 305
450 472
57 340
118 440
19 89
484 264
177 411
42 288
4 439
358 453
280 238
49 255
283 373
499 393
466 185
263 53
281 156
429 7
452 213
123 470
105 375
252 469
310 493
87 390
332 315
33 224
356 304
232 50
194 46
326 391
220 479
353 130
87 179
324 484
100 95
132 8
360 338
96 312
289 281
125 17
76 83
95 47
259 438
208 191
332 391
282 48
365 197
66 268
18 258
261 284
480 360
448 146
298 186
131 52
449 214
70 87
90 238
304 130
50 53
163 258
189 498
3 382
451 387
114 395
154 100
82 440
327 321
400 199
299 245
227 455
322 176
446 162
429 236
76 412
64 279
476 60
325 426
463 80
127 430
434 474
491 192
295 214
277 346
463 486
110 359
414 424
41 480
357 43
414 219
203 329
457 268
113 178
273 466
89 448
103 192
208 32
117 172
57 93
228 476
218 119
254 394
73 163
44 308
375 303
364 292
312 483
301 270
327 314
484 182
496 150
295 436
98 226
203 117
131 483
464 408
498 491
322 465
461 237
336 353
446 427
185 285
340 36
467 408
314 352
273 389
460 196
347 147
28 390
482 267
435 154
292 399
379 40
172 274
39 265
409 223
333 324
197 235
476 449
276 18
97 186
171 186
24 203
48 129
325 404
393 458
115 389
146 492
294 152
288 332
283 264
265 480
89 416
162 140
202 205
323 7
391 450
142 272
272 215
32 288
466 258
446 90
385 275
371 49
157 174
76 351
57 190
167 470
382 162
92 73
65 147
196 368
307 195
383 326
399 129
40 396
225 332
492 48
63 387
461 338
408 176
339 48
374 363
303 359
182 95
281 211
89 473
436 291
395 132
321 426
413 241
191 483
281 312
498 314
481 98
455 153
181 211
265 276
202 316
231 227
202 459
152 444
32 58
346 88
2 242
134 140
315 480
50 364
469 189
226 29
301 151
276 67
48 199
216 396
130 479
278 220
129 263
115 309
203 201
57 177
227 12
394 200
425 411
89 301
343 35
377 184
64 336
471 488
17 35
263 175
27 475
30 474
281 116
19 427
18 399
147 101
388 94
136 353
133 430
158 148
323 94
491 30
78 39
152 263
346 477
78 494
131 474
373 398
235 434
64 185
388 130
115 456
483 282
121 413
492 431
288 156
115 282
228 28
155 268
455 70
257 301
125 166
160 400
247 297
325 432
83 394
8 15
355 316
324 41
13 122
357 7
268 104
166 413
121 248
352 459
113 384
478 11
259 284
97 432
185 375
93 233
91 133
182 86
178 436
225 47
179 306
479 201
68 140
183 362
333 475
103 351
109 32
268 403
355 167
13 62
83 243
445 118
194 307
183 281
101 496
462 303
230 211
138 191
473 261
435 182
437 211
137 127
114 116
70 121
220 42
291 116
320 117
472 235
277 369
35 158
243 364
95 99
488 146
121 410
427 221
403 328
434 364
374 12
234 441
175 300
94 190
58 182
172 318
419 353
249 492
250 104
228 393
304 352
29 225
220 167
369 154
151 358
370 289
292 169
272 454
489 66
256 391
481 52
257 216
146 361
106 66
315 272
248 390
363 183
335 161
34 321
285 272
385 27
425 175
222 35
259 276
207 355
231 74
110 332
110 60
484 261
465 432
484 72
150 414
370 140
225 493
42 426
257 439
471 406
68 468
446 252
145 360
49 380
403 290
384 66
463 414
349 153
15 483
213 324
99 368
465 7
215 226
223 171
285 426
9 327
227 347
327 290
232 153
39 153
345 224
8 342
192 345
472 261
135 100
261 186
282 322
400 390
421 219
113 274
333 72
286 253
12 78
248 364
140 436
432 98
53 34
442 152
219 411
89 394
281 325
44 84
313 59
393 240
371 57
276 187
199 480
92 398
115 373
248 56
199 89
162 223
283 287
388 195
287 252
367 285
403 251
222 315
330 209
39 279
389 447
108 289
328 13
371 174
332 395
444 196
263 435
229 430
490 434
239 141
68 240
314 404
482 255
36 230
393 72
273 176
12 274
234 363
328 75
380 488
40 399
11 357
460 51
343 301
351 468
305 51
455 364
138 163
443 95
53 386
459 72
10 387
276 391
232 414
246 147
220 25
310 490
425 178
462 180
217 270
314 220
281 253
429 2
367 67
92 1
164 469
73 193
97 88
202 41
383 187
273 130
149 27
44 45
378 203
23 386
32 332
232 107
482 37
185 142
83 6
58 235
420 198
403 384
341 259
110 117
53 85
494 257
245 421
149 407
188 98
158 458
206 95
97 255
396 145
264 232
272 267
24 494
218 59
103 80
277 414
193 159
158 246
412 33
490 498
301 136
153 67
457 463
209 246
89 67
286 497
420 424
144 278
292 271
15 95
187 238
305 336
80 66
43 122
196 440
339 0
102 83
472 383
379 92
217 269
177 237
314 1
32 97
436 14
323 489
371 130
495 298
122 378
109 410
478 424
333 238
135 299
182 134
497 222
411 483
384 466
83 143
25 92
99 347
130 300
102 197
491 247
82 415
372 373
497 62
473 404
215 277
349 21
442 333
27 20
180 379
284 243
358 153
135 128
219 459
71 142
248 450
278 7
185 111
285 337
258 56
216 150
276 201
420 119
201 182
69 455
92 33
164 44
125 54
293 144
131 142
480 340
393 398
282 436
62 123
292 194
483 138
29 355
441 269
265 184
499 433
493 129
105 130
476 99
489 197
196 492
93 182
373 149
24 401
174 263
129 375
135 455
147 448
487 348
261 371
61 494
329 193
435 142
162 122
171 81
338 26
124 28
127 474
372 371
298 239
36 306
378 135
401 76
200 87
115 288
179 238
470 340
150 262
292 297
327 245
365 98
289 364
234 39
400 165
401 242
120 401
322 272
459 292
46 30
1 266
102 168
192 348
205 176
222 177
289 452
218 362
234 269
462 327
161 143
470 460
276 52
314 46
101 130
438 114
141 227
309 198
225 150
59 498
40 450
145 278
414 65
320 251
64 325
366 109
87 417
318 369
295 128
443 197
347 450
130 496
55 361
283 123
252 16
456 468
149 7
406 485
420 348
145 147
194 266
188 193
64 226
53 387
466 79
357 29
423 196
315 457
306 4
213 115
394 292
244 399
22 386
484 167
25 238
317 496
478 346
309 345
486 41
339 6
237 423
363 263
440 451
391 228
127 254
446 30
190 480
89 349
373 72
402 416
243 338
18 283
78 343
368 279
9 312
21 283
3 224
358 487
489 311
184 342
195 435
174 409
371 329
90 13
353 299
194 50
365 280
374 310
483 477
9 307
332 48
24 399
255 45
262 300
251 201
190 234
38 453
25 65
358 252
441 214
438 9
236 270
109 150
72 342
208 103
206 122
201 152
34 443
384 408
487 383
459 326
4 191
217 330
499 170
9 263
285 296
122 15
87 234
160 227
327 255
385 53
432 311
404 89
472 216
45 463
470 250
62 430
226 321
23 200
127 204
167 125
317 194
38 218
293 196
259 66
306 218
427 257
116 92
384 451
296 486
204 388
273 318
217 22
240 105
422 55
363 381
265 37
22 320
206 97
467 200
158 198
173 311
114 31
360 157
169 403
217 123
179 355
297 140
234 261
67 253
260 148
439 172
420 25
174 380
77 139
476 184
317 395
205 422
140 37
217 288
307 134
159 1
404 321
377 65
228 24
146 451
80 489
191 160
70 324
159 47
235 182
476 215
316 293
356 123
308 378
139 312
418 135
268 92
93 217
119 345
142 51
233 416
407 202
401 37
383 276
303 162
440 489
78 348
251 187
434 217
118 475
138 253
436 164
154 339
392 327
300 19
75 157
188 281
210 298
2 54
288 451
170 30
47 198
259 358
358 176
437 163
147 124
494 217
150 126
298 174
460 385
360 493
165 237
301 279
377 362
369 122
328 40
145 200
135 294
241 425
170 2
465 21
369 97
394 498
180 196
85 416
316 176
272 384
57 79
475 300
-1 21446 -1 -1 -1 -1 -1 10662 -1 -1 10298 -1 54762 -1 -1 -1 -1 -1 44064 11775 -1 -1 -1 -1 -1 -1 -1 -1 -1 -1 63887 -1 -1 -1 -1 -1 -1 -1 -1 -1 -1 -1 -1 -1 -1 -1 -1 -1 -1 -1 -1 -1 29705 -1 -1 -1 -1 -1 -1 -1 -1 -1 64449 31022 -1 -1 -1 -1 -1 -1 -1 -1 -1 -1 -1 15323 -1 -1 -1 61876 -1 -1 -1 -1 -1 -1 46218 -1 23619 -1 -1 42233 38272 -1 39707 -1 -1 27667 -1 64130 -1 -1 -1 -1 -1 -1 -1 40501 -1 -1 64148 21844 -1 -1 -1 14170 -1 -1 -1 -1 14125 -1 44713 -1 64234 -1 -1 61410 -1 -1 8556 -1 -1 -1 -1 -1 18311 -1 -1 47028 -1 -1 -1 -1 -1 47427 -1 1748 -1 -1 -1 -1 -1 -1 -1 -1 25637 63471 -1 -1 29801 18465 45572 -1 -1 -1 -1 -1 -1 -1 -1 -1 60139 -1 28814 -1 -1 -1 -1 -1 -1 -1 -1 -1 -1 -1 -1 -1 -1 64734 46103 -1 -1 44875 -1 33981 -1 -1 -1 -1 -1 50307 -1 -1 -1 -1 -1 -1 -1 1233 26872 -1 -1 28259 -1 -1 -1 -1 22202 -1 -1 -1 63891 -1 -1 21982 -1 -1 -1 27631 -1 -1 -1 32959 -1 -1 -1 58745 -1 -1 -1 -1 -1 -1 10209 -1 -1 -1 -1 -1 -1 -1 -1 -1 -1 -1 -1 -1 -1 -1 -1 -1 -1 -1 -1 -1 -1 -1 60246 -1 -1 -1 -1 1773 -1 -1 36201 -1 -1 64850 -1 -1 -1 -1 -1 52777 47129 -1 -1 -1 22452 -1 -1 -1 -1 -1 38212 -1 63018 -1 -1 -1 -1 -1 -1 7920 -1 -1 -1 -1 -1 -1 -1 -1 -1 -1 -1 -1 -1 -1 47493 33111 -1 19204 -1 -1 46919 -1 -1 -1 -1 -1 -1 36165 -1 -1 -1 -1 -1 -1 -1 58963 -1 -1 -1 -1 -1 -1 -1 -1 53164 -1 -1 -1 -1 -1 -1 -1 -1 50233 -1 -1 -1 -1 5857 -1 -1 -1 -1 -1 -1 -1 -1 -1 -1 -1 -1 -1 -1 -1 -1 -1 -1 51578 -1 -1 5859 -1 25546 -1 -1 53634 -1 -1 -1 -1 -1 58461 -1 -1 -1 55013 64842 -1 -1 -1 -1 -1 -1 -1 -1 -1 52739 -1 -1 -1 -1 -1 -1 21121 -1 -1 -1 61843 5941 -1 -1 43698 46871 -1 -1 -1 -1 22710 -1 -1 -1 -1 -1 28227 -1 -1 -1 39410 -1 -1 7255 26502 -1 -1 -1 -1 -1 -1 -1 -1 -1 -1 -1 -1 -1 -1 -1 -1 -1 -1 -1 -1 7433 -1 11877 -1 -1 -1 -1 21194 -1 -1 17947 -1 61220 -1 -1 -1 -1 -1 -1 17445 -1 -1 50127 44920 -1 -1 -1 -1 59347 -1 -1 -1
0
