500 2000
305 171
297 46
485 209
71 457
67 390
106 251
384 237
428 394
34 207
40 129
242 425
300 346
233 290
248 467
135 36
175 353
306 477
202 295
292 0
439 451
2 379
244 93
252 409
43 220
131 473
92 288
496 114
340 488
202 165
52 177
418 237
349 434
428 421
119 448
45 413
372 290
80 68
170 119
488 275
400 464
103 194
432 351
285 51
113 456
233 115
41 72
26 481
487 192
280 379
381 115
37 63
32 137
426 222
166 433
455 147
39 309
170 365
58 357
91 251
254 36
407 14
417 447
2 97
328 255
343 124
304 188
22 344
151 77
472 274
345 82
425 446
465 453
381 483
414 233
464 467
497 280
70 0
49 330
94 470
206 361
102 222
109 24
187 410
413 484
413 255
31 470
274 453
244 236
405 359
9 474
368 24
127 338
400 450
274 32
320 315
429 244
366 233
118 74
282 372
33 349
232 30
74 48
79 180
373 45
440 358
461 217
348 95
162 425
109 301
382 219
286 94
314 496
472 93
328 131
447 407
152 383
204 410
407 480
287 497
334 208
61 430
424 251
105 401
476 53
479 447
257 231
378 122
101 96
75 489
15 189
66 404
205 419
4 460
24 140
250 266
97 432
10 7
114 70
467 201
215 311
328 44
97 59
443 457
347 50
89 67
362 386
462 158
284 119
155 315
329 158
265 25
465 283
162 121
304 234
82 21
439 33
82 168
243 179
478 252
152 292
175 278
173 288
493 164
467 386
116 102
429 456
148 43
87 193
52 492
102 207
460 359
350 384
14 156
54 135
44 437
157 115
35 240
462 275
248 149
207 311
143 96
459 2
147 212
432 268
82 195
173 252
419 221
376 230
441 466
128 184
52 207
71 404
407 59
1 93
165 75
317 285
483 407
45 73
14 284
249 182
263 384
156 313
213 361
332 191
366 332
53 338
424 75
22 94
359 455
179 224
358 294
397 92
180 91
106 19
240 103
451 427
38 124
362 253
150 316
144 107
283 252
367 439
126 74
191 340
221 300
167 203
44 454
396 356
416 146
126 238
414 321
228 472
389 300
347 301
251 176
149 494
367 304
199 53
126 144
206 312
247 148
353 83
108 133
285 341
335 449
487 224
164 356
118 1
454 403
101 458
151 169
215 275
396 187
39 390
176 326
132 25
296 51
175 496
18 253
319 472
164 421
266 265
265 94
467 21
157 418
449 494
253 147
303 93
330 290
341 448
486 433
444 272
200 240
336 384
331 108
281 109
421 242
457 295
24 206
273 312
397 200
2 353
139 77
15 458
485 278
304 303
421 492
431 93
482 40
331 341
319 31
437 357
463 25
441 454
357 349
380 332
62 263
400 207
399 320
277 292
401 145
99 313
426 435
93 138
382 398
403 90
344 67
13 80
284 138
261 457
311 50
218 131
16 358
268 479
387 292
23 170
263 199
139 439
122 435
61 454
287 257
174 75
373 363
439 487
303 25
444 22
83 346
307 17
166 197
349 62
213 232
205 278
288 463
290 24
365 194
243 124
433 28
61 236
101 188
80 462
29 41
192 158
453 267
273 157
156 226
46 290
325 187
325 91
168 499
478 144
437 98
440 256
7 295
158 457
107 366
296 126
252 88
279 120
320 495
151 39
208 357
81 100
450 266
167 105
72 278
316 495
410 191
356 421
378 280
86 129
374 400
258 83
260 239
441 111
223 350
454 178
437 495
58 241
477 320
398 86
270 107
158 321
181 221
13 386
118 439
367 440
367 250
195 398
12 472
288 158
16 6
342 44
356 255
221 107
312 434
195 88
189 269
302 150
440 65
167 363
340 60
4 102
385 467
331 438
343 241
198 480
450 311
451 71
46 409
91 241
298 166
307 65
247 207
452 316
45 244
109 296
416 78
40 52
223 85
247 440
192 481
135 413
346 227
293 101
499 231
92 369
174 187
359 302
184 165
110 406
492 431
157 361
90 463
251 339
251 163
264 174
159 94
18 42
378 11
333 285
433 220
464 223
156 77
52 408
25 98
448 139
416 111
485 288
133 42
223 408
314 215
138 26
371 79
398 21
113 35
86 98
279 350
73 233
235 16
192 424
162 299
346 164
349 408
365 200
95 115
41 445
174 15
482 415
388 43
21 159
477 220
69 447
109 432
155 475
367 27
303 276
344 77
304 176
266 353
402 67
97 26
483 251
237 349
87 362
91 417
399 156
399 449
402 439
446 124
228 484
229 101
87 109
176 63
190 32
444 115
381 274
200 302
104 439
337 484
304 292
154 103
115 189
4 198
491 121
244 341
27 26
300 126
226 323
282 157
471 298
403 171
281 251
151 240
89 359
305 478
20 284
498 343
213 379
189 308
329 495
448 473
43 107
287 209
453 80
378 367
150 361
414 377
259 407
60 460
318 482
150 294
498 236
381 132
329 497
380 131
177 152
488 123
411 240
93 70
149 100
356 97
96 242
29 252
16 415
310 449
184 201
332 235
477 151
403 80
154 17
412 8
168 65
376 34
414 176
102 108
218 359
170 384
96 184
388 147
403 423
257 352
240 138
342 455
251 430
361 360
359 449
68 415
478 318
207 438
19 207
120 243
448 36
55 170
298 458
260 405
485 305
257 19
432 304
291 119
93 465
27 129
424 493
451 406
362 430
131 191
322 468
431 304
22 355
275 345
489 421
49 159
423 129
248 2
247 22
389 108
107 179
173 87
245 393
465 19
300 385
445 155
446 244
476 81
160 326
20 67
91 236
360 259
101 258
224 142
212 213
24 198
268 354
385 147
98 462
160 440
283 20
336 289
420 330
163 102
1 234
497 422
13 388
272 369
219 203
443 350
211 156
96 305
385 367
417 89
178 404
331 0
333 328
354 434
288 18
83 81
397 313
230 411
291 124
386 227
212 7
36 149
485 463
433 466
91 97
249 127
302 442
266 458
351 114
434 134
228 446
68 137
399 479
423 43
251 0
200 218
112 447
85 258
205 189
434 80
5 158
305 236
32 129
451 379
162 386
488 155
52 434
54 480
358 325
156 55
414 280
137 345
91 196
490 476
497 45
423 179
146 339
115 86
224 349
163 314
428 233
136 130
244 296
68 211
191 121
182 484
467 269
94 193
192 25
339 322
311 291
436 281
284 40
324 342
50 67
322 162
141 119
129 82
448 155
113 173
158 408
200 334
396 487
76 350
50 296
445 280
372 188
160 460
149 298
136 306
183 402
398 302
170 283
281 105
439 75
301 148
384 142
196 84
82 62
467 382
180 108
259 136
388 153
425 461
188 360
191 167
385 103
217 281
72 88
411 166
80 390
118 443
211 307
214 93
484 115
23 351
291 12
72 150
27 322
403 339
21 167
174 99
336 234
89 475
298 237
144 192
372 261
250 371
69 361
98 168
199 256
345 385
9 124
479 170
279 128
343 156
213 211
41 423
461 108
134 24
391 492
372 98
78 197
434 82
103 98
64 286
208 86
375 429
370 154
257 460
389 333
240 231
366 488
119 397
244 183
475 264
417 114
345 115
426 89
246 407
303 32
67 322
142 191
329 389
404 392
421 363
322 212
289 448
317 469
206 444
323 387
63 190
146 267
252 361
7 273
346 301
9 144
294 292
331 392
416 64
96 169
8 418
269 453
178 392
427 88
154 423
190 327
309 112
259 462
31 455
246 310
419 136
232 489
390 165
461 345
192 245
98 449
419 369
283 180
368 70
290 100
218 305
212 253
362 181
113 361
157 253
209 91
461 398
99 438
469 242
387 267
465 221
312 101
446 438
495 215
470 129
124 167
459 331
96 265
396 118
118 320
465 28
322 479
365 198
30 477
339 312
264 224
103 179
481 330
33 183
231 400
228 210
413 279
129 302
160 163
488 489
416 376
254 211
186 483
289 261
303 491
473 272
275 331
102 439
229 238
407 221
2 40
142 467
145 376
237 238
246 370
200 184
289 494
6 277
256 41
257 469
174 170
130 232
225 173
272 171
92 282
383 80
50 118
292 101
210 305
28 280
276 349
469 399
14 117
8 251
364 31
402 115
27 362
471 75
458 404
242 429
350 314
435 33
283 266
310 223
432 315
167 42
234 306
289 79
262 388
184 407
370 362
190 401
230 401
111 487
208 315
440 443
305 161
343 71
176 437
97 310
385 8
84 485
225 119
341 337
245 445
95 200
351 3
440 297
49 196
1 103
225 233
407 322
475 386
375 492
40 74
23 162
218 42
255 462
230 347
101 100
385 218
105 290
205 373
273 346
168 398
144 145
498 376
316 102
433 162
366 104
483 393
31 320
342 46
221 57
380 80
331 286
140 117
447 228
144 435
175 260
316 362
369 132
22 402
389 68
0 197
21 152
366 457
382 122
122 29
363 479
48 409
476 499
142 321
317 394
369 198
389 400
361 428
3 112
109 379
337 297
489 104
336 34
299 422
185 30
183 228
119 96
17 167
11 322
74 186
15 67
207 423
484 303
404 327
135 91
389 330
337 14
34 17
183 127
478 156
80 412
429 311
237 288
317 386
496 253
430 30
110 170
195 155
50 260
252 466
58 299
421 199
217 474
48 202
410 212
12 411
363 149
46 56
121 370
134 145
475 493
22 340
257 158
365 160
76 257
332 327
268 345
451 475
494 291
397 139
377 82
183 388
256 286
316 356
123 249
135 463
128 285
72 275
430 228
30 158
311 274
23 374
362 136
307 414
440 400
393 209
380 138
129 96
88 332
100 403
452 255
221 116
398 69
215 410
426 406
318 241
328 492
473 370
405 193
76 266
86 76
371 118
85 66
328 125
286 53
99 18
57 95
270 307
126 451
63 228
366 413
57 96
114 473
483 171
425 204
122 40
106 198
290 386
81 365
489 498
106 467
50 176
348 243
429 266
486 88
72 349
342 285
26 307
357 97
97 14
349 102
36 414
114 227
280 224
475 13
135 118
204 238
119 372
492 158
104 116
468 472
307 5
21 385
185 17
33 302
327 359
219 224
326 65
61 461
316 437
404 94
131 324
403 496
61 65
384 74
156 457
30 44
240 39
225 216
176 361
435 105
214 253
202 13
443 468
199 140
234 80
428 445
404 247
205 436
68 429
206 224
359 193
425 21
117 422
162 119
339 71
492 246
41 290
230 427
80 487
240 318
476 184
292 357
117 260
102 143
447 481
444 26
496 215
478 146
61 171
440 14
255 297
298 69
409 9
77 484
57 278
197 285
384 208
429 433
453 108
28 274
466 108
102 300
37 284
358 296
341 52
493 12
325 139
263 478
419 102
235 303
268 101
82 75
409 0
452 496
204 264
291 72
160 16
318 31
416 217
459 197
82 35
442 489
64 227
468 64
392 295
488 89
57 405
366 449
328 368
1 354
8 347
44 363
265 409
201 267
320 346
234 36
41 346
475 270
135 221
383 290
250 345
417 411
384 484
375 57
406 367
169 478
12 152
332 378
37 246
297 10
235 369
358 481
323 365
105 166
393 324
332 237
286 359
94 101
100 265
444 173
56 377
482 479
149 388
254 108
273 252
386 273
477 311
359 123
97 114
356 327
324 15
58 300
287 352
222 275
437 340
13 461
483 8
256 172
374 364
243 350
406 21
91 133
233 413
434 214
245 43
260 329
280 77
405 223
271 267
343 363
406 376
375 147
154 448
313 238
19 492
208 473
136 30
31 363
41 18
452 161
258 317
48 23
329 300
272 336
323 24
327 389
317 385
80 237
238 312
127 387
13 308
331 205
274 35
324 143
446 177
452 77
405 444
221 352
29 155
17 133
117 358
25 262
218 193
305 17
429 143
395 380
151 61
73 401
144 452
313 191
156 251
85 476
441 216
118 257
114 188
76 223
27 54
131 357
338 197
497 498
387 128
468 133
68 62
128 289
159 135
134 64
431 249
219 67
375 303
439 200
6 311
418 284
218 160
251 248
302 170
57 266
476 166
86 324
28 105
302 319
363 14
370 35
319 367
418 356
139 478
252 35
438 441
198 181
76 10
447 398
436 32
213 402
489 141
149 302
40 405
328 277
161 332
416 0
171 387
223 56
143 8
227 128
418 130
432 213
3 348
447 3
110 300
163 446
68 210
168 110
237 77
492 486
451 100
319 88
339 59
350 31
326 488
225 322
359 385
496 378
38 135
372 329
409 19
2 42
456 20
153 227
106 266
189 274
382 248
352 162
369 323
163 486
219 337
434 281
421 96
479 392
419 193
264 117
175 327
167 241
371 268
456 195
129 462
390 280
204 333
239 66
219 25
84 130
192 484
255 466
291 278
98 63
288 258
17 218
141 420
201 87
383 32
330 493
109 237
321 404
91 71
345 499
158 96
205 328
118 250
205 241
176 394
31 165
341 259
89 135
249 179
411 217
207 263
295 198
495 489
274 227
459 86
225 29
53 178
144 437
167 353
159 423
73 453
212 476
156 408
85 57
325 85
315 111
234 347
456 92
169 308
39 175
285 218
83 338
280 69
404 91
247 426
348 331
145 30
398 396
377 384
16 396
67 422
415 28
154 99
257 389
83 314
377 476
119 376
331 137
437 480
23 222
358 494
485 26
46 2
141 27
257 323
389 310
470 108
407 384
163 51
442 265
146 125
228 46
103 157
96 152
290 389
262 471
192 207
176 434
57 37
34 154
341 28
389 12
85 229
488 470
288 88
42 494
178 87
162 120
485 396
453 362
407 457
83 168
69 406
10 170
313 61
32 298
341 245
190 424
339 453
359 228
371 335
94 339
139 304
16 372
54 417
313 419
407 116
92 463
342 216
173 141
497 12
18 52
227 379
139 246
108 152
122 71
475 496
48 152
18 295
427 198
126 91
483 298
315 326
212 167
283 82
81 383
31 64
419 91
146 309
385 421
281 422
215 35
265 336
330 411
46 65
62 159
236 221
57 310
163 348
312 18
298 371
289 110
226 429
453 4
438 79
343 160
214 47
161 106
306 269
140 401
233 381
469 311
288 436
181 129
145 480
303 144
82 424
196 219
392 190
318 167
27 242
381 478
490 7
82 140
121 179
240 179
344 422
414 119
457 342
416 352
319 219
451 124
361 162
37 314
155 282
366 242
404 54
143 12
200 170
41 58
168 198
361 158
386 34
34 54
142 53
150 442
302 102
99 0
316 448
463 342
420 383
258 420
105 331
158 2
29 414
220 435
434 181
179 342
113 249
444 419
99 41
49 170
194 24
25 272
224 95
153 151
244 361
371 76
272 230
423 209
275 160
230 108
426 375
261 133
247 108
465 48
4 258
254 324
461 385
245 490
497 300
340 463
67 312
469 108
345 324
434 267
410 305
285 207
371 137
153 312
320 128
193 376
260 431
20 40
73 263
396 289
149 423
416 378
182 399
121 488
229 371
311 258
156 491
471 376
133 397
487 141
338 439
18 17
149 307
97 90
96 400
348 125
162 330
353 207
91 322
15 474
155 343
474 290
149 493
300 308
466 152
284 121
289 497
220 2
275 230
68 308
206 433
224 442
17 357
393 291
84 208
393 205
330 238
431 498
403 272
145 403
289 18
78 309
284 61
439 222
321 359
311 452
325 454
84 296
5 175
152 173
251 449
455 161
363 34
169 303
443 220
85 354
179 347
112 454
291 235
22 179
481 223
493 242
362 303
44 218
250 462
356 260
119 410
34 245
118 442
288 332
327 85
263 12
415 54
209 190
36 435
268 471
381 408
301 29
228 499
368 222
422 463
74 302
111 457
342 14
499 232
453 318
492 53
220 366
165 483
123 72
274 387
71 418
358 391
178 204
342 82
385 122
48 8
109 292
98 48
469 113
287 316
494 418
280 192
456 407
57 182
117 412
190 10
153 466
86 266
269 42
145 211
208 128
266 206
36 238
169 78
224 410
432 485
483 411
293 134
252 51
0 340
374 427
106 461
494 44
154 210
58 141
451 39
160 101
189 237
83 245
23 472
233 81
288 412
394 2
262 440
33 479
74 117
342 419
447 250
352 488
148 436
381 330
124 99
274 69
435 214
453 126
371 25
156 325
96 183
335 229
102 131
36 81
48 376
38 174
361 130
231 22
329 131
226 371
137 297
460 140
484 470
165 51
300 159
337 72
324 293
464 44
64 0
120 127
421 277
301 397
362 230
445 187
50 282
484 171
175 470
289 189
333 234
141 431
346 147
106 280
107 350
136 35
147 305
181 102
183 11
170 349
360 220
226 249
210 267
478 332
389 116
309 377
357 134
149 289
400 430
475 88
309 99
179 213
261 72
16 279
12 424
206 217
219 142
454 352
164 55
155 130
292 497
112 72
229 105
204 320
237 134
240 317
292 177
232 226
106 315
402 147
212 469
236 175
429 119
432 177
206 391
390 200
430 237
328 379
81 250
297 254
461 479
3 10
92 461
435 478
184 453
404 9
161 418
303 161
159 156
493 77
52 292
168 417
227 201
269 381
60 199
51 112
82 86
103 395
478 193
410 360
499 78
346 313
415 227
286 380
391 67
221 46
4 201
265 491
444 66
309 394
274 353
404 62
265 121
453 174
126 12
290 450
458 410
156 268
424 499
476 117
296 138
228 364
462 252
182 336
89 316
418 387
222 191
379 216
2 7
387 111
79 148
442 298
113 279
379 407
441 328
333 27
231 244
70 326
177 178
184 373
476 363
148 155
86 415
272 167
419 218
2 419
277 391
46 160
64 150
99 200
429 306
341 323
478 489
35 338
152 391
355 316
424 492
97 159
288 225
438 74
283 376
240 156
77 443
271 14
19 378
274 33
299 448
431 259
347 70
231 116
145 246
274 196
155 108
206 103
201 195
203 2
458 338
411 273
56 70
249 2
79 305
205 140
204 174
368 274
387 379
101 407
68 139
478 198
498 84
38 402
83 397
260 272
221 321
400 327
120 374
198 78
145 334
475 343
413 350
450 111
179 421
37 292
227 304
247 31
257 101
61 182
499 42
138 318
304 24
311 9
169 36
309 204
111 349
49 101
99 234
443 205
323 498
454 213
107 227
343 54
292 281
389 397
420 339
61 277
149 355
414 456
294 237
71 296
280 481
489 485
316 305
-1 -1 -1 -1 23092 -1 -1 -1 -1 -1 38189 -1 23702 -1 -1 -1 38555 -1 7454 13585 -1 -1 -1 -1 -1 -1 -1 -1 -1 58601 -1 56826 -1 -1 -1 -1 -1 -1 -1 -1 -1 -1 -1 -1 -1 -1 27629 -1 54518 1274 -1 -1 -1 -1 -1 -1 -1 -1 -1 -1 45414 -1 -1 -1 -1 -1 -1 -1 -1 -1 -1 52714 55232 -1 -1 -1 -1 -1 -1 -1 3678 -1 -1 -1 -1 -1 -1 -1 5605 30424 53842 37833 -1 -1 50340 -1 -1 40061 -1 -1 46010 -1 -1 -1 -1 -1 -1 -1 -1 -1 -1 -1 -1 -1 -1 29538 65114 -1 -1 -1 -1 -1 64498 -1 -1 -1 53974 21275 -1 -1 -1 -1 25853 52654 -1 -1 46706 -1 -1 -1 -1 -1 -1 -1 -1 -1 39524 -1 -1 65341 -1 -1 -1 -1 -1 -1 -1 -1 -1 -1 -1 12995 -1 -1 -1 52677 36913 -1 -1 -1 -1 -1 -1 -1 -1 -1 -1 -1 -1 -1 -1 -1 -1 -1 -1 -1 -1 -1 -1 -1 -1 -1 37556 -1 -1 -1 -1 27463 -1 -1 -1 -1 43395 47622 -1 -1 58448 -1 60546 -1 743 -1 54606 -1 -1 5187 -1 -1 -1 -1 -1 -1 -1 -1 58685 -1 9599 -1 27420 -1 2029 -1 -1 -1 -1 -1 -1 -1 -1 -1 -1 -1 -1 -1 -1 -1 -1 -1 -1 -1 -1 61808 -1 -1 -1 -1 -1 -1 -1 10680 -1 6047 -1 -1 -1 4900 -1 -1 -1 -1 -1 49243 -1 -1 6656 -1 -1 -1 -1 -1 -1 -1 40878 -1 -1 25842 -1 -1 -1 -1 -1 -1 -1 -1 -1 21731 -1 -1 13208 -1 -1 29878 53534 -1 59232 -1 -1 -1 -1 -1 -1 -1 -1 34343 -1 -1 -1 -1 -1 2548 -1 3751 -1 -1 -1 -1 -1 -1 -1 -1 44203 -1 10337 -1 -1 -1 -1 -1 -1 17736 49961 -1 -1 -1 -1 -1 -1 -1 -1 -1 -1 -1 -1 -1 -1 -1 -1 -1 -1 -1 -1 -1 -1 -1 -1 -1 -1 -1 -1 -1 21835 -1 -1 -1 -1 50747 -1 48241 31841 62324 -1 -1 -1 -1 -1 -1 26615 -1 -1 -1 -1 -1 -1 -1 -1 16392 -1 -1 -1 65429 -1 10427 -1 61989 -1 -1 -1 -1 26719 -1 -1 -1 -1 -1 -1 -1 -1 -1 -1 14545 -1 -1 -1 -1 -1 -1 -1 -1 -1 -1 -1 -1 -1 -1 -1 -1 -1 28523 -1 -1 -1 -1 63451 4958 -1 -1 -1 -1 4747 -1 -1 -1 21339 -1 -1 -1 23894 -1 -1 -1 55050 -1 -1 -1 -1 -1 26870 2681 -1 -1 -1 -1 -1 -1 -1 -1 -1 -1 -1 -1 17941 -1 -1 -1 -1 -1 -1 -1 -1 -1 -1 -1 -1 -1 -1 -1 -1 -1 -1 -1
4
1 138 3 115 14
1 457 9 176 11
1 496 9 73 12
1 220 10 466 5
