500 2000
18 275
173 372
298 434
485 78
46 283
73 126
69 35
203 285
259 68
333 389
483 327
198 402
241 243
165 316
17 492
275 147
326 305
27 297
6 311
384 196
259 178
335 488
344 425
306 50
176 399
8 234
358 1
82 158
298 200
496 366
175 392
492 33
210 230
493 378
398 183
162 327
145 408
126 68
67 20
428 157
414 478
473 156
232 476
471 410
305 417
207 231
224 304
88 362
331 35
374 221
489 366
152 78
204 286
464 388
333 188
218 196
5 461
78 71
318 290
384 137
484 389
419 91
56 298
254 19
348 283
46 360
135 237
499 33
26 176
435 274
152 42
198 127
19 31
88 345
37 238
407 92
152 401
416 345
47 71
117 118
99 464
307 494
56 296
109 465
344 241
109 292
288 355
256 343
479 31
264 448
33 30
446 249
161 93
144 229
15 100
23 4
340 285
461 419
405 47
40 129
280 177
318 244
212 49
251 443
11 481
193 441
194 410
393 447
408 104
470 310
42 66
206 312
235 380
320 334
119 47
30 139
249 225
296 393
291 390
494 24
71 442
403 32
214 65
456 492
160 16
411 266
165 131
291 33
43 18
445 276
341 235
410 394
451 286
115 254
409 196
239 189
313 405
74 288
329 362
201 429
340 275
110 85
92 30
206 184
348 330
22 70
404 201
334 277
213 140
331 488
122 14
399 319
169 219
88 81
363 25
257 489
380 469
99 25
309 12
186 275
467 124
22 56
140 265
282 94
402 111
332 353
168 327
12 201
314 315
156 263
437 153
423 65
79 174
239 270
461 336
219 398
225 126
364 334
317 306
455 200
139 338
116 295
189 168
495 14
169 390
372 255
276 181
398 215
88 224
443 4
404 204
395 24
228 131
285 302
377 443
164 341
174 423
274 81
434 485
246 42
55 213
56 274
235 223
306 131
4 189
461 332
439 133
381 197
170 380
143 202
52 180
110 375
371 244
36 385
195 286
276 274
432 262
342 137
68 463
54 62
40 311
475 200
122 141
484 47
225 496
33 463
472 393
124 292
274 140
46 260
406 156
187 266
494 157
275 362
199 109
181 408
89 328
408 481
262 35
273 216
247 361
355 123
346 324
212 115
183 396
482 201
474 348
440 204
112 171
312 415
221 381
406 114
439 75
422 393
179 430
16 368
178 369
484 245
43 303
89 493
341 430
107 152
241 244
166 172
147 309
189 450
45 324
348 430
19 300
162 205
272 13
292 90
179 167
220 152
166 97
416 478
97 56
261 480
297 425
267 437
337 447
218 164
405 87
209 198
235 246
465 127
358 48
459 129
125 316
373 489
268 317
473 251
423 188
88 154
134 216
49 398
445 174
160 315
66 450
370 360
219 327
140 275
153 130
27 301
48 391
73 185
252 250
469 396
354 147
404 310
218 251
302 494
103 323
260 461
210 432
4 412
365 197
446 213
19 413
382 412
455 30
193 368
167 231
186 237
462 143
164 145
105 324
463 466
400 209
466 301
450 28
260 84
495 417
331 219
346 19
297 435
286 79
359 41
38 418
483 74
435 177
4 89
275 310
165 197
411 106
496 480
172 186
63 413
16 146
480 351
456 402
457 478
30 278
221 26
442 230
222 276
84 188
247 420
73 262
269 85
94 301
244 127
369 222
378 86
297 475
115 157
62 246
73 477
87 124
37 16
208 354
351 445
287 56
302 84
298 244
338 451
181 294
454 164
19 353
29 165
189 433
195 441
443 404
466 176
359 289
41 234
174 97
129 328
19 220
368 420
4 468
286 239
311 354
275 171
249 265
448 92
372 244
498 228
217 248
41 317
224 68
157 69
102 356
323 460
294 94
242 71
244 112
160 306
19 265
65 175
490 40
298 469
297 497
430 227
345 208
224 411
273 77
311 244
225 122
300 134
12 442
361 308
113 300
184 69
178 203
495 68
253 175
173 248
117 100
247 336
134 9
170 126
113 350
15 246
371 75
200 79
285 283
122 410
53 250
483 130
3 155
107 90
73 474
6 223
493 307
266 180
425 252
155 188
469 290
171 368
277 321
492 284
195 490
379 229
37 10
293 301
250 297
96 98
124 293
441 5
403 364
352 233
80 283
148 364
221 469
301 488
177 226
300 90
22 357
326 392
373 312
32 282
173 299
3 63
325 250
11 246
212 177
406 138
270 146
35 64
257 338
30 50
71 344
239 110
141 256
461 122
498 95
442 476
275 296
204 298
250 329
115 213
233 357
277 154
87 181
235 457
22 379
84 425
482 204
136 115
86 390
175 53
64 227
405 69
340 387
233 88
463 422
205 317
285 216
258 442
268 210
11 5
39 49
414 415
161 487
88 313
84 494
192 50
106 37
428 114
324 495
23 6
191 453
239 272
49 451
17 441
124 20
194 71
19 241
24 139
257 62
354 342
353 202
34 446
108 395
132 258
51 170
175 127
113 378
343 92
25 277
392 435
483 407
239 56
152 354
199 345
307 485
407 160
228 438
276 402
221 276
214 310
3 450
407 277
294 350
378 424
4 322
476 449
247 432
499 181
76 146
99 453
159 88
9 42
370 287
295 26
491 456
446 108
306 386
303 347
311 145
363 362
278 265
460 383
278 156
187 257
274 103
93 342
141 300
61 213
453 174
232 276
381 268
58 94
429 280
90 285
489 286
418 309
359 215
181 6
170 165
492 353
362 260
3 16
353 229
130 224
90 257
483 249
257 389
266 23
61 284
308 213
406 200
359 395
88 300
200 473
127 420
91 203
490 172
337 286
267 443
185 304
373 292
186 81
151 206
296 309
274 481
491 16
217 254
88 138
342 272
310 297
54 148
443 130
162 418
229 216
306 234
162 74
365 150
395 163
20 33
123 57
363 286
303 231
366 477
98 223
289 296
458 177
358 49
327 157
333 301
270 452
285 387
296 185
214 144
4 157
468 234
294 54
488 295
467 406
304 125
69 467
68 138
458 5
14 471
8 168
487 36
437 451
202 425
390 172
117 353
367 150
203 496
36 362
420 346
230 399
230 201
390 245
462 227
210 115
42 90
448 41
207 57
379 205
82 177
322 199
17 193
253 331
65 379
105 371
382 44
469 77
90 264
375 69
288 137
379 351
202 485
132 224
78 124
361 302
201 274
63 450
484 311
182 43
147 85
234 486
143 427
273 16
94 318
385 298
63 297
334 120
101 283
204 467
437 99
62 221
12 257
268 243
133 464
107 213
428 197
496 226
15 80
261 79
269 381
254 304
26 394
494 214
399 119
81 275
201 49
245 49
338 320
39 341
406 80
155 314
314 209
158 397
430 315
394 275
423 191
30 414
284 476
34 491
86 235
481 327
384 440
21 403
454 75
167 121
200 248
300 403
287 499
345 3
84 339
167 18
486 433
287 54
487 220
417 361
316 317
359 383
236 28
308 395
270 489
38 453
171 427
206 190
489 453
283 276
437 255
46 328
244 289
21 69
241 231
86 439
108 225
417 197
161 356
25 176
323 87
133 204
94 121
416 140
426 203
178 408
81 99
272 474
149 56
434 408
157 302
62 226
330 421
319 431
33 324
228 232
132 490
226 215
67 70
18 367
298 409
50 104
112 133
141 437
333 89
404 0
377 127
495 157
234 250
471 375
418 273
59 167
401 499
311 480
360 116
19 155
428 283
311 398
373 25
278 193
237 73
59 417
366 475
132 107
384 217
105 411
450 209
327 286
166 140
218 305
160 492
25 233
455 347
454 213
280 221
123 257
330 135
229 180
449 344
259 67
215 417
89 420
218 151
116 324
447 100
111 56
200 287
489 459
231 481
315 122
307 93
193 309
13 55
189 349
225 266
59 368
417 102
178 125
76 191
200 498
146 411
236 185
234 190
200 221
190 366
251 8
431 174
430 426
25 270
57 87
373 341
366 8
409 220
470 277
8 317
16 196
97 111
282 48
220 399
332 221
399 28
298 237
487 414
268 211
410 327
250 431
415 65
400 89
89 317
321 89
104 58
238 407
154 226
50 488
44 308
20 63
26 82
407 320
70 184
190 373
206 157
367 10
112 234
149 377
375 491
200 204
176 45
241 79
491 168
436 403
218 228
93 401
488 251
259 111
447 361
1 491
77 362
290 90
128 304
149 306
407 219
300 49
361 320
129 169
73 114
404 160
324 313
439 357
401 100
327 382
248 437
89 222
399 371
280 272
393 73
267 230
88 93
421 315
90 284
159 121
286 405
137 465
171 226
447 484
440 296
339 493
258 395
88 333
95 342
212 4
166 136
447 375
378 355
150 212
75 420
250 362
56 34
483 237
346 211
386 163
379 169
69 334
56 147
465 56
295 91
460 58
42 120
212 329
407 272
285 28
220 340
86 307
246 488
195 212
317 483
342 467
176 139
391 494
5 49
377 434
408 473
270 159
62 373
163 229
454 498
282 370
65 276
186 458
323 275
8 136
333 160
251 308
58 417
413 220
304 369
257 88
389 351
165 147
291 374
338 290
354 315
60 140
414 401
386 495
186 120
481 310
12 111
347 118
59 43
123 232
278 356
64 268
430 140
401 279
482 276
324 123
95 77
454 293
9 99
360 403
122 25
31 305
490 198
339 131
316 49
139 0
473 430
228 127
375 212
415 354
39 288
192 321
197 200
283 388
116 265
448 187
436 53
11 341
337 199
201 171
28 66
189 63
122 401
193 156
188 369
27 191
380 418
350 477
82 92
256 158
288 371
197 203
229 276
221 281
225 283
436 362
432 3
89 28
193 400
62 68
387 103
261 183
109 422
395 63
457 119
333 402
58 145
68 202
391 176
105 441
36 69
18 392
194 152
178 455
303 138
263 345
113 34
376 159
370 293
111 162
37 3
350 122
340 256
114 72
430 105
313 225
76 96
92 337
87 410
401 465
45 410
297 150
397 86
346 66
401 294
191 255
93 174
45 211
172 466
307 141
314 346
322 217
455 219
349 26
322 366
446 33
170 211
338 103
158 46
489 377
313 101
466 163
469 218
168 73
222 283
127 327
33 477
259 100
61 312
43 349
370 128
179 342
377 257
421 454
98 321
352 14
129 124
382 333
278 443
491 356
107 261
439 332
330 15
426 123
5 316
4 325
225 356
201 217
239 362
422 146
265 330
14 21
453 485
51 40
393 372
119 413
124 287
374 413
171 478
387 456
464 230
146 95
23 121
424 49
13 457
282 185
120 348
379 272
489 186
420 373
371 173
252 12
42 203
404 70
247 383
453 451
79 479
499 5
354 49
21 444
356 318
145 324
285 339
290 457
88 432
400 315
262 78
89 84
259 136
207 420
166 95
253 298
161 123
331 0
152 139
71 205
399 287
132 64
384 40
196 93
256 190
53 153
163 240
474 53
295 462
457 38
352 280
330 29
382 470
229 190
412 209
268 418
236 160
134 105
305 394
159 410
229 381
436 213
497 340
362 119
246 450
33 416
143 77
162 489
434 308
105 235
476 436
379 462
358 100
433 271
201 491
56 112
331 95
0 443
82 260
448 150
286 220
212 226
328 120
348 149
50 123
485 137
325 414
263 291
148 258
314 75
438 40
164 231
193 111
351 93
472 126
66 139
212 78
285 220
35 325
251 61
153 492
437 359
78 60
278 35
142 312
430 373
116 29
195 291
381 72
406 133
367 163
283 122
98 218
87 33
253 310
395 175
325 138
166 331
477 9
330 305
239 175
185 95
94 258
75 39
285 457
362 139
267 169
233 427
4 263
265 401
299 309
402 486
161 364
121 342
248 252
434 269
327 379
368 446
184 387
194 221
116 281
332 32
441 298
320 292
186 314
309 46
435 496
395 53
396 411
303 333
404 197
73 314
334 128
287 293
12 242
344 194
61 236
329 14
151 248
193 311
236 171
258 365
35 213
266 230
349 234
453 409
338 423
62 230
382 279
428 304
404 229
444 104
378 135
160 470
338 79
80 191
63 42
56 448
376 48
248 156
58 204
259 325
46 143
362 126
135 274
449 384
452 412
361 191
126 149
38 89
321 185
459 304
100 103
391 77
111 65
14 360
127 357
90 218
198 356
21 294
12 388
291 394
480 476
338 51
192 77
404 346
36 281
440 400
293 386
433 354
141 428
298 383
213 490
199 92
96 332
272 83
363 127
169 413
205 214
238 379
444 498
143 346
160 394
26 472
283 233
361 388
465 63
41 350
376 490
323 331
160 478
286 13
137 168
21 89
62 292
100 283
262 449
138 285
36 132
269 35
390 466
301 379
461 152
138 260
434 237
408 315
8 362
379 340
399 344
113 73
383 139
241 458
319 349
170 292
458 376
405 101
329 197
172 400
129 35
172 37
127 493
428 81
479 299
469 152
379 448
130 51
66 67
4 401
94 386
81 204
118 130
488 281
343 247
38 25
61 113
164 67
113 121
196 152
347 222
103 334
210 478
156 456
303 226
396 18
201 147
288 375
226 270
493 69
285 129
480 168
155 345
319 41
119 260
6 489
289 334
306 397
11 388
60 91
298 466
39 354
36 210
127 393
45 58
131 303
300 39
446 279
419 166
244 181
94 277
18 486
32 12
86 229
285 81
197 98
210 473
266 40
329 160
378 458
156 82
246 483
370 239
381 105
388 472
429 494
272 442
69 16
47 283
110 385
359 460
121 380
413 115
214 73
367 362
55 146
440 337
424 326
245 380
256 161
111 71
98 178
346 491
31 268
21 187
282 364
453 81
391 306
426 86
209 273
440 81
351 70
132 367
485 37
118 2
312 250
86 218
412 205
249 486
394 86
135 319
60 391
29 2
99 318
81 189
446 132
19 166
69 481
485 161
219 195
50 195
244 309
328 80
159 272
192 368
56 169
2 94
187 301
194 9
21 238
343 229
408 444
354 37
94 173
426 186
323 386
120 251
113 315
397 301
21 57
463 47
2 444
201 270
310 254
371 395
321 72
442 101
380 106
1 445
396 245
341 408
225 272
97 338
154 14
294 475
189 6
207 417
66 274
387 226
243 136
56 132
114 462
260 455
288 285
176 274
289 428
6 166
157 351
429 156
300 248
207 189
356 95
443 356
215 435
0 173
267 67
178 376
159 390
14 143
105 85
378 242
14 140
178 122
191 235
65 469
311 196
117 391
261 339
499 402
95 168
388 184
252 447
230 386
311 120
53 442
182 477
235 64
241 476
330 292
318 8
189 329
446 78
87 340
361 164
270 109
36 14
296 16
179 483
178 402
425 491
408 113
38 412
263 270
147 101
371 17
33 475
272 371
488 299
413 476
109 36
137 91
413 42
172 360
343 330
124 208
387 384
348 486
60 149
134 368
367 404
276 187
48 186
228 24
160 357
201 61
262 14
252 424
74 144
10 148
275 373
490 359
342 48
471 80
282 275
125 64
120 140
237 356
76 227
343 103
297 43
125 95
266 259
227 236
359 277
244 197
418 479
419 119
249 146
147 390
261 238
145 135
160 468
355 49
407 394
476 200
120 188
85 266
294 151
400 244
45 413
179 227
98 371
184 126
435 364
42 47
145 166
489 419
307 431
17 207
246 455
4 101
422 418
140 372
156 100
71 270
243 187
350 291
69 134
9 418
181 403
149 200
443 479
96 328
430 163
122 240
125 383
184 23
101 160
154 201
185 434
140 6
158 47
59 247
465 306
79 330
220 47
108 439
76 49
217 210
329 225
28 18
115 111
425 66
264 429
75 360
228 239
357 333
155 12
343 117
177 264
149 430
229 262
131 263
399 115
335 175
107 113
189 93
155 387
394 297
166 42
465 469
127 113
101 226
152 272
97 124
376 456
331 92
490 396
315 266
121 82
51 294
225 82
311 131
320 29
214 110
133 159
179 273
85 39
167 219
265 200
52 110
164 494
439 168
435 412
119 176
162 483
191 0
362 359
486 100
156 452
307 480
492 102
452 317
357 456
105 289
158 362
226 335
487 89
307 193
145 281
154 441
248 369
292 166
440 375
445 86
496 444
85 116
18 67
173 127
240 441
405 411
439 459
156 242
438 227
106 192
434 401
175 465
463 485
7 292
317 332
346 398
159 338
498 28
492 481
490 402
198 372
31 323
132 373
205 489
246 397
207 412
5 271
358 416
229 21
411 212
479 347
415 281
429 67
228 393
85 418
231 353
269 414
476 334
213 385
203 425
415 14
140 249
317 437
298 444
131 138
9 19
300 351
245 209
382 378
0 88
401 46
211 106
81 47
342 31
423 320
337 10
103 197
25 136
36 275
354 264
356 153
202 91
295 309
349 452
228 407
104 6
341 232
337 499
143 147
167 479
205 233
38 373
87 12
27 175
108 267
356 12
102 18
29 460
35 47
294 90
11 130
192 136
485 255
94 87
303 271
45 89
154 5
336 292
219 90
281 222
325 462
341 262
162 47
100 43
81 153
440 72
171 376
359 318
372 247
46 14
162 129
97 436
254 52
183 24
189 428
426 243
60 349
281 463
298 259
358 237
385 364
233 169
429 45
356 40
430 217
178 330
416 332
95 211
296 413
218 456
21 19
439 450
387 252
486 109
222 181
185 465
457 438
448 181
130 31
258 169
303 155
202 102
398 174
61 159
15 223
377 381
409 296
71 468
86 292
279 201
396 192
53 115
387 201
173 480
341 475
117 346
73 424
284 275
81 173
58 283
38 108
39 345
445 183
447 28
97 427
426 472
88 96
263 255
34 333
252 257
129 325
398 81
97 54
183 284
50 493
499 280
437 482
314 361
497 141
241 202
335 51
241 75
383 160
85 121
426 344
361 453
439 294
292 469
154 335
286 246
282 89
448 335
339 123
77 324
148 84
134 76
61 93
407 150
470 51
352 108
163 182
231 490
190 186
468 356
140 121
371 180
20 142
361 495
56 35
295 320
240 498
324 2
252 273
0 12
93 222
332 92
359 285
169 452
364 180
109 298
290 321
249 134
224 162
20 324
169 240
160 50
333 482
59 427
379 460
240 44
462 398
168 460
74 112
255 153
428 207
198 201
104 82
392 53
202 391
300 264
399 375
8 54
395 21
233 154
261 108
488 143
71 331
97 444
108 71
120 401
427 148
-1 -1 -1 -1 -1 -1 -1 -1 -1 -1 -1 13644 -1 -1 46820 -1 -1 -1 42147 275 -1 50367 -1 -1 -1 -1 -1 -1 -1 -1 -1 -1 -1 -1 -1 -1 -1 -1 -1 -1 48221 -1 -1 -1 -1 -1 -1 -1 -1 -1 13083 -1 -1 -1 -1 -1 10882 -1 -1 37586 -1 2656 38760 27754 -1 -1 -1 -1 -1 -1 -1 -1 -1 30247 64968 -1 -1 47691 -1 5969 -1 17657 -1 -1 -1 -1 -1 -1 -1 -1 -1 -1 -1 -1 -1 -1 -1 -1 -1 44523 -1 -1 -1 -1 -1 -1 -1 -1 -1 -1 11845 40490 9498 48528 62474 -1 34437 -1 -1 -1 -1 -1 52694 -1 58478 -1 -1 -1 -1 -1 -1 -1 -1 -1 -1 -1 -1 47764 50130 -1 56284 64307 -1 -1 15085 885 47027 -1 -1 30815 -1 -1 742 -1 -1 44772 -1 -1 -1 -1 -1 -1 -1 -1 -1 -1 -1 -1 -1 -1 -1 -1 -1 -1 41895 -1 7350 -1 8646 -1 -1 -1 -1 -1 16526 -1 -1 33754 38331 -1 -1 -1 -1 -1 -1 -1 -1 -1 -1 -1 -1 513 -1 -1 11228 -1 -1 -1 -1 -1 -1 -1 48504 2927 -1 -1 -1 -1 -1 48059 -1 -1 -1 51668 15028 -1 -1 -1 -1 -1 -1 7847 -1 -1 -1 -1 58988 -1 22717 -1 -1 2525 -1 -1 -1 -1 -1 -1 38863 -1 -1 -1 -1 -1 -1 -1 -1 -1 -1 -1 -1 -1 -1 20017 282 -1 -1 -1 -1 -1 -1 -1 -1 -1 -1 -1 -1 -1 -1 -1 -1 -1 37245 -1 -1 -1 -1 -1 -1 -1 -1 -1 -1 -1 -1 -1 28306 -1 -1 -1 -1 -1 -1 18928 -1 -1 -1 -1 19627 11428 21561 29562 -1 -1 18210 -1 -1 -1 -1 4864 51425 54777 33136 -1 -1 -1 -1 46628 22711 -1 -1 -1 -1 -1 -1 -1 -1 -1 -1 -1 -1 -1 -1 12124 20206 -1 -1 -1 -1 33497 -1 15370 8316 -1 -1 -1 -1 -1 -1 -1 -1 -1 -1 -1 -1 -1 31738 -1 -1 -1 -1 -1 -1 -1 27083 24457 -1 -1 -1 -1 -1 -1 -1 39958 32526 -1 -1 2589 -1 -1 10449 -1 -1 -1 -1 -1 -1 -1 -1 -1 3061 -1 -1 -1 -1 -1 -1 -1 -1 -1 -1 -1 -1 -1 -1 -1 -1 -1 26881 -1 -1 -1 -1 -1 -1 -1 -1 -1 -1 6641 -1 -1 -1 -1 -1 -1 -1 -1 -1 -1 -1 57024 61654 -1 -1 -1 25210 44725 1871 -1 -1 -1 -1 -1 -1 -1 -1 -1 -1 -1 -1 -1 -1 -1 -1 53607 -1 -1 -1 -1 10186 -1 -1 1525 -1 -1 -1 30112 -1 -1 53056 -1 -1 -1 60415 60527 -1 -1 -1 -1 8473 -1 6836 59189 -1 -1 -1 -1 42888 -1
6
1 465 14 26 3
0 126 5 119 0
1 378 8 144 9
0 261 14 462 8
1 272 8 412 13
0 46 15 266 4
