500 2000
398 373
395 441
375 154
436 41
298 95
423 73
128 307
201 381
289 242
492 210
234 32
52 259
117 169
443 313
41 35
12 279
259 91
410 443
73 224
332 256
335 445
494 215
484 418
108 448
223 210
143 397
123 377
373 473
134 105
273 188
343 180
178 68
56 290
391 239
131 343
330 254
129 437
462 139
386 186
447 382
499 62
248 416
271 412
253 179
390 114
143 159
416 406
341 220
196 465
57 273
62 111
444 277
71 87
331 490
188 322
163 197
445 19
411 120
191 65
97 265
218 19
423 410
117 51
128 234
428 147
298 75
322 482
223 147
485 47
266 412
338 318
71 325
125 446
347 58
153 377
350 109
125 382
258 144
471 405
209 227
459 246
241 348
75 185
283 22
289 399
50 275
67 237
213 246
175 157
472 191
436 428
111 159
219 272
200 286
289 486
26 219
483 47
240 26
398 185
158 19
490 355
416 329
105 371
79 429
483 141
205 114
17 250
187 128
209 379
190 299
365 0
239 2
469 7
223 66
164 129
363 135
35 277
432 345
202 245
191 79
104 2
268 94
361 228
403 39
337 394
250 190
183 404
451 205
460 475
139 479
384 322
405 338
70 276
206 452
455 285
366 452
464 410
130 466
179 210
261 309
193 155
208 467
173 483
285 305
98 122
47 486
196 99
199 367
447 419
471 487
439 136
333 436
146 248
397 95
269 483
190 417
269 90
407 144
219 386
285 265
353 298
421 274
363 350
179 176
258 351
237 478
304 88
96 249
151 249
356 254
239 354
420 341
390 12
258 410
32 104
44 233
123 198
179 419
131 311
394 155
218 434
364 11
48 36
481 162
77 422
461 470
46 268
163 172
253 158
31 262
458 20
444 429
295 65
128 320
29 393
149 31
44 53
470 335
36 149
73 13
236 414
142 398
471 47
161 143
97 488
2 278
309 33
182 120
427 73
232 382
221 182
153 63
104 416
180 290
488 35
239 395
154 381
103 46
119 476
444 119
178 159
17 438
471 441
67 465
416 245
492 93
33 74
16 355
230 199
133 167
65 169
390 96
54 65
488 391
337 219
205 273
234 495
230 196
379 8
324 291
373 195
200 409
174 24
32 410
74 362
446 201
266 130
243 259
246 56
480 422
160 433
450 49
86 460
13 372
339 78
200 276
151 459
279 68
416 145
130 482
322 57
426 387
430 112
148 295
483 363
57 484
301 335
448 283
47 81
376 177
67 259
466 392
74 367
431 495
195 13
26 198
193 74
310 278
147 215
89 469
340 73
95 134
311 160
0 164
321 162
68 201
397 59
110 253
478 356
56 295
439 410
290 404
12 409
19 203
499 461
257 226
439 268
125 235
402 247
229 145
76 473
140 392
368 493
123 284
405 104
74 345
116 12
466 354
182 209
461 378
403 425
90 38
396 404
151 6
13 43
41 124
411 141
0 421
428 127
187 453
277 37
118 190
252 264
351 161
346 200
227 437
159 122
180 322
372 325
259 401
325 82
9 146
119 254
329 198
162 334
38 349
221 470
166 309
443 232
99 499
207 214
489 103
64 408
165 285
357 253
389 420
273 296
35 409
385 389
410 386
40 429
187 279
408 196
197 185
384 460
52 465
73 345
405 198
189 301
383 326
10 426
67 151
91 404
64 232
45 200
69 296
319 118
367 204
98 41
6 381
51 434
140 281
333 188
451 195
415 479
243 280
222 289
142 12
384 50
181 32
395 360
182 107
463 467
267 346
233 112
342 58
191 379
105 13
430 355
164 423
460 413
172 49
107 308
169 52
460 340
282 48
230 412
433 401
52 57
326 45
323 469
296 105
21 341
92 104
131 369
259 456
417 295
282 179
356 325
152 242
490 318
176 425
78 362
30 16
114 18
98 337
333 452
309 24
328 139
479 98
45 66
377 278
34 177
89 401
153 298
357 175
130 433
172 256
88 71
473 128
100 23
49 454
181 59
154 230
104 76
156 353
101 270
5 392
381 50
373 294
296 411
209 66
107 480
269 401
118 247
307 11
30 264
429 225
42 229
220 386
87 201
64 122
105 321
267 354
111 307
33 433
195 371
438 173
310 348
138 173
9 371
34 360
460 479
278 171
382 67
309 218
327 41
385 332
290 227
281 273
373 287
364 210
50 224
415 337
486 315
389 412
135 70
255 101
297 397
310 336
140 460
193 242
258 331
195 269
179 136
342 343
275 91
113 476
477 478
439 185
169 450
147 439
118 286
371 440
426 40
351 132
392 275
323 257
481 265
24 35
34 242
352 409
385 44
71 275
54 72
191 10
8 332
157 284
32 429
146 67
213 15
330 250
285 327
238 437
315 334
453 333
189 276
253 415
31 77
416 339
288 374
457 50
170 289
442 464
379 291
167 101
372 365
346 216
100 342
77 128
495 386
119 499
432 215
192 478
307 420
211 67
228 46
324 44
162 365
470 26
151 499
62 293
172 16
477 473
150 286
443 254
334 84
450 196
180 92
287 121
344 444
253 28
435 276
104 373
359 430
451 152
169 375
81 32
159 342
145 90
97 352
352 278
466 436
357 494
393 161
378 399
337 202
26 421
409 182
191 45
409 295
280 268
350 398
115 155
258 36
336 22
257 8
310 90
425 473
419 316
207 261
365 10
495 136
135 58
320 350
43 314
124 13
356 361
270 285
476 182
440 393
67 330
235 274
8 48
219 89
253 203
192 299
191 318
291 474
441 391
192 433
472 69
470 67
216 245
489 497
41 284
314 2
298 428
378 493
95 229
77 243
364 149
5 300
163 153
323 78
100 62
16 495
444 267
305 52
246 279
55 184
423 483
152 156
374 152
334 377
458 138
158 98
359 240
426 370
105 32
488 26
295 162
395 26
117 442
288 312
75 167
50 243
118 372
202 157
29 42
311 439
99 19
459 169
436 103
284 375
22 155
277 28
319 456
473 468
229 184
202 382
295 436
134 69
349 95
368 405
132 302
211 359
385 2
323 321
285 180
284 430
110 284
484 437
347 83
132 319
67 438
421 357
92 202
143 126
374 167
298 340
349 7
277 226
12 91
87 301
292 252
414 48
365 462
347 190
129 169
481 78
346 66
395 310
259 333
144 395
121 433
82 27
374 435
487 494
301 35
177 324
157 67
94 121
247 371
268 281
225 57
84 66
453 161
386 381
47 11
134 489
154 161
4 191
140 130
352 84
36 94
342 444
61 99
392 50
326 280
459 39
464 96
155 105
429 277
350 498
334 240
213 284
457 487
164 370
436 214
395 292
151 38
225 331
295 213
48 325
54 2
176 385
337 94
234 282
488 395
48 60
378 454
195 39
21 167
486 374
116 202
426 177
101 375
316 74
158 406
70 492
447 107
141 29
39 74
434 242
464 14
179 71
297 363
442 165
299 335
380 433
199 434
134 402
211 293
279 171
33 146
84 255
92 415
342 148
304 12
108 150
376 312
137 103
373 68
454 228
62 244
237 312
10 24
240 498
169 471
477 380
182 86
347 117
385 485
93 256
72 460
423 1
310 396
161 387
128 265
185 287
340 163
463 350
26 21
78 37
414 137
262 186
217 189
155 430
314 387
418 156
458 339
99 194
407 178
70 281
429 203
361 350
52 399
251 451
479 461
197 91
315 161
492 435
15 198
206 176
387 225
419 43
371 468
48 335
440 168
132 315
473 169
258 109
187 261
60 342
336 12
379 117
406 358
184 148
218 305
358 270
215 422
495 275
0 339
279 496
11 348
499 191
79 405
8 118
342 355
472 321
45 277
119 90
105 340
435 111
244 303
318 483
11 370
85 9
406 27
73 477
185 92
258 163
92 143
30 435
252 249
331 348
223 43
281 245
337 417
155 256
303 344
455 183
33 232
494 131
352 101
130 117
7 5
93 425
411 399
398 225
245 366
61 447
223 31
104 304
283 465
466 27
293 477
297 191
232 264
6 422
277 112
431 284
403 208
308 75
366 275
419 80
405 416
160 140
74 435
62 458
421 105
486 455
350 19
21 96
113 414
197 288
225 87
313 261
298 60
135 269
323 146
68 336
406 282
221 226
480 117
243 73
76 194
78 288
259 186
121 386
53 213
215 11
41 151
383 199
406 90
223 434
208 179
261 457
295 291
155 300
263 297
426 430
272 331
327 20
40 46
100 3
151 2
491 282
445 248
276 27
345 72
250 148
42 306
393 83
206 396
49 68
428 72
330 160
42 427
339 420
74 414
10 264
253 225
306 446
396 498
198 37
454 223
470 288
149 169
436 211
276 412
209 494
31 326
379 495
457 154
201 140
36 491
318 171
182 29
424 148
191 337
167 368
51 258
193 299
367 112
193 13
473 475
357 292
19 471
195 192
170 314
7 480
481 348
346 350
171 222
407 197
284 309
445 186
471 112
399 26
57 420
116 62
61 27
155 92
290 73
152 450
259 23
469 70
441 154
238 198
307 218
209 350
408 374
207 415
347 186
183 380
59 497
174 138
98 234
2 18
116 289
154 285
102 458
163 148
105 354
58 257
216 370
32 102
95 396
236 198
87 140
35 470
118 7
60 84
107 13
355 472
438 163
346 8
370 350
304 273
242 383
108 390
431 277
384 311
18 327
270 390
360 87
423 289
107 101
90 291
284 136
32 493
27 286
52 386
440 196
297 370
142 394
64 406
32 483
492 327
450 72
476 395
282 93
477 378
86 100
473 54
183 139
413 288
218 201
145 263
141 352
419 154
313 380
301 8
228 249
175 266
166 189
222 130
411 255
180 57
350 470
137 102
43 351
405 225
493 282
224 57
297 421
366 293
198 70
453 316
435 419
40 311
251 313
358 69
300 174
132 342
44 175
37 467
443 185
477 167
370 460
281 62
67 80
174 357
23 249
260 155
323 349
227 471
7 164
463 80
223 459
362 258
345 79
267 14
13 125
243 6
184 363
120 155
372 62
177 452
208 106
369 453
33 240
403 64
217 493
156 284
313 422
166 389
58 402
434 193
245 352
358 432
395 276
439 298
301 154
138 105
355 303
367 191
464 253
281 315
98 328
465 410
496 366
122 192
221 149
206 389
161 210
442 64
393 74
99 189
49 86
433 24
368 16
265 134
420 193
369 336
439 167
472 301
309 147
452 445
75 33
69 300
146 341
466 275
338 151
62 218
180 127
365 487
285 310
193 461
159 405
336 489
117 156
147 200
317 174
230 86
156 23
96 298
104 495
71 250
143 200
461 13
395 491
216 54
179 92
428 139
275 2
480 134
51 186
447 0
482 331
457 23
464 421
37 81
412 317
119 355
381 362
499 340
409 183
263 282
264 55
296 25
367 114
339 362
352 437
191 369
428 12
447 51
111 80
92 225
467 71
137 335
30 407
435 386
470 146
343 105
14 147
311 186
371 413
11 383
315 265
186 201
34 401
198 291
287 458
104 264
480 27
204 289
131 489
4 253
143 392
144 62
8 86
64 322
260 95
102 241
363 120
279 59
249 356
199 50
186 292
133 336
131 440
139 321
218 79
306 261
328 236
386 482
291 457
17 213
56 169
83 335
297 416
109 334
271 28
371 234
242 46
406 147
62 161
413 112
412 109
169 296
379 412
363 5
436 311
116 63
497 467
64 9
146 326
17 367
347 39
306 451
10 68
35 355
253 367
138 302
52 417
153 315
275 97
71 440
277 477
88 78
362 453
232 153
219 394
61 426
495 209
130 419
297 478
298 496
459 360
498 235
160 309
330 182
154 27
117 223
207 173
313 241
94 362
488 186
484 492
6 246
476 59
61 474
73 433
280 72
187 405
419 443
123 351
116 361
337 324
383 460
81 215
54 235
298 425
239 447
151 123
292 213
21 236
60 193
336 267
296 157
64 168
98 137
497 375
2 230
366 392
431 126
475 495
278 485
401 414
149 433
132 239
172 355
312 413
247 60
156 369
486 274
425 13
214 54
142 197
401 164
32 191
187 272
119 496
68 250
386 276
182 359
416 280
365 387
112 422
226 306
91 367
9 33
359 446
27 357
212 401
81 2
192 91
476 111
20 390
469 211
102 52
275 413
375 273
436 395
108 472
51 306
61 107
247 306
156 298
118 94
454 198
195 185
475 344
15 235
159 319
24 324
173 379
285 365
157 339
230 385
224 258
87 320
135 296
351 436
170 405
244 198
210 269
74 471
247 349
40 496
320 365
201 164
309 281
225 281
118 300
261 387
114 138
90 499
92 411
360 194
354 380
254 227
17 177
476 325
442 282
183 166
204 41
468 194
156 310
360 411
127 74
357 449
331 492
178 436
180 28
355 296
28 393
334 417
169 278
313 42
438 390
299 41
183 51
287 450
109 100
267 217
20 493
96 408
195 79
337 297
280 149
390 367
444 141
198 386
298 147
489 456
146 218
486 187
347 48
280 30
368 106
39 468
118 232
284 372
118 477
476 80
223 182
202 396
369 430
189 450
135 433
372 144
336 349
484 37
424 469
487 180
268 375
31 75
76 180
338 213
42 386
439 369
244 72
318 472
377 392
330 9
271 95
120 135
125 171
165 57
28 173
379 442
455 427
487 299
435 46
189 268
141 125
480 102
360 80
104 252
328 447
7 390
110 12
134 334
115 206
33 352
460 48
146 46
323 268
436 190
72 223
491 362
240 378
309 41
455 425
203 499
151 166
147 313
486 83
120 133
196 11
111 191
162 340
481 71
341 85
178 465
479 464
176 350
53 452
63 25
124 499
383 330
373 79
496 472
52 328
405 366
91 109
442 414
80 93
499 280
366 72
145 118
103 449
173 465
42 335
300 350
133 290
441 84
62 409
339 23
367 73
89 272
272 247
22 317
490 101
437 269
141 148
349 400
125 482
27 329
205 258
372 425
241 257
427 475
32 37
454 302
108 456
284 496
217 120
471 18
264 473
217 372
498 246
201 20
246 238
263 411
439 269
413 22
247 184
250 245
461 257
117 43
468 274
295 271
436 345
312 273
140 385
263 494
450 374
81 433
362 342
42 247
414 289
371 257
254 391
261 469
29 283
77 327
369 283
418 362
228 5
396 470
492 475
372 428
194 110
266 243
385 316
303 249
237 251
100 45
350 279
205 400
474 25
357 144
414 174
347 390
186 338
402 283
169 351
60 391
136 46
381 498
251 310
408 1
278 50
49 35
427 301
438 317
222 109
395 226
231 289
147 371
244 54
253 273
444 309
397 306
168 462
281 158
221 283
226 495
398 343
193 71
45 156
176 280
160 181
9 168
401 181
289 176
110 223
103 410
394 247
41 252
337 384
273 150
251 184
315 298
0 353
357 411
393 3
287 311
192 256
419 476
170 311
289 386
372 4
149 48
270 261
119 485
220 250
377 176
45 333
175 433
301 499
231 68
327 246
495 281
255 260
392 114
57 428
11 98
304 113
311 243
249 226
91 497
269 198
204 245
77 185
71 21
108 341
14 197
288 157
474 71
21 126
485 471
388 255
54 330
156 366
23 404
33 165
214 2
216 494
451 157
72 335
256 140
46 241
59 76
401 185
91 103
175 33
19 27
235 51
305 397
383 377
238 475
390 488
345 161
20 336
400 263
447 268
219 192
461 174
428 309
6 72
463 1
26 349
60 96
50 113
367 422
377 412
458 181
351 86
8 277
199 465
127 28
170 173
249 177
136 225
115 287
109 236
20 42
72 49
15 18
499 235
314 153
369 414
203 72
209 0
395 44
209 274
301 159
490 498
455 110
233 154
370 116
320 24
421 404
53 410
406 16
426 156
14 97
287 172
301 113
354 119
333 112
449 184
108 324
121 188
233 28
497 368
280 151
336 199
330 481
263 459
195 385
377 413
381 277
419 266
318 43
479 332
143 193
220 212
80 4
422 414
486 36
347 196
278 434
29 359
302 361
368 390
344 205
288 184
454 178
225 369
37 473
350 358
332 313
108 222
276 76
494 454
74 315
282 369
103 75
440 444
315 201
357 251
83 490
115 415
222 129
217 178
98 386
215 162
324 480
279 488
286 87
389 298
354 207
40 98
109 94
171 128
460 146
482 452
10 290
199 176
0 431
291 377
462 145
132 21
498 497
323 389
256 253
427 343
347 14
278 77
297 98
299 307
448 366
17 148
103 298
432 165
181 487
384 180
406 430
105 420
265 164
270 4
16 230
145 141
59 333
24 218
39 201
253 183
463 266
388 162
426 72
103 180
370 420
246 35
17 329
293 24
495 282
385 182
129 33
152 119
475 420
88 496
378 470
319 446
143 251
391 296
150 101
319 175
282 54
119 98
290 348
325 322
370 308
157 78
450 260
447 491
351 223
497 486
343 228
258 393
409 398
376 435
433 275
319 299
268 127
151 1
342 294
349 207
202 147
222 191
497 216
390 68
257 176
70 441
394 369
122 263
46 339
123 295
298 334
48 241
251 324
53 214
440 299
77 52
219 48
26 486
462 183
404 113
36 259
342 272
228 161
339 461
439 31
12 180
420 298
458 341
143 314
325 468
392 437
109 0
209 86
332 333
21 173
84 123
51 159
56 377
315 215
278 376
151 493
399 40
311 446
68 450
2 74
426 115
27 149
410 382
463 218
211 11
88 31
320 94
92 356
32 403
437 280
230 469
313 289
206 477
47 214
386 180
282 161
283 444
94 399
154 437
150 474
359 124
197 36
446 51
416 382
155 493
131 499
437 342
346 78
487 205
39 164
326 341
308 153
333 295
382 170
212 170
31 393
217 306
378 295
291 238
186 298
21 390
73 120
253 157
360 89
315 229
172 203
285 401
119 201
7 128
309 392
293 88
241 453
248 141
369 68
457 18
319 247
0 240
7 334
151 251
406 280
228 165
294 213
165 153
30 220
198 83
493 45
427 388
422 75
188 301
265 156
305 339
388 144
432 378
456 416
25 285
416 138
411 313
171 25
9 399
335 479
401 281
322 231
241 361
191 42
260 396
350 7
230 197
308 36
106 299
59 318
207 80
407 262
317 447
417 3
33 51
490 6
474 403
120 209
55 67
382 196
32 345
144 415
241 261
47 103
228 248
434 95
461 260
368 164
270 173
344 332
15 136
-1 -1 -1 -1 -1 -1 -1 -1 -1 -1 -1 -1 -1 -1 -1 -1 29962 -1 -1 -1 -1 -1 34942 -1 23111 -1 -1 -1 -1 -1 -1 -1 -1 -1 -1 -1 -1 -1 -1 -1 -1 -1 31368 -1 63425 -1 44536 -1 58590 -1 -1 -1 -1 -1 -1 -1 -1 -1 -1 -1 46171 -1 -1 -1 -1 -1 -1 -1 -1 -1 -1 8917 -1 -1 -1 -1 -1 -1 -1 -1 31177 -1 61727 -1 46372 -1 9322 27533 -1 -1 -1 -1 -1 -1 -1 -1 -1 -1 -1 -1 -1 -1 -1 -1 -1 -1 -1 -1 -1 -1 -1 39056 55024 -1 -1 -1 -1 -1 4773 -1 -1 -1 57205 42995 43069 -1 -1 -1 -1 -1 -1 31533 -1 29304 -1 -1 35319 -1 -1 -1 10639 20028 14905 -1 -1 41132 -1 45709 24065 -1 30039 -1 -1 -1 -1 -1 -1 -1 -1 -1 -1 18222 -1 -1 -1 -1 -1 -1 -1 -1 -1 -1 -1 -1 -1 -1 -1 7686 -1 -1 65418 -1 -1 -1 -1 -1 -1 -1 -1 52214 -1 -1 57333 31576 -1 -1 -1 -1 -1 -1 -1 -1 -1 -1 -1 62189 3179 27406 -1 48066 54465 28788 -1 -1 -1 -1 -1 -1 -1 -1 -1 -1 -1 -1 -1 -1 -1 -1 65291 -1 30523 52772 -1 -1 34866 3833 -1 -1 -1 -1 7469 -1 46692 -1 -1 -1 -1 -1 -1 40269 -1 -1 -1 -1 -1 -1 -1 -1 28188 -1 -1 31809 -1 -1 -1 -1 -1 13251 -1 23460 -1 39574 -1 -1 -1 -1 -1 -1 -1 -1 -1 -1 11974 -1 -1 -1 -1 -1 -1 -1 -1 -1 -1 -1 -1 -1 -1 -1 -1 -1 -1 -1 -1 33839 -1 -1 6720 -1 -1 -1 -1 -1 -1 -1 -1 -1 -1 26197 -1 -1 -1 59395 10865 -1 -1 -1 -1 -1 -1 -1 15367 -1 -1 -1 -1 -1 -1 -1 -1 48668 -1 -1 -1 -1 -1 -1 25388 -1 -1 -1 -1 57741 -1 -1 20505 -1 -1 -1 -1 -1 52848 -1 -1 46808 -1 -1 -1 52764 2188 4353 -1 -1 -1 25404 -1 -1 -1 -1 -1 -1 -1 -1 -1 -1 -1 -1 3306 64662 -1 -1 -1 59553 -1 36013 -1 32418 -1 -1 10928 -1 -1 -1 -1 -1 -1 32652 -1 -1 31677 -1 9977 -1 -1 35374 -1 -1 -1 -1 -1 42654 -1 -1 -1 -1 47989 -1 -1 -1 -1 28340 -1 26443 -1 11394 -1 -1 36176 -1 -1 19261 -1 -1 -1 -1 -1 53376 -1 -1 -1 -1 32818 -1 -1 -1 -1 -1 -1 -1 -1 -1 -1 -1 -1 -1 -1 51105 19432 33645 -1 -1 -1 -1 19580 -1 -1 -1 -1 -1 47464 -1 3287 -1 -1 65357 -1 -1 -1 55882 4910 -1 -1 -1 -1 -1 -1 -1 -1 -1 -1 -1
7
1 424 11 352 14
1 363 14 159 12
1 362 3 6 1
1 179 15 285 0
0 49 3 5 15
0 301 1 331 0
1 175 12 434 9
