500 2000
250 458
488 254
13 137
288 332
338 279
432 255
90 144
382 275
409 331
249 440
425 430
18 259
302 43
418 370
119 336
98 241
317 240
111 455
356 476
468 96
12 9
499 397
196 421
481 242
176 340
136 338
475 3
213 147
463 170
95 419
154 485
346 69
58 154
179 117
445 33
157 160
336 277
185 163
2 339
308 361
128 70
358 244
254 54
113 46
431 276
456 27
487 410
198 226
406 377
128 458
331 12
343 405
329 115
467 492
470 273
144 436
324 251
277 186
322 101
294 271
168 208
423 460
146 84
1 224
173 440
45 220
15 33
147 73
281 464
289 85
256 80
288 439
51 261
441 371
126 132
226 249
460 385
108 416
317 273
220 14
448 296
14 367
138 131
121 278
454 12
55 115
221 180
486 7
185 129
131 63
18 70
33 29
38 460
20 273
489 238
15 40
383 317
82 347
127 142
132 60
352 326
429 209
356 252
51 22
349 150
418 441
270 226
143 260
300 480
266 65
498 349
240 414
406 289
413 402
13 428
310 219
15 10
351 339
470 167
294 66
444 288
137 308
495 335
34 499
397 206
370 393
127 93
395 453
29 19
130 489
9 16
389 218
448 387
8 466
255 477
304 111
278 419
271 497
313 142
140 252
238 225
99 334
134 153
422 382
310 488
83 227
329 369
149 493
207 204
181 2
81 122
498 428
43 454
188 116
166 101
369 52
232 356
242 350
264 358
335 23
191 131
339 195
277 492
43 496
286 463
165 310
74 117
222 22
10 233
96 283
216 452
62 309
360 60
104 326
106 398
207 240
2 329
487 55
194 408
292 241
367 95
64 387
62 295
238 304
274 205
171 232
399 438
312 451
50 94
350 48
478 344
394 444
431 283
170 187
56 160
269 106
430 271
222 199
234 428
309 342
23 36
476 268
262 302
11 263
231 121
346 294
300 270
174 484
499 123
464 229
399 323
137 3
50 364
459 98
9 103
247 373
304 13
415 329
82 319
297 208
76 228
380 40
5 474
287 394
67 6
250 73
242 292
381 115
444 242
480 49
54 23
386 375
10 199
56 200
462 143
341 179
494 113
233 167
211 191
138 67
385 247
254 56
14 266
81 130
393 213
236 492
365 292
120 457
263 184
479 192
11 95
154 328
69 347
329 150
433 17
308 335
162 184
85 41
377 172
214 365
343 370
146 32
328 123
304 478
59 421
163 478
65 17
232 122
285 260
57 484
118 234
468 461
372 229
61 370
404 357
170 84
217 293
316 140
314 216
199 264
450 341
426 85
21 51
340 441
232 470
410 288
125 288
88 279
448 233
343 161
413 421
366 180
428 400
316 247
15 334
95 391
77 42
406 139
121 51
494 134
87 86
128 112
311 266
395 164
0 320
9 108
317 3
395 83
392 72
493 434
149 186
351 198
314 371
420 337
467 464
266 80
470 410
481 284
363 34
360 380
117 380
360 402
112 398
242 317
372 134
227 70
6 334
240 251
41 264
36 302
193 469
387 367
148 386
53 309
38 491
39 234
12 378
9 452
6 365
259 230
240 324
185 266
267 118
199 204
85 4
220 133
143 130
354 160
204 466
85 207
172 82
447 263
285 393
343 313
52 418
72 112
264 476
85 39
110 169
437 249
392 429
54 78
220 417
370 18
206 261
488 313
170 411
499 3
446 82
31 197
364 240
28 420
38 489
450 428
201 207
138 360
227 127
186 489
240 487
377 491
483 133
156 263
59 453
340 224
472 381
319 402
474 262
462 119
190 436
351 375
216 223
473 442
230 42
431 372
152 290
239 3
23 18
76 111
311 442
318 328
64 491
161 53
235 211
219 155
222 154
488 168
32 111
180 167
362 284
325 379
439 483
322 179
401 102
125 69
134 15
253 482
467 114
257 128
202 215
143 477
145 462
361 381
184 451
289 92
441 268
110 342
95 207
230 466
283 312
32 342
143 433
496 28
175 161
480 428
281 242
424 196
499 269
59 406
488 266
99 203
273 238
294 128
397 98
137 204
434 140
485 104
483 299
46 457
290 483
223 458
363 289
178 238
365 183
68 363
62 138
206 130
431 325
5 329
132 416
358 243
46 154
359 138
324 76
268 198
107 171
411 276
318 463
9 148
496 373
37 34
376 416
151 170
384 248
173 72
80 43
488 143
434 457
113 489
175 477
6 439
67 313
86 342
63 212
103 469
255 18
42 327
497 46
307 346
484 293
122 307
55 52
77 431
436 69
61 12
391 499
379 140
27 290
492 25
432 369
197 474
18 485
61 341
187 53
439 133
318 316
231 61
138 390
158 68
315 482
331 398
419 295
17 73
356 15
123 269
358 210
126 459
42 301
365 133
437 340
130 279
381 246
296 278
240 346
76 181
265 252
373 29
317 33
334 462
222 432
85 70
287 93
271 74
285 476
14 435
306 81
360 451
401 137
204 243
195 411
452 454
367 317
138 493
227 202
17 483
464 34
281 412
164 13
56 497
75 371
445 28
322 116
14 437
117 239
97 389
475 375
104 346
31 453
216 85
381 191
369 163
151 276
157 281
66 278
93 129
488 392
390 98
444 389
192 494
166 350
92 408
69 325
262 470
312 72
402 200
227 2
417 40
181 410
354 443
31 457
114 301
325 426
355 189
427 181
36 499
91 214
274 287
63 21
326 470
161 76
63 198
178 52
226 62
12 416
155 129
251 150
248 427
242 471
335 261
184 385
329 175
380 105
24 232
117 444
346 36
178 23
207 258
274 356
104 259
124 391
201 183
277 423
492 441
215 138
389 423
13 296
165 461
458 190
215 266
323 165
422 416
267 117
433 490
322 331
293 497
133 44
396 481
208 212
218 276
371 211
182 201
252 239
396 160
34 249
460 389
153 205
23 22
491 27
498 216
212 385
50 95
486 138
118 218
189 138
286 483
417 32
13 436
225 21
290 77
423 113
438 139
269 164
393 265
344 476
491 181
129 408
304 140
100 439
185 457
294 428
498 455
274 73
326 297
196 9
440 89
230 31
121 388
95 303
37 345
473 159
215 32
377 4
296 309
357 237
129 127
165 464
1 486
369 226
242 291
372 52
160 230
189 11
87 464
286 277
19 380
338 398
226 46
79 113
25 123
117 454
216 240
417 17
171 20
65 42
172 211
91 363
26 212
122 154
481 303
234 80
160 329
110 250
147 476
487 10
97 391
258 70
375 222
70 255
211 338
73 179
138 384
54 200
353 315
84 118
441 468
430 37
400 455
359 470
246 317
403 377
305 145
24 482
40 459
89 314
282 274
316 363
197 11
183 245
425 313
395 493
334 201
336 116
65 362
31 388
286 168
42 468
51 450
462 412
142 363
399 379
208 219
142 284
219 157
397 48
59 313
209 105
335 337
387 470
381 128
206 489
310 414
371 377
136 234
373 7
78 80
324 409
207 378
273 104
218 159
451 189
123 86
373 367
189 156
350 455
323 188
385 40
488 31
307 356
192 398
392 69
214 93
214 60
474 368
395 286
484 339
353 228
2 351
104 471
408 101
17 7
116 215
360 203
462 235
354 430
91 155
334 189
109 412
118 181
287 433
9 315
350 322
389 226
223 242
93 259
312 475
398 239
273 98
344 457
82 245
162 297
476 79
145 172
395 292
442 211
348 90
454 209
272 247
478 5
85 147
466 332
250 492
189 99
83 86
79 469
72 61
221 274
375 263
140 64
78 277
55 84
138 55
0 408
103 12
305 97
131 34
226 353
82 390
429 313
376 138
97 445
477 261
47 133
71 471
328 4
355 361
301 109
54 345
328 448
461 78
446 436
28 432
175 396
274 197
95 416
135 173
115 466
344 192
285 323
468 10
0 425
6 254
39 381
438 302
215 250
127 13
191 247
192 383
175 279
100 46
460 194
167 453
78 267
221 351
164 297
297 451
211 168
258 208
333 236
211 355
358 492
187 422
354 390
490 339
98 47
73 50
473 376
152 420
123 415
16 210
246 11
23 269
403 333
63 149
149 336
405 67
104 484
435 468
406 150
312 364
1 288
88 3
187 83
343 413
243 201
359 53
274 307
457 160
454 189
260 137
53 470
76 364
448 93
307 154
14 218
154 384
143 303
235 270
91 481
109 366
71 40
335 374
178 130
24 370
76 44
294 384
420 143
152 186
301 48
41 120
221 33
101 208
339 466
477 211
387 166
482 421
411 290
51 160
217 156
175 283
391 398
38 406
382 277
451 249
194 41
60 351
158 157
219 256
121 404
496 59
156 114
114 216
216 63
340 360
254 80
453 417
77 17
333 412
425 229
226 143
83 437
26 429
70 349
180 369
282 311
284 175
215 328
27 325
340 442
307 121
126 208
155 42
233 186
202 10
158 282
117 377
243 50
479 489
71 26
2 441
125 321
25 271
182 131
65 46
83 359
67 424
98 412
165 55
199 342
355 394
454 354
181 125
36 223
222 361
61 389
171 70
277 297
204 178
266 389
376 18
208 305
422 177
452 79
308 117
318 429
415 320
69 76
113 308
99 477
334 347
115 18
336 299
74 164
30 354
160 29
66 469
158 396
143 448
110 81
113 304
131 16
12 384
31 288
28 119
86 253
179 377
218 449
380 478
476 12
63 36
313 117
403 471
435 190
315 481
481 387
9 245
388 279
290 357
226 464
315 446
133 442
468 65
326 358
221 413
225 321
54 230
200 459
299 271
332 172
187 483
146 41
15 94
206 227
183 442
308 131
292 46
463 456
138 231
154 114
144 76
390 142
78 225
275 11
157 216
340 239
206 113
316 298
305 167
3 336
204 45
349 89
355 235
135 141
240 388
277 240
122 480
339 116
306 45
372 309
49 165
69 273
143 111
151 231
43 100
129 209
17 85
163 316
270 53
445 203
203 300
196 420
439 202
257 354
128 483
458 412
401 171
408 218
445 454
188 107
105 161
2 302
146 74
34 313
420 103
122 88
76 133
131 270
349 447
437 176
441 31
410 101
388 386
252 165
33 283
288 319
162 86
134 141
454 467
141 93
327 461
442 201
108 47
122 82
224 290
359 399
144 68
62 199
235 295
164 87
247 361
78 187
135 414
446 350
4 314
143 41
308 405
129 233
105 311
172 53
444 476
85 361
300 483
396 327
152 161
42 463
31 330
133 369
214 440
213 77
295 231
223 450
429 309
228 398
327 364
457 265
353 88
104 440
232 63
86 310
416 310
398 475
53 89
409 454
172 245
18 218
311 303
300 230
9 393
377 114
63 451
216 89
372 197
403 22
216 355
191 91
302 90
236 59
453 403
8 480
441 459
192 220
462 381
220 87
191 335
129 230
225 117
117 419
431 403
284 184
70 119
68 74
205 360
260 108
455 217
94 65
244 31
323 429
315 69
276 208
153 131
73 24
340 493
231 73
104 427
39 295
106 286
401 368
213 107
97 257
214 271
2 389
123 428
62 80
80 162
433 31
315 339
472 434
112 283
490 141
419 462
406 295
341 330
476 348
233 321
141 280
78 181
241 100
416 213
301 408
197 440
266 75
453 425
489 118
432 14
135 183
372 176
78 372
56 16
476 409
235 218
433 473
81 371
155 12
264 72
349 175
244 92
234 119
110 97
79 92
7 250
187 120
353 332
430 300
215 296
67 134
236 100
321 429
448 40
131 365
387 179
13 348
143 9
174 199
113 245
301 89
487 42
130 120
347 264
35 23
278 151
458 328
264 344
7 223
159 13
127 239
196 130
91 467
99 182
349 137
181 99
68 280
278 170
335 326
467 495
494 111
417 380
135 192
72 128
415 243
106 363
269 144
337 56
387 43
415 420
215 244
154 169
282 150
296 288
395 203
44 196
190 187
267 336
303 15
238 87
312 104
110 344
381 301
209 204
317 312
299 471
178 409
2 252
99 378
358 402
385 265
165 185
284 413
185 428
177 32
476 85
155 350
175 171
144 87
449 263
278 231
224 147
259 146
450 442
296 495
490 406
89 412
193 343
397 381
134 420
299 75
159 425
127 484
260 26
106 474
206 33
0 84
40 17
226 418
287 404
132 123
19 457
287 159
404 191
252 300
312 360
304 292
389 489
339 126
2 257
401 242
84 134
143 104
377 387
426 176
33 351
416 349
180 485
408 329
151 440
191 9
184 307
105 321
72 111
391 14
404 175
31 150
64 446
106 291
89 399
381 194
118 467
146 40
38 206
272 134
105 336
286 494
3 302
335 434
381 365
386 49
106 394
287 325
229 492
18 14
353 135
179 415
323 489
52 116
177 296
304 381
285 331
292 25
158 357
83 132
216 349
267 258
322 115
138 142
364 245
386 331
7 427
174 325
247 212
11 257
62 250
63 51
72 53
393 440
431 166
454 261
129 376
395 65
185 365
8 254
54 438
403 285
171 366
291 62
455 490
286 36
153 192
485 128
229 119
414 131
331 328
381 35
298 225
240 206
50 491
103 219
90 416
152 91
161 400
377 17
92 401
230 32
430 228
359 147
366 333
339 210
205 498
124 465
413 130
380 386
307 397
404 160
399 20
443 55
62 123
152 215
345 466
138 34
491 305
318 184
81 337
4 382
187 84
120 171
328 140
41 96
180 59
440 364
475 39
152 464
239 16
59 384
404 145
497 19
368 301
289 17
130 426
124 21
214 250
357 289
491 442
422 452
255 377
342 491
480 6
461 184
65 174
100 240
158 114
41 222
99 385
35 368
164 282
233 237
114 51
450 130
101 347
255 416
290 264
477 125
249 238
373 495
266 57
207 386
272 444
476 8
63 91
152 393
142 221
48 369
198 262
467 372
163 206
287 382
405 294
335 151
360 415
438 402
434 348
109 390
198 391
441 316
202 140
489 98
154 170
239 175
150 63
474 303
5 421
225 60
433 364
206 343
17 18
427 18
482 454
93 378
29 88
436 94
145 354
79 431
42 494
24 359
190 224
93 104
112 48
285 493
206 257
252 287
254 266
302 348
208 335
177 374
261 133
32 63
462 284
400 208
272 141
479 134
295 177
421 322
432 456
436 213
413 2
24 17
17 469
465 493
294 167
254 366
236 130
23 371
112 121
300 215
106 93
87 73
138 120
436 310
165 285
194 239
358 237
129 423
74 102
451 140
466 498
356 95
263 494
299 239
368 217
59 155
339 3
309 91
184 332
339 334
161 344
173 338
160 257
304 147
64 457
224 408
442 493
205 132
271 50
28 278
181 246
182 223
194 373
300 347
358 176
162 480
321 256
486 458
239 384
288 77
289 332
28 274
62 178
77 416
351 283
276 306
315 316
320 437
171 277
253 21
130 83
56 283
143 208
233 442
422 149
321 238
85 116
373 316
215 165
237 324
274 267
355 138
3 420
494 280
417 70
163 8
272 377
428 158
435 42
440 488
175 415
74 124
168 28
348 166
103 278
488 497
170 153
296 176
212 395
486 13
407 23
64 207
85 419
289 490
389 299
248 100
31 371
249 128
97 291
158 70
390 204
298 111
350 348
194 423
133 210
44 244
479 362
179 433
99 421
467 257
415 70
360 41
387 79
236 31
44 425
208 419
229 15
474 342
382 328
31 59
93 371
128 401
240 49
362 141
31 73
19 152
110 424
214 58
290 430
351 86
283 341
11 458
398 157
485 164
204 436
2 171
240 387
328 10
281 1
147 111
468 289
310 234
79 338
449 129
465 7
273 223
237 198
131 446
491 352
41 397
325 292
208 470
191 24
449 428
457 401
349 384
494 246
32 42
177 239
214 59
283 343
125 40
429 19
128 484
399 445
241 110
485 209
389 382
245 91
389 55
190 247
369 311
44 477
217 374
243 215
495 278
479 227
466 392
196 245
362 61
197 33
31 355
166 225
146 131
131 474
28 42
466 89
403 20
489 32
36 209
199 223
199 466
475 237
226 136
396 497
258 121
33 448
466 139
201 482
245 471
448 409
329 405
450 203
341 338
395 490
304 250
394 243
236 131
457 414
172 174
440 466
416 311
304 70
42 247
56 185
438 5
16 403
284 251
10 347
347 185
261 182
106 332
227 120
132 237
311 96
158 354
322 176
17 151
359 85
411 119
213 373
152 125
253 51
162 362
39 434
270 474
7 283
97 335
162 426
128 367
367 27
347 444
368 86
67 454
75 81
248 306
130 266
8 482
161 246
13 468
483 73
280 440
263 451
21 422
272 19
40 62
311 22
78 185
76 431
100 458
457 80
112 33
148 46
215 129
277 136
133 292
190 460
422 316
109 369
236 309
179 499
285 372
30 421
104 129
102 201
158 195
93 261
142 41
55 428
143 293
340 196
346 357
6 424
81 76
263 381
369 134
244 321
479 342
399 247
255 431
478 487
386 472
101 403
251 329
162 308
167 190
242 301
14 352
496 392
443 95
316 48
260 428
107 439
293 463
474 462
86 411
425 183
104 100
56 482
443 46
207 443
366 36
386 276
134 277
410 190
334 46
78 176
81 88
474 307
110 326
231 17
391 496
95 151
374 404
464 434
60 287
150 364
432 320
304 135
115 215
56 51
491 486
233 289
408 324
472 76
240 285
425 30
411 40
151 411
426 17
424 350
211 277
67 92
64 468
1 231
111 289
354 12
238 248
407 19
408 242
277 10
270 263
69 253
20 426
380 261
112 34
3 296
220 93
405 4
90 341
96 24
257 407
120 204
126 108
241 136
19 333
474 93
320 341
124 313
481 45
119 18
52 226
484 447
33 204
195 109
405 314
124 135
257 470
226 161
20 330
15 398
283 86
387 312
332 372
67 140
233 45
236 389
141 341
488 424
233 107
44 2
82 154
367 439
401 72
98 106
12 455
438 490
408 303
320 226
265 33
179 360
282 334
345 333
486 117
71 22
57 258
191 146
176 287
68 97
131 495
175 147
368 151
9 273
14 464
229 439
301 198
407 434
114 492
463 115
443 334
362 11
184 359
229 249
97 107
240 10
188 121
324 102
149 315
326 442
126 331
401 180
336 478
263 55
198 60
255 294
478 391
403 192
304 254
442 156
446 127
304 151
337 91
421 10
398 39
349 124
267 215
123 128
289 102
231 259
121 244
332 390
-1 -1 41238 -1 -1 -1 -1 -1 58996 6932 -1 -1 -1 -1 -1 -1 -1 -1 -1 -1 -1 -1 -1 -1 -1 -1 -1 44726 -1 -1 -1 -1 12175 -1 -1 -1 -1 33802 54530 -1 -1 -1 -1 -1 -1 -1 -1 28247 -1 14442 -1 -1 -1 57558 5831 -1 -1 -1 -1 30050 -1 14876 33983 -1 -1 -1 -1 -1 -1 -1 -1 56792 -1 -1 -1 -1 -1 -1 -1 -1 -1 -1 -1 -1 -1 -1 -1 -1 -1 -1 -1 -1 -1 37287 -1 -1 -1 -1 -1 33995 -1 -1 -1 -1 -1 -1 41508 -1 44117 -1 -1 44165 -1 -1 -1 -1 -1 -1 -1 -1 -1 -1 -1 -1 -1 -1 -1 -1 -1 -1 58676 -1 60391 -1 -1 -1 -1 23066 -1 47732 -1 -1 -1 -1 -1 41050 -1 -1 -1 -1 -1 -1 45756 -1 -1 -1 -1 -1 -1 -1 -1 -1 50798 -1 -1 -1 -1 -1 -1 -1 39139 -1 -1 41668 -1 -1 -1 -1 -1 -1 -1 -1 -1 -1 54477 -1 -1 39223 -1 -1 -1 -1 22297 -1 -1 -1 -1 -1 -1 -1 -1 -1 -1 -1 -1 -1 -1 60812 -1 1411 -1 51213 -1 -1 -1 -1 -1 -1 -1 25907 -1 25548 -1 -1 -1 -1 -1 -1 -1 -1 -1 -1 -1 -1 -1 -1 -1 -1 -1 -1 -1 -1 -1 -1 -1 42167 -1 -1 41397 -1 -1 -1 -1 -1 15934 -1 62797 -1 -1 39580 -1 -1 10541 50573 -1 -1 -1 11210 -1 -1 -1 -1 -1 58545 30129 -1 -1 -1 -1 -1 -1 -1 52336 -1 -1 -1 16968 -1 -1 -1 31898 -1 16469 -1 43307 -1 -1 -1 -1 34084 -1 -1 -1 -1 36511 1752 -1 -1 -1 -1 -1 -1 40416 -1 -1 -1 -1 50667 20022 -1 -1 -1 -1 -1 -1 -1 -1 -1 -1 21976 -1 -1 -1 -1 -1 -1 -1 13055 -1 -1 -1 -1 -1 -1 -1 520 -1 -1 -1 -1 -1 -1 -1 -1 19277 -1 -1 16320 10175 -1 -1 -1 -1 -1 -1 -1 -1 -1 22301 -1 -1 -1 -1 -1 12107 -1 -1 35606 27165 -1 -1 -1 54196 63956 60046 -1 -1 -1 -1 -1 -1 -1 -1 -1 -1 -1 -1 10371 -1 -1 -1 -1 -1 -1 57616 -1 -1 -1 -1 -1 -1 -1 -1 -1 3885 -1 -1 -1 48900 -1 -1 -1 -1 43590 -1 -1 -1 -1 -1 -1 -1 26556 -1 -1 -1 30117 -1 -1 23843 50489 6673 24156 -1 53183 -1 -1 -1 -1 -1 -1 -1 -1 56510 -1 445 -1 51890 -1 -1 -1 -1 -1 37440 -1 -1 -1 -1 -1 -1 -1 -1 -1 -1 -1 -1 -1 -1 -1 -1 -1 -1 19877 -1 -1 43434 -1 -1 13706 -1 -1 -1 -1 24885 -1 -1 -1 -1 -1 -1 -1
7
1 85 3 492 6
0 153 14 395 7
1 93 14 434 3
1 463 5 28 1
1 243 15 457 1
0 186 15 128 5
1 21 8 381 4
