500 2000
134 19
298 319
387 192
248 398
271 379
103 12
335 6
4 69
86 170
449 165
412 24
26 41
178 330
299 491
448 51
138 331
96 12
174 473
90 162
83 27
85 298
297 427
376 304
149 473
244 190
218 133
273 430
467 413
13 72
385 97
495 405
42 374
284 78
250 367
306 452
410 247
40 102
434 177
486 76
51 192
78 17
240 98
283 285
69 130
159 209
285 300
313 221
8 199
323 451
175 346
400 334
356 128
244 97
341 112
481 277
344 434
241 165
272 418
245 433
228 362
267 193
48 437
314 254
203 406
250 193
100 326
311 293
326 197
8 486
475 90
451 486
328 433
458 417
441 347
341 85
137 39
241 191
466 157
312 308
242 161
168 172
492 88
172 227
394 276
100 417
496 301
324 147
317 362
241 234
64 474
134 452
10 225
303 493
75 421
211 299
335 199
94 335
453 91
467 28
92 59
175 14
378 57
125 44
311 375
447 91
148 234
333 469
438 71
85 229
433 462
366 153
414 421
93 39
331 427
378 269
487 226
459 95
389 440
41 144
465 332
238 328
38 468
174 142
119 62
281 355
181 220
348 131
11 490
108 420
457 178
127 95
140 126
65 454
5 372
72 181
278 343
445 112
136 11
459 428
364 244
223 287
44 53
309 52
202 329
346 342
331 269
339 190
310 286
359 439
119 468
273 138
163 123
419 90
6 206
283 382
212 66
358 370
457 141
419 80
494 463
380 24
247 181
198 268
396 213
227 120
176 373
190 116
288 151
118 29
143 91
322 20
444 414
298 44
180 26
181 321
239 432
324 458
454 472
323 359
323 445
324 256
89 251
204 448
368 214
7 185
327 231
81 217
450 458
242 284
412 9
242 304
129 364
318 377
269 13
355 24
107 397
459 312
298 37
0 77
185 346
230 212
460 275
368 115
235 493
7 451
5 420
82 268
426 326
181 260
293 271
146 428
459 102
441 267
343 444
81 401
143 92
160 435
331 379
56 7
213 236
393 86
363 366
210 30
460 196
146 217
397 282
363 484
136 114
415 32
179 470
339 240
136 493
358 216
388 140
60 363
308 88
411 177
227 388
234 431
337 372
332 431
1 477
425 421
216 361
84 93
470 382
462 219
288 175
451 181
109 30
215 133
257 270
484 418
39 307
217 241
370 414
125 22
107 362
461 379
267 422
264 488
195 203
405 181
249 483
152 419
58 265
116 115
477 380
81 219
53 490
478 53
455 105
18 457
404 328
97 43
298 323
63 94
426 493
3 107
399 215
301 80
228 345
491 443
398 499
319 219
99 287
67 81
254 282
152 201
233 128
151 384
241 455
322 346
118 433
274 315
454 142
393 141
437 454
464 163
416 28
92 172
338 256
342 71
194 165
68 432
87 78
490 492
34 429
143 431
183 335
136 310
65 295
5 20
260 392
36 161
59 237
48 351
189 16
95 232
272 465
171 2
141 186
223 51
5 264
456 458
334 8
277 300
403 441
226 409
52 351
13 48
328 148
230 427
415 63
151 82
103 228
117 456
459 183
437 215
291 204
66 430
63 135
12 403
65 74
430 199
194 463
364 195
371 6
319 421
448 66
122 78
179 301
142 324
204 377
293 113
352 225
117 448
261 201
484 404
153 457
334 113
138 376
494 304
101 394
476 185
159 45
405 91
118 320
119 257
467 75
13 216
348 76
117 445
171 470
434 163
469 485
42 123
315 256
395 28
442 232
340 351
224 192
407 245
323 264
341 66
450 225
319 409
323 266
39 36
450 357
227 133
415 207
321 4
427 36
498 28
201 37
445 11
210 458
237 427
82 374
12 288
108 387
60 385
99 280
251 475
328 216
467 182
459 199
42 437
449 52
105 479
187 428
218 359
159 16
287 115
47 176
346 399
223 478
119 325
309 276
377 174
413 101
127 254
246 336
439 393
473 229
464 42
399 175
316 330
326 247
241 323
4 412
111 45
89 343
240 332
46 425
76 402
183 315
380 353
168 336
192 16
258 477
231 73
283 322
101 433
2 161
323 25
129 295
205 2
319 223
230 181
197 29
496 210
179 59
382 116
73 217
45 232
395 181
449 90
291 353
313 152
195 14
454 22
361 60
166 203
233 116
103 277
168 420
248 265
326 106
247 258
237 259
141 348
342 33
294 41
362 85
169 390
311 118
443 184
384 357
229 343
238 362
410 390
454 71
175 114
125 336
132 368
444 286
88 69
184 480
14 499
253 84
68 181
413 391
447 76
362 161
438 83
194 412
238 218
393 463
285 44
345 439
67 43
258 289
201 454
275 386
427 166
114 179
266 388
468 61
249 303
119 490
377 336
436 402
161 134
34 79
435 188
370 110
129 222
131 302
215 457
195 470
457 327
468 68
199 452
90 371
392 227
209 189
30 135
237 14
485 60
149 50
183 164
240 67
448 64
441 466
461 37
218 60
402 372
127 138
215 200
405 224
7 142
108 163
421 438
448 233
92 303
363 238
482 113
370 399
316 163
114 252
90 395
41 235
273 342
319 455
122 49
212 233
120 168
301 214
350 147
437 365
295 256
315 286
87 431
422 66
392 77
45 67
388 216
418 387
262 449
351 370
2 168
58 99
142 130
75 179
115 69
235 15
401 416
307 347
231 480
311 368
100 135
187 91
229 415
336 201
123 259
412 176
425 451
149 13
323 361
13 0
41 356
79 199
142 220
401 85
258 131
106 5
413 225
38 108
112 469
494 199
192 176
15 438
451 292
409 154
310 449
430 312
320 163
30 6
190 123
198 208
252 307
356 489
255 327
174 487
239 479
38 65
443 175
332 119
49 427
245 59
445 471
10 296
386 123
32 282
158 282
93 259
69 448
220 456
419 264
186 322
170 258
148 145
249 318
359 69
272 436
44 189
84 160
304 29
329 313
481 199
230 136
21 300
161 144
382 103
97 241
268 128
130 365
24 157
285 180
321 237
356 207
268 276
64 220
403 423
29 485
36 390
455 465
437 492
344 136
205 72
393 14
154 311
250 68
238 420
312 268
494 281
233 444
342 343
427 116
395 456
177 136
496 492
359 281
163 187
329 208
136 78
154 18
174 157
252 24
74 217
486 474
299 274
321 393
478 50
369 373
199 371
139 394
288 374
432 181
444 422
289 157
164 207
311 296
102 466
278 14
423 450
162 229
419 181
89 211
165 54
150 60
337 435
15 195
330 255
143 483
158 358
376 455
101 199
403 493
426 495
127 377
202 111
192 468
68 407
130 24
246 383
139 123
29 250
377 344
129 41
356 423
24 222
69 363
214 124
102 87
43 88
230 336
26 274
430 242
384 476
106 487
348 346
290 229
418 115
486 417
445 485
403 172
27 100
229 247
229 95
4 43
265 30
166 167
34 227
182 247
390 348
396 168
274 434
417 14
497 355
237 39
61 498
440 463
429 256
309 461
398 370
21 260
252 481
46 452
111 109
407 339
237 176
34 33
460 283
476 268
336 301
238 358
93 2
254 292
270 110
56 0
436 448
223 270
47 136
275 61
231 260
45 29
315 465
418 60
370 457
72 14
408 42
241 316
85 310
155 73
197 191
154 148
26 74
235 234
304 277
215 478
211 399
92 194
6 351
121 302
160 268
265 79
328 4
387 58
369 385
452 299
347 463
499 408
449 86
72 482
307 355
379 470
270 368
361 102
26 329
225 421
261 139
80 293
279 412
141 484
201 215
475 76
227 25
363 335
495 190
206 81
110 65
396 383
344 264
340 434
139 388
174 162
390 141
150 330
306 105
210 108
348 196
381 390
398 24
47 247
381 127
365 282
113 31
284 334
429 8
300 23
263 240
245 167
67 293
338 179
113 315
381 356
71 400
432 325
59 368
0 257
388 261
226 493
215 462
318 109
44 366
28 67
404 195
346 466
34 3
327 349
282 156
196 442
252 71
435 413
217 426
419 63
371 450
473 338
73 175
63 196
433 143
456 127
210 65
236 380
0 400
118 123
467 429
93 373
497 374
348 294
152 14
46 38
216 375
110 311
221 490
317 125
480 133
407 450
193 388
318 444
53 165
293 201
427 425
322 396
130 468
189 225
392 102
294 52
43 293
32 218
237 93
227 381
138 103
182 99
402 186
166 410
358 184
390 20
231 483
204 460
273 17
244 433
142 426
45 72
356 157
245 133
218 333
156 291
420 303
79 172
433 345
465 300
488 346
246 314
288 90
344 439
309 343
453 340
421 344
323 5
32 288
214 272
296 84
247 27
91 375
177 249
202 168
424 47
44 141
129 171
188 463
302 403
267 92
290 221
383 11
335 332
47 228
125 72
90 146
170 35
237 496
485 345
383 201
388 225
25 392
345 354
468 498
171 428
473 382
7 336
72 421
165 153
212 267
449 114
319 414
125 283
113 85
441 341
38 486
56 315
279 488
20 196
20 65
130 165
222 39
165 118
343 36
274 474
436 249
180 300
44 45
5 156
2 249
169 131
341 187
75 430
144 121
377 374
86 75
88 29
84 331
331 276
334 10
198 209
75 228
108 336
214 319
78 0
443 92
262 206
403 425
279 231
492 432
30 295
399 106
150 224
463 461
178 398
462 435
0 462
213 393
325 137
448 211
480 178
19 360
190 101
75 458
42 460
377 275
243 485
247 424
426 221
205 472
118 231
279 341
10 281
314 271
220 48
435 324
216 345
28 475
246 316
12 214
172 165
340 368
470 114
423 52
325 80
164 433
122 487
312 333
408 452
223 230
216 372
227 180
226 83
127 74
188 438
12 472
449 79
298 52
141 120
232 136
416 62
273 218
414 89
488 472
467 60
330 413
102 309
258 362
15 38
188 275
274 244
346 330
63 394
257 299
356 89
49 127
404 233
259 423
424 53
237 172
350 27
465 123
265 490
198 386
211 171
287 326
16 430
211 277
20 104
164 352
272 111
135 175
421 308
434 201
299 433
225 156
408 63
343 71
28 169
273 407
364 474
134 117
243 18
5 132
154 40
281 86
355 347
89 395
30 147
479 96
181 245
258 238
10 220
284 377
228 45
477 13
324 309
461 345
126 187
229 263
1 464
292 361
115 205
176 469
132 23
33 72
346 470
109 245
128 145
370 313
52 366
444 352
81 324
294 451
295 177
235 85
434 134
108 20
196 267
27 77
227 457
234 480
326 150
473 433
455 24
119 475
228 446
388 483
391 14
247 117
314 83
395 216
230 148
488 65
323 332
367 317
122 33
319 38
150 26
296 450
351 14
310 175
227 39
26 95
383 36
229 289
496 489
107 121
176 215
131 40
400 426
488 402
168 238
178 35
192 251
486 169
450 17
152 125
125 192
393 60
376 283
119 488
114 257
92 364
148 178
32 330
329 197
262 190
94 469
37 358
231 157
354 150
373 68
106 171
480 339
469 165
154 99
196 95
377 81
60 104
333 353
35 405
29 176
336 97
104 230
101 295
439 146
392 224
245 201
258 322
297 302
415 98
4 292
280 124
206 213
398 159
182 382
182 116
464 309
120 412
439 246
17 103
257 67
480 41
60 100
432 331
73 242
184 22
168 145
190 489
430 493
86 118
286 158
230 274
172 144
377 76
471 145
63 474
70 326
162 277
360 384
486 202
348 378
494 324
159 409
496 261
116 3
53 484
287 294
395 167
52 259
51 72
269 417
77 37
43 61
386 20
466 397
100 155
420 248
394 177
362 43
486 430
290 69
155 12
463 82
0 282
14 369
351 470
466 99
133 82
322 329
413 87
377 382
454 155
411 414
322 312
258 272
171 448
243 194
212 498
271 99
490 248
109 298
458 337
422 225
157 137
494 320
353 411
119 130
386 165
477 328
466 343
342 196
212 400
332 340
309 426
177 22
259 332
245 27
84 475
62 21
410 423
49 314
312 330
432 419
475 51
127 395
470 169
47 175
420 30
334 375
445 85
177 495
74 437
242 401
323 153
403 63
466 411
279 219
379 282
280 481
360 87
206 416
181 401
146 425
308 419
83 49
389 368
240 182
460 491
484 360
416 458
14 25
228 211
103 267
23 278
14 343
203 260
156 351
310 434
426 268
176 309
288 217
152 343
488 13
153 166
360 225
16 209
382 128
291 364
429 462
291 271
167 172
299 188
77 448
372 175
194 416
305 322
6 254
208 120
458 81
298 64
240 191
251 390
252 317
224 418
498 285
74 273
178 388
190 111
316 235
398 131
335 464
161 265
368 456
258 115
323 124
367 43
341 36
156 395
399 401
133 264
268 137
376 393
282 473
264 228
440 58
417 361
490 65
360 92
445 480
235 322
315 421
450 380
442 55
220 255
225 257
238 452
367 26
81 320
165 439
208 390
464 138
8 143
125 237
43 432
114 314
40 241
31 470
134 247
0 99
320 68
226 474
138 145
40 373
215 48
211 437
267 315
250 332
195 499
380 398
220 490
202 293
318 230
158 14
330 342
247 81
66 103
423 397
21 30
0 461
468 335
19 284
60 63
8 308
484 44
306 36
205 132
88 53
99 379
341 281
318 166
215 214
425 393
390 328
431 109
106 122
299 138
223 306
384 194
453 222
362 56
80 43
442 487
493 105
337 138
30 79
485 284
491 205
218 188
267 304
384 1
333 345
150 93
22 314
204 338
364 204
16 303
13 256
409 69
155 139
99 126
57 17
118 278
421 66
235 365
10 371
220 386
347 330
480 63
291 44
72 249
122 263
458 317
60 22
37 150
130 215
453 452
217 364
442 348
304 296
419 283
12 179
65 374
104 195
415 150
423 269
313 489
101 14
73 81
408 146
403 116
265 482
150 423
144 136
172 181
490 361
146 167
344 241
319 320
51 156
10 27
415 417
401 137
164 233
311 31
55 430
411 319
248 229
273 118
181 469
46 479
277 64
19 167
112 406
186 334
477 151
380 208
258 198
84 452
299 218
45 454
14 399
364 373
353 168
372 455
333 464
363 243
285 30
35 207
193 232
303 70
63 386
2 184
298 387
249 151
138 293
498 436
477 492
402 385
201 181
253 125
110 290
355 359
263 152
229 153
94 326
141 244
34 70
467 2
243 298
448 197
122 413
497 254
221 271
24 69
360 135
77 181
395 403
370 482
127 126
499 444
451 431
90 489
75 178
377 102
251 472
464 487
381 125
410 215
315 477
79 499
462 149
120 232
21 386
467 73
30 426
79 81
154 126
248 23
269 194
173 34
307 449
162 491
40 81
57 203
16 367
165 271
209 148
435 406
126 121
378 384
307 326
234 286
23 298
357 63
416 60
229 217
190 106
212 445
362 206
136 390
418 437
351 336
361 366
453 115
348 327
236 41
124 175
208 200
156 185
293 4
42 223
386 287
213 411
495 202
115 141
437 413
393 498
313 348
18 174
45 379
83 359
244 424
406 328
461 6
25 148
83 334
356 422
273 142
119 122
167 269
306 417
138 365
323 247
72 124
34 213
274 440
228 185
108 171
151 470
441 26
109 342
240 288
308 119
378 252
393 418
200 362
218 484
378 222
478 104
58 470
0 393
118 195
333 94
262 294
162 217
317 101
184 0
498 345
11 206
297 90
13 255
449 207
33 316
493 187
54 468
491 251
229 371
2 493
250 275
66 46
356 217
303 154
452 189
458 249
201 315
345 313
197 89
381 467
433 97
398 273
114 172
231 90
375 451
355 107
281 360
174 17
238 396
394 489
320 107
216 219
348 156
394 301
378 181
30 141
478 424
399 408
256 68
269 349
179 428
41 293
190 254
312 15
264 286
187 138
334 100
53 283
25 103
157 112
77 40
147 83
144 410
294 263
339 101
301 120
199 234
105 350
68 348
499 222
299 282
67 251
433 319
59 34
413 297
116 84
413 46
0 106
383 254
2 333
409 363
132 203
487 182
417 171
98 306
94 238
250 472
189 271
108 417
386 459
288 105
321 150
371 396
419 269
10 17
494 465
31 127
185 337
69 338
148 288
21 118
357 2
404 19
311 254
120 398
495 391
35 364
18 405
105 111
440 491
192 179
333 19
231 196
181 348
446 9
134 443
299 158
37 118
63 426
26 169
74 48
349 62
129 470
177 231
179 403
251 57
395 117
57 325
425 376
330 344
321 216
296 34
67 56
5 120
1 248
181 17
332 221
467 197
261 462
420 393
349 400
118 460
438 116
56 123
162 203
218 180
326 267
179 138
374 240
318 421
468 147
367 420
264 331
448 54
455 378
280 292
278 269
450 165
184 468
419 40
391 378
373 409
259 232
127 122
405 41
284 342
98 288
371 127
407 220
484 6
459 433
31 327
75 384
214 365
144 99
299 426
261 63
338 285
292 440
424 79
118 404
85 452
323 194
172 56
440 430
260 486
87 485
436 330
116 325
480 173
361 354
495 220
96 237
230 71
112 146
413 255
334 465
235 253
6 375
10 215
214 281
160 223
308 228
373 80
420 417
50 499
230 450
334 271
55 405
79 88
406 404
289 452
307 44
393 325
188 156
191 34
421 461
356 287
338 266
445 21
351 355
204 113
412 457
71 356
482 451
323 423
325 303
211 37
405 217
454 370
146 81
199 156
50 186
108 46
309 253
184 471
355 427
376 105
242 320
58 279
451 91
300 16
167 317
429 13
156 398
455 196
322 385
305 90
428 399
420 241
197 433
88 479
107 221
73 237
64 313
402 148
328 32
194 318
379 78
350 324
90 135
302 364
243 362
62 396
415 267
401 292
21 353
142 411
299 142
365 378
36 84
415 473
213 7
421 382
443 253
9 464
159 264
333 418
468 336
449 26
440 203
354 470
308 345
289 56
185 357
219 293
463 36
233 277
327 224
175 2
36 497
280 152
218 280
457 2
300 275
276 374
152 377
132 179
141 250
421 237
356 31
300 361
457 114
61 306
186 178
451 410
207 441
15 60
281 195
467 122
280 354
375 74
353 82
233 312
267 314
239 374
92 494
469 69
189 229
422 309
427 452
456 461
439 221
233 29
367 338
237 136
181 479
359 407
109 44
90 109
339 26
202 457
263 314
227 316
15 141
425 33
54 346
65 145
242 45
124 3
210 156
69 362
462 18
441 457
-1 -1 25939 -1 -1 -1 56644 -1 -1 -1 57609 -1 -1 21524 45719 -1 -1 25823 -1 -1 -1 -1 -1 -1 11683 -1 -1 -1 39499 -1 -1 -1 -1 61135 -1 -1 -1 -1 -1 -1 -1 -1 -1 -1 -1 -1 -1 -1 -1 -1 -1 5247 -1 -1 -1 26422 -1 -1 -1 -1 -1 -1 -1 -1 -1 30432 -1 -1 -1 -1 -1 -1 -1 -1 -1 25209 -1 -1 -1 -1 -1 -1 -1 63304 31575 -1 -1 -1 -1 -1 -1 -1 -1 -1 42602 -1 -1 -1 -1 6453 -1 -1 -1 -1 62252 -1 -1 -1 -1 41180 63820 -1 1055 -1 -1 -1 -1 40790 -1 -1 30915 -1 -1 -1 -1 22552 -1 -1 -1 -1 47297 -1 -1 -1 -1 -1 -1 -1 -1 43990 -1 -1 -1 -1 -1 -1 -1 -1 -1 -1 -1 -1 -1 5654 -1 -1 -1 -1 -1 23000 -1 -1 -1 -1 -1 9018 -1 -1 48239 -1 -1 -1 -1 -1 -1 37351 -1 14681 19781 -1 28716 -1 34997 -1 -1 -1 -1 -1 10854 -1 60733 -1 51141 -1 33341 38977 32378 -1 -1 -1 -1 35075 -1 -1 -1 -1 -1 -1 -1 -1 -1 29857 -1 48895 -1 7059 45478 -1 -1 -1 -1 -1 21432 -1 -1 -1 -1 -1 -1 5302 2209 -1 -1 -1 -1 -1 -1 -1 34585 23663 -1 -1 -1 54147 -1 48623 -1 -1 34808 4756 28913 3287 51160 -1 -1 -1 -1 -1 -1 30093 -1 -1 -1 -1 -1 -1 -1 -1 -1 -1 -1 50501 -1 -1 -1 -1 56022 -1 -1 -1 -1 -1 -1 -1 -1 4775 -1 -1 -1 -1 -1 -1 -1 -1 -1 -1 -1 -1 -1 37366 -1 18566 42390 -1 -1 38269 20696 -1 -1 -1 -1 -1 -1 -1 -1 -1 -1 -1 -1 144 -1 -1 18321 -1 -1 -1 -1 -1 -1 -1 -1 -1 -1 -1 -1 -1 -1 -1 -1 16128 32163 -1 -1 2198 -1 -1 -1 18982 -1 -1 -1 -1 -1 -1 -1 -1 -1 -1 25783 -1 -1 50497 -1 -1 49141 -1 -1 -1 -1 -1 41635 -1 -1 -1 -1 -1 -1 32007 -1 -1 -1 -1 -1 -1 -1 -1 -1 -1 -1 28528 32639 -1 32792 21132 -1 -1 14697 -1 21671 -1 -1 -1 -1 -1 -1 -1 -1 -1 27114 -1 -1 -1 -1 27402 -1 -1 -1 -1 -1 -1 10897 -1 -1 -1 -1 36474 -1 -1 -1 -1 14823 -1 -1 -1 -1 -1 -1 -1 -1 17083 3720 -1 -1 -1 -1 -1 -1 15404 36463 -1 -1 13696 -1 6721 23451 53869 -1 -1 -1 -1 -1 2941 7671 -1 -1 30224 -1 -1 28254 -1 -1 -1 -1 41679 -1 -1 -1 55539 34020 -1 -1 -1 -1 -1 -1 18016 -1 51611 65475 14236 -1 -1 -1 -1 -1 -1 51465 -1 -1 -1
0
