500 2000
65 3
98 22
391 446
247 451
236 461
82 25
312 135
232 367
295 162
28 269
203 360
202 384
261 164
160 172
108 476
173 286
97 365
158 254
151 439
184 96
128 0
388 462
242 147
305 337
136 213
48 75
171 130
468 447
416 174
93 378
145 495
51 238
143 341
458 400
388 383
163 160
40 73
426 358
185 293
10 329
406 199
393 163
463 80
385 126
495 21
171 39
137 495
93 370
216 375
246 294
412 118
391 10
322 94
225 355
460 480
135 416
394 272
332 446
143 193
89 1
456 176
434 54
395 77
254 314
261 294
346 331
208 368
226 218
481 451
300 153
87 305
45 2
441 317
277 123
494 68
454 211
234 81
221 460
88 474
476 1
360 37
297 403
384 78
369 271
360 284
11 423
265 222
302 67
429 344
316 272
365 300
216 75
220 381
74 427
200 131
429 159
287 189
176 37
119 40
341 164
358 155
27 132
237 117
209 109
261 347
212 293
422 187
376 468
308 303
304 344
281 113
291 337
232 93
399 360
274 157
151 340
94 361
366 3
391 122
5 17
152 182
196 36
196 483
229 162
37 335
119 333
12 278
390 429
201 262
302 333
175 243
380 191
40 275
254 233
76 238
499 448
39 348
236 306
341 131
247 26
227 249
450 83
221 110
236 221
79 219
17 141
98 213
23 409
360 371
123 31
131 256
468 30
358 363
249 334
151 445
73 81
185 0
64 85
147 313
246 41
95 49
382 33
99 299
184 494
302 172
225 181
404 450
273 55
7 99
337 15
50 30
4 420
398 498
297 317
205 293
391 52
167 398
69 169
366 391
359 438
265 486
183 250
410 457
384 407
135 300
264 287
27 241
167 72
282 322
410 145
252 125
482 402
27 311
356 147
140 366
39 147
241 216
235 495
263 291
467 159
321 27
224 239
437 141
241 96
186 295
201 139
260 321
27 325
468 67
52 18
153 454
142 222
200 164
444 305
312 191
187 68
274 182
403 466
253 321
89 246
33 234
60 83
160 261
398 408
86 169
149 75
151 407
253 412
105 100
310 379
327 51
64 330
371 256
423 58
356 79
328 88
304 91
293 77
294 296
16 126
185 220
490 356
33 320
124 291
279 160
301 55
142 271
345 114
280 377
110 26
453 263
55 409
286 274
225 323
431 277
241 155
159 405
186 441
466 118
142 474
39 220
322 257
341 431
327 418
113 478
395 319
459 27
306 466
440 316
422 317
242 354
472 293
443 141
339 25
150 291
479 445
163 417
83 358
281 418
332 477
342 168
417 310
26 164
29 369
195 468
347 252
441 484
94 139
185 341
351 166
484 145
179 83
185 258
12 452
219 101
423 478
242 222
190 473
82 144
273 329
106 176
378 219
221 353
68 139
312 60
165 389
112 453
255 142
337 10
172 293
427 414
463 8
130 325
160 177
146 444
370 271
209 137
463 462
384 27
345 367
49 2
321 110
285 349
194 145
213 178
175 394
254 145
348 401
498 33
130 341
128 75
424 142
19 27
211 51
250 49
137 316
347 386
313 111
415 178
13 346
468 82
95 128
425 11
323 245
222 180
400 12
31 102
167 19
308 58
71 439
72 320
172 107
216 308
91 445
10 360
221 31
175 198
353 24
398 264
213 362
406 98
169 134
274 287
271 397
159 277
308 240
491 377
53 0
491 461
434 264
477 161
130 416
452 386
499 405
151 322
418 237
262 306
439 9
108 167
455 494
315 397
152 96
472 45
251 426
92 97
302 482
220 302
146 135
497 482
17 341
242 40
378 220
481 418
31 291
486 423
193 299
463 263
446 475
26 427
154 28
187 258
427 454
76 58
489 431
234 386
71 383
211 305
6 133
181 358
226 329
298 290
439 285
331 22
111 75
99 133
377 139
309 368
425 47
190 463
5 176
166 140
255 39
126 158
358 379
25 365
425 71
101 9
398 106
303 329
418 127
458 467
131 148
211 143
21 398
442 135
191 241
191 218
241 314
118 231
400 323
230 222
341 220
291 313
181 364
353 408
166 176
50 476
391 492
40 219
444 210
29 194
68 59
356 53
386 116
441 274
242 454
427 391
479 207
337 333
297 347
409 212
197 315
217 292
118 486
253 138
417 161
111 65
490 203
337 278
405 317
84 133
118 451
142 91
202 429
296 46
228 159
336 318
29 77
160 392
397 196
62 70
39 7
82 482
337 107
399 270
66 261
484 347
333 64
30 101
365 464
429 259
349 316
333 134
64 172
453 385
155 406
71 259
32 183
492 363
89 250
320 265
450 13
149 396
25 260
47 83
271 73
235 254
64 126
299 389
273 219
295 469
286 12
411 138
348 144
400 95
252 185
247 170
234 68
127 459
173 486
70 246
450 156
81 148
186 450
36 246
313 316
323 267
14 249
267 484
73 466
34 374
118 172
70 167
319 195
340 53
111 188
418 393
316 177
16 25
255 249
283 451
422 257
263 154
474 103
401 347
176 265
49 203
37 321
399 407
169 14
149 170
449 468
223 326
423 399
131 14
100 201
209 334
334 438
449 341
213 320
222 100
330 346
203 390
36 404
33 301
235 113
83 407
449 300
337 350
21 78
427 209
136 89
51 251
103 237
59 272
107 201
232 250
345 371
133 169
74 350
324 471
236 230
61 223
314 59
100 104
205 373
12 112
91 208
445 385
223 316
326 368
76 150
415 445
414 164
459 397
102 73
453 189
277 374
424 382
71 6
498 71
56 161
355 47
403 43
162 473
230 464
34 187
124 419
346 118
196 457
256 473
77 471
52 172
53 397
322 85
280 65
31 488
155 12
124 337
344 222
76 413
261 71
37 242
331 189
120 424
271 371
63 45
443 464
417 113
343 220
76 302
447 322
121 42
327 296
427 132
458 369
315 312
410 185
280 191
349 79
494 274
179 439
74 93
312 200
301 8
339 292
9 462
348 247
430 136
476 21
317 490
203 455
344 109
377 237
257 474
430 278
265 419
109 162
340 271
19 259
63 445
189 446
488 231
388 283
20 435
129 352
289 363
361 204
38 457
62 149
384 343
371 60
34 126
493 362
97 369
376 277
139 56
234 475
185 76
166 370
181 449
402 334
367 383
185 476
125 211
377 220
448 488
410 494
191 125
31 40
154 184
204 147
60 364
466 257
238 13
414 52
137 461
372 151
33 7
294 348
406 356
337 344
234 151
483 126
146 306
328 360
152 437
85 326
231 72
229 244
343 161
178 109
165 437
461 232
136 367
243 421
387 416
396 138
208 376
174 406
235 421
282 341
156 150
284 200
201 315
4 68
156 24
26 417
151 205
242 112
151 373
35 323
188 69
195 25
79 358
189 311
21 460
406 329
397 445
312 161
341 163
399 76
28 484
281 449
329 450
14 327
452 23
127 492
376 154
41 334
149 111
211 91
439 52
301 21
206 421
246 32
249 485
123 228
65 388
242 128
115 44
439 12
12 45
80 454
362 104
87 443
100 453
76 226
343 200
345 352
1 203
74 84
281 278
278 126
358 288
298 118
166 117
461 44
339 49
345 478
264 259
446 39
340 109
309 107
215 490
276 51
135 449
215 7
305 485
418 118
118 444
120 481
267 431
142 86
439 499
14 156
240 243
199 32
41 255
440 69
297 206
245 130
144 370
164 441
380 41
181 455
431 334
439 245
414 322
435 250
105 82
129 389
95 150
255 345
475 208
378 43
389 156
76 441
219 272
74 122
136 422
316 170
359 497
133 445
27 146
33 101
430 482
72 25
248 438
112 404
402 244
382 29
160 150
430 255
475 322
345 82
341 465
256 355
5 384
358 289
176 454
25 43
359 483
87 380
46 175
371 301
73 424
210 87
166 106
129 462
192 34
159 271
287 6
177 370
270 376
331 483
49 69
291 136
411 21
117 217
87 24
138 375
135 182
217 100
274 4
466 287
390 251
341 402
80 259
215 117
252 217
67 369
203 320
393 495
267 221
392 273
440 10
454 191
369 399
42 362
191 249
344 453
203 397
192 115
272 152
125 493
134 315
284 5
321 128
361 461
436 111
495 121
334 42
298 132
483 19
459 16
56 54
125 312
18 394
477 280
305 83
217 185
482 198
326 233
205 296
93 492
217 318
416 147
253 80
22 490
69 162
496 225
237 275
192 172
455 54
245 18
439 266
445 349
496 31
44 212
382 389
249 355
393 221
296 230
202 222
354 269
295 379
359 304
188 233
392 378
53 409
14 159
462 195
240 191
186 372
330 406
308 192
475 469
107 275
117 468
182 256
360 363
83 296
367 114
342 132
498 119
307 427
345 247
223 402
7 2
292 338
403 261
232 118
234 392
354 216
154 375
213 322
298 264
1 491
483 363
159 301
150 405
496 360
391 383
367 30
109 292
404 403
295 386
42 138
188 346
298 418
257 371
115 403
312 115
403 326
57 294
83 278
293 465
450 305
149 76
228 2
454 397
447 451
274 156
87 383
278 19
368 66
63 252
152 250
275 358
42 9
426 228
426 444
260 143
191 382
152 388
188 284
224 10
475 108
169 460
36 156
229 108
187 55
266 374
280 91
382 474
100 297
451 127
322 372
317 497
240 299
470 225
19 480
248 241
11 318
187 293
99 129
123 300
329 481
61 33
135 311
128 19
79 60
411 337
402 40
91 191
482 336
321 224
227 12
352 430
404 52
458 406
326 269
11 156
373 163
288 473
95 463
319 334
267 312
50 247
479 419
288 175
108 11
229 492
115 225
470 403
452 173
99 332
366 62
0 421
55 445
156 41
336 452
97 84
272 262
177 29
158 211
21 330
46 101
357 323
428 252
386 359
36 255
417 443
312 470
465 355
467 265
329 57
477 235
171 76
96 160
332 411
119 372
233 203
398 243
10 153
390 325
395 275
409 421
217 42
75 175
152 70
227 37
384 90
6 338
61 249
228 478
311 79
448 77
366 36
287 206
390 345
317 246
496 421
150 275
57 2
422 349
18 344
297 104
34 84
42 303
287 334
389 283
206 381
66 357
394 206
276 261
317 114
330 325
303 480
305 145
448 334
47 479
258 227
115 46
63 338
6 342
205 246
126 73
141 137
462 163
81 427
370 142
266 418
434 57
3 342
316 112
246 422
366 25
199 415
170 120
232 2
22 275
293 280
487 319
103 209
221 229
330 238
34 427
128 181
243 93
87 483
429 62
284 411
166 195
69 290
31 38
464 174
283 237
476 407
326 475
436 239
462 258
405 482
255 176
163 384
288 184
321 440
87 306
357 235
97 27
214 77
457 148
55 43
265 182
394 428
473 4
490 444
380 116
454 60
203 306
419 328
454 152
207 377
312 328
305 212
459 174
259 499
391 267
432 234
367 284
382 402
456 124
460 97
23 135
398 75
332 114
421 75
218 18
91 446
18 282
7 306
256 432
308 252
258 428
496 304
148 157
218 296
110 44
470 456
337 49
266 300
442 300
211 463
252 388
492 223
308 145
98 464
362 256
376 445
19 40
385 375
13 446
252 417
76 352
423 202
174 60
247 383
170 366
422 59
330 285
306 345
387 456
254 265
388 276
104 454
455 98
183 398
33 120
260 172
494 271
169 182
458 364
141 402
466 11
226 371
90 354
80 260
173 301
343 295
78 339
372 238
67 77
203 348
346 489
435 244
181 450
288 202
199 40
218 227
165 163
73 313
453 16
283 278
263 215
108 69
13 161
59 145
485 194
73 177
259 88
311 378
82 186
39 201
404 84
41 293
477 441
8 85
33 22
71 64
433 197
97 193
428 65
184 40
233 303
178 216
414 194
282 490
189 248
266 97
142 25
450 499
416 352
202 84
61 116
471 68
301 284
203 171
12 235
310 436
98 498
280 418
477 246
61 62
424 449
482 382
95 151
418 262
169 154
185 158
28 123
485 111
26 371
325 228
217 89
370 160
175 344
282 260
383 223
11 247
388 8
34 386
175 362
73 499
134 229
80 24
86 235
219 167
319 188
137 245
153 268
299 327
217 36
3 288
428 226
17 367
315 203
217 353
305 276
346 14
246 54
12 302
322 266
481 340
109 153
238 118
197 464
199 224
247 174
372 219
481 204
394 208
450 321
91 337
392 204
294 191
67 466
89 182
197 190
252 39
487 347
77 178
493 276
477 14
161 174
15 194
364 489
237 407
257 247
374 101
499 434
46 441
493 495
283 188
290 426
230 340
372 374
414 381
164 172
232 221
37 306
47 287
109 189
483 152
60 197
120 81
192 352
496 279
328 255
172 280
263 4
356 474
153 78
81 254
289 199
472 158
204 297
279 486
458 435
248 147
203 202
203 469
67 362
475 43
157 210
61 474
497 416
40 498
75 307
172 100
318 327
154 329
145 173
151 301
256 75
237 153
194 244
228 257
30 184
104 249
169 201
92 279
460 438
192 321
276 221
361 26
99 257
389 7
153 337
26 240
38 430
129 375
50 397
487 240
12 37
155 437
71 168
454 83
412 392
136 83
95 162
465 405
338 172
54 10
122 220
337 241
314 249
357 164
24 67
92 370
418 257
154 185
431 470
320 487
153 179
19 419
115 253
160 368
101 481
9 329
314 487
433 136
166 217
124 394
396 492
156 286
314 112
11 46
0 164
3 35
479 480
464 344
272 15
408 335
90 268
91 344
304 275
343 196
90 421
399 204
51 10
75 80
69 308
411 440
200 334
455 139
314 186
491 319
330 317
134 351
39 40
109 266
154 88
286 32
35 482
317 225
92 169
464 257
94 496
256 332
65 113
168 149
120 451
457 92
97 318
21 333
308 200
46 326
87 273
458 386
106 386
293 281
29 334
241 18
12 171
434 463
472 363
316 278
195 312
276 396
249 293
342 193
201 229
119 483
12 493
9 100
371 399
116 100
371 391
201 495
311 101
185 67
272 482
233 466
489 249
368 497
358 228
452 476
136 23
241 214
16 226
219 162
385 107
90 219
366 436
90 449
329 398
404 338
424 495
175 132
229 393
253 360
84 123
261 80
497 138
202 489
23 139
97 406
331 159
279 149
7 493
299 326
385 365
235 452
353 96
94 230
202 131
339 392
141 301
358 354
462 368
59 476
478 277
162 386
97 71
328 54
1 102
173 330
384 183
36 75
450 385
82 227
461 364
169 496
225 336
405 415
80 341
308 372
390 250
362 354
360 461
445 193
234 433
143 74
207 0
282 369
348 52
252 456
406 232
249 442
146 152
356 264
356 429
465 253
428 440
80 262
42 169
459 441
147 315
448 271
455 412
149 318
305 381
185 149
31 323
69 148
303 475
185 208
157 386
39 265
444 181
455 441
11 129
267 432
457 250
460 214
411 180
125 333
274 270
271 191
472 413
108 367
181 224
111 201
363 193
371 153
240 69
134 44
226 116
443 372
377 179
299 371
157 150
73 55
13 196
213 212
407 98
104 482
168 84
332 62
470 93
237 155
448 336
494 198
278 481
128 375
311 86
120 305
261 390
97 281
431 52
320 331
415 496
183 14
343 340
190 9
475 99
402 343
487 270
264 487
390 494
334 354
249 29
122 372
346 376
476 239
263 94
250 268
237 304
488 295
108 467
65 430
248 412
129 362
296 138
54 385
45 37
386 87
27 125
105 352
368 421
178 380
213 265
315 416
152 309
236 172
165 422
102 147
389 409
87 41
370 301
136 295
338 370
206 213
28 56
404 325
367 53
9 314
216 71
427 487
61 451
463 365
304 154
233 367
371 428
216 240
394 11
373 26
400 39
326 399
456 412
56 296
49 414
370 333
202 491
335 404
146 400
229 70
388 464
111 258
102 412
128 287
373 110
275 3
49 231
73 160
285 402
362 90
318 255
11 87
120 293
311 450
186 53
245 345
239 185
290 481
191 359
372 141
250 440
95 445
464 166
450 348
49 132
114 301
367 107
176 325
68 287
169 364
84 412
145 177
281 149
495 15
51 224
159 54
369 153
422 58
182 133
104 41
197 233
96 292
34 155
437 458
284 26
309 370
413 256
324 171
174 18
132 392
178 286
103 461
272 21
363 369
142 380
131 101
332 260
219 252
402 250
492 208
367 287
111 229
3 263
213 5
59 459
214 210
43 399
487 405
486 316
177 130
127 9
450 204
53 69
14 98
457 352
51 359
14 92
67 344
72 200
110 337
113 365
283 258
97 133
130 124
155 267
31 165
226 416
382 326
205 310
497 61
426 314
296 128
78 88
61 248
225 137
108 244
428 225
155 65
426 236
134 325
105 472
420 320
397 369
302 188
414 69
499 92
456 135
480 431
75 13
462 89
50 444
491 392
463 243
46 460
337 475
223 233
68 202
402 451
134 300
191 425
299 168
32 273
322 389
288 159
273 334
326 71
133 69
175 382
407 166
111 344
145 135
85 43
378 201
182 374
253 353
167 29
393 377
147 64
386 405
381 36
284 17
243 246
202 126
364 161
342 128
42 60
439 77
207 228
271 110
126 37
482 109
128 153
33 357
441 216
491 446
301 385
160 68
486 65
275 38
296 474
289 406
266 96
19 180
64 429
478 156
472 207
62 103
201 366
452 160
55 348
202 473
483 459
3 473
494 324
34 213
465 218
428 102
212 302
432 70
105 19
91 49
176 491
59 23
78 163
491 456
304 155
474 440
4 189
86 177
182 44
267 476
69 235
141 279
221 94
428 240
79 369
43 482
438 26
191 383
144 7
271 263
369 446
372 300
208 113
441 140
230 187
157 475
25 445
460 6
41 19
414 470
401 358
213 294
146 278
315 243
207 493
475 2
39 307
154 230
151 108
489 471
225 180
73 136
102 460
284 103
130 104
30 187
444 25
345 285
122 180
14 348
108 220
181 448
145 9
36 250
31 435
222 312
489 299
151 200
173 56
63 43
7 307
117 196
401 435
97 400
379 463
229 302
330 146
298 399
108 240
4 264
81 488
291 40
416 345
486 185
203 105
124 391
41 394
54 363
278 405
307 381
424 271
85 452
209 455
146 109
70 132
38 147
403 145
426 0
202 21
381 285
493 5
370 1
136 248
76 281
129 359
312 141
32 34
19 52
269 195
302 282
266 14
-1 -1 -1 62677 -1 -1 -1 -1 -1 -1 -1 -1 49735 -1 -1 -1 -1 -1 -1 -1 -1 31536 -1 -1 36540 -1 -1 15897 -1 14221 -1 54622 -1 -1 -1 -1 -1 -1 -1 -1 -1 -1 -1 -1 -1 -1 18868 -1 -1 -1 -1 -1 -1 -1 43549 55814 -1 -1 -1 -1 35164 -1 -1 64202 51281 -1 64670 -1 -1 -1 -1 -1 -1 -1 -1 -1 -1 -1 -1 -1 -1 -1 -1 -1 -1 -1 -1 -1 -1 -1 -1 -1 -1 -1 2193 -1 -1 -1 -1 63863 -1 -1 -1 -1 -1 -1 -1 38777 -1 -1 -1 -1 -1 -1 -1 39063 64326 -1 57772 -1 -1 -1 -1 -1 27687 -1 -1 -1 721 61660 -1 30695 -1 -1 -1 -1 -1 26414 -1 -1 -1 -1 -1 -1 -1 -1 -1 -1 -1 -1 22224 -1 -1 -1 8373 -1 -1 -1 -1 17881 45504 -1 21686 12877 -1 -1 -1 -1 -1 -1 64189 -1 -1 8138 -1 49122 -1 -1 -1 -1 -1 -1 -1 -1 -1 -1 21705 -1 -1 -1 8219 -1 -1 -1 -1 -1 -1 -1 -1 -1 -1 -1 -1 -1 -1 -1 -1 64293 -1 -1 -1 -1 -1 -1 38993 -1 -1 -1 -1 -1 -1 -1 -1 -1 -1 -1 32525 -1 35091 -1 -1 -1 -1 -1 -1 -1 -1 -1 54553 -1 -1 -1 -1 -1 -1 -1 -1 -1 -1 -1 -1 38939 -1 -1 -1 -1 -1 44639 -1 -1 -1 -1 52407 -1 -1 -1 -1 -1 3620 -1 -1 -1 -1 -1 -1 -1 -1 -1 -1 50595 -1 -1 -1 -1 -1 -1 -1 42380 -1 -1 60981 -1 -1 -1 -1 -1 -1 -1 -1 -1 39637 -1 -1 -1 20554 -1 38080 -1 5879 4776 12246 -1 -1 46021 -1 -1 -1 47958 -1 -1 20982 -1 44817 -1 -1 -1 -1 -1 61907 -1 -1 -1 27931 -1 -1 -1 -1 -1 -1 31983 -1 10251 -1 -1 -1 -1 -1 4481 -1 -1 -1 -1 59669 -1 30069 -1 -1 -1 29257 24175 -1 -1 -1 -1 25086 -1 -1 60306 -1 -1 7785 -1 -1 -1 54756 -1 57969 -1 -1 -1 -1 -1 23192 8902 -1 -1 -1 -1 -1 -1 -1 -1 30969 -1 -1 63257 -1 -1 17295 7524 -1 21284 -1 -1 -1 -1 31027 -1 -1 51344 -1 -1 7670 -1 -1 -1 -1 -1 -1 -1 -1 11973 -1 -1 -1 -1 27881 -1 -1 -1 -1 -1 -1 -1 -1 -1 53725 19266 -1 -1 -1 8258 18957 -1 -1 -1 61377 -1 -1 -1 -1 -1 -1 -1 -1 -1 -1 4832 -1 -1 -1 -1 52545 -1 -1 -1 -1 -1 -1 49167 -1 -1 -1 -1 -1 -1 -1 17673 -1 -1 -1 -1 -1 12387 -1 -1 -1 -1 -1 -1 -1 -1 37488 -1 39660 -1 9166 -1 -1 32388
7
1 312 2 264 6
1 11 13 303 5
0 68 12 42 2
1 340 6 283 1
0 82 5 184 5
1 301 3 95 8
1 354 1 253 4
