500 2000
278 191
292 36
298 109
477 8
144 168
112 343
340 179
260 177
144 6
35 472
94 370
41 296
488 93
185 117
328 413
234 320
421 334
238 115
117 45
72 217
300 239
434 361
422 457
481 79
184 181
448 59
46 464
32 26
441 242
410 171
183 477
376 252
26 284
106 47
0 131
492 208
61 193
476 464
250 102
334 24
101 401
385 218
143 273
472 222
9 316
261 495
418 195
422 232
93 168
365 276
390 95
195 453
39 216
380 256
180 403
421 484
229 297
353 22
51 136
313 100
145 186
153 263
429 321
233 177
95 266
305 341
134 50
229 169
408 499
138 450
238 211
476 444
318 72
347 401
421 214
130 372
399 402
223 439
328 191
57 385
212 18
383 2
322 475
172 439
488 478
143 414
286 414
472 189
445 244
80 132
303 421
13 293
188 152
292 494
409 430
186 83
170 321
326 158
462 227
81 58
415 443
2 20
316 480
55 242
242 383
359 176
292 13
284 146
159 48
12 303
46 401
379 114
165 229
71 130
339 190
228 163
479 185
104 225
128 398
86 241
145 333
220 327
18 245
471 76
63 17
66 94
229 240
187 319
404 394
308 155
22 427
99 146
312 458
51 195
426 257
142 356
303 203
289 183
431 397
247 14
196 26
332 280
324 187
392 281
272 250
485 133
494 33
162 284
434 380
440 179
418 85
48 216
248 304
186 124
358 292
287 108
9 86
253 411
263 168
64 101
105 484
453 77
327 133
70 29
122 463
380 180
314 182
257 274
92 407
188 90
494 394
93 53
109 268
304 382
163 148
165 393
392 138
322 318
148 455
346 368
409 38
307 111
464 271
233 352
10 367
487 208
136 460
141 353
321 317
146 428
315 43
309 165
253 121
120 198
208 238
244 397
154 389
481 432
86 419
134 464
54 427
146 278
397 120
466 465
265 383
441 155
317 442
44 154
321 244
206 145
64 110
121 75
80 301
331 413
4 120
63 253
64 217
309 310
381 434
161 229
167 392
379 85
407 153
492 160
11 497
148 89
214 493
87 314
109 306
13 325
101 446
449 481
297 79
119 469
470 166
27 81
62 453
263 38
347 370
296 419
255 344
155 427
255 495
322 184
344 262
480 221
159 391
495 181
474 305
153 482
273 443
52 269
31 112
156 473
209 255
196 394
492 94
270 410
351 355
129 130
156 472
62 61
311 457
310 247
331 126
21 22
185 404
459 398
25 265
281 302
341 328
191 147
195 328
342 338
267 11
288 481
149 165
286 229
459 444
411 164
290 342
62 264
99 403
312 455
209 57
382 477
11 356
467 248
488 47
140 371
387 233
253 59
86 280
96 403
443 228
216 24
380 479
398 116
345 410
327 256
354 71
134 308
493 474
409 278
43 332
175 461
394 23
82 21
111 339
241 169
85 269
205 250
207 308
295 429
384 352
217 120
423 393
363 167
225 2
192 437
209 318
250 480
300 213
193 362
29 181
279 288
72 179
326 147
204 52
244 344
436 390
410 368
11 78
416 467
74 314
417 436
321 23
285 130
282 181
228 93
324 281
450 85
217 99
85 238
418 386
326 437
184 2
252 186
236 305
162 183
462 441
263 483
128 458
491 446
353 204
288 367
85 408
344 409
285 210
337 171
88 444
416 494
330 88
132 448
416 160
288 230
84 35
326 10
18 409
452 437
9 426
256 16
259 312
451 119
233 130
190 457
274 440
360 7
478 46
131 210
210 126
152 349
111 229
251 267
303 390
347 337
404 208
94 51
95 228
396 19
389 442
26 305
25 154
34 13
296 452
362 41
321 204
110 471
445 430
271 54
445 206
74 298
392 86
143 407
13 294
68 403
155 447
497 243
380 448
71 428
187 77
0 473
55 168
281 463
479 251
96 244
355 477
282 221
190 141
31 113
407 169
87 464
182 176
452 301
287 140
245 316
336 469
244 404
26 2
472 18
424 483
37 135
491 200
373 308
320 416
296 216
366 225
386 106
299 304
299 266
387 54
208 426
63 415
143 444
4 376
205 414
193 7
122 10
247 112
253 409
277 319
304 458
461 355
230 408
220 288
161 82
299 441
230 499
448 47
304 46
467 105
461 199
152 446
316 120
118 366
111 4
195 128
420 219
14 426
404 2
27 429
209 86
368 292
364 358
415 47
431 484
335 255
28 280
243 380
326 434
1 479
386 23
428 89
170 277
224 492
228 125
68 174
20 205
453 280
13 461
44 285
47 193
345 37
471 454
441 80
422 285
302 477
234 165
134 461
434 95
456 434
152 398
294 269
170 405
204 295
277 288
480 123
460 65
322 107
264 131
392 212
365 189
79 34
99 66
217 288
233 97
147 2
3 430
315 257
119 148
208 255
210 341
434 140
284 130
258 228
185 100
73 272
277 67
404 247
105 318
249 221
118 428
289 342
455 101
78 459
82 484
255 351
379 32
451 394
82 258
319 66
194 338
301 321
296 404
46 244
232 251
465 39
457 58
414 157
72 128
214 347
473 177
59 124
316 318
40 163
469 304
441 456
331 195
8 448
297 85
33 141
313 474
405 80
53 373
172 355
333 402
161 384
189 327
71 85
345 483
217 4
427 387
51 249
466 147
463 286
260 490
264 117
392 482
449 196
396 103
223 200
257 435
113 29
438 242
487 4
324 328
228 212
498 55
186 493
366 194
353 438
412 375
425 285
260 231
486 178
463 391
210 389
230 169
438 195
457 405
234 273
281 475
453 344
455 31
174 349
185 480
454 323
180 247
210 491
222 143
69 76
227 142
55 360
41 120
422 9
444 27
196 3
9 430
159 15
33 148
456 64
1 324
435 83
278 112
48 214
190 67
205 182
36 252
319 450
108 366
67 36
4 382
157 284
377 274
335 308
278 80
452 403
466 421
28 417
324 326
182 34
149 71
201 23
473 278
376 364
410 306
170 113
308 32
147 408
421 382
196 119
20 241
425 165
199 336
178 63
346 113
391 243
93 413
366 379
239 91
242 335
342 322
327 35
238 344
315 219
294 417
459 365
420 378
72 91
61 478
275 343
342 241
192 298
397 456
186 285
326 495
481 202
161 280
352 307
231 308
97 64
111 116
171 86
85 459
205 144
449 309
86 479
386 132
338 153
409 82
51 342
413 376
105 466
323 95
108 432
486 172
60 120
85 360
191 2
143 173
22 184
405 385
401 355
377 12
46 140
198 66
206 473
156 11
116 153
148 487
237 475
241 359
398 292
160 461
391 75
110 252
248 327
406 122
313 499
75 331
377 115
349 373
418 273
4 342
377 136
177 264
139 236
336 227
33 85
65 360
250 54
38 244
282 338
2 117
35 104
313 14
74 361
444 353
478 15
195 168
248 390
366 208
194 183
17 316
444 141
196 328
320 364
406 422
393 42
106 138
223 323
121 335
233 302
248 349
3 88
326 432
112 261
167 348
447 157
7 465
187 25
326 327
0 159
267 72
493 166
403 468
367 429
175 280
423 22
63 123
413 116
410 418
482 430
468 330
82 362
455 451
32 268
94 249
224 107
104 214
321 183
402 186
422 462
212 411
55 423
156 209
177 158
127 408
196 206
486 374
357 411
40 460
224 26
50 419
158 219
100 267
179 367
396 6
88 219
417 326
55 245
427 184
441 51
288 484
402 209
83 58
327 167
261 79
452 225
67 273
113 127
389 366
36 350
386 47
493 401
319 238
141 376
354 403
496 144
154 445
410 175
176 103
490 271
190 53
1 295
436 100
430 231
82 148
184 366
52 220
314 8
266 445
342 214
421 186
219 263
115 219
226 479
445 38
230 354
50 245
223 473
301 85
383 393
351 230
217 201
313 196
370 329
478 452
7 346
315 335
170 228
189 230
120 18
118 346
345 81
415 445
62 425
143 313
375 275
253 417
124 45
148 304
201 405
439 201
307 305
321 98
181 323
37 33
382 461
83 151
491 477
35 67
52 92
356 51
373 27
475 399
223 249
336 237
151 15
339 191
107 147
114 446
423 250
315 400
9 87
328 329
499 371
362 341
296 449
372 374
462 420
469 378
164 492
127 255
244 352
96 105
139 403
228 154
344 336
65 448
374 471
181 18
3 0
460 320
477 357
155 207
490 298
207 107
242 353
101 222
117 380
457 234
266 408
139 334
493 225
471 341
488 217
101 176
278 274
8 277
156 318
472 272
119 281
192 59
324 101
416 59
442 374
349 230
45 450
195 175
316 464
258 216
374 217
140 364
208 447
102 179
180 242
272 218
61 452
159 252
357 33
448 279
403 176
498 268
17 442
251 452
372 329
288 127
229 306
4 22
70 323
375 383
181 96
391 220
346 65
35 196
393 91
53 107
236 49
79 364
464 114
71 422
365 275
384 269
222 406
415 289
151 272
446 124
180 469
340 295
20 233
121 358
449 253
189 239
155 292
390 345
222 226
172 191
103 157
445 193
383 349
117 343
186 176
124 270
124 305
154 312
30 237
336 238
496 371
40 164
338 6
398 154
251 497
35 55
331 161
245 462
132 338
78 268
397 237
420 395
498 160
97 277
222 409
384 15
178 157
148 485
366 220
157 168
140 168
232 318
242 489
300 438
302 445
113 152
352 11
207 468
45 411
14 55
398 322
377 189
463 151
134 235
411 337
458 60
166 249
189 295
159 251
295 24
396 379
339 402
14 191
19 412
494 375
192 377
238 459
496 106
316 53
309 221
200 161
51 213
278 262
212 209
142 390
328 427
456 202
275 383
415 77
114 447
387 143
238 37
244 499
168 436
198 40
287 234
109 471
225 37
380 406
398 98
337 182
243 467
191 363
68 380
17 140
444 313
453 27
160 473
348 313
164 481
499 87
83 120
353 45
127 75
276 470
85 30
495 213
316 154
375 225
426 36
387 422
427 50
30 330
436 380
307 181
399 373
258 480
452 128
242 426
40 491
192 396
44 267
283 280
201 336
310 149
3 12
148 138
327 199
373 250
294 371
212 27
21 372
407 195
456 135
299 289
70 177
443 64
150 372
202 167
72 75
196 318
92 429
472 488
233 235
471 68
108 17
253 143
327 147
348 87
87 484
400 413
104 340
102 90
156 493
470 20
233 90
186 42
299 454
222 399
122 470
363 92
281 447
400 206
333 158
121 126
43 293
194 394
400 10
66 86
388 31
134 70
437 445
37 476
382 178
171 0
142 126
378 493
26 200
470 254
439 475
473 37
163 263
203 217
319 265
87 206
239 63
144 84
23 58
71 396
99 192
6 267
392 334
148 475
421 3
243 14
453 26
56 238
421 464
433 26
206 440
301 396
58 264
479 217
348 203
309 251
411 120
85 203
112 338
118 149
193 289
312 250
46 408
333 89
298 356
175 218
49 102
482 366
12 97
94 419
85 194
13 90
15 327
341 270
351 3
345 48
266 188
180 261
175 484
346 182
77 55
394 298
266 121
358 417
251 291
211 295
54 425
126 221
340 386
474 116
37 63
360 29
207 196
444 89
307 300
323 131
340 78
410 251
356 475
69 215
10 27
245 314
393 61
388 142
368 359
314 59
495 350
427 365
61 308
477 443
273 348
390 8
141 168
268 233
28 84
268 113
162 438
328 100
200 42
485 391
175 409
353 460
471 292
359 179
404 484
169 25
377 163
44 472
178 95
408 178
11 349
320 483
294 47
240 94
67 467
41 307
176 254
212 208
158 352
171 62
31 148
314 27
166 360
112 305
176 122
49 172
404 111
493 290
322 146
154 174
122 225
468 494
226 408
306 5
436 185
72 272
492 108
83 383
421 205
393 353
1 477
454 335
231 146
65 312
393 81
87 141
319 330
388 427
430 266
411 200
305 161
211 478
195 100
111 485
480 487
370 430
498 153
272 494
496 449
171 91
74 264
381 360
457 296
168 181
218 126
78 379
482 462
342 44
175 107
451 173
254 1
71 54
346 379
250 60
259 222
144 200
369 26
201 490
416 414
327 206
488 232
86 107
211 79
34 472
273 456
465 190
494 188
293 191
195 410
395 445
488 238
254 76
206 433
252 375
16 7
430 275
398 149
180 188
365 105
422 234
152 331
99 314
380 231
106 336
274 381
193 53
345 413
266 213
401 31
365 394
402 167
16 461
419 244
326 205
174 285
33 36
177 56
51 390
22 485
151 459
132 118
76 128
207 222
225 21
445 366
389 343
152 0
187 202
287 301
401 484
141 86
280 199
331 158
376 77
27 83
486 228
268 422
462 257
407 142
141 279
51 88
224 323
194 78
338 382
8 253
28 442
456 146
431 469
69 306
369 15
305 165
440 481
277 260
165 349
171 342
320 213
251 28
296 396
366 480
464 461
119 425
329 212
130 434
334 231
305 76
192 430
8 431
37 92
89 81
117 168
355 392
403 48
167 66
151 317
103 359
37 338
469 224
191 359
491 487
303 165
200 225
22 54
328 66
428 231
103 312
80 242
84 304
270 86
386 339
29 399
209 31
108 116
323 481
197 457
6 282
312 48
269 369
211 53
425 86
489 371
210 271
342 10
255 231
210 266
262 429
43 377
21 176
448 384
322 408
32 22
424 356
281 409
60 287
325 410
384 169
92 146
364 230
392 71
280 271
276 70
302 110
354 101
54 94
28 256
424 13
367 416
415 268
348 377
29 403
307 254
207 242
285 26
264 274
51 273
146 476
91 193
188 89
370 86
27 395
90 464
136 211
63 98
132 220
50 308
2 403
282 27
330 100
237 469
233 388
116 292
88 408
275 244
440 65
400 95
131 80
62 94
414 84
356 484
327 458
394 169
204 28
191 356
430 458
243 284
155 318
395 121
26 37
467 4
263 207
399 384
86 227
164 279
39 117
392 145
420 251
232 18
390 204
460 345
138 48
197 165
85 315
343 85
393 452
149 15
82 51
151 415
268 72
243 381
329 139
280 67
194 35
420 5
277 399
79 450
494 443
255 192
31 493
104 77
357 241
66 467
42 176
69 131
85 248
255 419
49 462
408 305
378 296
433 16
52 441
202 76
201 135
438 229
25 454
400 49
40 151
325 126
457 8
373 452
394 308
3 418
444 181
415 435
211 189
187 179
164 68
408 59
68 182
195 288
68 365
273 163
434 272
149 297
208 395
304 240
418 131
199 353
405 292
64 2
153 395
298 320
319 262
406 487
375 413
269 16
400 155
168 272
95 232
265 289
375 257
346 424
353 209
96 367
325 447
333 87
168 49
70 62
12 488
342 167
426 65
32 246
120 471
379 159
35 109
307 217
132 173
190 405
345 140
173 385
296 135
39 447
89 160
396 411
33 299
384 383
362 319
318 438
322 95
109 102
246 142
429 491
497 151
192 278
159 383
263 284
116 199
246 50
347 143
396 112
3 398
118 432
141 142
18 158
289 161
63 183
104 398
199 267
310 391
74 128
297 387
279 165
135 167
87 305
400 211
492 262
318 244
485 398
257 166
158 373
258 226
235 457
90 137
438 499
134 21
139 122
23 361
400 23
424 360
130 420
367 411
144 130
167 307
425 122
372 17
368 254
234 433
0 404
31 208
55 10
189 8
192 21
343 148
7 319
465 81
404 236
408 176
155 97
213 314
344 347
84 425
489 168
138 41
118 385
270 195
285 111
25 222
309 157
360 425
181 116
68 327
407 63
131 361
321 55
72 434
38 141
333 354
8 152
181 355
224 388
166 310
426 107
54 25
78 282
38 285
411 444
363 197
90 142
437 112
67 292
260 453
131 50
239 106
425 289
348 468
499 466
463 165
172 186
6 347
280 233
459 43
308 40
173 226
377 49
148 4
403 451
86 159
357 129
131 375
258 389
354 473
247 312
185 276
395 14
459 425
156 378
245 299
273 333
74 450
356 481
11 91
448 13
302 121
75 169
177 168
399 419
188 428
187 170
213 172
348 98
313 278
479 92
348 131
176 477
419 402
336 97
67 136
172 81
174 308
316 470
9 318
132 71
425 150
116 17
234 421
135 311
198 186
149 386
451 443
308 15
189 74
340 161
131 278
415 410
313 490
236 140
86 399
313 150
269 139
141 146
84 394
207 145
251 490
33 50
229 223
276 142
325 62
31 494
393 80
220 330
111 396
40 302
222 152
34 197
34 348
394 303
179 69
135 14
401 433
6 346
473 414
345 350
384 30
489 162
161 110
400 135
473 227
385 341
283 398
426 297
256 464
195 218
200 496
449 317
56 453
405 120
0 224
163 84
111 434
324 398
377 287
51 56
84 134
154 137
75 276
182 417
198 498
497 179
88 413
403 485
175 297
301 245
152 304
351 183
341 132
119 195
350 83
215 405
437 414
106 152
23 15
1 24
51 453
395 253
244 225
414 294
307 211
466 1
450 153
211 116
139 497
278 418
275 233
223 101
259 388
169 289
415 338
336 386
135 394
182 144
98 234
11 129
367 186
154 285
66 492
284 337
472 106
273 41
105 43
207 124
281 125
179 220
72 68
89 179
261 302
264 409
481 166
338 185
385 182
455 68
261 246
395 257
430 66
63 91
384 83
298 169
405 239
109 132
433 74
370 476
359 485
388 191
247 427
449 3
309 126
137 212
280 165
262 34
88 89
12 486
201 39
192 8
274 288
497 469
168 488
442 173
261 280
325 106
122 483
342 175
411 313
456 249
287 306
471 258
123 167
57 412
241 379
71 112
49 6
352 395
450 262
467 464
43 447
487 445
414 123
318 94
205 135
22 394
452 284
235 267
302 314
334 165
464 248
320 375
123 345
117 235
449 414
56 348
290 191
290 254
14 214
315 205
279 115
219 316
31 202
431 176
352 199
156 174
176 140
198 434
363 156
321 32
158 225
283 266
13 174
316 40
23 172
293 428
422 137
43 94
37 232
22 49
488 163
100 424
2 68
94 361
146 75
70 259
299 40
333 408
495 56
83 122
425 247
256 79
474 83
10 85
268 196
273 350
185 292
413 200
45 333
92 66
109 183
348 128
99 494
266 478
276 222
9 96
17 242
56 116
310 395
51 95
330 310
258 344
206 428
349 476
154 435
22 375
86 281
422 361
218 239
211 301
102 135
164 4
169 402
-1 -1 59036 -1 43409 -1 -1 8170 -1 18186 -1 33448 -1 -1 -1 -1 -1 -1 -1 -1 -1 33527 -1 979 -1 -1 40941 -1 1942 -1 -1 -1 -1 -1 -1 -1 -1 -1 -1 -1 47539 -1 -1 -1 60930 13705 -1 -1 37342 -1 -1 -1 -1 -1 62004 8362 -1 -1 -1 -1 -1 -1 -1 -1 -1 64452 -1 -1 -1 -1 -1 -1 -1 -1 -1 31536 -1 29997 -1 -1 -1 -1 -1 -1 -1 -1 -1 -1 -1 56526 -1 -1 -1 -1 11159 -1 -1 -1 49213 48815 -1 -1 -1 -1 11349 -1 -1 -1 -1 -1 -1 -1 2982 -1 -1 -1 -1 -1 -1 -1 -1 -1 27892 52449 -1 -1 11015 16510 -1 -1 -1 -1 -1 -1 -1 5059 33353 -1 -1 -1 44940 -1 -1 -1 -1 -1 -1 -1 -1 -1 -1 -1 -1 -1 38877 -1 27228 -1 -1 -1 -1 -1 45852 -1 -1 -1 -1 -1 37399 -1 -1 -1 -1 -1 -1 -1 -1 -1 -1 -1 -1 -1 -1 -1 -1 -1 -1 -1 8186 -1 63421 -1 -1 -1 -1 -1 -1 -1 -1 -1 -1 -1 -1 -1 46250 -1 -1 -1 -1 -1 -1 26136 -1 -1 41953 -1 2359 13293 -1 30163 -1 61846 -1 -1 -1 -1 -1 -1 -1 19308 8325 -1 -1 53971 26736 -1 3611 -1 -1 -1 -1 21689 7886 -1 -1 -1 -1 -1 -1 -1 2034 -1 -1 -1 -1 -1 -1 -1 -1 -1 -1 -1 54468 -1 -1 -1 -1 -1 -1 -1 -1 -1 -1 -1 15584 -1 23664 246 -1 -1 -1 -1 -1 -1 7763 -1 -1 -1 -1 -1 -1 2556 -1 -1 -1 -1 -1 -1 -1 -1 55871 -1 -1 -1 -1 -1 -1 -1 -1 54056 46029 -1 -1 -1 -1 -1 -1 -1 -1 -1 -1 -1 -1 55629 -1 32760 -1 -1 62647 -1 -1 -1 -1 52275 -1 -1 -1 -1 -1 -1 -1 -1 47643 -1 -1 -1 2434 8344 54980 -1 57261 -1 -1 -1 -1 -1 -1 23499 -1 11694 -1 25494 -1 -1 -1 -1 -1 50552 -1 -1 -1 -1 -1 -1 -1 -1 -1 -1 -1 -1 -1 -1 23576 -1 -1 15634 -1 -1 -1 -1 -1 7909 -1 -1 -1 -1 -1 -1 29154 -1 -1 25502 -1 -1 -1 -1 -1 -1 -1 -1 -1 -1 25475 -1 -1 -1 38502 -1 -1 58537 -1 -1 -1 31648 -1 -1 -1 -1 -1 13615 -1 -1 -1 -1 -1 -1 -1 40804 -1 -1 -1 -1 -1 13961 56933 -1 -1 -1 -1 -1 2239 -1 -1 -1 -1 51801 -1 -1 61664 -1 -1 -1 -1 -1 55918 -1 -1 -1 53050 2671 -1 -1 -1 -1 -1 -1 -1 55644 -1 -1 -1 -1 -1 -1 13221 -1 -1 53505 -1 13060 -1 -1 24188 3047 35946 -1 -1 -1 -1 -1
6
1 374 12 250 4
1 298 15 398 9
1 210 3 270 12
1 181 10 121 4
1 120 3 156 13
1 325 6 139 6
