500 2000
161 58
192 90
70 93
235 182
167 126
182 106
346 78
99 275
366 221
150 290
223 89
432 499
139 68
285 64
293 105
424 175
455 446
65 316
428 193
354 381
370 310
124 285
38 382
158 230
107 308
131 426
277 462
78 309
55 343
282 481
308 312
46 235
367 333
241 220
374 17
52 370
240 269
2 21
236 356
383 141
389 73
470 228
125 313
244 405
409 303
16 130
411 7
380 178
224 85
32 325
8 236
309 136
157 312
171 13
391 482
494 400
299 161
453 313
143 330
224 48
351 81
248 380
499 8
202 255
426 83
190 132
489 237
183 124
489 497
302 257
266 243
445 476
362 351
421 32
452 316
391 453
68 361
180 304
451 487
321 415
419 409
406 349
292 153
314 193
208 445
399 266
194 20
42 153
390 99
428 305
177 161
427 235
344 497
122 301
347 216
446 244
292 342
107 206
163 267
98 366
21 130
185 380
144 203
176 458
252 478
251 223
138 367
421 11
491 264
284 310
273 117
172 80
470 96
387 275
113 461
394 109
144 148
313 314
37 122
23 92
425 69
163 10
456 151
451 267
61 424
270 459
188 160
60 206
475 341
438 370
365 404
399 32
255 306
9 265
418 121
473 223
210 368
220 148
194 147
428 389
2 411
415 481
417 469
296 494
95 101
421 168
356 18
79 337
222 418
68 138
52 113
407 387
149 68
71 213
234 217
196 15
242 368
352 72
114 436
327 138
271 397
302 286
33 279
293 382
168 409
31 154
297 409
380 265
335 256
76 336
383 417
80 160
360 364
161 480
151 480
337 115
187 263
125 426
379 254
261 91
276 278
492 340
257 35
382 372
75 475
89 45
15 495
472 414
422 473
152 6
329 26
363 483
153 291
213 205
459 29
219 124
18 27
142 230
491 24
311 205
435 276
493 58
280 476
355 197
273 354
378 79
209 102
125 392
158 186
117 200
341 192
441 287
180 490
395 234
449 287
182 171
101 110
495 440
335 362
223 367
240 35
454 424
196 239
4 481
280 176
358 36
308 208
329 372
132 396
140 91
318 472
406 307
342 145
470 23
223 93
35 91
202 230
472 37
285 136
440 277
130 318
184 408
145 393
258 70
7 350
278 95
431 143
195 316
292 120
271 316
106 60
47 126
426 380
278 200
366 200
104 499
155 287
431 12
478 255
327 102
94 23
271 350
233 326
88 46
176 479
129 21
467 357
382 313
112 479
355 80
340 138
214 331
484 386
185 258
98 68
224 312
252 189
6 409
84 103
15 421
312 181
462 86
364 222
437 492
182 481
488 45
449 213
179 176
224 484
457 166
121 494
383 340
213 287
218 475
477 429
190 133
285 33
164 215
406 76
185 323
209 179
373 191
30 212
122 15
294 279
31 116
107 23
109 421
55 374
3 495
205 300
81 132
116 168
481 403
278 476
438 187
383 28
457 178
275 393
194 449
476 427
108 0
7 419
422 118
342 160
314 425
109 393
369 134
420 109
279 408
482 286
486 335
35 121
252 327
206 400
267 226
319 59
419 465
49 67
274 268
460 382
154 55
158 286
419 17
469 443
26 408
127 377
241 308
186 274
132 327
321 104
219 262
291 475
483 271
93 279
62 149
340 344
60 467
245 156
205 247
423 449
252 256
400 80
48 269
138 363
182 196
2 441
274 235
15 274
133 100
118 220
480 91
198 298
51 253
20 49
98 89
151 257
436 91
374 319
121 124
26 88
222 87
446 37
303 282
172 377
494 270
331 409
261 473
334 166
15 297
294 127
256 272
50 296
379 473
263 141
392 434
361 105
246 407
145 474
207 144
17 173
362 127
480 483
72 276
54 435
442 98
47 323
254 278
248 158
408 71
15 6
104 41
236 425
279 490
98 430
338 301
411 104
231 184
194 301
452 417
319 90
493 375
31 133
72 118
444 321
282 359
454 313
56 103
462 392
8 307
406 285
281 327
391 9
204 182
193 397
387 383
495 238
49 365
245 441
399 360
189 122
309 169
383 291
3 246
21 120
171 110
384 333
31 372
403 428
214 192
411 217
42 313
318 200
41 353
449 473
367 89
182 280
111 453
369 39
271 430
151 231
50 499
146 187
197 144
379 307
194 408
210 441
21 250
407 397
423 41
388 220
57 77
383 273
28 160
45 442
426 498
370 332
114 286
430 420
211 323
369 278
91 170
313 133
450 130
454 174
73 41
430 126
259 291
462 493
22 445
74 430
424 32
78 427
24 352
278 386
395 378
414 422
445 27
472 446
100 62
195 483
272 464
464 182
461 11
175 146
14 313
361 302
203 373
242 291
490 158
165 243
179 336
201 57
217 378
482 429
433 340
346 393
29 489
237 247
179 266
416 364
129 468
15 481
46 349
427 79
256 391
27 246
357 88
326 327
222 104
464 355
484 273
138 83
478 153
342 147
230 183
258 212
361 86
341 480
256 395
104 246
146 413
267 173
291 213
73 186
88 482
353 433
226 134
137 21
350 141
415 429
331 388
82 139
297 115
412 281
416 61
342 333
268 209
384 435
290 264
17 220
446 327
256 393
93 142
330 472
449 344
87 486
169 323
496 263
108 76
25 182
250 495
386 81
228 280
131 342
193 355
124 40
9 491
79 157
395 51
282 367
161 33
491 294
200 499
227 495
226 217
231 155
468 230
440 444
53 322
94 319
204 259
218 43
163 179
231 367
16 170
373 187
195 78
296 106
162 419
234 200
448 104
96 338
398 118
42 300
353 193
241 80
118 266
420 152
146 412
21 422
263 220
331 399
144 64
416 411
59 141
288 325
491 493
345 153
67 46
139 310
465 359
167 87
215 287
215 311
252 251
132 188
478 85
200 371
24 341
65 12
252 458
400 89
209 358
209 124
492 178
153 108
266 356
142 248
117 93
198 206
177 307
80 296
77 428
250 218
67 294
264 334
380 241
214 210
228 308
169 201
243 317
7 215
118 417
419 473
325 220
160 132
259 450
228 385
485 186
90 1
153 410
467 216
184 109
424 27
157 418
465 12
478 235
32 134
6 392
252 113
415 227
327 81
203 1
469 43
319 327
460 147
200 51
382 362
440 191
213 439
80 125
65 452
380 297
252 141
431 146
57 467
467 90
56 475
371 168
77 127
161 376
350 174
260 96
428 120
433 296
287 34
443 377
80 156
127 202
242 57
38 177
61 357
161 306
473 166
214 434
468 376
242 0
492 100
405 477
72 360
6 405
369 201
262 208
21 284
488 390
445 291
149 120
242 279
6 493
401 284
274 220
409 464
445 57
249 232
208 294
381 185
358 164
41 484
283 235
316 360
455 311
253 162
174 298
376 273
485 332
342 89
42 424
161 404
322 204
1 150
188 270
495 9
251 9
491 428
381 133
108 309
217 142
277 17
331 486
482 119
219 129
330 208
334 248
117 12
170 217
140 116
119 339
340 327
137 134
488 300
254 457
496 85
79 443
454 271
324 342
387 324
298 436
332 298
412 84
11 394
42 24
427 302
468 54
104 417
466 375
217 334
353 196
452 23
14 64
443 252
130 378
399 385
150 148
9 199
160 24
43 259
38 350
317 445
56 42
117 165
369 56
215 119
347 311
347 143
276 281
247 17
131 288
319 402
75 345
194 369
40 17
88 271
107 132
345 363
121 387
239 371
55 282
148 354
262 453
136 228
493 204
369 461
99 445
46 410
167 102
89 65
336 335
218 222
400 490
298 227
421 187
84 19
288 55
125 144
244 148
482 464
383 297
211 378
273 308
305 416
465 369
261 186
188 341
378 453
467 414
444 106
402 410
122 479
280 438
237 91
318 217
185 388
164 384
239 419
221 48
262 274
430 223
41 379
143 425
250 340
372 74
34 168
260 390
173 447
202 91
339 282
347 154
209 7
112 438
75 340
136 196
396 174
0 54
262 243
157 189
285 325
153 314
483 258
252 227
34 252
1 59
183 165
442 96
399 352
32 66
35 442
292 294
214 218
103 49
232 108
129 255
67 346
138 461
346 359
381 408
405 169
27 444
330 347
77 8
398 347
188 429
268 293
220 387
344 396
197 95
157 353
92 89
388 14
81 193
39 488
489 490
204 237
234 262
9 494
370 406
386 248
359 124
252 342
194 476
92 76
237 277
468 63
63 342
413 43
403 346
245 213
65 80
129 272
431 197
105 31
117 296
246 184
8 19
479 159
189 444
133 379
250 77
408 96
497 170
241 64
68 4
102 371
47 191
295 70
125 308
201 439
91 97
161 360
118 336
491 229
102 54
450 36
209 396
193 444
344 492
79 350
22 117
461 260
29 77
295 148
52 452
167 57
93 227
75 131
461 3
122 96
65 363
198 408
301 180
192 469
191 226
227 389
386 93
147 347
314 463
39 247
25 332
250 94
197 187
60 29
283 366
197 61
402 60
188 43
54 127
26 281
69 302
319 446
191 49
246 4
395 40
60 91
310 393
74 124
267 157
40 99
336 193
387 28
377 227
430 455
395 398
351 269
244 43
354 58
217 67
461 235
414 181
142 296
333 415
149 425
241 219
101 253
470 436
381 467
188 98
161 129
132 50
411 346
191 131
310 424
1 377
137 23
161 402
244 300
237 413
315 202
316 78
419 291
231 192
21 325
24 175
7 36
250 381
224 60
4 387
397 392
173 48
471 330
201 294
39 130
404 485
245 39
187 58
380 368
320 316
270 120
129 37
373 314
92 53
344 192
88 148
403 86
251 340
252 182
178 487
441 317
492 156
343 268
105 408
126 55
285 494
178 184
64 196
110 164
493 128
165 98
141 195
107 272
182 37
22 5
259 10
97 67
12 315
117 403
451 357
4 384
495 50
61 383
8 355
137 236
327 192
39 212
244 112
477 334
267 47
233 340
212 182
407 6
385 122
101 289
207 84
87 270
4 35
304 464
190 388
176 65
86 482
296 43
45 137
309 256
132 268
297 436
120 429
377 457
477 417
384 59
425 356
477 191
8 49
125 61
259 418
220 397
29 201
381 472
62 231
95 245
471 57
154 279
74 446
319 210
258 56
254 114
375 76
103 363
271 308
347 223
76 120
444 306
283 454
358 148
341 345
364 377
125 138
78 8
368 61
135 368
375 393
265 275
402 481
90 160
286 188
287 89
437 122
116 251
57 107
468 450
465 412
245 359
210 168
74 46
236 344
423 20
414 420
400 190
178 187
154 262
347 210
170 165
157 479
55 241
283 74
219 190
345 458
81 360
117 451
343 31
271 338
236 316
468 19
314 452
467 196
178 130
441 223
294 258
30 423
130 123
296 419
198 369
471 145
369 60
156 373
380 304
386 230
326 259
317 171
479 203
472 106
114 491
338 248
48 100
21 10
350 326
79 117
146 120
333 75
189 391
21 146
0 160
174 193
319 45
454 26
419 200
53 395
189 56
213 400
217 385
412 206
35 281
73 39
158 404
389 60
352 15
381 239
346 410
461 153
354 389
307 264
296 5
196 156
298 438
456 331
382 154
110 412
106 426
334 128
278 127
422 168
29 469
203 351
299 397
90 332
405 174
201 235
370 421
294 420
356 203
302 346
427 433
91 168
12 112
498 178
17 120
170 427
1 353
437 84
187 352
237 271
125 175
184 150
161 372
446 25
29 210
454 397
420 452
489 456
2 436
226 363
373 244
149 260
403 299
284 335
339 149
345 210
81 375
186 465
114 226
37 33
5 283
301 179
97 391
75 364
159 264
492 396
489 399
351 378
112 259
181 114
397 26
349 353
88 473
393 36
168 148
143 248
219 201
106 279
144 68
435 14
33 484
293 134
30 236
315 19
1 169
198 26
187 483
476 273
320 144
496 187
26 381
473 263
24 222
385 480
145 397
272 148
421 100
366 450
478 177
99 269
127 132
356 297
104 248
149 33
238 209
365 22
420 155
478 269
91 294
458 164
134 445
239 431
222 109
476 402
447 296
291 0
222 493
223 438
222 261
366 445
480 398
491 50
493 415
26 459
123 397
15 320
428 131
150 333
452 456
19 85
299 277
84 10
87 319
382 256
44 474
98 155
228 376
99 276
280 71
291 271
127 94
376 155
221 12
110 175
372 119
261 390
402 459
359 92
498 174
172 405
481 22
101 256
219 356
20 445
92 210
271 392
323 285
316 455
482 210
498 462
420 167
205 12
349 423
468 26
151 428
451 282
300 436
406 317
163 461
448 480
471 335
113 411
278 56
335 162
209 260
402 73
413 318
310 42
200 153
292 66
355 106
345 360
290 251
275 339
202 350
276 371
412 244
361 10
129 335
409 431
461 173
297 119
353 74
175 370
359 289
248 297
118 406
260 316
386 201
377 313
317 233
241 234
335 210
208 414
11 193
320 123
355 383
39 223
289 434
403 195
70 308
61 434
167 337
159 469
308 490
428 239
179 139
484 441
71 105
300 108
444 117
482 438
278 387
312 50
223 483
324 424
276 84
248 178
398 22
285 360
441 203
10 380
269 345
299 343
345 12
371 359
368 96
231 406
139 285
250 117
171 494
345 194
105 99
97 115
121 247
327 174
231 452
91 380
476 62
440 321
142 137
475 255
424 483
133 61
324 344
293 340
409 293
79 34
440 109
66 267
159 162
50 360
387 404
162 333
140 300
135 77
499 276
272 337
299 170
258 150
275 82
87 110
265 123
481 364
146 294
123 79
191 425
62 415
289 364
34 102
389 23
422 309
0 422
64 76
432 264
123 173
226 496
232 209
399 334
437 335
106 346
253 231
288 351
439 275
111 74
261 102
292 135
461 432
75 292
275 330
117 143
136 415
352 206
363 183
172 100
375 245
464 152
88 170
56 269
440 52
231 267
129 238
331 267
10 90
131 113
269 208
78 334
69 295
244 201
59 262
378 8
456 194
44 274
137 347
418 366
278 33
326 386
403 337
486 3
47 85
463 249
464 290
309 354
300 156
78 38
418 285
222 9
369 371
176 26
204 240
436 395
479 496
246 477
388 358
417 282
286 113
401 7
403 24
426 118
203 355
351 211
138 141
462 199
280 62
8 250
101 226
381 52
376 367
498 271
412 267
337 405
317 97
26 407
230 357
396 319
43 22
192 337
488 399
397 237
354 113
55 151
403 174
142 328
423 331
193 369
291 322
338 139
255 405
466 187
297 318
177 28
198 244
284 192
345 56
342 343
447 365
46 452
284 289
430 467
237 70
427 31
360 472
110 356
95 452
216 60
333 269
374 378
234 281
427 94
47 217
330 303
377 95
38 189
176 76
105 145
73 118
458 106
246 229
256 237
496 159
305 394
423 482
178 351
113 453
85 359
289 439
324 394
323 391
250 99
316 102
126 402
28 135
183 86
226 445
4 327
14 357
124 334
309 145
89 280
7 458
458 146
169 46
262 377
51 305
442 37
49 277
115 133
52 438
485 5
129 279
480 214
113 454
462 185
198 181
453 213
256 161
208 158
466 261
175 304
207 490
276 210
149 202
403 483
280 402
129 301
90 93
392 409
190 393
129 372
325 22
203 294
71 258
126 478
76 177
165 80
495 402
208 21
287 341
181 292
87 353
192 161
251 73
463 152
88 441
80 190
9 471
167 260
141 143
163 371
62 463
334 458
132 385
448 412
344 405
131 201
64 242
48 454
91 495
356 382
360 384
225 12
71 190
106 303
415 354
265 117
232 145
408 45
395 280
309 336
29 126
144 155
57 349
9 379
474 190
147 67
252 414
385 288
235 16
203 344
67 45
454 198
143 329
249 328
133 91
155 124
318 150
320 132
413 326
457 298
485 412
75 166
148 179
147 188
256 291
244 187
354 367
78 123
110 379
87 30
70 141
31 27
494 59
179 367
244 454
242 170
208 395
405 306
18 258
151 372
186 361
113 107
38 421
312 203
114 246
408 200
134 425
387 172
350 303
318 215
471 152
424 173
304 475
117 424
216 394
446 87
214 441
274 137
226 65
126 164
295 391
362 207
175 263
203 380
19 142
187 295
20 473
333 449
116 20
397 410
68 208
209 368
154 353
226 459
113 139
79 289
291 184
69 357
279 413
480 324
169 237
166 19
128 141
100 112
393 29
342 210
22 146
302 8
304 226
278 84
10 469
462 61
384 439
112 474
203 490
200 482
375 279
89 148
492 398
307 337
25 65
83 319
192 203
400 267
91 90
477 187
29 220
200 151
384 230
56 211
15 302
447 437
471 480
250 173
59 154
198 154
421 343
171 495
252 179
360 102
326 492
145 211
143 171
169 163
72 157
104 169
9 113
121 170
306 169
307 215
124 428
431 67
291 228
332 369
161 238
54 484
19 27
441 84
383 434
425 371
4 471
345 287
374 130
400 482
313 176
272 179
126 291
313 478
167 10
111 280
65 147
493 480
340 260
120 109
217 187
361 478
338 309
275 40
106 240
474 61
93 121
348 285
35 125
487 408
495 304
247 421
68 120
65 92
445 451
387 134
298 420
26 34
438 120
98 51
343 255
374 442
473 46
232 325
173 361
436 17
256 484
50 458
372 438
317 479
239 342
256 40
120 498
105 165
282 92
225 89
456 315
239 227
104 206
446 59
39 5
196 298
106 319
245 409
387 282
364 160
90 241
422 324
397 479
301 469
248 185
456 302
452 152
367 171
236 493
21 352
212 247
493 374
117 383
260 411
210 230
223 84
330 342
353 358
47 485
6 132
198 351
154 98
163 138
481 161
279 195
491 233
269 186
28 172
365 373
174 236
372 30
253 447
159 252
389 392
162 74
413 209
260 216
224 168
244 136
231 0
253 387
294 155
497 71
133 484
431 309
256 226
262 291
395 276
351 468
294 264
79 91
431 63
255 209
294 421
276 377
173 423
422 91
165 262
287 45
448 397
70 336
49 405
204 232
477 304
497 375
457 20
473 3
497 50
277 225
82 97
350 426
202 87
52 443
106 488
114 234
37 141
402 451
418 87
297 458
197 472
486 51
263 414
357 115
15 191
402 423
316 76
220 283
412 367
181 183
475 30
176 385
304 48
226 269
111 195
259 376
448 322
428 496
133 56
189 118
198 414
273 286
182 160
168 410
-1 -1 -1 -1 -1 19134 -1 -1 -1 39036 -1 -1 -1 -1 -1 -1 -1 61089 -1 -1 21008 -1 -1 23752 -1 -1 -1 -1 -1 -1 -1 -1 -1 -1 53524 -1 57716 48950 -1 33446 62035 -1 30600 -1 -1 -1 -1 48799 -1 -1 -1 -1 -1 -1 -1 -1 55061 -1 -1 -1 -1 -1 -1 -1 35377 -1 -1 54579 -1 -1 -1 -1 -1 58047 -1 48497 -1 -1 -1 -1 -1 34045 -1 -1 -1 -1 -1 -1 -1 -1 -1 -1 -1 -1 -1 -1 -1 -1 -1 -1 -1 -1 -1 -1 -1 -1 -1 34050 -1 -1 -1 -1 35193 -1 -1 -1 -1 24285 10563 -1 -1 -1 -1 -1 -1 27002 -1 -1 -1 -1 38831 -1 34898 -1 -1 27034 -1 -1 -1 -1 -1 51751 -1 -1 -1 -1 -1 -1 -1 11927 -1 -1 -1 11923 -1 -1 -1 14230 -1 57757 -1 -1 -1 -1 -1 -1 -1 -1 -1 -1 -1 -1 56063 -1 -1 -1 -1 -1 -1 -1 -1 56088 34684 -1 -1 38989 63488 43218 -1 -1 3132 42852 -1 -1 19586 -1 -1 43444 -1 -1 -1 -1 -1 -1 -1 -1 19047 27043 56518 1703 -1 42984 -1 -1 -1 -1 -1 -1 -1 -1 -1 -1 -1 -1 -1 -1 -1 -1 -1 47405 -1 -1 -1 -1 51579 -1 -1 -1 63607 -1 -1 -1 -1 -1 40982 -1 -1 -1 21464 -1 16311 -1 -1 -1 -1 -1 -1 42346 -1 -1 -1 -1 -1 -1 -1 38050 -1 -1 -1 -1 -1 -1 -1 60090 -1 -1 -1 -1 -1 47827 31124 64443 -1 -1 -1 35725 -1 16804 -1 -1 -1 -1 -1 -1 -1 41027 57703 -1 -1 -1 -1 -1 -1 -1 -1 -1 -1 -1 -1 -1 -1 -1 2157 -1 -1 -1 -1 -1 -1 -1 -1 -1 -1 -1 40741 -1 -1 -1 -1 52359 30018 -1 -1 -1 -1 -1 62686 -1 -1 41673 -1 -1 -1 -1 37373 5397 -1 -1 -1 -1 -1 -1 51907 -1 -1 -1 -1 -1 -1 -1 23207 33990 -1 42265 -1 -1 44132 5062 -1 -1 -1 -1 45511 -1 -1 -1 -1 -1 -1 -1 -1 -1 -1 -1 -1 -1 35010 -1 -1 15856 -1 -1 -1 -1 -1 -1 -1 -1 -1 -1 -1 -1 -1 -1 45806 29742 -1 -1 -1 -1 -1 -1 -1 -1 15035 49040 -1 60052 -1 -1 -1 -1 -1 57581 27783 -1 47048 5286 -1 8379 -1 -1 -1 -1 -1 24206 -1 -1 -1 -1 41344 -1 -1 -1 53861 -1 -1 -1 -1 -1 372 -1 -1 -1 11129 2968 -1 -1 -1 16147 -1 -1 -1 -1 -1 -1 -1 -1 -1 11365 -1 55424 -1 -1 -1 -1 11867 -1 36476 -1 -1 -1 -1 24182 -1 -1 -1 -1 -1 -1 -1 -1 33126 -1 -1 -1 -1 4027 -1 -1
6
1 454 1 185 6
1 222 6 51 1
1 223 9 405 14
0 295 3 147 8
1 340 13 148 2
0 447 5 374 13
