500 2000
37 456
366 182
135 150
130 359
357 240
37 378
480 8
282 285
443 192
401 362
439 342
185 262
434 78
351 236
484 492
164 122
484 31
239 163
272 424
438 336
40 360
195 211
452 31
162 466
241 494
211 383
240 98
382 33
361 310
349 320
313 488
431 420
219 345
230 294
333 306
3 202
460 279
363 364
25 318
236 145
356 68
306 82
235 56
226 368
138 462
350 134
474 172
240 136
257 112
192 116
477 428
156 242
128 120
242 370
230 429
105 65
354 117
52 168
404 243
109 94
142 428
184 81
29 221
77 165
305 271
55 211
66 167
82 113
469 449
232 369
291 226
196 463
222 173
493 251
290 487
19 133
191 62
229 226
195 50
28 258
238 245
470 210
407 487
57 80
485 103
247 147
127 333
138 244
141 23
59 309
397 394
431 166
315 7
214 400
348 197
496 443
183 432
462 472
499 199
346 353
250 454
461 305
133 446
6 334
338 244
112 383
259 111
483 89
136 109
482 347
332 60
59 282
261 220
107 21
240 349
319 212
316 44
387 345
460 14
212 129
155 275
132 107
101 481
44 272
33 330
471 95
52 96
464 405
317 73
499 217
377 62
455 34
439 417
20 487
231 25
323 5
115 383
482 223
8 425
322 385
355 379
190 186
187 304
403 396
490 6
368 357
305 390
452 352
477 47
355 17
271 26
418 424
377 395
406 200
446 459
446 285
495 91
450 115
173 3
183 56
289 408
116 420
338 283
390 477
276 9
229 20
321 262
284 448
462 162
130 283
211 372
296 434
42 315
253 151
286 63
241 290
318 400
141 38
438 402
203 463
216 234
368 21
110 34
276 274
321 292
290 468
68 433
230 233
395 315
131 222
144 52
215 187
22 49
94 84
277 448
58 301
252 27
73 472
309 61
323 288
75 315
342 264
270 198
270 356
61 132
321 103
148 48
380 394
403 499
344 305
134 462
182 175
34 193
483 284
9 444
416 449
182 262
18 312
11 139
281 379
254 398
134 339
446 456
418 51
288 211
162 494
452 223
79 0
433 365
29 84
418 92
106 450
19 467
186 87
242 176
120 188
212 258
254 316
352 471
388 153
341 109
483 150
286 143
92 191
383 110
395 367
31 356
177 60
312 157
377 249
118 450
427 449
182 81
196 55
7 163
251 83
439 365
116 143
218 417
104 139
368 429
313 331
161 70
20 397
74 204
91 276
471 217
167 176
111 362
61 89
34 286
173 262
255 312
44 394
409 173
224 255
29 147
331 365
435 145
356 136
321 495
154 388
472 241
329 481
190 423
10 199
31 259
470 266
476 497
61 157
493 279
446 100
434 425
174 249
490 337
469 243
40 169
205 351
496 61
450 45
177 170
58 266
245 196
499 8
299 268
106 68
68 220
414 359
76 237
369 43
286 288
470 33
355 468
473 130
222 357
396 426
415 418
339 199
283 11
189 185
32 341
13 36
341 324
198 433
417 400
260 205
167 485
114 471
321 150
44 432
496 127
155 448
481 487
158 415
295 151
34 157
360 67
177 236
390 307
134 259
38 441
423 261
108 262
318 415
273 19
112 148
30 248
163 327
148 423
187 84
156 270
326 150
21 75
480 26
456 490
449 43
348 43
258 222
19 352
395 48
232 200
47 348
79 180
99 281
334 296
444 91
87 326
13 298
472 205
110 271
71 11
296 249
493 238
246 498
38 163
406 277
174 383
194 202
493 39
268 83
209 267
422 339
291 219
390 277
52 54
457 194
324 44
363 336
12 471
419 161
418 388
9 222
325 459
292 227
110 386
141 429
115 430
109 164
419 133
439 79
428 130
195 26
268 25
331 134
248 22
424 133
105 118
375 332
90 184
361 312
286 178
134 357
430 250
310 8
456 71
332 274
205 126
143 470
20 447
402 47
437 249
85 477
308 404
153 367
18 462
477 314
8 227
494 209
223 281
28 234
398 470
43 124
50 296
363 328
484 37
32 478
345 247
192 242
436 104
317 98
350 189
124 357
475 373
453 371
212 396
116 80
44 196
497 40
341 287
275 497
152 72
474 41
168 28
372 475
235 260
87 16
20 322
333 389
9 187
34 485
415 460
108 1
189 396
266 297
441 207
134 488
481 494
289 169
170 133
499 427
362 5
82 448
288 191
179 459
90 99
95 202
482 244
298 23
57 345
416 464
214 414
24 380
447 6
11 29
325 132
125 330
235 146
360 181
39 11
109 403
438 330
218 63
310 368
494 34
336 175
449 420
461 357
253 239
151 338
126 328
257 130
27 38
76 348
379 399
327 455
80 137
215 29
444 269
114 286
148 195
254 374
123 306
105 164
51 348
433 486
182 451
486 247
426 307
362 64
471 38
234 413
157 310
78 463
324 319
456 341
470 6
366 447
468 201
23 140
416 302
240 63
367 140
476 125
307 223
363 348
483 15
360 53
16 226
0 224
342 156
101 265
47 377
289 149
455 316
169 267
167 61
158 141
432 412
86 166
121 65
45 29
268 339
186 435
303 393
0 142
88 197
487 473
72 63
40 279
67 275
221 284
396 420
146 191
241 262
424 451
317 158
406 361
247 199
385 329
304 333
13 99
109 482
224 41
25 150
319 150
107 158
327 482
46 34
305 325
116 228
205 224
40 19
38 298
473 31
359 318
153 462
43 321
107 7
457 424
187 193
406 396
458 388
429 158
400 170
26 3
40 265
245 88
256 123
33 348
78 7
309 319
359 398
98 312
451 284
39 101
128 383
337 45
264 283
257 85
186 445
177 254
218 273
437 359
217 324
417 161
44 50
141 111
204 208
318 253
392 139
369 78
263 411
391 171
0 350
458 389
322 156
109 290
314 329
489 498
258 321
97 166
428 62
393 422
332 429
405 54
276 491
235 136
494 68
401 35
170 427
434 247
365 30
74 485
162 117
126 96
245 73
300 101
185 74
5 398
484 65
191 406
147 8
245 438
96 235
465 200
250 357
495 472
118 339
399 278
485 444
272 156
373 399
235 233
280 19
49 391
15 206
79 491
383 333
353 278
183 7
364 199
281 264
148 1
200 239
58 100
88 414
79 318
131 374
157 163
410 392
53 85
319 338
86 303
439 279
385 69
301 271
37 373
321 341
187 427
51 243
317 268
272 302
373 348
374 135
198 322
319 308
422 287
441 232
272 388
404 23
364 383
379 199
174 440
308 307
40 178
193 462
427 411
439 383
45 59
180 328
63 49
454 44
362 225
49 387
442 261
477 104
167 147
91 192
82 439
333 83
115 56
282 303
460 186
334 126
272 399
154 55
4 208
424 111
312 336
338 486
343 53
153 102
476 148
347 450
266 281
172 182
348 325
62 11
409 97
219 453
404 202
428 58
226 20
242 150
415 239
476 288
348 478
186 390
372 322
207 426
137 320
102 486
7 355
106 314
9 119
399 434
57 305
195 467
255 28
191 357
231 494
69 424
477 227
356 327
339 353
231 326
11 151
410 100
165 17
103 129
100 198
399 487
181 15
130 378
128 285
52 188
150 202
178 244
421 121
340 35
398 96
322 465
268 490
100 189
133 343
365 431
38 110
58 106
164 94
279 399
499 460
225 111
36 37
202 396
284 141
185 253
270 120
169 51
439 387
42 436
391 47
35 269
282 133
466 453
212 377
351 499
47 7
206 70
92 391
417 27
404 451
43 230
453 401
264 300
207 284
166 165
482 31
366 331
370 474
52 227
489 412
191 80
390 102
146 178
242 283
400 331
457 122
440 138
120 318
475 107
272 442
262 452
257 89
277 41
430 49
185 294
177 426
175 375
255 451
150 281
299 357
431 288
486 196
10 118
435 331
235 60
99 5
482 379
0 57
140 43
253 84
66 445
449 24
459 45
302 255
452 117
423 61
169 79
491 358
361 357
416 157
357 318
432 8
66 62
189 227
71 184
274 19
12 145
82 148
17 265
87 138
431 418
278 277
450 67
319 439
397 288
384 276
160 45
330 16
86 109
95 133
202 330
247 104
221 175
41 247
1 376
254 206
316 117
108 12
174 170
335 271
361 172
22 342
289 124
374 353
323 97
436 89
40 23
287 190
50 6
462 180
173 464
340 44
447 180
108 43
474 298
428 11
8 442
180 395
305 463
414 167
484 43
352 312
444 396
363 259
365 499
341 465
277 440
136 424
167 258
94 127
350 118
226 227
281 114
392 467
475 34
361 398
479 350
292 22
479 417
422 77
342 357
314 405
113 103
287 284
392 259
223 358
76 149
13 76
225 135
298 181
185 322
244 177
411 109
456 450
76 240
227 183
315 307
318 243
157 220
306 470
297 145
466 408
156 35
475 465
14 37
335 435
218 422
486 284
368 373
279 194
414 71
369 261
326 324
381 156
39 70
56 492
450 34
465 404
39 221
100 406
154 0
86 289
463 407
3 286
382 355
405 410
465 170
421 331
154 264
364 248
24 143
7 311
336 74
190 243
200 2
65 461
377 19
266 294
448 349
356 440
14 45
290 31
338 277
70 328
87 492
274 226
371 90
129 292
317 120
220 205
161 453
261 0
30 224
137 350
240 145
258 96
291 22
19 314
288 91
474 136
409 105
419 322
95 50
450 238
364 425
330 189
249 466
28 303
176 412
468 148
182 101
32 395
337 483
330 207
20 183
4 59
286 121
97 124
128 189
413 275
35 420
242 41
356 8
276 238
398 174
304 489
108 374
223 387
378 402
9 35
377 428
276 363
438 474
380 165
262 287
363 237
103 322
374 338
224 419
344 93
266 140
292 118
61 419
329 428
95 390
166 153
177 243
150 14
314 395
382 221
143 460
253 275
358 78
475 306
340 30
96 41
142 460
120 191
413 311
427 318
281 487
258 13
435 428
48 383
478 452
33 103
421 469
86 103
461 113
245 349
214 96
79 27
99 114
38 275
210 16
313 234
421 220
150 192
117 346
17 114
44 137
70 91
198 406
137 79
238 207
206 361
54 100
437 291
204 51
357 459
330 148
367 109
346 298
302 489
199 461
479 331
71 134
288 8
238 211
199 222
237 11
486 31
190 180
389 138
27 305
413 296
102 55
176 196
261 323
150 1
433 357
103 173
487 262
230 371
118 301
375 403
97 419
296 306
477 397
378 93
233 97
53 303
31 91
66 490
420 155
409 325
493 474
37 255
384 362
188 382
348 140
107 317
73 485
388 313
497 403
462 232
61 238
129 298
76 369
468 38
445 401
458 200
315 212
68 482
186 323
229 136
299 59
34 160
133 315
44 466
303 88
435 237
118 417
243 451
451 160
234 184
171 427
378 29
312 201
211 63
99 72
466 275
214 138
145 406
364 255
487 116
333 309
152 157
69 470
279 109
349 69
313 8
120 109
206 95
27 222
470 99
278 142
295 342
359 221
272 445
245 207
154 410
289 205
370 39
207 326
355 157
134 412
129 474
48 193
470 248
256 18
361 111
238 454
215 382
142 57
174 173
264 380
487 350
80 52
310 434
126 267
214 62
94 229
409 269
179 12
193 142
303 122
294 314
433 98
255 405
33 117
442 401
404 10
73 381
83 152
381 226
235 278
106 14
359 336
57 274
211 183
254 420
313 105
473 242
309 478
231 399
321 242
193 290
334 484
211 38
250 371
470 29
441 24
17 288
474 357
8 216
407 84
83 33
302 52
385 177
19 323
460 259
372 357
439 53
485 8
165 133
98 472
35 455
383 190
457 62
131 468
141 224
278 473
481 389
240 142
181 212
183 212
275 334
89 158
179 402
124 420
222 22
310 48
465 169
38 125
452 189
22 34
144 416
67 471
332 295
57 54
389 20
239 369
465 163
442 177
46 221
252 63
89 51
94 158
312 100
379 160
222 354
265 228
135 381
368 133
483 142
443 401
409 169
44 344
224 74
487 395
110 332
274 386
54 130
220 424
13 210
205 172
47 432
325 38
233 275
182 89
315 466
153 216
182 223
273 465
68 366
400 91
140 173
425 478
34 237
243 86
496 305
313 298
120 258
476 87
324 174
42 274
261 201
160 41
225 171
201 138
329 411
145 235
317 487
93 3
377 146
470 221
206 221
332 426
426 341
423 235
131 464
340 97
24 464
464 368
57 47
283 102
346 199
464 30
410 5
239 381
163 344
146 303
10 441
489 74
107 146
382 449
391 189
51 440
81 19
489 326
318 107
158 225
489 315
155 301
343 481
182 174
403 303
39 253
31 33
2 443
316 75
44 247
184 12
244 437
310 394
121 226
49 318
356 392
16 79
437 456
465 116
265 6
33 124
151 233
193 436
64 67
322 57
153 56
58 80
22 251
152 171
281 378
438 253
275 103
72 291
18 362
94 258
336 35
253 321
370 162
168 75
308 136
455 473
220 436
60 119
470 41
419 53
425 460
2 405
129 233
395 86
181 273
345 138
256 127
209 159
167 10
491 346
488 189
24 223
346 415
97 104
283 399
259 272
146 28
249 474
445 355
458 185
117 493
71 421
458 369
38 331
360 133
134 100
62 316
495 489
171 132
93 326
92 339
6 158
385 405
223 50
285 162
167 246
185 382
248 184
40 164
298 62
162 259
497 39
305 71
30 16
58 429
430 235
13 202
340 426
350 157
24 225
95 313
233 346
467 231
467 469
413 122
178 407
224 106
81 378
243 47
150 244
176 464
492 358
131 158
388 240
141 414
151 36
423 297
365 5
324 393
71 100
121 491
343 480
496 86
341 485
412 351
113 362
27 93
65 45
411 25
255 499
464 48
248 446
312 20
357 54
64 176
207 130
151 219
161 238
271 193
242 166
286 461
1 433
281 89
289 14
361 353
397 432
277 307
433 323
487 162
229 471
360 114
429 138
325 358
462 98
133 286
338 444
210 14
81 427
336 61
406 240
0 311
422 335
22 409
430 111
364 486
418 402
179 413
199 347
380 161
308 311
297 370
384 191
450 146
140 251
419 63
74 460
218 472
351 50
164 493
93 87
494 202
38 43
499 107
284 450
166 115
285 381
179 69
433 127
353 409
170 241
291 34
251 88
268 186
336 28
277 176
121 62
126 47
54 62
157 30
300 96
456 278
269 275
107 430
2 370
249 87
393 47
239 138
88 354
494 266
388 264
44 392
211 204
444 212
370 338
423 137
403 485
413 495
90 225
462 457
490 366
318 113
227 152
384 409
199 251
339 1
438 184
242 56
227 493
241 193
91 403
332 56
282 73
316 60
224 43
92 185
108 493
248 381
103 376
454 261
210 306
388 276
52 111
310 62
394 388
430 106
425 61
93 7
8 399
231 166
243 354
142 296
388 155
497 76
102 106
33 277
360 494
123 56
4 245
308 135
342 46
286 138
430 361
416 92
2 133
211 198
17 274
436 204
299 285
209 15
28 343
325 232
378 487
475 353
338 236
314 166
394 447
59 298
387 411
133 185
35 397
227 3
34 91
39 83
182 489
49 211
350 273
52 482
309 18
145 343
123 318
256 246
284 176
31 68
479 96
434 491
71 295
228 367
334 36
304 120
307 414
472 54
300 177
318 170
385 174
380 390
380 338
108 220
343 228
476 406
167 7
478 179
210 47
148 413
394 39
388 295
302 135
419 204
132 93
334 120
169 190
364 121
67 473
463 110
31 168
117 311
466 321
490 235
481 246
452 394
422 326
212 260
288 155
429 286
222 38
302 10
332 211
288 474
319 39
122 136
370 413
457 480
429 324
331 85
19 307
318 461
132 414
24 173
241 450
32 59
324 108
115 352
169 189
231 94
359 69
340 118
192 491
67 188
13 270
130 70
114 4
477 282
478 9
292 158
335 298
238 309
288 14
130 4
400 418
465 184
236 229
255 497
453 276
214 77
455 471
325 397
481 139
128 231
494 457
314 31
327 404
167 339
389 287
1 306
179 492
461 302
214 391
309 146
140 124
425 286
391 471
231 428
274 28
176 274
303 173
160 300
484 320
192 85
35 207
230 56
225 296
86 135
48 145
117 277
30 370
346 256
370 138
441 447
272 16
382 5
169 177
235 475
434 461
62 223
209 356
266 268
418 292
453 390
347 386
181 427
355 248
333 381
298 448
58 232
358 326
408 3
453 465
381 497
463 102
20 206
382 122
276 367
438 254
174 312
42 221
271 8
373 56
324 120
78 190
66 349
179 463
414 404
496 462
291 281
61 362
350 257
224 70
67 353
355 408
35 36
247 283
200 295
195 391
79 92
287 256
343 254
277 463
342 40
277 466
404 261
3 465
87 257
155 268
99 302
20 342
117 276
71 199
315 279
414 357
241 408
3 333
195 68
299 402
473 495
352 11
471 154
125 227
176 209
458 314
354 198
49 153
404 72
40 280
448 315
441 303
240 392
499 29
63 28
341 376
483 352
398 4
62 15
240 368
252 74
340 274
496 386
201 443
299 345
69 83
280 472
339 348
45 355
244 44
75 428
240 159
179 259
351 238
256 270
260 405
310 156
247 457
434 395
377 408
130 107
471 232
263 333
227 10
18 152
440 430
265 202
361 113
52 305
15 272
85 255
160 459
194 468
402 301
291 382
13 58
31 433
34 429
165 311
492 412
108 392
410 295
69 287
320 304
142 177
269 32
155 159
408 174
22 298
175 110
106 37
271 449
21 179
161 95
242 152
134 421
32 183
301 119
275 476
262 322
465 104
451 110
449 457
399 13
35 477
487 329
117 465
254 8
302 36
161 187
32 462
337 390
233 397
460 6
86 454
284 317
80 491
100 372
404 109
18 356
441 131
142 323
215 244
134 27
20 460
371 298
174 199
151 335
445 93
18 365
444 38
76 220
177 261
189 207
17 109
247 403
472 324
92 99
65 468
432 328
174 202
43 329
260 257
95 356
118 435
358 313
322 318
24 108
437 396
24 78
398 171
181 74
332 341
227 416
67 206
63 216
161 90
291 252
9 274
179 81
336 264
30 213
461 287
82 332
46 392
363 230
276 273
159 478
185 150
103 141
93 194
113 71
471 16
222 439
18 114
14 204
153 299
182 336
165 448
164 376
5 357
229 321
128 214
493 130
135 37
113 216
103 66
417 78
406 187
-1 -1 49215 -1 17310 -1 13057 -1 -1 30678 -1 -1 -1 -1 -1 -1 -1 -1 -1 48073 -1 -1 -1 -1 -1 -1 -1 22185 -1 -1 -1 -1 -1 -1 -1 58471 -1 -1 8516 -1 -1 -1 -1 -1 -1 -1 -1 -1 -1 -1 -1 -1 -1 -1 -1 -1 -1 -1 -1 -1 45988 64793 -1 1405 64929 3713 54021 28675 -1 -1 -1 -1 -1 -1 -1 2120 -1 -1 13747 -1 -1 48690 -1 -1 -1 -1 -1 -1 20722 -1 30774 -1 -1 -1 -1 7898 -1 -1 -1 -1 28227 -1 -1 -1 -1 -1 -1 26411 -1 31394 -1 -1 22070 -1 5034 -1 52524 -1 47428 -1 -1 -1 -1 -1 9054 24889 -1 -1 -1 -1 40105 28089 -1 -1 -1 -1 -1 -1 -1 54962 -1 -1 -1 -1 -1 48453 -1 16840 4510 -1 -1 -1 -1 -1 -1 -1 28638 -1 -1 -1 22634 -1 -1 -1 -1 -1 -1 10329 21600 -1 -1 -1 27594 -1 -1 9832 -1 -1 -1 -1 -1 -1 -1 16247 -1 -1 -1 -1 -1 -1 -1 -1 -1 53616 30977 -1 -1 -1 -1 -1 -1 -1 -1 -1 17927 -1 -1 -1 -1 -1 -1 59224 -1 -1 52163 2480 29787 -1 -1 31338 -1 -1 -1 -1 -1 -1 -1 -1 -1 -1 -1 20427 -1 -1 -1 36886 -1 -1 -1 -1 -1 -1 50445 -1 -1 -1 -1 -1 -1 -1 -1 -1 -1 65328 -1 -1 -1 -1 -1 22171 63977 -1 -1 -1 -1 -1 -1 -1 -1 43551 44809 16440 -1 -1 -1 -1 -1 -1 -1 -1 -1 -1 -1 -1 -1 41394 -1 45967 17989 -1 -1 -1 -1 -1 -1 -1 -1 -1 21515 47779 -1 -1 -1 26175 -1 -1 -1 -1 -1 52094 -1 -1 8358 -1 -1 -1 -1 21970 -1 -1 -1 -1 -1 -1 -1 -1 -1 -1 7255 16777 -1 -1 -1 -1 -1 -1 4529 61401 -1 33126 -1 51701 -1 15549 -1 -1 -1 -1 -1 -1 -1 -1 -1 -1 -1 -1 -1 -1 -1 -1 18002 -1 -1 -1 -1 -1 -1 -1 -1 -1 -1 57547 36641 -1 3892 -1 -1 -1 -1 35009 -1 25688 46761 -1 -1 -1 -1 -1 -1 61301 -1 -1 -1 -1 -1 -1 -1 -1 -1 43237 -1 -1 -1 -1 -1 -1 -1 -1 59841 -1 -1 -1 -1 -1 -1 -1 -1 -1 13125 -1 -1 -1 -1 -1 -1 -1 -1 -1 -1 -1 -1 26003 -1 -1 40595 -1 -1 52280 -1 -1 -1 -1 -1 -1 -1 63152 -1 -1 27864 -1 -1 -1 -1 -1 42507 -1 -1 -1 4040 46343 -1 -1 -1 -1 -1 16619 -1 -1 -1 -1 -1 -1 -1 -1 -1 -1 -1 -1 -1 11715 -1 53818 -1 -1 -1 -1 -1 -1 -1 16444 -1 3484 -1 -1 -1 -1 -1 -1 -1 -1
5
0 196 9 259 8
0 215 7 73 1
1 33 13 97 11
1 360 1 354 2
1 477 13 135 15
