500 2000
172 286
154 343
294 203
168 86
252 243
206 336
79 311
272 440
84 267
461 90
486 354
140 234
341 100
54 284
349 131
311 483
124 180
465 26
239 132
37 498
162 80
308 348
469 38
469 104
425 170
200 96
51 282
460 272
341 388
158 307
465 344
258 128
223 126
255 9
86 473
274 343
97 380
184 235
128 109
168 304
134 464
480 304
123 452
313 82
181 391
137 39
476 73
192 188
400 499
296 482
230 267
459 366
191 86
313 345
163 66
278 495
490 327
458 114
451 143
63 96
2 190
189 57
20 41
8 138
45 64
95 296
26 455
486 444
142 85
103 330
269 440
308 225
220 7
14 155
128 409
268 65
383 319
183 210
381 30
402 478
364 438
110 449
8 17
182 354
366 482
140 373
420 168
390 399
329 412
112 85
39 276
107 123
229 432
360 2
118 243
344 176
74 261
51 180
430 353
280 65
140 278
102 159
111 45
434 178
243 49
145 232
386 416
332 149
97 428
216 434
340 327
296 432
483 394
252 443
54 218
318 109
4 285
57 493
273 399
294 377
449 221
377 362
389 284
70 14
128 458
270 415
123 396
328 447
251 490
375 383
225 33
221 146
209 476
10 58
317 135
63 57
129 98
3 392
308 315
124 470
50 113
313 400
321 238
297 464
432 486
410 384
306 82
44 404
73 452
486 242
305 77
80 335
177 42
453 126
471 146
308 325
173 235
61 324
433 357
467 217
419 357
138 453
133 321
352 196
186 465
391 25
344 292
54 479
476 173
368 379
228 327
215 405
195 484
127 57
278 494
310 247
359 166
94 356
488 401
388 455
16 345
109 274
308 228
395 164
387 64
195 227
356 442
378 419
145 158
363 265
180 106
145 303
369 290
412 248
323 153
117 291
460 316
106 196
136 283
207 227
94 75
284 416
488 78
86 96
63 439
376 69
460 161
499 406
319 110
130 9
369 32
98 173
90 61
201 383
244 485
120 382
31 359
471 418
346 77
8 16
181 10
451 276
427 159
195 113
463 74
437 16
250 299
139 89
78 378
182 148
226 74
233 483
499 151
370 193
399 260
250 236
268 345
70 108
217 109
498 117
201 155
356 244
387 486
294 61
230 319
457 321
365 260
188 421
14 163
238 311
141 495
100 460
206 49
27 149
356 100
421 29
86 72
170 1
249 156
400 136
467 394
62 399
422 168
390 437
74 0
458 105
158 376
194 125
365 338
419 227
221 212
77 297
350 94
191 278
304 242
353 24
43 335
278 51
7 150
361 147
363 41
137 202
257 243
291 207
99 412
328 449
463 162
182 60
269 261
161 249
143 101
31 498
424 306
403 93
161 158
207 400
422 65
91 431
108 398
219 394
117 326
371 173
231 206
403 390
255 51
79 30
136 264
148 173
195 311
383 207
409 169
269 270
342 463
238 56
223 197
308 422
428 326
425 432
351 72
243 456
278 45
123 136
91 346
195 284
418 483
399 212
155 156
223 442
244 238
348 499
435 472
426 449
243 304
200 374
19 392
15 474
380 217
197 101
401 102
41 255
448 397
205 171
100 138
289 312
54 166
261 368
289 283
245 354
256 380
387 38
195 319
56 267
213 331
393 497
489 108
180 159
210 299
72 187
115 187
416 498
402 65
154 132
292 138
223 224
4 65
132 66
156 429
423 142
70 97
342 202
135 235
450 234
232 251
199 95
294 224
253 247
111 71
289 379
122 413
93 481
72 373
467 289
416 180
468 49
456 256
496 114
272 70
383 124
165 154
347 365
441 135
215 272
9 410
396 165
267 139
58 285
134 441
171 328
255 110
365 394
426 423
485 307
3 26
112 396
200 127
60 135
135 185
314 254
432 124
451 43
162 231
483 175
192 417
106 14
42 114
170 187
268 429
107 220
214 16
29 79
293 94
294 276
180 377
147 53
21 274
206 59
456 47
247 29
72 492
195 294
200 424
1 228
260 220
43 372
50 102
29 401
225 354
156 392
337 328
225 438
355 477
479 449
339 80
478 92
117 206
264 300
424 230
207 284
255 336
162 406
289 335
210 301
267 206
457 126
5 452
407 190
460 117
179 433
454 51
292 48
19 372
5 101
78 52
374 182
372 309
334 198
335 58
377 255
92 83
3 250
72 484
311 65
203 377
346 142
464 172
481 169
451 35
37 337
369 270
479 454
303 155
148 391
113 163
152 427
246 248
32 159
449 486
343 406
375 392
226 248
193 207
335 92
58 382
295 154
330 401
455 494
76 394
271 143
203 153
50 217
55 216
296 151
384 417
430 84
209 310
12 62
253 241
97 18
41 38
498 141
283 309
99 356
296 233
310 350
24 111
136 437
158 101
176 330
335 445
457 378
102 38
341 45
404 472
307 101
128 234
158 332
316 366
320 263
339 483
140 210
395 177
352 313
492 213
304 212
382 260
365 311
179 40
380 85
402 263
30 248
368 187
284 162
191 274
23 68
288 87
4 247
48 339
397 70
374 13
199 460
159 368
363 403
117 174
392 298
354 359
129 4
58 370
438 272
201 27
317 23
94 334
123 70
313 75
432 33
488 32
11 159
348 446
7 244
199 227
263 411
54 474
283 277
338 495
462 79
260 71
297 81
82 35
89 454
223 218
121 387
359 97
0 381
209 374
239 182
36 113
393 126
45 100
401 441
135 34
81 105
300 434
305 422
20 465
117 53
361 238
469 434
315 239
352 68
307 203
323 414
22 201
11 120
177 57
323 260
459 151
88 159
205 349
389 474
11 282
403 29
279 13
187 339
331 428
162 321
352 458
172 378
284 146
183 362
167 76
260 21
188 209
476 148
420 108
96 231
208 32
247 333
172 41
202 122
326 419
194 5
339 457
331 458
5 386
152 274
297 439
357 349
164 446
215 235
177 320
208 231
324 6
382 137
25 494
439 249
276 427
174 233
51 95
295 495
192 11
257 279
289 430
356 226
181 488
216 430
88 326
361 451
71 25
427 430
136 227
90 283
486 115
456 316
315 435
420 382
487 299
74 496
460 185
447 402
276 360
379 425
363 212
35 11
142 169
195 168
279 311
390 93
266 168
462 398
90 364
213 285
435 121
276 354
20 394
200 215
229 490
260 459
352 281
216 339
410 184
4 115
360 117
293 262
174 123
376 235
93 58
66 309
487 467
321 455
263 248
176 478
497 416
479 325
175 275
386 218
465 150
13 242
144 212
277 315
146 373
315 135
134 124
142 16
442 390
179 180
373 239
267 325
122 285
121 261
236 169
32 302
129 145
34 299
68 359
263 380
425 239
202 26
251 55
126 484
289 346
22 159
99 293
48 244
237 120
179 236
334 247
87 243
2 96
270 427
104 283
220 126
225 159
25 200
124 181
353 448
188 297
445 294
373 311
263 308
126 306
107 353
471 210
232 97
205 389
43 429
103 1
275 284
434 44
312 465
102 287
398 308
252 423
290 296
211 473
470 424
369 13
74 44
493 468
345 424
101 398
26 208
409 27
192 435
279 269
204 404
322 344
457 0
295 414
425 145
458 239
229 429
426 180
310 305
103 346
423 51
496 476
418 433
399 32
350 450
190 118
343 305
242 411
240 170
47 243
23 440
404 38
220 87
194 51
138 242
235 389
243 201
48 193
475 358
475 43
184 461
199 190
435 12
425 381
148 259
72 204
82 15
139 205
204 353
411 40
480 317
351 324
23 312
456 88
7 32
253 179
214 484
156 342
432 40
117 183
333 126
296 143
258 351
354 253
412 347
17 59
475 101
23 484
386 118
486 87
329 11
239 234
245 20
111 399
108 141
108 450
360 121
169 172
327 23
431 131
166 330
119 462
218 214
90 275
373 175
216 61
237 421
321 92
382 77
410 156
212 362
266 498
262 272
470 487
29 175
59 435
159 110
479 52
251 107
455 386
243 308
79 313
8 57
162 489
208 330
320 165
290 205
166 181
393 251
316 123
286 417
127 254
83 385
493 94
363 483
360 376
39 134
152 282
300 292
409 11
349 354
209 448
200 220
98 46
324 160
31 464
228 65
49 413
322 429
373 122
129 381
425 273
368 85
88 143
294 249
463 483
348 305
328 115
127 255
121 38
314 432
320 477
151 389
153 269
482 447
7 297
481 470
339 194
265 295
208 377
102 408
175 162
347 144
226 286
148 261
214 175
485 153
207 426
365 255
234 224
118 134
293 181
451 316
397 464
362 258
267 472
139 372
493 177
122 456
270 320
249 236
106 88
81 12
359 107
20 292
490 370
221 257
297 422
32 250
145 405
453 380
123 402
344 122
461 405
434 132
388 440
56 105
123 373
61 479
193 226
267 135
4 179
3 411
336 71
418 405
476 275
119 220
178 445
49 73
470 447
402 345
488 435
202 370
110 21
288 213
7 96
50 303
387 269
364 191
359 32
304 215
114 254
488 15
317 87
271 322
488 63
354 323
440 40
175 390
421 34
265 196
35 182
202 142
108 134
72 322
143 456
217 220
167 18
96 252
79 377
91 129
232 353
439 182
349 405
423 358
264 191
14 254
341 52
171 147
91 284
463 415
98 216
117 419
107 40
426 484
388 297
116 102
418 202
297 208
49 439
407 287
402 194
396 355
499 462
356 204
37 80
64 107
98 346
132 221
99 168
276 424
481 195
283 372
65 265
294 67
11 134
367 288
259 271
116 479
306 479
472 93
115 178
168 453
475 279
250 321
52 390
285 227
281 364
410 211
179 486
181 495
423 79
103 356
459 371
324 83
381 110
371 227
353 461
103 489
118 37
174 191
389 262
488 322
62 53
425 494
131 224
69 275
13 214
299 32
4 409
324 142
35 8
258 492
309 73
345 237
301 193
289 316
401 192
346 152
327 161
395 485
121 218
370 89
35 370
413 128
495 289
171 34
487 495
41 449
484 245
413 487
266 29
476 335
387 128
83 131
270 56
362 431
25 238
372 350
11 29
312 234
349 241
342 279
463 228
453 363
42 450
368 486
412 259
327 448
174 187
490 61
24 137
491 185
382 305
131 495
420 16
83 455
50 243
285 488
33 149
376 350
335 294
251 404
288 284
498 456
217 81
231 381
259 155
315 184
141 66
186 137
365 213
342 55
51 162
158 372
473 451
145 383
254 39
330 386
246 318
454 411
176 165
344 480
475 22
246 361
52 246
484 379
199 457
56 212
486 89
227 430
471 467
51 210
274 253
366 448
92 357
233 73
391 39
384 399
124 246
496 247
395 474
243 234
12 402
149 12
215 196
155 435
417 86
224 498
134 72
499 160
287 196
390 98
489 79
423 480
457 471
10 124
341 450
38 414
188 299
170 159
278 443
249 427
445 492
148 469
440 282
372 266
486 191
438 429
133 481
69 100
338 297
251 171
284 180
201 183
258 405
96 40
141 453
483 386
297 175
380 487
219 223
242 87
230 360
255 274
267 89
58 85
322 147
372 294
285 421
111 470
17 94
406 209
344 221
96 408
389 71
435 325
333 499
63 454
134 305
256 427
416 110
489 213
139 336
262 11
244 112
167 325
351 341
484 437
417 341
389 370
3 467
244 275
395 14
146 420
275 84
423 398
222 413
101 145
46 170
63 54
224 332
345 170
364 421
239 196
88 303
283 336
356 77
443 231
179 17
115 350
454 140
292 376
104 117
308 407
381 437
190 406
472 426
28 107
354 399
308 255
334 155
121 183
324 0
468 176
20 247
298 312
73 445
412 465
233 206
70 12
250 241
89 149
404 30
74 471
295 132
176 371
386 350
181 158
197 411
433 114
244 465
400 494
220 64
141 311
363 426
281 427
8 486
95 456
277 141
41 3
290 36
81 447
416 389
371 175
367 361
169 151
404 454
57 86
97 350
113 391
330 273
255 176
353 156
260 321
451 384
92 484
489 295
309 55
414 458
37 56
488 345
327 391
24 221
76 439
373 452
283 436
171 154
260 52
189 322
209 289
57 205
310 45
342 76
22 97
471 489
496 20
60 385
480 243
204 171
152 73
464 181
288 20
53 10
209 304
142 94
470 175
131 90
259 446
92 53
321 296
481 221
423 48
374 436
337 365
29 308
261 79
157 31
477 388
141 238
120 372
340 146
188 163
317 478
21 27
386 373
344 373
104 476
288 480
262 174
355 339
95 177
152 396
293 327
348 465
443 19
242 131
479 153
44 408
411 429
49 351
67 475
132 497
403 259
204 86
446 458
381 377
440 240
499 8
131 382
94 80
308 292
125 491
254 23
481 239
286 491
341 467
417 157
182 240
211 374
122 459
316 129
175 234
498 58
6 102
296 3
158 36
49 27
498 336
396 192
488 360
275 413
2 334
450 485
221 265
126 495
274 370
408 195
424 133
324 477
419 213
433 267
81 370
474 9
455 498
101 118
28 57
455 25
303 38
352 337
357 116
447 154
460 42
154 320
127 139
439 396
82 32
380 32
139 295
436 303
494 23
391 78
204 148
380 54
291 98
109 166
467 194
493 79
452 311
77 71
351 7
138 467
480 95
199 259
224 138
300 99
125 323
78 243
201 317
6 85
63 251
63 401
163 73
234 328
269 304
66 41
125 342
259 26
139 101
178 165
86 34
350 428
317 496
471 271
47 436
108 238
292 317
55 109
257 455
191 153
309 84
475 396
487 121
472 205
3 309
401 54
485 258
322 17
338 281
249 405
85 81
263 117
211 375
148 494
195 207
276 259
417 277
496 88
192 126
489 338
191 271
194 121
101 374
66 56
71 390
475 310
419 298
289 133
204 98
281 376
335 89
338 273
66 328
272 305
139 8
12 181
175 292
298 463
51 497
409 401
377 494
113 221
138 360
98 126
329 79
19 239
490 410
495 184
319 113
445 344
339 8
348 217
66 448
186 269
444 20
246 315
443 321
178 28
323 159
31 220
242 409
312 412
442 222
278 195
485 292
191 5
476 178
319 105
464 128
347 83
228 424
473 10
390 384
150 227
353 284
106 424
131 43
418 459
14 79
224 210
231 423
355 338
428 140
360 333
352 304
299 51
370 184
111 483
399 454
278 44
0 399
340 413
389 100
224 82
32 312
332 422
204 77
18 171
432 170
170 480
135 63
186 60
491 73
47 290
107 285
366 240
311 189
161 47
87 474
317 403
252 167
324 174
473 1
403 131
345 444
411 295
423 269
43 465
470 477
475 111
448 111
78 179
9 264
433 36
191 60
41 227
388 325
388 208
381 81
78 418
5 46
35 472
36 45
36 339
8 226
227 354
6 381
348 387
51 225
310 463
214 124
256 320
304 356
465 153
497 238
275 349
254 204
282 65
149 270
53 312
471 391
483 186
443 497
497 72
391 421
211 463
343 339
234 48
43 291
357 6
357 318
59 343
241 193
455 210
41 294
343 255
181 441
267 429
188 174
94 185
170 457
271 352
147 306
3 218
17 400
180 398
40 130
413 352
383 388
137 286
323 433
478 95
64 165
375 410
277 474
378 60
424 203
130 181
128 43
25 70
309 195
102 351
301 218
487 479
381 196
109 113
210 19
45 27
282 265
187 387
325 127
334 64
292 447
167 11
93 291
484 140
269 1
202 87
17 227
1 280
435 269
0 364
224 74
423 33
200 91
155 52
72 125
226 294
450 390
464 90
214 374
194 351
463 193
302 421
52 207
4 337
170 396
66 114
275 112
144 273
183 103
151 164
187 324
352 171
455 219
477 165
393 193
460 135
198 364
370 398
164 188
152 306
30 107
96 492
81 222
42 499
185 278
406 341
319 322
323 75
119 452
460 204
83 440
50 235
212 133
431 461
170 284
210 28
64 109
401 209
220 319
210 156
444 248
143 264
369 61
114 188
476 78
382 437
435 477
100 489
38 304
22 299
246 104
147 385
294 189
74 343
454 451
432 151
398 140
68 437
398 420
458 285
380 348
100 263
387 104
401 385
253 413
160 317
368 416
402 225
10 340
21 370
320 63
67 108
318 120
413 367
57 210
154 387
8 130
329 419
279 456
129 482
180 107
258 283
286 235
202 108
391 367
493 138
442 248
23 469
129 164
277 247
150 110
1 21
329 337
122 16
152 113
440 268
231 483
451 420
295 124
174 350
217 320
33 142
300 227
396 336
479 278
416 358
427 348
36 353
389 352
271 465
358 321
347 260
179 356
359 456
87 355
449 85
237 471
384 341
494 188
491 461
286 12
495 232
43 396
174 53
46 63
309 272
125 276
68 405
55 120
255 212
368 230
496 393
44 185
443 157
233 452
459 466
87 450
473 422
270 70
19 158
49 361
479 103
138 389
401 460
176 168
219 376
131 233
412 447
404 224
416 262
376 189
187 272
395 9
45 268
125 353
97 137
314 249
392 441
439 88
15 243
376 266
119 330
192 267
10 499
233 77
284 466
155 85
207 51
457 438
85 90
338 494
81 315
493 0
390 230
93 411
387 93
37 458
240 356
13 344
7 155
398 54
19 72
458 305
396 210
24 477
83 87
123 466
75 228
442 263
30 143
335 270
22 194
367 108
437 64
99 294
403 266
127 151
214 110
169 392
238 125
137 323
145 470
362 180
297 226
144 92
373 229
328 242
295 398
300 404
169 351
37 101
17 351
395 100
468 214
128 304
211 246
157 39
381 205
313 458
90 128
66 319
181 1
365 177
64 147
238 343
433 253
236 129
274 211
128 18
233 18
29 167
63 49
365 208
476 142
125 102
365 20
173 284
197 336
374 157
201 125
98 12
35 9
57 208
421 488
302 264
306 130
369 243
425 165
306 28
189 161
141 443
427 55
260 200
362 299
472 407
327 107
120 228
6 317
321 348
206 2
119 66
175 318
75 381
29 474
317 101
266 149
66 451
227 387
16 466
482 150
18 211
319 485
428 165
361 201
438 6
228 188
40 272
200 251
81 82
261 280
266 145
314 274
129 221
235 394
63 306
155 41
190 104
423 253
77 144
309 176
235 342
211 167
130 398
80 61
354 398
255 417
419 166
262 176
320 354
212 230
85 228
28 312
315 324
486 150
334 238
129 439
128 206
323 292
255 94
156 125
329 355
406 114
25 110
341 89
31 23
-1 30134 -1 -1 -1 -1 10250 -1 -1 -1 61676 -1 -1 44431 -1 -1 5159 -1 -1 -1 -1 20351 -1 -1 -1 -1 -1 -1 47882 28096 -1 -1 -1 -1 -1 55640 -1 -1 -1 -1 -1 -1 -1 -1 -1 -1 -1 42371 47031 -1 -1 -1 47423 -1 -1 -1 53102 -1 51380 37635 -1 -1 -1 -1 28482 44049 -1 -1 21912 -1 -1 -1 -1 -1 56284 -1 -1 -1 -1 -1 -1 -1 -1 -1 -1 -1 -1 -1 -1 -1 -1 -1 -1 -1 44839 -1 -1 50797 -1 -1 -1 -1 -1 -1 -1 -1 -1 -1 49438 -1 48067 -1 -1 9218 -1 -1 -1 -1 -1 -1 -1 -1 -1 -1 -1 -1 -1 -1 2922 43475 -1 -1 -1 -1 -1 -1 8449 36641 18156 37605 -1 -1 -1 -1 -1 -1 -1 -1 -1 -1 -1 -1 45648 60036 -1 -1 22628 40207 -1 -1 -1 -1 -1 -1 -1 -1 -1 -1 27641 -1 39310 -1 16700 -1 -1 -1 -1 -1 -1 -1 -1 -1 -1 21396 -1 -1 -1 -1 -1 -1 -1 -1 -1 -1 -1 -1 53937 14248 40583 47860 -1 -1 49585 30000 -1 -1 -1 -1 -1 7478 -1 -1 61916 -1 -1 58424 -1 27161 -1 -1 -1 6180 -1 -1 -1 -1 -1 -1 29053 -1 -1 -1 -1 -1 -1 -1 -1 47899 -1 -1 -1 -1 -1 -1 -1 -1 -1 -1 -1 -1 -1 -1 -1 -1 22142 33530 -1 61336 -1 -1 -1 -1 -1 -1 -1 -1 -1 26744 -1 65501 -1 -1 -1 -1 -1 10835 34471 -1 -1 31922 -1 47833 -1 11419 27560 -1 -1 -1 -1 -1 -1 -1 -1 -1 45147 -1 50066 -1 -1 -1 -1 -1 -1 -1 -1 -1 -1 -1 38151 44108 -1 -1 -1 15590 -1 -1 -1 28313 -1 -1 -1 -1 -1 27136 5877 -1 -1 -1 -1 -1 -1 -1 -1 -1 4491 -1 -1 -1 -1 -1 -1 -1 -1 -1 -1 32124 -1 -1 -1 -1 -1 48385 -1 -1 5 -1 -1 -1 -1 -1 -1 -1 -1 -1 -1 -1 -1 -1 -1 -1 -1 26617 -1 -1 -1 -1 -1 7385 -1 -1 6334 61631 -1 -1 -1 12379 -1 -1 -1 -1 -1 -1 60852 -1 -1 -1 -1 -1 -1 -1 -1 -1 -1 -1 -1 -1 30963 -1 -1 -1 -1 -1 -1 24868 -1 14067 -1 -1 -1 -1 -1 50555 -1 -1 21487 -1 37328 -1 -1 -1 -1 -1 -1 -1 -1 -1 -1 -1 -1 -1 5844 -1 -1 -1 -1 -1 -1 -1 -1 -1 -1 -1 -1 -1 -1 -1 -1 -1 -1 -1 59563 -1 -1 -1 -1 -1 51235 -1 51022 -1 -1 -1 19928 -1 -1 -1 -1 15905 -1 -1 15995 -1 -1 -1 -1 -1 -1 -1 -1 -1 -1 -1 -1 -1 -1 -1 -1 -1 19847 -1
5
1 290 15 440 9
1 407 2 479 0
0 202 11 3 6
0 424 1 255 12
1 480 15 180 10
