500 2000
286 138
116 343
42 213
80 234
119 174
480 11
282 109
229 449
331 420
365 447
380 375
121 474
372 236
474 5
320 23
277 492
60 204
394 230
468 67
117 143
460 75
484 481
359 397
146 446
187 126
161 491
64 398
349 203
311 301
271 32
260 24
358 484
52 115
179 497
314 373
317 394
263 140
27 300
497 3
200 85
162 51
194 495
364 390
28 25
343 17
215 139
173 107
0 345
29 337
96 402
175 242
349 360
168 449
462 95
166 475
190 489
83 488
124 389
404 47
263 256
378 305
43 215
436 132
214 461
163 47
186 97
416 260
233 486
194 352
383 12
132 342
417 285
166 156
194 129
141 181
164 199
82 446
146 21
184 339
194 87
102 107
310 389
30 274
194 296
413 327
367 299
135 183
269 262
39 387
27 37
175 169
73 197
407 303
420 60
336 152
395 393
319 150
343 430
269 130
338 366
156 87
35 401
324 317
346 256
103 422
443 310
255 147
302 220
423 168
310 480
163 346
404 351
474 180
237 125
470 117
206 378
263 20
354 243
75 412
88 36
401 302
60 203
315 450
152 89
373 486
476 483
332 278
253 339
299 301
59 276
352 272
326 172
79 304
116 495
417 320
122 135
141 179
406 243
245 250
126 92
357 229
389 182
55 363
47 424
474 420
204 69
220 95
439 138
202 102
325 48
215 467
354 163
374 481
463 227
330 354
454 80
307 226
33 483
30 408
410 174
21 246
48 43
336 52
30 149
267 447
499 294
192 237
184 460
494 189
52 352
206 368
438 52
362 78
37 493
498 135
78 21
1 177
478 316
440 157
285 194
488 39
257 324
74 458
163 294
331 23
368 313
52 187
320 387
390 317
470 392
492 254
488 211
79 424
181 320
86 318
289 497
167 59
373 329
83 375
449 131
206 176
463 287
89 454
431 443
262 276
427 464
420 32
4 300
495 55
116 230
323 117
249 356
126 391
285 377
5 343
63 444
231 112
267 221
424 322
368 51
370 82
394 364
426 235
329 61
81 351
180 218
3 348
481 401
399 190
159 135
261 212
170 31
88 131
435 88
146 328
51 137
294 239
79 48
485 116
465 495
34 262
290 39
91 115
470 435
321 181
412 27
235 271
370 287
100 195
491 350
3 336
105 289
403 201
492 89
134 346
142 336
412 117
54 478
339 87
354 264
69 320
397 25
165 182
287 77
44 236
319 130
407 229
39 373
113 211
390 270
26 108
156 347
362 178
245 341
287 27
32 3
337 299
227 133
282 421
499 287
38 484
374 204
8 67
462 252
223 311
394 320
365 392
269 332
316 57
14 478
121 312
278 496
243 69
204 472
269 73
309 151
165 206
344 438
331 295
475 137
383 119
451 331
251 328
36 134
376 443
478 463
413 485
112 410
220 290
177 24
202 411
408 287
222 365
98 187
345 316
449 482
76 244
263 297
345 295
311 370
103 197
62 226
0 19
319 229
188 128
78 276
172 483
334 194
243 314
169 264
165 103
487 343
110 82
357 367
60 455
463 451
325 398
370 484
226 171
60 391
250 358
200 171
68 279
219 472
5 199
417 408
97 336
211 197
185 240
292 338
303 300
360 243
477 258
461 217
324 139
241 495
491 489
436 386
472 37
141 442
102 19
319 102
14 108
245 74
409 345
274 3
203 394
162 408
60 337
393 142
63 26
383 359
276 414
32 68
98 135
222 85
132 236
9 388
461 231
275 236
3 464
68 389
483 15
36 221
196 115
438 171
148 312
271 276
191 219
177 207
436 214
105 388
369 198
420 212
330 73
414 70
143 369
315 403
46 323
170 228
50 85
199 322
249 421
249 476
221 140
365 444
481 56
158 271
105 481
424 262
385 248
16 218
155 431
131 29
397 295
340 100
470 180
490 191
301 131
399 277
164 42
291 426
295 90
472 94
465 480
393 306
54 280
461 478
128 82
197 283
217 391
178 191
451 344
89 284
82 285
283 417
354 171
112 205
343 356
56 385
288 381
406 116
278 98
236 248
123 13
487 136
380 71
44 38
468 332
241 37
74 457
127 57
324 472
402 238
69 360
327 463
166 496
146 337
214 281
344 77
122 10
106 125
365 10
410 193
284 431
139 246
46 243
407 300
169 223
173 113
270 361
101 274
262 207
197 180
125 298
201 118
172 56
88 483
40 448
256 213
25 245
225 388
363 400
186 161
470 457
310 161
164 335
231 74
115 494
103 359
284 92
157 332
91 331
293 233
262 223
29 238
28 347
397 168
1 227
260 137
70 107
52 62
97 46
154 328
72 8
281 373
11 392
54 128
117 356
236 112
369 240
272 102
392 53
485 10
37 403
45 342
298 130
306 376
318 334
445 117
449 48
251 244
372 425
105 192
484 451
202 77
296 40
324 28
320 45
175 203
293 175
425 158
321 253
374 396
380 359
11 441
398 413
261 242
446 498
213 26
126 183
331 192
451 8
38 47
104 0
83 11
119 463
473 34
194 238
45 442
319 158
414 225
337 189
351 90
365 452
353 484
350 20
26 237
306 445
435 227
106 481
57 205
313 72
457 413
279 298
305 435
307 84
210 437
339 480
488 244
414 377
253 312
240 402
25 73
171 77
26 413
323 297
432 105
292 462
285 119
178 117
228 360
440 203
449 145
196 393
174 468
355 215
262 252
263 149
458 422
206 475
249 258
139 3
224 104
321 336
428 410
118 197
463 382
268 153
210 165
294 110
262 49
338 26
177 335
289 239
332 471
410 220
128 226
279 4
298 105
436 108
330 161
97 3
480 432
341 169
408 39
59 469
263 396
51 84
384 427
289 181
439 185
50 116
291 218
216 420
208 333
330 396
355 301
144 206
424 301
149 145
348 142
54 158
138 328
412 209
263 411
288 335
255 478
276 123
83 307
155 206
268 46
98 495
142 132
196 449
358 136
271 467
101 108
63 160
261 240
329 110
109 379
465 367
116 397
438 252
372 360
458 461
200 37
297 304
109 296
395 405
47 172
395 63
303 157
319 262
148 176
206 3
489 107
348 35
194 423
492 87
336 167
179 253
160 59
328 345
78 77
174 321
459 102
93 113
277 230
148 232
317 195
134 0
122 372
86 281
138 107
153 277
315 53
223 166
7 361
275 160
14 92
196 39
225 264
443 405
390 377
41 63
241 296
462 192
337 495
409 226
461 26
76 242
266 237
326 26
52 108
232 295
375 239
442 161
45 417
137 28
115 32
180 340
275 153
47 16
175 205
296 164
304 70
402 19
58 359
282 355
86 65
355 223
380 440
282 381
61 225
436 468
320 444
382 90
157 450
193 364
414 206
221 419
300 373
383 165
426 252
380 0
370 314
447 187
354 461
293 24
348 364
374 40
27 259
464 450
152 74
410 105
61 422
42 311
293 333
21 216
169 57
175 68
149 96
226 126
0 370
47 352
105 462
480 4
444 8
374 137
70 60
227 174
21 47
401 110
424 107
477 61
336 421
345 251
483 430
42 287
162 320
237 74
307 215
250 238
283 124
388 386
370 127
79 315
160 256
409 88
478 245
241 339
264 320
162 395
288 232
216 292
43 357
490 41
139 365
65 59
160 378
43 477
448 144
481 335
394 275
243 293
487 75
226 138
492 310
377 487
161 382
141 499
130 327
136 331
338 106
393 158
69 36
363 446
151 413
363 35
93 317
280 143
420 90
423 352
19 87
357 376
11 125
322 428
125 480
433 234
390 59
75 187
302 150
238 106
387 496
45 359
452 252
300 344
73 406
381 249
374 16
125 224
244 419
428 181
310 430
307 68
472 107
270 119
467 256
375 14
275 88
67 477
149 135
150 77
72 439
150 96
119 478
263 160
248 134
23 41
81 452
427 321
71 147
471 281
343 85
356 358
411 134
154 88
303 0
386 292
70 232
168 48
380 308
367 153
43 267
194 472
250 366
64 269
274 220
471 360
316 38
153 441
149 491
57 283
313 498
324 495
270 80
349 124
392 188
181 164
428 363
68 173
341 194
460 207
318 365
458 265
269 4
306 221
296 15
253 362
160 9
128 179
352 491
103 227
316 170
78 284
49 118
28 385
124 197
14 261
274 463
196 388
465 263
343 13
69 344
434 450
462 90
22 447
386 170
416 344
414 378
234 13
407 440
87 183
451 68
458 233
455 402
390 54
137 418
128 304
35 42
280 296
200 391
142 361
28 497
232 19
191 329
247 164
220 149
447 437
289 383
442 184
334 418
170 157
444 424
267 379
362 126
13 407
243 18
492 49
408 204
20 441
304 5
176 64
361 153
359 434
144 405
459 252
406 142
482 491
144 334
140 472
421 145
105 401
230 408
294 12
178 40
314 448
468 374
185 170
482 96
443 191
498 304
481 342
317 403
435 296
471 413
175 267
114 234
397 485
329 227
284 189
216 91
487 480
55 16
273 21
459 129
410 91
467 308
434 195
258 189
390 31
201 467
22 96
287 439
56 459
352 329
259 229
323 300
317 96
262 50
247 272
498 374
405 326
68 160
268 451
61 107
394 63
11 372
224 228
109 449
362 165
305 152
187 292
200 437
81 346
43 261
362 433
374 22
107 227
229 313
269 13
36 51
434 482
247 170
220 80
113 89
399 10
495 315
263 251
164 295
330 157
336 96
426 40
468 337
263 390
310 440
221 416
396 284
221 434
94 66
331 109
382 164
425 309
458 15
377 177
165 274
24 393
462 382
261 174
459 423
291 41
132 78
412 187
186 499
157 27
56 474
465 162
14 445
243 31
2 467
374 60
94 128
336 390
190 112
480 84
403 381
0 318
498 439
180 405
344 136
295 284
305 390
186 114
31 443
42 451
413 256
120 223
322 326
393 328
178 220
294 343
209 267
41 350
48 362
427 178
411 140
92 187
0 438
5 242
31 20
284 227
461 188
208 330
167 391
292 94
461 101
28 384
389 359
316 265
298 453
444 366
266 260
448 179
177 11
29 302
434 325
428 455
23 13
353 225
18 395
88 12
38 361
111 472
125 113
202 6
162 239
441 486
359 268
80 350
216 109
329 5
277 108
405 418
472 185
209 102
389 214
102 200
22 327
189 318
461 228
479 235
357 267
135 39
85 140
488 360
95 91
427 402
460 355
190 454
272 70
487 123
466 392
76 139
11 169
260 206
5 486
1 295
302 421
387 298
444 99
215 476
159 369
196 233
421 104
466 484
71 493
137 410
195 47
231 444
48 60
11 215
250 119
398 92
490 408
46 287
329 434
351 31
30 8
142 364
497 493
339 346
349 3
338 330
280 394
110 19
248 302
477 263
29 20
224 275
28 283
87 341
128 6
108 351
56 147
439 393
275 483
183 185
288 307
380 204
79 141
174 182
389 436
259 52
29 436
261 163
176 186
306 470
224 360
454 108
47 79
335 325
355 207
287 393
262 316
43 241
288 34
179 135
441 127
57 213
407 423
108 194
300 134
87 129
492 271
175 67
171 23
108 400
380 362
44 167
255 155
130 488
240 475
60 240
319 82
124 20
451 146
81 207
475 173
337 8
200 338
57 317
276 95
442 100
301 405
277 364
405 65
243 208
400 232
335 210
58 97
95 2
211 71
6 431
480 225
207 450
352 286
307 136
211 132
402 264
3 212
142 55
339 310
139 337
432 149
357 374
245 293
493 454
123 427
144 321
5 424
316 225
422 101
256 92
63 301
294 261
480 368
456 22
298 52
135 497
436 335
436 340
207 224
405 160
187 54
401 53
190 338
171 179
210 406
432 118
181 280
199 4
326 81
367 274
205 59
405 229
385 372
3 448
347 278
342 302
169 436
157 485
379 21
62 182
303 208
469 338
229 364
171 392
345 7
277 166
67 427
411 250
224 121
375 441
209 45
0 93
362 63
251 112
176 203
246 338
170 128
240 413
438 8
432 440
60 110
360 41
18 267
82 65
487 99
89 45
204 489
153 205
5 339
2 455
126 253
0 315
114 389
281 399
450 300
120 498
121 223
367 17
432 227
39 81
363 349
113 84
206 293
177 114
358 311
111 40
18 2
278 312
249 23
69 349
173 175
438 132
129 337
140 317
222 121
202 266
203 33
292 476
478 178
409 202
246 30
97 299
77 462
264 308
191 390
35 269
247 109
204 252
349 431
434 406
22 492
221 290
99 471
496 332
466 329
442 160
193 219
37 429
104 496
448 203
365 255
499 24
345 275
95 100
181 387
123 378
117 93
20 360
362 160
241 50
80 158
255 233
429 466
29 0
121 182
395 33
321 165
468 192
301 106
61 102
439 410
438 282
31 345
173 169
124 457
493 7
358 299
41 105
173 446
332 375
349 306
438 299
231 91
141 133
209 208
345 148
142 359
351 152
74 136
348 275
245 21
188 301
464 185
359 34
205 4
147 156
7 213
445 137
43 255
296 273
219 378
245 421
487 21
433 401
366 358
260 163
494 397
454 316
47 305
343 204
114 292
275 281
13 483
95 290
459 96
324 162
349 100
272 9
90 219
184 330
283 435
133 457
36 250
61 131
313 93
494 305
86 58
214 395
212 17
301 77
172 429
486 278
303 291
221 225
386 441
113 469
136 249
174 57
283 324
474 300
393 116
292 211
248 291
0 329
315 114
374 156
321 86
455 30
36 498
221 400
80 408
221 475
293 367
289 297
297 208
147 73
410 153
254 258
368 447
482 306
418 134
290 103
114 309
201 394
37 479
104 436
35 128
40 77
33 200
52 121
477 134
493 405
412 60
413 358
143 226
58 488
400 37
88 201
291 110
149 179
1 222
123 56
153 284
30 77
384 146
445 128
117 480
375 20
281 137
251 242
131 317
94 499
267 492
254 315
481 485
246 136
171 175
70 243
64 129
199 72
481 450
237 452
244 95
121 309
219 109
319 315
194 161
428 266
85 39
68 460
415 392
262 181
393 489
383 337
469 346
303 207
357 13
388 165
21 91
415 83
1 133
195 135
312 64
423 61
229 87
449 77
415 72
121 6
194 232
439 49
196 147
298 143
372 135
42 150
157 489
163 147
14 317
360 18
273 348
218 479
24 1
467 491
332 308
366 274
485 419
482 47
181 87
440 387
438 219
120 183
60 430
376 328
366 499
45 448
104 320
497 268
296 310
171 216
230 245
163 130
267 346
143 432
147 248
21 107
315 178
382 438
204 212
87 49
427 493
414 161
93 406
346 242
368 121
145 250
354 218
321 374
404 340
154 161
120 71
9 492
256 5
94 48
354 355
110 431
118 260
179 412
93 267
308 493
326 88
112 122
39 393
456 318
172 225
120 185
19 27
17 372
37 242
400 180
293 58
80 414
44 24
368 148
471 46
465 360
419 468
285 446
312 23
276 17
192 478
381 127
254 180
456 103
84 93
271 22
397 62
346 255
332 357
382 332
130 168
158 172
233 127
345 453
323 89
45 283
185 19
408 187
126 224
50 137
128 28
23 272
102 54
299 343
410 67
138 321
435 12
310 396
317 355
297 32
151 197
227 317
111 303
74 115
9 271
435 381
219 346
254 148
77 365
349 250
240 495
187 429
230 314
59 134
138 209
341 188
350 410
41 130
73 345
394 407
335 425
430 355
355 51
433 284
442 342
137 349
148 274
67 148
430 463
145 189
477 366
226 395
198 91
392 121
142 247
292 147
357 241
122 70
281 123
214 385
35 232
41 14
155 24
93 281
138 85
475 161
106 486
218 492
119 407
288 327
110 320
267 132
68 5
432 386
17 300
315 316
261 376
79 105
134 455
72 89
154 394
434 157
135 5
8 452
96 442
50 278
236 198
91 8
408 481
90 20
195 199
440 326
71 412
390 190
380 124
350 426
51 180
466 482
175 85
237 273
293 226
369 237
291 69
362 121
409 387
367 105
318 184
336 357
150 388
355 312
374 0
427 140
275 296
186 133
385 64
298 276
259 83
367 291
131 433
101 68
353 6
389 112
112 95
81 102
229 446
456 371
122 359
306 432
417 253
438 340
81 91
458 292
379 173
352 448
240 271
83 356
9 316
225 491
357 406
183 94
457 146
463 82
34 194
206 40
403 195
497 403
229 103
175 396
362 351
211 290
97 411
75 155
466 33
230 95
94 177
43 20
130 459
487 196
52 241
123 185
468 244
21 314
320 336
289 25
475 388
113 425
233 453
305 339
441 466
332 482
432 453
310 158
54 141
205 226
418 251
127 145
439 12
202 349
326 484
450 337
286 159
93 238
47 405
81 466
114 422
40 352
223 358
400 333
137 394
379 116
241 126
157 449
52 45
235 299
478 215
88 348
371 316
54 20
231 467
149 88
372 64
62 270
402 191
256 134
316 342
373 270
307 89
384 120
34 30
121 267
260 253
290 132
13 280
284 191
20 399
64 6
151 491
277 88
326 395
302 490
215 149
70 422
181 175
149 435
419 290
260 21
421 405
25 15
240 146
114 316
73 17
69 308
318 159
317 185
348 168
337 97
388 416
25 211
255 431
75 490
50 215
19 251
40 47
78 134
441 72
16 169
284 423
241 413
276 141
16 395
49 60
449 348
272 224
463 69
29 116
41 284
392 357
139 103
61 296
354 276
124 14
258 168
93 70
76 431
378 436
183 396
46 404
213 219
95 19
389 207
413 19
89 182
490 245
241 235
136 181
350 238
175 337
184 120
137 156
339 402
179 340
194 268
177 275
223 475
212 232
216 381
325 253
190 81
199 181
212 77
151 244
417 397
427 458
339 148
119 352
463 252
172 384
69 97
434 212
328 142
195 463
58 223
196 249
374 267
313 318
355 78
137 11
468 390
243 72
306 469
422 269
477 226
9 401
76 158
106 228
223 261
220 255
62 246
133 38
304 205
422 201
353 382
105 314
154 448
97 163
63 142
147 58
368 21
210 271
498 134
428 465
351 150
158 85
392 46
54 146
37 263
123 47
240 254
45 79
139 388
286 217
17 387
476 182
452 347
144 217
133 10
291 190
390 106
31 241
461 264
182 424
91 285
242 145
79 214
104 291
203 177
390 60
338 394
325 70
498 272
115 31
325 239
421 493
135 427
16 136
122 313
54 488
-1 -1 -1 -1 -1 -1 -1 27531 -1 -1 -1 -1 -1 -1 -1 -1 -1 -1 -1 -1 37880 -1 -1 -1 -1 -1 -1 -1 -1 19152 -1 -1 -1 -1 -1 -1 -1 -1 44143 13887 -1 -1 -1 -1 -1 -1 -1 -1 -1 -1 -1 64471 -1 30388 28247 52031 21336 -1 -1 -1 -1 54394 -1 -1 -1 54639 -1 22804 22233 11094 -1 -1 -1 -1 -1 -1 -1 -1 27284 -1 -1 -1 -1 -1 10258 -1 -1 8694 -1 -1 -1 19871 -1 -1 -1 -1 51230 -1 -1 57968 -1 44100 -1 24047 -1 -1 11717 -1 17835 -1 -1 -1 -1 -1 -1 -1 -1 -1 -1 -1 -1 7536 -1 -1 -1 -1 -1 57527 -1 -1 -1 -1 7989 36624 21140 -1 -1 37438 -1 -1 -1 -1 54639 -1 -1 -1 -1 -1 -1 -1 14708 -1 9960 -1 -1 34324 -1 -1 -1 -1 22417 -1 -1 -1 -1 -1 -1 -1 -1 -1 -1 -1 8001 -1 3643 -1 -1 -1 8763 -1 -1 17840 -1 -1 -1 -1 -1 -1 -1 62389 -1 -1 -1 14414 11683 -1 -1 -1 11858 -1 -1 -1 -1 51353 26320 -1 -1 -1 11875 -1 -1 -1 65175 -1 -1 -1 -1 -1 64871 -1 6112 -1 19892 -1 -1 -1 -1 -1 -1 -1 -1 -1 -1 -1 -1 22223 56442 64656 64739 -1 21096 -1 -1 -1 -1 1478 30874 -1 -1 -1 -1 -1 -1 -1 -1 -1 -1 -1 -1 -1 995 -1 -1 -1 -1 -1 -1 -1 45970 -1 -1 42097 -1 19781 37825 -1 -1 63840 18981 55886 -1 -1 -1 -1 30393 -1 -1 -1 -1 -1 -1 -1 -1 -1 -1 -1 -1 -1 -1 -1 -1 -1 -1 -1 43801 -1 -1 -1 39841 -1 -1 -1 -1 45331 40587 -1 -1 -1 -1 -1 -1 -1 58336 -1 -1 -1 58740 24600 59353 -1 -1 -1 -1 -1 3773 -1 -1 -1 48034 -1 -1 3227 -1 -1 -1 -1 -1 -1 -1 -1 -1 -1 -1 -1 -1 -1 -1 -1 26107 -1 -1 55251 -1 -1 -1 60307 -1 -1 -1 -1 -1 -1 -1 -1 -1 -1 -1 -1 -1 -1 -1 -1 -1 -1 19289 29026 -1 -1 -1 -1 -1 -1 -1 -1 -1 54684 -1 -1 -1 -1 -1 -1 2928 20970 -1 -1 24557 -1 -1 -1 -1 24824 -1 -1 -1 -1 -1 -1 -1 -1 -1 -1 -1 53594 -1 -1 -1 -1 -1 -1 25756 -1 -1 -1 -1 -1 -1 11328 -1 -1 -1 -1 -1 -1 -1 43691 -1 -1 -1 -1 -1 -1 -1 -1 -1 -1 -1 -1 -1 24944 -1 -1 -1 9391 -1 -1 -1 55067 -1 43028 -1 45631 -1 22949 -1 -1 64911 -1 -1 -1 -1 -1 -1 -1 -1 21762 -1 5844 -1 -1 -1 -1 -1 -1 -1 -1 -1 -1 -1 -1
5
1 91 2 18 10
0 346 8 431 6
1 427 1 350 9
1 482 3 213 8
0 21 3 190 3
