500 2000
230 368
436 424
368 185
480 458
417 457
422 14
25 124
409 200
266 94
314 355
225 7
470 216
420 190
195 311
163 138
15 70
161 323
80 239
13 11
268 377
64 166
394 133
475 151
16 316
187 79
480 3
53 46
117 189
30 246
218 398
42 320
373 149
26 73
172 309
6 290
401 496
403 397
42 122
467 34
51 305
64 122
235 31
22 155
472 442
330 126
314 94
116 369
360 208
44 298
296 115
260 28
421 286
39 3
213 397
35 117
282 405
389 391
33 120
322 387
384 95
9 390
86 30
457 418
392 343
17 57
21 91
0 285
432 289
354 448
79 434
165 215
134 353
447 319
400 484
40 13
138 93
118 233
80 175
256 244
409 268
133 158
3 81
169 71
415 7
303 399
171 309
195 188
48 313
246 177
399 278
266 495
335 394
457 332
198 62
203 177
453 485
464 440
216 57
136 466
81 411
241 191
348 247
186 113
298 34
0 331
107 383
36 374
423 169
405 177
175 28
239 454
138 40
241 351
422 292
147 366
101 439
63 132
68 73
431 156
75 306
457 60
263 256
385 413
19 480
87 221
484 246
14 92
288 345
461 176
188 347
29 360
104 187
71 497
3 423
74 144
152 345
463 266
63 282
433 127
294 321
151 251
474 266
60 14
461 87
499 98
279 22
361 288
274 281
122 335
382 62
55 442
435 82
319 324
324 218
107 272
89 170
5 374
491 158
270 435
291 30
172 38
376 455
404 30
296 479
278 149
190 15
73 393
378 404
327 393
462 198
438 213
188 385
433 219
35 222
259 47
324 465
234 439
378 72
457 117
223 495
439 148
286 377
311 66
143 431
252 306
460 371
378 261
177 10
164 274
363 61
91 177
86 308
195 296
437 106
311 420
439 394
89 291
340 319
96 139
22 348
149 492
297 319
440 296
207 328
257 210
367 120
90 73
379 386
379 286
287 469
357 117
353 116
77 61
144 337
453 486
490 159
280 476
353 264
28 31
221 324
338 440
399 279
51 117
236 488
357 463
212 484
427 437
399 361
383 281
496 483
91 93
425 101
296 127
129 291
253 45
133 93
117 232
465 402
363 403
370 50
434 68
402 469
481 470
408 220
76 40
495 47
44 4
67 189
412 275
205 443
43 362
312 64
277 129
331 428
58 355
411 11
274 58
452 40
343 87
214 241
101 295
329 366
240 426
116 437
117 6
102 346
277 5
169 368
56 482
252 417
72 198
296 290
182 11
375 282
96 285
129 221
99 484
185 172
262 25
418 59
490 290
105 394
414 450
35 338
157 191
299 265
346 244
86 173
114 107
265 69
486 318
452 235
363 486
69 289
234 300
283 157
463 473
182 160
255 434
444 188
432 455
437 222
333 290
304 23
36 189
262 415
485 396
149 182
344 75
119 211
421 202
262 163
197 449
196 401
262 45
315 270
160 10
224 46
206 211
312 151
146 204
266 11
170 132
369 465
361 413
276 389
52 154
348 255
8 207
454 293
145 464
482 469
347 133
213 248
387 419
32 488
144 32
130 129
445 388
225 16
313 335
490 356
175 182
52 424
165 67
126 315
260 452
230 13
376 382
210 223
255 427
487 1
450 462
449 179
410 255
452 370
238 76
156 170
133 67
404 210
371 117
62 148
170 211
427 76
170 474
148 11
159 436
379 377
214 306
115 211
480 272
299 476
493 476
302 431
228 161
138 229
335 278
407 461
310 207
316 180
255 404
327 278
223 454
198 162
29 96
54 122
94 187
203 390
245 156
312 352
77 359
154 191
473 144
370 415
489 79
466 269
486 384
72 317
19 339
103 472
320 442
233 443
175 328
143 481
151 203
350 136
361 121
94 73
494 377
471 277
215 407
60 259
479 265
255 261
423 460
135 340
70 276
237 311
85 239
347 170
187 2
367 33
114 60
337 78
368 418
332 477
312 197
4 196
123 177
28 359
383 34
379 136
432 164
174 36
260 10
375 158
491 277
487 32
272 354
249 112
361 137
107 83
14 486
159 213
286 2
226 275
70 417
391 349
57 0
439 391
182 289
207 378
447 182
103 328
106 197
488 33
469 21
201 306
341 290
1 53
370 309
427 264
366 381
95 85
85 65
393 64
238 51
312 395
142 292
252 456
407 445
263 168
293 131
22 77
161 7
241 336
323 165
153 389
327 75
98 170
374 74
169 270
424 157
144 455
471 249
319 61
415 35
107 412
128 22
487 429
67 304
249 221
250 199
491 124
22 151
83 60
218 211
140 414
100 131
85 280
104 57
64 9
204 174
298 357
32 410
297 364
34 49
30 338
18 90
388 241
453 285
320 400
287 134
310 284
415 255
108 147
432 61
48 293
264 289
387 76
278 35
472 77
124 29
248 317
191 146
2 248
37 269
245 160
215 497
133 459
110 302
359 276
496 232
101 379
208 439
395 465
458 369
100 498
404 467
38 54
296 302
493 130
288 352
53 218
359 361
292 207
169 236
433 364
75 362
338 121
436 77
131 474
339 148
376 46
84 279
360 272
167 494
230 81
295 418
440 269
356 433
384 266
266 352
477 159
285 124
227 63
117 115
99 452
226 209
419 136
56 457
120 98
277 210
360 269
3 85
228 257
169 487
494 481
397 27
216 188
14 421
25 217
260 22
460 452
336 163
82 39
399 75
276 363
413 427
250 391
499 104
370 275
497 141
380 268
76 41
452 233
284 354
108 384
0 447
484 331
198 240
348 326
162 344
32 122
313 454
350 331
151 444
103 289
34 427
29 451
20 457
137 462
83 277
297 248
49 353
342 404
305 192
20 309
353 153
220 384
396 46
376 327
449 50
453 276
312 264
197 154
79 136
106 15
473 190
374 84
375 453
39 216
382 170
299 285
60 452
79 333
225 43
274 403
205 48
106 376
131 205
369 53
146 31
445 410
141 235
36 88
497 362
447 312
203 115
267 292
25 380
119 252
75 157
363 40
59 4
341 17
394 421
354 171
231 46
295 136
269 143
439 263
71 175
344 224
201 254
322 62
490 314
426 368
69 278
46 477
444 85
363 215
42 54
109 434
198 50
16 351
267 278
241 149
355 307
395 410
416 429
441 147
392 442
430 116
229 335
343 48
328 274
163 194
93 194
31 278
324 459
336 465
134 476
200 6
199 16
306 229
53 324
139 105
310 287
412 198
172 276
416 261
45 346
325 176
193 15
98 392
412 24
385 279
163 0
50 487
145 334
482 406
313 168
482 437
141 453
323 228
96 87
87 465
124 326
321 161
127 372
132 384
23 205
0 463
288 43
455 160
14 428
316 98
120 140
446 107
148 106
140 423
207 22
408 147
226 407
72 204
69 171
140 300
95 153
278 383
158 43
467 104
251 427
74 328
155 150
380 462
159 472
253 102
499 79
346 364
378 189
245 257
88 100
398 402
348 410
21 453
311 21
126 177
151 280
328 151
182 235
271 269
370 239
383 13
127 38
216 266
89 323
343 421
164 413
9 175
160 157
293 422
451 176
412 84
100 129
111 109
337 75
438 359
32 346
396 38
269 477
11 173
494 250
160 255
259 365
429 307
297 84
189 278
198 31
12 493
265 143
331 271
131 329
281 145
165 240
223 260
345 145
77 373
37 389
366 54
353 391
99 28
168 464
402 481
394 35
416 105
289 292
490 386
318 481
179 224
437 185
219 138
122 414
241 121
221 52
137 257
355 387
436 128
82 200
30 147
239 53
159 409
49 145
24 149
277 246
335 455
347 456
496 135
298 318
477 265
415 409
377 292
107 356
253 209
276 20
388 60
292 368
423 382
316 121
283 310
144 75
422 280
159 293
414 120
206 109
244 26
34 480
56 314
162 491
53 487
275 498
296 411
173 386
34 448
462 278
484 124
243 363
2 416
88 13
160 99
172 260
323 324
381 201
111 305
210 356
476 32
178 61
124 482
194 139
327 76
350 206
89 345
26 133
267 207
286 245
219 20
69 329
38 99
136 4
357 206
95 281
103 425
164 189
4 38
415 380
488 226
16 293
322 248
227 163
332 287
366 441
58 409
456 305
406 64
360 161
367 351
236 381
404 359
171 181
184 360
378 292
395 174
299 462
481 488
166 311
52 347
347 494
239 135
448 87
273 27
331 243
165 2
285 456
108 192
291 82
212 270
374 164
303 424
313 184
282 25
358 129
139 453
287 172
44 256
206 159
181 309
10 487
397 55
141 246
143 258
51 123
361 435
157 173
398 413
118 477
463 85
438 294
103 0
52 203
438 258
92 103
366 331
399 22
260 230
74 166
125 218
29 284
361 15
44 286
45 257
133 407
396 303
288 103
139 391
473 361
47 45
33 378
473 2
4 273
311 48
27 406
336 71
201 39
277 481
227 98
302 447
251 17
369 33
178 303
60 446
224 75
114 277
242 150
462 346
31 26
190 99
320 324
142 147
67 8
409 171
487 412
55 42
402 432
313 427
112 105
472 161
144 296
339 41
493 304
130 352
204 152
361 342
415 208
40 463
292 317
122 319
304 339
195 274
261 0
275 43
195 242
11 104
496 8
63 168
257 272
163 398
352 448
270 368
327 364
26 155
223 135
450 485
495 72
451 456
379 236
63 386
326 158
121 220
223 418
113 175
0 14
67 195
47 358
368 241
287 433
470 15
182 107
386 319
180 351
53 281
445 260
49 5
399 302
442 83
207 45
58 326
291 126
42 195
80 360
226 89
274 69
488 235
389 139
210 7
16 34
203 289
252 403
373 268
182 438
440 97
296 287
303 385
439 481
364 258
77 269
352 439
218 203
103 396
407 247
129 63
374 184
418 153
415 66
228 79
430 355
426 471
441 137
51 358
199 52
285 159
154 317
79 110
106 170
386 380
244 217
76 450
146 68
56 171
369 321
363 224
105 327
391 360
86 58
357 314
269 352
23 492
475 183
141 421
428 295
239 94
65 361
180 264
150 208
328 248
228 48
180 54
106 45
243 19
325 204
335 327
73 461
217 389
320 265
357 491
190 260
216 46
338 213
6 109
137 22
496 397
335 191
195 245
409 233
439 476
46 498
264 43
294 352
120 195
289 427
98 337
480 129
488 65
353 17
104 62
96 406
382 408
367 335
68 199
147 413
394 112
317 276
158 272
416 331
236 471
1 101
413 156
178 130
109 256
24 205
19 252
287 86
244 116
15 179
301 73
301 437
145 74
100 409
361 303
147 91
219 229
314 21
228 289
399 484
306 2
125 5
261 432
402 54
493 62
7 230
318 451
460 169
307 427
188 241
148 90
54 266
433 46
54 302
476 226
203 142
400 104
151 133
449 286
137 287
366 214
128 302
349 89
435 452
196 262
84 116
26 464
349 35
136 376
86 116
213 403
425 485
207 489
181 235
210 483
303 210
471 244
137 438
313 192
482 244
280 194
296 88
278 3
173 250
194 97
149 392
258 481
59 304
19 376
104 215
481 153
7 437
34 425
387 204
381 106
130 253
204 68
492 198
5 3
205 128
349 369
411 28
180 106
74 112
497 479
317 323
240 380
141 257
96 453
335 156
154 285
292 159
187 366
370 492
287 413
434 274
147 424
234 57
492 349
339 239
196 323
493 163
298 207
425 337
332 288
175 125
499 245
268 169
216 220
129 49
134 487
102 325
470 281
363 303
328 368
474 162
112 388
148 472
379 355
471 286
183 0
270 444
138 182
192 353
358 357
164 279
46 193
262 490
168 73
113 484
123 162
99 313
154 34
44 387
64 250
142 103
75 452
397 326
115 3
75 39
249 49
491 464
156 5
38 213
197 482
457 179
287 298
71 4
351 262
249 248
85 123
102 444
188 234
75 50
118 421
403 318
166 141
306 107
298 185
133 240
324 18
246 485
247 108
441 449
279 268
421 444
131 30
172 354
448 245
87 246
178 343
206 111
303 175
466 92
428 24
442 141
241 400
136 145
232 422
57 88
423 479
188 295
284 316
188 30
11 210
264 20
446 323
460 420
219 52
336 82
212 332
130 19
488 402
375 185
309 41
242 442
48 200
411 29
499 22
230 3
268 400
173 257
320 51
82 384
244 314
251 99
232 188
236 90
144 182
447 462
3 285
289 125
54 76
202 488
37 226
241 412
202 344
4 397
82 468
412 7
250 120
222 260
172 249
134 226
188 11
249 161
434 322
481 8
59 242
76 326
303 263
130 324
240 441
104 140
311 308
223 348
392 23
75 457
480 301
47 37
113 423
266 344
129 474
221 32
133 202
303 38
31 104
20 102
197 455
166 304
59 299
19 84
145 436
463 96
15 352
228 239
240 278
332 15
498 60
11 251
40 125
385 177
251 288
314 171
385 109
330 494
272 235
230 134
462 138
261 58
55 96
309 417
323 445
329 470
79 6
71 271
162 175
334 377
382 107
385 93
496 302
243 26
399 365
272 462
33 53
10 263
192 33
102 265
128 290
81 486
21 364
368 414
91 413
126 303
38 160
255 390
482 179
108 473
92 373
4 341
1 292
77 92
39 404
372 492
366 462
79 215
465 397
202 93
75 476
254 339
459 440
20 286
340 344
358 421
23 450
463 164
130 366
13 179
158 182
286 119
177 43
97 37
317 360
461 234
124 303
127 134
455 108
474 113
269 117
211 307
358 492
308 229
492 153
264 222
27 127
496 65
180 9
410 104
369 384
460 183
367 73
321 346
215 436
70 219
295 298
470 93
30 123
48 174
187 275
84 143
169 140
48 396
212 384
39 246
224 288
351 309
123 120
466 172
290 427
90 197
273 40
349 178
369 26
106 101
108 448
21 162
18 469
108 235
454 426
122 272
292 431
35 123
347 272
132 217
264 242
139 190
42 321
155 459
460 13
55 353
251 195
318 339
16 421
94 451
140 110
491 378
352 435
75 208
210 102
34 434
309 119
322 54
371 149
116 200
92 297
215 121
460 258
85 401
401 356
251 281
486 348
74 209
359 357
64 343
49 385
392 183
25 39
299 394
76 437
465 45
249 101
28 15
402 254
327 125
26 283
236 52
98 166
291 226
448 207
341 321
376 166
49 430
46 482
289 285
363 210
427 144
122 341
4 424
229 301
58 32
456 320
157 264
290 294
264 262
313 181
333 402
42 255
180 282
483 313
84 109
265 166
149 254
298 275
388 369
162 444
170 443
0 186
240 197
372 430
471 389
279 373
208 134
474 312
233 357
212 98
433 363
489 252
82 123
193 267
455 206
316 118
86 493
119 296
291 68
427 181
119 283
299 353
59 185
334 467
358 40
389 67
205 448
208 117
78 178
10 383
375 338
244 389
475 331
131 438
263 97
340 350
16 378
20 26
218 52
208 279
52 239
472 0
149 486
426 320
4 442
118 446
3 351
388 264
13 479
304 4
262 274
199 303
294 419
335 176
292 63
391 478
329 168
365 55
150 446
260 221
461 317
202 294
324 248
305 336
184 57
193 279
22 409
236 191
236 13
112 79
340 127
134 438
254 19
142 290
365 405
39 197
216 400
482 235
129 259
220 181
96 205
8 189
221 79
243 282
207 134
190 199
403 281
416 455
379 387
142 251
108 266
366 173
393 54
268 31
30 314
91 459
319 149
291 362
260 353
314 408
159 418
310 101
414 100
325 297
55 126
91 343
196 209
184 67
438 65
399 371
440 274
15 441
307 428
453 188
461 159
214 297
50 186
142 291
293 406
232 371
28 108
73 156
231 109
48 110
126 475
9 470
247 235
473 7
76 111
280 351
157 459
127 24
399 281
231 470
88 404
89 409
494 141
119 479
228 52
319 172
296 196
113 257
425 159
426 72
39 57
5 198
198 362
235 327
15 180
140 106
453 208
125 213
158 138
405 122
3 72
341 312
188 82
227 325
246 21
351 377
381 362
132 439
328 133
133 357
361 177
422 452
182 226
14 287
84 348
374 497
482 95
31 275
458 463
89 314
425 38
105 216
399 88
185 364
8 296
457 190
490 321
404 25
128 407
121 58
411 62
30 222
496 155
179 325
289 393
302 430
360 63
250 458
347 470
429 161
244 21
487 366
95 245
196 86
172 304
94 358
493 319
329 63
492 403
48 345
194 349
366 40
151 392
254 345
486 366
272 320
488 91
353 27
226 27
314 474
449 193
474 334
459 403
220 346
498 319
117 227
449 170
189 127
201 86
391 300
221 5
12 391
158 273
427 15
37 383
385 462
441 102
244 393
109 61
109 459
395 477
357 149
235 410
498 212
357 293
336 479
361 25
487 61
224 127
355 99
379 159
101 123
158 169
495 58
251 169
248 149
368 279
300 233
52 406
422 173
122 204
483 276
235 457
321 197
278 142
342 1
194 332
252 266
127 316
259 26
484 69
232 162
197 456
276 302
26 138
19 149
435 47
109 53
315 388
269 237
33 324
232 252
212 167
439 69
321 361
39 471
250 93
451 190
90 181
468 432
291 306
422 58
270 199
57 187
361 338
16 10
240 73
182 480
85 108
141 484
116 48
23 463
134 105
177 93
345 479
169 292
17 481
284 455
400 411
356 301
199 418
301 449
499 313
365 374
457 128
143 193
375 175
432 437
129 464
79 166
426 316
442 385
139 19
381 247
294 29
357 472
490 35
18 278
476 1
235 100
206 134
108 418
491 351
261 401
424 197
296 438
427 419
226 50
423 56
249 67
486 286
20 2
229 439
381 31
417 493
276 373
121 183
224 227
58 411
202 293
351 177
19 387
101 36
71 56
56 445
39 226
427 145
209 29
311 455
305 155
475 264
172 295
445 118
300 467
489 412
84 244
235 456
176 466
172 427
210 171
90 404
323 173
412 396
280 149
256 90
305 39
11 222
139 405
229 457
349 226
230 82
182 274
159 19
110 69
376 141
147 198
317 485
187 368
437 332
84 104
410 293
164 2
408 196
91 214
357 275
400 68
6 360
12 347
201 424
84 22
355 105
103 34
24 52
85 26
286 307
291 412
469 398
433 62
337 62
290 442
497 334
57 164
270 164
484 227
11 76
339 373
257 87
105 115
11 47
278 406
19 470
387 443
132 56
244 276
494 147
269 399
335 348
475 328
17854 -1 -1 -1 -1 -1 -1 -1 -1 -1 -1 -1 -1 -1 -1 -1 -1 -1 -1 -1 33548 -1 -1 -1 -1 -1 53850 -1 -1 -1 -1 -1 -1 -1 -1 -1 -1 42394 -1 -1 -1 -1 -1 -1 -1 -1 -1 -1 11006 57334 -1 -1 -1 26988 -1 -1 -1 -1 45435 -1 -1 -1 -1 -1 28351 19295 -1 -1 -1 52960 52127 64321 -1 -1 -1 29823 -1 -1 -1 -1 -1 43075 -1 -1 26414 -1 -1 -1 21001 -1 -1 -1 27450 -1 -1 -1 30340 -1 -1 -1 5463 -1 -1 -1 -1 -1 37185 -1 -1 -1 -1 -1 -1 -1 -1 -1 -1 -1 -1 -1 -1 -1 -1 -1 42046 -1 -1 51027 -1 -1 -1 27232 -1 -1 -1 -1 -1 -1 -1 -1 -1 59522 -1 -1 -1 -1 -1 -1 -1 26526 -1 -1 -1 -1 -1 -1 -1 -1 5607 -1 -1 -1 -1 -1 -1 -1 -1 -1 -1 6652 44298 -1 -1 -1 -1 -1 -1 -1 -1 -1 -1 -1 -1 -1 11924 -1 -1 -1 -1 50963 -1 -1 -1 30208 -1 -1 -1 -1 -1 -1 -1 -1 -1 6031 -1 -1 14422 -1 -1 -1 50496 -1 59780 -1 -1 -1 -1 -1 -1 34131 -1 -1 -1 -1 -1 -1 -1 -1 -1 -1 -1 -1 -1 -1 56290 -1 -1 35313 -1 -1 -1 -1 -1 -1 22914 57504 -1 -1 -1 27986 -1 18922 -1 -1 -1 11528 -1 -1 -1 39757 6819 -1 3481 -1 38431 -1 -1 37542 -1 -1 -1 60800 -1 -1 -1 -1 -1 -1 -1 -1 -1 15596 33044 3461 19175 -1 46738 -1 -1 -1 -1 -1 -1 -1 -1 -1 -1 -1 -1 -1 40606 -1 -1 -1 -1 -1 -1 -1 -1 -1 -1 -1 -1 24377 -1 -1 -1 -1 43602 4774 -1 -1 -1 -1 -1 -1 -1 -1 -1 -1 -1 -1 -1 -1 -1 -1 57284 1312 29935 -1 -1 -1 -1 -1 -1 -1 32659 -1 20150 -1 -1 -1 -1 -1 45518 -1 -1 -1 -1 -1 -1 -1 2613 29817 -1 -1 -1 -1 -1 28505 59518 -1 -1 -1 -1 -1 -1 -1 6566 -1 -1 -1 1986 -1 53963 -1 -1 -1 -1 -1 -1 62224 -1 -1 -1 -1 -1 -1 -1 -1 -1 -1 -1 61831 -1 -1 -1 -1 49772 57513 -1 -1 -1 -1 -1 -1 -1 -1 -1 -1 -1 63074 -1 12804 38314 -1 39131 -1 -1 -1 -1 18508 -1 38197 -1 4905 -1 -1 -1 -1 -1 -1 -1 -1 9744 -1 -1 -1 -1 21422 -1 -1 -1 -1 11302 -1 -1 -1 -1 -1 -1 32570 43315 -1 -1 -1 -1 -1 3369 -1 -1 -1 -1 -1 19468 -1 -1 -1 56924 35244 28744 -1 -1 -1 -1 -1 -1 -1 -1 -1 -1 13278 -1 -1 -1 -1 -1 -1 -1 34956
4
1 393 1 220 1
1 381 14 434 15
0 307 14 90 14
1 32 0 62 13
