500 2000
85 156
219 375
43 479
246 274
211 405
25 166
299 18
265 31
155 327
48 396
248 345
7 476
389 114
466 470
228 56
212 136
340 84
484 88
164 76
131 468
466 184
210 139
200 264
284 294
10 324
255 88
233 259
214 308
273 182
35 446
213 163
480 288
481 182
308 162
146 168
479 474
63 429
49 283
38 45
413 234
493 78
192 494
406 351
402 25
201 293
34 419
317 249
281 257
492 121
325 109
351 7
296 317
471 365
411 112
264 16
428 257
184 47
449 403
440 417
317 183
380 5
446 175
10 478
83 52
473 440
426 227
161 417
393 76
61 345
395 125
201 418
305 291
240 166
496 169
273 29
379 436
54 309
269 130
62 387
394 114
439 437
277 309
387 346
498 12
106 140
228 156
100 394
305 124
84 140
335 128
272 452
111 494
9 7
275 7
192 108
328 82
91 436
192 266
304 10
357 366
65 301
207 159
363 15
241 97
384 353
134 232
421 298
444 211
90 344
222 245
184 132
208 33
445 380
111 403
304 320
434 411
324 81
5 473
490 438
77 26
343 383
5 447
140 64
142 99
50 35
24 150
67 172
199 201
319 303
115 268
347 226
499 255
317 71
433 366
497 488
2 139
34 444
266 419
369 257
371 137
202 238
129 326
401 234
266 69
6 390
288 148
433 246
262 287
499 416
348 73
336 93
59 218
298 495
355 287
284 25
260 496
342 193
101 102
46 199
431 86
489 403
212 449
96 172
144 31
145 203
123 245
465 71
402 206
418 465
5 488
479 402
123 419
48 464
62 413
250 266
255 413
52 80
340 61
202 53
312 17
50 60
404 84
64 365
316 215
402 52
466 84
246 302
324 460
323 473
237 471
306 395
471 274
347 157
494 195
210 392
300 59
90 104
3 180
107 441
477 27
486 158
56 302
58 423
422 460
394 145
150 291
256 15
239 88
373 224
418 22
43 246
479 198
202 293
268 454
252 14
288 340
267 129
409 222
150 89
305 239
268 283
358 128
463 84
64 373
153 359
190 268
169 469
461 365
433 307
354 317
107 363
424 264
308 292
309 207
115 479
318 493
146 62
22 258
352 395
359 21
72 13
275 95
229 74
421 263
380 58
355 124
384 206
374 366
412 184
422 27
306 297
172 132
396 443
424 396
396 405
164 175
62 391
220 206
70 71
93 430
436 27
382 285
90 70
106 465
480 443
265 107
74 442
464 376
425 127
219 116
449 270
34 99
318 264
365 40
226 194
344 141
79 234
106 101
489 15
170 40
371 15
266 404
25 39
254 342
86 270
206 422
107 323
154 242
365 279
229 170
115 245
144 288
363 61
344 54
469 322
363 389
98 200
340 76
414 452
316 153
303 29
283 136
458 1
497 416
143 298
310 139
438 455
45 351
66 427
208 367
485 459
113 459
315 89
102 411
150 443
86 112
182 429
361 61
21 269
91 411
353 108
366 294
411 93
445 292
395 494
2 0
11 51
273 89
484 100
183 146
494 129
325 445
312 56
172 170
497 302
195 169
155 411
58 293
66 382
204 93
216 261
264 115
337 449
151 180
200 426
124 104
406 328
455 127
9 49
445 369
305 45
156 492
285 115
99 379
47 374
437 252
258 32
154 59
264 103
459 88
18 203
492 248
16 380
267 230
320 258
168 87
455 285
332 16
205 385
60 347
286 109
330 174
347 472
492 69
401 59
184 309
489 218
428 285
253 430
437 21
481 362
17 410
119 124
223 421
285 462
170 266
98 363
255 205
127 434
53 19
270 191
372 348
184 34
57 235
283 495
461 169
236 207
235 184
219 147
140 113
25 328
351 497
4 63
278 141
193 235
53 241
44 186
345 159
420 349
343 187
222 490
10 409
93 160
466 18
336 337
261 405
11 310
376 37
400 8
316 388
379 119
116 1
365 108
391 111
488 60
382 279
279 439
143 300
299 32
284 51
50 214
358 492
62 248
198 4
114 263
387 283
450 308
451 355
366 477
359 386
320 353
35 357
292 159
335 120
230 173
271 272
472 150
408 226
2 170
208 23
193 152
127 279
283 254
110 173
385 22
411 408
60 320
364 209
16 295
399 73
355 116
114 146
488 157
131 276
477 336
214 317
261 229
143 451
26 443
117 210
309 118
361 243
286 319
182 157
22 108
244 168
169 49
269 415
463 189
133 256
429 171
463 457
147 135
184 171
186 194
479 489
10 318
64 17
371 335
289 137
421 356
494 41
339 7
77 304
216 58
436 31
157 18
468 229
267 165
26 295
76 92
51 386
330 102
254 215
89 252
371 375
325 180
202 349
47 247
77 87
70 351
469 495
481 336
380 499
45 304
12 138
395 94
387 394
44 30
341 325
11 481
419 300
16 157
54 486
311 467
437 79
33 249
265 78
398 489
50 418
42 433
240 125
242 356
454 187
15 392
304 348
440 462
45 122
190 2
268 96
441 306
292 59
457 36
311 317
27 53
172 90
396 406
89 401
447 68
206 224
12 422
285 447
346 177
115 473
386 385
455 208
494 464
362 139
288 341
375 429
228 124
350 294
447 130
352 363
174 10
270 312
353 439
148 144
57 52
468 186
391 126
336 113
283 334
138 465
348 251
444 108
402 57
127 236
26 54
161 31
375 224
72 380
35 435
349 256
480 105
69 44
29 125
446 186
429 234
166 408
436 283
499 195
470 264
121 174
335 347
459 144
177 335
14 325
7 66
480 113
127 392
64 126
171 286
61 434
454 196
362 6
431 202
425 298
258 388
326 375
206 121
254 50
96 216
47 37
354 121
109 322
333 255
340 147
155 146
387 24
441 196
165 102
284 156
309 116
203 190
210 389
267 202
467 49
346 406
147 333
371 150
480 371
234 126
444 186
382 254
133 92
307 121
115 62
205 302
225 491
469 313
491 357
131 396
208 360
160 324
328 371
77 314
139 315
469 498
266 378
264 27
492 311
155 284
357 37
52 27
344 271
496 48
131 219
456 397
129 439
454 232
131 281
94 334
459 33
61 453
370 429
61 200
8 491
176 80
315 291
107 224
348 199
188 341
424 331
251 228
234 369
302 256
490 68
211 336
229 490
406 435
354 437
459 422
301 350
289 378
362 272
261 315
25 0
15 354
37 136
282 464
213 488
3 409
331 26
395 178
368 403
499 239
324 25
259 99
36 396
54 411
477 3
261 480
477 264
165 26
60 214
492 286
82 47
331 279
78 167
138 485
41 44
373 163
485 31
112 120
315 353
24 470
100 347
73 452
487 21
68 417
90 394
306 371
187 162
159 402
32 358
110 485
38 410
274 19
85 368
166 49
79 265
151 272
311 281
67 47
293 427
499 295
98 336
478 15
486 490
494 469
42 213
98 249
489 82
269 444
344 199
241 383
482 480
13 7
214 423
132 314
395 204
409 62
480 126
364 175
80 113
350 453
446 235
180 330
275 127
37 242
77 62
464 361
147 42
404 36
3 329
10 433
70 277
368 183
354 434
153 446
50 277
291 119
5 359
487 451
6 296
371 190
61 75
314 63
448 273
365 20
300 498
197 381
311 184
464 300
413 325
365 253
393 18
373 25
1 18
261 341
431 185
410 249
318 333
251 165
146 362
154 432
370 356
91 332
489 0
314 198
378 315
425 291
256 360
43 308
422 62
189 263
161 200
115 93
71 268
72 270
28 81
268 47
342 143
152 62
38 474
156 241
163 45
189 462
480 17
266 497
478 481
427 343
375 327
331 147
444 341
179 27
86 349
406 207
296 183
454 287
244 473
197 404
96 74
138 242
54 141
402 59
131 181
209 474
175 178
409 70
203 288
400 441
184 204
227 307
94 74
459 468
186 414
176 456
211 228
68 344
447 222
26 376
104 352
172 463
1 486
63 153
237 344
58 95
50 437
204 266
489 191
172 274
24 143
238 29
7 420
360 269
363 245
397 470
178 269
184 195
452 446
96 5
327 219
184 82
402 418
490 156
66 89
353 232
234 75
370 417
307 111
373 338
331 197
10 490
183 358
290 86
284 73
483 193
319 476
242 414
398 137
315 287
395 465
272 466
37 337
499 421
274 168
399 312
81 22
144 169
417 1
171 229
40 229
101 291
107 26
307 20
85 52
168 289
450 322
95 444
222 465
489 44
73 413
189 254
152 458
370 272
181 453
125 8
137 209
25 445
473 217
239 93
301 306
124 165
221 38
247 52
6 273
296 218
178 143
230 491
373 195
314 231
357 33
91 224
209 182
386 391
7 176
151 30
154 129
407 385
184 333
376 357
169 148
165 369
299 351
77 129
169 168
418 146
249 360
414 23
409 463
3 221
345 85
9 383
267 19
289 162
403 139
103 225
369 431
34 275
445 194
425 384
477 349
348 388
160 393
134 156
338 280
245 473
137 464
2 469
227 251
347 455
282 153
296 273
294 483
150 457
436 192
438 272
70 162
71 44
320 378
367 489
225 24
479 319
273 140
331 11
272 262
36 167
286 164
215 229
164 229
372 256
254 232
17 286
317 386
309 460
102 409
367 332
125 354
235 486
208 4
344 240
11 465
182 152
359 372
386 58
210 482
81 440
421 389
458 173
188 295
260 13
314 461
266 68
196 137
437 413
96 338
319 108
155 259
173 391
495 66
480 220
111 217
289 451
201 344
62 192
446 10
356 399
64 200
494 115
291 347
136 172
178 94
460 388
413 417
270 223
244 78
5 8
401 376
17 498
259 258
31 27
282 81
416 317
252 409
127 84
304 117
120 298
333 62
235 107
292 496
323 247
347 4
221 348
401 272
245 219
391 52
381 305
429 207
33 173
298 347
398 401
18 277
48 239
139 428
382 368
84 135
253 347
341 87
359 189
459 349
417 387
346 63
97 294
373 421
275 483
0 265
360 288
31 127
252 56
202 159
135 244
47 186
32 309
483 64
73 323
335 250
442 234
54 412
375 453
39 68
18 493
405 363
32 334
143 220
121 119
44 179
119 202
272 264
178 135
246 250
334 348
104 294
9 135
65 317
308 481
450 143
30 7
416 413
363 357
341 164
375 487
227 96
383 307
115 413
453 224
377 443
79 439
81 210
483 430
387 228
289 474
69 333
403 455
430 254
380 200
133 332
332 350
194 21
342 275
10 436
56 40
147 170
94 236
55 15
258 277
106 270
14 350
66 360
118 416
438 97
35 160
354 23
308 218
15 199
179 468
77 469
123 473
8 34
446 0
243 9
11 210
97 1
235 93
278 259
388 97
479 223
210 173
343 212
95 31
47 320
88 330
433 202
224 448
342 83
392 333
245 61
279 143
495 104
287 113
311 434
94 148
232 377
230 488
191 474
443 25
66 477
165 487
363 392
468 110
403 459
409 498
251 246
33 435
285 477
195 371
59 87
248 320
275 326
433 26
493 345
307 429
178 110
173 56
423 385
389 2
359 467
190 176
337 381
279 217
136 4
19 483
335 77
223 180
132 348
7 263
483 39
381 246
495 371
153 443
200 408
279 422
387 309
244 448
192 366
262 425
480 391
333 330
193 363
437 237
299 431
324 63
315 76
268 112
398 107
267 62
101 285
325 135
1 132
470 184
5 148
7 446
396 40
305 93
426 104
39 74
394 446
56 99
486 462
394 477
212 417
374 249
457 455
14 249
458 153
5 463
263 275
294 430
353 55
61 242
169 235
77 214
433 73
499 212
186 293
459 378
324 147
183 311
293 419
0 485
298 98
352 185
361 144
437 114
342 307
226 265
347 478
365 372
352 333
155 250
69 54
236 326
157 283
319 134
362 119
68 139
147 388
197 366
397 32
176 446
259 56
243 469
200 390
25 66
106 490
483 376
448 76
434 267
96 98
301 401
98 303
493 14
480 143
269 126
344 144
197 332
322 140
445 280
357 446
261 187
447 317
381 91
384 258
228 30
475 161
347 188
89 153
247 89
121 166
431 140
278 487
234 60
275 211
301 98
183 76
356 287
320 316
287 224
65 219
258 133
247 484
207 295
36 30
34 401
487 139
497 470
266 22
120 14
399 219
387 4
472 334
211 424
437 119
271 242
59 163
28 35
234 425
75 220
46 465
207 55
359 374
437 182
394 305
168 216
381 347
247 339
147 241
285 120
395 489
298 264
289 221
164 26
295 2
483 230
257 317
171 297
34 247
38 187
336 26
304 456
312 466
309 176
370 494
445 279
441 277
448 370
54 25
277 122
320 129
301 103
374 364
242 297
249 148
429 162
146 379
267 346
412 217
489 179
350 140
23 346
80 407
304 437
58 40
495 101
467 445
66 150
405 372
325 100
455 451
65 212
404 274
180 379
218 363
81 228
113 455
440 31
173 165
304 103
293 113
180 154
227 491
296 345
151 277
366 420
187 334
490 265
141 256
149 151
406 398
491 388
78 464
89 326
459 395
399 144
4 472
388 428
393 38
325 351
181 27
362 321
130 14
72 344
402 422
24 27
265 137
301 290
352 83
305 359
486 383
388 298
4 396
36 309
267 61
189 201
180 175
138 34
414 303
356 183
105 183
142 317
13 318
189 158
195 278
314 414
461 408
9 338
305 437
45 48
394 30
29 469
446 227
323 141
72 106
135 68
243 153
490 80
258 39
238 435
125 388
359 17
47 35
108 351
53 350
425 229
213 319
126 264
44 434
127 284
326 324
240 208
353 214
438 420
230 279
141 18
353 458
425 22
205 481
146 91
2 218
292 291
437 473
166 291
381 419
112 103
372 34
262 194
146 196
439 7
277 32
229 418
179 459
79 231
259 262
70 184
487 83
126 7
155 136
197 247
215 140
324 204
343 279
363 198
463 391
353 247
237 146
431 414
397 225
441 173
495 437
222 203
138 209
283 325
9 432
425 49
228 308
405 6
393 406
253 259
492 496
172 432
465 414
343 101
195 105
100 79
140 437
26 25
31 106
471 267
499 129
111 198
176 194
488 375
337 249
405 411
377 428
428 210
394 61
67 414
158 275
31 460
286 228
172 359
201 17
289 21
149 222
209 407
72 357
65 145
460 430
189 317
224 102
39 253
77 23
50 461
450 298
495 408
241 295
79 99
229 88
42 334
118 386
425 61
87 182
158 294
363 139
484 368
390 227
268 170
467 175
452 127
116 457
207 349
449 247
445 301
279 481
43 480
242 189
108 223
5 346
23 35
79 492
389 418
462 100
159 260
465 142
221 223
106 322
480 286
374 51
170 215
318 156
300 482
53 51
244 42
277 283
234 167
103 318
9 458
379 183
67 178
22 261
364 277
228 65
382 377
231 234
411 16
58 413
160 294
402 449
287 121
489 222
284 425
171 141
440 418
409 104
417 30
135 433
311 107
283 55
217 290
404 254
85 106
393 364
386 319
313 388
418 183
136 280
489 68
427 47
346 0
149 44
186 367
107 254
19 281
212 326
226 311
346 167
4 113
306 210
78 488
389 27
291 77
262 291
325 261
391 322
167 8
219 96
425 95
306 176
441 316
158 285
215 480
202 79
443 257
331 31
245 11
195 336
229 451
105 379
95 187
432 134
152 7
275 45
319 198
366 372
55 375
162 194
447 483
89 264
36 128
437 294
498 108
325 140
434 22
262 56
470 242
255 45
481 84
352 33
448 290
476 121
1 490
344 434
497 307
45 223
446 320
195 374
149 209
131 346
203 482
480 368
360 416
283 24
104 33
87 16
390 415
95 348
110 200
382 132
158 9
292 478
180 376
182 308
398 320
57 441
398 255
7 207
348 162
475 185
390 491
4 393
262 485
285 198
126 210
295 365
464 327
350 497
318 372
186 82
73 160
448 323
298 319
148 35
458 480
213 247
456 326
315 249
173 207
443 485
202 315
381 280
212 441
78 22
284 43
126 442
298 408
1 163
305 161
347 273
291 440
318 129
279 374
477 458
387 464
382 354
475 5
45 93
250 211
419 280
429 70
392 114
244 191
415 270
355 477
287 54
309 148
289 108
6 489
477 169
153 90
182 250
231 88
148 115
161 119
494 161
23 235
200 272
248 348
6 336
410 183
444 295
121 359
138 55
400 57
423 248
173 0
388 358
499 399
70 377
122 78
489 461
178 168
161 39
144 233
498 19
425 75
366 227
289 226
29 402
213 362
68 62
333 467
194 239
308 457
422 362
283 369
369 23
290 101
17 66
23 148
261 52
105 110
199 224
281 394
202 259
499 247
224 4
377 252
195 157
468 480
285 452
224 377
209 122
263 223
194 180
182 0
161 260
410 95
251 123
276 150
341 238
304 353
21 452
204 8
493 383
384 133
94 376
29 270
233 96
478 174
319 236
172 451
372 411
477 329
122 408
427 426
307 120
182 430
16 333
249 363
352 56
407 329
288 188
471 446
356 18
1 338
165 394
417 85
22 407
317 358
293 136
316 39
487 207
388 426
320 190
103 55
421 462
391 112
327 185
482 24
179 248
493 290
40 71
385 298
29 3
270 64
222 53
286 444
331 329
126 249
120 422
194 432
20 24
66 455
119 199
277 429
334 164
386 26
300 38
269 357
230 109
467 465
451 237
321 65
319 178
441 153
257 363
178 90
40 461
158 463
4 120
265 276
473 459
340 249
367 280
261 326
134 486
285 499
491 89
75 215
336 157
138 278
369 30
135 458
148 317
96 201
141 1
498 417
405 102
151 407
453 303
394 135
431 175
129 131
328 142
349 380
196 339
37 154
292 268
468 238
355 78
205 243
50 253
274 452
35 13
0 148
322 72
237 30
205 83
222 481
430 235
200 22
422 3
442 473
18 31
71 5
388 180
65 87
58 67
449 92
459 390
491 294
439 176
131 254
153 385
157 186
203 397
368 187
156 427
58 250
323 127
188 365
398 420
245 494
262 222
181 170
438 110
490 450
158 449
125 166
364 421
192 4
455 196
427 45
372 40
172 490
218 398
265 412
174 340
409 305
147 145
400 303
300 474
391 321
41 159
104 209
269 114
235 61
225 151
206 175
80 474
207 43
244 74
284 447
263 236
371 489
432 278
327 218
164 185
476 287
118 116
468 200
375 268
166 180
95 147
66 286
140 115
25 357
179 485
-1 45299 9571 -1 -1 17446 -1 -1 -1 22368 -1 -1 -1 -1 50156 -1 -1 64656 -1 -1 -1 -1 31398 43567 -1 -1 -1 -1 -1 -1 -1 -1 -1 14437 -1 8141 -1 -1 -1 -1 -1 -1 -1 -1 -1 55149 -1 -1 40584 35220 -1 65374 -1 -1 -1 -1 -1 -1 -1 -1 40504 23810 -1 -1 -1 -1 -1 -1 -1 10686 -1 23617 -1 -1 -1 -1 -1 -1 -1 -1 20200 -1 15227 -1 -1 -1 41670 -1 -1 -1 -1 -1 -1 37330 20740 62766 -1 17501 -1 -1 -1 -1 11652 -1 5999 -1 -1 -1 -1 -1 -1 -1 -1 -1 -1 -1 30598 -1 -1 -1 -1 -1 -1 -1 -1 -1 45320 -1 -1 -1 -1 -1 -1 -1 55651 -1 50573 46277 -1 -1 39998 19963 -1 -1 -1 -1 -1 19230 -1 42502 28968 -1 -1 -1 -1 -1 -1 -1 -1 17068 -1 -1 27672 -1 21299 -1 -1 -1 -1 -1 -1 -1 -1 -1 -1 44437 -1 -1 -1 -1 -1 30128 -1 -1 -1 33892 -1 -1 -1 -1 -1 -1 46435 -1 61378 -1 28811 -1 30050 13167 -1 9849 -1 -1 14838 -1 -1 22679 -1 -1 -1 -1 -1 -1 -1 -1 -1 9087 -1 -1 -1 -1 43185 23400 -1 -1 -1 -1 -1 -1 18521 40215 61825 47552 -1 -1 28864 -1 -1 -1 -1 -1 12940 -1 -1 -1 -1 -1 -1 -1 -1 22096 7224 -1 44242 -1 -1 -1 -1 -1 -1 -1 3927 -1 -1 -1 -1 -1 -1 -1 -1 -1 -1 -1 -1 -1 -1 -1 -1 -1 -1 -1 -1 -1 54790 -1 -1 -1 -1 -1 -1 -1 -1 -1 58988 -1 -1 -1 -1 -1 -1 -1 -1 -1 9919 -1 -1 -1 -1 -1 -1 -1 58407 -1 -1 -1 10268 -1 -1 57432 -1 -1 -1 -1 -1 -1 23223 36460 -1 -1 33552 -1 -1 -1 -1 -1 -1 -1 -1 -1 -1 -1 -1 -1 34352 -1 -1 -1 -1 -1 8722 -1 -1 -1 9058 -1 -1 20974 -1 -1 -1 19636 49129 24058 50347 58212 27453 24746 -1 -1 -1 -1 48651 -1 -1 54196 -1 -1 -1 -1 -1 -1 -1 5508 -1 42982 -1 -1 -1 -1 53350 -1 48129 26168 -1 -1 -1 340 63787 -1 -1 -1 -1 -1 -1 57401 -1 -1 -1 60521 -1 -1 -1 -1 -1 -1 -1 21298 -1 -1 54747 -1 -1 -1 -1 -1 -1 51323 -1 -1 61294 -1 47516 -1 -1 -1 -1 -1 -1 -1 -1 -1 -1 -1 2441 -1 29301 21962 -1 -1 -1 24823 -1 -1 -1 -1 -1 -1 -1 -1 -1 -1 -1 -1 9286 -1 -1 -1 -1 8628 4758 -1 -1 -1 -1 -1 -1 -1 -1 -1 -1 3907 -1 -1 -1 -1 -1 -1 30669 -1 -1 -1 -1 -1 -1 -1 -1 -1 -1 64924
5
1 368 0 205 6
1 425 3 460 11
0 382 14 282 14
1 435 6 253 7
0 94 0 313 12
