500 2000
329 209
59 3
244 86
316 483
465 172
499 410
485 427
258 271
30 262
108 54
485 250
125 336
302 169
8 319
33 374
115 400
390 233
147 492
362 282
236 263
180 315
331 83
122 59
445 127
24 101
431 288
111 116
157 153
432 29
69 175
104 129
357 162
0 321
401 491
94 191
130 201
133 0
174 178
310 136
133 353
24 398
66 122
460 181
347 166
212 310
339 188
156 454
112 465
49 20
254 188
291 76
401 9
21 473
214 72
54 408
128 480
400 342
388 201
244 2
287 101
476 207
64 121
311 328
283 75
488 443
426 0
57 178
341 265
389 120
180 448
239 369
172 377
175 418
459 381
390 301
61 37
65 392
263 446
427 455
117 230
107 62
312 430
219 423
155 172
304 394
215 202
462 121
273 153
111 218
110 49
84 281
128 271
303 216
225 337
286 374
95 160
220 316
374 367
430 73
237 91
127 420
93 228
326 127
224 368
482 202
423 14
20 363
266 198
433 122
145 478
366 45
483 238
1 472
497 246
197 252
54 162
101 329
452 86
134 449
282 218
142 370
468 22
489 135
296 442
36 15
298 497
424 282
33 114
198 395
294 488
128 305
398 365
295 344
267 158
157 274
61 91
258 463
485 271
55 361
23 29
45 140
403 252
157 377
472 470
413 179
428 205
231 335
368 393
82 173
418 199
367 37
223 192
416 46
354 338
430 160
124 237
415 352
301 372
192 449
148 409
344 329
307 298
150 429
20 384
440 259
361 458
168 227
342 20
304 329
302 287
29 498
480 258
237 108
22 302
93 147
5 490
193 476
191 287
109 436
201 393
456 230
42 225
217 47
132 60
155 159
159 15
60 148
308 426
65 463
4 405
282 352
54 456
380 137
6 336
249 396
443 114
262 443
82 412
159 165
20 35
433 135
390 85
313 275
83 204
374 408
434 307
253 288
221 97
223 75
88 319
11 118
397 84
348 73
318 336
72 38
414 22
52 253
9 66
313 421
421 116
46 73
204 172
36 441
440 305
376 482
289 308
491 278
351 95
71 320
276 60
175 104
362 485
468 332
469 16
140 431
15 482
380 486
25 434
399 47
482 470
286 6
19 385
221 178
228 220
132 199
368 321
427 394
482 329
382 45
63 253
20 127
96 451
356 259
219 424
472 309
151 49
167 270
279 81
357 6
80 4
378 99
300 226
320 44
169 199
234 214
320 217
395 65
20 453
449 18
386 133
483 195
444 156
7 280
296 275
166 342
24 491
369 221
381 432
454 86
127 49
144 425
447 432
350 86
111 471
35 373
343 110
172 60
344 186
146 312
485 213
205 456
406 480
38 3
300 494
494 383
318 397
450 477
219 83
180 27
138 367
106 251
122 4
450 280
498 73
357 139
444 256
117 274
136 364
409 403
438 254
104 310
47 176
26 438
48 30
15 474
121 419
128 320
327 340
5 44
136 134
436 60
394 335
290 169
342 318
490 328
253 117
132 256
196 327
413 119
314 120
245 251
48 427
350 273
138 250
83 263
370 420
173 45
244 377
11 17
448 219
392 286
362 361
36 138
120 356
239 333
172 492
96 43
149 194
417 310
242 266
106 253
228 360
336 395
169 1
477 154
189 417
296 331
58 55
236 66
80 327
151 191
244 41
28 459
467 298
151 133
307 475
223 260
261 104
426 296
167 294
161 345
469 73
72 0
96 100
91 308
427 349
140 84
297 183
471 29
474 239
309 392
139 332
43 256
310 471
115 256
383 127
411 241
283 439
41 496
142 230
327 479
2 490
469 12
142 486
95 252
141 220
359 1
308 347
327 471
486 350
366 365
19 152
13 487
63 6
181 11
119 29
18 60
379 18
189 122
397 1
27 429
413 233
231 360
236 427
354 221
208 418
378 280
234 180
90 176
367 466
341 149
157 332
215 121
242 107
436 431
204 455
65 295
317 343
422 332
207 111
432 232
268 440
274 86
376 272
65 228
32 277
101 48
6 128
272 75
324 392
481 208
347 432
499 478
299 191
109 0
366 54
117 315
305 43
57 314
268 128
307 282
110 286
117 325
52 33
158 15
306 397
76 371
46 54
224 452
419 268
125 167
122 314
457 431
179 424
486 63
484 445
463 426
153 45
397 57
131 108
157 118
243 374
4 447
143 322
373 240
87 339
391 448
430 460
426 321
33 124
390 209
75 461
368 122
208 363
154 7
97 193
9 291
81 166
341 399
174 404
426 337
299 344
428 150
197 159
315 266
54 314
278 392
378 118
121 410
119 151
5 182
325 312
55 210
320 141
147 314
95 467
222 454
243 244
197 250
237 374
187 77
173 137
281 250
344 271
34 126
53 299
414 81
203 368
45 289
372 437
385 42
437 395
289 40
97 183
310 460
63 187
200 497
464 282
100 14
223 67
160 417
8 395
61 455
13 481
104 154
9 405
362 474
389 409
164 176
144 11
379 353
283 429
451 432
225 476
20 7
374 322
366 455
24 162
30 220
298 71
55 74
415 401
336 367
307 127
248 445
444 411
268 88
243 440
340 72
171 431
270 337
336 421
111 399
41 20
191 352
490 233
263 276
155 450
356 238
434 489
414 482
278 13
119 211
266 205
108 229
455 139
379 475
422 90
101 357
110 330
391 322
206 450
112 201
195 385
267 231
197 32
130 72
251 458
2 414
344 218
455 137
82 220
310 81
226 315
376 461
132 153
388 217
459 385
243 66
161 414
443 318
44 332
489 196
108 239
438 189
433 104
352 312
417 365
246 50
93 110
479 127
133 56
386 55
218 467
45 9
272 308
462 359
342 448
184 403
390 207
468 402
403 317
96 68
180 53
68 161
252 391
131 171
442 353
149 401
276 11
317 498
128 418
383 413
23 83
471 271
213 208
464 99
284 27
485 455
363 395
108 134
188 375
333 44
443 253
380 46
75 125
88 177
439 409
242 385
484 348
184 367
384 411
422 215
137 323
236 462
483 194
188 473
486 237
39 33
360 446
385 22
92 291
334 59
120 281
235 479
232 207
398 436
160 107
275 139
410 475
120 369
167 244
145 52
315 446
111 227
451 442
379 56
299 129
144 459
366 195
473 185
447 440
153 468
180 433
294 205
266 498
186 441
34 24
69 386
425 380
229 50
229 327
0 420
145 131
135 290
14 34
50 158
421 296
122 201
384 202
106 360
494 479
348 130
414 170
108 215
366 351
24 359
147 122
268 355
8 493
262 347
19 439
400 466
495 403
291 332
136 470
119 209
478 417
463 496
190 282
37 342
353 370
256 331
243 65
230 56
455 346
212 454
353 471
187 454
351 8
333 47
177 448
84 121
102 60
46 483
320 229
177 481
422 276
166 2
168 123
160 178
323 349
424 389
85 89
463 410
63 453
42 49
42 494
307 360
191 463
472 47
351 102
76 142
152 215
313 223
59 58
443 192
0 395
392 322
349 382
331 293
265 73
20 389
328 380
422 481
413 384
367 28
20 81
254 182
374 50
392 434
230 179
322 315
388 372
128 376
47 486
488 48
160 45
293 138
125 472
445 186
305 182
37 259
5 145
286 326
467 30
434 400
296 183
123 422
150 450
441 191
204 413
74 21
16 461
175 61
38 223
11 443
227 308
124 306
274 376
347 267
255 81
242 483
409 158
46 254
299 495
29 349
369 174
443 381
241 451
372 464
128 441
250 34
244 47
110 61
421 182
379 57
493 456
355 373
295 84
269 115
243 52
383 123
492 286
68 220
447 37
354 113
265 256
219 112
328 346
421 55
214 212
109 189
110 340
279 247
250 123
403 199
204 358
382 78
3 74
220 267
170 10
488 268
215 157
79 150
10 197
464 401
67 471
272 30
162 483
165 200
380 6
136 90
16 65
252 4
150 436
197 73
108 64
286 389
264 35
279 142
166 291
404 86
341 314
241 467
244 11
495 309
45 288
467 79
185 7
112 371
262 496
222 193
164 433
408 361
24 218
295 488
240 20
37 97
164 112
443 235
487 383
99 322
368 200
251 330
203 169
44 204
231 325
132 0
273 353
389 195
230 172
98 350
135 110
394 105
335 369
453 499
112 389
319 191
254 397
342 254
465 279
320 176
449 12
46 248
341 170
80 295
54 70
66 32
105 87
468 216
214 124
40 122
281 95
499 7
2 171
348 448
228 48
218 364
224 462
82 325
101 98
343 127
107 487
199 281
108 195
128 42
481 246
18 317
136 348
96 233
340 267
155 413
442 276
382 454
246 318
150 106
178 4
63 324
485 405
441 155
133 210
74 255
333 42
439 34
27 94
102 6
364 399
235 374
335 315
204 445
149 58
389 447
312 497
482 377
307 313
303 467
320 470
312 215
448 427
34 272
456 198
472 132
180 73
143 426
191 337
356 124
286 63
345 144
405 60
130 276
362 332
168 372
268 399
161 259
328 1
284 92
102 346
74 309
361 413
31 447
295 482
255 205
110 435
54 393
102 218
305 22
296 63
405 392
26 421
476 127
184 97
324 98
299 10
252 324
312 233
298 387
423 146
49 75
235 183
176 138
4 201
126 75
306 178
273 407
77 242
478 77
9 246
116 485
250 422
208 242
7 311
84 474
474 167
401 432
448 384
277 136
337 190
432 230
47 74
130 304
486 308
296 196
359 334
134 91
274 154
143 264
200 335
105 378
498 339
353 389
255 204
425 474
242 393
15 237
231 455
417 191
330 30
80 133
243 399
304 242
43 292
356 222
471 282
408 292
297 445
482 24
470 413
481 474
434 403
497 329
147 114
107 404
48 458
298 312
210 499
74 491
369 104
96 431
264 277
271 410
46 223
484 210
41 266
127 447
434 263
315 489
152 40
227 244
12 281
353 399
365 107
480 218
226 490
234 257
380 121
44 57
363 396
460 217
457 429
431 32
0 292
189 339
425 224
414 265
30 16
299 335
189 82
236 208
264 2
159 424
249 35
86 192
248 443
299 369
439 455
318 31
304 183
222 111
380 322
350 329
361 131
23 305
40 231
395 91
345 449
124 321
197 76
28 487
473 322
242 269
19 387
118 380
469 218
360 286
338 281
495 159
166 226
79 170
323 109
62 389
415 322
259 477
246 191
237 248
3 116
88 356
178 277
194 310
406 207
399 424
174 380
291 439
114 286
98 132
379 126
160 453
435 431
200 263
228 150
311 61
201 432
220 122
186 200
379 386
326 412
451 404
239 206
326 238
91 424
278 203
63 391
485 27
319 96
460 121
58 27
311 39
316 26
30 371
78 322
354 334
333 261
386 223
403 378
461 340
481 89
62 183
394 257
318 165
359 28
51 94
413 364
50 107
434 187
397 297
56 425
429 485
8 18
381 411
281 376
242 90
491 185
57 431
356 212
446 459
86 194
180 285
284 75
152 102
426 3
180 403
151 462
245 495
423 221
70 284
364 57
123 89
462 137
47 224
90 478
495 31
21 423
274 162
388 317
476 78
451 273
249 43
320 179
45 50
350 110
98 84
161 350
230 263
3 97
415 59
430 364
130 422
272 324
203 403
96 235
479 178
92 250
404 335
244 440
258 263
346 12
476 37
467 17
276 114
346 93
3 167
96 411
415 88
439 230
333 327
70 485
246 350
441 175
386 472
334 18
388 499
436 397
482 232
13 376
191 411
119 99
391 429
407 455
404 17
51 139
358 226
247 295
262 408
256 102
463 450
30 259
117 183
87 313
284 391
201 464
85 122
298 236
39 340
252 40
401 327
132 455
179 388
497 189
317 66
354 417
461 302
369 246
367 476
318 45
7 11
222 151
40 318
240 362
468 476
496 30
249 184
365 59
209 289
495 484
247 198
50 186
414 167
59 218
457 416
17 261
10 89
178 463
255 121
178 179
253 212
361 90
150 88
82 449
337 133
212 441
240 217
216 267
190 397
341 247
322 174
328 169
381 441
184 95
145 322
423 199
172 233
286 339
68 4
94 174
323 347
399 300
66 454
15 423
268 83
195 290
254 75
126 241
281 386
400 61
143 476
388 101
89 38
34 413
434 479
433 275
400 336
436 496
401 393
183 221
93 242
327 7
163 246
302 309
213 134
309 424
55 157
265 183
174 330
241 282
406 318
482 164
322 436
92 10
148 36
498 432
26 373
360 271
129 197
186 94
386 77
146 266
111 480
55 156
175 339
106 145
179 468
151 78
9 287
350 211
416 261
126 310
362 102
396 26
369 265
338 455
171 473
162 326
69 228
93 412
315 438
380 38
292 89
83 45
498 3
121 85
249 147
339 123
430 272
173 179
235 61
284 358
201 149
197 90
372 396
226 259
129 49
468 28
41 228
453 262
129 368
68 61
334 124
163 353
382 101
6 339
5 418
316 37
256 492
116 461
165 72
432 445
7 130
206 297
487 268
392 113
495 58
6 133
13 40
370 425
480 444
306 329
455 478
482 478
487 154
334 314
406 391
257 290
61 398
238 95
88 186
451 196
54 83
332 1
23 474
437 333
392 339
172 129
40 485
17 185
346 235
323 118
15 331
381 94
359 14
286 321
288 357
232 290
347 472
355 490
144 439
443 78
216 369
126 54
243 126
100 200
301 352
479 332
163 407
195 445
409 145
277 25
313 241
405 255
277 395
224 395
367 90
260 174
289 127
113 271
450 402
46 67
379 356
106 206
62 383
377 440
396 12
487 133
322 4
297 263
394 209
27 70
52 366
189 254
312 449
443 258
255 13
235 277
28 485
118 81
346 384
361 220
42 17
298 43
315 58
120 341
268 187
232 347
387 146
117 78
378 174
371 311
201 467
193 189
324 151
135 34
293 122
130 367
199 89
45 215
193 437
292 174
232 329
383 305
363 35
461 362
65 304
243 192
341 389
463 179
226 42
307 136
298 411
370 438
437 491
361 6
109 372
189 342
196 234
442 1
140 362
211 159
3 216
107 66
75 366
290 284
226 359
253 208
414 17
274 113
488 476
84 165
192 333
17 281
108 335
213 159
347 124
299 328
192 345
394 170
435 41
120 156
113 84
40 130
206 138
492 189
283 64
348 154
330 430
284 461
266 162
369 327
387 411
11 106
52 274
383 477
339 387
154 225
7 31
436 83
368 355
50 238
474 418
228 23
105 254
432 64
415 386
25 123
223 198
476 480
232 350
139 222
279 101
233 410
109 13
95 462
375 367
375 73
372 155
110 186
268 117
462 31
381 415
261 472
42 258
461 48
470 246
419 266
116 5
250 211
226 57
255 189
100 216
166 212
311 204
28 178
361 384
71 471
270 124
490 493
134 113
375 316
156 19
172 317
253 279
404 81
89 125
274 3
27 480
0 448
355 108
485 131
185 267
445 250
257 29
371 127
368 309
238 29
212 22
464 112
150 444
71 271
144 169
15 263
159 42
70 396
281 306
87 340
7 290
274 236
303 87
145 332
210 390
117 4
279 18
274 139
69 301
25 327
260 265
183 242
418 81
341 482
82 110
98 22
111 437
291 120
115 38
139 352
44 159
123 315
241 131
6 359
399 274
489 486
94 397
333 238
141 282
424 460
94 437
411 68
257 105
27 76
18 399
239 6
317 11
115 74
392 333
146 217
201 402
34 117
474 378
349 74
99 61
345 117
36 157
297 33
158 87
223 204
232 243
263 315
294 412
61 20
104 16
288 469
451 394
372 267
29 100
334 192
133 491
148 472
34 209
222 236
107 189
57 1
186 131
175 316
297 374
335 194
245 379
356 365
493 376
352 350
420 234
301 442
12 334
111 244
13 233
435 40
160 433
402 211
421 193
110 132
189 158
366 271
30 398
50 285
493 359
90 21
23 266
89 346
460 138
282 450
76 24
142 473
302 29
154 51
167 459
410 441
302 418
495 90
322 119
374 389
157 439
200 499
82 62
49 40
34 6
334 399
258 380
417 246
161 295
99 320
212 371
124 459
311 458
139 420
97 196
445 434
337 447
380 326
42 143
213 76
219 256
446 416
435 191
302 205
366 452
353 219
274 456
436 153
447 479
158 357
109 225
410 491
483 289
41 326
335 133
368 420
117 359
126 159
172 313
410 392
205 434
148 193
275 98
391 69
257 468
54 164
147 209
428 250
108 406
337 245
433 201
183 74
420 91
425 325
42 319
70 262
283 35
109 349
68 384
218 481
225 469
16 482
75 120
448 77
298 478
211 295
462 273
59 210
193 463
344 111
96 24
113 142
90 141
441 55
479 454
213 92
352 28
129 5
64 369
149 204
1 492
220 437
231 293
489 80
272 291
448 258
240 42
472 423
261 312
296 271
398 181
148 313
185 288
478 383
313 257
98 329
385 87
182 220
201 439
128 299
197 417
133 85
125 434
132 427
181 222
376 69
305 127
166 327
352 8
105 291
130 231
5 171
245 60
314 134
467 475
113 373
127 317
222 247
14 179
492 224
412 406
435 417
185 452
74 426
119 333
487 299
363 371
422 2
93 98
115 231
441 486
132 43
313 37
379 129
202 82
340 403
31 259
390 356
327 60
109 266
269 352
324 106
139 175
36 129
336 256
214 453
65 70
409 295
76 7
76 65
334 74
318 220
433 32
394 444
199 219
314 364
15 352
435 244
242 255
106 431
481 405
213 488
325 278
42 344
459 57
286 103
357 326
383 18
343 218
380 490
394 312
204 329
367 276
129 156
157 294
332 163
222 240
235 88
132 326
261 200
221 114
63 121
50 400
197 134
177 287
342 13
447 61
317 85
476 379
476 30
134 72
412 296
396 413
187 152
378 137
436 22
359 253
95 45
346 204
181 480
419 120
254 119
44 163
138 493
30 318
133 365
268 72
65 213
436 61
276 91
97 146
123 175
204 197
375 258
370 328
43 325
287 467
23 85
95 54
0 436
94 293
335 431
440 118
435 479
172 107
327 132
243 317
476 342
493 6
103 335
489 93
10 334
436 413
490 399
440 270
471 423
397 228
272 316
328 292
389 177
27 237
337 326
354 343
218 300
322 338
188 133
465 159
450 319
367 223
432 151
74 222
432 161
53 109
450 183
202 499
100 248
6 138
252 280
103 277
50 167
200 348
488 432
392 96
417 304
59705 -1 -1 -1 -1 64141 -1 -1 -1 24972 -1 -1 -1 -1 -1 -1 -1 -1 -1 47409 -1 -1 -1 -1 15634 -1 -1 -1 -1 -1 -1 -1 -1 -1 -1 -1 7300 -1 -1 -1 11183 5389 -1 -1 -1 35426 -1 -1 -1 -1 -1 -1 -1 -1 14839 12913 -1 -1 15146 -1 -1 -1 -1 45308 -1 -1 10254 -1 -1 -1 -1 -1 12784 -1 -1 -1 -1 -1 30877 -1 -1 -1 -1 -1 -1 -1 -1 -1 -1 -1 23074 -1 -1 49856 -1 -1 -1 -1 -1 -1 -1 -1 55978 -1 -1 -1 -1 15359 -1 -1 -1 -1 -1 -1 -1 -1 -1 -1 -1 -1 -1 -1 -1 -1 -1 -1 -1 -1 -1 -1 -1 -1 -1 -1 -1 -1 -1 41127 -1 -1 -1 51351 -1 -1 -1 -1 -1 -1 37227 -1 -1 -1 -1 -1 -1 -1 -1 -1 12890 -1 -1 -1 64897 52022 -1 -1 64003 -1 -1 -1 -1 -1 -1 -1 -1 -1 -1 48148 -1 52155 -1 -1 65286 21507 48825 -1 -1 -1 -1 -1 -1 -1 38314 -1 -1 22952 -1 -1 -1 -1 -1 -1 -1 -1 25036 -1 20992 -1 -1 10 -1 -1 -1 -1 -1 46454 -1 -1 51177 1254 -1 -1 16512 -1 -1 -1 -1 -1 -1 -1 -1 29952 -1 -1 -1 -1 -1 -1 -1 -1 -1 -1 -1 -1 -1 21622 24935 48337 11528 -1 -1 52984 -1 -1 16249 -1 -1 -1 -1 -1 -1 -1 -1 43839 40660 -1 -1 -1 -1 -1 -1 -1 -1 -1 -1 -1 22496 -1 -1 61762 -1 -1 -1 -1 -1 -1 3869 -1 -1 -1 -1 -1 -1 51576 -1 57030 5067 -1 -1 8455 11004 -1 -1 -1 45389 -1 -1 -1 -1 -1 -1 -1 -1 -1 -1 -1 -1 -1 -1 -1 -1 -1 -1 -1 -1 -1 -1 -1 -1 -1 -1 53291 49108 58712 -1 -1 -1 14866 -1 -1 -1 -1 -1 2598 -1 -1 -1 -1 -1 35224 -1 -1 34492 28002 25649 59556 -1 -1 -1 -1 -1 -1 -1 -1 -1 -1 -1 -1 -1 -1 -1 -1 -1 -1 -1 -1 -1 -1 -1 16184 64761 12768 -1 -1 55064 25497 -1 -1 -1 -1 -1 -1 -1 -1 -1 -1 -1 -1 -1 20861 -1 -1 -1 -1 -1 -1 -1 -1 -1 -1 14834 -1 -1 -1 22094 -1 -1 -1 -1 -1 -1 -1 -1 -1 -1 -1 -1 -1 6599 -1 60675 -1 -1 41369 -1 -1 -1 -1 -1 -1 38247 -1 -1 -1 -1 -1 -1 35954 -1 -1 -1 -1 -1 -1 -1 -1 59356 -1 -1 -1 -1 -1 -1 -1 -1 49513 -1 -1 -1 -1 -1 -1 21725 -1 -1 30232 -1 -1 -1 -1 -1 -1 -1 -1 -1 -1 -1 48661 26802 14378 -1 -1 -1 -1 37185 -1 -1 -1 -1 -1
10
1 417 2 81 3
1 291 3 419 4
1 289 1 3 14
0 222 4 193 0
1 232 3 46 13
1 267 10 253 0
1 437 0 308 10
0 389 14 286 5
0 249 5 61 2
0 67 8 326 1
