500 2000
274 202
214 283
213 222
211 7
36 29
34 88
453 132
261 144
419 338
108 113
87 382
281 27
396 384
470 222
280 418
50 397
140 160
443 468
295 214
374 90
19 357
498 152
156 456
67 6
4 183
330 369
146 79
477 124
450 479
272 359
291 29
479 488
345 263
239 59
53 233
390 41
158 217
478 304
286 216
360 334
317 42
291 111
88 100
475 457
443 62
129 398
347 470
15 87
463 310
488 26
168 41
127 218
384 69
16 207
318 235
381 191
429 323
221 441
483 396
284 210
195 214
72 499
215 226
405 62
284 407
191 461
173 312
299 432
10 79
325 201
31 162
301 88
0 81
424 313
263 463
436 202
140 194
402 449
497 390
394 225
304 150
450 68
403 463
43 97
422 367
281 278
415 314
301 427
481 70
127 222
243 188
92 0
455 117
395 66
55 406
151 368
469 34
25 386
51 96
417 24
498 176
135 291
260 42
30 324
449 89
173 140
153 162
491 256
269 89
203 41
211 31
23 150
324 61
362 130
257 457
163 61
322 223
71 45
68 167
74 66
265 259
122 338
467 331
362 348
351 116
385 399
376 353
434 273
72 425
128 363
3 311
217 82
429 245
262 66
133 121
406 363
274 255
78 98
138 175
433 40
371 307
359 263
278 354
325 468
83 229
413 236
1 480
317 338
482 465
109 352
349 271
221 343
202 205
429 20
120 276
219 354
347 134
236 380
490 304
105 416
322 215
143 117
394 45
219 404
206 279
458 372
395 339
340 348
403 228
366 122
158 102
282 459
302 453
90 402
186 344
25 84
463 398
194 18
20 286
130 304
201 269
71 201
116 19
460 391
431 94
16 401
342 474
470 136
314 128
283 237
336 268
449 186
239 447
264 484
378 250
484 479
167 265
494 153
391 83
478 368
229 92
149 226
328 64
57 471
338 193
153 463
86 55
386 63
274 495
21 452
257 345
274 42
499 474
446 390
307 160
375 122
348 404
361 65
245 315
146 368
109 245
181 449
499 16
172 446
203 336
370 357
188 273
422 102
170 437
451 200
35 228
317 382
473 490
39 150
41 422
37 172
226 143
101 219
486 194
317 130
357 223
192 112
311 60
290 405
64 361
2 61
413 393
425 51
427 80
345 236
463 471
230 153
342 266
294 32
424 120
67 144
230 274
218 162
478 30
123 380
205 77
392 386
245 222
420 101
317 37
355 306
223 45
460 349
138 453
103 209
202 204
416 436
78 427
401 190
86 15
153 104
350 434
341 58
493 463
233 445
211 327
7 136
89 486
19 426
62 201
287 120
281 344
471 238
252 385
285 436
391 268
302 391
465 76
280 172
164 366
162 50
415 298
376 84
113 128
112 191
407 230
443 167
391 155
137 325
164 196
460 186
164 354
115 121
144 346
284 234
496 384
329 489
75 357
410 248
295 23
28 253
367 350
411 361
398 207
86 288
318 477
26 424
118 8
77 95
191 272
147 208
333 425
402 42
77 55
200 406
448 367
495 57
336 407
429 125
490 41
202 414
463 275
312 326
245 251
206 29
300 473
333 368
422 211
447 411
278 415
189 87
57 467
406 365
337 374
12 123
218 485
251 463
331 371
282 74
394 430
45 427
416 448
23 442
437 424
289 89
433 460
405 275
382 80
202 55
354 148
496 272
49 46
58 455
453 262
476 377
411 29
303 33
299 42
275 303
45 372
234 373
186 120
192 309
249 265
257 207
81 372
217 174
122 323
50 170
389 251
208 294
390 28
472 261
477 296
76 41
196 206
170 316
383 370
296 280
239 406
318 12
476 362
429 96
471 181
27 312
283 486
440 260
145 107
352 231
241 464
259 167
321 331
353 304
480 246
434 285
457 393
103 321
161 87
126 457
236 152
412 36
277 205
210 102
466 270
118 335
300 329
416 122
286 62
42 194
65 207
70 178
495 185
464 231
7 115
74 461
387 2
442 389
203 184
267 412
69 486
490 56
286 60
140 169
167 379
193 275
259 498
427 440
232 261
376 329
471 258
17 484
89 354
200 307
2 358
231 380
198 155
111 108
252 137
55 440
451 360
139 158
65 296
120 209
19 212
213 487
262 198
447 162
144 153
483 472
481 229
222 252
136 75
112 289
485 493
349 93
271 152
286 278
13 450
370 386
289 124
122 116
250 49
138 308
274 376
359 480
183 138
493 469
290 352
433 277
89 83
139 68
171 441
386 131
398 263
328 440
339 350
125 254
465 285
273 398
349 116
112 427
56 337
233 189
121 167
92 383
394 32
294 166
205 301
336 381
143 391
283 317
87 47
181 251
460 427
498 111
407 389
201 377
336 252
22 202
391 383
452 233
372 150
174 347
493 150
41 110
145 60
442 205
207 13
139 101
100 235
267 32
214 305
251 298
360 70
17 369
445 183
394 63
68 200
212 62
331 229
406 219
228 281
398 205
11 98
56 346
194 69
90 263
59 71
498 439
114 145
386 10
218 167
67 308
479 305
354 125
331 319
233 382
141 6
254 52
362 151
274 135
253 441
231 285
336 421
343 445
252 283
54 280
495 93
449 37
54 82
145 102
283 289
326 499
339 304
224 447
269 453
323 213
452 473
125 242
221 359
440 460
312 348
401 43
425 37
449 178
125 482
54 118
87 451
433 49
328 401
384 457
345 310
428 29
269 220
132 177
192 332
363 388
477 452
373 138
85 305
81 497
295 40
475 5
195 239
321 264
322 495
23 62
403 328
217 118
445 313
254 392
416 2
232 36
84 332
442 392
132 50
168 108
191 248
149 201
419 264
94 135
499 275
11 81
105 167
237 228
256 244
312 368
1 355
59 253
123 249
14 279
462 373
70 311
262 314
306 308
13 71
498 26
169 306
454 405
372 32
386 3
399 423
6 35
110 179
298 373
77 198
411 5
329 44
159 166
492 289
352 288
318 19
331 91
41 465
438 275
497 286
276 384
381 465
143 492
319 398
330 48
146 252
145 185
116 314
292 384
229 211
201 15
468 351
307 253
333 193
486 492
70 77
79 64
383 484
58 402
5 287
388 99
452 243
398 85
259 364
208 463
371 368
357 374
78 378
264 94
227 21
340 61
77 340
263 51
323 158
73 168
17 259
189 296
303 77
8 97
432 108
145 43
95 496
298 114
303 100
437 433
124 381
278 200
151 383
78 198
129 54
437 121
460 80
103 94
265 110
91 486
135 305
37 210
107 110
456 11
235 333
255 161
294 367
53 105
404 328
78 389
137 171
420 493
375 259
318 323
235 340
453 98
209 58
129 479
491 494
288 87
418 438
337 486
18 92
479 100
393 287
350 262
219 367
307 15
432 359
46 2
345 240
489 460
145 352
434 469
29 460
195 92
20 270
243 354
403 483
198 312
452 365
169 328
438 261
97 124
118 178
487 44
94 222
193 152
53 216
31 478
87 167
218 265
388 37
353 407
488 361
349 278
309 77
346 70
68 51
273 236
216 87
172 10
467 189
488 274
123 2
221 468
60 281
233 389
119 483
229 407
220 375
48 276
456 481
55 189
246 378
409 324
212 463
168 469
391 447
158 66
436 417
449 416
246 122
460 85
459 418
107 466
271 2
218 242
452 353
316 113
370 405
18 197
369 301
298 147
302 58
341 417
253 324
298 47
489 106
244 465
347 61
59 222
61 147
483 412
430 388
92 209
387 442
388 107
80 56
57 360
247 57
140 294
147 418
347 254
227 36
17 334
166 83
340 11
357 155
129 262
181 269
203 459
125 193
102 343
471 6
302 485
136 6
295 494
345 362
179 347
296 70
430 246
364 311
200 265
237 327
423 103
162 223
153 275
64 484
86 151
471 301
95 160
452 464
34 5
313 53
142 150
30 32
430 84
6 14
309 305
405 289
413 208
369 71
95 190
52 331
497 298
214 365
24 201
368 372
225 421
423 4
409 164
422 12
68 337
34 96
259 386
205 100
83 120
67 206
282 470
457 27
39 420
297 32
312 107
335 3
202 32
147 184
303 6
491 121
463 83
129 480
139 236
47 416
494 209
432 105
20 232
249 5
102 45
276 466
464 182
370 178
188 326
418 421
476 10
44 342
285 61
312 384
330 429
164 52
462 28
104 260
240 237
385 490
185 279
413 108
32 214
123 0
376 259
96 149
220 406
382 140
345 493
232 226
149 263
328 471
274 212
232 5
488 46
390 421
465 339
414 177
139 85
81 334
474 345
370 27
192 281
50 69
127 446
459 99
18 431
253 242
203 352
132 381
267 408
21 249
255 75
75 343
310 438
296 466
233 395
493 131
146 285
334 185
271 60
477 250
499 43
40 176
427 294
374 54
251 128
415 322
434 225
277 104
68 238
233 372
2 417
399 243
52 465
310 3
257 438
463 369
131 382
3 401
316 418
293 393
270 154
117 157
307 80
86 436
280 480
433 461
412 166
228 90
388 459
458 378
397 374
330 29
137 84
10 244
396 264
448 69
270 122
231 184
458 316
133 342
315 164
412 220
349 205
431 9
129 133
296 411
201 179
142 13
287 3
391 278
350 184
315 149
131 225
499 36
11 44
440 345
78 26
447 299
227 16
74 178
171 383
75 464
427 433
178 322
19 476
351 309
149 252
165 29
229 418
394 343
115 140
348 483
484 16
383 392
468 105
168 199
423 420
171 244
468 462
228 117
425 6
63 423
434 62
410 276
47 73
92 488
323 459
297 10
243 377
47 107
142 116
196 166
483 445
78 136
70 381
59 70
255 299
93 236
298 70
224 1
128 135
80 117
469 431
147 150
14 189
362 190
182 285
487 486
276 385
322 274
334 270
167 230
196 220
198 228
252 217
137 231
323 426
173 147
34 6
38 195
141 66
303 417
163 223
111 456
70 408
330 81
253 291
207 193
409 292
122 474
335 158
492 401
374 6
349 305
39 167
114 304
465 391
396 63
348 418
107 405
96 378
45 375
271 217
194 454
47 204
302 51
99 290
139 148
241 99
274 394
417 233
266 340
490 174
240 226
1 484
294 185
57 358
280 478
338 83
248 393
375 432
327 112
102 491
348 491
121 339
176 159
15 88
31 304
303 381
228 125
454 1
370 171
411 337
285 336
234 450
483 247
140 244
91 135
107 376
237 14
443 441
265 120
164 279
236 104
162 289
132 35
319 25
85 206
96 242
71 322
62 227
11 328
367 282
251 192
215 391
387 290
399 219
498 322
407 356
452 336
94 234
296 221
22 478
44 49
297 207
183 268
120 397
197 382
284 250
94 269
52 15
337 190
455 231
123 458
4 244
348 165
428 92
111 17
407 421
171 23
207 479
101 141
414 30
264 87
11 385
447 358
242 22
34 470
47 99
348 69
18 379
107 341
412 175
116 36
350 393
165 467
83 359
467 177
170 396
190 415
125 222
103 38
153 405
325 307
56 114
199 207
465 117
65 294
407 180
303 205
459 80
41 365
236 158
412 382
300 248
246 318
237 72
240 286
257 409
54 448
349 462
39 314
340 29
79 34
284 232
149 239
11 83
3 467
358 11
366 153
278 140
497 287
175 356
231 393
223 164
289 434
237 259
249 305
100 220
209 335
455 416
156 386
245 25
435 48
417 282
464 357
28 201
168 27
119 189
303 311
168 112
318 195
359 351
450 59
446 178
456 49
412 81
414 343
116 360
157 148
279 193
311 406
31 332
417 314
289 435
376 447
84 327
171 442
385 205
397 13
322 252
229 400
293 128
155 445
481 146
56 410
302 414
201 76
40 412
486 377
223 402
96 178
457 135
109 268
402 436
69 238
126 148
296 112
248 382
6 173
318 44
218 479
166 407
134 282
390 300
248 167
91 443
485 290
140 88
2 97
211 280
56 197
74 344
335 67
388 10
205 13
363 186
2 162
480 397
363 431
325 354
182 190
265 276
127 438
290 458
164 22
295 192
243 153
138 365
270 301
465 63
408 459
24 308
154 12
409 127
451 156
461 478
286 451
414 375
93 115
440 379
94 350
127 129
450 420
175 259
325 449
98 96
476 245
233 35
43 47
270 16
290 364
479 391
403 165
177 313
138 429
482 496
123 402
247 346
183 463
100 167
447 131
51 305
403 217
35 136
414 245
95 444
405 285
268 200
24 450
107 5
288 309
30 249
447 184
362 390
128 381
115 122
391 470
226 325
127 459
440 457
487 387
35 76
241 7
190 65
291 274
306 167
284 183
55 249
466 343
186 262
393 14
416 192
252 414
492 280
82 98
354 213
450 187
456 465
433 75
331 135
100 242
356 34
489 146
205 105
164 395
391 332
120 51
149 257
192 306
161 400
425 276
206 108
118 193
246 55
95 186
30 319
241 147
240 165
443 262
128 296
46 463
466 292
115 86
276 60
273 352
398 400
254 235
221 407
394 242
254 410
456 6
28 164
92 397
238 392
257 368
407 64
19 87
160 193
43 90
188 29
87 90
498 248
308 185
460 402
199 409
254 486
49 89
325 493
34 290
39 312
200 375
84 23
233 354
102 447
77 126
183 82
63 319
164 36
279 124
320 89
105 442
126 2
89 217
170 474
412 84
277 129
374 426
180 475
411 171
316 313
397 432
125 105
297 379
125 68
449 232
279 96
166 343
296 349
96 401
223 359
151 15
306 390
259 106
34 87
340 244
241 28
165 409
124 169
487 369
262 470
186 0
470 138
53 366
473 392
282 339
448 339
294 28
488 161
432 160
401 151
25 251
356 163
413 354
449 35
496 421
176 171
240 282
349 161
365 269
323 287
441 241
428 90
385 255
242 208
375 50
156 304
364 295
167 175
90 65
225 460
397 353
37 203
102 295
186 180
247 147
220 58
400 424
269 270
179 80
256 274
79 286
369 65
283 428
125 428
460 307
56 50
242 238
470 62
352 29
106 401
222 469
451 241
376 164
349 150
494 191
265 105
227 188
485 32
20 62
35 158
131 55
481 22
384 440
425 319
20 119
373 418
111 59
7 22
261 365
176 487
223 275
411 398
377 271
141 151
150 207
252 259
86 101
226 307
259 170
282 352
224 422
84 274
199 43
12 299
407 460
391 441
210 423
369 423
350 447
341 400
395 386
297 22
236 193
270 158
391 265
281 10
36 252
332 238
294 88
309 325
356 117
489 264
385 342
316 214
474 87
482 247
352 283
76 119
261 39
333 464
63 119
358 289
6 192
259 125
314 444
345 211
105 138
424 262
314 391
189 477
140 487
366 45
172 318
440 388
279 125
71 148
78 210
277 347
402 99
149 405
10 89
373 216
238 395
259 316
382 403
475 1
113 370
439 429
22 0
116 139
283 181
367 335
310 250
224 107
202 348
440 340
416 133
107 272
246 133
279 118
324 446
206 373
435 8
151 137
278 481
368 349
58 216
461 366
215 77
67 132
487 293
277 266
20 246
246 412
133 162
384 275
121 241
289 383
76 336
416 73
42 76
495 119
14 272
109 237
276 236
60 156
291 270
375 257
409 374
173 184
322 109
348 427
273 74
176 385
389 98
419 277
72 284
117 318
372 40
153 470
344 227
38 7
291 453
53 460
145 206
470 117
404 460
86 464
298 135
374 353
478 463
165 146
292 446
200 205
291 209
148 459
433 375
450 227
183 382
144 154
249 482
254 60
435 169
225 329
434 2
325 359
371 14
212 371
471 32
425 230
26 460
144 300
58 80
292 36
442 341
100 202
18 408
167 19
223 18
261 71
64 195
461 43
494 489
362 279
400 208
346 295
139 243
207 345
139 369
118 486
24 203
308 131
25 142
175 115
264 480
13 250
304 446
335 12
425 416
428 3
123 311
138 200
404 361
165 18
455 358
8 393
351 284
322 373
21 235
479 276
141 15
242 412
29 210
204 38
391 226
59 134
114 214
359 340
120 39
312 403
152 411
490 24
363 42
102 93
210 426
475 39
2 275
229 329
157 269
25 75
306 353
340 327
368 222
382 225
234 473
470 370
126 265
452 174
294 80
282 112
219 422
427 220
186 448
280 257
53 392
474 402
427 228
220 219
418 412
313 212
481 110
482 362
366 235
394 336
4 48
24 476
308 153
112 337
56 31
487 286
222 81
196 383
382 432
382 351
169 94
134 137
184 336
198 96
7 207
307 324
55 396
22 180
227 271
31 190
426 361
443 494
248 313
152 276
265 258
496 205
192 417
98 435
20 148
278 484
72 172
248 310
163 110
336 151
71 104
489 71
303 493
45 391
274 423
244 230
430 183
470 447
388 213
325 36
115 79
157 217
130 350
349 483
105 184
146 148
126 275
429 358
158 417
466 386
267 104
258 394
64 416
128 394
422 165
331 85
329 196
385 322
176 289
109 3
274 5
255 185
176 112
323 252
145 64
273 50
29 308
259 336
312 433
197 52
269 15
170 59
274 388
182 273
170 128
234 207
471 408
272 91
235 442
445 277
308 288
335 16
76 17
364 499
214 221
117 201
118 121
357 39
240 321
469 423
173 90
56 182
66 127
198 210
453 374
273 214
170 403
357 1
302 279
231 105
485 307
146 239
270 367
196 132
370 130
310 15
341 445
431 486
471 194
68 471
80 202
291 432
263 396
315 115
250 488
385 406
145 160
160 457
110 102
67 90
158 15
442 119
251 54
118 376
34 100
248 325
309 421
484 495
451 233
55 216
7 225
216 70
141 493
318 10
103 183
144 444
401 136
492 37
181 433
409 96
27 91
373 306
468 493
459 295
225 0
237 472
105 402
178 95
412 19
276 458
77 36
17 423
278 401
261 338
384 160
313 279
433 0
390 356
332 244
90 145
110 309
401 149
302 36
58 321
93 309
10 279
283 334
198 349
395 161
248 25
471 393
276 62
115 385
421 209
282 426
419 434
11 359
138 404
299 216
172 153
43 41
353 290
17 337
78 267
389 264
398 364
458 445
77 2
124 227
381 64
249 273
365 245
339 14
313 400
346 5
480 68
226 312
350 244
126 187
494 213
268 321
39 323
293 402
323 465
199 425
52 79
137 367
208 451
186 138
399 234
68 91
312 303
143 476
252 132
352 11
71 87
386 369
459 91
13 343
132 182
45213 665 -1 4665 57040 20175 -1 -1 -1 55255 -1 -1 -1 -1 -1 -1 -1 -1 -1 -1 -1 -1 -1 -1 36519 -1 21022 -1 -1 -1 -1 48613 -1 -1 -1 9198 -1 -1 -1 -1 -1 29008 -1 -1 -1 -1 17571 -1 -1 -1 28412 -1 -1 -1 -1 -1 -1 -1 -1 -1 3294 -1 -1 -1 -1 -1 -1 -1 -1 -1 46062 -1 -1 -1 57049 -1 -1 -1 -1 31649 -1 -1 49679 -1 -1 -1 34173 -1 -1 -1 -1 -1 -1 -1 -1 -1 55099 -1 44841 -1 37302 -1 -1 -1 -1 -1 -1 -1 -1 -1 -1 -1 -1 -1 -1 -1 -1 -1 -1 -1 -1 -1 60942 9895 -1 -1 47881 -1 -1 -1 -1 -1 -1 -1 -1 -1 -1 -1 -1 44035 -1 -1 -1 -1 -1 -1 -1 -1 -1 -1 -1 -1 -1 -1 52569 -1 118 64140 -1 -1 42574 42442 59586 -1 -1 -1 -1 -1 -1 -1 -1 -1 20840 -1 -1 -1 -1 -1 -1 -1 -1 42489 -1 -1 -1 -1 -1 54236 -1 -1 -1 -1 -1 -1 -1 -1 -1 -1 15749 -1 -1 -1 -1 23638 -1 -1 -1 -1 -1 -1 -1 -1 -1 47176 46828 21297 -1 -1 -1 -1 -1 -1 18237 -1 -1 -1 -1 33265 8547 -1 -1 -1 5462 -1 -1 -1 -1 -1 55230 -1 -1 -1 -1 20141 -1 45655 -1 -1 -1 23309 -1 8340 61466 62809 -1 28760 -1 -1 -1 -1 -1 -1 52860 -1 27970 -1 -1 -1 -1 -1 -1 -1 -1 -1 60840 -1 -1 -1 -1 -1 48024 26302 -1 -1 -1 -1 62481 65365 -1 -1 44537 -1 -1 -1 -1 -1 -1 -1 -1 -1 -1 -1 -1 -1 33591 -1 -1 -1 28423 -1 -1 23120 -1 -1 -1 -1 -1 -1 -1 -1 -1 43310 -1 -1 51361 -1 -1 -1 -1 -1 -1 -1 -1 -1 19600 -1 -1 -1 -1 9782 -1 -1 -1 10520 -1 -1 -1 -1 -1 -1 -1 58724 -1 -1 36214 -1 -1 -1 385 32678 29726 35357 -1 21260 -1 -1 -1 -1 -1 -1 -1 -1 -1 25296 -1 23013 -1 28411 -1 -1 -1 -1 -1 9795 34642 47680 -1 -1 -1 -1 -1 -1 -1 -1 -1 -1 -1 -1 -1 -1 -1 -1 -1 -1 -1 4303 -1 -1 -1 -1 -1 -1 -1 -1 59658 -1 -1 -1 -1 -1 -1 -1 -1 -1 932 -1 -1 -1 -1 -1 -1 20662 -1 29617 -1 -1 -1 -1 2486 -1 -1 -1 -1 -1 -1 38289 -1 -1 -1 -1 -1 -1 -1 -1 29466 -1 -1 26422 -1 -1 -1 -1 -1 -1 -1 -1 -1 -1 -1 -1 -1 -1 -1 -1 -1 -1 -1 -1 29525 -1 -1 -1 -1 -1 -1 -1 -1 13144 -1 -1 -1 -1 -1 -1 -1 -1 -1 -1 -1 52339
6
0 63 1 404 1
1 281 10 169 0
1 301 6 477 13
1 49 3 277 2
1 23 4 484 2
1 174 7 482 12
