500 2000
408 460
289 327
231 276
338 27
254 25
239 45
261 184
273 144
414 57
185 385
156 489
170 177
355 205
241 251
109 417
183 17
144 490
271 268
276 45
194 103
288 481
133 336
324 220
238 247
26 266
384 169
140 159
464 88
355 63
392 182
149 71
18 351
495 278
454 356
132 481
386 52
46 307
84 364
374 81
403 87
400 469
225 133
195 141
412 14
73 273
269 410
323 248
319 70
377 91
124 209
25 171
399 346
170 335
201 142
319 308
231 243
181 277
459 202
226 49
53 84
52 156
264 463
396 336
255 226
275 75
283 374
134 97
27 434
44 110
88 124
184 150
115 464
100 18
285 389
47 242
200 31
86 486
409 257
288 422
0 294
314 173
365 310
10 235
427 209
467 337
58 72
44 294
417 264
24 371
77 415
160 119
39 15
44 173
252 378
8 250
145 43
92 186
71 315
198 107
16 186
168 167
269 458
150 480
399 131
270 118
81 292
395 280
290 149
21 256
169 494
28 334
212 195
390 116
348 270
60 110
325 123
321 244
431 302
42 154
414 90
440 268
181 246
60 210
196 60
233 266
492 302
243 15
272 121
406 135
434 427
10 439
295 352
139 21
208 333
274 365
6 405
470 55
2 362
140 79
371 251
243 205
440 334
218 132
386 467
25 38
396 409
56 106
444 401
287 68
455 292
493 347
369 376
144 277
439 369
255 259
108 468
489 301
174 315
452 45
388 20
461 420
214 182
246 337
170 314
410 142
27 180
469 31
394 437
177 156
276 286
13 4
232 154
93 135
235 177
459 383
21 384
491 257
211 62
5 138
282 322
238 107
443 316
9 161
439 51
320 233
199 430
391 431
56 373
74 459
220 419
133 396
137 41
134 446
224 425
201 207
69 209
427 401
373 483
263 10
441 486
32 443
292 386
174 86
177 27
102 272
223 493
375 367
208 340
79 59
97 379
218 498
340 278
493 90
491 490
462 45
340 487
178 330
9 218
261 97
420 481
294 32
475 424
469 161
15 281
63 16
124 335
380 404
286 93
86 301
446 122
392 242
256 440
228 55
217 433
215 214
297 119
304 243
375 211
139 269
148 329
424 264
70 365
444 374
393 320
452 487
129 150
410 132
122 412
263 448
213 344
162 356
481 283
248 179
8 261
75 467
116 466
368 413
486 24
96 497
450 55
98 138
43 128
493 22
20 133
204 118
199 359
309 254
287 297
72 416
116 138
36 242
305 474
59 223
422 15
432 352
455 309
300 206
449 169
226 96
97 493
206 358
181 268
91 206
186 387
210 351
476 333
66 407
266 274
145 171
326 84
23 296
240 383
160 182
42 285
146 409
465 135
85 344
378 138
172 153
17 228
231 61
148 189
356 113
307 313
197 270
148 87
132 290
282 184
131 393
239 382
415 36
126 479
72 261
419 78
119 460
359 200
462 378
235 151
152 198
95 450
256 441
440 236
265 146
481 151
450 158
65 391
267 339
219 273
210 68
466 442
57 416
86 236
168 309
223 384
317 455
392 176
71 448
23 454
394 199
209 440
466 214
184 293
106 389
223 232
177 404
85 367
126 272
456 39
391 450
305 27
127 394
222 0
423 15
270 23
265 127
105 97
31 240
418 362
298 283
270 462
409 133
99 145
326 124
135 114
397 243
297 245
162 468
448 170
214 292
312 476
138 40
142 146
349 164
441 253
278 215
17 465
171 341
235 70
101 131
489 448
7 78
403 27
390 316
340 355
9 275
296 4
467 265
13 262
116 262
360 24
61 247
87 79
118 295
308 296
203 377
413 30
228 456
289 474
39 377
33 453
242 123
452 144
71 70
367 60
435 331
417 123
170 413
395 89
195 364
496 64
21 345
181 270
140 89
467 31
91 41
455 484
6 378
102 137
81 435
197 248
78 366
120 333
271 72
264 481
151 83
214 184
228 346
23 470
435 139
394 216
113 263
272 105
389 102
117 140
428 448
321 217
321 209
381 33
108 287
244 253
264 66
300 473
228 173
16 36
264 256
412 297
459 334
483 217
238 349
81 382
368 116
18 474
159 429
213 481
173 430
156 60
370 227
454 18
49 382
21 272
350 392
70 260
271 442
205 55
148 223
67 170
194 15
283 155
300 244
408 198
397 162
9 114
55 429
125 161
274 239
85 244
243 115
401 336
40 325
449 51
402 340
338 186
113 112
476 279
52 101
205 128
429 360
227 452
239 117
335 421
492 422
294 87
51 114
379 432
251 352
2 428
424 187
10 380
452 450
473 160
265 359
413 59
192 209
101 415
70 27
0 267
35 283
326 490
247 221
266 313
25 145
324 392
234 228
276 155
99 335
393 176
316 445
402 263
21 390
301 468
237 266
66 350
425 490
212 283
498 35
211 472
256 410
225 157
400 352
375 488
159 367
366 494
152 443
404 300
222 275
405 265
490 100
288 92
102 161
391 18
156 212
340 146
393 487
437 104
70 477
47 39
391 468
177 415
356 456
271 449
470 250
139 68
145 301
441 325
286 456
168 360
406 418
396 203
272 71
313 235
133 54
372 438
110 253
152 323
391 28
477 354
51 165
95 150
428 158
311 85
312 55
370 345
367 93
310 100
42 237
76 104
210 441
121 144
107 202
51 389
384 381
421 155
71 185
361 462
402 354
77 396
80 340
196 152
360 338
282 34
234 139
366 197
411 100
197 251
260 180
412 245
129 413
195 291
199 169
166 460
90 85
69 112
224 428
42 304
1 494
206 30
447 144
215 199
15 151
288 390
297 35
343 69
346 21
380 326
427 41
468 124
465 144
240 393
453 492
406 266
104 75
359 393
420 26
466 380
282 157
61 196
178 212
393 390
85 394
98 7
80 70
200 288
410 178
461 417
368 1
196 442
295 254
465 380
277 382
0 200
67 420
259 384
415 175
241 293
242 112
141 90
212 441
245 57
320 106
62 184
464 364
90 342
199 10
290 476
147 390
388 62
144 93
311 123
496 423
106 337
471 119
308 268
263 114
94 204
168 295
182 419
21 314
188 352
360 421
344 248
179 371
94 186
445 98
160 75
473 138
173 403
436 178
416 75
226 366
41 120
83 413
126 330
205 319
334 391
483 400
264 102
408 346
131 240
457 187
201 408
19 379
122 84
291 397
373 352
180 222
227 86
109 212
178 121
91 13
491 442
409 425
470 332
322 427
464 360
344 302
13 235
170 279
424 459
200 290
247 499
490 437
185 192
224 100
455 259
163 420
132 40
131 474
464 261
171 447
102 46
20 432
486 308
314 62
57 347
418 380
394 320
64 207
227 443
252 164
97 431
417 468
474 458
396 137
206 480
26 77
188 492
440 286
307 204
198 281
81 143
93 334
149 417
218 459
253 262
434 266
486 351
47 430
199 69
179 178
491 196
165 106
201 486
349 445
376 364
160 169
185 473
93 294
416 307
280 264
272 481
161 128
495 175
168 191
455 81
200 269
128 343
189 378
454 122
185 323
279 95
192 373
452 419
22 427
39 59
192 136
367 300
84 441
359 39
283 9
61 341
281 391
226 294
13 209
304 390
93 15
162 349
423 213
499 223
138 60
175 468
252 331
211 261
116 35
434 406
140 303
213 383
321 446
243 183
254 288
380 264
113 333
38 233
236 275
323 267
432 225
327 316
87 314
332 253
266 206
403 98
111 275
151 108
164 421
298 9
281 190
127 305
309 5
357 466
104 201
358 62
437 248
64 312
178 7
24 235
131 190
432 471
26 210
176 312
348 189
135 431
215 15
122 257
481 328
64 154
29 401
235 129
177 339
207 182
411 471
414 3
8 103
164 447
271 264
226 162
135 12
496 18
61 423
277 254
218 49
68 332
270 277
285 355
424 414
377 393
437 158
213 436
367 264
293 385
372 425
222 240
156 137
261 476
80 288
355 98
470 294
235 242
386 438
38 288
379 297
367 465
303 147
412 85
460 366
193 201
489 72
467 491
28 257
416 385
28 379
179 292
301 208
153 191
408 31
347 439
406 350
238 480
250 212
321 213
461 413
53 79
111 10
423 296
447 95
231 246
18 121
164 268
22 455
45 131
465 150
234 12
323 447
139 473
103 249
254 358
373 252
372 30
172 200
75 340
358 217
204 184
10 36
455 307
302 222
415 450
30 469
185 198
129 446
246 343
335 164
19 141
31 60
361 201
224 414
12 31
404 383
176 106
141 394
439 470
279 79
363 19
234 16
353 377
145 58
206 28
380 23
380 369
54 344
87 450
483 22
415 364
266 177
180 140
142 124
150 474
88 149
195 478
388 336
315 357
477 38
483 472
321 128
267 129
386 241
432 158
226 454
286 70
0 234
163 328
348 343
338 381
326 0
371 17
249 19
261 291
462 466
11 324
371 219
51 76
339 262
399 197
134 403
86 312
204 272
372 106
215 348
444 425
414 242
483 383
485 96
34 472
451 111
279 461
58 305
410 109
45 104
412 415
70 495
487 74
497 450
376 404
3 390
259 448
95 110
30 71
249 233
470 259
62 194
108 410
234 59
406 371
423 33
92 294
496 261
478 251
89 210
29 7
419 480
487 95
182 410
129 336
331 484
26 82
169 375
255 140
262 137
480 453
318 246
166 296
393 232
359 311
155 268
436 341
302 450
473 385
464 453
314 153
330 389
354 107
297 407
171 281
149 426
126 354
326 332
435 59
323 132
455 121
63 463
234 109
450 441
213 290
316 461
159 13
154 216
126 291
182 397
494 408
481 404
362 136
297 232
439 450
96 394
11 392
494 251
186 136
339 32
486 265
385 33
9 45
208 376
386 122
246 10
469 355
13 24
387 7
418 460
55 200
247 432
472 424
393 372
305 408
410 433
478 373
284 387
242 87
63 180
96 321
481 163
473 231
68 442
406 52
378 464
158 99
110 34
484 389
57 78
493 190
231 407
229 117
218 387
67 51
477 143
307 306
101 389
23 202
9 466
297 429
422 157
251 153
92 142
282 114
288 219
59 356
4 276
365 300
7 235
441 118
439 76
370 215
117 233
184 100
44 106
237 323
263 350
134 238
15 89
360 157
1 164
159 398
99 5
442 441
355 367
324 5
115 499
68 317
481 280
395 98
353 459
353 6
12 15
238 230
88 355
374 47
53 474
129 421
137 226
16 366
430 16
306 236
306 194
382 324
0 47
93 24
119 379
105 35
174 389
348 200
377 422
170 140
51 127
308 29
448 52
54 132
398 266
323 243
448 261
199 248
105 221
248 186
260 355
396 125
101 199
247 345
359 74
203 472
254 61
306 38
82 349
387 133
0 96
216 491
42 269
478 31
474 395
360 245
254 499
335 222
95 297
125 491
347 109
147 410
345 85
166 329
460 410
483 264
270 402
51 227
202 86
304 83
0 417
302 128
473 368
416 409
207 493
263 264
391 60
34 284
473 252
330 266
84 354
482 429
266 454
437 252
235 485
149 475
243 164
434 341
400 364
342 338
128 173
37 29
103 124
198 474
292 464
356 170
473 461
71 203
325 249
6 418
168 23
94 448
230 407
290 396
336 466
117 328
420 210
71 202
200 472
99 89
111 68
97 497
82 151
35 414
124 272
170 332
195 487
169 378
351 238
380 3
407 82
473 284
371 469
247 108
388 259
5 304
105 182
347 7
366 334
225 49
249 64
471 345
28 58
340 7
467 406
96 403
413 387
111 135
240 251
31 114
83 116
221 335
237 186
276 251
309 487
267 139
62 145
222 169
98 135
48 229
292 176
148 455
315 257
329 165
386 7
400 0
86 107
301 84
417 404
471 210
494 418
215 111
244 213
328 462
363 496
171 418
219 271
413 14
376 469
314 288
299 189
321 104
279 1
72 210
349 332
392 330
203 493
263 337
460 87
398 14
238 487
396 96
47 153
439 415
109 188
18 135
347 402
259 278
456 93
316 366
238 128
215 134
135 480
485 406
88 174
143 63
266 110
275 294
182 142
232 138
74 31
295 58
227 412
491 344
6 168
2 410
253 384
407 114
7 109
381 343
469 379
480 162
269 204
57 297
302 351
271 117
351 344
336 446
31 426
335 226
369 497
41 456
216 239
126 185
320 391
451 351
69 284
462 395
72 323
255 218
345 271
370 467
175 244
141 91
357 110
353 215
60 72
246 402
144 256
499 350
69 395
226 4
122 48
262 407
387 366
62 448
385 256
112 423
158 178
413 363
5 367
75 235
116 441
294 346
465 162
357 481
366 171
476 304
36 93
318 103
210 116
351 62
48 31
26 367
360 453
254 382
446 120
13 376
205 180
143 15
242 372
491 385
393 203
317 21
441 478
322 154
164 217
290 487
1 303
24 46
269 251
405 349
473 206
143 171
241 422
202 206
141 134
311 117
289 212
302 407
337 55
229 331
287 142
138 182
358 175
406 294
214 303
285 226
401 492
488 390
92 417
228 172
10 137
227 402
450 373
395 373
251 167
293 121
434 334
314 79
421 99
202 146
453 471
23 362
74 484
328 10
256 24
453 146
452 130
161 20
397 228
285 450
88 275
407 25
454 408
356 299
132 291
466 342
267 83
144 327
362 340
201 307
367 156
55 461
290 188
240 397
286 12
43 400
59 178
283 280
208 154
316 286
68 428
232 19
433 54
294 305
178 409
364 444
470 487
389 64
212 468
195 447
172 197
439 274
37 452
135 81
190 336
211 493
237 191
473 355
84 380
228 432
356 102
326 389
277 473
242 310
214 181
114 246
238 192
415 42
344 143
144 53
475 232
0 247
437 477
402 27
339 39
203 410
42 354
353 289
194 470
295 267
171 24
67 58
431 354
456 466
22 146
455 287
402 187
257 354
345 382
318 45
330 418
218 64
242 354
108 136
0 14
106 140
183 431
200 400
354 463
403 177
345 284
387 219
474 3
276 209
175 288
118 489
177 191
324 176
21 307
419 491
360 96
416 391
321 130
349 385
269 447
154 414
214 445
382 222
199 480
219 305
171 107
118 202
76 380
22 489
80 194
351 81
102 72
392 265
64 177
84 473
92 176
92 259
157 13
148 380
232 79
488 64
215 103
379 447
437 218
169 317
472 167
436 37
308 401
175 131
82 44
244 326
197 288
226 170
245 63
372 405
97 179
72 465
238 234
54 401
310 274
390 15
400 229
308 21
406 141
156 448
156 365
181 348
273 457
425 37
89 212
479 131
426 33
452 5
52 128
181 182
6 33
288 418
23 397
50 213
394 331
273 475
53 117
394 405
206 173
408 164
364 72
357 276
241 279
110 13
444 191
330 311
178 148
493 163
304 88
112 266
464 486
385 358
31 63
288 310
251 5
382 188
361 62
260 258
337 495
289 475
16 492
445 119
164 152
497 420
284 322
447 464
331 137
213 382
98 122
126 465
162 457
256 489
7 111
422 77
387 489
294 70
64 123
451 107
10 216
386 465
134 256
407 225
495 133
135 171
199 11
344 200
66 281
318 458
109 268
222 483
414 432
441 272
380 409
461 208
360 331
405 307
263 262
214 235
157 498
187 312
290 27
394 303
6 136
114 244
147 206
73 111
291 228
487 331
21 48
356 499
448 299
11 16
77 179
383 276
444 144
267 216
132 463
405 113
247 142
120 241
308 476
212 97
349 208
448 160
174 42
418 430
326 125
27 158
196 340
360 282
15 304
104 476
226 290
411 96
105 492
177 161
133 360
181 260
74 259
319 351
361 472
165 230
427 380
486 196
237 163
24 392
88 259
432 124
449 428
199 409
156 262
94 265
220 353
297 268
27 315
241 14
495 284
105 465
304 210
329 352
253 263
302 434
410 22
367 366
292 348
327 467
284 29
411 292
250 415
415 475
459 1
185 97
109 65
452 226
397 321
418 147
443 413
99 481
87 155
300 133
367 29
8 218
319 55
362 234
346 462
111 188
421 157
400 440
255 191
77 474
58 113
305 162
44 365
167 336
60 370
202 189
364 56
10 442
275 446
426 453
358 18
466 236
469 154
477 138
431 83
245 467
444 55
86 414
184 329
299 34
179 346
395 431
352 159
422 27
271 454
350 118
200 264
39 314
156 33
362 226
20 347
199 442
387 488
363 1
126 236
359 160
189 251
33 242
105 368
192 399
217 236
419 244
253 393
78 94
339 178
412 109
297 288
14 484
171 26
296 287
187 174
226 422
253 64
317 357
496 49
83 335
469 423
24 412
222 231
40 379
375 390
248 424
235 343
86 24
66 331
99 19
245 168
206 209
31 345
142 416
490 356
371 43
101 241
176 86
273 172
295 78
299 274
21 61
462 252
492 20
141 326
208 326
74 394
330 128
137 184
333 59
197 256
410 180
338 104
369 73
230 299
295 158
473 237
244 232
7 352
382 359
483 236
219 116
236 492
443 135
7 261
110 468
297 403
261 248
123 221
6 44
69 399
479 392
167 123
120 307
258 342
489 234
80 386
74 125
48 7
107 34
296 202
231 368
302 307
95 177
333 345
56 16
153 411
319 330
338 169
281 370
160 268
141 485
383 492
111 372
51 469
276 146
173 259
138 330
463 114
367 286
115 18
200 57
171 193
266 192
101 471
254 180
78 61
94 223
450 175
399 190
186 286
376 400
342 245
158 151
374 309
115 153
450 284
170 112
168 465
424 68
397 140
465 248
162 455
336 242
46 181
132 209
180 390
406 307
342 257
425 191
404 20
375 199
31 203
419 103
427 93
350 63
285 332
228 345
122 235
173 480
399 150
311 143
363 273
370 102
55 268
324 413
448 21
397 124
366 485
341 229
312 235
344 240
407 5
183 495
339 60
482 424
344 340
451 29
388 485
343 400
217 58
183 296
477 262
85 327
307 166
382 245
403 198
125 26
489 382
41 115
405 429
196 356
258 430
217 44
436 130
214 405
228 452
470 347
400 297
234 68
92 496
67 491
224 78
255 331
309 404
453 44
497 462
5 449
287 153
131 183
8 496
430 119
117 40
138 129
119 482
283 98
148 226
393 285
439 461
314 375
103 64
268 315
235 14
49 323
354 117
464 303
79 11
88 97
167 333
81 197
273 177
116 486
474 269
328 356
-1 -1 -1 -1 -1 -1 -1 46545 -1 -1 -1 -1 42816 -1 -1 -1 -1 -1 -1 -1 56026 -1 -1 -1 -1 -1 58528 -1 59934 -1 -1 35827 -1 -1 -1 -1 -1 -1 -1 -1 -1 -1 8175 -1 13273 -1 -1 -1 -1 35006 -1 -1 -1 30116 -1 -1 -1 20233 -1 34820 -1 -1 29004 -1 -1 42445 -1 -1 -1 53785 -1 13683 -1 -1 -1 -1 21491 10052 -1 -1 -1 -1 -1 -1 31597 -1 -1 -1 56834 -1 -1 -1 -1 -1 60291 -1 -1 23262 -1 -1 -1 -1 -1 41903 -1 -1 -1 -1 -1 -1 -1 -1 -1 -1 28401 40619 47121 -1 50446 14946 -1 -1 54741 -1 16804 -1 -1 -1 -1 -1 -1 -1 -1 -1 42297 3380 -1 62394 -1 -1 -1 35066 -1 52953 -1 -1 -1 -1 -1 -1 -1 -1 -1 46892 -1 -1 -1 -1 58279 -1 -1 57028 -1 -1 -1 -1 -1 -1 36875 -1 -1 -1 -1 -1 -1 -1 -1 -1 -1 -1 -1 38363 -1 -1 -1 -1 -1 31846 -1 37848 12535 -1 -1 -1 -1 -1 -1 58519 -1 -1 -1 -1 -1 10856 -1 -1 53810 -1 -1 -1 21615 -1 2184 -1 -1 -1 -1 -1 -1 -1 -1 -1 15547 -1 -1 -1 -1 -1 -1 16357 -1 -1 -1 -1 -1 -1 -1 -1 -1 -1 -1 -1 49535 -1 -1 -1 -1 -1 -1 -1 -1 -1 -1 -1 6886 -1 38088 -1 -1 -1 -1 -1 -1 -1 -1 -1 -1 -1 -1 -1 -1 34423 -1 -1 -1 -1 -1 42443 -1 56243 -1 -1 -1 -1 -1 -1 15003 2223 -1 -1 29711 -1 -1 -1 -1 -1 -1 59320 -1 -1 -1 -1 -1 -1 -1 -1 11860 -1 -1 62495 -1 -1 -1 -1 -1 -1 -1 29037 -1 -1 -1 -1 -1 -1 20059 -1 -1 -1 -1 6172 -1 27629 -1 -1 -1 -1 -1 -1 19596 -1 -1 -1 -1 -1 -1 -1 -1 -1 -1 -1 -1 -1 -1 -1 -1 -1 -1 -1 -1 -1 -1 -1 -1 -1 -1 -1 -1 -1 -1 -1 -1 -1 -1 57963 -1 -1 41160 -1 -1 -1 -1 -1 -1 -1 -1 -1 -1 -1 13799 -1 -1 -1 -1 -1 53537 -1 -1 -1 -1 58394 -1 -1 -1 -1 -1 -1 -1 26524 -1 -1 20632 -1 -1 -1 -1 12959 -1 -1 -1 -1 -1 -1 60747 19123 -1 -1 -1 -1 -1 -1 25200 -1 -1 -1 42528 -1 -1 -1 53416 -1 -1 30231 -1 -1 33831 -1 -1 -1 -1 -1 32238 -1 -1 -1 -1 -1 -1 -1 -1 -1 -1 -1 41819 -1 -1 56300 -1 -1 -1 -1 -1 -1 -1 -1 51749 -1 50906 -1 -1 -1 -1 -1 26217 65476 -1 37402 -1 -1 42672 -1 -1 -1 -1 -1 -1 -1 -1 -1 -1 -1
10
0 432 5 272 13
1 453 5 11 8
1 425 7 343 10
0 107 13 383 0
1 470 15 207 7
0 385 2 413 13
1 224 4 360 0
0 139 8 51 0
1 65 10 108 7
1 15 15 331 11
