50 100
99 2 8634693 24 6759 35105893 47605086 6 2512266 74343 17049 90757988 88067 100 543032013 583567685 351 32380107 580806471 92957221 982 8743 7 2010 81572 89333 9007898 9 4618640 272314643 433 58940082 6628670 5 5638 3524428 5043 1537 601204 2738309 5740 23 1809 18670054 3902 548237719 37895 180551811 14459 12345
13 43
42 32
43 23
16 30
36 47
22 18
22 7
22 36
16 44
40 18
26 39
46 31
2 16
23 5
38 16
47 3
16 49
30 27
22 25
4 38
14 45
43 16
9 5
38 21
48 7
40 41
26 20
30 43
23 41
47 35
1 44
47 49
17 33
22 8
10 31
18 13
48 47
25 18
45 26
43 33
28 21
50 28
43 21
31 44
28 43
38 50
47 1
41 44
19 16
45 32
11 37
34 23
1 8
50 13
45 37
38 5
21 17
26 16
30 24
17 35
6 29
3 2
11 36
1 3
33 11
4 41
41 10
38 41
10 13
39 28
25 26
29 24
6 22
26 49
33 25
13 6
38 23
24 34
20 50
24 20
6 9
43 46
20 34
36 49
30 28
37 4
44 27
8 35
35 41
19 25
12 25
19 48
17 28
23 47
16 8
45 31
45 44
8 5
8 26
34 46
100
1 76
2 69 75
2 18 83
1 1
3 60 77 95
1 1
1 43
1 1
1 16
1 1
1 1
1 98
1 48
1 1
1 100
1 29
1 1
2 39 79
2 23 51
1 21
4 12 62 78 93
2 4 86
2 36 55
1 80
3 32 50 92
1 6
1 1
1 1
1 8
1 58
2 35 61
1 1
1 49
2 13 82
2 42 47
1 1
1 41
1 1
1 46
2 2 63
1 1
3 33 67 88
1 1
3 14 28 64
1 27
1 30
1 1
2 73 84
1 1
1 1
1 1
1 53
1 56
1 44
2 17 91
1 22
1 1
2 40 70
2 20 90
1 57
1 87
1 1
2 10 15
1 1
1 1
1 7
1 72
1 54
1 66
2 1 45
2 9 71
1 1
1 1
1 1
1 1
1 1
2 34 65
1 3
1 31
1 74
1 99
1 81
1 1
2 5 89
1 37
3 25 85 96
1 59
1 1
1 1
1 97
1 1
3 24 26 38
1 1
1 1
2 68 94
1 19
1 1
1 1
2 11 52
1 1
