50 100
12432906 956763 84 19196 467 22896991 3 939701804 22 498440 38303 3 325100 3611883 2 752236 22 143676 527129236 491207 330 17 8228 273889 663982 17707243 47 71526 8891 4 77898791 39288991 3183697 97298164 97 96 8784237 72385 685 10 36 105465 9 171 707 73836280 840 6946 2127973 37183
31 47
37 17
46 43
2 6
15 33
34 13
22 43
4 49
30 14
10 18
8 44
20 44
17 13
45 40
41 12
44 25
35 29
17 39
14 15
45 3
16 38
29 20
20 24
41 40
44 5
10 35
3 38
1 41
34 11
31 48
14 28
33 45
33 25
28 21
24 36
25 33
42 41
13 40
15 42
15 3
6 47
16 39
3 41
13 45
34 20
18 31
35 22
28 31
37 46
22 2
32 28
27 8
46 39
16 28
17 8
39 21
24 17
35 27
29 43
44 36
22 8
5 10
15 45
5 10
46 32
42 50
8 12
16 47
39 48
3 27
4 32
42 49
3 18
9 23
18 16
26 27
12 42
43 41
11 37
23 12
28 30
29 41
28 12
35 45
23 49
3 27
18 10
6 4
22 16
43 2
1 2
49 46
30 10
41 7
29 39
23 4
30 15
49 14
16 3
24 11
100
2 84 96
2 66 77
1 94
1 1
2 41 50
1 52
1 1
1 1
1 39
1 1
1 70
1 1
2 49 59
1 1
1 19
1 65
1 13
1 1
1 30
1 1
1 27
2 58 79
2 35 68
2 4 25
1 17
2 45 69
1 73
1 46
2 14 85
1 1
1 1
1 64
1 62
2 57 76
1 1
1 6
2 7 26
3 2 81 92
1 31
1 1
3 22 78 100
2 24 82
1 21
1 99
2 54 55
2 36 48
1 71
2 60 63
1 75
1 5
1 1
2 16 83
1 10
1 1
1 1
1 1
3 8 11 47
1 1
1 1
3 1 12 56
1 88
1 90
1 67
3 15 29 42
1 53
1 1
2 20 89
1 1
1 80
2 34 51
1 32
1 1
1 1
1 74
2 9 86
1 1
1 93
1 43
1 1
1 1
1 1
1 1
3 18 44 91
1 1
1 1
1 1
1 61
1 1
1 87
1 1
2 23 38
2 33 97
2 37 72
1 1
1 95
1 1
1 1
1 98
1 3
2 28 40
