50 100
38 85 89 536 65652 522 959 6982 88900097 76 8 82 1394 77043730 210038162 6553426 1 440 46213 3012 656623157 7079790 9486 12 3555 222 45 752460 872684 937 174466 934407 545532244 965845 5 2577 342000 248 87732274 916123608 62 21816305 55587 336166 3228 7 6 4833193 8013 154415
40 27
16 17
25 3
25 42
2 27
8 39
33 10
41 36
10 29
48 16
22 50
12 3
3 41
15 39
32 24
2 10
47 5
12 26
5 37
12 38
8 14
38 34
37 13
20 46
50 47
6 2
48 24
14 46
36 40
24 43
42 49
5 23
35 3
48 49
38 6
36 35
16 49
37 32
25 6
35 32
32 33
27 37
10 16
33 29
14 33
3 5
13 32
11 10
42 29
9 3
38 26
37 35
36 27
39 31
46 2
12 33
41 24
9 8
6 13
19 30
32 15
21 6
39 10
14 10
47 41
48 43
17 21
14 29
33 48
26 6
13 30
12 6
11 17
4 50
44 19
41 23
4 11
28 15
42 5
35 21
15 25
29 34
3 18
20 50
24 50
26 5
10 29
37 46
11 18
13 2
4 8
9 33
10 47
43 32
19 24
37 12
50 32
14 9
13 27
17 22
100
1 55
1 94
1 36
1 68
1 92
1 38
2 25 41
1 10
1 5
1 71
2 2 70
2 6 69
1 1
1 81
1 27
1 1
2 32 89
1 75
2 15 67
1 1
2 23 95
1 80
1 1
2 31 83
1 1
1 1
1 17
1 1
2 42 73
1 22
1 1
1 1
2 16 59
3 4 34 63
2 7 9
1 56
1 1
2 50 57
1 1
1 1
1 1
1 1
1 1
1 1
1 1
2 13 62
2 11 30
1 65
2 82 96
3 43 51 90
1 1
1 78
1 86
1 1
1 98
3 53 77 100
1 1
1 1
1 1
1 1
1 8
2 40 76
2 45 60
1 1
1 85
1 1
1 1
2 44 84
1 99
1 1
1 91
2 35 93
2 29 48
1 46
1 3
1 87
1 66
1 1
1 1
1 88
2 37 97
1 1
1 28
1 1
1 1
3 14 24 39
1 1
1 1
1 1
2 47 64
1 12
2 20 79
1 58
1 1
2 21 74
4 19 33 52 54
1 26
2 18 72
1 61
1 49
