50 100
310289799 56367309 97912 8 9 392171 7425202 2102 5254 640746 7882346 286 3 40178698 734273599 11611114 34 94023163 1 67 4560 667421 243867 25816551 20985150 1038137 5283721 227669771 98573886 5123 8 7 71941083 308 74128926 779644 88 9 650733 627913169 24886 2666 7 536396620 3603825 90217354 6 826706834 1826 295
4 46
40 7
20 19
23 1
47 39
17 19
11 37
30 14
43 7
44 24
38 25
18 12
35 26
3 47
43 19
41 16
22 16
8 43
40 9
25 19
38 35
8 5
18 39
40 46
14 2
5 22
46 45
15 42
6 44
6 45
3 48
10 42
17 2
23 29
10 47
50 5
12 19
20 39
9 24
36 27
18 44
5 10
32 40
2 41
21 32
12 25
35 31
32 46
24 43
49 2
13 43
27 46
7 20
40 3
26 48
34 12
23 6
14 15
26 49
40 33
24 37
8 7
35 12
4 36
29 27
18 11
23 20
27 29
41 3
25 5
21 3
8 41
39 32
41 50
26 1
50 40
28 43
17 34
18 30
48 15
8 33
29 15
36 50
41 49
27 40
9 21
16 34
43 3
43 13
32 1
2 42
41 34
50 37
45 14
19 10
30 36
42 6
19 39
23 43
17 19
100
2 38 45
4 15 23 33 46
1 1
1 16
5 50 73 79 86 100
1 1
1 1
2 18 56
2 52 84
3 53 64 74
1 92
2 63 82
1 1
2 59 69
1 1
1 1
1 61
1 87
1 66
1 1
1 91
1 1
2 17 31
2 36 43
1 29
2 47 65
1 1
1 2
1 97
1 1
1 37
1 1
1 5
1 1
3 1 35 72
1 1
1 58
1 1
1 1
1 90
1 70
1 41
2 11 49
1 1
1 14
1 1
2 20 42
2 28 93
2 39 80
1 54
1 78
2 19 85
1 34
1 75
3 4 26 55
1 27
1 24
1 1
1 1
1 9
1 71
1 95
2 10 67
1 1
1 83
2 13 57
1 1
2 60 62
1 1
2 30 40
1 68
3 3 12 99
1 1
1 88
1 1
1 1
1 25
1 1
1 48
1 1
1 8
1 1
1 77
1 81
3 21 76 89
1 7
1 1
3 22 51 96
1 1
1 1
1 1
1 1
2 32 94
1 1
1 6
1 1
2 44 98
1 1
1 1
1 1
