50 100
39 5 849656 3371485 6627 95332829 344876753 526556552 2 7009263 41490823 266 6991 3955 353 4047 36842460 834 536178683 616167679 880 853667530 74 19250 1074 7 691710 3 94 1110586 9778 94 697297707 9581391 7312 30016907 597187677 842981370 77 733152678 862 43 714990043 459969796 1738 64159 335 96699663 88 10
32 44
8 38
34 23
17 45
24 28
37 34
35 31
9 49
29 38
47 23
39 41
32 37
9 27
26 46
22 48
12 50
20 30
40 33
30 20
42 23
24 15
3 6
9 38
31 37
43 31
36 46
46 50
24 3
17 27
13 24
17 4
23 9
15 46
1 32
46 1
44 10
6 12
48 6
24 48
18 48
9 34
34 23
22 28
42 40
15 3
18 40
24 20
36 14
23 38
3 30
46 1
6 33
24 50
30 26
47 22
16 33
10 45
19 30
14 46
13 4
47 13
22 10
27 50
30 50
49 1
26 22
39 47
39 13
4 24
41 17
19 26
26 18
50 24
42 47
30 2
2 50
11 35
26 22
20 45
46 17
8 12
16 40
10 24
33 22
21 49
11 20
16 26
8 44
11 18
41 7
32 26
25 2
11 9
24 1
21 1
21 34
11 21
12 2
20 3
39 6
100
1 21
1 1
1 1
1 20
3 4 34 82
1 1
1 59
1 50
1 91
1 99
1 46
1 98
1 1
1 16
1 9
2 77 78
1 23
1 1
1 1
1 1
2 30 33
2 55 69
1 1
1 1
2 47 79
1 1
3 32 68 86
1 1
2 83 93
1 1
2 24 29
2 22 73
1 1
1 1
1 1
1 1
2 28 58
1 71
1 6
1 1
2 13 31
1 60
1 1
1 1
3 27 45 75
1 1
2 37 40
1 12
1 11
1 1
2 53 62
2 14 26
1 1
1 1
1 1
1 8
2 7 57
2 39 96
1 61
1 89
1 1
3 56 72 100
2 44 94
3 3 15 74
1 5
1 1
1 1
3 63 87 95
1 1
1 85
2 35 80
1 1
1 64
2 42 51
1 1
1 43
1 2
1 1
1 1
2 10 54
1 1
1 1
1 1
2 52 90
1 76
1 25
1 18
1 1
1 1
1 92
3 17 38 88
3 66 67 81
2 19 70
1 1
2 49 84
1 1
1 1
2 41 65
1 36
2 48 97
