50 100
15336267 392 44161 959503229 33 714760961 185 331996931 268 6135 590 630559661 656 2 443684227 5 917081188 9390671 5216220 833125382 5 1581 757266548 3 9772 83621511 138969847 806 660 246589 1810 681859871 69329 82755 10 445113 84 10 32 242449456 2457 2779 981 709817 416 66 5031 29900 81771 511186391
43 37
15 37
47 15
20 30
38 18
26 30
31 39
24 21
23 22
38 20
28 26
25 41
11 2
26 5
34 42
11 50
45 21
46 45
45 26
4 32
36 9
18 21
41 24
28 7
42 20
50 27
32 31
18 13
41 15
24 43
29 20
38 26
47 29
22 6
27 17
6 10
8 27
3 47
6 34
14 21
23 42
11 21
41 5
49 21
13 7
41 24
24 50
49 21
37 11
35 31
2 16
35 21
13 50
38 24
33 13
47 31
43 49
31 12
24 22
15 17
50 10
48 46
33 21
2 22
49 44
6 10
29 32
9 48
35 21
13 12
34 4
15 42
4 27
32 10
34 44
24 2
8 16
31 14
34 9
42 47
31 7
9 46
5 11
4 39
16 33
4 20
20 45
38 9
30 8
21 29
16 28
25 29
32 10
12 15
35 37
26 28
26 37
28 32
25 36
34 35
100
2 26 66
1 1
1 69
1 1
1 70
2 75 94
1 1
1 57
1 60
2 62 72
1 93
1 1
1 1
1 1
3 33 38 95
1 39
1 14
1 1
1 34
1 20
1 65
2 29 49
1 15
2 5 68
2 10 51
1 1
2 37 55
1 1
2 21 81
1 1
3 16 58 92
2 6 79
1 31
1 1
1 1
1 1
1 1
1 4
1 28
1 1
3 11 67 88
2 40 56
1 1
1 78
1 80
1 1
1 1
1 1
1 18
1 22
2 50 99
1 1
1 1
1 1
1 24
1 1
1 1
1 23
2 46 83
1 63
4 8 48 52 54
1 1
1 1
1 1
1 100
1 1
1 1
1 1
1 85
1 64
1 1
1 76
2 7 74
1 1
1 1
1 59
1 1
2 13 61
1 71
1 1
2 27 89
1 96
4 1 2 25 35
1 1
1 3
4 47 53 87 97
1 19
3 42 43 84
1 1
1 1
2 77 82
3 12 32 41
1 1
1 30
1 1
1 1
2 45 98
2 9 90
4 36 44 86 91
2 17 73
