50 100
752 471461265 558 710 30638404 13606490 81 16 61 6279182 323 27626 367910 62077497 286279274 2523 1 942022 379759719 464 423 276028 52149 5 652229 9582242 355 1406 855679 885942905 5 89822273 13838402 793162 8 23219 62 254741421 867 7 2597837 5 56416382 984318 49324 7 745280 1197693 76711 36037961
29 17
45 14
44 41
41 4
44 18
14 21
43 46
45 10
26 17
26 1
4 34
42 33
12 13
1 30
8 13
27 17
2 26
18 43
13 10
1 24
20 7
21 4
15 50
4 30
37 47
16 23
21 29
38 3
27 7
44 30
28 27
6 20
21 1
18 3
18 13
34 29
8 25
28 4
39 12
39 25
24 23
32 17
17 19
31 7
14 12
11 33
17 46
27 39
27 9
28 47
38 2
42 5
46 11
29 36
34 27
40 24
21 32
26 46
25 49
49 6
28 4
32 30
46 48
21 11
42 38
46 22
13 23
47 41
31 18
21 20
3 47
6 38
24 20
28 35
35 47
41 37
14 26
45 10
24 3
21 50
15 47
38 16
13 15
31 15
47 46
42 22
18 23
28 27
21 49
27 29
14 22
19 12
46 1
45 49
45 22
46 43
18 11
41 46
31 32
42 35
100
1 33
1 38
2 46 83
1 59
1 85
2 61 67
1 1
1 1
1 77
2 25 70
1 1
2 15 84
1 1
1 28
1 1
3 3 60 89
1 5
1 53
1 81
1 39
2 2 80
3 36 68 92
1 1
1 12
1 44
1 32
1 34
1 1
1 1
1 1
1 31
1 1
2 4 21
3 1 56 93
1 87
1 1
2 24 50
1 74
1 1
1 65
1 95
1 82
2 8 58
1 1
1 1
1 1
2 19 45
1 16
1 1
3 71 86 91
1 35
2 20 42
1 96
3 6 13 76
1 49
2 7 69
1 1
1 1
1 1
2 18 99
2 52 94
1 62
2 10 14
1 1
1 1
3 11 37 64
1 1
1 23
1 29
1 22
1 1
1 63
1 9
1 73
1 1
1 1
1 1
1 1
1 1
2 26 66
3 17 54 78
1 1
3 30 88 98
1 100
1 72
2 79 97
1 1
2 41 47
1 1
1 1
1 57
1 1
2 48 90
1 1
1 27
1 1
1 1
1 40
1 43
3 51 55 75
