50 100
20426845 539863396 458981395 7 841664915 37176356 828673 453946 387355812 590 246 602 9 579213511 1586254 12 63562134 809062 25131615 3 5954 788 995 7289054 373888197 286733456 43 80542516 60688506 25 77 61 42937 17 15722 75669 473230 14827 80568977 7003 656 74 7 9255700 612853 2135311 81037713 691994604 8029107 368362
21 12
47 2
3 42
10 32
21 27
18 45
43 41
20 22
5 3
3 14
29 12
15 27
35 30
8 37
44 13
3 49
37 10
14 41
43 40
46 22
25 26
24 3
29 15
26 27
21 16
28 46
16 9
38 28
11 12
41 9
22 17
44 14
8 19
28 1
43 45
14 33
33 46
42 49
28 9
40 45
38 18
41 27
27 48
20 46
27 45
45 9
8 36
14 3
3 36
15 19
40 7
49 7
17 32
45 29
9 50
6 49
38 14
3 25
1 14
50 21
44 45
19 50
41 16
9 17
3 15
41 22
21 28
6 39
16 40
3 5
36 14
15 26
6 28
26 46
43 48
8 16
5 45
49 47
11 4
2 18
10 17
16 46
33 7
27 47
37 13
39 41
21 4
1 27
7 6
33 21
23 18
48 14
33 18
1 47
12 38
18 9
44 9
4 43
28 20
24 7
100
1 1
1 98
1 1
1 9
1 5
1 1
1 1
1 1
1 24
1 1
2 7 71
3 29 40 78
2 30 96
1 1
1 1
1 10
1 88
1 63
2 41 83
1 1
1 1
1 1
2 81 92
2 45 82
1 1
1 72
1 1
1 1
1 34
1 19
1 1
2 74 76
1 1
1 54
1 37
1 80
2 1 47
1 1
1 50
1 1
1 23
3 18 56 95
2 42 49
1 1
1 58
1 84
2 11 68
1 2
2 31 100
1 1
1 1
1 65
1 1
1 48
1 36
2 4 26
2 8 13
1 51
4 25 35 38 64
3 6 43 86
1 87
1 17
2 16 60
1 1
2 22 89
1 44
2 32 73
2 15 69
1 21
2 59 66
1 70
4 27 39 91 97
1 1
1 1
1 1
1 1
1 55
1 1
1 1
1 62
1 28
1 1
3 12 33 77
2 14 99
1 67
1 1
1 1
1 1
1 1
1 1
2 3 93
1 1
1 1
3 20 46 61
2 85 94
1 90
1 1
3 53 75 79
1 57
1 52
