50 100
64376859 3 7328 10123 757309240 6097279 164 357 120978993 34 31 36182237 1 94 60005 9835896 25 525 37551 6 2 22124139 5 49419688 2 9068301 642388 28 21576 21461 58925 636 8 7861 30 906800 934047830 10 381044097 349028864 1400 4110 11296 58216065 1520 51647 71378 37 590 282628375
50 23
43 50
18 30
17 29
42 9
29 15
32 42
21 40
3 9
30 36
3 37
1 45
17 11
19 11
32 5
7 38
44 46
21 15
21 26
14 32
31 24
10 6
48 50
17 40
29 38
40 28
27 28
3 44
13 42
20 1
15 23
5 49
45 37
26 4
20 47
22 1
29 34
25 10
49 22
15 40
37 48
1 34
45 50
12 24
23 1
13 3
22 33
47 33
31 29
12 21
47 2
18 31
17 26
40 14
35 15
36 46
1 18
7 1
16 37
35 15
22 31
48 47
3 13
9 7
25 44
30 41
1 19
49 19
36 44
25 32
28 3
17 22
14 34
35 5
18 50
9 2
25 32
35 17
40 5
38 4
5 50
17 14
31 39
5 31
25 7
6 44
47 33
20 42
36 30
36 40
8 10
19 37
16 46
46 40
47 33
28 43
31 37
10 9
39 33
14 47
100
1 96
1 1
1 1
1 1
1 1
1 1
2 3 26
1 1
1 1
1 20
1 1
1 1
2 82 93
2 53 92
1 78
1 1
1 22
1 86
1 1
1 41
1 1
1 1
2 36 91
1 45
1 59
2 21 28
1 23
1 1
1 4
1 1
1 1
1 1
1 52
2 11 64
2 14 94
2 49 73
1 54
1 74
5 13 19 40 46 98
1 48
1 1
2 8 100
2 6 25
1 1
1 77
1 1
1 1
1 83
2 9 85
2 65 76
1 1
1 1
1 29
1 1
1 1
1 97
1 70
1 1
1 1
2 72 84
1 1
1 62
4 16 34 43 88
1 32
1 1
1 1
1 99
1 1
2 60 75
1 1
1 1
1 61
1 1
1 31
1 1
1 37
1 1
1 68
1 24
1 71
2 12 15
3 39 51 90
4 33 35 56 69
1 58
1 1
1 63
2 27 89
1 1
2 5 10
2 7 66
1 57
1 1
1 30
4 44 50 80 87
5 17 42 47 79 95
1 67
3 2 38 81
2 1 18
1 55
1 1
