50 100
70324 7586874 9345659 388466 81821 81 47702716 6 792467 5273370 6049 925852 587 66 3 22 9781427 10 3 589 4 51481177 88 42359041 6311 10 682322291 1 364208 9320096 90244899 33176 27217103 2953082 7 959470 86731020 32381699 539 10 8 3016 812738813 9 44091571 972134 320354258 427682 558708344 447
39 16
47 2
30 6
27 17
42 17
1 5
19 43
45 6
10 31
32 9
5 6
20 1
45 20
35 3
34 40
4 22
15 27
16 1
23 36
42 6
26 11
15 35
10 11
47 4
48 22
7 4
6 25
26 35
3 21
23 32
23 38
5 30
29 48
40 5
1 22
26 50
37 13
13 50
19 5
45 19
19 22
23 6
34 21
14 30
40 38
15 29
43 20
44 36
14 26
41 11
42 48
40 19
2 19
13 18
49 9
28 17
1 35
17 40
45 46
38 7
50 33
46 14
9 27
31 49
19 22
49 8
34 16
19 17
17 1
45 24
36 40
17 41
21 48
31 8
21 43
27 47
41 47
29 10
35 45
4 33
43 1
15 37
12 44
17 14
13 3
19 35
41 22
15 46
15 37
2 45
45 12
40 21
6 3
19 3
50 12
28 47
48 39
35 25
28 20
13 15
100
1 1
1 10
1 98
1 1
2 33 54
1 1
1 1
1 8
2 56 66
3 12 40 94
1 1
2 63 99
1 23
1 1
1 80
1 1
1 1
1 1
1 84
2 5 96
1 1
1 79
1 1
1 35
1 13
1 1
2 27 70
5 11 19 59 61 82
1 24
1 1
2 75 95
1 22
1 1
2 58 68
3 18 50 60
1 93
1 49
3 6 64 86
1 1
1 73
1 72
1 1
1 1
1 16
1 20
1 28
1 1
2 25 78
2 37 81
2 32 83
1 1
1 48
1 30
1 38
2 2 44
2 47 74
1 1
1 34
2 15 100
1 1
1 3
2 45 91
1 1
1 51
1 57
2 1 88
2 52 76
3 7 39 89
1 1
1 36
1 1
1 1
1 92
1 65
1 69
1 1
2 31 85
1 1
1 1
1 1
2 29 46
1 17
1 1
1 71
2 4 41
2 43 62
1 1
1 1
1 1
1 77
1 1
1 42
1 67
1 14
2 87 97
1 1
1 26
1 1
2 21 55
3 9 53 90
