50 100
295591949 72970 819336601 3786 57259688 234 230960 81 995348 887074086 225 498 8 796557144 607015529 9 98108459 86177170 584 2 16559 3 409596 44 971672141 8221063 8 4918 103 113 7276128 4399896 70704 443456346 9 83 4064 6 15 644 9 46571740 1 886354 4746 1255 60 608779334 83 583
21 15
3 50
50 13
27 13
12 43
12 38
31 41
32 29
33 3
47 33
17 35
7 3
4 38
33 2
49 29
26 4
13 35
27 33
8 50
2 33
42 31
40 13
8 28
14 45
26 9
25 34
8 38
16 6
8 24
49 15
29 3
7 10
13 38
42 24
20 46
29 49
18 46
48 38
10 37
41 21
1 40
1 5
10 11
41 40
10 27
17 26
40 13
33 4
40 37
3 31
38 8
32 49
42 34
35 6
22 47
25 36
28 5
11 15
46 13
1 38
4 39
44 23
9 42
15 24
15 35
21 17
31 1
20 9
47 9
20 21
5 26
27 37
11 26
7 42
43 18
44 36
25 34
12 1
49 43
6 18
40 23
3 28
12 21
16 42
37 42
26 41
19 10
50 10
38 8
5 40
35 12
33 8
35 7
16 34
2 43
39 47
22 35
22 32
8 16
28 45
100
1 54
4 28 39 64 96
1 1
1 17
1 1
1 30
1 48
1 1
3 31 59 67
1 70
1 1
1 69
2 11 75
2 1 51
1 1
2 11 86
3 2 61 85
1 1
2 47 68
2 53 55
1 45
1 95
2 34 82
2 5 13
3 10 29 35
4 4 40 60 72
1 1
4 20 23 24 100
5 16 43 49 89 98
1 56
1 53
1 1
2 57 83
3 37 75 100
3 1 28 84
6 2 27 32 46 52 74
4 17 26 83 92
1 36
3 21 50 67
1 59
3 8 44 66
1 65
3 6 16 95
1 45
1 94
3 23 77 87
1 1
3 35 61 73
4 9 14 18 22
2 24 81
1 71
1 20
1 1
3 41 42 73
1 1
1 1
4 5 8 25 99
3 18 19 34
3 78 86 88
2 25 32
1 29
2 62 76
4 9 36 49 50
2 55 65
1 7
4 7 39 42 97
3 19 60 63
2 48 98
1 94
1 79
1 76
4 4 40 46 72
2 12 90
1 27
1 58
2 12 68
5 3 26 31 79 88
1 69
6 22 30 33 37 52 82
3 51 84 85
2 41 93
1 1
1 64
3 15 80 91
1 13
4 38 43 81 91
2 15 90
1 33
3 6 78 97
3 14 62 71
1 96
1 38
1 77
1 80
4 10 21 54 74
5 3 56 57 70 92
1 99
6 44 47 58 63 87 89
1 66
1 93
