50 100
63034 42348 7478408 84234688 7475 19 983 9134368 2 646574684 6 95 43103144 63 92075150 5200386 203 10 3158915 145 92137339 8143571 8938314 1 4283 89701854 3837 622 3140398 6979 695476177 34161462 701195545 6 6 44895276 53641288 3281 85978955 84733202 80925 83 312 5 21421165 825280264 954181800 3 62091 9
1 16
40 48
20 26
6 25
3 10
44 38
7 49
34 15
21 10
18 38
42 15
37 34
9 37
48 47
13 33
18 44
34 22
43 11
12 4
37 16
13 24
27 47
50 44
35 36
45 10
33 45
34 27
28 46
46 29
24 13
32 24
24 8
6 11
12 40
40 47
50 41
39 3
18 5
8 42
9 10
46 12
10 11
43 34
41 14
16 22
44 26
18 49
23 41
27 36
19 43
19 33
36 21
15 48
28 36
38 18
7 39
21 6
40 48
47 11
38 13
9 4
36 19
39 1
29 2
42 22
1 28
8 14
31 15
48 11
23 10
48 43
5 2
35 19
7 50
48 10
31 13
48 12
8 28
32 11
34 28
45 43
31 44
39 23
19 45
45 16
22 6
39 5
15 24
48 34
46 29
13 15
37 32
37 25
46 19
5 46
48 39
11 22
7 31
4 40
21 33
100
2 65 70
1 4
3 35 86 94
2 46 75
3 59 66 92
1 1
1 60
1 49
3 22 25 88
4 26 57 62 71
1 66
3 5 74 92
4 7 17 36 46
2 59 79
1 60
1 1
3 78 95 96
2 56 58
3 21 43 81
3 7 32 50
2 50 52
2 47 70
1 37
2 57 77
2 33 63
1 95
1 54
4 26 28 83 91
2 20 33
3 27 32 85
1 67
2 30 72
1 1
1 1
3 10 16 64
2 34 45
2 42 53
3 15 21 81
2 35 71
2 53 97
3 19 49 62
4 1 2 10 68
1 1
1 99
2 11 86
1 9
2 65 76
1 1
2 48 97
1 17
2 5 84
2 39 80
1 8
1 1
3 76 80 85
4 6 8 14 78
1 98
1 1
1 20
1 9
1 23
3 38 47 73
5 1 12 22 83 90
4 23 41 58 77
2 13 44
1 1
2 3 37
1 1
6 3 18 24 79 87 90
5 12 25 48 52 61
3 4 41 64
3 15 24 38
3 11 40 88
3 63 74 82
3 31 55 89
1 69
1 1
3 30 40 61
2 6 39
1 1
2 31 54
3 44 67 98
1 29
2 13 96
3 36 75 100
1 56
2 18 82
1 84
1 100
3 42 87 99
1 45
1 72
2 68 89
2 51 69
5 2 14 16 28 94
1 73
3 27 55 93
3 19 51 93
2 29 91
2 34 43
