50 100
856 7230448 1936 24640 13807637 8591902 3 237495863 98681 366025492 119 9 2 52667 936518 57 742521132 911345163 149123009 61 4 6825 5573 1102820 7076 63887103 32 964475 70 80730 971763679 8049784 811534 5920 4 189425 662 584583696 59881090 68366517 7 973614143 85624 12152 940339144 9 79 510543 5058769 1277161
11 33
11 30
17 35
29 3
34 25
17 28
41 26
35 29
20 26
24 36
38 10
29 3
35 24
4 17
8 48
22 10
13 15
29 10
7 14
6 44
23 21
18 36
33 37
33 41
16 24
9 35
5 28
12 5
48 9
2 21
35 20
42 32
20 23
30 7
1 3
20 50
50 12
42 46
12 39
18 7
42 12
36 4
10 23
39 1
45 14
38 48
12 6
45 14
39 16
3 21
15 1
40 42
31 50
27 48
34 33
6 12
33 24
19 12
33 29
48 1
34 18
7 49
47 32
28 48
39 24
1 50
45 9
6 32
17 22
38 18
9 43
13 25
19 23
32 19
24 22
42 14
6 28
2 15
11 44
38 23
11 47
21 24
2 28
28 5
47 24
29 19
21 17
22 49
23 27
50 21
42 14
42 45
37 28
20 27
15 10
46 6
8 45
30 1
36 1
24 11
100
1 40
2 15 74
2 54 97
1 1
1 88
2 2 79
2 37 67
3 11 28 59
2 43 94
2 14 78
1 24
2 39 49
2 33 54
1 6
1 1
2 32 72
2 44 56
3 11 46 66
1 9
1 47
3 20 42 53
1 1
1 7
3 26 64 91
4 47 50 76 84
1 12
1 1
7 5 13 32 42 77 95 98
1 19
3 18 89 96
4 28 68 70 93
1 51
3 22 30 82
3 56 80 85
1 1
2 18 81
2 13 92
4 1 15 80 99
2 12 58
1 75
1 1
3 10 65 96
1 2
2 57 58
1 1
3 22 37 49
1 1
4 60 77 86 93
2 16 82
1 1
1 8
1 79
5 21 27 41 45 62
2 5 39
2 1 100
1 76
4 31 55 60 98
2 21 52
4 20 36 59 64
3 3 61 72
2 48 67
1 1
2 63 100
1 17
4 33 35 55 70
4 26 38 40 71
1 27
1 1
4 7 66 91 97
4 25 34 50 81
3 38 51 61
4 16 48 83 95
3 14 53 85
1 73
1 30
1 68
1 1
2 87 89
4 41 46 73 90
1 1
2 86 94
2 45 90
1 6
2 4 43
1 92
2 9 62
2 25 36
2 23 29
3 3 57 74
1 52
1 69
1 44
1 34
3 63 69 83
3 8 87 88
4 23 31 65 84
5 4 24 29 78 99
1 75
2 35 71
3 10 17 19
