50 100
5 652053044 806 871 455979 6829 2922118 212 2869 949388931 6 75780673 12264 16441945 8053317 11504770 45062 49478 7683 1961 60009152 183 654644870 85 3009529 686987 5726 6124 4915531 44 3844 296134 39753 343402 1650 2183 78563 9691 21982417 82 7 5946384 10 515309610 748 89 7945681 518311435 34229885 2171813
46 17
37 46
3 11
25 41
5 44
50 6
39 13
34 11
20 24
10 45
10 8
34 26
11 5
14 40
20 17
5 23
50 31
14 11
43 7
38 34
37 22
12 25
3 30
8 9
48 22
48 13
43 28
36 29
27 22
35 45
23 26
47 12
40 39
41 29
36 49
8 1
14 11
44 23
1 34
8 38
23 40
26 42
45 11
35 32
37 29
50 2
47 4
50 15
13 47
25 16
48 11
21 29
43 4
50 22
39 2
34 1
12 11
50 8
50 24
48 10
20 38
26 16
12 18
6 13
32 14
21 24
44 17
3 33
19 13
22 40
24 18
1 2
16 31
31 26
24 22
20 14
8 10
50 16
20 49
40 41
33 15
24 10
21 11
45 35
32 33
17 28
21 19
10 23
29 7
18 46
15 14
28 12
39 21
33 7
11 28
22 36
21 11
17 37
9 47
34 29
100
2 83 89
1 1
1 76
1 40
1 77
3 3 5 70
4 24 44 73 76
2 15 26
2 16 93
3 18 19 43
1 94
3 1 59 63
1 2
1 1
1 1
2 26 62
2 81 98
2 7 45
5 51 64 70 79 90
4 8 16 35 78
1 12
2 92 100
2 52 93
1 1
2 69 91
4 8 11 14 25
1 1
5 50 54 78 82 99
3 9 23 59
1 47
2 11 71
2 25 46
5 3 28 38 40 91
1 1
3 4 56 80
1 27
1 66
3 43 57 100
2 7 12
1 1
1 53
1 1
2 9 23
2 17 60
2 5 55
4 37 56 95 99
3 1 4 96
1 1
1 1
3 45 69 86
2 14 31
1 1
1 1
2 31 73
1 1
2 38 72
4 48 62 68 83
1 34
2 51 79
2 58 96
2 13 39
1 74
1 1
2 37 98
3 20 28 65
1 18
2 47 49
1 1
1 84
1 85
2 55 61
3 6 80 89
3 49 88 97
4 6 48 54 84
2 10 39
4 20 81 82 85
1 21
2 10 52
3 29 33 63
2 46 88
3 30 41 94
3 17 29 75
7 2 19 22 35 36 42 72
2 22 67
1 21
3 24 36 86
1 92
2 34 68
2 30 66
3 15 41 67
2 57 95
2 32 50
6 13 32 33 42 90 97
2 64 65
2 44 60
2 75 77
3 53 58 87
1 27
3 61 71 87
1 74
