50 100
110 6700711 4719 100 91467928 7 8 5 4462 9751 5863 872971 8357 600 18 4332644 7 834638595 76987293 7011 6003199 5658591 9891945 2 485487 361366451 3 827192414 54601382 88917 3375390 9439 753 75 340131 9 507473854 1959 6011696 6641666 185 25 95 866195 9354 732 784695633 66 27694830 3529
9 1
12 47
48 22
14 9
23 15
24 23
32 3
48 23
32 24
6 17
34 13
30 44
2 33
23 14
33 1
13 19
48 18
39 31
48 2
9 5
40 3
33 40
2 11
48 18
46 31
1 19
10 21
13 26
31 42
18 38
33 39
12 11
41 13
23 24
24 8
17 5
50 42
11 31
49 13
32 37
14 35
47 41
31 21
42 47
17 50
31 9
13 12
18 20
31 18
23 36
41 4
12 29
39 25
20 43
23 7
11 39
38 43
14 23
5 28
44 4
16 19
40 21
40 43
35 49
44 45
6 32
19 38
11 2
17 15
31 42
19 37
19 4
14 13
46 48
29 16
44 48
15 27
30 44
17 35
8 12
45 39
31 13
24 11
22 18
43 23
37 7
18 9
9 4
35 29
49 9
43 46
39 18
14 19
24 44
31 44
45 31
2 48
9 13
1 22
45 36
100
3 55 72 100
2 33 44
3 15 56 91
3 8 44 99
1 1
3 12 57 97
2 51 73
2 22 35
1 6
3 19 32 60
1 33
3 3 27 69
3 48 54 77
4 28 53 61 99
2 62 84
1 35
3 36 57 78
3 38 42 66
2 54 89
4 11 16 40 77
1 1
1 1
1 70
2 1 91
2 3 31
1 1
1 2
1 53
2 75 84
3 4 86 90
3 15 32 79
3 17 25 80
1 1
2 29 63
2 30 66
1 22
1 72
2 21 88
1 92
3 18 24 79
5 14 18 26 69 85
2 47 80
1 1
3 5 11 37
2 10 86
5 13 24 43 74 94
1 4
3 14 67 96
2 9 62
1 98
1 34
5 6 8 39 73 95
1 1
1 81
4 27 58 78 95
1 63
6 7 10 17 46 49 65
3 9 68 81
1 21
1 1
1 87
2 16 64
1 23
2 29 46
1 47
2 1 96
1 1
2 20 36
3 48 49 52
1 82
3 7 20 68
2 30 40
1 42
1 1
1 71
5 45 58 76 85 90
1 26
1 43
4 87 88 92 93
4 23 67 83 97
1 1
2 34 82
1 93
1 1
3 45 59 75
2 71 83
2 19 52
2 59 64
1 50
3 25 61 89
1 1
2 94 100
2 31 55
6 2 28 39 41 56 98
1 5
1 41
5 12 37 50 70 74
5 13 38 60 65 76
1 1
1 51
