50 100
71 1945 86573 704 288991123 405574658 8 53 7 959468 344528 83305 658 27 465 871637 439803 83442766 9 4021449 45 46905 2 82030367 612297988 85 899 8444 2843 727890 6173 3 4866253 54 49 32539 3899 97695636 793681572 7050761 914016698 678 122160 2539486 483131035 61512028 4729988 4 4581 25475
11 34
29 45
2 16
2 50
33 34
42 36
49 32
18 27
1 47
14 50
39 34
42 49
25 40
43 38
9 12
27 44
21 49
21 26
8 33
20 6
34 21
44 32
44 8
16 50
42 2
24 20
19 31
6 42
4 13
35 31
36 44
16 7
40 23
31 13
19 3
36 20
14 36
31 13
28 40
5 30
21 45
1 25
15 30
29 31
6 10
21 13
14 42
21 12
45 33
15 16
23 19
43 49
24 9
44 35
30 14
21 30
35 2
11 21
33 13
3 38
41 8
37 29
30 33
31 1
9 12
29 42
46 49
39 32
41 12
31 32
8 39
47 8
7 18
10 6
41 38
49 1
39 4
4 20
25 26
45 31
29 28
16 6
8 18
14 27
43 40
16 31
38 46
18 21
13 10
32 27
41 15
44 40
13 23
25 10
8 33
21 32
37 46
31 50
7 45
3 37
100
1 32
3 8 53 89
1 75
2 7 23
2 23 37
1 13
2 15 96
1 73
1 71
4 68 79 83 100
2 13 34
2 48 83
1 64
3 16 50 56
4 14 48 51 59
1 89
2 32 53
2 54 57
2 11 24
1 69
2 62 68
3 43 49 60
1 65
2 64 98
2 24 27
1 1
1 7
1 31
2 76 80
3 18 26 63
2 9 27
1 1
2 41 79
5 5 30 54 60 66
4 61 85 92 96
2 28 82
2 52 56
3 20 39 55
1 18
1 1
2 2 74
3 25 58 76
3 1 17 29
1 95
2 11 97
1 37
2 22 84
3 6 8 44
3 38 63 93
2 38 47
2 21 70
2 69 94
3 9 35 44
1 82
4 2 19 47 90
2 16 55
1 15
3 1 39 46
1 1
1 77
1 36
6 10 20 25 40 73 88
2 51 100
1 66
2 74 86
3 6 29 72
1 1
2 40 90
1 28
5 4 17 33 88 95
2 78 94
1 1
2 22 35
3 10 58 70
1 41
1 71
3 78 84 99
1 1
1 91
2 26 42
2 34 91
2 3 61
5 3 5 14 59 98
2 43 46
2 42 86
2 12 67
3 21 30 36
1 12
4 45 49 80 97
3 57 62 99
3 19 65 92
4 4 45 67 72
3 50 87 93
1 75
3 81 85 87
1 1
1 52
2 77 81
1 1
2 31 33
