50 100
2 128 1489036 322387385 1080 481 6 3545954 333422 1 600 53666 466717008 285797 41521 3 63236 37116923 629834 1634 6 488769973 576686 94 115460953 300 887 492500227 8433 9100 5 349113875 934 3 1 693 49 246707 848561358 83 89 3376 592289 728262496 68617648 198760 14132938 96 7 225
30 36
23 27
25 5
49 48
21 1
9 18
4 15
25 40
30 12
28 22
13 31
13 16
12 46
18 8
42 19
27 21
12 2
44 26
43 31
35 31
28 24
44 9
5 48
37 42
19 49
22 1
27 36
44 38
6 16
7 31
49 47
39 5
3 42
40 41
15 36
18 44
20 15
42 7
42 34
34 4
28 21
36 25
35 45
35 45
10 30
29 42
2 11
33 20
2 34
42 33
7 17
45 4
30 15
44 1
18 28
16 19
22 40
50 46
29 48
17 22
40 28
32 19
50 34
7 44
12 18
42 38
32 20
44 40
42 34
45 43
35 15
16 19
29 16
37 3
4 3
2 14
29 22
22 48
2 34
18 25
1 28
2 33
25 46
22 5
27 49
44 49
41 4
37 27
3 42
21 43
32 46
20 37
5 12
35 15
27 10
20 2
40 46
46 24
2 8
34 47
100
2 23 79
4 14 17 20 95
1 27
1 20
3 11 55 84
1 8
3 19 25 53
4 19 34 45 72
1 1
1 62
2 5 57
1 1
2 9 42
4 2 3 82 86
1 44
4 34 40 51 64
2 23 72
1 30
2 25 81
1 1
2 40 52
2 4 76
1 1
2 58 77
2 38 54
2 18 22
3 16 50 75
1 1
3 67 70 83
2 45 90
2 10 37
2 73 80
1 97
1 1
2 1 32
5 28 44 74 79 98
1 1
1 30
4 3 9 46 60
5 17 21 24 56 76
1 5
3 15 56 83
1 82
1 67
2 48 91
3 32 85 88
3 41 68 87
1 29
3 59 66 96
3 57 75 81
3 6 12 69
4 48 71 94 96
1 1
1 73
3 36 61 100
3 13 31 58
1 22
1 98
1 16
6 13 24 35 50 86 93
2 49 55
2 1 65
1 1
1 1
2 14 15
1 1
1 1
4 6 7 26 29
4 47 51 70 87
2 28 42
1 1
3 65 80 99
2 52 99
4 27 88 89 92
2 36 59
3 31 66 85
2 47 97
2 53 61
2 43 63
2 46 64
1 1
1 26
5 21 71 84 90 93
3 49 78 91
2 69 74
1 1
1 92
1 10
1 1
4 38 43 54 60
1 4
3 7 41 63
1 89
3 39 77 94
3 12 33 39
3 68 78 95
1 8
4 11 33 37 62
3 2 18 100
1 35
