50 100
496 87425 18993765 8267 80151194 505 826 1 46059117 8 9734677 798025612 9505 7544 582427810 607586 298 251772417 67772692 79852744 539 3070319 3 9 279427 3446097 604 140237 3 4 614522 75438 71 3725570 135992906 2769 9 141231377 17 722219 6 3966 58 40692141 986826 29561 4797 8 127 50565
7 39
34 50
44 11
9 43
7 2
45 37
27 44
5 39
38 1
31 46
47 36
49 16
46 7
10 36
25 20
18 31
26 18
42 49
47 23
28 37
37 32
19 32
16 11
23 21
28 32
15 27
18 9
10 13
20 37
28 22
43 36
30 22
44 19
24 40
26 23
46 7
19 13
15 45
20 39
3 41
50 39
13 36
17 43
37 4
23 21
8 13
21 32
39 26
49 10
19 3
33 2
36 4
14 42
47 8
8 15
4 32
35 43
36 39
23 42
35 39
28 7
50 7
48 23
41 39
50 36
50 7
8 4
12 14
15 16
49 24
4 35
16 37
31 1
5 3
14 30
35 26
34 41
16 45
44 5
9 18
32 44
5 34
13 2
12 32
39 44
7 41
27 23
6 35
9 41
10 12
4 7
35 29
45 38
21 46
30 41
40 39
42 10
21 45
22 39
38 14
100
1 48
1 7
1 1
5 19 28 42 59 70
4 5 12 56 96
3 6 29 56
3 33 67 70
3 50 55 74
1 79
2 89 100
2 36 91
2 46 55
1 1
2 35 40
1 51
2 60 72
1 1
1 61
3 18 63 71
2 66 75
1 60
1 1
2 73 99
3 14 39 68
1 15
1 46
2 57 95
1 37
2 22 39
1 1
4 35 61 80 83
1 44
1 1
1 1
1 34
4 23 32 53 82
1 7
1 1
1 10
2 10 33
1 1
1 38
2 13 65
4 17 45 69 83
4 16 20 24 85
1 1
2 3 47
1 22
4 2 32 76 92
3 51 65 73
3 8 34 74
1 6
2 15 100
1 43
1 48
1 37
3 49 87 90
1 3
1 1
3 9 14 78
1 1
1 24
2 11 47
1 94
1 16
1 54
3 1 9 89
3 58 86 95
5 4 27 29 30 79
6 31 40 44 67 91 98
1 25
1 98
1 18
3 50 64 77
1 1
1 82
2 19 58
2 43 81
1 20
2 72 92
4 11 31 42 63
1 4
2 2 96
2 23 62
4 30 93 97 99
2 12 41
2 17 76
2 26 57
6 49 52 54 64 84 97
2 38 71
3 8 85 93
3 5 66 88
4 53 59 77 94
4 25 26 36 84
1 21
6 45 52 62 69 87 90
3 75 80 88
6 13 21 28 41 81 86
2 68 78
1 27
