50 100
1070 853642914 44 40615 64 963204527 728376920 736621657 16826 473692 43514903 7874106 64685680 95965736 32788606 59017 8888993 10 370503 4130 83 998597 37982351 501978971 5251 51 672383106 84922544 56887 27898 50 6912 97 583 3054 95350631 141477 10 41331183 70 75 7 525785240 3079 655 86002 94473 9 3828 118669058
46 13
14 24
6 31
35 4
40 21
44 5
43 22
22 49
36 21
8 12
8 32
46 15
50 13
43 42
27 39
9 50
43 49
7 3
20 18
43 28
24 7
17 29
35 32
26 7
22 9
30 32
16 47
28 27
19 25
48 4
32 46
22 4
38 20
27 49
42 6
22 41
44 17
48 46
34 30
15 33
21 23
48 22
9 37
29 17
20 43
36 33
38 29
37 15
16 43
14 34
11 8
7 31
22 24
4 22
25 32
35 6
16 8
23 44
28 37
35 7
37 8
45 25
10 40
36 39
31 11
43 6
44 24
47 10
4 43
43 11
11 5
10 12
45 23
2 31
31 7
31 14
2 33
31 21
39 30
35 17
4 33
4 29
36 1
45 16
1 28
49 16
24 35
26 20
31 44
11 30
3 4
19 12
22 38
29 50
21 2
10 21
20 14
12 50
26 24
10 21
100
1 1
3 1 41 80
2 51 75
2 5 20
4 11 28 51 63
1 11
2 19 65
1 1
3 77 96 97
4 13 37 69 87
4 10 46 64 86
4 9 10 33 88
1 1
4 61 64 91 100
1 72
2 39 98
1 48
2 14 56
1 1
1 59
3 50 96 97
1 22
2 47 49
1 25
3 9 76 78
2 50 80
2 26 46
3 56 67 85
3 32 44 94
2 36 91
2 34 82
1 84
1 1
2 18 23
2 5 58
3 8 81 99
3 24 69 78
2 62 90
2 6 27
1 1
1 1
2 27 35
1 89
1 1
1 31
4 3 52 55 67
1 1
1 83
2 20 92
2 21 57
1 33
2 17 71
2 29 40
4 22 24 44 45
3 4 57 93
1 53
3 2 54 100
1 74
4 12 13 23 48
1 1
2 36 59
1 71
4 39 42 60 95
2 38 40
1 37
1 1
5 29 82 88 94 95
2 8 15
1 75
3 18 84 87
1 90
3 16 19 68
1 65
3 49 77 89
3 15 47 66
1 12
1 1
2 7 52
2 61 81
1 28
4 3 35 60 93
2 53 72
1 21
3 25 38 41
1 42
4 66 70 85 99
1 70
3 14 26 30
4 34 45 62 79
4 2 4 30 76
1 92
1 32
2 31 83
2 16 55
2 6 58
5 63 68 73 86 98
2 17 54
2 7 43
4 43 73 74 79
1 1
