50 100
565301102 111 185353104 5138283 858803 7 99565302 7 3540 722438111 56504531 20092643 462 85 173798836 9 63092 66252255 36017765 488 344720 44794 590465 64872 7643890 472974 10 8 27 928 83225654 7 31041 3311221 4647539 1145940 9 20861 456669804 53 9343 587 32 5923 402 2066678 161 57871576 7362 318848
35 24
22 44
40 34
36 26
10 14
22 32
32 24
24 35
16 26
50 13
25 11
43 12
22 10
6 33
39 41
22 2
42 34
18 37
33 11
33 43
14 19
13 4
8 20
27 24
41 35
41 21
30 48
38 10
27 16
45 25
39 15
4 43
33 43
32 17
9 16
27 38
15 22
29 26
18 17
24 49
45 2
13 19
30 26
7 25
5 25
41 44
46 18
24 32
14 2
34 27
17 41
50 31
22 48
47 14
10 43
46 19
34 21
39 21
4 49
15 43
6 30
7 33
23 50
43 12
49 46
14 32
46 48
42 34
4 30
22 44
35 22
10 44
11 3
5 19
30 39
39 47
50 11
47 18
40 16
47 44
22 17
17 43
16 14
41 43
20 32
41 45
25 45
27 12
3 13
22 44
47 3
12 28
9 14
9 2
27 39
35 14
22 42
45 23
10 38
35 25
100
2 15 62
1 54
3 24 30 95
6 3 17 58 62 68 69
2 26 67
2 18 76
2 63 75
5 7 14 38 48 89
3 6 21 40
1 60
2 2 77
2 80 90
1 40
2 26 97
4 6 24 51 71
2 37 93
4 44 53 64 73
7 19 29 55 56 61 80 81
1 1
2 27 36
3 30 36 47
2 12 79
1 19
2 4 89
1 1
2 11 29
1 70
1 1
3 2 10 94
2 3 45
1 86
1 1
1 79
2 20 31
4 8 34 74 82
1 1
3 23 50 72
1 1
2 31 50
3 52 56 98
3 15 83 92
2 12 47
1 1
1 85
1 1
2 57 85
1 1
2 64 76
1 41
1 1
1 1
1 95
7 27 35 52 59 67 82 94
2 58 60
5 10 25 28 34 84
2 22 99
2 32 43
2 88 99
1 25
5 39 73 86 91 96
2 51 100
3 41 84 87
3 9 16 66
4 4 20 42 66
3 32 88 91
1 1
3 33 63 98
1 1
1 1
5 16 44 46 96 100
1 61
3 43 57 81
2 49 71
1 92
1 55
3 7 65 74
4 18 49 54 93
1 13
1 1
2 17 97
2 22 42
2 11 78
1 1
1 28
3 5 21 53
1 39
4 5 68 72 78
1 65
1 1
3 1 59 90
2 8 38
2 35 83
1 33
2 14 46
2 13 77
2 23 37
1 1
2 45 48
1 9
5 1 69 70 75 87
