80 100
43798244 445156 2342278 100 50122070 2314770 556522 7072101 89864948 68 60 6411962 87617 249324392 260 3 873766 93502 6 71 1 3060816 6111 35438 1 317 547093 50944809 573648 7 412 7774 742948 6 3 10 8288524 11469008 109386940 346884 55 3832 30255 51582 904021966 9441 8785545 839034 69009509 24286190 680 1333 74746 4537897 762496599 330090859 768678066 51208012 755 1301 8636 85268992 534334103 748 188 6 654 15090553 246651 1 70729 319550765 43 81242362 97230 6 921306763 32470 8949 5629665
59 62
78 4
64 40
64 35
28 32
46 41
35 17
61 79
11 56
7 44
34 50
14 43
30 37
21 35
10 78
39 70
46 80
29 14
32 45
38 48
59 33
42 10
21 23
26 77
21 3
23 12
50 33
9 63
43 5
29 54
20 26
50 35
38 8
52 69
31 2
13 70
12 42
70 57
74 68
56 7
45 36
49 36
14 77
8 27
73 55
42 75
56 8
38 47
60 76
51 29
27 8
44 55
25 72
65 2
13 48
58 54
56 75
15 78
1 31
3 33
41 29
74 78
5 52
50 52
29 38
71 14
6 18
3 63
63 36
76 79
41 55
79 70
80 5
31 2
78 43
2 64
58 66
28 19
30 16
34 13
65 60
71 68
59 78
50 6
70 1
59 16
1 62
26 32
66 1
22 62
4 71
70 31
46 80
46 13
70 5
53 78
31 6
51 6
79 52
29 12
100
1 1
3 10 18 40
2 56 99
1 67
1 33
2 30 35
3 9 14 93
2 6 57
2 1 26
1 1
2 28 62
1 1
2 66 94
1 1
1 5
2 46 100
3 7 47 91
1 1
3 12 42 61
1 70
1 1
1 1
1 43
3 41 54 88
1 1
1 1
1 1
1 1
1 82
1 25
1 52
1 50
2 13 90
1 1
1 1
3 22 31 97
2 84 98
1 15
1 60
1 89
3 11 23 87
1 49
1 1
1 1
1 1
1 64
2 58 74
1 1
1 65
2 34 96
1 86
1 71
1 27
1 59
2 8 95
1 1
1 1
1 1
1 1
1 24
1 1
1 1
1 72
2 77 78
2 17 68
1 83
1 1
2 21 76
1 45
1 1
2 39 73
1 79
3 2 32 69
1 1
1 92
2 20 53
1 80
1 48
1 44
1 1
1 1
2 38 63
1 1
1 1
1 16
1 1
1 37
1 1
1 1
3 36 75 81
1 85
3 19 51 55
1 1
1 4
1 1
1 3
1 1
1 1
1 1
1 29
