80 100
5060 151239306 80964 5 297147 16095600 933803 100 531872 910014728 41690202 6897 498 5 8893825 904 611 4971 8 7 495 67 71 164431586 4482199 23065 139 5061484 6 20184 52497417 736116 29410531 33289 5907 661847 920142551 25662 83 5108333 43181 5958676 8179 465431798 2 46402 16383 106332 10 15 707373499 2870 6 1988 52 15 92882634 5 44 326842 5550723 404203 8 3204676 4 8 689403888 798044935 6 43117473 784 4803810 18179069 560 20181 86983167 70 6 285 99897
6 71
32 58
37 23
66 11
8 53
3 78
30 68
41 57
7 28
14 61
50 67
77 22
43 24
63 39
51 49
45 16
6 31
15 49
74 9
15 11
44 54
35 70
50 77
28 53
30 40
29 3
20 6
49 74
61 24
44 1
73 21
5 20
64 32
45 50
45 38
55 22
12 63
32 11
33 7
26 10
44 70
54 79
15 53
47 51
9 18
30 21
58 10
43 25
43 24
47 63
30 50
28 75
32 73
25 46
50 67
3 33
11 60
78 63
75 4
33 25
40 77
61 38
36 18
29 61
59 11
79 14
2 33
14 62
8 63
43 17
69 10
41 8
42 45
13 76
12 28
75 31
51 7
66 22
20 33
54 28
78 45
32 50
79 25
13 35
22 43
26 67
79 29
3 7
37 39
23 46
51 18
23 24
8 32
39 45
1 39
58 46
20 18
61 26
5 70
26 7
100
1 100
1 1
1 1
1 7
1 10
2 70 95
1 1
1 19
1 1
1 1
1 30
1 1
2 76 83
1 1
1 1
1 1
2 11 56
2 75 98
1 34
1 43
1 1
1 92
3 13 14 62
1 1
1 44
1 1
4 24 38 45 88
1 40
2 23 68
1 1
1 85
1 2
1 1
1 67
3 66 69 79
2 15 93
1 74
1 61
1 1
1 71
3 42 57 60
1 1
1 31
1 18
2 46 53
1 1
1 1
1 94
2 17 86
2 51 97
1 1
3 26 47 81
1 96
1 39
1 1
1 78
1 1
2 29 55
1 1
1 80
1 91
1 1
1 82
2 36 65
1 1
1 35
1 1
3 48 63 89
1 3
2 20 58
3 12 84 99
1 1
1 41
1 49
1 64
1 87
1 32
1 1
2 6 52
1 1
1 1
2 28 77
2 5 54
3 21 33 72
1 50
1 1
1 37
1 27
2 8 22
1 1
1 1
2 4 25
1 9
1 1
1 16
2 1 59
1 1
1 90
1 1
1 73
