80 100
411436 63104058 93 878944 831184932 13945 54434771 912 9630 148 288003 63871555 261191986 45346 26152 821447 71795047 504 1420 599 913432 1991636 657 909396 593812837 4457209 370315249 10 6897992 9 56 29997 2 3309 89724 1 127 89757093 8 61 82522 87 6 5 7094729 49435 10 349 38823 96 720 973 2275955 46453 63118668 6199 190903078 4424213 456039 22 396 10 191439 673158 2344464 207778 19233 751743985 22 1467697 454031 9 4927 6 81933958 4 960 37 42429788 6436
75 1
70 72
10 43
32 63
78 17
59 49
46 41
77 46
26 16
55 71
43 70
51 57
78 13
13 22
21 9
8 21
29 66
14 57
79 4
29 30
38 67
39 6
65 54
70 7
34 38
62 15
49 55
44 65
44 63
80 1
22 62
6 78
63 42
6 57
55 42
8 70
38 62
43 8
17 62
43 53
59 22
29 57
12 33
53 3
5 21
37 12
65 49
54 20
49 12
6 56
10 74
62 21
43 47
57 70
58 13
59 47
23 49
43 63
50 52
42 29
24 76
66 22
45 59
31 27
60 70
25 69
19 47
31 67
21 6
71 45
55 22
17 41
63 80
60 68
5 55
2 11
33 67
63 39
33 59
11 34
13 68
19 48
14 45
40 25
66 69
44 12
5 68
16 26
19 52
33 61
49 67
15 52
56 30
44 63
17 37
70 40
25 52
11 32
36 30
50 36
100
2 62 98
1 1
3 15 27 29
1 1
1 53
3 41 85 100
1 51
1 2
1 1
1 1
2 25 81
1 95
1 33
1 10
1 1
1 12
2 56 99
1 24
1 4
2 70 83
1 1
1 1
1 1
1 1
2 31 78
1 13
1 19
4 43 65 88 96
1 66
1 1
1 84
1 72
3 23 73 75
1 38
1 1
1 1
1 11
1 1
1 1
1 1
1 1
2 18 48
1 63
1 55
2 34 82
1 1
4 5 6 14 76
2 68 94
1 86
1 1
3 32 80 92
1 1
1 93
1 74
1 1
3 7 16 39
1 57
2 21 22
1 1
1 20
1 1
1 1
1 1
1 44
1 1
2 49 69
1 87
1 47
1 1
1 60
1 1
2 46 52
1 3
1 1
2 54 79
1 77
1 17
1 1
1 1
2 50 71
1 67
1 30
2 40 58
1 1
1 1
3 8 26 91
1 1
1 36
3 61 89 97
1 1
1 1
1 1
1 1
1 42
2 28 37
1 35
1 1
4 9 45 59 90
1 64
1 1
