80 100
4 3787 6488 731373391 256 1242014 3769 176 4 768 9246 8387783 7211530 484215329 10987 72701167 10 2256368 636032 398653 140 2869 679965 98 49 537 168941441 186513 58 9 25409595 608639172 2162 56 64366 81731344 43048 202 3953713 38 7009 901945714 2121 9465 41511 7 16645302 71236 48 517862 729910714 1 6954 24386486 4922 69148 246 83386859 2 945798 34714 70 96137 9448760 42839 2 26 83984 9 45602 7435 664595 3097823 5128 6098131 563320968 83 853 62125 99
76 48
18 40
56 32
4 55
4 52
5 20
1 43
5 42
9 26
50 12
48 62
24 45
57 22
17 33
58 79
47 43
41 30
32 20
70 31
18 47
28 68
10 68
39 54
35 51
54 68
80 53
56 55
61 43
18 24
34 32
13 20
40 14
69 6
20 65
29 37
33 77
51 16
11 59
15 53
18 35
26 48
5 73
8 35
74 73
36 39
62 64
69 33
72 17
37 55
20 22
30 31
71 5
19 54
71 20
54 32
42 23
75 33
17 22
16 48
71 29
74 61
45 23
1 65
5 10
59 37
54 5
58 56
67 27
80 48
64 31
40 28
71 5
66 64
21 11
31 36
13 7
3 63
14 43
4 70
44 37
2 37
37 75
19 79
17 1
80 79
80 37
21 19
39 67
35 37
72 12
26 71
37 45
33 60
10 52
51 17
33 52
15 39
40 12
67 50
34 65
100
1 1
2 7 87
1 1
1 1
1 2
1 68
1 86
1 1
1 1
3 26 27 83
2 54 78
1 60
1 1
1 70
1 43
1 88
1 76
1 34
1 52
1 1
1 12
1 1
1 84
2 64 77
1 58
1 17
1 71
1 1
1 73
1 1
3 20 69 82
1 39
1 45
1 1
1 1
1 1
1 1
1 1
1 35
2 44 79
1 1
1 1
1 93
1 19
2 28 97
1 1
3 23 59 96
2 4 11
1 1
4 10 47 67 91
1 1
1 81
1 14
3 22 29 80
1 98
1 1
1 1
2 31 92
1 40
1 1
1 1
2 18 99
1 6
1 1
2 5 38
1 3
3 32 49 63
2 72 89
1 1
1 1
3 9 37 53
1 1
2 21 74
1 94
2 15 66
1 1
2 61 75
2 36 50
1 55
1 1
2 48 65
1 41
1 1
1 1
1 51
1 90
3 16 46 62
1 56
1 24
1 1
2 30 85
1 1
1 1
1 42
1 1
1 100
1 1
1 57
2 13 25
3 8 33 95
