80 100
8977 12 561828 688 6 87936662 923 61444028 786732 43 2403370 7640210 6919234 22 6 39799950 177 862 41151 74807 5 86484180 4 308 10 892 49 239420034 43702 203 395977134 5 90645 950893559 61362 604 14 146806 3227580 76 8597 983658317 397 57774 84 829192 27798525 63675 99292210 569606 489882574 3856 35089 57682 20900498 138739465 344 95048775 2 2706777 5 309 21 27 157 5278 34502572 2857 41418653 44822 76543 451216 554024 774247430 8330391 759498 7 61707 81 2
5 36
62 70
31 68
71 51
64 74
62 1
79 33
75 13
5 78
29 13
41 72
41 47
52 38
73 54
56 23
30 68
38 45
68 31
65 78
71 69
37 43
44 19
57 43
20 8
44 59
11 63
47 12
33 59
76 68
36 45
23 80
44 24
36 38
61 3
51 37
27 4
17 75
77 40
69 30
18 68
36 30
57 16
35 3
52 26
56 44
4 80
58 60
13 74
58 80
23 49
47 24
11 19
65 56
14 51
14 28
41 24
55 31
31 6
8 67
75 28
12 60
14 77
74 39
16 10
56 15
80 71
63 24
79 7
45 65
16 78
25 5
53 66
72 75
42 74
45 26
78 7
36 14
70 14
72 8
11 15
53 48
15 71
30 3
67 46
42 73
80 21
15 19
29 62
55 69
4 18
6 80
53 36
27 32
50 33
76 79
23 54
39 3
45 63
58 8
54 44
100
2 30 93
2 12 69
2 60 85
1 1
1 80
1 42
1 1
1 1
1 61
1 1
1 1
1 1
2 68 74
1 1
1 1
1 50
1 1
1 1
1 79
1 2
1 1
1 81
4 10 24 29 32
1 1
1 1
1 1
1 53
2 71 82
3 14 59 72
2 13 90
1 1
1 1
2 38 43
1 1
1 4
1 15
1 26
1 17
2 11 77
1 51
1 1
1 1
3 23 27 66
1 57
1 1
1 1
3 87 89 96
1 34
1 1
1 48
1 1
1 37
1 1
2 8 64
1 1
4 3 73 94 99
4 20 49 55 67
1 18
1 1
2 62 97
1 1
1 1
3 9 28 76
2 35 44
1 31
1 1
1 36
2 7 78
1 1
1 6
2 5 16
1 1
1 1
3 19 39 91
1 46
1 1
4 56 63 86 88
3 41 54 100
1 1
2 47 83
2 33 70
1 1
1 1
1 1
1 1
2 21 75
1 92
1 1
1 1
1 58
2 65 95
2 25 40
1 1
1 84
1 1
3 45 52 98
1 1
1 22
1 1
1 1
