80 100
786 999161 671231 7626953 23 9868417 17314921 5 80306 400169 1971 217766 898 185578292 514642280 4429 838107 3165511 42079146 3199203 5151 811 51782620 461701123 339138168 4 177610808 751490 90317534 558 465347 28741 9243 57 777283965 961 10 397349817 7 321172756 34725596 4470150 2435 3 6672937 1325974 2649048 2 5786 5018 3999 2386 710532639 822273252 9 4952848 218121 316460 13597 474 88 724 50657590 9596 9324553 137719 89 4941675 29 9909674 739 98 1879 50 8628967 8833 9692837 11 9331272 32789
8 4
66 40
69 28
16 48
11 30
58 46
46 56
44 16
36 25
75 78
63 39
6 51
79 17
33 52
13 33
69 20
9 56
5 2
45 54
18 28
25 65
80 28
71 45
67 36
68 31
46 70
19 45
56 3
47 49
73 68
26 53
28 2
29 20
27 46
13 29
79 56
54 55
25 32
72 59
48 35
14 42
57 53
11 58
61 4
27 41
53 22
5 9
47 30
10 11
55 78
66 55
59 54
43 39
52 9
14 8
60 39
7 10
67 68
4 61
53 65
77 16
58 8
23 28
2 33
69 80
74 45
18 8
79 6
56 33
18 60
71 73
60 9
58 42
64 62
55 61
65 42
10 49
60 40
15 11
6 7
69 12
28 35
16 66
48 15
19 26
41 56
27 53
59 45
6 37
26 15
36 48
59 75
10 1
62 52
60 39
63 13
20 4
48 77
76 31
45 27
100
1 25
2 52 97
1 1
1 1
1 13
1 82
1 47
1 74
2 10 24
1 1
1 69
2 27 80
1 65
2 58 88
1 1
1 1
1 70
3 15 26 63
4 23 35 83 90
1 94
1 66
1 1
1 36
3 30 33 40
2 46 92
1 1
1 1
1 93
1 96
1 1
4 21 22 77 99
1 1
1 1
1 1
1 86
1 39
3 42 57 64
2 18 49
1 79
2 54 72
1 2
1 1
2 19 53
2 4 51
1 1
1 1
1 1
1 12
1 1
1 1
1 32
1 1
2 45 71
1 9
2 37 87
1 1
2 8 75
1 1
1 1
3 38 50 85
1 1
1 1
1 60
1 34
1 28
2 44 59
1 41
1 91
1 55
1 1
1 1
1 1
2 3 76
3 5 31 61
2 62 89
1 68
1 1
1 1
1 1
2 56 78
1 48
1 1
1 84
1 1
1 6
1 1
2 20 67
1 1
1 1
1 1
1 11
3 43 73 95
1 98
1 1
1 81
3 7 14 17
1 16
1 100
2 1 29
1 1
