80 100
791781555 1 84286 7004303 129117 4486647 7733 416 43556 794780048 7022 47 5230713 6470785 73008 81017 406386 62175 1 469727 51 598002 16044477 24344897 63 474421 603773 6 9139308 23262 50 6 9 24 241 753181 1161784 49 96 12921 347238295 481 313483 7303760 14175021 51 4078 10 6376 4850 89776 78401 660605512 629 12141092 93371202 5620683 49 80302718 79353526 860672457 42 390460 91915172 358 726 1543794 7337856 9 96147 6172011 902946 562468 454176607 68044 4553 51724 58 5 82846960
23 71
78 70
70 72
29 53
41 57
72 23
9 13
29 3
33 52
25 56
60 1
9 75
3 55
60 73
80 64
33 55
69 36
13 21
62 20
65 43
39 49
58 60
41 36
52 71
70 61
68 35
80 62
62 38
11 6
33 23
27 78
41 13
42 18
34 69
31 63
34 21
22 74
68 13
48 62
10 30
52 77
25 39
6 11
59 48
63 22
41 74
77 79
37 65
14 41
60 27
23 77
68 53
66 26
14 62
64 42
51 49
32 13
1 19
65 54
9 67
3 59
51 58
74 55
17 7
24 56
53 76
13 2
76 9
18 77
3 12
27 61
42 79
47 69
44 8
66 79
52 13
15 44
15 62
68 80
67 53
32 23
24 62
57 50
71 76
19 40
33 54
3 37
54 7
76 69
16 10
52 36
49 33
45 31
57 53
34 15
3 54
68 28
64 73
76 30
66 37
100
1 1
1 51
1 64
1 1
1 1
1 88
1 1
1 9
1 1
1 1
2 21 25
1 87
1 1
5 7 31 32 65 95
1 1
2 41 61
1 12
2 56 84
1 1
1 58
1 1
1 14
1 1
2 19 89
1 66
1 24
1 1
2 55 91
1 63
1 73
1 54
1 1
5 10 20 37 78 96
1 75
1 52
4 29 39 42 46
1 8
1 40
1 1
1 97
2 43 70
3 33 34 72
1 1
1 1
2 1 53
2 77 90
1 94
1 76
2 22 36
1 1
1 67
1 1
1 48
1 23
1 1
2 6 62
2 57 92
1 1
1 1
1 1
2 86 93
1 1
1 71
1 1
1 79
1 4
1 68
1 3
2 18 80
1 17
1 81
1 1
1 1
1 44
2 11 26
1 1
1 83
1 1
2 47 100
1 16
1 1
1 1
1 1
1 1
1 1
1 82
2 45 60
1 1
3 5 30 50
3 2 28 99
1 1
3 15 27 49
1 1
3 35 38 98
1 13
1 74
1 85
1 69
1 1
1 59
