80 100
47998280 90765104 89 774267 89 15364 66292683 668118461 24 45053 832 993646513 53459367 40757 10 713379420 64 47223873 35 322 1062031 9927933 201 97470 409582431 4908536 18600 50 8982875 3040 889961464 6998 851 7297595 85889379 48707858 52638 82254 1849 14 67753880 40183 8742 1058402 14947 46450 56874613 8203467 148742 75603 99707181 569282093 70 381550810 7858333 95 94183921 7217 4769 54182 34741 903749 9955 31 35062 14 346320 42958 5 22 7767 7 63438 793 3 85 904846 120 730897208 81312356
42 78
44 41
65 18
14 78
39 64
13 27
25 9
78 6
6 9
69 29
46 1
10 37
28 34
1 25
44 5
12 34
66 7
53 30
30 14
54 62
41 39
28 24
15 70
17 13
37 63
51 20
34 80
13 55
9 61
11 37
21 34
74 15
48 77
28 31
9 72
13 27
51 34
20 76
9 11
79 18
44 78
30 13
6 79
67 72
44 9
14 46
40 63
33 19
27 36
74 14
28 42
70 67
65 20
54 80
62 56
21 4
56 32
24 19
62 13
35 11
13 54
30 32
72 62
67 7
56 55
43 74
70 27
63 61
38 48
9 3
22 60
74 72
41 56
77 16
65 61
49 34
19 24
69 41
3 21
35 65
66 4
25 75
80 56
9 6
32 43
65 72
45 8
40 24
70 29
73 74
17 75
46 40
16 47
22 60
61 1
7 72
79 3
29 59
68 28
47 8
100
1 1
1 1
3 2 51 97
1 68
1 1
1 1
2 24 52
1 11
2 13 39
5 7 8 30 42 83
1 95
1 1
1 1
3 18 22 76
1 1
1 1
2 45 81
3 12 61 62
1 60
1 1
1 1
1 58
1 1
2 43 59
1 1
1 32
1 56
3 3 63 78
3 14 84 91
1 1
2 34 41
2 46 92
1 1
1 55
2 36 80
1 44
1 6
1 1
1 1
1 87
3 1 98 100
2 64 79
1 1
1 1
1 1
1 1
1 1
1 1
1 16
1 69
1 28
1 15
3 4 10 17
1 1
3 5 31 99
3 29 54 66
1 1
1 65
1 1
1 1
1 1
1 67
1 1
1 1
3 50 74 77
1 1
1 70
1 53
1 1
1 1
1 88
1 89
1 1
1 1
1 82
2 26 49
1 71
1 1
1 1
1 40
1 75
1 20
2 47 86
1 1
1 35
1 1
1 48
1 23
1 1
2 9 72
1 21
2 33 96
1 19
2 27 94
3 38 73 90
2 37 57
1 93
2 25 85
1 1
1 1
