80 100
25176 76231 10 53 5 52192 79007784 4354 3 93 323036 155812683 393 83 1030 5 5 542130 5281634 224 785940 63 986243 40784 658507435 48 8485 73 1 55144 9 13727 9 6207027 8985523 5262 5583266 24811 24 767804372 668444 776 97962 3895 64689 602 8 2 4732810 9309988 4321 746223 454426 54699 398020 990817350 344302838 8 54570 575173510 11855 132 85 799732787 878049592 5 4 250434 4393 92 39752317 73303 3 15776 810 37954015 96 44804 425712 129118079
61 57
2 74
60 72
45 51
41 50
28 21
18 78
50 13
48 75
68 19
69 72
5 45
48 31
73 43
74 41
38 34
22 45
37 8
10 62
55 56
18 61
45 47
67 62
78 16
5 50
74 13
47 10
68 71
37 77
48 38
18 36
9 45
43 51
68 32
36 45
51 29
77 66
25 49
17 21
17 20
60 9
42 77
46 60
44 18
2 28
35 75
77 70
48 31
79 65
55 15
32 76
35 12
78 43
1 46
14 50
43 58
41 76
74 13
1 25
49 20
66 11
7 51
34 9
18 62
23 56
11 8
38 61
38 61
70 20
39 51
3 55
76 9
28 11
29 59
4 28
20 40
71 11
43 76
8 40
65 36
33 21
52 74
53 46
5 74
11 63
32 39
36 22
74 65
79 15
45 1
46 42
71 14
43 38
49 8
28 32
41 69
53 76
67 21
17 45
37 60
100
4 33 54 62 82
1 31
2 20 47
3 26 43 91
1 22
1 10
1 1
1 100
1 17
1 1
1 32
1 83
1 85
1 1
1 1
1 68
2 14 89
1 1
1 1
1 38
1 1
3 6 45 95
3 8 34 39
1 1
1 1
2 1 97
1 11
1 1
1 51
1 75
3 48 76 92
1 1
2 21 27
1 72
3 28 37 96
1 1
1 90
1 13
3 29 46 58
1 1
1 1
2 60 73
1 1
1 1
1 1
1 40
1 1
1 1
1 1
1 1
1 1
1 84
1 1
1 1
1 36
1 61
1 1
2 2 64
1 1
1 1
1 25
1 19
2 42 74
1 71
1 1
1 1
2 23 52
1 53
1 1
3 44 81 88
3 9 16 67
2 12 78
3 24 70 79
1 1
2 35 86
4 55 56 63 65
1 1
1 1
2 77 98
1 1
1 1
1 57
3 5 50 93
1 1
1 69
1 41
1 3
2 7 30
1 1
1 1
1 49
1 1
1 1
1 80
2 18 87
2 15 66
1 1
2 59 94
1 1
2 4 99
