80 100
2 8479 6939 627114998 90464964 6643 444329618 6114418 874 9598 3 5 903 401 8637 13409 4086849 51 90103043 826 4462152 305977 625 3445 12107 40093569 728086 4597 33 6 49083791 78871548 985100384 953 725983945 7 675872473 9850342 3785 68171 77 6 5104070 6 4805479 64810820 36570933 862 60193784 19 884751431 9081236 254 84844090 16191188 45 55557593 553749 41 2990 19 9 101581798 1 5 5446 1496389 562619672 46 133350 7852021 6383 8823459 78176020 8955 19873 219 180 9153 1174927
32 1
1 32
14 38
53 13
40 9
21 56
39 49
15 71
43 55
8 28
16 66
46 70
1 38
51 78
55 76
40 3
64 3
17 10
45 9
64 61
28 37
67 52
79 31
58 75
35 15
31 62
42 56
71 34
76 22
57 18
14 52
34 23
9 31
47 12
39 34
67 66
42 35
41 7
61 6
9 1
53 49
31 58
63 58
15 16
9 57
30 25
41 59
21 49
1 71
20 70
56 63
70 59
78 9
24 34
22 73
32 47
14 74
5 67
38 60
72 47
36 45
40 60
8 30
64 78
53 26
31 63
57 49
17 33
77 66
41 77
60 25
36 77
14 70
49 23
26 47
1 18
68 47
42 45
46 74
40 58
77 4
5 75
27 66
13 31
3 13
28 50
43 18
7 2
32 59
9 11
27 42
34 80
33 79
63 26
54 2
22 71
16 2
42 46
65 24
51 35
100
3 10 63 85
3 6 36 45
2 21 90
4 9 19 98 100
2 7 42
1 1
3 65 68 88
5 17 23 25 48 92
2 87 89
1 1
1 1
2 59 88
3 9 61 74
1 1
2 73 89
1 83
2 16 22
3 24 76 96
4 21 32 63 64
1 1
2 3 82
1 48
1 57
3 7 78 95
1 19
2 6 12
1 1
4 29 55 58 81
1 5
1 37
1 20
3 43 64 94
4 11 58 93 96
2 3 42
2 2 84
1 65
4 38 57 76 100
2 32 94
1 1
1 1
1 1
2 52 69
1 1
3 27 84 86
2 28 44
5 8 23 29 40 78
3 34 53 55
5 4 14 26 31 54
1 50
1 43
1 98
1 1
3 12 49 53
3 37 68 69
1 1
4 33 46 51 79
1 35
2 38 82
1 1
4 24 49 70 93
1 97
2 30 85
2 60 71
2 62 92
2 60 99
1 1
3 18 22 40
2 11 66
2 50 90
1 47
2 1 70
3 18 75 87
3 34 41 79
1 56
2 72 81
4 31 44 51 77
2 86 99
1 80
3 8 30 77
1 59
1 72
4 4 27 35 91
2 28 80
2 13 25
1 61
2 16 75
6 14 15 39 54 56 91
1 1
4 13 33 52 67
3 5 15 39
1 73
2 62 67
2 26 95
3 10 74 97
1 1
2 2 46
2 17 83
4 36 41 45 47
3 1 20 66
1 71
