80 100
51736742 92 223175 5393654 5496954 6481 76842 15597383 7842957 4 2127 66 28 71686 5737 30 615997027 62228027 76462495 57762581 94145 7116 177453213 6659 759950262 66 157663 93945947 2215976 7 228502735 93340 3835 2197 166 56162 3352995 42283 7393979 8 63389176 92723 90 5307534 2 4 978651 250758 197612694 49522684 646235545 49 410258624 3 450 260379516 82 23792682 9555 715750776 788740983 1126891 93575 100 67003 9154 270 293 4796 866588796 68983 891 9899547 8668 91238202 365528 1875380 165711 4966 964652290
28 38
34 57
11 40
14 65
67 30
1 22
33 19
46 49
62 18
5 20
7 8
75 48
62 51
5 67
37 17
58 37
1 13
38 11
57 27
21 80
52 36
19 14
31 22
41 77
46 32
72 70
61 29
68 16
77 57
6 4
78 75
40 20
8 71
34 71
31 75
65 41
51 53
11 72
42 8
2 21
11 70
62 57
72 65
80 37
10 41
12 6
71 34
51 28
79 69
22 23
13 43
3 56
31 15
35 18
62 47
44 52
36 54
29 28
13 4
32 46
79 8
56 77
54 69
8 76
78 50
34 47
38 48
58 25
70 80
41 28
58 38
69 51
66 22
13 39
16 9
35 4
2 78
69 58
75 57
16 40
38 56
39 41
46 66
8 21
46 23
38 71
45 69
30 8
46 55
57 56
47 48
19 22
4 11
69 61
73 43
65 57
45 46
7 38
13 5
71 11
100
1 4
2 10 74
5 3 12 85 88 89
2 9 62
2 22 50
1 1
1 1
3 22 75 93
3 4 71 95
5 35 47 66 69 89
2 58 81
3 29 44 100
2 39 76
2 15 54
1 1
1 79
3 53 78 94
1 77
5 8 36 41 63 92
2 6 45
2 37 59
2 36 95
5 17 26 67 72 98
2 18 67
1 66
2 13 68
6 11 18 24 40 70 83
1 14
3 35 47 85
2 27 51
2 27 90
3 9 42 60
2 5 38
2 8 70
2 21 49
2 7 43
2 80 97
1 1
3 23 34 55
2 60 96
1 14
5 5 38 46 96 100
1 1
5 7 16 56 88 92
4 23 41 64 94
2 56 71
1 1
5 29 32 40 52 90
5 58 75 77 81 87
1 1
3 26 33 57
3 15 30 78
1 10
1 13
3 20 39 86
2 34 84
1 42
4 11 16 33 61
5 3 20 28 52 65
1 63
1 1
1 1
1 53
3 32 76 91
1 69
1 1
2 24 25
1 44
1 19
2 48 99
4 28 49 72 86
2 17 84
1 45
2 31 82
1 87
1 46
1 6
2 2 99
1 1
1 1
1 19
2 54 64
2 2 98
2 65 79
1 93
3 30 37 62
3 1 43 61
1 1
1 1
2 74 97
2 68 91
4 25 73 80 83
2 1 57
1 1
2 55 73
1 12
2 48 51
2 21 50
1 82
2 31 59
