80 100
44489473 563 7931 680 3701 5207137 685 89619150 371 320387 83936683 133 766 9025 158363 9519062 1 821476 917729 1791 476 6106 6 800 36 9829 7 133754890 544079 576363 3258 7 238504 5400310 905865 48 717864 5651 29134 57777 69415322 1897862 64 60 83389983 608225026 53 9 288 394 7 52074 28980 69620932 2417 83 2808 10 1 6024024 616 4 71197 2957 504207 736 78342 800761 5475 888 10 11 2 924 1674222 38054 265623 53770733 1781 145800300
57 60
46 8
53 70
17 54
27 46
55 39
35 28
10 75
17 75
19 58
28 57
7 22
18 40
13 8
29 40
75 16
18 70
13 36
2 75
5 61
44 21
80 73
35 74
38 61
55 45
79 41
10 60
1 37
39 29
31 33
26 45
23 77
76 79
66 5
55 54
42 66
35 52
56 70
63 4
2 32
66 39
21 60
24 66
18 35
2 8
39 17
74 40
44 35
36 63
41 49
21 48
47 54
9 50
47 16
35 52
61 46
40 37
51 42
57 6
10 48
60 7
74 33
46 61
41 64
39 25
21 31
6 78
71 18
61 35
6 16
50 31
25 37
36 58
31 26
74 49
18 71
8 25
78 58
18 33
45 28
7 1
69 20
31 65
6 75
69 27
14 1
39 3
62 12
16 42
70 8
73 53
58 32
26 39
64 23
63 36
67 8
65 68
76 4
62 14
11 61
100
3 10 48 57
1 58
2 9 51
1 3
1 89
4 7 41 75 81
3 50 71 93
1 82
3 20 24 36
2 26 72
1 2
1 79
2 33 42
2 17 67
1 97
1 76
2 59 93
2 45 53
3 43 67 70
2 46 96
3 32 77 99
1 1
2 60 80
3 4 27 85
4 6 41 78 98
1 18
3 24 25 30
2 28 42
2 60 90
3 38 54 76
2 22 61
3 8 49 73
2 32 97
2 16 23
3 37 83 84
2 74 88
3 29 78 80
3 13 35 95
5 15 16 31 34 55
2 38 92
1 1
1 1
1 85
3 28 56 63
5 14 34 36 40 88
2 37 47
1 65
3 25 52 64
1 99
2 62 87
1 84
1 1
1 1
2 43 70
1 1
1 94
4 23 68 69 82
1 65
1 10
3 44 53 89
2 12 91
1 49
2 39 75
1 45
3 72 95 98
1 1
3 19 31 96
5 7 20 57 62 66
2 21 56
1 30
2 22 79
2 52 100
1 27
3 9 12 63
2 54 66
1 2
2 14 74
1 50
1 59
3 5 87 100
1 86
3 3 6 18
4 26 47 48 58
2 21 71
2 5 55
3 39 40 92
2 13 17
4 29 69 73 94
2 83 90
3 33 46 68
2 11 77
1 1
4 1 15 51 81
1 1
2 64 91
1 1
2 35 61
4 8 11 19 44
2 1 86
1 4
