80 100
211 5819306 87 544819629 108 8957 876277 6 2382094 908687 690167623 315501 85379 89407744 707954 5552409 2709587 9 52782558 66727094 810022386 4437268 11355473 866305792 86916754 305 729 7704273 68314 2885 97691465 1397082 833212 785 27344705 596 39 94483831 27 716628 874 76433 9 277710711 53765 3691031 713268 6989 692693763 966225207 4 697756 345 856 3764 930404 1 720058385 650468 10 47327923 836396 34487 860564 368350 4 39209 407859 266708 353 10 880856 29 8 639895 5 529645 390 5114 513
37 49
3 9
5 29
74 1
11 59
4 75
67 53
8 19
34 64
11 19
55 43
10 65
4 36
3 68
23 46
9 24
39 72
57 68
56 49
46 17
37 78
37 29
18 9
80 66
57 41
80 56
53 40
17 32
65 57
26 23
50 49
55 28
51 55
50 52
72 46
13 8
41 30
58 74
15 7
52 16
80 13
40 78
50 18
50 73
80 77
39 66
67 6
47 48
6 68
65 26
10 52
36 29
58 56
56 9
6 44
23 5
6 12
23 56
70 51
57 21
1 41
61 48
53 33
18 35
30 66
73 49
2 48
70 64
36 37
9 36
13 75
51 55
37 28
16 18
21 75
11 63
64 17
47 35
59 15
69 5
25 2
6 26
1 61
41 5
50 66
37 64
47 78
13 61
62 26
72 70
16 62
80 49
31 19
21 51
79 56
8 34
24 16
59 38
3 55
34 61
100
1 37
2 65 68
4 20 52 77 99
3 18 23 36
2 3 75
3 7 28 69
2 62 65
6 12 30 61 67 79 84
1 39
1 25
1 32
1 49
3 42 61 73
1 1
3 4 18 55
1 1
4 31 37 72 75
1 63
2 27 80
1 1
2 73 96
4 1 6 13 94
4 19 22 33 38
1 5
4 35 40 55 98
2 64 69
3 9 27 41
1 1
3 29 84 100
1 26
2 19 49
2 6 85
2 11 72
1 1
2 44 53
3 47 91 97
1 63
2 40 51
4 7 11 46 89
3 46 83 88
2 2 78
1 86
1 1
1 28
3 39 76 81
4 8 9 17 68
2 71 92
2 4 35
1 45
2 13 74
1 10
1 57
1 1
3 10 34 45
2 14 90
1 50
3 14 34 80
1 1
1 1
2 33 76
1 62
1 56
1 1
2 58 94
4 43 58 99 100
1 85
2 22 79
1 95
2 1 74
3 47 52 82
2 60 78
1 83
1 16
2 29 54
3 48 95 97
1 3
1 57
1 44
1 70
4 21 32 41 96
2 15 87
7 2 24 59 67 70 81 90
3 36 53 89
1 30
2 16 20
3 8 26 56
1 1
3 12 24 38
1 66
1 93
6 15 21 25 71 91 93
3 23 64 86
2 77 98
4 5 50 60 88
2 48 82
3 17 54 92
2 42 51
2 43 59
1 31
2 66 87
