80 100
9 572 2045 352 42164185 25 1632863 123 30687 9181 472160 4053336 437917795 32336 614286076 3180440 9427 420007925 24 52385461 647 88 3198 328083 7102941 845166881 3434 5068713 92541 51471 5 755526 4057 610426 74719 608276 3374320 47201 26817167 64225 397986 5 697444 5454242 5 694041583 8445 26 63 5296 36760 9545 3 6513 788602223 26134345 46113 12758 2 14195 44812670 89478 311286526 148350750 8451544 91789976 5 442040574 62 87674 887 163 8323 3127868 247915854 7 2 112684 483982966 11366
34 46
61 71
74 31
18 28
55 57
30 74
73 74
64 71
7 2
52 66
79 39
62 79
38 41
52 70
64 33
63 40
29 70
34 54
39 25
17 7
78 33
8 5
44 76
55 57
18 13
73 13
54 74
12 59
10 37
8 75
52 73
63 1
48 9
66 18
52 2
80 40
20 12
2 23
38 5
21 63
43 22
33 34
38 74
47 72
53 50
13 56
75 23
67 11
35 68
3 66
12 35
6 21
9 4
34 15
51 35
50 68
1 53
55 52
77 47
61 67
29 15
49 61
47 7
22 49
19 57
52 69
18 51
30 38
33 1
47 68
33 61
50 68
39 36
43 69
77 79
3 38
2 73
13 66
58 41
76 33
69 64
10 40
29 13
66 41
17 73
55 54
29 34
60 19
9 18
24 1
10 38
56 78
33 54
79 41
43 18
5 75
54 15
58 18
29 50
27 21
100
1 26
3 27 64 89
3 38 63 87
1 69
2 64 68
4 14 22 91 95
3 24 38 43
3 12 93 94
1 66
2 39 48
3 59 95 97
1 77
1 84
2 52 87
1 1
2 73 85
2 41 46
1 1
3 15 42 85
2 4 62
2 28 83
1 77
2 30 39
1 60
3 45 90 99
4 37 49 56 100
3 33 72 92
1 12
1 98
1 17
2 5 23
2 19 70
1 3
3 35 54 96
1 1
2 40 61
1 89
2 88 94
1 40
3 25 71 73
1 1
6 5 13 21 42 81 88
3 26 30 76
1 14
5 29 32 58 63 90
1 72
2 2 86
3 2 50 99
1 58
1 17
4 31 34 68 76
4 21 49 50 79
5 1 3 13 22 32
1 1
1 44
4 1 7 8 52
1 83
1 33
2 34 36
1 75
1 62
2 67 80
1 20
3 16 75 92
4 44 48 59 86
2 67 91
5 18 24 36 46 69
2 53 84
1 74
2 55 96
3 6 10 98
1 1
1 19
3 16 57 78
1 56
1 54
2 29 66
1 23
2 55 60
2 15 74
1 9
1 45
2 31 81
3 4 35 37
1 1
1 71
3 6 11 82
4 57 65 80 82
6 18 25 65 70 93 100
1 20
1 1
2 43 79
2 47 51
2 10 28
1 1
4 11 41 51 61
4 7 9 27 47
1 97
1 53
2 8 78
