80 100
7012404 749731 457624 50391409 20441290 873 181062 3 890239 6 65896316 54499880 4068522 34 3533 2287775 735710941 9825246 632838593 12641 281 75606 41 9 79175 488 272 91 940809 964375824 406495354 968897 36144955 98612478 80 333 161825 9009 640014 165458 787341 58 24557044 9684308 768859201 689397451 467 9212169 186696 36 16691 4207514 835081370 249122 196 153415 613928 5 1448966 38 2 14768702 3587433 6 6951 8 8 70421 56518 3837301 509322369 14584512 14040 396577 3503912 686 41532 5 3274744 21507
52 69
11 19
1 10
22 52
78 27
40 61
11 51
75 67
9 56
16 38
29 14
39 12
1 78
11 73
29 36
59 75
24 9
3 13
71 74
73 2
54 57
43 57
4 57
36 66
56 29
25 34
65 74
75 30
28 48
51 1
30 2
39 27
75 39
4 14
22 40
24 31
22 12
70 78
48 5
38 19
31 76
6 23
23 54
74 80
72 51
27 43
33 70
72 56
17 7
31 58
56 30
19 80
49 10
26 59
56 12
79 21
64 62
51 14
47 63
77 46
33 12
44 28
39 65
43 13
5 73
61 9
32 70
34 25
59 2
28 61
80 59
36 10
75 34
32 22
41 68
45 46
51 43
22 21
17 24
76 29
78 45
34 39
49 35
2 51
22 65
42 44
49 9
13 34
33 5
59 36
43 69
14 4
69 40
24 13
24 25
50 43
31 58
14 72
73 54
79 75
100
2 3 71
1 13
3 41 79 94
2 4 80
1 19
2 18 63
1 23
3 45 55 57
5 2 9 72 76 93
1 70
1 73
2 36 99
4 8 25 46 69
2 37 49
3 3 34 99
2 5 6
1 44
4 21 48 49 66
2 24 68
1 1
1 20
1 38
4 17 56 80 92
3 16 62 100
2 12 83
2 53 59
1 84
1 60
1 1
1 7
2 35 52
3 2 11 53
6 9 10 13 31 61 88
2 22 25
1 1
1 78
2 46 100
2 67 95
1 1
2 64 87
1 41
5 23 34 43 64 95
2 33 75
1 1
2 11 24
1 1
3 20 74 93
2 51 86
1 26
1 84
1 1
2 1 91
2 37 88
4 6 15 29 42
3 75 85 97
3 12 14 50
1 39
5 29 36 43 54 57
1 91
4 31 47 51 77
3 16 21 40
1 63
3 47 68 85
2 7 28
1 15
1 1
1 19
5 18 52 66 81 87
2 5 17
1 94
3 33 38 78
1 59
1 73
3 39 65 96
1 92
2 45 65
1 1
1 10
3 30 70 82
2 54 61
5 14 58 76 89 90
4 28 48 58 96
1 1
1 56
4 30 67 81 98
2 69 71
1 82
3 35 50 79
1 1
3 1 8 22
1 4
3 27 72 98
1 1
4 55 60 77 90
2 26 97
2 40 62
2 32 44
5 27 32 42 83 86
1 1
2 74 89
