80 100
4035 631682494 84780 7 971 97 25575147 96021895 9385044 609902506 1073 4 265 80061 770521222 388 1491 7500 378545 251931 48767 899742113 274282 59 58006 898 26663 1 71 9188629 8 18 91855 56420846 50857 833345956 3 4485210 768 1 494 4935304 61709 452661 727541740 47 9689775 87 192618982 93 86109 86947297 81530 52665 14310 195330 4 818 378347362 322543609 874153641 268811 72991783 8 2657 177381 538 5 88909898 1708 226414755 109872 158150115 93938461 5670 8 3 695148 179386 64797
26 11
54 63
24 80
42 2
80 70
3 29
7 55
35 9
9 55
7 42
45 2
19 54
4 54
41 72
60 46
53 77
19 1
11 3
48 35
8 5
24 62
78 7
45 18
71 10
44 51
49 50
67 68
60 35
69 5
57 7
56 14
24 63
32 4
27 56
75 56
8 70
65 66
42 59
46 69
58 5
64 12
76 40
20 57
25 4
45 21
4 73
79 13
10 78
26 76
72 7
1 68
50 19
37 65
8 39
80 57
24 40
13 54
22 69
20 5
7 77
28 26
13 34
56 47
78 73
35 31
16 75
55 37
3 39
73 28
32 49
60 38
56 74
58 7
55 53
25 6
76 15
36 33
56 78
14 70
39 49
76 46
3 40
4 2
60 49
53 26
4 34
40 24
31 26
11 28
7 54
51 24
18 41
34 66
12 34
48 45
28 80
1 77
16 22
42 80
46 36
100
1 1
3 12 41 87
1 52
3 19 20 93
2 31 44
1 3
1 1
6 17 19 38 43 70 71
1 1
2 25 54
1 1
4 10 64 74 78
5 12 13 30 74 93
3 17 88 92
5 5 14 38 63 82
2 26 84
1 1
1 68
2 36 87
1 67
1 47
3 27 34 97
1 1
3 29 43 68
3 4 69 88
2 48 82
2 53 94
2 45 61
1 1
1 40
2 33 51
1 1
1 86
2 49 95
1 96
2 8 57
2 72 79
2 45 76
3 59 71 97
3 14 81 95
1 18
1 99
2 33 66
1 1
3 65 72 89
1 60
1 6
1 1
4 16 24 53 94
3 23 62 78
3 28 56 86
3 21 32 50
1 75
1 40
4 47 48 50 67
3 6 63 77
1 62
2 2 11
1 1
2 3 28
1 73
1 1
3 39 44 60
3 54 55 58
1 25
1 15
2 9 90
5 4 24 65 70 91
1 1
2 42 96
3 7 18 73
1 34
2 37 77
2 64 90
1 1
2 13 100
5 21 26 30 56 99
3 8 66 80
1 1
1 9
2 22 46
3 32 58 89
3 1 23 46
3 35 61 76
2 55 75
2 22 83
2 1 20
3 79 84 92
2 29 36
4 10 11 51 98
6 5 37 49 57 69 83
3 27 59 85
1 1
1 1
4 16 42 81 85
4 7 15 39 52
3 2 35 41
1 1
3 91 98 100
2 31 80
