80 100
2255520 66993 346435 4 5181 27 2 5248343 972187 3064427 7218 7270 433713 5 6 51988 2077740 737514 963 8 5038 60 52436131 31526134 1734668 19505 28382591 8289468 73130 24 1 889380 15101002 833 10053138 7 2851874 10 5374386 46471 2637 890129 82 349524 960798036 556218874 62839676 9 1500938 6539961 999679 293141462 9839 2293772 385108 959504914 8054181 842 77243 21478081 6137 5 7 213 7 2 499412 88 111952 2831 30933 10 56 62719 836297 16 69 5718 882693568 67528
77 75
48 54
61 49
35 31
12 79
51 33
27 34
30 68
50 60
52 61
72 47
10 31
73 57
45 75
69 76
44 68
40 27
23 12
17 13
16 8
68 13
1 58
67 21
49 17
77 44
71 22
48 23
14 58
3 18
15 39
55 9
28 47
23 74
43 25
46 25
58 18
67 25
2 78
28 76
54 67
23 26
2 16
57 5
33 30
28 22
17 18
3 73
72 38
80 67
37 26
2 67
33 64
6 57
61 4
13 76
80 21
40 53
17 76
43 17
46 49
77 8
41 17
80 75
65 33
73 56
79 44
31 25
52 50
28 50
21 31
50 52
3 41
22 25
70 38
64 17
2 28
17 62
26 1
64 8
5 12
58 75
48 34
49 67
4 46
43 16
79 54
8 5
69 70
63 5
19 18
56 30
60 28
53 13
66 19
27 79
9 23
42 54
41 57
6 69
10 23
100
3 17 51 87
2 42 73
3 30 71 85
5 18 64 74 79 95
2 29 96
1 65
3 2 59 88
2 34 80
1 77
1 52
2 67 72
2 9 61
1 70
1 46
1 88
1 44
2 3 39
2 4 9
2 38 98
2 55 83
1 100
1 54
1 44
2 39 62
1 18
1 1
1 41
3 13 75 86
2 55 60
1 35
6 23 24 63 74 77 93
2 58 78
1 50
1 32
1 1
1 34
1 1
3 45 50 52
1 81
3 41 75 95
1 1
2 64 94
2 27 30
3 5 91 92
1 1
4 19 47 56 100
5 6 7 15 33 57
1 1
5 21 54 68 79 87
5 21 40 46 69 89
2 68 99
5 10 47 49 84 97
2 3 97
3 53 61 93
2 38 65
2 35 40
1 8
1 86
1 48
4 8 56 73 91
1 22
1 1
2 24 84
3 7 11 20
1 1
5 12 23 31 37 62
3 31 76 96
3 16 58 66
1 1
4 4 53 57 98
1 43
3 15 72 90
1 1
2 14 63
2 26 82
1 78
4 12 36 51 89
5 10 20 32 60 81
4 27 45 69 92
1 1
4 11 22 26 82
1 1
5 13 25 36 43 94
2 29 33
3 16 17 76
2 48 71
2 5 85
3 2 66 67
2 19 49
2 80 99
1 59
2 6 25
1 1
2 14 28
1 28
1 37
2 1 42
2 70 90
1 1
1 83
