80 100
9 130648 924650 8077 310 8736884 59172 51279 3121 138356937 31 4545898 6341 46 170852 53908 45205257 825708213 23 35708 936641 2 4293415 8 8 2213271 4 40 423104 518816768 386395912 1 378718 819820033 35 5 7085303 9 429718179 21458 13852 7368159 922586 610 157 979568573 314 2338 39715 674 8 43394 60174 41449699 462071 56912 27 517412057 36026 192604543 52254815 642256 1 88 95 6 58616677 805518 929690517 271328 6242 183 478860048 5 642508880 9 15 10 282 7894
23 18
39 15
33 37
48 65
73 3
28 25
17 13
63 7
52 77
17 69
25 41
24 32
36 5
75 66
9 19
56 22
21 40
42 27
35 13
54 46
50 59
30 58
14 24
4 52
73 69
18 67
31 4
80 68
4 21
74 72
63 8
39 18
71 29
11 70
23 51
62 69
72 41
62 15
19 80
40 19
35 13
61 60
50 44
71 43
33 3
77 4
53 34
23 56
65 31
39 65
71 13
46 48
52 21
33 67
79 64
23 28
65 6
15 80
6 73
59 39
59 42
12 10
47 35
23 78
43 65
27 71
19 52
46 67
8 34
10 23
10 75
64 13
35 66
59 53
40 10
37 31
16 62
60 75
27 18
39 65
38 33
10 42
14 49
10 48
20 21
71 41
18 25
4 37
17 57
71 19
15 51
41 22
14 11
17 69
16 29
55 65
35 25
31 27
10 31
53 70
100
1 88
1 80
4 13 56 72 77
3 43 74 98
1 1
1 1
1 81
3 8 27 49
1 16
3 43 51 90
1 13
1 63
1 24
2 40 95
7 15 36 57 78 80 87 96
2 3 92
2 55 67
4 2 52 58 75
4 7 31 54 76
1 41
1 93
2 12 45
3 10 37 83
3 2 68 90
1 26
2 5 96
1 19
1 61
3 23 35 85
1 1
1 38
1 50
2 28 100
2 1 73
4 21 29 39 50
3 69 81 87
1 19
4 33 48 71 86
1 54
5 5 17 39 91 95
4 9 26 71 72
1 1
3 6 17 92
1 59
1 32
2 47 61
2 4 45
2 30 46
1 11
2 89 93
2 20 25
1 73
1 14
3 6 97 100
1 98
3 9 74 82
2 23 60
2 28 52
1 84
3 31 34 83
1 57
2 24 79
3 14 46 94
1 22
3 11 20 25
1 85
1 64
5 15 62 78 79 86
3 10 12 37
1 88
3 16 21 89
3 29 49 68
7 4 27 55 69 75 76 94
1 1
1 38
2 51 58
3 53 64 66
2 60 70
1 40
1 1
2 42 99
4 8 18 41 63
3 18 48 99
4 32 47 65 82
1 62
1 44
2 36 97
1 3
2 44 59
1 67
1 1
2 42 56
3 1 7 30
1 33
1 77
1 22
1 84
3 34 53 65
4 35 66 70 91
1 1
