80 100
1272 149 856828475 25 9 629 414480094 997681 2770016 9711013 693986223 14568535 64145401 3 507955877 6332642 7188208 815049 2 9102 769 1 13 12282 1 492 879 54 7 145166 221085 9654 485587 95 54 5207406 93 55547 860765956 1755 39435 153 8148794 848825 4 92323 3641562 8 7342 707171977 40650 3562 217831 28335 844 4 82346 266012707 14699577 61922340 8719091 8377539 999 7 98162 62 99387 25303 3133504 642 13751 267890 3403218 67949 8653585 31274 16 10 8618 441
72 31
62 19
31 6
14 40
4 50
27 55
7 60
7 67
49 60
77 57
15 31
76 1
48 42
55 71
69 53
13 11
18 46
13 16
5 34
49 24
66 57
24 15
70 29
1 40
19 72
44 76
51 32
60 64
29 35
74 7
39 65
27 29
77 16
4 2
44 69
47 65
69 19
9 4
7 15
35 50
31 68
26 24
79 46
14 40
40 41
26 31
66 54
53 18
61 25
25 64
37 65
42 23
55 65
79 26
19 5
64 21
62 56
15 18
20 9
46 8
56 75
6 69
68 72
18 23
60 52
67 8
2 43
70 8
40 6
60 15
25 8
48 32
7 68
18 80
48 59
8 4
52 39
22 1
11 68
57 37
8 54
3 40
60 12
17 28
76 77
43 52
64 20
14 7
47 11
58 40
51 57
60 38
38 34
36 11
38 5
41 61
79 25
20 7
5 2
10 40
100
1 74
1 5
1 95
2 72 87
2 29 44
2 43 80
4 68 73 79 88
2 14 45
1 1
1 18
5 20 46 63 97 100
4 22 31 48 50
2 40 75
1 33
2 25 81
1 1
2 3 84
2 9 80
4 21 45 62 93
1 30
2 8 96
1 62
1 41
2 39 63
2 23 98
1 35
1 1
1 47
1 13
2 53 86
4 28 36 60 72
1 71
2 16 98
1 59
1 1
1 1
4 21 40 67 78
2 64 71
2 76 100
1 25
2 15 89
1 52
4 42 48 69 70
5 4 12 20 37 54
1 9
2 38 58
2 31 82
2 56 90
4 56 57 67 85
3 24 76 95
4 4 10 11 55
4 6 49 57 70
3 66 91 94
3 33 75 86
2 81 91
2 69 96
3 32 64 65
1 1
1 34
3 7 52 77
3 17 32 73
1 29
3 8 79 82
2 17 68
1 42
1 1
3 12 51 55
3 44 61 97
1 19
2 24 59
1 89
3 5 37 54
2 51 84
3 3 34 43
1 1
1 1
5 14 16 41 49 99
1 83
2 58 83
4 10 85 88 92
2 60 99
4 1 7 18 92
1 1
2 27 65
1 74
2 2 19
2 30 38
3 39 87 94
1 46
1 22
2 6 50
1 61
2 13 35
1 1
1 78
3 23 26 36
2 26 53
3 66 77 93
2 27 28
5 2 11 15 47 90
