40 100
7 5132649 699540 5096 3191454 18407 57861146 654611918 4414 314300 354 127689 99778958 3709 737396584 2955 692 3 4 79600147 6131 6797 17752 69086 961 9 939537 16228541 10 302515 77 7935953 13 3 249089 56814078 4 3364041 568271663 798939024
37 5
32 1
25 22
5 38
39 12
21 29
34 38
25 10
36 30
28 30
23 30
7 8
10 6
37 6
39 19
37 6
31 29
39 33
21 14
17 23
5 9
39 32
23 17
36 22
30 11
36 15
24 36
17 15
27 12
12 7
7 28
38 28
6 26
37 27
12 11
27 16
36 29
30 14
18 11
8 24
23 29
8 15
35 8
15 31
24 20
26 32
30 6
35 19
10 40
27 1
36 13
24 8
5 23
28 5
4 35
8 25
10 36
4 32
20 17
36 12
4 14
19 18
28 1
19 13
1 11
10 35
9 18
26 6
6 28
18 3
14 19
37 25
6 30
7 6
22 12
33 19
5 24
23 34
5 8
35 28
16 28
32 5
40 6
28 40
4 16
37 10
5 27
11 32
40 27
6 38
26 34
6 9
31 5
39 34
40 33
9 11
4 9
6 25
34 10
30 2
100
2 20 71
3 51 66 89
2 37 70
1 67
3 5 9 83
3 8 48 82
7 8 23 30 50 52 90 92
3 28 45 54
3 41 46 59
1 73
3 32 73 77
1 1
1 94
3 2 33 38
1 16
2 54 86
2 56 59
1 15
1 1
5 13 26 49 75 92
2 37 46
1 1
2 11 79
1 1
3 12 21 47
1 81
3 6 19 25
2 55 88
2 5 93
4 1 42 51 89
1 2
2 75 96
1 28
2 38 63
1 24
3 35 62 72
1 12
2 47 62
4 1 4 6 80
2 61 86
1 36
1 22
3 32 68 78
2 7 33
3 22 69 100
2 21 95
1 1
1 1
2 3 42
3 10 17 31
2 56 100
2 34 85
4 29 40 76 97
3 26 84 91
4 41 48 60 76
1 60
1 68
1 71
1 1
1 65
2 29 87
1 1
4 20 34 50 90
2 24 99
1 1
3 18 58 64
2 57 58
2 39 97
1 3
3 11 27 66
3 74 79 87
1 16
2 13 61
2 17 83
1 98
4 23 45 78 84
4 39 64 69 99
2 43 74
2 30 77
1 70
2 40 93
3 15 94 96
2 9 80
5 18 27 81 88 95
3 4 31 53
5 36 43 44 53 67
2 25 49
1 72
2 44 65
1 63
2 14 55
2 19 82
1 91
1 85
3 7 57 98
1 1
1 52
1 1
1 35
2 10 14
