40 100
67 4 761 87759486 27265 2 219979 79285437 4 80642 66268516 35915758 7039214 10 79932 246249 5 248339 4939639 903855 80589 672 4 72379205 8423407 455447910 69564006 866727 360909298 54 857137 411 841133 382 663322656 484 8 85895728 64365 18439
30 16
36 29
28 30
31 17
19 26
7 11
18 36
37 40
24 14
24 1
32 13
2 15
3 40
27 22
36 10
22 38
10 33
38 6
20 17
33 15
16 18
12 25
14 8
19 22
23 19
33 24
36 40
19 40
35 21
25 33
24 33
4 2
20 37
38 1
19 18
30 24
5 13
25 20
20 25
25 4
14 36
31 21
22 21
40 36
28 29
26 34
24 1
13 20
28 10
11 33
18 16
26 36
33 34
21 32
11 28
32 33
23 29
16 21
26 14
29 15
28 14
17 15
18 3
38 7
23 22
17 4
2 22
15 35
32 33
29 38
1 39
4 31
20 11
26 8
27 15
33 26
12 36
22 8
30 4
5 15
26 18
13 31
36 40
33 34
24 9
13 32
10 6
5 4
8 35
6 38
39 16
17 12
18 12
18 31
36 4
12 23
24 29
37 13
24 6
29 25
100
1 1
3 62 80 90
2 5 84
1 2
2 51 84
1 65
1 68
3 14 26 69
1 4
1 77
3 11 48 85
3 17 22 42
3 53 67 91
1 1
2 66 81
4 18 23 51 92
4 42 50 64 71
3 56 57 70
2 52 80
3 7 29 89
3 13 21 34
2 54 99
1 1
3 29 54 95
2 38 92
3 27 35 82
2 45 97
1 36
1 16
1 58
5 3 20 33 61 71
1 1
1 3
3 21 49 59
1 82
1 62
3 43 46 79
1 1
3 41 45 86
1 39
3 15 33 47
3 31 55 94
2 36 37
2 4 100
3 1 67 90
4 8 13 15 60
1 88
1 83
2 83 98
1 1
1 41
3 6 35 74
1 12
2 5 75
1 93
4 12 24 27 30
1 68
3 26 97 98
1 63
1 61
1 87
4 59 60 69 96
1 9
2 1 77
2 46 91
4 6 31 34 78
1 87
1 10
5 10 17 19 53 72
5 2 7 39 49 76
2 32 40
1 99
3 9 25 96
1 1
1 58
1 1
4 8 64 78 95
2 44 89
1 72
2 74 100
4 19 55 63 65
4 14 30 50 75
1 85
2 52 79
1 57
3 23 32 81
2 47 70
1 40
2 66 73
1 28
2 16 88
2 25 76
3 18 44 73
1 93
1 94
1 38
1 37
5 20 22 24 48 86
3 11 43 56
1 28
