40 100
5 4360468 499 69872797 4 58296817 171870 229219803 616510 638515241 4 921 45651389 57876 8675 647793 311 3047 27893 9566235 254 15820824 46 4 566323 73 705 100 79 796439875 8 5 55266405 831397 2089 53836 8687638 52757 84690448 6163
36 12
8 9
10 27
36 2
20 40
23 7
18 16
39 4
1 7
1 29
7 31
5 33
18 6
36 37
1 7
11 3
27 21
28 40
24 6
15 34
8 39
18 32
8 29
11 2
36 9
34 8
21 11
1 25
12 7
15 31
2 29
3 23
23 18
21 15
34 17
18 10
14 19
1 36
18 27
3 16
6 8
36 4
29 32
20 37
28 11
2 31
7 13
37 7
38 23
9 2
7 16
33 3
30 29
35 26
36 40
5 8
11 25
23 40
1 14
37 36
18 11
34 4
33 28
6 1
40 37
7 34
16 37
10 40
26 20
20 23
33 11
13 4
23 33
37 22
15 19
37 6
26 6
16 25
22 26
32 33
5 28
10 20
22 25
22 35
25 14
23 19
28 23
5 28
10 12
37 36
23 4
25 32
2 30
34 16
35 37
36 6
32 14
40 37
17 2
29 38
100
2 6 89
3 16 92 99
2 39 63
3 41 47 55
5 11 39 54 71 93
1 11
1 57
1 1
3 43 78 84
1 1
1 1
5 41 49 64 74 86
2 30 55
2 7 52
1 22
2 15 98
2 50 91
1 38
3 36 47 51
4 18 57 69 82
1 90
2 18 24
1 17
1 53
3 27 66 77
2 60 81
1 32
4 12 23 82 85
5 8 34 67 70 83
1 1
4 23 58 80 96
1 37
2 35 49
1 1
2 33 48
4 7 40 77 97
1 1
3 45 56 72
1 1
4 5 62 64 66
1 6
1 88
2 26 79
2 80 99
2 12 94
2 20 93
1 44
1 1
3 3 22 68
3 42 58 63
1 19
1 4
2 46 48
2 28 100
4 8 36 73 86
2 13 84
2 19 96
1 2
3 14 17 76
3 5 45 92
4 43 65 87 94
3 3 35 95
1 73
3 13 15 28
3 59 72 78
5 9 29 38 54 90
2 25 87
1 79
6 10 16 21 29 51 88
1 1
3 30 34 74
4 24 33 91 100
2 1 2
1 1
2 4 76
3 9 31 75
1 1
4 27 62 69 70
1 52
1 1
1 10
3 31 44 65
1 61
3 1 40 81
1 32
1 50
2 26 89
1 1
4 20 56 67 97
3 21 95 98
2 59 61
1 1
1 1
3 53 71 83
1 1
1 1
1 46
1 42
3 14 25 85
4 37 60 68 75
