40 100
6308 86514206 56 9632 478 73360 88936417 2318529 738976 4391241 9980221 10 492948 900517 9060 2330 91229893 73715189 250 931710116 59281846 932862344 24 904 9 7 9153 1622306 799436 677 40224 4593 40 14179 38229973 99565 759247 1622736 6519628 3849
11 13
4 37
8 6
23 35
5 13
13 29
12 15
25 19
29 37
11 17
12 39
37 19
36 16
34 28
27 29
2 19
18 39
11 37
26 38
23 6
33 30
38 4
20 36
5 25
33 31
35 5
10 8
37 5
34 31
12 16
5 31
18 15
30 11
11 2
27 18
37 30
35 33
10 27
16 10
7 33
40 4
37 19
16 2
34 22
29 30
7 23
36 15
36 11
6 9
17 34
24 22
12 25
29 31
7 11
12 16
30 8
12 17
40 1
29 17
37 18
31 3
3 36
39 26
14 20
11 19
18 38
9 39
40 5
20 3
27 31
36 8
8 11
7 39
14 32
37 35
18 38
2 16
5 35
17 24
29 34
40 10
4 27
7 1
6 33
39 23
9 38
25 31
1 36
32 12
29 37
20 21
36 28
14 5
31 2
15 39
27 5
35 7
22 23
19 5
8 15
100
1 1
1 81
4 46 56 73 100
5 30 32 38 41 44
1 39
2 41 96
5 1 19 61 64 91
2 6 98
1 1
2 74 86
3 26 35 82
5 4 42 54 79 95
1 78
3 18 34 44
2 17 89
4 11 70 72 84
2 47 86
3 10 48 99
1 13
2 74 94
2 25 33
1 1
3 52 64 83
1 5
2 9 14
1 40
4 17 62 63 75
3 15 28 92
3 29 53 55
2 5 27
3 60 68 97
1 85
2 3 31
2 7 12
3 27 30 66
2 13 56
2 59 100
2 21 83
3 8 16 92
3 2 71 93
4 10 40 61 82
2 12 69
3 24 53 79
3 23 62 63
1 67
1 3
2 23 50
3 57 89 98
2 24 80
2 47 49
3 32 37 48
1 1
3 34 65 91
1 1
1 1
1 50
1 35
2 9 87
2 14 19
3 18 37 99
2 54 77
1 1
4 8 42 68 87
1 88
1 1
2 28 49
1 1
2 36 65
2 22 58
1 29
2 46 52
4 21 36 94 97
4 7 60 73 76
2 2 26
3 16 88 90
3 25 33 93
1 45
1 4
1 1
1 20
5 31 38 69 80 84
2 43 78
1 90
2 43 66
1 22
3 15 39 71
3 51 59 70
1 1
2 11 95
2 67 85
3 1 45 57
1 72
1 1
2 51 77
2 20 55
1 76
1 1
2 75 81
3 6 58 96
1 1
