40 100
5 13 7649862 46711 622483 49189 441 528 77868691 1143507 29971 2155 91734478 82579362 68732 1648 6044062 38367829 3480 9024 941 79275 73877483 9741 76412 5 42285 888703 4 5 8880091 21006713 71326880 42630521 348311 901 5 4108 785439 5
2 28
6 38
14 12
5 30
3 23
17 18
27 35
26 27
39 15
34 28
29 39
32 9
17 14
20 5
3 17
10 29
40 8
1 31
19 15
22 23
18 19
39 11
25 29
30 36
17 7
35 15
35 2
4 26
6 37
2 20
7 33
27 24
2 1
24 30
24 22
5 24
19 2
27 17
24 1
14 15
32 36
31 27
29 39
38 25
24 11
16 8
35 18
23 4
24 39
8 35
35 5
29 2
21 11
7 14
16 31
5 13
24 31
20 14
30 22
16 29
34 2
32 6
26 27
27 13
2 19
4 25
8 19
19 28
5 17
31 20
36 17
37 18
28 30
15 9
38 14
7 8
11 17
14 38
37 38
26 20
15 29
10 9
13 38
4 3
16 34
13 18
3 33
31 7
14 40
14 29
36 1
5 8
7 8
39 17
7 13
26 4
6 14
13 22
18 24
32 10
100
3 60 62 100
1 67
1 89
3 6 61 71
2 25 93
1 19
1 68
2 71 77
2 84 85
2 15 21
2 37 80
2 2 27
1 1
1 42
2 15 76
1 73
7 1 3 36 39 57 74 94
2 48 75
3 5 17 43
3 12 31 60
1 1
2 69 97
1 1
5 14 22 59 63 100
1 4
1 54
4 23 52 63 80
1 3
1 73
3 47 55 79
1 69
4 18 31 72 82
2 8 9
2 36 86
3 2 6 35
1 4
3 40 53 93
2 89 96
2 66 98
1 56
1 66
2 65 70
2 58 95
2 28 34
2 83 87
3 24 25 46
2 20 43
3 16 30 58
3 10 26 90
1 34
1 79
2 64 82
2 48 75
4 26 39 41 57
4 1 68 83 86
1 1
2 27 41
1 22
1 1
1 45
1 33
2 7 59
3 14 44 76
4 12 51 91 92
2 40 97
4 17 28 29 90
3 11 51 81
1 78
1 99
1 38
4 13 21 49 72
1 65
1 35
3 24 42 50
2 33 81
1 1
2 50 54
2 44 78
1 1
2 11 46
2 10 32
2 19 88
1 99
1 64
3 38 77 96
1 88
2 49 52
1 13
1 20
1 55
3 18 32 37
6 16 23 56 74 87 94
4 5 30 62 98
3 7 9 95
1 1
2 61 91
1 29
1 45
4 47 53 67 92
4 8 70 84 85
