40 100
757769 325 4 45357745 769749747 130624 25279701 27342149 5 9870617 6111 13334 790136 336969330 98279419 99930369 280481280 157132 979200259 66 6 824 509 5 30490574 6430768 5987650 89788 343414 6396 3 790676980 2344353 14725 41425047 8 5172762 9441 3572 920
12 25
20 30
28 18
17 31
35 13
28 33
4 33
9 39
23 1
34 35
37 3
18 35
33 1
19 32
20 26
11 28
34 9
32 24
7 22
33 19
17 15
12 6
10 32
8 10
14 10
30 20
40 24
26 36
17 23
26 20
4 14
29 10
30 21
4 39
29 35
8 37
30 7
2 14
29 36
14 23
8 3
21 31
33 16
5 2
40 13
28 3
35 5
22 40
7 15
20 5
38 3
20 30
9 12
13 4
6 13
20 35
39 17
4 11
34 35
1 40
25 31
39 15
20 31
9 16
3 34
36 40
30 4
31 4
40 19
19 9
30 9
15 24
2 25
1 34
16 26
14 6
24 17
30 29
30 23
8 33
32 30
16 19
35 11
36 13
37 8
37 13
14 30
27 16
21 34
39 26
38 5
30 4
20 10
15 34
9 20
20 33
19 39
37 2
30 31
19 16
100
1 19
1 60
3 33 76 79
1 4
3 8 20 81
1 1
2 10 81
2 2 27
2 28 67
1 1
1 88
2 1 89
3 85 93 95
1 91
2 12 80
1 91
2 7 12
3 29 43 46
2 23 83
2 18 65
2 7 96
2 16 58
3 26 62 63
1 55
2 26 31
1 50
1 90
3 45 53 65
4 13 27 39 98
1 1
1 1
2 55 95
2 42 53
1 1
1 1
4 35 64 79 97
1 41
3 21 42 54
1 51
1 96
1 1
5 1 36 62 82 84
3 15 75 83
2 35 68
1 1
2 4 34
1 57
1 54
4 13 17 66 88
3 28 30 74
6 6 24 25 37 38 49
5 14 15 71 72 93
2 94 99
2 61 94
1 1
4 25 34 52 59
2 22 85
1 1
2 43 67
1 1
1 17
1 78
1 11
1 86
4 20 44 52 69
2 56 70
3 3 23 80
2 24 66
7 18 40 56 68 90 98 99
4 5 29 51 87
1 6
1 73
2 11 100
4 8 14 38 39
1 82
2 5 73
4 9 32 64 72
5 3 30 57 63 77
1 40
1 36
3 10 22 49
1 16
3 45 75 92
1 1
2 46 86
5 32 58 61 70 77
3 2 71 74
1 97
2 19 48
1 76
1 59
5 9 41 48 87 92
3 47 50 84
1 100
1 89
1 21
2 37 69
1 31
2 47 78
3 33 44 60
