40 100
197 30980042 4929491 5228 41827 35903 100 38971454 732 4818500 7518214 2921 87 8 1378598 67510902 1150404 9040 422118 21292782 84256 6842742 57050 5332 79743 26 723 46161 849609 2905125 444429642 73793 7194946 946 94 395 8704 53384 65694 23886
33 27
1 24
28 1
9 17
40 29
32 18
21 23
15 2
7 33
35 1
14 11
3 36
1 24
39 22
38 4
36 38
16 6
25 29
29 2
12 5
13 19
14 20
10 34
40 34
11 23
23 17
28 5
31 4
10 26
15 6
3 28
33 30
24 14
35 6
7 20
20 39
25 7
33 7
38 9
19 7
25 16
9 8
13 6
15 26
18 32
17 30
9 21
23 7
6 13
6 30
28 32
25 10
2 27
14 11
20 15
24 9
2 15
24 4
37 20
2 4
28 17
10 26
30 5
32 23
20 32
11 16
33 17
11 12
7 3
34 29
7 1
29 9
13 18
28 33
23 39
39 8
1 8
37 23
13 31
5 16
3 6
26 23
5 38
22 6
24 34
9 24
35 25
21 33
35 4
17 25
22 38
12 11
5 36
26 39
29 26
11 37
36 24
4 31
9 32
3 10
100
1 1
1 46
4 18 34 53 94
3 5 29 81
2 5 27
2 20 95
3 11 12 42
1 63
3 3 39 98
3 9 15 89
3 32 76 82
1 72
1 43
2 9 62
3 13 55 58
2 19 54
1 1
2 1 23
1 31
1 1
3 22 85 88
4 11 32 82 96
3 16 87 91
2 47 68
2 69 76
3 2 60 71
6 6 36 46 50 78 96
1 61
1 50
2 53 65
1 1
1 4
1 45
1 84
6 6 8 24 28 40 57
4 18 39 79 89
2 80 98
1 1
2 12 48
6 21 37 51 71 90 93
1 1
4 3 16 44 61
1 65
1 33
1 73
1 80
2 41 64
1 84
3 17 70 77
2 10 77
2 40 49
2 25 30
3 27 56 78
2 75 83
3 26 73 94
1 64
4 7 20 37 70
2 22 74
1 99
1 1
1 35
1 28
1 14
1 1
1 72
2 13 95
3 14 44 86
4 8 43 52 92
2 59 63
3 66 68 75
2 23 93
4 24 38 62 85
2 67 92
1 51
1 31
1 1
1 54
1 55
3 34 67 97
4 4 42 90 97
2 10 74
2 25 30
1 36
5 15 17 56 60 83
3 7 33 57
1 86
3 1 21 59
1 1
1 88
1 38
1 41
2 69 99
3 49 81 91
1 35
1 26
2 19 48
6 2 45 47 66 79 100
1 1
2 52 87
3 29 58 100
