40 100
389556 27381 877773349 48 20883788 198825 2 247853 4 82070574 1707001 59734 575947 395842002 43432950 6 523655 4799 934664744 433775651 5 427988 11391 8251 460207 4 487517 431823886 9937 1349200 19784540 55 851010 224693 276 806931 380767271 24 529961 8191
15 28
7 21
28 16
15 11
8 25
16 10
14 20
26 3
15 32
14 29
35 22
16 22
32 1
26 9
8 40
22 14
5 14
10 22
32 34
5 36
29 10
12 31
19 37
33 2
18 2
16 15
33 21
23 35
9 1
16 38
19 22
37 14
33 6
31 29
22 27
11 32
35 20
30 15
6 15
40 34
12 8
19 15
34 17
10 40
37 7
37 39
19 33
30 38
28 20
13 8
4 27
32 2
22 23
10 26
38 39
3 29
32 10
19 8
23 1
29 21
5 6
22 21
7 23
29 4
23 26
38 33
4 38
22 23
9 33
33 10
11 34
3 32
8 3
16 4
4 38
28 8
22 31
32 23
2 10
14 39
37 24
23 34
27 12
18 19
33 38
36 1
36 5
38 23
26 27
3 37
15 32
37 25
13 8
27 36
18 28
37 15
14 15
3 16
30 24
39 15
100
1 97
1 30
2 40 95
1 41
2 28 55
3 41 46 80
2 28 44
4 5 20 39 50
2 82 91
3 57 65 83
1 27
1 54
2 71 81
1 80
3 52 84 86
1 1
6 10 33 36 72 92 96
4 6 63 67 79
1 78
1 66
2 48 85
1 77
1 1
2 86 94
3 32 53 71
4 2 13 30 84
1 1
1 1
4 32 36 43 73
2 16 74
3 7 17 81
2 58 93
2 11 91
1 83
1 99
3 15 49 56
3 12 25 79
1 47
2 2 29
1 14
1 9
2 22 42
2 46 56
3 55 67 88
1 1
3 34 35 42
2 24 48
3 3 74 75
3 22 51 60
1 1
1 1
2 17 31
1 75
2 76 90
4 4 12 34 94
2 26 85
5 9 60 68 88 100
2 68 73
1 1
3 16 45 70
2 8 70
4 57 64 69 90
2 31 99
1 92
2 18 29
2 21 62
1 100
2 27 37
3 15 43 45
1 61
1 1
1 5
2 1 21
1 1
2 63 89
1 35
1 51
4 40 87 93 98
2 18 26
4 4 50 53 59
1 62
3 19 38 47
4 8 10 78 98
3 3 14 65
2 19 54
2 1 77
2 6 20
3 23 24 89
3 7 38 69
1 87
3 37 52 72
1 76
2 44 49
1 33
2 25 61
1 64
1 1
3 13 39 66
4 11 58 82 95
4 23 59 96 97
