40 100
68 4238 3527710 5977332 1098146 562668419 573548 4 44003802 9 4 41865 5873712 69121705 32 39331 304 457 637564 667606194 60522 62 86904 820703391 606 51661 702723393 1217 784569818 680 1950 93 96590134 781 719991 44292 57020 32489918 42402642 85867813
2 40
2 27
30 1
29 26
35 32
32 13
28 19
14 9
39 3
3 21
24 32
39 28
28 3
20 10
15 28
12 1
4 40
13 11
34 1
24 30
25 5
30 5
8 34
19 30
2 6
26 11
38 17
37 34
13 23
3 32
27 36
20 4
3 12
39 32
31 34
10 38
21 33
25 30
32 10
38 15
33 17
22 21
6 31
22 35
26 11
13 9
5 31
1 13
25 3
9 4
7 28
29 15
34 24
35 9
24 3
36 7
29 9
27 21
40 18
2 16
10 30
39 27
36 18
25 11
4 33
5 37
8 30
40 22
13 39
15 36
23 33
32 14
39 22
13 1
23 32
19 5
38 10
15 24
20 18
18 21
5 32
9 29
4 2
3 16
6 12
16 9
40 20
3 33
1 40
22 35
18 12
34 35
1 30
6 28
34 24
7 16
39 24
27 26
22 26
12 13
100
1 27
4 13 34 51 94
2 40 85
5 2 54 89 91 100
2 7 59
3 27 44 64
1 14
2 24 63
1 29
5 17 39 41 90 100
4 8 30 57 84
2 6 25
4 2 18 75 84
3 32 58 92
4 15 41 73 78
3 5 28 73
3 1 64 98
5 7 9 56 57 74
3 12 16 33
1 48
2 12 52
1 23
1 59
2 10 37
2 19 76
3 21 35 63
1 77
2 4 88
1 1
1 23
2 56 96
1 94
2 39 88
1 1
2 36 60
3 18 24 71
1 1
2 25 38
1 83
1 42
1 50
1 38
1 31
2 17 30
2 50 62
2 22 68
1 1
1 65
2 29 99
3 16 77 86
3 36 48 66
2 14 62
5 3 44 47 52 97
4 67 70 82 99
1 80
2 86 87
3 53 61 76
2 8 20
2 69 80
1 11
3 10 20 33
1 1
2 78 92
2 3 93
1 98
2 55 68
3 26 28 75
4 22 34 74 96
1 15
2 42 95
1 13
2 65 66
1 1
1 46
4 55 60 70 83
1 1
3 54 89 90
2 19 21
1 32
1 9
3 4 81 91
1 61
2 35 85
3 5 40 49
2 37 53
2 47 82
1 46
2 26 79
3 11 43 58
1 71
3 45 72 97
2 45 69
2 6 95
1 31
2 79 81
1 93
1 1
3 43 67 72
2 49 51
1 87
