40 100
7563699 661 24699151 7693928 54274 5323051 237 74 33 597 44923073 5712760 588266 4293760 5052324 850 999927349 431013799 5589 647853441 58752 9699059 95137 6801395 24788887 2263377 3869420 57 10 440061 936 3 79 23503 3069141 2 703978 646047 64 522915
8 26
9 38
2 3
29 34
30 34
4 3
33 18
21 38
18 5
36 2
16 25
23 34
22 26
27 26
1 4
13 8
4 16
39 8
25 40
14 22
39 30
1 38
29 37
25 2
13 20
35 21
5 24
5 20
9 34
26 30
2 25
3 27
11 25
12 19
6 21
11 27
23 14
14 1
6 21
36 15
3 39
20 5
16 25
7 8
3 22
3 28
33 22
15 38
30 13
31 37
13 37
32 29
30 21
27 36
36 15
6 34
25 32
21 23
5 2
39 8
40 29
9 34
25 20
39 33
5 39
40 9
16 10
14 31
21 6
29 22
23 19
3 7
25 3
16 1
32 1
40 18
37 30
37 10
33 18
8 2
23 32
8 9
19 26
2 36
36 29
14 33
11 21
33 37
21 7
16 29
34 20
10 37
13 5
35 24
7 15
17 2
7 4
19 34
34 1
38 27
100
2 73 95
4 43 50 55 80
1 31
2 14 46
1 60
1 1
1 1
2 40 65
4 5 50 76 96
1 43
2 13 87
3 46 80 85
1 1
3 20 66 83
2 39 84
1 56
1 96
3 6 70 99
2 33 90
1 1
2 27 97
3 42 84 99
1 61
2 24 92
1 60
1 81
4 19 44 67 98
4 35 56 88 94
2 69 74
4 53 64 68 90
1 75
4 9 49 51 85
1 1
1 74
1 13
1 78
1 30
1 1
4 1 17 18 88
1 69
1 97
2 32 38
2 12 14
5 23 35 42 59 66
3 15 52 79
2 5 41
1 8
2 23 34
1 100
2 59 65
3 3 10 62
1 33
3 16 28 34
2 16 76
1 94
1 47
3 7 55 63
1 2
3 26 29 58
3 72 95 100
1 26
3 40 57 82
3 22 83 86
2 32 39
2 49 93
1 1
1 12
1 91
1 78
2 58 61
4 11 29 87 89
5 21 27 45 64 92
1 1
2 68 77
1 1
1 1
2 8 24
3 2 15 98
2 47 81
1 21
1 1
1 38
3 22 73 91
4 3 6 28 37
5 20 36 54 67 72
3 45 52 70
3 31 37 71
2 19 30
2 4 62
1 57
2 11 41
2 63 89
6 17 25 36 44 53 93
4 9 54 71 75
2 18 86
2 7 10
2 48 79
3 4 25 77
3 48 51 82
1 1
