45 100
208 1713 4023300 8493 76443 92601376 728 77 6419056 43 762 5035 476925 563622 9206407 1 2981020 4 86 5172852 123895182 77 385 6725895 546468 1263 37 9220 492 171797736 44718 225537 66 1766304 373 64303 69 36919999 5870 351 45 31389 80209 2290 7
12 44
31 18
13 22
43 45
42 33
40 22
43 25
34 35
3 19
10 6
13 5
45 12
4 3
38 30
29 27
23 40
31 23
23 1
33 36
28 12
17 18
40 27
10 40
10 36
45 43
19 21
37 3
39 25
20 28
26 27
35 16
9 34
35 12
19 38
41 24
25 27
11 23
28 30
32 13
41 16
15 37
29 18
38 44
9 13
25 13
24 30
7 24
39 13
36 31
10 1
21 36
20 35
12 39
9 35
3 42
32 28
12 7
30 40
5 25
21 14
35 10
25 36
21 2
38 10
24 3
38 40
30 1
26 7
27 36
20 21
28 14
12 22
9 21
37 29
26 31
7 23
13 14
16 35
29 10
9 28
5 41
38 24
42 6
22 39
42 22
36 11
28 14
19 35
2 10
39 35
20 12
25 40
24 44
6 29
37 40
29 44
6 33
37 4
14 40
20 31
80
5 20 22 61 69 84
2 32 62
5 20 23 66 67 83
1 92
2 42 57
5 36 37 43 44 97
1 31
5 33 69 82 89 100
1 1
4 4 14 65 76
3 6 30 42
2 27 54
2 15 90
4 9 53 63 100
1 37
1 18
1 34
3 60 77 99
2 15 81
1 1
2 67 98
4 10 13 45 68
1 91
6 3 12 56 80 85 86
3 10 11 19
5 17 27 30 89 90
1 64
7 1 39 47 70 75 94 99
5 25 32 39 55 76
2 59 72
1 44
4 28 31 41 84
4 8 22 24 56
4 4 5 29 93
2 21 45
5 13 33 36 80 96
3 26 58 86
1 82
1 85
3 2 52 65
5 53 70 71 94 97
1 41
1 40
1 1
1 79
1 68
1 1
1 55
2 11 71
4 18 63 64 96
1 49
1 21
2 40 60
3 74 77 78
5 49 51 73 78 92
1 1
2 7 59
4 9 35 51 54
1 88
1 1
4 28 75 87 95
4 38 52 81 83
5 16 34 50 91 93
2 38 95
1 5
3 2 8 87
1 14
6 1 46 61 62 79 88
3 24 46 66
1 1
2 25 26
3 19 58 73
1 12
2 74 98
6 16 29 35 48 50 57
1 1
3 17 23 47
5 3 6 7 43 72
1 1
1 48
