45 100
77113040 2157274 15 818785226 7 4134 63457 6530 3500 9092 4 57 65877 4742575 844623 878 51509 6200441 8 21659 67797 21 68520 677546 531938225 706 99 76357213 90528 520891 3216496 930 1 17 93423987 3815 527471187 731907 4271064 987 910409634 6416330 1132 804 80015267
15 29
18 28
24 28
6 38
28 14
27 17
24 36
28 43
11 29
14 43
23 31
14 5
24 27
12 9
20 19
22 19
4 23
38 44
10 4
36 38
9 28
20 12
13 22
5 31
22 31
15 11
27 5
23 37
5 4
43 14
18 2
2 5
42 44
32 10
43 41
1 12
4 16
23 5
6 17
33 19
14 26
7 16
32 36
18 22
32 27
19 23
17 10
12 9
32 14
8 28
9 27
4 19
18 3
18 21
7 14
37 7
3 1
10 42
26 39
22 41
31 10
43 26
32 31
11 29
2 15
18 4
25 32
14 24
31 43
31 11
31 1
29 45
10 2
39 15
35 12
21 27
34 1
18 28
11 34
21 42
11 4
14 36
18 4
6 21
28 8
39 12
15 5
30 29
41 24
20 5
10 39
30 35
39 15
23 25
29 11
4 41
35 9
45 7
32 8
9 39
80
5 7 36 40 44 86
1 20
1 84
4 30 82 83 97
2 53 96
2 3 49
1 11
1 1
4 52 61 76 77
1 1
4 35 48 55 79
2 8 61
2 33 88
6 2 28 40 42 50 92
1 93
2 14 94
4 16 34 96 100
1 77
1 5
2 39 68
4 18 33 50 90
6 14 18 47 54 91 94
3 23 58 62
4 22 64 67 86
1 1
2 19 87
5 41 44 48 56 89
2 32 95
4 23 26 59 72
2 25 34
2 10 58
1 1
5 53 63 66 69 99
1 97
2 59 98
1 1
3 38 79 88
2 17 65
3 38 52 87
2 69 85
1 70
2 35 90
3 51 85 89
1 1
3 17 24 100
5 37 54 65 71 82
1 4
2 6 75
1 24
2 1 9
4 16 22 57 63
4 31 47 56 74
4 6 29 43 95
6 15 25 26 30 51 68
2 41 45
4 1 8 10 73
1 80
3 13 78 92
3 31 73 81
4 21 27 60 83
4 7 29 66 67
1 46
2 19 43
5 15 20 28 46 74
4 2 12 70 78
1 57
4 42 62 75 98
1 1
5 3 5 11 21 27
2 13 84
2 37 60
3 12 45 91
3 9 39 93
1 64
1 1
4 71 72 76 81
1 32
3 36 49 99
1 4
2 55 80
