45 100
4 67824 627107 5374116 8033 27756 962652223 94 968 6 8284489 922879136 8798 69 7 111353 36 22 8 4 1707576 88 844366900 865311 89636 6963655 5901 443933857 3 22 93995864 8 288 400 767 77194180 39873 36362736 46152792 290395 6760 394 41286 199131 9698151
10 33
5 33
25 32
29 24
31 13
23 15
28 32
11 39
30 37
41 26
6 29
14 43
30 23
1 40
21 29
29 10
33 8
10 12
11 25
20 38
25 7
21 41
42 7
30 37
3 43
35 16
22 15
17 20
24 20
19 21
6 14
21 18
21 32
2 33
5 1
28 24
3 12
9 19
9 28
38 2
37 21
28 9
38 8
45 11
15 42
26 17
9 3
44 40
42 8
23 25
8 40
28 31
23 11
24 45
29 17
43 30
19 30
24 15
3 24
23 20
25 7
40 18
9 17
26 21
42 19
31 20
43 30
25 38
31 43
35 38
42 30
28 30
27 4
33 12
35 2
11 1
4 40
10 30
37 43
29 41
21 31
8 42
16 40
25 12
19 31
18 2
17 10
41 24
21 25
10 33
44 29
25 23
1 27
14 19
10 12
33 11
7 39
6 34
6 21
18 13
80
1 37
4 31 51 68 72
2 10 62
1 79
3 14 61 82
3 2 6 79
3 6 25 71
3 17 23 89
3 3 22 88
2 40 55
1 5
2 58 80
2 11 87
3 20 34 42
1 59
2 18 40
5 23 43 70 87 91
3 36 44 52
3 28 70 81
3 17 29 56
2 34 86
3 3 65 96
2 38 96
1 1
6 12 13 51 62 65 97
5 32 66 76 83 90
9 21 37 41 43 45 58 63 73 78
1 75
1 84
1 49
2 77 81
4 4 54 60 80
2 77 99
4 14 53 86 99
1 72
1 1
1 1
1 83
1 1
2 67 94
3 4 16 32
2 33 93
2 2 85
2 35 98
2 52 73
2 63 100
1 1
4 9 24 30 31
1 8
1 1
3 41 49 59
2 12 45
1 11
3 15 46 82
2 54 93
3 9 28 42
4 19 35 38 90
3 27 44 60
4 56 57 78 85
4 5 71 92 98
1 91
3 16 29 74
2 46 100
4 7 26 47 48
3 27 64 88
1 84
3 20 39 75
4 18 21 33 95
2 1 25
1 48
4 7 8 10 19
1 61
3 13 66 97
2 36 67
2 50 64
5 15 69 74 92 94
4 24 39 53 95
4 30 47 68 89
2 22 50
5 26 55 57 69 76
