45 100
4063 50014528 728134 47343 807940 65 57249 7907919 70 53447420 7 5851557 75214843 256165349 7 2631162 52243751 86920165 8836169 12554612 683853 4 4294 23516 562794 86139 8741975 74 41546782 61348 136461809 889781 644330424 4 3 901 54531372 98664280 4011869 70 80547961 859 626974974 58334 521
25 26
10 39
21 7
41 3
44 43
38 8
40 30
32 30
3 29
15 34
30 16
15 38
25 42
5 43
12 17
40 28
24 36
22 30
17 14
42 5
35 12
32 3
24 27
15 45
38 28
38 41
29 16
9 39
37 23
5 34
25 17
7 28
26 33
30 5
31 26
37 2
35 42
38 11
34 25
24 33
4 40
25 28
33 4
33 19
21 14
4 29
25 32
45 36
42 19
33 43
15 44
1 28
36 2
2 3
45 32
29 31
10 20
44 16
23 44
8 1
5 34
12 28
42 3
14 28
3 26
23 39
18 29
26 14
16 34
41 10
29 3
36 22
21 15
16 2
3 5
5 3
18 31
39 34
27 2
6 18
15 5
41 28
5 3
34 31
15 36
10 18
41 30
34 4
40 5
22 40
19 37
19 22
8 7
15 2
30 10
36 11
37 41
24 21
12 35
7 8
80
1 1
4 8 35 39 47
1 1
4 32 50 73 88
3 3 35 84
2 9 93
2 61 78
2 74 81
1 2
2 80 83
1 100
1 1
2 52 85
3 6 81 83
3 11 78 96
5 4 9 26 29 51
2 49 84
1 65
4 25 44 59 94
4 16 60 61 65
5 2 47 71 79 96
3 12 43 76
2 20 69
6 26 36 53 77 82 95
3 3 56 64
5 13 54 55 86 89
1 1
2 42 73
2 24 94
4 23 36 42 79
4 4 55 69 70
2 23 32
2 60 72
3 30 34 37
1 63
6 1 12 33 77 88 93
2 38 48
2 28 43
2 15 49
3 18 22 31
3 5 33 46
3 1 13 56
2 74 82
2 10 45
2 51 58
2 25 97
2 14 27
2 46 100
2 15 20
3 11 17 85
1 87
4 16 29 86 99
7 10 38 62 63 87 89 91
6 7 17 21 24 48 92
1 1
1 45
1 1
2 68 92
3 66 72 98
3 8 21 62
3 18 28 40
1 76
1 54
3 41 67 97
1 90
1 1
4 14 34 37 70
2 7 19
3 27 31 44
1 19
2 57 95
7 22 30 50 64 66 68 75
1 1
1 99
4 39 53 71 90
3 6 52 59
1 40
4 41 58 80 91
2 57 98
3 5 67 75
