45 100
8236378 105758 771 3992855 9 759 461093 9107828 5 205897131 4421 83 3 4 86 84972 78802645 29 1065 506774 8569 192243 535187 97 847214 996521 19 1905 8 4227354 3781105 9402 8818914 293472247 529425486 2417 288384 702908276 393870 1965 51116 61874 3523603 96 315
40 29
43 29
44 10
26 29
29 23
11 42
28 42
44 17
42 21
7 2
12 9
7 2
26 1
31 4
3 24
40 31
12 25
31 23
16 13
3 45
27 35
44 12
27 16
28 12
24 45
40 39
32 8
3 21
32 16
30 41
39 16
22 18
26 12
7 42
5 41
26 37
40 5
16 33
37 24
7 6
44 26
42 20
44 35
22 41
45 20
1 17
10 12
42 22
24 41
13 21
11 42
5 40
3 31
9 23
33 42
38 14
40 25
6 39
6 7
11 18
26 41
33 22
25 1
15 45
45 11
25 37
45 2
24 33
10 2
3 41
31 4
7 11
4 7
6 21
44 30
24 35
24 15
10 32
36 13
7 6
43 10
7 2
25 3
1 30
19 31
16 4
43 19
14 39
25 11
40 13
41 28
27 8
38 7
34 27
19 15
35 44
11 2
4 11
28 5
12 28
80
3 36 38 89
1 40
5 7 14 27 33 67
2 13 69
5 7 20 24 47 81
2 67 76
2 10 79
4 45 47 57 98
1 1
1 93
3 23 75 100
2 19 43
3 1 26 48
5 6 12 77 80 96
3 2 71 89
2 62 99
1 2
3 55 72 88
4 30 37 43 95
2 4 15
1 50
1 1
6 33 59 61 76 88 97
4 18 24 46 84
1 91
3 29 39 45
2 3 11
3 25 31 68
6 8 20 22 26 36 96
1 94
2 31 35
2 10 21
1 9
4 60 72 79 97
4 3 4 17 66
1 61
2 49 57
4 37 63 65 85
3 16 82 92
1 1
2 8 58
2 73 94
1 17
4 15 21 60 62
2 14 74
1 32
4 25 38 39 92
3 29 54 83
1 1
1 1
6 19 28 56 59 80 93
2 65 95
7 9 30 63 73 78 86 98
3 5 42 70
1 13
1 83
3 6 16 75
1 12
2 74 85
3 35 49 87
2 40 91
1 1
3 44 53 55
2 34 100
2 5 18
1 86
1 99
5 1 52 58 69 87
1 53
1 42
1 84
2 50 64
5 32 44 51 78 90
4 11 52 64 81
4 27 41 66 70
5 22 34 46 48 56
3 54 77 90
3 51 68 71
2 23 41
2 28 82
