45 100
15 2853 86699 92 682479550 7828599 677949 41679 564502 984 760461910 3333 48 638 55 6847472 283044115 16317547 862635293 1661 3 6482 8327 77628 253553 633245 42206 4917 97 7334 3 559165 792 68015975 4 18043056 3954 6 38879287 63010651 29438 9579773 825 589 69011550
26 29
32 25
26 16
42 2
37 42
37 22
12 7
3 7
28 38
45 16
5 26
25 31
43 19
1 2
6 33
2 6
33 8
23 41
29 15
42 40
11 14
43 38
29 26
23 31
28 35
13 41
44 42
20 9
3 19
18 34
23 38
42 23
31 8
7 31
29 33
23 44
30 8
9 5
15 18
34 5
25 2
11 27
17 20
15 30
6 21
30 33
17 8
39 22
29 3
40 20
37 27
8 18
38 34
37 4
32 11
4 10
28 16
37 27
13 8
11 10
37 12
27 41
45 35
6 19
19 29
37 12
13 38
6 13
42 3
18 41
26 27
28 6
10 41
24 3
40 25
23 33
3 43
40 21
30 45
43 17
1 17
14 15
31 7
14 13
3 28
28 19
19 40
14 10
1 40
33 20
2 33
10 45
38 35
9 34
7 36
21 33
4 21
41 33
32 6
6 43
80
5 5 7 40 43 74
2 28 37
1 56
5 1 12 31 35 84
4 9 24 54 91
5 27 44 47 64 79
3 15 65 86
2 8 28
3 4 9 32
2 13 66
1 12
3 6 76 99
1 2
2 33 52
3 14 16 62
2 27 45
4 20 22 36 42
4 58 59 84 96
2 47 57
2 19 95
3 23 68 73
3 15 78 81
4 3 43 66 93
5 3 51 53 69 98
3 35 63 92
2 23 50
3 38 67 97
5 13 36 40 41 58
4 65 71 75 90
3 4 82 89
2 37 55
3 17 81 83
1 55
4 64 70 91 96
3 29 69 78
2 39 87
1 10
3 18 30 79
7 2 51 57 67 74 94 100
1 21
4 14 25 54 59
2 34 38
1 1
2 72 75
2 61 89
4 18 49 60 77
4 17 22 48 71
1 1
1 50
2 26 45
5 7 11 60 68 87
1 80
1 1
1 1
1 20
3 19 32 88
1 1
3 86 94 99
3 8 63 82
3 10 31 80
4 29 30 46 98
2 26 44
2 46 77
1 16
3 5 11 76
2 73 97
2 42 85
2 52 70
3 39 53 92
1 1
1 33
4 1 24 34 100
3 41 49 90
1 83
1 93
1 85
1 61
1 56
4 6 25 48 62
4 21 72 88 95
