45 100
2155511 7727 2754323 384 5048 1894232 89 75 241980173 26 96 19 59625 3403568 424840965 304287 10244132 10081 93289691 3358 98404 101301 3249862 5205 7 9 64546156 64677519 202079 31327184 454 59159 2855174 3 75335 822 19137677 369 87707284 2530 442 5666 338 90979665 420
29 7
6 24
2 4
20 2
29 27
23 37
41 17
42 2
15 21
34 12
7 18
21 14
45 29
30 18
2 26
12 1
31 9
42 44
31 42
14 37
33 15
3 15
16 11
9 24
1 26
45 42
2 17
14 15
37 20
21 7
41 39
7 43
34 11
22 1
32 15
34 40
9 1
23 3
13 39
21 14
45 40
30 1
24 3
26 11
40 34
12 20
43 22
26 27
24 14
34 4
30 25
30 42
40 14
18 26
13 8
42 27
1 45
20 45
27 15
5 15
10 4
16 19
10 22
34 5
32 16
12 28
10 8
9 7
42 2
38 21
22 7
7 27
35 42
36 1
23 16
20 8
24 25
30 28
20 23
3 31
28 21
9 35
23 5
20 40
25 16
22 26
45 25
45 31
25 29
34 45
24 17
4 26
25 40
21 31
22 21
7 36
15 42
24 27
23 33
21 6
80
5 13 51 79 83 87
6 18 53 57 65 71 81
3 36 71 89
1 44
1 1
2 48 99
2 31 66
5 8 9 28 32 55
2 4 20
1 1
3 59 74 97
2 85 93
2 17 41
1 1
6 2 5 19 33 37 50
2 26 63
3 44 68 95
1 1
2 26 43
1 78
3 29 59 63
2 23 45
2 9 79
1 24
4 11 18 30 96
1 41
3 10 38 72
2 17 19
2 21 40
1 1
4 33 37 55 90
3 12 82 96
2 62 99
1 74
2 52 84
7 8 21 47 48 68 81 92
1 1
5 43 49 61 89 100
5 46 49 53 73 90
5 1 7 34 35 54
1 83
1 32
1 77
1 20
1 13
2 58 80
2 10 45
4 22 30 60 91
4 40 64 80 88
3 35 39 98
3 65 75 85
1 61
2 69 75
3 15 34 58
4 3 15 73 86
3 6 14 97
2 42 47
1 51
1 98
1 14
2 12 25
1 25
3 38 78 95
3 16 39 70
3 3 6 42
3 7 56 76
1 28
5 27 36 62 69 82
2 72 76
3 22 29 88
3 66 92 100
5 54 67 86 91 94
1 84
3 31 56 70
2 60 67
5 11 16 24 52 57
4 2 77 87 93
2 4 46
1 94
6 1 5 23 27 50 64
