45 100
832504698 87 73276 25 99372 667 789997 737410142 173782112 915816 779734713 9 3958994 28261 3 10231080 10324670 754377652 635834064 975 23066876 30354 695279 909 227809222 38950 6 23175 33362617 942370639 6 3394727 3 65394532 872610 60010 11 563 33652 3 16 73658899 499817 43742 3566
15 7
17 3
37 14
3 24
9 42
21 45
44 28
22 42
25 34
21 23
9 4
45 5
1 12
12 20
15 10
23 6
7 22
1 15
43 4
11 6
23 11
32 36
28 2
34 42
28 6
30 8
3 6
8 32
21 11
26 10
38 5
19 10
6 15
31 21
37 4
38 37
12 45
20 43
23 10
28 38
36 24
15 40
30 16
26 13
32 2
21 14
27 19
28 4
26 1
36 3
14 5
18 19
31 36
26 37
30 42
37 13
21 26
2 26
2 42
19 30
36 7
4 3
13 7
43 20
16 45
41 18
36 42
6 38
45 16
5 11
22 43
45 7
41 40
8 11
39 14
34 2
25 23
13 40
40 20
21 43
36 45
37 34
40 31
23 3
32 2
43 34
34 8
13 27
15 33
5 4
19 29
14 4
11 30
17 31
20 1
6 42
12 8
10 39
43 3
44 3
80
2 35 67
2 10 26
3 15 88 92
4 7 18 73 97
1 85
2 57 93
4 8 40 72 92
2 9 36
1 1
1 49
4 4 20 21 53
1 1
5 8 23 32 76 91
3 16 23 34
2 29 94
2 42 55
2 25 68
2 44 46
2 47 81
1 62
2 43 51
1 52
2 41 95
1 33
3 70 77 87
5 15 64 67 72 97
3 4 27 54
7 2 21 50 59 78 94 96
2 58 89
1 5
2 16 87
2 2 83
4 13 76 79 100
1 59
2 3 54
2 26 82
4 6 35 77 99
1 61
3 11 24 52
8 18 28 39 69 78 80 85 99
4 12 48 74 88
2 22 84
1 19
4 6 27 51 65
1 69
1 68
2 19 71
1 65
3 12 80 96
4 30 38 60 84
1 1
2 31 90
7 5 29 32 41 45 53 57
3 1 3 89
3 60 63 75
1 25
5 24 49 58 73 86
5 20 22 30 90 91
1 1
3 75 86 95
1 1
1 64
1 66
3 34 36 39
2 47 74
2 42 55
1 37
2 33 71
1 11
4 10 44 46 56
2 28 43
5 7 14 45 63 79
1 31
5 14 61 62 82 100
5 13 48 50 70 83
1 40
2 38 56
4 9 17 81 98
3 17 37 98
2 66 93
