45 100
7704 4 157 24465 872 39 55481 4264579 41519904 4037639 368 37453 317170834 151 44000167 535786 79 621208 63443591 2 41 38178128 8555 5600380 647615670 36486003 55629 74228775 50989 2 236786 537476221 607 89410077 674913441 67495302 9234594 554 25566 273761 751662 60729473 3194 589 29
5 15
14 1
45 37
39 11
45 16
28 38
44 40
27 32
45 30
33 4
34 41
41 39
17 18
16 45
17 19
1 26
39 2
44 1
40 32
24 38
28 44
42 2
35 5
15 14
5 37
21 29
3 29
42 10
13 15
25 20
42 3
14 44
28 2
23 33
27 9
3 20
12 20
24 23
30 45
44 43
28 30
38 25
33 36
34 32
19 13
27 21
26 31
23 33
16 35
24 17
11 19
13 28
37 38
43 19
24 7
12 28
32 40
34 1
7 11
3 9
11 1
2 39
34 44
11 45
23 38
21 30
20 28
19 40
22 5
19 42
7 14
19 31
21 24
25 33
9 20
21 19
3 9
16 8
14 15
37 34
13 8
32 40
44 27
3 41
11 41
23 18
4 19
13 23
5 8
41 20
1 28
9 27
17 35
15 45
3 6
31 29
16 13
12 45
42 30
13 12
80
3 10 62 92
1 59
3 5 72 86
1 1
3 12 74 81
2 25 62
1 90
3 9 24 40
3 28 72 98
2 26 35
5 23 32 37 83 91
2 10 54
4 34 60 76 98
2 4 48
3 11 28 73
1 31
1 4
4 3 9 15 84
2 65 69
1 27
4 55 83 85 99
3 46 64 90
3 21 50 51
1 14
4 32 37 57 63
1 1
2 60 66
1 97
2 25 39
1 53
2 29 96
1 74
1 52
5 2 42 67 76 86
4 18 63 79 95
1 1
1 82
1 18
5 13 24 34 56 67
3 14 38 69
2 33 56
1 51
5 1 26 53 64 80
1 73
2 59 95
3 3 7 47
7 20 30 40 47 54 81 87
2 15 55
2 36 89
4 1 22 58 99
3 8 65 78
3 29 44 66
2 19 57
1 20
1 16
2 50 61
2 11 13
3 27 41 100
1 1
5 5 6 43 44 45
1 1
4 42 49 91 100
2 17 80
1 68
7 17 19 31 70 71 87 93
6 2 45 68 75 82 94
4 8 70 85 96
2 33 36
1 77
1 58
5 23 43 77 88 97
4 6 35 41 71
3 21 38 61
5 7 75 78 89 94
4 12 46 48 88
1 49
4 30 52 84 92
1 79
3 16 39 93
1 22
