45 100
50005291 3 90129 898964 15 5 66483416 87599 2246 53521061 773881 14710 2519 98059 69802365 991685 9987 170685580 194758 698129411 38 41855 640 6050906 844871921 450227994 485269440 18478 239964 8411 871063196 301500 5192234 8531 3802 242955 69 50069 8124844 6836 168220 6 6642 154967411 459603062
36 15
2 7
4 3
26 18
1 8
22 25
20 29
16 1
31 6
37 18
22 43
19 13
18 27
11 39
31 1
15 20
10 42
45 42
6 12
23 6
34 28
27 30
29 10
45 30
12 18
3 39
26 44
40 29
6 7
34 6
1 27
32 5
20 39
40 42
13 20
6 40
8 11
27 19
13 5
35 19
22 6
45 11
45 9
24 3
30 20
39 7
13 8
7 12
1 3
14 39
23 36
28 26
27 2
32 11
17 38
9 15
5 38
19 18
44 30
45 28
40 32
33 35
42 38
13 4
28 16
44 4
43 42
45 40
5 29
14 30
44 40
21 34
20 19
26 41
6 31
4 23
17 12
6 4
41 9
38 3
34 36
24 26
2 15
8 7
36 43
36 24
7 26
6 36
41 44
2 41
1 29
10 11
13 32
12 20
19 4
9 16
18 26
14 17
20 9
39 36
80
4 22 55 70 93
5 1 5 18 19 41
2 2 38
3 6 45 77
5 6 28 32 39 57
2 30 63
2 15 33
3 43 64 85
1 14
1 1
6 3 14 52 57 65 78
3 20 23 43
3 21 70 92
1 1
2 49 99
1 17
4 24 26 61 95
1 92
3 4 67 71
2 18 51
2 44 62
1 54
3 60 66 84
1 1
1 16
3 32 50 71
3 13 24 62
5 5 69 78 79 80
1 83
1 27
1 36
5 11 65 68 75 95
5 1 8 27 53 99
1 1
4 13 59 73 83
5 3 54 56 85 98
1 37
2 72 97
2 48 88
2 49 69
2 40 81
1 20
2 15 82
4 16 29 75 76
1 19
4 7 82 89 90
5 31 33 77 91 97
1 1
1 40
2 7 89
2 35 81
1 4
4 9 10 12 56
1 64
2 39 96
4 50 55 88 93
4 21 38 60 66
4 47 61 79 94
7 41 42 47 74 80 87 98
2 52 53
1 67
4 12 22 36 84
2 37 68
2 23 25
4 44 72 73 86
3 31 74 100
1 90
4 25 29 45 48
1 63
4 10 28 34 91
1 11
4 42 46 51 87
1 58
1 35
1 30
4 8 17 34 100
1 86
3 2 76 96
5 9 26 46 58 59
1 94
