20 25
50882 1 93221 9016360 6177 6801 409357923 109 612499568 2 6545 3816 10188990 442 9 655147 27034838 26 775270688 635478
17 7
18 17
9 7
5 15
1 11
5 19
18 2
3 17
10 5
10 6
17 1
3 6
17 18
2 8
1 10
2 10
6 7
6 12
7 4
15 17
15 9
18 3
18 11
13 12
12 11
25
2 3 8
5 20 23 2 18 7
7 12 5 18 23 21 17 11
4 7 8 19 14
3 12 14 5
2 6 12
6 11 6 24 2 21 5
6 16 19 17 9 2 11
6 2 10 12 21 15 20
8 21 14 2 17 8 12 23 18
6 9 7 12 4 23 15
3 2 13 19
5 3 21 2 8 16
3 23 8 20
5 15 13 1 12 4
4 16 12 25 18
7 21 20 11 2 10 17 25
6 17 8 12 16 9 14
8 1 8 22 2 10 17 6 9
2 1 16
6 18 2 24 16 20 4
3 18 21 11
3 10 23 12
6 4 12 9 19 8 16
6 1 6 5 9 19 13
