20 25
930566 9940375 904 3342 48111 5444 5 77730 465603 7933 8481582 32513 88185 9072410 74712166 237983 1553162 2007991 206 24785704
14 6
6 8
1 8
13 6
15 11
8 13
14 12
13 15
17 12
3 13
14 6
14 5
17 10
10 2
13 2
18 9
10 3
4 2
14 20
6 9
3 13
19 1
7 4
5 3
13 1
25
3 15 21 14
1 22
5 12 11 3 7 1
1 1
6 17 6 1 5 9 8
2 20 24
4 16 7 24 13
2 24 1
5 16 24 22 17 4
8 16 13 23 11 17 2 24 12
1 1
3 19 14 9
3 22 18 3
2 5 25
7 15 24 13 1 18 20 16
5 9 11 6 18 1
3 20 5 12
8 15 19 21 1 18 20 5 17
1 3
3 4 5 18
2 10 6
5 17 19 18 24 10
8 3 13 24 12 2 1 19 25
4 11 10 20 3
3 21 8 5
