20 25
9151450 6414160 978295417 30982 238 4 5470 79454329 1992845 7 17160 8 69 612 7 3 289 7939 949987591 15421
19 10
11 6
2 1
6 10
5 10
13 10
18 19
18 11
9 18
8 1
18 3
11 15
18 11
9 12
2 3
3 6
18 17
5 20
20 8
9 20
20 3
9 11
13 5
18 17
20 2
25
1 20
8 4 1 5 16 22 24 2 19
2 19 15
4 22 18 10 6
1 10
2 3 24
6 3 2 17 18 21 24
2 7 11
8 7 25 17 23 11 8 4 22
2 18 17
4 14 17 2 20
3 10 7 25
1 13
6 2 7 23 22 24 17
8 12 6 5 21 15 1 22 24
1 8
8 3 21 10 22 25 2 8 13
8 4 19 3 2 17 22 24 12
1 2
7 10 8 16 2 21 15 24
6 7 4 25 13 21 3
2 4 14
4 8 10 14 18
7 12 24 11 10 1 22 23
5 20 9 19 6 8
