20 25
1 2 69607 17 3676843 581890 9 3649 78136624 8088 23490 984372623 7211 5608851 5524 72 916755 1468 1514 87696
5 17
14 17
2 8
18 1
9 7
16 2
11 12
12 9
20 14
9 12
4 6
16 10
4 9
18 5
15 14
7 15
10 3
20 17
11 7
8 12
15 10
10 5
17 15
7 11
11 12
25
3 5 16 24
2 9 7
1 22
4 6 10 5 8
5 14 7 18 24 3
8 20 25 9 8 15 16 23 10
6 25 20 6 9 1 14
6 13 21 22 8 9 24
6 20 14 19 10 6 9
5 2 25 11 6 20
4 11 7 16 15
3 17 15 22
3 7 12 15
5 1 8 25 10 2
8 20 12 24 7 16 2 15 19
1 9
5 24 14 17 19 18
5 5 14 17 16 25
4 2 10 22 25
1 16
1 9
2 20 5
1 14
2 22 23
4 5 9 2 13
