20 25
6 382451455 534 514 1 4 3039 53486 518861 2987734 7669 100 10 763561065 48 787396 24057 674 4 1
13 9
7 3
17 15
2 1
20 8
15 4
5 20
17 13
13 15
14 16
3 13
19 15
9 19
20 18
15 2
18 1
13 3
1 16
20 14
10 2
18 1
20 13
20 1
10 9
14 8
25
6 10 16 5 6 11 18
4 25 18 9 5
7 4 2 22 1 6 15 25
5 2 23 18 19 13
4 5 24 22 19
2 3 20
5 23 19 1 6 11
6 19 14 17 3 18 24
4 19 6 22 14
2 17 14
4 16 15 25 21
7 6 19 24 8 13 12 23
5 17 2 9 13 16
1 23
4 24 1 5 12
7 4 22 7 25 6 1 16
7 12 25 7 23 4 1 19
7 6 14 11 24 3 23 21
5 25 20 19 10 5
3 22 5 15
8 12 24 4 22 13 5 17 15
8 19 23 1 2 8 3 22 18
6 23 20 9 19 7 6
6 25 17 9 6 12 16
7 16 9 11 8 14 2 13
