20 25
2837 86887399 97952 22612554 98664765 43376678 92754515 4822766 8890008 363215534 49020 2 83244 873222 940038681 609393 8642 4482 5 37512
5 10
15 16
15 12
11 5
20 19
14 6
14 3
11 7
10 3
11 12
10 18
14 11
15 7
10 5
18 11
17 7
8 1
1 3
5 10
12 16
16 3
2 4
2 10
17 9
16 17
25
3 13 6 22
3 18 24 5
5 16 1 7 2 17
1 10
8 8 22 10 15 19 25 17 4
2 2 18
5 4 11 6 2 13
4 12 4 1 10
1 12
2 10 5
1 14
1 16
6 6 8 19 4 7 22
6 9 14 4 1 13 16
3 18 10 8
3 13 15 25
1 21
8 15 6 1 12 16 18 11 23
7 20 19 15 1 4 12 2
8 6 16 15 20 21 2 13 10
8 13 4 2 3 23 18 21 8
8 10 3 2 23 9 12 21 25
8 20 22 1 24 10 12 16 19
7 23 4 16 5 2 21 25
3 14 11 16
