20 25
662 704140 85354 5 711955264 147837 70498 4110 9716204 8447029 184013 3711 877132 31100588 898089135 3251860 6 46489540 7866627 934465
20 5
16 10
12 16
1 7
2 6
8 7
17 1
14 11
1 13
5 20
3 13
11 10
10 13
19 11
6 4
18 19
20 1
4 8
2 7
17 3
13 7
4 11
5 10
2 13
14 4
25
3 23 18 1
7 25 24 8 23 14 15 13
3 1 7 2
7 1 5 11 21 3 10 15
4 23 25 14 15
7 14 12 13 17 3 8 15
3 2 1 9
2 5 13
4 1 17 24 13
3 9 14 2
2 21 20
3 25 16 15
4 24 2 9 4
3 6 22 15
2 8 22
2 16 8
8 25 16 18 3 23 7 1 12
4 15 6 2 4
8 17 2 16 4 20 13 5 6
5 22 18 6 19 25
7 13 6 15 5 19 22 7
4 11 23 5 4
1 9
4 13 17 6 16
4 9 13 8 4
