20 25
28 42923791 1 4917 7689776 170399801 541337 34828 9954089 6 41344611 88 993751 10 929 710768004 6 409 8896 49961198
7 3
2 6
11 9
17 19
6 15
12 18
8 9
3 6
10 11
14 20
19 17
1 13
5 10
1 2
10 16
2 14
12 3
1 7
11 2
4 14
10 4
7 8
1 7
5 15
17 2
25
1 14
5 13 12 22 16 2
3 25 24 1
4 17 10 18 3
7 14 2 1 10 5 15 20
3 5 13 25
4 10 12 25 1
8 15 4 25 8 12 21 10 3
4 14 7 9 24
4 15 24 11 1
2 19 15
4 3 13 9 24
5 11 15 5 10 13
2 6 24
4 19 13 17 15
1 8
5 25 11 24 6 7
1 18
1 2
2 9 23
6 8 11 25 9 1 17
7 5 14 10 15 18 3 9
7 19 6 12 10 23 25 22
3 11 7 21
2 16 22
