20 25
87405596 3 100 74 5870 223 10 852985 759004419 759894103 3004282 5293286 2 697321 8626 81486 1674235 1964236 525799765 99
15 5
15 14
10 20
4 8
14 12
2 5
8 3
5 10
15 12
3 14
1 17
13 2
15 20
13 17
9 17
13 19
4 13
9 11
12 10
5 15
6 9
16 13
6 18
1 2
3 20
25
6 21 3 22 20 7 24
5 12 9 19 23 25
6 12 13 8 19 17 18
3 1 25 21
8 14 23 5 3 18 11 25 1
4 6 5 15 11
7 21 15 14 12 19 18 6
5 8 17 16 4 15
8 8 4 10 2 15 20 7 12
5 22 16 23 4 1
6 1 25 3 12 17 11
8 17 12 6 2 1 22 19 16
5 24 9 13 17 18
3 13 5 11
5 5 11 14 1 13
2 20 13
4 8 13 14 17
5 8 9 23 13 16
8 21 3 24 17 4 5 15 2
2 9 21
6 25 4 20 5 14 24
3 4 24 3
6 20 12 21 25 2 10
3 9 20 1
4 23 1 5 22
