20 25
5218323 2 276481237 7382006 58 8568277 6 10644208 20993 24179843 75 208872 94561646 970266 37 875 32058820 18997229 4963477 3515
15 16
2 17
13 7
14 17
4 1
17 3
6 2
19 12
14 8
19 15
6 11
13 15
12 10
10 7
6 14
19 5
15 11
9 19
10 3
17 5
1 2
12 15
1 3
1 19
3 7
25
7 4 11 3 22 6 7 17
2 12 16
1 5
4 8 6 12 25
1 16
1 13
4 25 5 19 22
8 18 1 16 11 17 15 22 12
3 25 9 18
4 9 10 11 1
5 20 15 8 1 18
1 17
5 17 23 4 6 10
5 25 12 15 24 10
3 8 13 23
1 4
7 23 21 1 9 7 14 4
5 24 21 18 13 2
7 19 22 14 21 5 8 9
3 15 17 24
1 20
1 15
8 24 9 7 14 22 18 17 5
7 20 4 8 1 17 7 11
3 18 12 24
