20 25
523 1874 550879 4220 7449 1114682 344312 8 1 16068 9677577 269 3874 1 242826 31 986184708 36231591 16 47
16 2
1 8
10 11
8 4
14 16
1 9
15 8
19 5
11 17
16 7
4 17
14 8
5 20
15 11
8 18
5 4
3 18
19 8
20 4
7 10
4 16
12 8
20 5
6 19
17 5
30
2 20 14
7 1 24 19 15 23 10 22
4 15 24 14 13
4 21 23 4 9
6 9 12 20 14 1 7
8 8 24 9 15 20 10 6 25
7 7 3 20 22 21 17 18
6 16 9 10 12 23 8
3 19 5 12
6 13 8 20 4 23 7
5 16 17 23 13 9
5 20 18 23 19 6
4 2 13 25 5
2 21 20
6 7 8 20 1 2 11
8 6 24 7 5 14 13 3 1
4 1 23 13 8
8 10 3 2 12 8 5 14 11
7 25 15 18 2 3 22 1
5 15 8 7 25 2
8 23 3 21 9 6 14 8 25
8 17 14 7 18 6 21 8 4
5 16 12 3 17 10
7 8 23 25 16 5 18 9
2 9 6
8 16 10 24 8 1 20 18 7
1 1
2 10 25
1 15
5 13 18 8 24 23
