20 25
1865892 23 757570 16557 775097 6 97396321 35914 9907 70588 6124 10 4 4135 33 455945 571325 624849 484827891 934172524
2 11
7 11
3 6
16 4
1 3
4 19
2 16
17 19
5 3
6 4
18 1
4 9
5 4
1 7
18 8
12 18
6 4
17 5
10 11
12 2
15 2
17 9
3 8
5 11
2 7
30
4 19 8 1 10
3 4 15 23
8 16 2 17 13 14 20 22 15
4 8 12 7 25
1 3
4 19 11 21 7
3 19 6 1
7 4 11 23 24 13 7 5
7 10 17 3 16 15 24 25
4 21 25 22 10
6 18 5 23 16 11 10
8 18 16 23 7 19 22 8 13
8 7 14 17 19 13 21 23 18
6 9 24 6 4 2 17
5 17 22 7 15 18
2 25 18
1 24
1 1
4 23 10 8 12
3 23 17 8
6 23 1 9 12 4 20
6 25 5 16 20 4 15
4 22 24 25 17
3 19 20 5
4 4 2 8 18
1 6
6 15 4 14 16 13 11
4 9 20 12 16
1 20
8 17 22 6 13 15 9 20 18
