20 25
298 1155467 528317 588567810 780560 28664210 12312058 431165455 28727 4 193 2480083 1 1219 850502733 6 319621 401 437837 2657327
13 20
17 5
9 4
20 9
8 20
7 11
6 7
19 13
8 10
7 2
20 7
3 12
14 3
2 20
1 18
20 8
17 9
9 8
10 8
2 20
4 17
1 9
4 18
16 6
15 19
30
3 9 16 18
3 6 7 9
3 23 14 13
8 19 24 10 23 16 12 17 14
3 12 20 24
4 15 14 4 13
1 22
1 25
5 20 19 21 24 7
1 24
2 3 18
4 10 2 9 16
7 10 8 13 23 11 5 25
5 11 21 10 1 9
8 20 24 18 7 1 15 17 12
3 11 15 17
4 12 19 6 22
3 24 13 21
7 3 23 8 4 1 13 19
3 21 18 20
5 23 17 15 2 1
7 19 2 9 1 7 5 24
2 12 11
7 2 25 10 12 20 19 14
2 7 22
3 4 8 15
2 15 22
7 24 12 10 13 8 5 23
8 24 10 18 23 13 25 1 11
5 6 24 22 15 20
