20 25
79 60 7276065 60 78901969 227 837606153 7263238 9280625 6 9079 92113723 49717098 705203099 87449 9142 4299 10 471 629
18 7
13 2
1 18
3 7
8 10
17 5
5 19
13 10
14 6
6 8
19 1
4 18
17 10
5 3
13 4
10 12
18 13
9 14
20 11
13 2
13 10
18 6
14 1
20 17
2 14
30
7 22 3 24 18 13 21 11
8 19 22 12 9 23 21 6 5
1 2
6 22 11 19 2 12 8
1 12
5 17 9 22 8 21
7 2 16 18 11 3 23 1
8 3 20 23 25 2 19 21 5
8 16 20 23 3 15 4 12 11
1 12
8 1 23 17 18 19 15 7 25
4 11 3 17 10
1 25
5 6 13 25 16 19
4 23 20 16 6
4 2 11 25 13
7 19 13 11 18 17 1 21
8 6 19 9 7 11 23 4 2
2 21 4
5 10 7 12 6 18
4 13 1 3 4
3 7 13 17
7 13 25 23 6 18 4 22
5 12 16 10 7 2
1 3
7 14 3 7 21 24 19 9
6 11 9 12 15 5 3
1 9
1 5
5 17 24 16 21 1
