20 25
98455 751 596054924 40652 181263029 95743 2361 11165380 477482 6 30775 5426 80 10642409 75804 64032 27 14 9465849 22
9 17
7 1
11 19
16 11
8 18
6 16
5 9
14 4
1 7
1 6
16 6
11 20
20 19
9 13
8 5
10 3
12 16
13 8
1 9
1 9
17 6
5 9
10 16
10 8
19 10
30
4 13 4 19 7
5 13 11 19 22 2
4 16 25 19 14
8 18 12 4 19 16 25 22 15
1 10
4 16 5 15 14
6 10 16 22 18 20 19
1 8
6 9 2 6 21 12 25
4 19 16 23 10
4 14 3 5 11
4 23 15 2 11
8 21 6 18 15 10 1 4 7
5 25 2 24 5 23
5 5 16 15 19 10
4 13 10 23 25
7 23 20 22 8 21 4 17
8 19 14 4 1 8 7 15 3
4 3 4 24 22
1 21
3 25 2 4
5 13 8 3 14 11
6 5 24 20 21 22 17
1 16
2 8 10
5 24 8 11 21 15
2 5 10
3 10 19 9
1 7
4 18 8 20 23
