20 40
8 99049276 40552142 6 22542416 17732871 54718 7332684 33534 8 391 9801 383015 9114 33678714 769 5389 7417 31184 465348
6 3
10 3
16 13
20 9
13 19
6 8
15 9
19 20
19 15
13 4
9 19
7 2
9 15
18 10
20 6
10 15
14 1
3 15
10 20
6 8
18 4
3 20
15 6
17 8
18 17
5 14
10 3
8 7
12 8
2 17
6 17
18 2
2 19
17 4
6 4
12 18
6 10
20 12
7 5
20 18
40
4 39 33 4 11
4 24 26 25 27
4 5 1 39 13
4 32 30 35 16
4 8 9 25 39
4 9 16 8 20
4 25 30 37 35
4 40 16 33 38
4 14 5 17 20
4 30 31 25 4
4 33 28 24 22
4 11 35 24 39
4 30 19 6 40
4 3 39 33 15
4 39 4 5 9
4 28 11 17 10
4 14 11 34 30
4 9 8 19 25
4 9 10 26 29
4 17 36 4 2
4 1 7 13 40
4 26 39 24 1
4 25 2 16 9
4 18 22 16 4
4 29 7 38 24
4 19 7 24 21
4 6 32 30 11
4 14 18 25 3
4 11 6 20 1
4 40 32 11 23
4 15 27 9 3
4 34 23 18 6
4 1 13 34 40
4 33 37 22 30
4 10 7 22 33
4 28 3 9 33
4 17 11 15 28
4 13 26 40 8
4 27 34 20 15
4 33 5 26 38
