20 40
6718 1938603 8988452 97 301142024 345 886 465690 999748 32677208 32 779807053 66 194497 80 25166725 606128 6 75 80814
14 20
19 8
1 2
2 9
4 9
7 19
12 13
3 19
15 7
12 4
18 15
2 19
17 14
2 12
1 12
5 4
16 7
7 16
9 16
14 13
10 5
5 13
8 14
2 18
4 2
17 13
6 10
10 7
8 3
4 5
18 1
20 12
11 20
19 13
1 11
19 4
4 12
13 6
13 9
15 18
40
4 13 3 35 34
4 8 39 3 19
4 38 25 2 10
4 15 23 37 14
4 4 12 31 13
4 3 7 40 12
4 24 37 36 3
4 8 10 29 27
4 38 9 34 39
4 20 36 5 29
4 22 4 11 39
4 7 22 25 33
4 36 14 24 40
4 29 39 10 27
4 18 4 17 6
4 17 29 24 31
4 13 2 40 37
4 5 22 12 36
4 16 28 2 34
4 30 20 25 13
4 11 7 39 18
4 13 15 12 8
4 6 12 29 3
4 15 32 16 20
4 7 37 33 24
4 25 40 18 33
4 34 10 22 12
4 33 34 35 17
4 27 6 21 5
4 40 27 36 2
4 8 39 6 11
4 11 22 24 36
4 22 27 1 20
4 7 26 16 29
4 16 2 14 8
4 4 24 12 32
4 40 33 26 37
4 40 30 9 2
4 18 14 26 33
4 37 30 14 36
