20 40
85 107161 543568 723849871 122 70 8607 77 4 407344 9260 7596438 98342 931222 340728103 34 43 83608285 28082 953
10 12
16 13
1 20
10 18
2 14
14 2
6 1
3 2
20 6
20 6
16 9
5 10
1 12
8 12
14 5
18 9
13 8
8 9
19 12
11 14
11 9
6 7
18 6
1 20
17 4
5 17
18 14
8 1
17 14
20 2
4 19
15 17
10 15
10 12
14 19
17 19
2 18
8 7
13 19
10 19
40
4 23 8 18 31
4 25 23 38 8
4 21 39 1 22
4 4 30 9 23
4 7 34 15 22
4 15 14 7 37
4 36 28 9 23
4 10 39 21 40
4 10 16 6 35
4 6 29 30 26
4 36 40 39 38
4 20 17 22 37
4 31 25 15 20
4 13 7 33 6
4 18 36 38 19
4 9 30 20 4
4 15 32 8 5
4 13 36 6 23
4 40 12 15 29
4 21 40 13 25
4 21 23 40 7
4 1 35 15 3
4 34 23 5 30
4 23 3 20 10
4 5 16 4 31
4 9 11 38 27
4 40 22 31 35
4 23 4 28 25
4 3 29 34 18
4 19 13 15 24
4 13 4 37 11
4 16 23 32 12
4 7 10 38 31
4 40 19 17 26
4 14 36 32 9
4 3 4 12 22
4 31 22 13 36
4 11 36 25 15
4 10 1 24 31
4 35 21 38 4
