20 40
7256 6 6771188 44 87080 784579 405 184 4125374 3 340607675 185447429 1856206 259037898 8 5976 90 367060915 28950 726
9 1
17 19
14 13
18 8
8 3
14 18
9 16
4 11
15 1
11 6
18 5
16 7
12 7
6 11
16 14
19 10
18 4
4 11
3 5
7 15
19 9
6 17
3 12
17 6
2 16
8 20
19 12
5 1
1 18
9 4
7 14
8 9
3 4
14 17
16 10
4 17
2 18
20 11
14 13
19 12
40
4 30 3 15 17
4 31 34 19 12
4 39 19 17 37
4 14 11 34 39
4 21 12 35 11
4 4 10 3 1
4 7 5 22 34
4 26 30 16 3
4 10 30 2 28
4 37 38 31 1
4 38 12 39 35
4 12 6 28 3
4 38 26 10 16
4 5 13 34 14
4 4 10 1 20
4 23 8 24 5
4 5 6 12 19
4 6 3 32 13
4 18 2 29 30
4 40 6 34 19
4 2 12 35 1
4 9 39 5 12
4 24 36 31 9
4 14 35 33 1
4 21 40 20 2
4 39 33 14 30
4 32 36 37 25
4 37 10 18 9
4 39 29 36 3
4 27 36 11 17
4 16 4 25 30
4 21 22 7 16
4 6 3 34 21
4 31 18 39 9
4 31 25 21 18
4 17 22 2 10
4 16 26 25 1
4 33 40 26 6
4 24 2 9 17
4 3 8 12 31
