20 40
88 241491 3676380 826 59 18 62 70 8 577 1 9882119 70 3871 9009477 4186 61149247 44 88 357023
5 12
19 4
12 20
17 12
4 15
6 9
9 11
11 19
8 5
3 11
10 15
12 14
4 3
10 20
9 16
20 9
7 15
19 13
18 6
16 1
5 20
10 18
10 1
7 15
18 9
18 19
6 3
17 5
4 1
2 11
17 9
3 12
14 8
8 11
1 12
2 9
10 4
9 2
10 15
3 13
40
4 9 2 28 37
4 38 30 35 19
4 32 16 1 30
4 22 6 9 11
4 23 22 25 38
4 13 17 22 35
4 13 11 12 21
4 4 18 7 30
4 21 34 10 30
4 17 7 20 26
4 39 15 11 21
4 22 11 32 33
4 38 26 40 33
4 10 31 38 12
4 7 31 39 25
4 22 7 13 19
4 29 15 30 39
4 11 6 33 39
4 9 5 22 34
4 32 17 15 8
4 5 32 30 17
4 31 33 38 8
4 18 11 38 20
4 32 24 20 10
4 24 39 9 12
4 29 31 4 17
4 32 10 12 19
4 27 35 24 19
4 23 36 13 19
4 2 37 14 10
4 14 1 2 27
4 27 39 15 11
4 37 3 12 1
4 23 2 29 8
4 6 39 1 31
4 28 7 38 29
4 32 30 34 19
4 37 17 40 32
4 36 14 38 17
4 18 3 4 10
