40 80
118619758 893897 8609569 92360 4 7 448731708 2067074 6 835 2 6 62323 36834 10 732604 5884900 711307152 66 60326266 64 631 56080 302813910 505 7841437 9 97 970 642641153 1984065 4 424499193 8264 1 3021078 867299 7449 6339 2
28 15
8 16
17 39
25 10
30 33
33 31
16 12
19 14
31 21
40 36
26 9
36 26
9 39
4 22
31 25
11 7
24 20
7 27
24 21
10 27
28 13
11 27
20 40
35 5
29 22
22 31
24 31
35 30
39 14
24 28
19 8
4 39
37 15
36 27
12 39
19 1
25 17
12 20
5 36
32 1
27 23
4 23
40 38
10 16
36 11
12 37
4 3
6 16
9 39
36 30
8 4
40 7
19 39
18 30
33 23
19 7
6 40
7 12
11 36
30 19
23 21
5 27
21 5
37 25
18 1
5 38
28 27
21 20
23 12
9 25
1 28
32 17
24 10
14 8
12 31
19 16
26 8
30 35
23 19
35 13
80
4 28 35 16 66
4 1 17 75 50
4 32 20 76 49
4 2 12 52 49
4 56 15 5 9
4 21 34 4 33
4 38 35 56 78
4 38 11 47 15
4 20 4 48 34
4 15 7 23 60
4 22 54 23 65
4 2 57 39 41
4 67 50 9 78
4 42 38 16 65
4 18 53 77 13
4 64 48 43 72
4 75 46 31 39
4 78 2 72 8
4 25 35 56 16
4 31 80 20 67
4 6 27 24 73
4 26 56 80 68
4 25 7 41 52
4 43 66 41 1
4 17 2 18 69
4 7 47 50 59
4 7 37 69 6
4 45 37 32 4
4 9 14 41 27
4 37 7 59 58
4 50 24 17 75
4 76 38 60 51
4 29 19 57 31
4 70 40 51 21
4 15 38 13 27
4 66 63 53 3
4 40 74 56 71
4 78 7 1 73
4 19 63 40 33
4 49 30 57 71
4 78 68 70 45
4 52 1 7 34
4 76 40 30 32
4 66 56 79 14
4 54 53 71 76
4 72 36 45 40
4 57 67 43 19
4 23 64 4 35
4 26 42 3 48
4 80 26 57 69
4 47 52 7 76
4 49 67 12 14
4 54 25 66 8
4 23 48 56 74
4 29 11 52 24
4 49 73 77 70
4 29 31 10 78
4 19 16 57 63
4 65 52 16 39
4 73 45 58 18
4 25 34 66 50
4 78 63 77 25
4 24 41 55 79
4 33 75 63 45
4 27 61 73 43
4 30 73 41 76
4 57 37 76 69
4 53 70 69 74
4 79 40 23 71
4 32 30 80 2
4 68 44 4 34
4 39 51 64 71
4 15 56 59 10
4 1 27 50 65
4 66 68 38 46
4 8 54 18 79
4 21 55 68 8
4 34 68 69 8
4 77 63 8 16
4 62 8 23 20
