40 80
906391069 109432 9 16175 33 29054878 68 7671 63263 744646205 34 582440 8796887 67532 4013 851 32 413076333 8620167 82066643 5913 19347 468832 32154 87142967 4 24371 119 730753 757606 539586 13518465 24 4 4759 21 591 6356272 506143658 9
3 39
32 17
11 40
17 5
33 8
36 34
11 36
1 17
23 16
6 34
3 27
20 10
12 3
15 32
14 17
35 2
8 17
11 24
10 38
40 2
24 10
34 12
35 37
16 36
21 40
4 39
7 37
12 27
34 37
27 24
39 18
18 8
16 39
38 11
38 7
8 26
5 2
14 4
36 34
33 34
8 24
31 29
23 19
36 37
31 39
15 10
37 13
1 23
19 16
23 5
30 40
22 5
27 13
8 38
22 39
5 9
23 25
1 35
21 20
22 27
10 9
27 24
37 25
1 7
15 4
17 30
22 14
23 14
24 28
27 10
3 22
40 6
34 20
11 24
34 5
3 32
22 13
2 10
28 39
19 23
80
4 75 37 78 5
4 23 72 63 65
4 13 49 59 1
4 59 55 72 62
4 53 73 20 19
4 64 72 76 77
4 43 54 55 78
4 43 50 55 30
4 16 70 57 48
4 13 65 37 41
4 35 21 17 19
4 27 53 15 77
4 38 23 62 52
4 57 19 14 7
4 56 80 42 39
4 30 55 26 57
4 51 6 46 79
4 80 17 14 64
4 27 5 77 35
4 28 20 76 8
4 9 49 56 60
4 38 51 46 42
4 49 54 38 2
4 39 47 17 70
4 78 52 3 74
4 53 51 22 52
4 34 54 64 17
4 67 2 31 23
4 4 23 24 42
4 15 19 35 44
4 19 18 7 75
4 62 28 48 17
4 60 5 56 54
4 1 64 65 14
4 21 30 29 66
4 61 50 75 11
4 19 55 79 29
4 66 60 19 62
4 20 41 56 49
4 24 16 20 6
4 30 27 21 62
4 28 73 34 69
4 53 14 12 50
4 26 40 45 20
4 25 38 55 59
4 1 44 13 69
4 41 35 71 54
4 26 15 75 32
4 72 64 12 32
4 21 19 17 27
4 77 26 60 61
4 13 64 76 69
4 56 44 62 70
4 65 2 32 26
4 43 65 74 9
4 22 36 40 60
4 18 55 75 56
4 17 49 51 31
4 78 34 21 43
4 19 77 1 53
4 56 23 58 73
4 15 72 29 6
4 17 3 36 59
4 73 59 74 69
4 40 13 18 41
4 50 20 2 67
4 16 28 33 35
4 57 15 23 72
4 45 1 63 72
4 62 24 66 80
4 76 36 69 51
4 43 52 71 7
4 42 40 54 12
4 65 31 62 72
4 46 53 4 19
4 43 36 62 6
4 43 54 44 36
4 46 18 71 42
4 70 75 15 52
4 41 22 15 42
