40 80
9 5 9 91 99 287932 50 36 2105 180849280 339804418 378208 511738 51663 4542412 3 8 7989 333 9961 6 486348445 903269277 368 5914 4 30761 10 61858 179 17 55 92885 24746407 8174 39 46 980160 85103 588817930
2 14
35 23
1 23
16 10
12 21
28 39
7 34
27 4
25 17
23 24
34 28
19 28
30 5
28 34
25 24
5 9
23 34
20 27
1 35
13 40
39 14
12 31
40 28
26 19
13 12
1 26
5 7
24 33
39 21
1 24
5 30
10 37
12 24
38 23
8 12
28 6
31 5
38 22
25 23
15 16
28 5
21 14
39 21
1 11
3 31
5 35
40 20
34 1
12 10
33 6
5 33
30 35
33 31
19 15
3 21
37 23
16 26
3 13
17 1
11 29
17 27
35 29
34 23
3 14
32 3
26 31
19 40
40 39
3 28
13 5
33 20
1 13
34 16
27 23
14 28
28 24
20 18
38 14
4 34
3 1
80
4 6 27 68 47
4 52 67 1 62
4 72 5 25 34
4 34 61 66 55
4 50 23 57 41
4 33 22 27 4
4 31 4 16 52
4 80 46 2 6
4 34 7 69 79
4 33 20 34 77
4 38 19 20 14
4 12 14 10 49
4 36 1 31 37
4 13 5 16 57
4 76 23 62 58
4 19 38 75 67
4 25 18 60 19
4 1 59 50 57
4 26 57 74 20
4 30 6 53 24
4 72 53 17 50
4 2 7 62 26
4 58 68 56 8
4 60 29 51 61
4 22 80 73 76
4 4 28 13 77
4 68 69 43 40
4 46 16 29 14
4 11 16 71 56
4 32 79 55 76
4 52 72 55 40
4 36 75 30 11
4 28 65 39 43
4 21 68 14 69
4 48 9 71 55
4 30 9 14 48
4 41 34 25 57
4 15 71 52 7
4 14 59 27 69
4 31 17 43 10
4 49 17 21 30
4 35 26 70 44
4 54 2 18 28
4 47 53 48 16
4 61 76 35 12
4 72 30 36 48
4 67 79 10 13
4 25 9 73 45
4 54 67 48 30
4 48 59 1 32
4 27 63 22 53
4 24 49 60 58
4 14 37 25 50
4 30 34 6 31
4 46 4 70 22
4 57 39 23 56
4 17 22 21 15
4 60 46 80 4
4 53 14 56 11
4 39 76 68 65
4 66 33 19 53
4 5 59 16 25
4 78 19 47 69
4 52 46 12 23
4 74 53 27 21
4 35 63 70 42
4 11 47 29 58
4 5 24 69 2
4 15 14 61 56
4 25 55 70 17
4 49 76 72 46
4 59 70 9 77
4 43 72 31 23
4 67 47 16 55
4 22 30 6 74
4 67 77 76 39
4 72 14 10 40
4 18 54 66 3
4 25 42 78 68
4 17 2 28 76
