40 80
76792882 13238 742846767 575909 61016267 17 9 5911893 152 771935317 23 52879 32390716 1492 2069 40 9 5226851 43014503 6050 328558 48128 62601 70 30848324 6 2377 3999597 94 96744 5913 86 114971718 4677 25749990 77 565 94414307 71402 325540
26 28
36 21
5 36
36 7
24 6
12 21
7 17
13 21
24 21
24 21
14 40
20 34
27 14
24 28
33 11
12 13
14 17
29 2
36 3
33 26
39 2
10 27
1 19
25 23
8 17
3 17
36 15
7 24
25 32
17 27
15 35
33 14
16 10
7 26
7 10
5 26
40 18
34 3
36 15
5 2
15 3
3 36
28 4
34 2
37 19
34 15
6 35
37 7
2 22
38 21
9 15
25 36
28 36
12 21
34 11
39 4
29 4
6 22
13 14
3 15
23 5
33 35
2 8
12 22
4 29
12 21
18 26
33 11
35 15
28 20
19 18
24 6
22 31
34 12
12 22
4 13
26 22
9 37
15 9
11 7
80
4 77 13 21 52
4 53 25 42 49
4 63 80 48 11
4 53 44 19 45
4 16 23 31 67
4 65 70 68 79
4 69 29 17 27
4 56 45 34 71
4 18 29 39 62
4 35 40 75 16
4 53 26 19 61
4 8 11 2 80
4 48 26 37 41
4 60 56 54 33
4 60 34 61 51
4 55 2 41 13
4 61 58 77 56
4 30 28 59 45
4 57 59 48 77
4 23 35 38 36
4 13 35 55 14
4 75 7 8 17
4 76 27 43 61
4 47 52 13 12
4 30 18 79 13
4 68 76 65 45
4 46 30 65 38
4 40 48 39 11
4 6 19 76 41
4 22 79 34 21
4 25 63 1 66
4 44 35 43 12
4 70 26 79 51
4 66 42 20 77
4 4 67 51 41
4 64 76 28 69
4 4 71 21 54
4 51 16 55 23
4 36 56 22 71
4 20 64 42 25
4 56 9 66 36
4 45 2 37 25
4 61 62 58 45
4 17 35 12 45
4 45 23 53 79
4 15 69 48 70
4 63 15 9 33
4 3 34 64 15
4 13 73 72 9
4 37 17 73 60
4 41 79 45 62
4 40 16 6 39
4 63 18 47 19
4 75 13 63 32
4 40 31 4 33
4 25 27 65 78
4 28 31 56 75
4 9 20 80 41
4 47 45 13 60
4 30 8 24 15
4 2 22 33 34
4 70 64 24 14
4 24 33 71 29
4 47 68 76 29
4 15 55 68 34
4 13 36 35 69
4 53 10 26 54
4 77 15 24 10
4 7 18 35 23
4 63 68 75 39
4 58 61 4 80
4 44 68 26 31
4 69 68 73 49
4 49 51 34 59
4 69 60 34 67
4 17 41 61 28
4 15 19 28 58
4 7 70 10 17
4 15 24 40 38
4 65 17 2 29
