40 80
9664852 72574 2859608 23982510 74326 569799722 14843 1 4 890438543 280736 4162660 506012 66866 8006301 5 61871 5027 6754800 55919 1811442 507 7777 8303 26 71 5718733 5599 59 3668 9 608532 9751 39329075 7043 19443886 12 46 2068 421430210
20 31
15 32
1 20
39 8
9 6
13 33
39 13
33 39
1 28
25 35
33 34
40 31
3 16
2 17
3 8
25 21
34 10
10 28
2 10
31 4
30 34
1 7
16 19
35 9
18 10
37 17
27 15
15 17
24 13
29 9
9 40
3 15
5 25
16 31
10 7
35 10
35 8
13 5
3 36
9 26
23 24
5 13
24 5
36 33
24 1
30 37
33 38
1 14
4 28
19 25
19 26
27 9
26 21
7 19
3 34
1 33
18 20
39 36
32 29
9 13
6 9
32 15
20 29
11 34
3 14
3 35
9 2
25 34
39 28
8 4
15 24
28 37
19 24
38 10
1 39
10 2
33 2
32 8
38 13
21 40
80
4 9 10 17 28
4 77 55 62 13
4 42 39 68 6
4 21 10 58 76
4 56 18 78 24
4 29 41 43 54
4 64 18 69 61
4 47 73 68 80
4 18 25 58 2
4 60 43 21 46
4 71 54 64 34
4 34 17 38 54
4 48 70 52 25
4 70 41 65 66
4 18 37 59 41
4 62 77 53 27
4 80 37 17 14
4 73 62 78 61
4 10 68 24 79
4 36 28 50 30
4 25 36 63 8
4 77 64 15 19
4 67 24 58 14
4 20 11 54 36
4 32 40 36 33
4 65 30 52 38
4 43 33 14 74
4 76 47 64 55
4 80 76 63 32
4 33 18 44 39
4 56 48 34 47
4 56 76 27 31
4 3 42 75 14
4 61 18 24 77
4 27 20 10 58
4 79 69 29 68
4 75 58 18 17
4 74 16 12 9
4 10 64 3 61
4 23 50 13 17
4 39 44 6 60
4 4 64 62 49
4 32 66 7 76
4 22 30 69 9
4 73 80 18 77
4 51 3 80 11
4 79 30 34 11
4 35 52 6 15
4 46 8 75 40
4 69 50 46 71
4 25 63 72 34
4 47 25 35 19
4 18 43 52 70
4 65 76 32 68
4 49 31 4 34
4 65 52 12 44
4 23 61 12 36
4 50 3 51 28
4 19 15 73 34
4 46 80 5 63
4 9 43 39 32
4 21 75 48 51
4 52 47 7 14
4 23 72 79 22
4 17 8 63 24
4 28 20 47 25
4 65 73 16 54
4 51 2 56 19
4 58 38 69 25
4 74 68 7 12
4 60 8 18 27
4 36 39 31 15
4 11 20 12 75
4 22 28 67 24
4 4 6 37 62
4 66 5 16 74
4 48 2 23 74
4 44 71 4 33
4 73 24 25 10
4 17 46 20 1
