40 80
296 523966 741923605 45 54 313689723 820 1000 3814 34274128 1 26451 2829 36590567 839 58195292 832460361 870015 36448882 684509 58 1457089 319 52055689 11 2218734 34 807008294 806454 69 46359 205313 7257 238443 303 36824 8 292476 826 622085
4 36
15 22
25 32
23 38
13 29
24 37
19 12
17 38
13 39
33 23
6 33
24 17
24 16
10 25
29 31
20 18
1 4
40 32
15 30
1 5
23 6
14 29
7 5
19 34
9 12
19 7
7 30
19 25
1 23
25 15
16 12
5 17
13 25
11 7
3 13
26 22
8 18
36 24
37 7
36 7
39 13
31 32
39 22
3 2
36 8
27 7
30 18
35 36
5 33
29 27
13 19
37 39
17 1
39 14
27 40
37 7
35 6
27 20
31 23
10 17
17 30
8 37
8 7
22 4
5 29
13 6
21 24
10 38
2 28
23 25
25 10
12 5
29 28
4 10
8 2
18 11
36 23
39 23
27 28
28 7
80
4 64 57 75 22
4 12 14 8 32
4 23 59 62 53
4 38 43 76 72
4 51 34 78 30
4 54 20 36 5
4 15 3 38 70
4 55 28 43 64
4 71 72 41 65
4 16 21 2 73
4 74 28 60 45
4 30 29 36 25
4 40 12 66 15
4 34 58 67 37
4 58 45 3 12
4 78 50 55 10
4 29 10 73 36
4 22 10 63 28
4 30 18 75 4
4 65 51 53 54
4 76 74 1 19
4 60 7 24 55
4 12 65 55 38
4 16 50 48 73
4 66 38 8 28
4 79 12 41 44
4 3 43 17 16
4 41 32 16 30
4 63 28 52 54
4 11 16 61 79
4 22 43 2 44
4 2 10 22 60
4 30 65 9 55
4 21 57 18 75
4 30 36 66 25
4 70 52 5 64
4 78 80 41 49
4 41 22 73 52
4 9 72 44 55
4 1 23 44 27
4 71 36 30 33
4 7 22 77 26
4 79 30 38 63
4 38 45 29 15
4 35 2 66 6
4 72 12 50 55
4 52 44 36 3
4 62 29 34 20
4 53 36 1 15
4 59 37 62 13
4 40 48 64 20
4 67 60 24 29
4 29 59 44 42
4 17 47 79 28
4 36 15 13 22
4 20 41 72 4
4 3 64 6 22
4 14 72 30 39
4 21 15 26 59
4 58 9 73 16
4 24 58 19 68
4 28 36 29 69
4 50 25 52 12
4 2 48 30 61
4 12 54 8 48
4 65 56 58 31
4 61 57 17 50
4 48 71 67 64
4 17 71 6 76
4 25 50 14 16
4 76 71 53 9
4 53 21 38 9
4 75 9 57 4
4 37 16 55 23
4 43 73 13 30
4 62 47 1 48
4 66 1 41 27
4 26 18 29 78
4 22 21 75 67
4 56 51 50 43
