40 80
962141516 3390818 6989783 61060854 92106 11993 18 32552685 231941231 71778 546 6151935 6545 36078 1107 279 27508 75 9264011 64731 74925374 160811 14798 90409 62 9 66 761 98 936319 828690 321 731494 366082 55112 25105 2 81664 3741 73
24 33
7 20
20 36
17 34
33 16
16 21
10 24
4 37
25 5
2 5
28 30
32 10
23 13
22 25
21 36
9 1
7 37
35 32
9 14
26 27
2 13
1 22
8 30
10 23
37 7
21 18
25 4
37 38
3 38
27 25
18 29
6 29
19 37
23 35
28 34
32 11
4 27
35 12
22 13
14 9
21 10
16 40
30 31
29 1
32 8
19 8
17 30
10 14
21 14
3 4
28 23
21 37
17 10
33 37
23 6
32 28
25 29
39 2
31 24
2 20
40 26
28 31
13 39
13 20
24 23
40 18
40 33
4 26
36 29
15 38
13 20
8 13
31 24
2 21
9 32
36 25
28 22
35 3
21 39
10 8
80
4 22 64 74 21
4 4 1 43 45
4 39 33 57 40
4 2 38 4 8
4 1 30 15 66
4 15 33 28 78
4 11 45 23 75
4 49 29 20 9
4 68 9 30 22
4 24 20 21 77
4 78 2 60 23
4 71 20 1 12
4 2 68 20 19
4 55 77 58 12
4 49 75 40 12
4 25 66 24 39
4 8 68 16 18
4 16 28 71 65
4 13 48 41 24
4 69 77 13 52
4 8 46 58 12
4 54 19 71 13
4 9 16 4 1
4 37 32 52 78
4 16 53 17 54
4 47 28 68 33
4 79 76 36 73
4 78 57 7 18
4 4 55 8 1
4 37 56 79 55
4 17 11 4 65
4 25 40 41 26
4 6 27 23 26
4 30 33 22 57
4 25 16 67 58
4 16 78 66 25
4 53 65 28 75
4 27 69 16 28
4 30 49 59 78
4 37 72 66 15
4 30 74 26 73
4 1 40 12 16
4 55 22 79 28
4 28 31 42 16
4 43 5 56 23
4 15 9 70 49
4 35 67 68 11
4 60 59 41 13
4 25 1 34 51
4 57 44 29 36
4 53 42 23 71
4 49 14 78 66
4 80 3 63 79
4 23 6 68 64
4 29 41 16 6
4 77 59 63 9
4 39 57 15 16
4 62 27 32 74
4 2 69 8 34
4 49 80 47 4
4 62 79 31 58
4 53 22 65 3
4 11 16 17 76
4 60 73 28 9
4 27 61 49 74
4 1 29 27 63
4 24 7 74 3
4 62 34 36 61
4 37 58 59 33
4 34 22 30 3
4 59 54 37 18
4 77 46 76 30
4 78 28 7 57
4 28 78 80 20
4 22 49 17 53
4 53 4 1 22
4 56 9 61 62
4 37 32 4 63
4 16 42 18 67
4 62 46 37 10
