40 80
1700869 358 3962525 4 367 27289 70205408 2637459 86 66616 215407606 4187450 603802 96392 10 77314182 71393 865 65355 9698308 20 76 3574 169 562 7 72862673 9310242 4011149 5063111 83 2 8230 9 573571956 8129 1428051 750233 24343 40
13 25
28 6
32 40
27 12
30 11
38 6
33 27
23 11
13 36
18 38
4 36
18 20
25 39
25 9
27 25
34 36
20 10
10 21
39 8
28 29
6 23
8 17
12 7
11 28
10 27
5 13
19 29
10 12
23 34
1 38
11 4
9 35
8 23
20 21
37 20
24 26
6 26
8 1
28 11
3 22
12 26
26 38
15 34
31 2
14 16
29 8
7 20
40 18
34 9
26 36
27 17
19 13
19 37
9 37
31 5
7 37
34 15
32 28
28 11
32 5
2 19
2 17
4 3
12 28
24 8
27 8
27 24
2 39
29 26
19 28
35 1
38 7
27 39
21 11
38 28
9 12
30 29
23 19
11 33
33 23
80
4 68 8 2 51
4 71 76 78 61
4 25 50 3 80
4 15 20 27 8
4 18 37 27 59
4 52 25 79 74
4 68 7 24 4
4 17 80 34 30
4 80 33 30 66
4 26 47 19 57
4 47 44 60 10
4 75 66 62 40
4 44 57 35 36
4 30 33 41 53
4 34 75 57 49
4 41 60 37 32
4 31 7 60 51
4 72 56 24 35
4 16 76 37 41
4 34 22 62 4
4 48 35 19 21
4 70 25 79 62
4 51 11 66 20
4 58 55 22 61
4 69 36 14 19
4 40 4 27 34
4 73 71 10 28
4 60 38 73 16
4 23 13 54 78
4 24 3 15 49
4 51 46 31 80
4 44 53 49 25
4 45 30 46 53
4 34 55 5 1
4 18 23 13 35
4 7 1 9 63
4 54 28 78 1
4 72 66 25 9
4 45 23 80 50
4 77 7 25 10
4 16 58 29 64
4 35 20 5 4
4 46 32 58 21
4 36 70 40 33
4 27 36 49 45
4 26 38 77 9
4 27 60 37 9
4 32 62 3 54
4 14 34 54 13
4 25 18 66 67
4 3 68 73 13
4 3 61 6 54
4 36 55 22 72
4 43 69 3 64
4 11 45 33 71
4 13 14 18 74
4 61 34 1 62
4 40 6 67 41
4 51 8 30 17
4 31 78 80 10
4 79 59 54 61
4 53 54 55 38
4 27 18 7 3
4 2 47 38 6
4 17 78 63 40
4 15 9 24 18
4 69 4 66 78
4 8 72 52 9
4 54 26 9 69
4 67 28 37 64
4 63 7 47 18
4 61 26 52 8
4 79 17 19 60
4 1 11 73 36
4 5 12 70 56
4 5 1 11 61
4 80 15 14 34
4 37 27 61 24
4 65 19 23 67
4 31 56 79 61
