40 80
418 93408273 613531 34216 4196799 8392 254432 18167365 61 2 66306524 36 357 9 3 618 6822444 67 1379167 41200738 92902197 9 55108 820189 55382 510705 87900111 1448389 1347168 9 988615 316382005 60 8 2463992 2 81107336 93 985 7
21 9
11 30
20 37
20 6
25 32
25 1
11 22
33 18
37 29
39 31
26 12
21 2
29 11
5 7
3 9
2 25
28 18
28 10
31 22
27 38
12 39
13 29
20 39
30 6
40 20
11 16
22 17
22 36
17 3
27 4
23 9
21 16
38 37
20 40
19 11
8 2
17 2
31 9
9 17
32 6
14 1
19 15
15 19
19 1
35 34
20 39
26 6
1 24
28 33
1 31
18 33
5 35
11 21
12 15
34 20
2 33
25 35
2 9
34 39
23 30
34 11
11 39
19 26
2 8
14 8
25 13
26 28
20 21
24 35
4 37
36 24
12 2
33 24
39 31
38 33
15 32
12 40
34 35
6 20
7 37
80
4 23 17 7 40
4 29 52 51 3
4 26 70 54 40
4 6 29 80 22
4 19 69 44 50
4 29 30 16 2
4 62 17 10 9
4 11 7 42 2
4 27 74 65 80
4 75 13 55 76
4 4 43 2 47
4 80 52 18 47
4 21 35 28 66
4 26 66 76 58
4 21 16 25 48
4 5 22 19 61
4 28 66 47 57
4 56 48 33 51
4 78 47 52 25
4 36 18 7 31
4 13 2 7 60
4 33 34 54 62
4 29 17 15 53
4 27 39 24 25
4 47 27 48 25
4 23 33 53 71
4 66 35 13 73
4 73 8 25 54
4 66 36 50 4
4 10 38 36 45
4 49 10 77 72
4 27 65 13 71
4 43 24 41 50
4 66 29 28 76
4 75 11 77 80
4 13 49 9 3
4 37 64 79 58
4 31 66 8 17
4 63 6 8 7
4 18 1 67 3
4 59 49 14 2
4 71 76 26 62
4 62 71 37 5
4 27 50 67 9
4 57 20 1 69
4 66 28 43 53
4 39 64 26 12
4 4 20 22 57
4 64 63 62 29
4 8 21 72 59
4 34 6 70 52
4 80 58 46 42
4 48 54 78 26
4 43 70 45 44
4 15 13 58 50
4 14 1 59 30
4 29 30 53 61
4 49 72 76 75
4 8 36 41 64
4 5 69 59 74
4 8 17 68 52
4 15 62 21 35
4 16 79 78 1
4 58 24 25 33
4 48 51 33 46
4 21 48 59 51
4 41 45 42 60
4 65 57 20 28
4 55 39 9 35
4 64 10 69 28
4 42 12 40 25
4 24 69 53 74
4 44 63 42 69
4 53 13 69 37
4 58 69 5 12
4 12 25 47 58
4 6 46 13 12
4 35 44 79 26
4 31 32 49 63
4 12 77 34 80
