40 80
3 5 207531052 91 17614971 4766 242 899910 87552 60284588 65 7823285 412 330510558 767657807 986 236 33034 41590 312797 6279159 4 57 973204253 597824093 444 87312 4 889421420 9945529 365765 196 10 3114553 896 317 26 591254082 4681167 36424078
32 24
31 32
39 15
36 31
18 35
29 39
21 19
22 21
3 13
10 20
8 15
35 7
39 14
37 6
17 36
22 19
38 39
38 1
28 4
19 33
21 18
27 14
28 27
10 24
16 19
8 15
28 40
11 2
25 29
15 19
38 2
6 40
26 33
33 3
21 39
19 16
3 40
16 37
24 27
13 31
20 16
31 38
23 15
28 32
30 31
37 31
5 31
20 39
16 23
6 40
38 26
20 33
2 31
36 34
1 24
9 15
32 24
7 25
12 28
15 17
28 24
15 9
36 21
22 30
31 32
3 39
13 31
30 35
40 27
14 37
35 36
21 33
21 28
7 40
1 15
39 20
36 5
18 36
21 10
36 16
80
4 32 53 62 28
4 68 72 76 12
4 57 67 11 8
4 4 29 52 77
4 28 27 25 22
4 69 78 53 39
4 21 44 18 4
4 32 79 63 65
4 30 22 80 36
4 66 78 24 26
4 31 7 19 69
4 21 46 62 25
4 19 37 30 7
4 45 24 3 57
4 61 70 69 8
4 40 6 48 9
4 20 74 9 73
4 4 27 24 47
4 63 51 4 3
4 76 59 19 34
4 2 26 54 77
4 56 48 42 13
4 49 51 13 35
4 42 79 44 3
4 49 65 72 8
4 3 78 55 43
4 75 20 58 22
4 26 4 22 41
4 2 58 28 22
4 45 14 19 11
4 7 71 53 28
4 44 75 54 26
4 67 30 68 16
4 77 15 78 45
4 30 10 75 36
4 55 31 20 49
4 38 63 18 74
4 15 8 27 26
4 44 60 20 41
4 45 50 7 44
4 48 23 29 62
4 23 12 59 8
4 30 68 73 76
4 51 16 66 59
4 75 66 6 40
4 80 59 63 66
4 55 75 24 51
4 8 13 14 10
4 49 64 20 26
4 50 19 68 80
4 60 46 65 45
4 20 27 63 58
4 56 17 79 34
4 40 68 16 80
4 2 22 52 10
4 25 48 26 67
4 44 79 7 66
4 49 15 70 48
4 65 32 73 27
4 37 46 69 60
4 10 12 2 30
4 51 76 40 78
4 48 44 31 27
4 31 7 49 47
4 78 58 76 59
4 69 76 62 9
4 75 60 68 17
4 54 76 33 3
4 21 25 77 38
4 17 78 52 31
4 21 56 2 48
4 64 54 68 15
4 12 70 1 43
4 13 28 22 57
4 54 29 30 58
4 73 37 28 29
4 35 29 8 26
4 57 44 5 61
4 32 30 55 29
4 60 3 55 77
