50 100
5613 381191 49 54219 7808 3145556 517852792 10 9350 7667 3040 3962 3495 23 405440134 69254278 5 68 32584792 5 764959 65153560 2 876590981 64 27611 1640932 423752500 671523524 17160005 714300 24854 3 2 439 41174 5293010 6 235367 834145 954607 3915 68 49040 608 86768 788498922 5621 25 6620
6 14
22 15
1 11
32 12
40 26
10 48
1 50
17 40
43 18
34 26
31 47
24 35
3 41
33 23
39 48
43 5
32 37
24 45
11 24
45 31
37 34
34 46
48 9
7 39
35 39
29 11
39 11
13 3
6 9
39 29
21 33
39 30
37 14
27 31
1 5
43 15
34 49
50 3
27 8
16 37
23 42
14 9
45 27
1 22
26 49
33 7
18 40
5 43
25 49
5 37
48 30
3 2
29 44
9 2
50 36
21 24
42 1
9 1
34 4
31 12
49 46
43 41
48 30
4 22
38 29
8 21
11 36
2 13
15 42
40 18
8 12
13 44
22 30
42 26
35 4
13 37
28 6
9 46
46 36
22 3
22 11
32 7
38 9
41 36
20 5
11 22
40 34
38 8
41 5
43 47
33 26
21 22
48 10
24 28
3 5
24 49
15 37
35 27
13 29
46 11
100
9 21 62 57 24 44 43 48 76 29
3 96 61 58
2 12 37
6 45 11 35 16 83 31
5 4 70 32 87 86
4 23 41 37 78
10 10 80 39 11 45 17 92 57 13 12
1 9
7 13 42 85 67 57 1 37
3 90 11 99
9 75 15 18 74 4 68 35 81 79
9 41 8 74 78 13 99 30 97 79
8 77 48 32 35 8 2 96 94
2 42 25
1 97
6 92 33 30 67 25 42
5 83 2 38 66 19
7 94 7 29 27 22 38 53
1 46
8 30 7 52 51 49 96 41 81
5 69 28 100 87 22
6 66 93 53 82 92 42
3 69 44 41
9 64 94 29 71 5 16 40 83 9
3 20 96 53
10 73 97 46 39 76 93 24 7 18 98
4 89 93 13 38
2 85 1
6 52 44 85 25 28 65
9 37 80 92 2 42 44 45 66 65
2 53 96
9 60 5 90 51 37 92 29 91 72
6 52 66 16 36 58 9
3 40 32 64
4 30 93 5 65
9 8 49 83 41 21 96 98 13 1
7 91 86 100 62 47 64 27
6 8 19 29 23 73 12
6 17 20 19 64 31 73
5 29 79 52 89 85
7 85 56 96 63 34 1 60
9 85 62 88 100 11 94 66 1 34
2 85 75
7 4 40 6 11 28 77 45
4 50 7 41 9
1 56
10 13 21 61 68 72 29 33 62 15 71
1 62
7 82 66 64 72 59 89 2
2 26 14
7 4 94 30 25 59 12 99
9 63 18 1 56 78 8 32 19 57
2 87 44
4 36 2 42 9
8 21 37 11 25 49 62 89 73
3 68 75 89
3 93 3 33
6 28 80 61 91 12 54
10 14 49 52 92 7 44 70 75 65 45
8 48 1 100 84 19 61 62 39
7 10 96 58 56 11 41 78
4 66 33 59 44
3 5 10 15
5 67 91 84 97 38
9 70 55 33 41 39 7 58 38 82
3 100 87 49
7 6 8 4 47 75 50 66
10 100 71 3 57 97 66 6 46 27 68
6 64 1 65 2 22 87
9 12 17 61 71 43 41 93 16 51
7 62 64 28 4 24 90 60
6 41 15 14 86 75 17
7 52 66 25 17 26 59 56
1 59
2 57 78
4 11 28 51 54
9 35 77 4 62 83 8 82 69 11
7 56 22 24 98 92 97 5
4 34 100 11 44
7 80 23 69 9 89 24 34
6 32 43 40 37 66 79
3 18 38 45
9 87 69 65 2 88 64 44 31 43
6 38 71 64 63 18 91
10 49 90 26 55 99 74 41 15 51 47
7 97 84 5 53 46 34 57
10 62 17 88 71 38 6 32 50 43 78
8 16 68 36 22 40 66 49 5
9 50 88 78 89 100 77 80 52 12
2 49 20
7 44 81 78 66 76 42 73
9 22 77 21 48 85 81 1 69 92
2 76 89
10 23 59 8 64 5 71 68 27 51 2
9 98 68 88 17 30 21 20 15 43
6 48 31 88 25 100 84
6 24 40 3 37 68 62
10 25 63 10 79 61 5 62 46 50 75
5 76 83 58 31 22
7 40 9 26 75 36 17 44
