50 100
116191539 666 9 309 60128 7361743 9 87 6778184 6862 71 704482 9 49 398 116570 21 54032 26 7 135337 85 641317545 1747 4 886631 1797 3934161 28493998 947 1 199983706 8 270932242 223427 1218231 52343 640319 128443070 615781270 5099 9072 81 9 167746 6621 7169 9038389 7 152
16 39
30 35
47 33
24 26
28 33
5 27
29 15
20 30
44 39
46 47
17 50
6 29
8 41
23 43
7 33
34 30
28 23
42 29
21 1
15 9
47 44
21 22
47 5
25 7
5 49
4 33
40 4
26 49
9 11
7 9
6 13
2 44
45 42
42 37
45 32
23 21
34 45
44 15
13 34
22 18
14 26
30 50
35 43
29 24
17 15
20 47
5 8
27 40
25 3
7 17
50 8
7 45
18 50
28 31
31 30
9 4
16 37
44 24
18 16
13 37
25 1
44 3
15 26
43 46
36 30
10 40
21 3
11 37
5 48
19 31
7 48
17 22
3 35
43 39
33 25
8 16
21 15
6 34
30 40
27 13
5 23
47 22
34 10
24 18
46 40
14 41
36 9
49 19
43 22
35 9
16 31
38 44
48 49
27 21
45 44
1 42
41 22
7 46
9 48
50 23
100
4 9 4 65 13
1 99
1 44
3 51 61 9
7 49 72 75 56 95 81 24
7 2 44 45 17 16 76 56
4 15 53 73 66
7 89 76 71 68 92 2 58
3 71 90 56
7 32 69 16 48 23 86 56
8 27 87 62 98 12 89 65 38
9 90 71 28 59 53 6 14 19 72
3 98 84 10
6 24 52 59 40 33 6
4 25 59 33 53
6 93 37 8 83 57 36
7 54 78 17 32 23 72 55
3 93 89 60
6 83 94 96 27 66 97
9 81 63 56 73 28 86 74 83 7
8 2 31 66 73 22 11 30 97
9 86 96 7 24 78 83 61 29 33
3 24 21 44
1 29
9 21 75 27 76 29 52 77 13 40
3 83 95 87
10 89 44 33 41 18 48 36 74 86 77
4 34 95 91 66
10 45 26 42 52 74 23 77 38 41 55
1 38
3 28 94 82
5 36 63 28 4 95
7 82 100 49 78 70 35 65
4 8 42 28 74
1 81
10 25 60 66 91 28 97 64 8 17 45
10 60 96 73 42 39 12 78 67 82 7
5 6 21 38 91 41
9 74 92 71 54 80 24 56 85 10
9 3 2 50 21 69 13 78 12 65
10 16 85 29 73 11 61 52 32 10 36
4 49 10 2 30
7 82 59 50 98 42 48 1
3 16 41 82
9 1 28 53 11 73 35 94 16 7
1 86
8 90 66 43 28 86 23 57 60
9 22 4 100 72 54 51 97 71 17
1 38
10 98 58 70 4 52 21 31 87 24 62
3 77 28 4
7 70 63 82 23 86 30 10
7 25 53 91 61 43 46 19
8 16 56 39 70 93 14 68 24
3 13 36 63
5 1 6 22 60 15
4 51 2 75 84
3 29 9 49
8 50 35 38 84 61 86 82 100
7 84 97 45 49 47 19 54
9 18 69 19 41 84 51 34 21 87
2 5 63
7 87 62 89 69 98 47 97
5 82 53 61 70 52
3 32 97 99
7 4 14 96 98 66 49 46
1 54
10 76 46 14 31 83 77 15 64 79 23
5 65 68 71 60 75
2 28 32
10 14 15 23 35 9 27 28 36 64 83
7 45 11 42 75 12 72 96
9 40 10 83 96 12 13 31 74 62
6 66 47 24 99 63 80
5 80 29 30 54 84
9 31 41 80 33 50 48 42 78 28
9 80 38 84 82 72 3 98 59 12
9 6 38 4 81 75 7 90 15 54
7 19 27 23 46 70 5 8
10 36 66 49 88 8 92 51 58 26 21
9 97 24 29 22 20 40 4 54 68
7 29 63 6 10 62 78 69
1 80
10 43 89 47 46 1 42 53 56 87 78
8 10 76 26 38 89 30 16 14
1 96
2 50 27
1 92
6 12 32 88 54 67 83
8 17 50 6 60 29 32 99 52
6 75 47 96 72 19 60
2 72 61
8 15 18 100 56 53 19 41 29
4 97 74 47 70
4 3 82 72 5
3 43 49 27
8 77 92 26 55 16 50 81 22
2 83 54
10 16 85 7 29 65 96 90 71 88 45
3 62 2 76
