50 100
139871 302005634 352959322 959234 329 886 79918774 701480656 8815606 78173415 256 767940 855 4082728 52375 3 23491 3139116 35300 15904 8081674 4 231 65619 302 9946348 4 398387 961 6017 1073824 17 4571 5416315 9573 225359023 86994383 9 713777 22649 806 5244 4 2791164 744 607 9 7568 8286652 473591
7 46
23 14
15 45
50 35
16 44
7 35
14 47
30 45
15 9
47 9
10 44
40 28
12 28
32 24
32 48
26 42
40 32
37 26
8 38
28 7
12 36
30 32
36 33
26 34
46 26
5 22
6 46
39 46
38 43
6 17
22 48
24 34
11 23
32 18
27 12
50 15
40 46
15 13
21 44
4 43
27 40
10 3
47 30
30 5
1 14
36 7
34 35
49 34
24 26
36 45
3 26
45 23
11 44
21 28
31 48
50 30
17 11
33 48
15 3
7 42
33 20
24 43
43 25
11 38
4 45
26 16
26 33
37 38
22 38
12 30
35 17
31 38
32 20
28 49
29 39
9 33
21 11
35 22
5 36
39 50
16 12
47 38
39 19
11 35
36 32
4 25
40 6
23 1
28 44
5 49
19 49
30 12
20 22
50 14
17 16
33 3
41 25
12 31
13 15
37 49
100
6 13 7 78 50 14 62
3 89 54 32
1 100
1 64
5 30 20 89 66 47
7 92 75 67 6 22 18 54
4 8 94 84 55
10 83 7 80 64 6 1 60 25 31 99
6 54 57 10 68 59 17
2 66 21
6 41 9 27 49 97 15
7 97 22 36 9 19 16 62
1 46
10 26 82 94 31 90 88 41 58 72 14
2 100 18
3 30 31 65
6 43 81 78 59 94 38
9 57 63 13 74 2 80 32 28 30
6 99 28 100 29 56 93
1 71
10 59 84 92 64 31 39 53 98 83 97
1 7
10 17 94 13 70 97 68 55 38 69 2
6 94 82 87 15 81 61
10 82 59 38 34 11 52 51 49 53 89
9 39 80 40 47 75 17 32 2 55
2 2 27
8 21 16 52 53 6 22 36 50
10 17 56 45 94 14 96 26 19 59 24
2 58 1
9 55 72 33 12 45 94 6 20 32
8 94 100 27 82 69 86 46 5
10 40 22 35 14 60 1 7 26 38 15
1 59
5 83 52 71 61 92
9 50 20 82 81 11 88 70 54 26
10 6 65 20 49 67 51 21 5 43 94
4 79 83 98 5
1 59
5 42 55 10 85 90
9 69 9 71 13 51 93 11 83 23
10 61 54 71 56 64 49 86 31 52 33
8 88 54 47 80 55 35 22 45
4 38 99 53 7
7 6 47 61 68 60 79 53
1 70
8 55 78 2 89 72 37 66 25
2 33 34
4 19 90 64 9
7 19 74 52 92 39 91 25
5 58 72 5 38 61
5 30 90 53 12 9
10 15 51 92 46 3 26 82 5 56 59
5 2 21 70 25 86
2 12 71
10 95 26 41 21 70 75 73 13 17 56
9 92 97 57 85 98 80 36 73 91
7 58 75 41 96 8 79 87
2 96 56
5 7 3 74 42 35
8 52 24 15 53 80 19 31 49
5 49 66 80 61 68
1 41
10 34 12 100 92 95 47 70 41 9 37
10 88 29 66 67 27 5 56 14 60 62
10 64 10 20 6 45 35 87 50 7 21
3 61 2 97
9 79 86 63 60 91 76 29 92 13
3 50 46 28
5 15 78 47 17 51
2 52 91
4 15 74 65 43
2 61 14
6 37 66 76 90 38 28
6 95 81 15 9 80 45
1 10
10 83 32 6 96 72 76 50 62 30 12
10 85 40 45 94 53 5 46 41 27 43
4 29 62 92 46
4 97 54 28 49
5 7 10 49 56 60
3 60 96 69
4 28 50 46 2
7 94 49 62 42 64 17 70
9 81 85 52 78 21 93 27 54 40
4 22 45 64 62
10 99 4 88 45 55 98 3 56 39 97
2 99 80
4 57 31 78 98
10 32 48 68 33 60 5 78 72 67 66
2 65 31
2 48 22
9 1 20 75 60 2 41 10 31 56
6 35 8 67 65 80 96
10 52 55 14 64 16 78 4 27 19 95
1 27
6 20 58 11 8 53 81
7 54 10 25 52 81 27 7
8 30 95 57 71 29 25 26 99
5 7 18 56 69 52
