50 100
32330811 553449837 878 165879314 156059590 268552 2758419 57732658 29605 9423556 5 2 796 55 24463 3410869 501992943 31 793164372 94025 189071 99798 3 11559860 582398262 12526432 59545 75872 4306 1437 196628 61 4 170896976 5 7 359 34541 376 695063 13587 473309 6 989 9699 4113 99818 7 4 4238
15 45
9 20
23 3
46 44
38 37
20 35
16 49
35 27
37 44
46 34
19 33
5 3
26 6
16 21
47 41
7 16
6 34
16 50
49 42
10 47
48 42
18 40
17 20
45 7
46 50
11 40
41 18
30 1
39 47
45 15
22 49
50 7
18 14
22 8
24 29
48 22
40 1
24 45
37 4
34 44
8 31
39 29
50 16
14 30
11 45
13 42
46 34
21 22
4 23
19 48
18 46
10 31
5 2
11 1
17 49
7 38
10 32
7 8
2 19
32 38
27 16
42 39
41 3
19 38
1 7
38 19
6 8
12 22
43 23
41 22
34 27
39 26
26 13
37 16
11 16
1 27
31 24
4 23
37 26
27 11
37 38
1 28
22 33
21 14
34 9
18 41
4 15
48 39
14 3
36 33
43 2
13 37
28 24
13 23
24 2
15 22
42 25
3 40
47 31
12 3
100
3 98 26 44
8 87 1 66 10 69 49 32 74
5 81 7 10 49 8
5 53 98 82 80 9
1 2
6 95 52 53 3 42 69
1 71
9 90 61 13 3 9 46 15 34 56
8 5 34 2 1 4 86 58 26
10 3 85 77 7 81 60 27 23 29 41
10 21 5 16 50 64 26 96 41 37 84
3 93 46 9
10 88 9 63 24 1 89 93 92 30 12
8 6 90 5 19 39 23 82 47
2 54 5
4 75 32 78 93
2 15 74
6 80 53 67 49 6 68
3 40 74 53
10 86 5 72 92 37 52 15 32 57 78
2 62 4
4 42 61 31 55
10 48 92 57 46 88 36 14 59 56 96
4 2 59 56 90
8 19 65 22 9 46 68 69 73
3 37 64 51
3 24 38 93
3 56 5 18
6 99 98 27 49 24 62
5 87 48 96 25 16
9 24 79 47 16 8 27 33 92 86
8 8 7 75 99 74 92 69 43
1 97
1 20
2 47 39
3 44 17 74
8 33 94 97 4 3 75 80 10
3 11 3 51
3 15 91 86
1 92
6 40 82 14 48 78 55
8 31 26 5 59 66 100 47 85
8 1 52 78 49 65 24 95 46
5 80 94 62 73 51
10 49 2 73 55 1 26 24 62 20 39
2 70 85
2 7 76
2 96 56
10 93 20 30 26 66 39 73 88 18 69
7 64 65 46 36 16 74 34
7 7 87 92 69 68 97 60
6 98 16 46 96 67 56
9 58 83 15 62 81 39 41 93 67
1 57
4 40 36 13 52
8 86 58 48 92 49 36 45 100
5 42 1 99 52 43
3 71 7 100
10 14 89 97 64 77 13 37 4 100 76
5 43 60 85 16 82
10 80 62 58 78 72 46 9 79 86 26
8 91 2 18 25 66 65 33 72
9 91 4 14 71 50 99 85 45 31
6 19 1 66 30 42 60
6 65 47 8 1 51 35
2 11 72
9 49 42 96 76 31 60 5 18 43
3 33 93 36
9 53 67 27 24 52 82 97 11 28
10 13 39 15 44 72 45 43 40 19 1
9 72 1 43 91 40 2 100 8 82
9 59 98 6 25 55 52 21 12 3
1 68
4 8 31 16 33
9 32 71 22 60 58 40 51 97 72
8 76 67 8 48 82 34 47 56
1 99
8 38 55 70 62 33 85 42 22
2 28 6
3 83 73 54
2 62 26
8 8 36 48 42 57 67 41 44
6 97 85 51 78 12 84
1 10
4 77 34 57 25
1 8
9 39 62 91 46 74 80 84 44 8
2 16 40
8 61 86 53 65 96 54 42 46
4 96 100 35 22
5 60 22 81 93 53
4 53 68 34 89
8 38 91 66 61 53 99 58 54
6 12 60 76 63 27 35
10 40 29 4 73 19 80 78 76 96 21
7 1 40 30 76 17 29 10
7 93 9 19 30 11 40 28
6 24 14 15 72 97 4
1 69
8 98 53 22 15 81 17 16 74
