50 100
6 3 817 518474617 39594 42 99234 5624 6392825 578729968 2474178 538 901831 10 4 41858 515 5 729677 945295665 37336 30862628 702800822 68991227 99 597 582 3548708 3538646 500548 74 8 8400269 89 77 90683160 15925784 6 185 5696 1756174 92125 345 836103677 52176270 1118073 231 7670 12 3493671
26 35
7 41
4 12
47 8
30 6
36 39
14 43
36 22
12 45
28 49
27 31
8 1
29 39
35 23
1 5
36 41
31 10
28 3
8 38
44 35
13 42
37 38
27 4
21 13
11 9
9 30
47 8
39 44
12 28
28 50
7 42
41 49
41 49
27 47
16 23
27 40
30 41
29 43
28 25
38 32
33 25
37 42
20 14
39 23
1 12
24 13
28 43
15 48
18 11
22 19
50 19
8 17
17 50
3 10
38 45
3 2
2 10
35 12
42 27
41 5
28 36
20 15
49 4
31 20
25 33
4 33
6 1
41 45
31 46
32 43
16 11
23 29
25 38
37 7
12 27
48 29
32 47
18 26
41 27
16 10
38 2
28 6
8 31
50 9
44 18
26 3
18 31
20 24
49 41
29 5
50 24
30 47
5 50
10 49
31 38
24 41
15 47
11 15
7 43
21 22
100
8 59 56 4 65 12 83 75 91
5 64 55 50 34 78
10 36 5 47 63 22 97 60 24 31 18
10 46 25 62 40 37 77 74 95 67 29
4 52 3 26 75
6 67 15 26 18 100 36
6 13 96 22 89 35 44
10 37 39 82 13 72 34 41 90 62 12
2 34 11
7 66 43 69 78 8 70 54
2 94 98
2 56 43
3 36 30 23
10 62 64 47 100 43 76 18 26 24 56
10 67 5 12 11 51 31 7 20 53 19
2 54 59
1 47
3 48 7 24
10 59 94 76 45 35 79 91 57 75 23
2 63 34
8 75 89 79 40 95 56 39 6
5 51 1 44 56 4
9 88 89 70 16 1 98 86 10 76
3 16 62 57
3 23 93 62
8 70 49 13 36 73 25 61 4
1 31
9 31 97 99 41 68 69 8 84 92
8 4 11 62 41 35 51 61 10
4 55 81 50 72
10 93 34 25 35 59 66 46 57 4 39
1 63
8 93 51 37 91 34 36 98 66
8 43 13 4 44 26 83 63 52
6 14 63 22 38 29 100
7 4 2 19 42 70 69 50
8 60 80 16 42 94 39 3 46
4 14 24 79 7
2 43 83
4 67 69 86 94
7 63 35 5 74 6 11 19
10 73 55 56 75 61 21 95 43 48 38
6 59 23 60 96 84 92
1 95
4 19 41 88 29
6 70 100 97 67 99 28
7 28 6 76 94 97 5 26
7 95 45 96 39 68 92 93
5 82 24 34 46 64
8 23 74 37 32 69 30 41 34
1 73
6 56 43 45 7 58 15
5 81 33 27 75 47
10 33 1 5 35 51 76 37 81 67 17
2 93 65
4 58 88 75 4
3 65 55 40
10 9 74 54 40 37 47 100 98 66 12
5 45 75 71 86 12
8 16 21 12 20 71 33 38 32
1 12
3 36 23 74
8 3 99 52 70 40 31 94 20
10 31 4 1 62 99 40 27 29 38 82
5 32 98 34 10 35
8 32 18 38 20 74 62 16 24
5 83 7 62 77 94
9 49 24 80 66 26 16 4 98 89
2 26 82
9 6 59 51 91 47 38 88 40 86
10 43 9 66 33 46 1 91 98 7 75
8 44 42 73 76 58 95 80 52
1 38
8 76 95 100 89 16 11 2 29
9 16 65 77 45 51 21 97 61 99
10 61 94 17 45 88 86 37 77 11 66
7 93 60 72 64 15 20 70
7 24 46 12 55 62 21 56
1 22
8 1 91 34 81 56 5 28 86
3 52 70 14
7 74 24 64 25 92 84 93
7 45 46 80 84 40 95 51
6 14 98 37 64 70 19
6 27 41 3 53 84 86
5 59 15 5 1 14
7 45 36 97 31 21 37 77
10 52 85 57 69 37 99 70 2 27 22
2 10 65
4 31 37 89 11
5 2 8 63 9 54
2 11 46
9 86 62 73 11 98 78 1 2 16
7 2 88 55 53 91 81 3
3 38 68 67
3 11 75 82
1 5
6 70 24 87 31 21 14
4 81 72 8 7
2 39 88
