50 100
808654243 64 464 8591683 5 6730454 140609 59545764 355 673809541 4819 40667 11 69769616 672 3 155 742 727 463392540 6903925 722 930099516 11450142 5 655615 10 4892866 3 470147 8765 81108 106862 96767 137702807 1428 840568795 227 952198 127092 27402 209100 4033516 728005 9 60353369 9728710 15289185 65372904 492027282
15 10
28 36
30 48
36 41
8 35
39 43
37 24
31 5
45 30
7 5
22 23
30 47
48 32
9 23
41 3
19 41
50 12
50 21
50 32
31 16
45 30
24 46
49 2
2 26
9 29
39 21
25 38
7 5
13 40
35 25
9 45
6 11
29 15
40 21
39 37
47 21
23 9
3 39
42 1
1 18
3 24
30 8
39 40
32 19
25 5
47 6
50 23
15 23
22 23
30 33
1 39
21 7
3 29
25 38
28 13
9 20
25 47
36 18
19 49
3 2
35 46
23 10
14 39
29 40
10 30
16 49
17 23
21 31
38 8
30 36
41 46
49 2
41 26
35 42
40 12
10 30
48 18
39 35
24 12
15 12
30 26
44 47
33 20
42 29
39 30
4 44
32 25
12 49
45 26
37 29
31 5
17 30
48 17
3 48
20 18
31 47
11 12
2 14
49 33
40 16
100
87 81 29 76 30 73 80 35 46 59 94 60 15 93 49 4 23 64 10 21 36 45 86 13 37 42 72 67 9 58 65 82 84 25 14 20 99 50 16 69 89 74 24 26 87 90 62 5 55 3 51 2 56 77 98 44 52 8 75 34 31 100 1 32 96 48 79 61 71 68 17 7 47 91 41 22 53 27 33 97 66 70 83 88 40 95 39 12
72 98 85 36 58 63 7 51 54 45 6 93 28 92 3 1 53 83 60 76 52 19 17 97 23 62 68 4 84 35 96 44 5 24 65 80 40 9 70 86 50 29 10 79 15 39 77 22 59 33 49 16 71 25 91 38 69 100 42 32 73 57 87 12 26 88 81 47 55 95 37 94 72
10 38 63 33 25 47 67 87 48 37 79
61 37 56 65 42 14 52 57 75 60 32 45 7 34 31 68 55 85 15 1 74 30 44 36 66 49 97 95 73 76 4 72 67 78 96 22 58 40 88 28 6 84 20 38 21 8 33 10 47 9 46 26 11 51 62 19 54 91 100 79 18 41
79 40 63 39 97 25 1 69 91 11 81 99 74 28 80 49 95 92 73 87 31 55 45 47 96 8 64 34 58 22 84 67 37 77 89 86 71 41 36 94 26 19 27 88 60 83 53 100 15 98 75 29 76 33 21 46 9 48 51 38 13 78 18 35 85 4 6 82 2 14 42 70 57 66 30 10 54 24 52 23
6 64 70 93 67 79 6
84 76 75 61 18 51 74 49 35 72 78 96 64 10 25 93 63 52 30 45 73 62 68 38 65 59 24 95 28 44 81 16 92 39 47 23 36 34 27 7 11 91 90 83 48 20 1 13 100 37 86 12 66 19 33 57 70 4 94 55 67 32 43 97 29 8 14 22 3 40 53 80 9 6 79 77 41 89 99 17 87 42 50 26 60
95 75 29 44 70 96 56 24 9 32 90 7 63 98 2 34 97 71 86 5 47 80 51 4 19 81 3 87 66 42 88 50 62 8 76 57 31 65 40 94 91 20 35 82 23 10 17 78 28 49 21 93 61 30 38 68 67 25 48 37 77 54 6 18 11 83 36 41 72 16 33 69 53 22 46 92 95 27 58 12 85 74 84 14 64 59 52 99 45 100 39 43 26 13 1 55
28 96 18 35 77 70 93 24 45 46 8 80 2 81 56 67 71 57 3 73 97 1 83 4 58 30 13 61 43
15 87 64 82 48 84 14 2 33 73 59 21 50 12 78 13
86 6 74 86 94 10 55 23 79 78 45 16 62 72 65 22 75 28 38 59 48 84 91 85 53 15 27 58 12 20 26 56 37 36 32 2 25 92 3 39 97 29 17 35 41 70 93 90 51 80 61 47 7 83 46 63 69 87 5 30 100 98 76 14 89 42 73 44 60 95 9 43 68 31 4 64 88 54 67 18 1 77 24 81 99 34 52
25 38 65 75 71 25 36 34 42 39 93 90 4 45 57 14 21 35 69 56 64 52 5 82 50 23
58 90 35 99 56 51 53 26 84 20 31 49 69 21 16 89 96 92 19 82 15 78 38 94 86 88 85 70 95 80 91 87 25 72 48 77 36 71 34 55 98 83 42 73 93 47 27 23 22 28 54 64 14 37 9 11 62 8 4
1 8
85 25 54 75 1 8 29 32 70 48 2 85 63 17 11 88 71 10 19 76 49 34 13 37 64 15 46 27 24 18 65 45 20 22 4 79 96 68 26 23 100 97 28 12 99 62 90 94 7 38 89 92 16 69 51 57 91 50 98 35 3 43 36 73 82 55 52 83 66 87 74 14 56 86 61 39 31 93 95 40 60 67 44 47 81 21
43 17 7 73 57 77 19 35 14 58 34 13 49 22 52 56 88 100 68 84 33 94 44 83 69 51 90 87 65 43 67 16 80 38 21 2 1 32 47 50 41 82 23 95
68 51 5 9 97 67 76 29 81 31 79 89 74 61 52 65 7 68 96 33 28 43 10 73 66 20 98 40 24 80 47 75 6 44 49 16 42 46 58 84 18 88 72 2 45 77 39 56 78 93 41 26 60 64 12 8 91 38 48 63 94 69 37 90 83 30 19 25 3
22 21 27 19 57 7 26 68 24 92 54 31 5 69 9 65 11 93 4 29 84 79 37
75 15 74 95 26 57 12 28 7 6 13 68 14 59 22 19 63 71 2 38 27 46 75 80 76 56 30 44 50 77 55 1 29 67 51 43 34 25 47 65 18 91 96 36 70 20 92 53 5 94 90 58 24 52 3 23 9 45 17 33 32 60 99 88 16 62 73 4 42 98 11 84 40 87 79 100
77 84 70 86 80 1 67 52 63 24 77 6 59 23 15 64 78 97 69 87 38 75 20 76 32 34 74 22 61 62 40 53 31 39 26 45 88 10 92 29 55 25 91 56 28 3 19 93 11 41 96 98 71 37 100 46 72 5 95 8 99 50 30 2 47 79 43 9 94 65 66 48 7 54 35 18 27 16
63 42 65 32 26 45 59 44 97 43 2 68 17 84 50 19 25 28 10 52 92 39 76 24 60 87 94 27 62 96 4 98 36 8 20 40 30 12 86 80 38 77 99 37 35 67 41 3 16 61 79 85 6 100 58 31 54 57 46 51 63 18 13 83
85 79 82 100 39 9 33 58 59 57 83 38 7 64 43 12 62 78 28 49 19 80 97 75 54 40 13 26 84 56 46 52 29 8 93 76 88 41 14 74 21 27 73 48 81 23 96 68 63 47 34 61 5 70 3 1 89 16 86 25 66 77 15 32 45 42 36 2 31 67 99 71 94 50 95 51 72 55 6 10 92 35 69 85 90 37
54 27 90 7 13 5 70 1 92 82 12 30 98 23 18 48 26 19 52 60 6 85 99 44 97 77 72 40 22 61 81 83 95 88 56 14 75 67 24 16 89 96 74 59 50 49 29 2 73 54 79 47 94 84 3
53 15 83 65 77 88 11 46 25 62 80 47 85 82 79 38 76 20 70 74 61 42 17 69 91 56 49 8 5 75 41 87 28 12 24 27 64 78 7 26 99 92 73 60 54 30 10 67 6 9 68 35 86 90
68 53 83 2 97 67 52 14 30 4 39 27 40 84 48 43 77 28 96 82 90 60 89 35 100 86 10 64 66 93 88 72 24 74 5 31 80 8 87 3 47 9 57 91 41 13 19 1 85 34 49 65 29 56 81 38 46 70 23 78 75 71 58 21 45 61 69 26 18
94 48 79 98 80 30 63 94 43 75 8 86 2 22 7 46 26 10 36 40 54 13 95 92 18 74 93 20 73 25 17 84 59 72 96 51 35 91 69 71 39 83 78 45 15 90 33 34 44 37 67 82 85 64 16 14 21 56 61 68 41 9 53 29 62 57 12 65 66 60 100 99 97 4 88 42 3 31 28 58 38 49 76 47 32 81 19 11 23 27 52 6 24 77 55
43 48 52 68 28 67 89 78 65 80 43 66 8 34 81 30 37 88 93 6 1 27 44 5 2 39 14 29 95 87 57 61 42 70 53 35 49 13 36 96 73 62 20 58
2 18 47
83 54 60 9 78 65 44 87 18 15 46 13 57 14 81 36 51 45 2 62 38 71 98 17 100 80 42 97 85 61 31 11 19 77 1 95 41 33 91 3 68 96 75 90 92 40 28 74 23 8 64 7 84 83 69 86 72 5 16 24 76 88 10 52 30 79 73 34 99 58 22 89 37 4 43 35 63 29 50 66 59 27 20 53
20 2 49 12 11 56 8 14 45 42 36 85 47 24 10 52 75 3 66 81 88
49 16 67 6 75 65 71 76 4 81 34 60 96 48 59 13 55 56 87 37 49 86 14 7 9 79 52 42 54 51 92 35 91 85 90 29 26 3 62 39 21 89 74 70 33 27 93 98 40 94
39 64 32 59 60 55 83 68 38 93 8 78 95 2 71 3 98 62 47 70 81 52 11 43 44 61 89 49 69 85 99 45 94 88 67 92 34 58 84 36
15 26 9 13 25 30 8 66 82 42 65 81 35 29 34 59
54 48 63 45 60 79 43 2 95 18 81 88 58 75 83 62 8 47 73 69 35 17 33 41 22 26 21 51 14 97 30 76 92 32 25 72 40 39 53 44 54 70 31 98 96 27 71 7 16 55 6 10 15 68 89
25 92 62 43 74 69 7 63 98 9 85 54 26 88 51 23 42 32 44 83 30 38 86 31 95 25
86 87 38 50 46 57 56 37 100 19 9 54 55 41 40 64 69 14 77 91 94 81 60 36 34 93 45 76 53 75 59 63 72 23 98 21 52 22 84 27 95 30 35 15 20 7 5 31 26 73 43 8 24 51 97 99 68 89 32 44 80 65 58 62 28 86 92 47 83 66 88 70 10 90 79 4 2 12 96 78 42 17 25 48 85 82 29
23 11 97 21 80 39 90 37 25 29 35 66 95 88 2 7 83 40 65 75 70 68 14 4
23 65 74 54 75 9 82 85 5 32 52 93 39 44 35 45 31 68 40 46 30 25 84 97
59 85 65 15 83 68 47 77 17 57 5 94 19 18 72 60 41 59 75 26 79 62 90 13 61 23 43 52 93 86 10 6 70 35 98 46 56 39 29 69 54 45 50 73 55 30 100 37 32 53 99 9 2 7 44 42 80 34 27 58
11 50 12 24 8 42 82 44 81 41 49 53
60 53 85 51 1 34 7 27 95 36 76 17 91 20 87 24 52 79 93 31 48 88 9 39 96 71 37 84 10 29 97 67 25 19 15 26 59 75 63 38 100 66 5 90 69 47 70 49 57 86 65 62 98 56 54 16 45 92 72 42 73
2 20 43
20 9 24 36 5 44 27 41 29 3 75 42 28 48 92 58 69 91 31 49 52
18 71 18 95 40 76 72 15 27 6 64 36 14 55 33 13 30 43 4
80 11 81 51 36 80 96 65 25 52 63 21 1 56 47 18 35 42 90 72 71 85 39 41 60 87 88 14 30 64 84 92 53 34 22 33 3 58 31 76 62 75 49 23 70 16 68 66 27 13 48 26 100 38 20 40 8 86 43 89 24 79 7 5 73 46 94 37 55 45 78 19 17 74 10 67 59 77 69 29 15
18 77 89 43 85 88 2 37 1 50 26 45 14 25 49 74 55 29 54
94 59 23 1 80 65 38 83 4 71 58 54 37 17 13 46 6 76 96 39 27 7 49 47 81 68 22 48 15 85 36 95 93 14 99 88 29 35 21 77 18 86 66 24 30 42 69 72 70 82 26 64 32 78 25 5 98 91 75 9 28 89 97 100 84 53 31 33 8 67 63 87 60 73 50 61 79 44 92 51 16 90 12 57 55 10 56 41 11 62 2 34 45 19 94
57 59 10 84 50 4 95 62 89 51 85 87 80 31 45 2 69 70 32 30 26 44 88 25 28 57 90 71 76 83 19 93 7 64 86 49 23 39 18 91 41 75 58 94 46 63 27 56 74 14 96 60 47 66 6 24 100 17
18 70 47 100 6 88 36 25 7 21 2 52 37 9 56 50 10 41 16
73 67 43 28 91 98 94 32 55 84 92 66 31 23 54 2 24 63 9 48 7 62 93 45 75 21 97 6 18 51 52 27 76 95 82 69 1 53 33 71 99 14 96 12 17 77 59 64 88 58 22 72 20 68 83 46 61 26 73 87 40 65 86 13 11 29 80 35 10 56 16 3 30 50
60 92 18 33 75 99 12 86 55 74 25 32 41 66 94 8 58 45 1 34 7 24 57 31 27 38 35 81 13 29 93 22 43 50 54 91 82 19 95 49 20 16 85 90 52 69 68 4 26 97 62 44 39 5 63 40 14 9 47 79 23
85 89 93 6 38 82 28 66 50 47 7 75 42 85 46 78 72 25 26 37 79 12 80 13 49 99 64 73 4 31 1 56 45 32 95 18 21 94 83 48 27 30 61 34 35 24 60 69 74 8 63 86 71 91 54 100 57 97 2 11 90 23 88 22 14 84 53 55 51 40 52 9 77 44 76 33 39 92 65 96 81 87 70 58 16 68
39 75 57 46 1 19 38 30 63 15 92 32 85 76 55 45 51 41 12 24 35 60 74 22 61 14 37 18 34 67 39 28 95 54 5 50 99 59 89 96
83 2 92 50 69 41 72 97 75 24 18 25 17 67 79 34 98 91 57 66 9 37 74 47 16 70 4 32 19 40 87 35 27 95 99 46 14 44 88 90 30 86 76 13 60 53 100 42 58 12 82 15 39 3 21 7 36 81 64 49 84 10 6 65 59 93 22 48 80 94 26 11 29 85 23 20 77 8 96 89 52 55 62 28
37 90 40 74 70 75 23 51 22 94 49 53 67 16 9 27 12 100 45 87 64 66 85 24 80 35 65 44 31 72 7 52 48 68 1 11 99 39
1 85
29 54 36 62 56 8 82 44 15 74 4 80 41 61 28 95 77 6 67 43 60 14 75 24 20 49 22 69 53 18
1 25
68 100 1 77 40 46 4 39 34 58 65 23 24 49 25 5 63 70 10 94 32 64 20 55 17 98 90 36 99 59 95 22 47 43 15 71 6 11 92 73 7 38 84 53 76 74 67 21 37 91 54 52 42 80 2 96 60 14 85 9 75 56 86 88 62 51 78 26 27
23 87 51 77 92 70 28 71 81 86 26 4 49 69 73 18 12 83 32 43 22 5 53 84
96 33 78 1 4 47 38 85 29 59 53 88 48 98 58 87 99 82 31 52 95 25 62 92 19 39 64 96 13 11 8 93 27 75 69 37 56 36 28 20 91 23 34 67 26 35 14 97 68 42 10 61 55 3 100 74 72 43 30 16 84 81 54 71 89 2 45 49 57 80 65 70 60 73 83 90 79 24 15 6 17 77 9 12 66 32 41 94 46 5 7 86 76 21 22 63 40
18 72 36 58 12 85 11 50 20 14 1 66 48 27 94 25 93 82 70
25 51 27 19 47 21 37 65 95 84 8 53 55 90 76 48 82 74 29 3 7 12 49 46 20 79
35 90 63 38 75 9 74 71 47 39 69 11 56 80 61 18 88 35 57 67 50 8 43 100 79 83 28 34 62 24 3 52 12 10 51 25
76 30 13 79 56 27 99 93 94 91 74 58 11 63 36 32 87 16 47 51 96 40 10 53 82 8 42 19 88 83 22 18 75 90 35 54 6 48 71 55 50 52 29 78 61 33 73 1 12 4 7 44 46 100 89 14 28 17 95 70 68 97 76 86 3 38 23 69 2 67 37 66 57 5 72 39 77
72 36 75 40 78 77 10 82 96 66 9 73 70 98 11 71 19 5 34 58 83 93 45 32 13 90 89 76 44 64 97 50 81 14 28 21 49 3 42 6 62 100 52 20 68 41 7 51 16 38 69 65 30 18 35 8 29 84 24 46 72 17 94 67 60 91 48 43 95 85 63 25 15
63 40 7 80 71 99 31 94 20 37 97 74 67 52 6 8 93 45 59 54 60 100 83 51 16 39 96 34 95 25 82 91 88 24 43 3 70 79 64 5 29 50 89 36 58 62 30 78 66 86 47 27 98 77 13 9 68 57 42 35 87 61 63 12
7 32 21 86 61 57 42 62
33 78 65 75 11 57 13 23 9 25 45 43 3 67 32 36 39 59 53 63 34 91 55 94 83 62 20 80 77 89 71 26 33 22
91 1 91 81 100 85 47 79 35 10 2 11 54 44 50 18 60 71 89 92 22 93 49 63 4 43 74 52 14 76 7 75 23 77 40 42 24 34 26 51 36 9 46 68 3 90 64 8 57 17 87 15 33 37 21 53 97 59 5 66 96 19 6 88 28 86 55 32 69 78 30 45 58 80 94 99 48 83 62 84 41 73 25 16 13 70 95 38 20 98 39 56
70 21 28 11 61 29 12 35 32 40 99 3 43 38 72 73 2 17 56 82 62 53 45 100 97 9 76 54 91 66 15 58 36 23 39 13 8 51 90 94 42 5 64 59 26 57 47 50 63 88 65 85 89 16 86 96 74 93 87 44 19 98 24 30 80 27 25 10 52 84 77
80 35 7 66 97 84 73 3 33 96 57 47 11 24 46 67 90 62 52 37 12 93 51 61 58 76 91 80 8 17 44 40 2 23 98 50 34 56 29 22 60 31 85 48 6 74 43 65 42 4 69 55 70 25 28 92 26 41 99 20 21 89 13 5 82 72 19 81 38 53 39 9 95 63 77 83 30 75 14 45 1
68 96 69 95 65 46 86 16 35 17 22 19 14 67 20 89 23 51 92 72 38 5 24 40 53 8 87 66 18 21 13 84 10 49 3 9 47 79 58 76 36 45 85 98 34 6 33 29 73 15 54 93 70 68 59 97 77 37 100 78 57 94 63 64 61 55 25 28 80
39 93 1 77 22 88 60 64 82 26 16 92 42 15 31 96 57 20 11 81 69 18 35 65 86 27 89 62 95 98 46 71 4 41 32 74 84 61 47 36
12 10 40 39 66 6 28 100 22 67 11 36 14
26 97 16 85 73 52 89 44 46 8 68 55 61 54 77 92 56 29 27 21 13 74 69 75 63 80 3
82 90 1 70 25 39 93 20 41 34 35 22 46 85 14 74 26 82 62 72 76 52 49 3 61 92 15 18 37 17 99 60 59 19 68 10 71 97 9 44 78 13 45 96 86 51 91 57 77 69 75 11 24 84 79 48 7 4 8 33 27 53 80 95 87 40 30 66 56 42 6 12 32 55 23 58 16 88 29 73 31 63 94
37 63 75 76 16 81 31 38 52 58 86 82 25 98 18 36 88 83 66 92 14 59 51 34 96 27 2 79 61 3 46 62 85 40 54 43 28 33
14 62 67 37 57 44 17 28 80 32 75 18 68 46 92
50 55 76 41 78 37 82 58 83 44 5 64 71 17 92 100 56 25 42 45 1 53 12 62 7 94 96 4 2 46 23 22 57 27 99 65 33 8 79 67 13 84 88 66 69 38 51 34 9 81 93
3 100 64 20
52 91 54 36 79 11 75 46 49 7 21 26 29 16 77 1 34 62 83 32 28 44 3 38 94 51 85 73 76 4 69 98 55 6 80 56 22 100 57 27 25 39 47 64 95 9 58 93 60 17 97 41 88
78 1 43 81 61 29 89 10 54 66 30 90 24 45 95 42 71 98 28 60 87 57 63 8 14 93 31 76 85 47 88 13 26 39 38 100 44 17 11 49 7 51 73 27 86 83 56 6 37 94 84 46 99 2 9 62 64 72 34 79 50 68 96 36 22 91 16 59 53 69 15 32 33 74 77 97 21 65 67
54 17 90 16 34 68 4 39 80 59 19 63 52 98 58 64 47 7 86 65 95 69 88 53 15 55 100 18 99 76 57 33 10 13 35 66 23 41 29 89 85 36 87 22 37 26 27 73 28 44 20 92 60 38 31
9 22 4 95 9 47 73 11 94 87
70 9 79 49 80 20 74 2 97 44 87 7 91 37 16 53 88 73 19 72 33 8 92 25 70 11 40 56 1 42 57 84 51 47 59 75 94 30 61 99 45 65 34 18 38 52 71 31 98 3 50 14 96 6 85 36 48 83 68 27 76 67 89 17 32 58 12 28 95 15 64
34 7 41 19 88 16 100 9 65 79 2 18 83 8 52 11 51 76 82 91 63 50 66 74 15 34 90 73 78 75 6 62 92 95 84
6 94 25 26 9 23 17
8 60 48 86 54 62 33 64 69
28 60 9 47 83 91 30 12 14 77 42 79 95 69 71 63 64 94 54 38 98 61 52 62 53 96 17 33 13
94 17 40 11 75 87 59 13 45 32 43 55 36 47 27 16 42 3 37 94 31 2 61 9 24 82 88 18 92 65 14 12 74 29 79 76 4 72 86 48 28 23 15 19 91 26 66 60 56 57 30 22 84 73 50 35 10 89 63 46 70 44 52 80 97 20 83 93 69 5 90 78 41 7 51 98 39 49 58 64 33 21 6 96 81 85 77 99 53 71 54 62 34 8 38
72 61 62 84 15 99 93 75 23 63 52 71 47 29 69 85 66 67 73 100 13 19 77 45 83 95 18 25 28 2 87 5 88 78 76 46 64 92 97 43 40 49 21 30 48 65 59 26 8 27 10 4 51 44 80 55 41 91 90 96 6 58 12 70 36 82 72 38 86 16 57 50 34
25 55 27 57 9 15 51 45 21 49 86 99 75 95 74 72 47 5 35 85 80 73 62 79 4 52
52 74 2 30 46 31 66 8 64 67 80 24 53 72 78 60 88 10 97 44 91 34 3 79 58 73 37 7 20 43 55 63 70 9 35 29 13 15 93 51 11 23 83 26 62 28 89 61 56 39 57 4 14
98 36 85 30 80 12 96 88 55 83 24 97 68 1 46 28 82 63 65 32 39 87 64 3 84 33 61 74 62 54 73 71 98 48 66 14 57 95 38 34 99 69 13 51 31 26 42 67 19 44 58 93 89 9 79 8 17 81 52 45 15 90 86 75 25 18 92 49 53 70 77 76 56 40 59 27 72 5 37 7 10 4 22 16 91 35 2 6 47 78 60 43 20 50 29 41 23 21 100
1 77
64 12 74 99 61 97 15 31 63 44 18 92 54 91 26 32 20 83 87 82 89 45 68 9 62 21 94 40 100 66 41 28 51 72 47 30 19 69 37 25 7 98 10 14 43 24 23 58 60 57 5 22 35 49 75 6 67 59 8 4 33 90 76 16 95
8 52 12 43 8 94 78 27 46
19 22 25 89 38 6 11 59 49 2 28 24 97 82 86 54 92 53 79 45
63 50 76 66 42 100 13 86 65 8 90 49 61 78 31 55 72 25 7 18 15 98 29 92 52 58 73 28 93 88 63 95 54 5 20 38 10 36 19 87 33 62 11 74 70 82 91 85 14 53 34 30 22 99 77 89 9 81 21 84 39 79 71 47
