50 100
5 17265235 10 56015280 7258031 7 3 602151524 3 850 1712 5208 91059578 59371841 65555 14153991 861 921007729 6927 461269 492064 69522251 7 8119370 7516008 46559304 64174 83061354 9616359 340 4851121 945925 8265318 2210546 525877877 562772 35 23 615232 8019 50 1 785241 901 80 5399673 1012643 83250870 18818 14021
33 41
15 6
6 18
31 22
38 9
42 48
32 45
15 9
25 8
36 17
11 49
13 16
42 15
12 39
4 32
26 15
24 7
13 50
45 26
33 1
49 40
2 12
22 33
45 17
29 31
14 8
29 37
47 44
8 35
17 25
16 3
17 7
47 37
29 14
3 41
20 29
24 23
19 3
30 14
25 5
16 49
15 17
45 35
14 1
41 24
26 16
40 23
16 42
16 10
16 42
13 5
8 5
50 17
14 7
35 33
49 26
37 42
18 37
48 16
36 30
4 30
23 37
25 35
47 22
30 1
49 6
28 45
12 42
34 14
21 13
35 9
50 10
13 31
33 17
32 46
5 12
44 15
36 4
6 1
24 12
26 32
33 25
14 48
44 4
42 10
42 35
36 22
9 23
28 32
21 38
19 12
36 16
9 11
15 35
8 9
4 22
19 44
33 26
30 44
6 44
100
67 9 83 16 97 91 21 95 36 5 43 87 74 60 98 13 11 40 80 59 71 62 54 30 18 90 47 76 63 82 6 65 35 68 99 50 15 79 19 69 55 77 38 96 27 85 32 78 3 45 4 66 72 12 25 57 51 41 23 56 34 84 26 92 46 2 33 52
48 71 39 97 6 24 44 8 83 31 40 63 45 54 96 62 58 37 1 14 84 42 20 23 25 86 65 38 81 87 29 99 28 64 4 60 48 11 34 92 19 35 75 16 33 88 41 2 79
70 88 96 59 34 85 77 83 80 15 63 56 33 48 3 69 97 18 57 49 60 1 82 78 92 76 26 23 67 9 16 91 13 87 36 89 40 42 100 8 50 73 4 81 70 19 74 86 54 32 30 12 94 65 28 95 51 98 71 45 10 2 79 52 21 27 11 39 93 46 20
87 50 48 71 35 96 17 46 16 74 80 84 20 92 66 14 59 89 83 10 58 44 51 45 99 19 49 31 56 27 64 28 32 40 68 12 75 93 7 62 86 26 52 37 85 77 33 11 63 4 3 39 24 87 5 79 55 90 18 29 1 25 78 43 47 61 15 30 82 76 38 21 13 73 91 88 95 9 23 54 8 69 6 57 41 2 67 60
59 78 83 91 33 27 54 22 81 85 67 92 40 45 95 66 80 46 14 97 36 30 73 10 75 65 72 35 6 5 86 60 51 18 38 70 100 37 3 23 71 44 48 79 61 94 82 11 93 19 42 64 2 20 39 47 28 1 17 57
26 48 52 21 28 95 20 55 61 89 7 13 59 97 23 76 19 100 67 62 49 66 75 17 65 63 5
80 50 18 22 64 76 71 57 44 54 35 40 45 33 30 43 81 86 92 1 99 10 98 14 28 91 34 72 51 49 29 4 9 100 13 96 87 31 61 37 94 69 90 95 39 38 36 42 8 5 58 41 79 20 27 74 68 75 16 70 24 6 67 2 23 55 52 7 21 46 65 15 17 88 78 80 25 19 93 77 26
21 46 90 82 28 43 81 61 8 100 92 13 76 34 69 42 26 59 91 39 57 64
34 11 64 24 28 58 49 18 10 25 4 19 67 37 48 60 42 9 7 87 6 17 69 83 12 59 90 94 32 1 47 93 96 63 99
72 74 58 30 96 53 57 24 63 35 43 29 65 55 52 6 39 7 10 38 15 48 93 50 33 86 4 46 97 5 62 23 75 11 36 40 21 18 49 31 70 82 2 59 88 26 69 44 89 80 77 83 32 37 56 27 85 17 1 16 19 12 61 67 42 34 84 95 60 25 68 73 51
46 76 24 45 78 37 15 92 54 56 50 64 100 67 26 93 95 57 62 87 77 47 71 97 60 89 6 16 7 23 72 86 43 53 32 21 42 80 75 65 49 51 2 73 31 1 58
91 4 64 46 69 20 92 8 25 89 39 27 62 26 84 12 5 2 17 66 53 38 48 65 97 58 80 1 59 9 29 49 31 60 61 47 42 82 15 51 96 22 6 3 85 36 14 34 11 50 54 77 90 23 88 30 70 98 40 83 79 24 56 100 45 55 93 67 28 10 86 32 44 33 63 57 16 78 87 72 76 13 18 41 74 21 91 52 71 19 43 7
95 27 8 10 73 22 40 38 21 17 82 50 66 26 30 77 47 62 18 98 23 55 94 35 24 25 71 15 88 33 85 16 32 42 60 28 100 11 65 57 41 61 51 4 64 75 74 59 37 95 2 12 46 56 72 39 43 20 68 99 45 14 81 83 9 93 58 76 31 1 5 52 36 3 54 7 53 79 86 70 13 78 87 91 19 80 44 90 29 92 89 49 48 34 67 84
52 95 69 83 55 41 66 4 45 60 78 99 79 3 91 32 63 72 37 22 39 36 52 71 81 94 77 7 34 98 20 87 14 24 33 28 90 31 97 74 70 25 58 19 35 16 62 11 40 96 21 43 1
26 42 50 69 71 30 34 59 8 1 47 68 22 76 99 62 9 28 79 67 77 20 82 52 73 81 48
91 76 6 63 8 73 45 87 21 7 43 81 60 40 99 15 66 17 44 94 80 32 3 56 62 5 34 79 26 1 48 54 96 46 91 39 16 9 38 75 86 28 85 70 52 84 29 20 88 42 83 61 95 64 36 11 65 58 4 72 37 67 35 82 59 27 23 30 31 68 51 13 18 50 71 25 41 55 77 78 98 89 14 74 22 92 53 47 19 10 12 57
5 74 30 51 96 100
92 81 27 80 14 87 67 40 26 51 18 35 19 97 37 5 71 23 52 99 78 50 61 24 28 25 57 88 1 4 15 75 92 12 72 68 77 45 76 20 63 58 47 43 11 95 8 56 65 13 36 69 33 83 38 66 73 7 9 59 74 60 39 41 55 3 70 98 82 29 21 62 86 79 46 2 6 53 22 91 10 85 100 17 54 16 30 84 96 48 89 64 90
63 46 10 76 23 59 81 27 94 61 48 25 83 36 31 62 95 44 88 64 32 53 85 15 66 22 50 98 84 37 26 70 73 8 58 3 16 42 87 41 38 65 24 86 82 93 28 55 11 57 18 71 45 5 97 9 60 2 43 19 39 20 30 40
51 20 80 44 15 37 66 17 28 90 86 22 1 52 100 88 19 65 18 89 6 11 57 64 23 9 93 60 74 48 50 42 71 38 27 39 83 56 73 43 63 14 67 76 2 31 16 46 30 75 87 91
48 54 31 96 68 19 52 82 46 16 97 3 37 39 27 29 13 81 92 30 18 24 98 84 34 32 56 38 93 85 7 14 17 95 58 21 20 94 43 99 71 53 25 76 77 91 86 40 88
55 61 33 27 5 52 43 3 71 76 16 8 40 17 77 24 90 85 74 2 55 64 39 60 56 82 20 47 23 34 68 87 96 62 41 44 89 14 19 1 29 92 80 83 72 4 22 28 94 98 86 18 97 45 67 49
60 69 20 45 56 25 9 14 76 31 77 46 38 85 11 30 58 72 44 79 8 4 60 35 67 87 12 52 22 47 59 75 51 13 7 90 91 50 93 36 26 41 23 49 65 32 21 74 98 92 82 96 54 81 43 27 68 73 63 48 2
33 97 45 91 66 87 57 88 99 51 24 100 49 76 36 63 31 16 54 80 21 47 90 68 23 56 12 15 59 64 94 79 13 29
23 3 11 73 87 29 27 81 18 44 68 99 12 41 74 32 67 19 25 10 62 24 51 2
72 50 24 93 16 33 63 94 39 98 83 68 29 70 58 11 6 97 96 99 51 44 27 89 37 40 21 49 23 64 15 18 2 43 17 31 4 72 74 45 52 81 32 14 60 71 54 10 7 25 46 57 75 8 78 56 22 62 19 95 65 20 85 9 67 36 3 53 76 48 84 47 69
32 49 80 87 45 44 30 66 11 96 92 56 95 43 53 10 91 38 37 64 60 14 46 2 22 54 28 88 23 94 47 12 69
76 39 55 44 65 12 4 18 53 71 36 32 20 93 85 25 80 51 28 22 48 42 97 59 99 3 43 13 77 27 54 78 91 47 52 84 87 64 98 33 14 72 70 89 94 75 30 8 73 96 74 41 6 9 2 7 63 26 61 83 57 21 37 46 69 23 34 67 81 15 40 29 31 68 1 76 38
24 16 11 18 48 30 46 3 25 50 35 19 55 59 31 52 26 75 81 62 34 8 65 57 80
31 73 84 37 87 43 10 60 52 62 51 90 3 17 42 21 46 9 39 44 69 68 45 41 33 35 71 86 19 49 97 36
11 61 15 62 69 26 23 36 72 18 27 91
64 14 11 73 2 83 7 29 96 59 61 86 98 95 97 39 16 80 37 63 75 84 18 58 41 94 51 38 65 92 8 5 99 12 79 66 53 9 30 70 6 44 17 93 76 31 25 57 74 19 72 78 89 64 50 24 23 90 46 49 42 91 87 26 54
5 81 82 86 63 11
97 26 94 93 57 31 77 81 85 100 3 1 80 73 78 63 58 96 45 99 60 18 83 75 15 79 47 12 40 64 21 48 90 65 17 56 55 70 86 27 35 54 67 49 89 36 23 62 87 10 92 33 76 20 29 88 52 59 28 69 68 41 39 46 91 61 95 98 82 38 14 32 42 43 7 19 53 6 4 50 22 44 34 37 97 25 66 8 51 72 24 13 9 74 2 84 5 71
72 13 6 92 43 36 25 54 78 3 40 65 55 23 1 37 31 76 86 10 64 2 69 9 87 74 20 90 68 100 39 99 56 83 26 91 30 50 8 52 80 48 46 77 61 41 38 97 96 49 58 72 51 28 35 7 63 60 84 62 88 33 85 57 67 18 81 47 17 19 66 12 82
11 75 26 83 20 19 79 86 99 11 85 78
7 8 31 11 16 27 9 34
70 23 31 81 98 45 25 21 9 70 29 97 66 28 43 80 79 24 18 6 48 100 56 52 27 22 95 62 86 99 35 85 89 32 92 51 76 78 63 82 3 93 65 75 2 4 34 87 11 59 30 13 44 17 69 12 16 20 88 67 74 8 15 39 19 91 41 94 50 90 42
35 43 74 39 16 89 98 34 9 10 91 36 59 38 48 69 42 90 50 75 81 56 35 7 67 25 18 94 26 6 22 23 73 47 28 79
67 35 45 73 42 41 22 23 98 25 15 5 72 14 69 92 80 87 81 18 100 60 50 3 34 74 68 65 90 58 1 77 4 2 47 75 39 55 10 40 48 83 96 76 79 28 24 7 71 61 57 21 33 29 95 89 99 91 6 88 20 66 59 70 36 8 54 13
35 78 56 49 29 69 67 98 68 62 92 38 87 58 55 28 88 77 76 90 35 75 31 80 20 97 63 60 47 70 36 39 41 25 16 64
30 97 64 8 31 43 39 2 76 28 42 96 88 4 37 11 54 40 56 65 15 74 32 78 48 67 55 87 1 19 26
40 90 21 55 2 52 70 39 69 98 19 8 46 62 77 76 32 26 86 51 63 56 5 43 78 79 11 41 31 15 72 25 44 99 61 95 18 23 28 27 17
90 23 77 69 4 18 45 42 73 91 1 83 66 89 51 95 24 49 63 67 75 57 62 54 19 93 70 56 26 94 58 74 41 98 76 71 13 12 21 35 6 80 84 72 61 11 8 16 60 38 92 64 100 27 53 48 47 33 55 20 37 99 65 9 10 68 40 52 59 46 81 44 17 79 22 28 34 32 43 3 7 14 29 86 15 5 30 97 87 90 25
43 13 48 70 64 97 26 9 69 28 94 2 19 67 44 85 73 76 88 42 95 60 75 18 63 22 5 45 74 21 29 90 52 55 81 91 77 3 14 99 51 17 40 35
70 47 31 97 50 17 96 59 10 61 29 30 65 87 24 72 60 23 80 77 86 7 63 84 64 99 40 79 43 82 85 8 38 3 94 54 33 4 6 35 62 27 89 51 39 67 91 1 88 90 16 42 100 58 18 5 20 9 2 15 36 34 70 92 46 22 26 45 14 71 53
84 53 72 42 99 83 96 4 45 73 7 1 74 84 56 51 71 3 88 98 97 91 40 29 8 79 55 28 41 85 36 12 75 34 44 30 2 58 38 81 39 95 100 14 87 82 57 65 21 64 63 24 70 59 37 92 90 69 68 5 9 80 93 32 20 33 22 49 13 78 18 50 61 89 27 6 66 67 47 43 23 54 35 16 77
94 64 88 93 47 95 71 28 12 7 61 49 69 74 100 38 39 72 86 80 79 55 85 26 54 77 45 62 99 81 19 89 53 96 30 37 3 8 50 51 6 94 76 2 15 59 23 42 13 14 78 90 66 60 35 32 9 33 22 25 41 24 31 73 57 92 44 18 21 63 97 1 82 16 65 4 43 91 5 10 98 17 11 67 68 48 75 40 70 29 34 84 83 46 87
69 59 16 18 50 31 45 55 88 75 14 74 87 19 52 81 53 72 29 47 40 12 11 68 34 2 70 79 49 96 64 38 94 5 25 71 80 58 37 26 62 21 77 4 99 73 10 85 33 95 92 20 83 13 90 86 51 61 28 3 46 7 65 84 1 91 82 36 22 17
98 20 24 28 99 47 38 23 9 5 59 29 89 77 76 10 75 33 79 50 96 81 65 90 83 55 17 80 16 40 61 56 1 41 88 60 68 22 97 93 12 54 71 6 86 94 74 45 14 87 13 7 91 95 34 39 85 66 72 51 44 18 31 43 98 27 58 52 21 73 8 11 30 25 19 26 82 63 53 69 15 67 78 57 46 84 92 62 32 64 4 36 70 37 48 2 49 42 3
79 97 52 19 24 39 45 8 44 74 60 86 69 20 4 27 92 18 46 2 11 22 71 88 65 80 47 73 6 67 77 59 36 48 82 58 38 79 33 100 99 85 34 32 43 17 95 16 49 55 64 9 54 13 62 23 81 75 87 56 72 57 10 50 28 7 66 37 14 25 41 21 68 98 42 76 96 30 1 84
100 30 64 62 47 35 67 98 52 34 94 82 15 6 48 42 21 1 100 39 29 60 69 55 3 76 32 12 72 56 40 65 36 28 26 22 85 49 8 73 7 84 63 4 68 83 13 89 25 2 16 27 75 91 87 20 31 86 5 70 9 71 43 18 38 74 24 59 14 41 19 96 79 50 78 54 58 61 81 23 46 37 93 77 80 51 11 33 17 53 99 66 92 97 90 10 57 88 45 44 95
89 72 71 2 75 48 93 38 90 14 81 82 21 6 43 77 61 96 9 17 45 99 76 55 69 37 85 66 19 68 56 11 70 91 25 29 5 59 67 28 34 86 73 98 49 52 10 41 57 50 83 20 24 4 51 44 40 53 26 92 16 35 12 15 94 79 1 36 30 65 23 100 74 39 62 80 87 63 33 42 95 13 8 78 54 97 3 32 46 22
12 91 27 78 71 56 65 62 68 85 21 12 8
100 49 79 65 71 8 40 10 82 97 11 25 94 90 56 88 22 92 89 52 37 73 62 2 31 44 84 38 9 53 95 47 5 13 43 6 87 67 7 21 23 33 60 100 12 98 16 72 57 54 93 80 45 86 99 74 28 63 30 36 42 1 19 96 61 69 18 24 75 27 91 14 34 4 48 55 76 26 39 17 50 81 68 59 85 35 41 66 46 83 32 78 51 15 77 20 3 29 70 58 64
56 93 17 55 91 41 53 68 60 81 11 69 74 32 5 12 10 96 19 83 85 78 52 43 21 37 15 22 40 100 36 67 82 70 42 27 45 77 73 84 86 4 75 54 94 48 88 14 59 61 28 3 87 31 9 33 6
8 20 57 50 9 27 23 58 8
5 100 14 2 48 58
57 19 93 92 38 97 46 27 34 68 42 21 50 37 65 32 69 22 13 87 18 54 25 89 70 95 36 15 83 12 24 6 17 33 55 78 91 43 79 58 62 31 5 28 49 30 47 59 90 45 67 2 76 98 10 20 99 9
35 65 84 61 20 48 53 82 54 83 69 57 76 34 6 80 86 28 70 24 71 64 9 66 73 10 51 74 46 36 85 12 2 90 21 78
29 83 74 66 50 2 6 42 17 91 19 31 72 23 63 48 26 18 86 15 73 56 44 3 20 12 71 8 57 62
23 95 39 24 32 4 58 79 17 82 96 70 9 21 89 61 72 85 73 71 67 60 33 27
38 82 62 24 32 28 67 10 14 73 11 86 74 34 50 5 20 44 37 6 83 71 25 31 60 64 29 70 79 49 53 17 87 91 55 80 35 89 16
92 96 70 25 22 3 88 78 92 100 17 13 29 15 2 63 41 94 56 58 62 97 6 60 45 47 74 68 27 81 86 21 40 37 33 53 43 34 67 9 89 51 5 73 19 83 48 24 79 90 46 76 1 55 10 12 71 98 32 16 52 42 7 66 85 54 61 50 8 31 75 14 26 36 87 65 28 39 93 23 69 64 11 84 38 49 72 91 35 99 20 80 44
22 5 81 77 20 36 84 14 4 76 70 100 44 54 34 13 75 42 22 86 11 10 64
99 79 80 37 95 97 65 3 88 92 22 85 38 6 89 41 27 56 83 23 55 7 42 66 28 98 87 67 53 61 1 69 50 62 21 43 84 49 58 46 19 77 17 86 60 20 11 96 59 90 48 14 15 54 25 64 57 34 70 76 33 71 35 39 29 8 26 13 68 24 10 91 93 2 52 12 5 47 63 73 99 72 82 45 51 78 31 30 74 40 100 75 4 9 44 94 32 36 16 81
33 35 66 42 1 91 26 9 58 59 38 33 55 69 93 46 20 94 56 80 97 48 2 81 61 100 85 54 50 8 73 39 10 90
53 34 18 16 76 63 80 53 68 50 47 98 23 40 78 85 2 9 33 66 4 51 8 57 21 38 24 92 62 91 10 72 65 95 13 86 36 100 82 54 60 43 79 64 6 22 94 5 93 67 97 96 48 49
24 82 79 50 19 26 59 56 4 89 14 8 12 45 70 60 27 24 64 15 47 94 100 67 23
66 32 87 13 85 16 100 2 22 5 27 90 91 30 36 46 38 6 80 40 15 65 76 39 21 52 86 50 42 28 1 97 68 43 74 47 49 56 18 84 12 23 54 92 98 20 95 26 72 37 4 8 89 44 55 67 9 64 33 57 35 10 58 25 78 70 83
81 23 9 57 77 29 86 26 13 30 15 90 100 54 58 36 3 63 62 72 37 2 79 93 44 96 49 38 84 91 80 42 97 41 47 22 78 70 6 71 67 92 11 48 17 55 16 76 21 25 66 87 56 5 99 52 12 46 24 50 8 95 7 65 27 89 60 28 53 43 33 31 64 83 10 34 61 68 81 85 45 1
8 11 28 53 83 96 1 58 55
56 7 92 91 84 95 97 18 6 73 44 13 57 72 4 3 24 65 56 20 53 83 21 5 22 68 35 41 76 85 54 87 11 78 31 23 43 88 32 12 26 80 79 28 52 40 1 86 51 89 30 2 17 38 47 19 75
92 16 80 7 33 8 62 17 44 92 45 26 86 83 99 73 52 76 71 58 69 72 88 66 24 96 6 29 20 81 23 60 31 41 78 43 46 89 93 85 3 57 47 53 19 95 64 15 4 67 55 18 79 22 87 82 61 12 90 54 48 39 70 68 9 38 32 11 10 75 1 74 13 40 35 84 77 49 30 37 91 98 51 65 50 14 94 63 56 21 42 34 5
20 54 11 6 23 7 62 31 89 38 86 40 44 26 74 9 33 28 88 87 90
63 65 69 57 87 10 6 42 28 51 64 4 61 31 2 25 46 34 68 23 17 97 72 98 83 71 95 100 75 32 96 94 53 70 11 62 18 48 13 36 80 60 3 85 54 79 35 74 49 50 38 78 81 20 45 82 12 92 58 84 30 55 56 26
28 41 53 65 34 95 86 31 70 21 59 69 58 27 85 42 1 10 100 72 13 47 99 56 46 2 83 61 62
67 86 45 22 80 14 63 88 74 61 53 48 95 78 32 4 59 72 13 81 62 36 16 34 29 76 94 31 5 98 27 2 83 92 67 40 21 30 79 85 97 15 33 89 71 43 20 11 87 9 55 54 68 25 50 73 26 100 1 23 69 57 7 60 51 10 49 41
52 75 23 46 63 54 47 80 21 51 100 52 90 49 99 83 95 22 53 25 13 35 30 6 70 59 4 78 2 65 50 88 85 44 93 12 57 72 67 91 8 92 96 37 11 39 55 98 84 62 89 77 34
48 34 5 25 6 67 1 61 40 94 35 37 33 49 72 99 64 45 79 80 98 82 10 20 36 22 50 21 97 3 86 75 19 62 32 9 81 87 14 17 4 16 69 92 52 11 47 56 44
73 1 94 81 54 82 29 35 83 90 79 80 23 36 16 55 51 93 72 30 68 37 32 86 71 15 47 50 60 67 25 89 73 24 5 2 40 69 8 19 17 13 27 20 88 61 59 53 34 97 12 52 4 74 99 91 42 57 18 43 39 7 76 31 100 56 45 63 11 48 70 66 77 6
82 95 22 20 2 26 37 81 91 74 31 35 49 64 67 88 98 57 25 84 70 86 21 50 4 12 23 61 9 17 89 66 38 71 29 93 27 59 75 62 6 48 43 51 24 82 30 92 39 73 8 83 97 87 78 5 18 60 28 45 34 63 42 33 68 69 96 100 14 56 79 15 80 47 41 55 32 58 19 36 11 76 13
86 96 7 26 85 65 31 80 74 91 35 81 2 97 12 90 13 29 39 56 93 14 100 5 86 19 70 99 75 92 28 46 64 34 49 50 84 55 51 59 1 6 82 41 17 48 87 37 10 40 73 88 72 44 79 95 42 15 9 8 57 36 22 43 4 63 16 83 18 69 23 53 60 30 76 11 33 21 54 89 98 20 58 32 68 67 94
6 50 96 68 21 31 18
23 91 89 34 49 11 84 52 43 1 6 100 62 18 3 27 16 19 68 14 40 77 85 98
10 13 61 70 16 29 36 55 90 48 21
49 43 65 19 70 18 48 85 6 51 92 76 91 27 73 17 69 88 87 86 40 52 15 47 11 89 41 34 72 82 2 9 12 64 25 39 30 75 26 71 1 32 83 49 36 20 62 29 57 22
96 88 61 45 59 96 29 5 73 35 15 71 97 60 37 51 91 19 84 76 54 33 4 66 27 26 18 38 98 7 62 69 11 80 74 79 90 68 100 92 75 2 16 82 13 25 6 43 78 28 9 42 46 8 67 3 44 57 70 56 50 93 12 94 22 34 85 83 63 41 23 49 99 89 10 20 86 14 39 48 30 47 72 53 77 32 40 1 55 52 36 21 65 58 17 24 64
65 15 27 31 17 81 5 21 53 88 75 24 91 61 30 41 22 73 65 99 79 55 26 4 43 56 97 84 98 95 25 3 70 77 82 10 67 60 52 74 18 39 89 33 8 49 86 83 50 13 72 66 14 94 16 54 76 80 45 85 38 34 12 37 69 46
89 71 44 96 21 5 87 35 55 38 8 80 34 6 85 82 45 77 100 98 11 62 37 86 48 42 53 66 68 78 2 76 46 40 65 30 81 15 31 18 14 93 94 95 24 97 47 52 1 91 36 12 9 60 64 25 54 90 84 33 59 41 19 99 3 61 58 74 92 20 63 43 22 79 28 7 75 57 27 17 32 29 83 70 73 51 39 26 89 13
23 38 40 69 48 23 18 82 89 28 66 60 34 95 92 72 85 76 8 6 77 46 29 7
87 35 83 82 54 26 45 36 33 78 77 43 68 65 27 24 93 48 74 84 2 19 98 87 92 58 6 95 46 49 52 71 11 37 79 47 72 32 17 66 23 44 41 91 9 75 63 13 1 85 80 22 70 94 59 30 100 15 3 62 25 60 40 57 90 97 61 73 12 21 8 67 28 5 7 18 34 38 64 42 76 56 89 51 96 53 69 14
100 91 84 49 75 94 34 61 20 76 22 41 50 68 18 89 37 83 32 47 99 26 69 88 100 16 31 86 28 58 72 73 44 70 46 97 57 5 42 7 78 96 64 98 39 17 1 4 36 10 25 40 19 12 82 65 59 60 51 55 29 45 27 93 92 33 81 35 90 53 66 54 85 67 63 21 80 24 15 2 62 38 56 43 77 3 6 8 11 71 95 87 30 48 14 79 23 13 52 9 74
34 89 92 22 7 74 58 5 48 54 55 79 26 20 10 81 76 59 24 99 38 53 34 87 100 73 30 23 21 41 13 51 77 28 90
15 63 28 56 82 24 91 54 13 45 36 57 44 94 19 6
86 66 37 95 45 73 96 99 87 32 25 57 68 55 16 46 14 18 84 40 100 48 53 54 71 63 2 92 24 85 78 88 6 72 28 65 74 4 61 27 81 67 44 7 13 97 69 20 93 80 41 47 50 86 12 77 39 52 36 58 51 82 83 33 64 31 56 8 34 90 9 23 22 1 76 94 43 30 21 17 38 91 75 35 26 29 89
82 9 2 42 94 90 3 75 56 80 82 57 39 47 81 79 88 41 14 30 21 11 36 12 96 28 37 44 7 19 43 93 6 49 29 22 34 99 54 87 64 71 4 10 65 23 70 24 63 16 25 17 13 55 38 92 27 89 60 66 95 1 59 84 8 61 98 58 69 26 5 20 32 31 100 15 78 50 46 45 83 40 35
51 79 22 58 28 24 41 87 31 33 50 12 74 62 72 27 6 23 75 38 35 77 53 63 11 100 34 56 15 88 73 42 21 18 86 98 81 48 78 89 66 76 91 83 9 51 45 37 47 94 10 96
98 95 54 31 66 3 50 73 60 29 24 35 46 36 42 48 11 68 90 85 65 99 70 47 17 21 7 4 5 71 75 22 51 25 96 64 58 33 67 52 72 83 2 19 78 23 55 26 40 13 38 84 77 69 10 57 9 27 59 53 80 30 86 6 74 63 87 94 92 12 49 16 20 44 93 45 43 14 18 79 32 37 81 41 56 82 39 88 1 98 28 34 91 61 89 97 8 62 76
4 28 45 94 51
