50 100
852716334 1354 395 6174 3595341 26520 435829 3 8901 3701 1220 947033073 5482603 926058 5786 10 60656541 10 95 5692430 83 471 4870580 77549355 7 6 882 31 7091230 4979893 39 54358 308 78 906642104 342544221 83650569 617955527 612611694 50625291 2 47415 7351 935 2 466 9824 85 93 5
42 44
6 7
7 37
5 46
43 27
47 23
12 50
20 44
37 48
46 36
4 41
31 37
37 34
26 8
45 1
26 12
46 22
42 4
24 27
2 25
10 22
10 11
23 49
18 43
41 3
49 34
11 39
10 33
32 5
25 18
46 27
49 19
21 32
4 28
30 11
34 6
7 9
18 38
46 45
35 10
11 33
11 27
32 44
17 48
23 33
27 35
34 6
8 40
35 21
17 38
35 28
38 47
5 6
7 37
45 13
49 3
22 10
28 29
6 33
32 25
26 21
49 27
29 28
14 48
10 31
19 21
35 5
16 9
35 42
23 18
21 46
32 30
13 46
33 39
35 10
29 31
50 2
21 26
29 49
9 5
43 13
24 39
37 33
37 17
44 5
2 20
32 10
34 27
12 50
6 5
3 22
9 31
20 41
14 48
41 42
5 12
22 6
8 26
8 20
22 29
100
38 89 79 52 20 62 2 72 51 46 97 78 42 16 67 82 49 69 60 100 91 94 59 77 30 95 45 34 96 65 5 43 68 11 90 23 85 61 38
87 4 85 21 29 83 45 69 73 76 7 42 82 2 66 28 57 32 31 55 58 100 94 43 22 14 63 52 5 10 99 33 36 90 35 20 25 87 97 23 72 15 41 34 30 8 91 78 64 17 75 68 19 24 89 9 44 6 49 74 40 13 60 93 79 37 80 71 50 26 56 53 62 81 12 96 95 67 38 77 16 1 86 98 18 51 11 47
20 3 25 59 26 79 74 54 30 80 72 83 67 77 13 55 18 34 58 27 43
65 33 53 30 45 21 92 82 22 96 70 15 66 98 39 69 24 87 97 73 71 11 91 50 78 27 77 10 42 63 35 4 74 32 85 64 34 29 16 75 49 84 52 5 23 80 90 95 56 58 65 59 37 54 100 99 12 46 18 60 44 14 6 28 62 89
17 25 97 39 51 5 69 10 26 17 68 33 81 54 99 88 76 72
83 31 63 41 35 5 87 3 39 19 20 49 68 30 74 37 99 57 92 4 12 60 18 29 64 75 83 11 90 78 14 100 46 73 88 61 84 93 58 50 26 44 86 2 23 95 97 72 6 77 53 24 82 91 42 56 33 32 66 98 59 7 40 81 71 28 27 54 34 96 45 13 22 47 65 21 43 1 80 55 15 62 52 89
53 31 11 41 19 78 68 67 24 36 23 83 35 64 96 61 93 9 94 87 100 15 75 39 92 13 30 4 28 18 90 12 71 6 33 50 2 48 1 45 95 91 25 49 47 54 14 70 3 62 37 8 69 60
79 49 88 24 58 66 87 94 3 50 41 100 12 7 8 95 71 35 83 43 86 32 46 51 2 76 21 45 4 19 33 93 84 31 22 91 53 64 34 18 14 38 75 20 54 73 28 60 26 17 11 78 9 47 80 52 23 62 92 55 70 67 30 39 82 6 61 56 1 79 85 37 59 72 89 90 10 48 40 96
28 79 87 66 11 78 41 23 99 30 4 52 50 81 20 3 62 15 100 45 32 14 35 43 69 59 94 34 82
92 64 62 4 84 44 51 3 67 52 66 33 70 75 93 19 21 96 78 41 5 59 76 58 30 9 92 63 65 7 48 14 37 57 28 73 16 1 56 38 60 72 49 26 13 71 69 68 39 8 34 46 22 88 99 86 40 91 94 85 32 20 23 10 97 45 80 43 42 87 61 12 95 79 89 74 82 17 54 55 11 31 53 2 77 29 50 100 98 83 15 90 36
43 47 21 85 6 73 10 49 3 9 1 75 99 35 62 30 44 4 11 14 82 91 51 52 15 66 87 45 25 41 39 23 60 13 71 79 67 59 31 20 65 98 68 42
50 88 81 22 52 94 25 1 66 50 49 19 44 36 83 87 45 79 20 42 93 71 64 82 96 3 48 8 18 12 77 39 76 62 65 100 14 98 15 27 57 13 17 85 95 89 6 73 47 86 97
98 81 79 1 99 33 50 86 78 34 37 77 23 38 89 66 39 93 90 7 47 28 4 98 73 44 68 55 2 59 8 62 10 61 27 87 74 43 80 18 32 19 40 84 54 9 51 6 26 31 35 76 63 21 91 45 3 48 12 56 30 96 25 100 20 17 14 64 11 24 49 94 70 22 15 16 58 52 95 92 88 36 53 41 57 69 83 71 75 5 46 97 42 29 65 85 72 82 60
55 30 3 14 95 40 50 88 22 72 98 51 64 49 21 94 6 16 23 5 67 33 47 8 12 43 62 35 93 75 78 29 89 36 32 80 54 17 48 42 69 9 96 81 7 56 20 15 100 26 2 31 99 11 76 53
48 93 28 14 2 56 1 22 6 81 51 94 47 30 48 50 45 74 61 58 59 55 43 89 39 26 79 15 17 63 42 53 11 19 75 44 71 60 100 35 92 88 99 73 78 4 24 20 12
34 12 23 33 56 68 95 52 27 69 71 24 37 11 10 64 51 73 48 15 99 2 13 43 28 39 66 41 89 17 22 94 7 65 75
56 30 72 55 14 16 56 97 88 36 21 11 15 26 33 35 96 7 80 89 62 76 53 93 40 60 28 98 29 23 22 37 79 85 10 84 66 49 90 46 25 74 32 92 59 1 87 24 65 94 71 58 34 2 4 75 39
56 52 34 56 38 31 58 33 91 63 76 84 96 99 64 23 100 62 80 27 78 90 69 53 37 32 3 57 59 14 11 70 83 19 30 6 8 77 36 65 98 7 89 4 46 94 73 43 95 79 18 5 40 68 92 88 12
49 65 33 7 56 19 29 66 41 80 10 87 40 30 59 55 96 70 25 26 35 31 23 68 54 78 72 57 28 91 100 17 76 86 16 74 44 64 90 98 38 12 6 97 8 1 60 53 63 42
21 92 40 64 99 12 34 25 39 9 55 79 53 43 41 58 91 68 93 67 28 27
84 59 64 98 31 25 61 93 97 9 46 38 48 74 32 42 35 43 3 95 50 1 72 16 15 84 58 91 36 57 54 33 96 34 86 10 49 8 82 87 63 5 2 22 26 40 94 24 41 30 78 90 44 21 39 65 71 73 28 60 45 12 19 29 14 88 68 83 80 23 99 17 47 37 76 100 27 85 51 52 13 53 55 67 75
51 57 56 75 81 73 3 50 99 18 48 49 46 85 60 47 8 20 21 83 31 98 11 17 42 16 45 51 39 28 2 13 86 5 67 76 15 35 33 68 92 74 94 91 40 53 22 52 34 66 96 72
47 89 7 91 50 47 52 84 73 4 42 12 21 66 80 79 46 8 63 5 96 65 34 17 95 41 82 44 67 59 56 100 81 92 6 53 36 18 70 22 99 86 40 64 85 2 55 25
96 45 89 87 12 35 42 71 19 15 83 18 86 95 90 43 97 60 92 77 63 53 30 28 16 72 51 49 26 100 22 57 88 3 50 8 46 44 79 74 98 64 81 91 75 73 33 41 70 11 40 2 32 99 10 6 80 52 84 96 17 94 65 39 5 66 54 13 56 23 4 24 25 68 31 29 48 62 85 1 37 55 38 27 58 14 93 59 20 67 7 34 61 76 82 36 47
77 96 40 56 66 31 58 41 63 89 33 69 45 1 37 68 39 21 93 35 6 77 87 13 23 38 61 64 28 49 91 14 8 67 11 74 3 84 62 88 78 76 94 72 15 19 99 92 79 34 52 65 12 20 55 44 50 100 71 27 18 97 59 2 54 51 86 46 30 4 85 5 60 82 75 22 10 9
97 9 43 62 23 36 76 90 99 30 19 7 73 45 88 81 67 61 83 54 59 98 8 89 26 20 4 70 16 38 22 13 86 78 92 40 10 72 18 42 48 55 24 79 17 41 31 37 94 25 28 35 60 75 53 47 71 74 58 57 29 87 66 3 96 63 46 27 51 15 52 64 50 65 93 14 80 11 56 95 49 12 68 2 44 21 5 84 32 6 77 97 34 69 91 39 100 33
17 82 69 31 10 81 83 98 1 5 70 67 76 34 79 57 55 42
62 50 41 17 88 33 19 71 40 70 31 87 59 67 52 7 38 14 12 66 81 77 56 89 91 90 21 82 63 26 22 85 54 18 73 79 35 39 11 4 83 84 3 68 25 55 96 62 45 97 100 53 95 99 93 29 24 57 58 10 74 1 16
42 65 53 19 97 88 82 93 21 40 71 10 89 42 85 55 76 39 47 58 99 34 7 50 63 73 57 83 72 23 69 48 84 27 15 70 59 14 41 51 5 25 30
82 10 88 46 72 75 14 98 48 15 66 77 13 99 49 12 23 16 43 11 74 44 35 60 86 37 81 36 29 79 25 53 19 20 62 56 90 41 68 9 39 92 18 91 6 27 85 65 34 21 57 1 84 83 47 64 2 3 82 24 22 54 8 17 100 73 50 69 58 94 87 40 31 30 70 80 59 55 95 61 42 89 93
41 76 92 99 67 74 51 37 65 95 3 50 78 81 68 61 12 38 8 54 17 25 30 42 9 35 26 73 96 2 39 83 84 59 4 94 45 91 87 23 57 80
91 97 83 64 75 45 70 96 86 98 35 47 78 90 66 21 91 95 51 36 58 1 53 7 69 63 44 27 32 60 13 48 2 26 15 30 12 80 65 49 4 56 74 41 37 94 40 11 8 68 10 73 3 72 24 79 62 89 34 50 87 14 61 17 57 55 52 54 39 33 92 42 82 18 46 22 19 84 20 93 67 43 9 25 88 38 29 31 81 76 100 5
31 32 90 66 39 17 24 81 100 75 94 7 49 70 26 16 77 71 99 74 62 58 88 53 59 98 34 50 78 56 60 42
25 23 12 80 26 88 19 18 81 83 74 11 13 9 51 94 16 82 35 68 39 43 100 86 49 85
80 98 50 28 73 91 14 19 85 8 9 90 78 29 20 68 38 37 75 84 7 36 79 81 42 77 18 96 67 11 93 3 47 12 83 60 6 74 61 44 57 31 34 33 88 1 2 89 40 43 32 65 41 17 10 58 71 99 72 39 76 22 56 59 5 70 49 64 92 30 23 55 15 66 24 69 16 62 53 51 100
69 25 8 33 63 77 62 36 4 28 66 49 100 15 7 44 38 96 82 27 60 92 79 72 1 78 32 51 69 24 22 10 95 6 55 2 87 81 97 3 65 53 83 41 90 47 54 11 88 20 48 74 57 9 89 71 13 16 34 35 70 68 31 18 73 91 5 14 98 86
80 54 39 38 73 37 66 15 22 90 95 77 65 81 23 36 89 67 52 50 21 96 80 70 35 17 1 93 2 61 26 3 58 8 51 7 4 86 55 82 12 45 64 87 72 71 16 57 9 91 88 10 97 42 68 44 33 24 40 59 30 13 79 34 27 62 19 63 46 76 85 43 18 32 94 84 49 47 41 83 20
36 51 74 3 30 47 67 13 91 16 60 25 95 71 27 92 65 21 26 46 5 84 75 58 1 7 77 56 15 20 83 33 32 57 9 40 76
67 33 79 29 89 82 36 49 40 24 100 27 83 34 28 65 47 60 73 41 85 38 75 13 58 86 32 71 76 96 45 97 31 81 11 61 78 53 6 18 84 88 9 68 2 87 66 23 80 67 3 12 26 72 44 42 62 22 70 91 55 25 39 52 50 5 16 19
84 38 84 51 43 32 88 54 58 81 31 24 20 36 62 52 1 44 67 48 72 60 83 27 47 46 39 61 73 7 14 33 69 87 91 22 45 28 17 80 9 98 12 2 89 4 100 6 8 16 97 59 75 78 63 40 64 10 86 53 3 37 65 18 66 13 21 79 34 96 95 99 56 92 76 57 30 25 23 74 19 55 71 15 82
62 14 32 41 87 86 20 94 11 29 3 59 27 71 26 92 54 15 96 13 2 80 83 50 43 5 36 45 81 10 47 72 4 42 21 12 30 44 100 28 70 65 79 74 53 93 76 25 31 73 24 99 64 34 40 35 48 84 49 66 77 18 98
39 48 94 92 38 27 77 99 96 37 89 9 30 71 83 74 26 97 55 90 43 16 10 4 91 17 14 72 22 63 49 58 42 86 81 32 40 84 80 19
67 91 61 45 57 50 65 60 87 64 75 2 23 42 19 41 20 63 72 37 9 34 62 89 95 80 59 49 35 68 44 96 13 66 46 100 22 93 26 4 21 30 43 32 18 71 69 12 25 17 27 88 3 47 36 15 16 99 11 8 54 78 52 14 92 74 55 76
86 91 43 71 13 83 35 3 29 28 76 42 16 74 94 96 64 25 90 63 10 60 1 38 57 6 34 27 45 75 49 20 72 23 21 79 81 44 50 55 62 5 37 32 54 51 36 2 52 40 87 8 48 58 70 61 68 93 66 84 22 82 9 26 7 14 46 31 12 73 92 69 33 100 95 17 56 67 89 39 15 47 86 80 97 24 18
3 78 76 53
31 20 91 41 24 93 36 85 97 63 40 58 7 67 62 27 6 99 54 79 100 98 10 76 8 57 49 12 60 66 28 48
19 8 70 4 37 20 90 10 61 97 54 22 73 26 12 52 51 66 92 41
41 10 43 35 84 1 92 15 61 69 40 41 76 46 8 47 56 16 45 97 7 53 38 62 72 18 58 64 78 88 14 79 93 29 83 34 75 55 66 9 63 50
49 76 68 88 89 60 48 79 24 87 70 86 62 8 10 3 99 13 49 33 67 9 57 64 7 93 12 61 37 14 73 11 28 83 97 74 100 15 53 39 44 66 77 43 78 72 2 6 32 98
91 67 23 89 10 17 52 13 92 44 20 60 54 81 24 47 78 55 25 100 38 43 82 77 15 9 37 63 96 45 8 97 11 36 46 21 48 79 53 93 18 91 2 58 74 51 88 66 4 98 84 61 68 28 32 90 65 69 72 33 94 99 39 49 87 62 57 85 27 59 76 12 19 1 34 29 86 56 16 42 3 80 6 22 40 26 73 7 5 64 41 71
13 86 82 2 91 20 61 3 62 55 92 46 95 79
73 19 22 11 18 83 41 33 80 58 59 27 56 91 51 66 7 6 49 23 76 13 12 60 55 28 70 5 57 53 16 45 4 21 30 54 78 39 86 2 43 93 42 92 68 65 90 14 46 71 98 47 96 94 77 100 40 37 81 38 8 85 79 48 44 31 36 89 29 63 26 1 61 9
77 5 81 64 88 31 37 38 12 51 82 3 36 80 68 27 74 70 28 90 17 19 54 43 91 59 66 49 25 39 56 46 84 22 40 62 45 63 78 29 83 6 93 75 61 2 10 95 52 15 7 24 96 50 100 97 99 58 92 79 13 41 55 33 53 4 44 11 89 21 60 65 18 77 76 69 94 71
93 26 9 29 71 52 56 61 62 27 12 94 20 17 74 28 90 41 45 88 54 64 24 83 32 8 30 100 86 5 55 87 58 66 43 16 19 13 6 36 65 7 18 79 76 69 33 47 78 82 25 1 34 2 4 98 67 21 73 93 77 22 59 89 23 46 75 85 40 81 57 15 48 35 39 37 92 51 38 84 53 95 72 68 97 49 11 10 99 44 50 42 80 31
44 52 14 17 94 8 40 68 4 55 72 80 99 5 70 57 58 39 83 13 63 35 25 49 42 3 7 45 91 10 90 15 95 54 47 65 71 20 67 100 96 23 79 87 62
24 85 45 91 70 36 65 97 67 31 12 100 71 11 59 21 72 69 61 48 25 51 34 40 15
67 67 58 47 32 48 11 61 99 25 92 62 41 66 38 43 68 39 77 24 89 33 53 45 40 1 36 78 81 9 51 16 87 82 23 17 63 44 84 52 94 46 37 15 27 80 31 20 22 12 3 79 60 90 83 98 2 42 85 50 35 21 30 56 7 69 59 13
59 26 61 75 97 20 100 31 35 80 70 73 62 51 65 81 1 71 55 46 89 76 60 77 78 38 53 58 67 37 92 47 82 79 41 66 5 98 33 22 84 23 93 64 42 21 28 52 2 39 8 63 7 24 3 96 13 95 57 44
7 36 50 81 40 8 89 58
52 22 89 7 83 98 87 51 41 100 34 78 70 74 43 68 33 91 17 96 67 72 20 85 29 94 61 82 47 73 60 5 79 59 80 15 48 90 42 56 81 88 18 99 44 84 57 95 27 71 11 12 86
92 6 60 48 74 10 88 81 13 43 56 96 97 54 38 39 14 12 93 62 1 86 57 17 42 8 25 5 23 61 78 7 51 19 11 66 95 87 92 85 29 24 64 49 72 9 47 34 30 79 67 70 45 26 41 15 55 73 68 82 98 46 16 59 32 27 58 44 89 76 20 22 35 80 2 52 50 100 69 75 65 4 84 90 83 77 94 3 63 71 31 18 36
92 80 36 92 3 76 56 87 100 52 85 16 96 75 84 7 65 32 12 42 59 22 50 15 68 57 5 47 43 64 41 46 94 11 33 24 99 89 14 93 55 70 63 98 73 91 51 18 74 97 10 66 8 83 61 6 90 29 95 45 19 27 21 54 37 20 40 67 31 88 44 26 34 1 25 39 2 62 71 60 81 4 82 23 48 49 53 78 9 58 38 17 13
51 71 8 93 86 89 52 49 82 47 62 84 3 31 35 7 96 2 28 60 14 19 17 59 99 66 36 91 57 80 74 92 37 87 67 11 30 94 51 41 27 18 81 58 24 26 83 76 9 39 75 95
55 45 51 15 79 8 50 96 18 61 91 42 12 98 3 2 60 22 71 23 5 65 58 46 31 73 53 29 67 89 68 80 6 95 35 21 81 41 24 76 7 86 30 63 19 37 100 36 70 27 39 20 97 84 56 32
57 41 51 82 80 65 97 39 68 4 70 91 79 38 73 40 84 58 89 44 42 81 8 20 2 86 15 69 12 31 24 96 49 37 43 53 10 46 55 28 47 74 50 16 72 36 59 48 19 93 3 94 35 52 100 57 17 14
19 76 4 97 96 38 59 6 30 45 79 78 67 71 46 7 22 23 94 53
65 87 18 57 43 96 63 13 53 76 7 12 3 58 52 86 46 98 23 97 37 28 80 10 71 44 69 74 95 42 68 72 2 70 81 41 24 59 14 15 27 17 35 38 49 40 94 83 62 61 16 9 47 8 5 100 6 26 82 54 75 78 89 84 36 67
65 68 41 15 30 4 85 7 56 91 79 40 75 49 87 84 11 62 90 39 14 6 95 77 93 73 80 31 59 86 47 2 5 64 37 53 81 66 89 92 38 67 26 22 99 19 44 69 72 65 9 97 60 83 55 58 98 51 100 10 94 74 54 24 23 52
22 98 14 52 10 47 90 56 49 77 34 81 87 31 17 4 6 25 62 59 99 65 18
87 86 9 62 13 10 37 78 54 19 35 77 80 71 93 14 7 42 84 70 79 90 89 82 94 63 40 34 61 38 67 17 49 8 51 29 60 18 2 75 64 95 32 44 16 98 3 46 72 47 43 11 96 99 68 85 81 26 28 23 6 36 21 39 69 76 50 88 55 5 100 66 58 12 31 91 59 92 57 4 87 20 65 27 73 74 24 33
77 52 24 71 94 17 87 1 29 48 96 4 16 2 97 50 56 11 83 45 51 54 64 72 5 86 67 43 7 63 46 95 74 98 92 34 30 40 13 8 88 27 44 53 81 99 3 47 26 42 76 19 84 61 90 58 21 49 12 66 35 37 18 78 65 41 23 59 15 6 60 70 80 100 20 93 14 32
30 98 2 89 26 19 30 4 77 18 50 6 41 37 61 65 64 39 21 36 67 90 7 100 46 69 20 71 56 47 16
60 49 40 76 36 84 50 25 73 54 63 28 22 42 86 79 18 87 52 47 51 59 10 23 45 66 99 31 65 4 94 89 55 14 100 46 74 97 39 8 56 88 2 82 33 26 98 7 29 96 35 81 6 44 77 83 21 24 92 17 19
29 82 89 62 77 47 32 70 81 33 42 8 57 14 13 95 51 100 75 86 28 55 60 54 12 34 9 23 93 10
92 59 55 48 35 64 17 40 24 83 7 8 1 15 65 76 22 60 68 23 67 29 47 94 6 5 95 91 78 34 42 71 30 14 81 25 3 77 75 93 74 10 69 33 51 53 61 32 39 16 63 50 80 28 79 82 98 89 12 19 86 99 4 58 96 21 66 62 9 85 56 52 72 88 46 37 11 44 41 31 26 2 90 70 100 92 36 54 38 73 84 87 57
38 81 6 37 35 1 92 98 73 86 97 11 60 3 15 67 24 44 95 14 62 29 32 50 49 28 21 93 13 4 41 55 88 91 58 90 54 71 61
68 25 18 44 78 52 69 6 92 94 27 4 49 13 32 34 57 30 46 72 87 37 81 90 75 43 77 9 21 70 56 12 16 68 55 5 42 54 80 31 1 67 26 53 82 15 60 24 86 61 59 40 51 73 48 89 7 96 33 20 50 83 36 97 74 17 23 2 28
3 31 82 99
88 80 27 29 74 33 44 90 1 2 5 37 12 77 6 39 21 10 93 59 68 52 50 73 45 56 62 85 51 14 67 7 32 81 89 26 86 3 34 35 95 91 88 28 19 69 48 46 64 99 36 25 72 30 47 42 96 8 92 54 4 60 84 98 57 76 87 78 82 24 43 9 31 55 53 63 11 70 20 38 58 100 75 23 65 49 83 16 66
26 69 25 72 50 39 23 95 70 43 66 64 88 9 24 11 49 74 68 6 18 15 67 40 33 73 35
91 87 17 88 64 24 70 63 100 13 21 7 29 9 69 91 14 73 22 43 15 62 49 89 95 96 86 10 98 19 68 2 48 37 23 74 54 36 66 20 59 1 94 30 27 65 81 6 56 78 82 46 57 31 76 92 61 16 90 53 52 67 50 25 45 60 99 18 97 55 26 51 4 72 5 77 71 44 33 85 32 80 38 40 28 79 58 39 11 47 42 34
74 6 10 72 26 95 57 29 100 16 64 78 22 8 38 77 19 7 53 85 73 84 24 51 13 63 80 21 18 62 48 83 74 66 91 88 20 2 68 9 33 3 56 71 39 45 70 27 93 89 25 40 23 52 55 96 81 34 87 75 17 65 44 49 79 76 82 4 1 28 31 35 61 43 12
60 4 84 28 23 39 90 43 9 8 26 5 49 94 67 21 38 19 6 83 79 75 89 59 71 48 56 73 30 47 66 11 44 18 51 37 70 95 99 27 62 65 13 20 100 82 97 41 25 61 69 14 2 3 24 64 50 35 32 93 81
23 7 48 39 80 27 81 52 40 60 25 35 88 99 33 44 6 91 59 46 97 78 65 36
39 39 2 93 5 26 44 17 62 25 75 56 64 1 50 13 96 66 6 28 98 19 71 77 97 58 59 41 27 94 16 15 11 73 4 57 85 54 82 76
61 97 41 43 99 53 18 48 83 61 67 79 26 7 1 63 100 8 21 22 39 28 87 32 85 69 27 64 14 56 42 33 15 58 11 65 70 2 88 23 31 84 86 49 71 50 82 29 6 17 5 44 90 68 13 10 30 24 91 80 93 20
24 20 95 41 37 59 11 30 36 91 18 40 42 32 72 78 33 92 75 19 2 27 83 67 99
89 63 97 12 22 40 80 53 90 57 54 67 30 7 15 49 72 13 2 26 39 96 71 9 58 24 60 77 27 8 69 50 61 88 70 55 16 48 37 35 99 14 93 56 34 66 65 94 84 51 29 59 86 75 100 43 6 36 78 95 41 18 52 89 83 46 20 76 79 47 10 31 17 74 73 33 5 98 3 92 45 1 85 32 21 81 28 19 68 62
15 10 9 89 80 84 37 57 46 41 29 83 88 28 2 75
70 46 41 72 92 32 63 50 98 48 76 81 56 73 78 64 28 55 74 10 8 25 54 27 16 67 53 84 14 39 7 24 40 85 57 19 49 22 69 59 65 29 2 31 43 47 91 18 13 42 3 38 97 83 89 4 20 1 95 61 90 15 66 100 12 6 99 37 5 71 82
15 51 76 59 62 13 86 93 60 78 49 56 53 15 17 45
18 15 26 10 2 60 72 29 36 64 13 35 85 79 49 97 57 23 88
67 81 49 59 62 30 96 71 83 55 65 45 52 73 51 75 1 33 41 95 80 76 100 74 42 99 37 39 43 88 97 16 14 60 57 31 26 85 67 40 15 56 10 12 48 93 22 25 50 2 90 70 77 82 66 86 34 89 7 78 18 32 64 4 68 19 29 79
72 40 60 16 32 82 45 100 69 17 77 1 55 23 22 75 68 42 63 50 41 14 66 48 38 59 30 15 90 26 33 49 95 64 84 27 18 85 99 76 74 86 9 88 57 52 65 43 13 53 46 20 44 83 72 5 89 96 73 31 7 94 54 8 6 10 4 97 91 71 36 35 56
77 2 73 77 62 95 50 6 53 42 16 82 92 24 21 33 55 75 22 44 20 98 40 41 91 90 14 100 79 8 71 27 67 64 3 7 26 69 38 84 63 4 85 65 36 47 37 15 57 54 61 72 74 86 25 96 1 35 59 28 76 48 89 30 39 60 87 99 78 81 19 10 58 49 51 93 34 94
58 66 98 54 81 83 62 49 97 4 17 55 78 16 51 44 71 99 31 80 57 15 50 20 5 59 2 90 30 88 41 56 47 82 65 8 76 3 45 38 64 87 28 39 24 84 25 79 19 9 27 100 6 93 70 29 75 77 23
19 3 34 1 49 54 94 64 90 68 76 62 97 52 75 63 92 23 91 58
84 99 28 11 51 36 40 77 50 71 70 33 61 9 62 17 7 44 80 47 68 89 56 38 97 41 95 25 78 87 88 31 5 73 19 52 58 14 86 10 96 69 46 75 94 29 1 4 63 90 93 84 74 42 81 55 13 6 54 60 21 57 82 16 35 39 32 76 59 20 53 64 15 98 24 27 2 65 83 100 18 43 85 79 72
100 8 100 68 79 92 5 29 76 95 96 21 82 65 48 90 51 4 2 14 61 13 44 1 32 77 62 33 70 55 42 58 49 25 71 40 43 20 98 56 7 57 17 97 72 11 3 30 67 6 36 16 15 31 46 80 73 34 52 69 26 35 86 84 88 89 83 28 66 27 87 19 23 9 63 64 99 93 81 85 75 91 94 47 78 60 10 50 41 39 59 74 22 18 12 38 45 37 53 54 24
50 38 82 9 42 76 57 68 93 65 10 89 47 87 75 24 92 3 69 29 31 54 94 26 50 34 83 63 14 53 99 35 46 51 7 44 45 32 25 60 88 20 16 39 74 97 78 23 19 91 37
