50 100
61534702 6216928 10 8 71957 87087331 981116523 814850 440526 6156 9679 4 1457 869791 39028356 8 2036468 63 738697015 347328 63145 13700271 7511 16874 9 77890970 3805 81 9334256 5387 1981844 67390786 99 978216 627 1216 26 97 10 330 94476635 5033379 751132 67018 1930 49 9597 95056 50520625 10
27 22
13 30
30 37
35 48
43 39
33 22
29 20
17 6
7 27
22 4
14 11
2 15
30 3
39 21
47 29
10 42
6 10
25 9
25 21
38 35
30 38
38 48
3 12
30 49
17 2
15 3
30 22
14 15
35 5
19 49
37 8
2 12
6 22
6 21
7 36
19 16
11 9
30 42
11 26
40 2
42 36
15 38
49 6
26 1
33 34
46 11
10 37
13 45
34 19
47 35
48 39
35 5
23 38
49 35
40 31
4 6
20 49
23 48
34 39
25 30
11 1
31 50
26 8
2 10
33 1
15 3
35 9
33 43
4 31
39 33
14 22
38 11
50 34
28 48
31 10
7 46
11 1
44 21
28 5
8 11
44 18
14 50
35 25
7 41
26 29
33 27
9 10
1 28
16 46
32 18
41 15
10 35
23 26
22 29
19 29
40 1
25 16
8 33
9 34
44 35
100
77 74 93 73 8 92 69 55 49 44 43 26 53 13 77 51 15 45 87 39 82 85 66 64 24 46 75 5 63 25 16 99 83 98 58 79 29 30 54 12 35 95 37 14 57 36 42 10 18 78 1 84 11 71 56 60 34 96 31 90 61 2 76 68 32 97 28 48 21 22 6 94 7 59 23 52 27 3
36 80 24 27 87 73 11 36 62 13 32 64 84 92 58 63 40 29 51 25 30 39 26 66 49 45 65 75 5 12 43 55 91 61 15 56 85
94 63 16 37 43 66 98 67 94 72 56 68 33 21 50 99 62 97 83 13 32 52 34 28 18 76 89 3 25 59 79 30 35 51 55 95 24 82 11 6 45 14 47 92 31 20 29 96 38 9 17 87 61 81 42 19 27 10 70 40 90 2 85 53 12 73 80 88 78 41 71 93 74 5 64 84 8 77 36 86 75 4 49 23 22 54 69 57 48 7 15 60 44 39 100
93 22 80 2 19 94 17 53 33 5 87 43 54 12 18 55 73 88 44 13 91 35 3 47 37 58 92 29 72 89 59 46 32 76 93 4 36 50 62 15 99 38 10 34 31 100 81 52 16 79 1 39 49 6 24 60 64 75 41 78 61 85 14 8 7 86 84 65 74 20 96 77 69 23 68 95 97 48 66 21 42 45 98 67 11 28 51 90 56 63 27 82 9 83
15 33 39 64 8 66 57 76 79 67 12 78 10 28 62 11
29 95 39 58 73 38 32 80 55 54 42 3 65 91 17 50 11 10 20 21 45 7 41 16 63 100 66 81 49 14
59 20 16 12 38 37 35 50 58 84 22 27 48 70 9 63 53 74 45 100 73 1 67 4 21 59 54 71 66 52 6 61 24 49 75 11 26 30 18 80 55 2 86 62 79 65 96 19 17 33 85 51 89 87 32 44 92 39 69 31
48 71 97 62 56 61 91 57 41 95 83 15 12 72 21 70 26 63 94 68 13 50 19 75 25 84 39 20 24 89 43 81 47 59 55 51 52 29 32 40 88 17 27 7 2 73 54 92 18
99 72 52 60 9 58 84 23 65 22 71 51 1 47 91 96 93 95 14 18 79 80 44 19 5 33 17 97 29 12 8 48 88 28 21 32 81 42 69 49 30 6 53 56 61 40 26 83 43 87 99 41 11 54 4 66 89 63 92 13 90 3 77 75 10 94 64 20 39 34 100 85 16 67 68 38 24 74 45 98 37 31 78 7 76 50 25 27 15 73 62 35 59 55 86 36 70 82 57 2
44 34 27 72 87 75 80 94 82 96 21 92 22 20 63 47 81 1 58 88 8 25 84 13 56 3 16 91 66 39 62 11 74 35 38 6 57 45 14 97 61 90 19 32 76
6 73 96 78 93 72 42
24 24 28 17 92 90 31 32 65 81 41 73 59 72 43 66 10 94 20 16 2 8 91 69 19
33 99 35 58 97 33 16 37 3 100 57 26 70 49 68 18 43 71 74 73 25 67 46 94 91 27 81 64 77 76 19 1 42 30
29 51 100 38 9 62 47 77 56 67 88 2 15 42 27 33 5 75 35 70 97 79 71 34 94 81 54 11 10 91
45 80 41 62 35 72 10 61 78 84 7 24 47 5 30 46 33 90 40 31 49 20 56 8 63 14 74 79 21 2 66 9 88 82 100 85 67 87 97 86 43 18 99 32 22 29
56 14 91 62 21 2 64 16 63 84 57 27 3 44 36 17 94 29 89 61 32 90 35 86 49 37 98 52 48 74 92 56 47 22 60 31 68 41 93 81 100 51 6 77 50 70 18 43 59 53 45 78 34 25 10 72 87
34 42 92 73 35 48 59 75 38 33 88 85 17 81 7 1 95 68 10 58 99 24 8 57 22 6 13 90 36 12 41 72 26 82 79
85 95 54 74 70 36 99 86 39 9 7 80 65 6 81 72 48 51 11 43 41 15 84 60 1 66 10 4 26 52 57 82 35 42 58 8 28 32 53 77 62 46 97 93 13 63 79 27 38 87 20 88 24 49 76 92 91 16 56 31 30 34 12 55 64 69 19 90 75 59 17 22 2 40 73 47 33 89 37 85 45 68 50 94 71 29
77 9 12 20 2 71 35 11 90 97 76 81 5 22 91 6 46 47 19 33 87 37 88 89 65 77 79 26 57 100 30 62 34 61 45 69 93 64 32 84 7 10 16 28 31 3 14 52 96 83 75 60 66 54 80 38 49 1 82 44 51 72 68 15 13 24 25 23 27 29 98 95 48 67 8 92 36 43
33 82 21 12 30 14 48 29 59 41 19 46 2 3 72 89 88 71 37 65 5 33 85 96 38 7 62 57 45 54 9 66 70 79
22 54 92 38 5 6 10 59 77 64 75 89 67 32 36 8 27 95 98 53 18 68 84
36 14 13 42 88 83 95 53 4 59 65 52 45 43 100 57 85 77 94 98 61 15 66 5 28 36 92 49 32 20 1 3 51 56 38 24 86
70 89 20 42 36 70 33 94 26 39 37 59 3 66 64 9 17 96 27 60 51 10 25 28 45 29 1 34 77 54 18 8 68 50 99 4 85 61 82 80 88 24 13 63 73 5 47 2 84 49 19 78 43 46 16 93 79 69 41 76 81 38 86 23 30 6 91 12 40 48 90
51 7 97 48 20 81 23 34 17 88 51 52 67 30 22 89 93 41 54 31 99 82 50 91 35 47 86 19 59 77 98 64 78 32 79 14 73 28 25 33 8 3 76 43 60 75 58 18 39 10 53 2
55 45 6 28 27 79 15 57 46 29 73 99 54 35 31 47 38 7 58 85 94 17 52 2 9 39 53 92 3 21 90 61 76 64 95 56 11 80 42 18 32 60 70 67 55 13 63 96 83 41 65 93 49 48 81 22
89 39 12 16 13 45 27 26 50 6 57 77 52 42 72 18 86 11 79 4 7 44 65 84 40 15 48 95 87 51 54 21 14 70 22 43 89 62 56 29 76 5 3 66 55 80 93 63 90 10 8 24 75 9 96 34 74 73 64 88 59 98 35 83 67 91 61 41 32 100 97 20 47 68 2 49 99 58 37 53 85 17 30 69 81 60 31 36 71 33
66 72 42 22 23 71 59 83 88 66 91 26 67 1 21 54 80 15 78 11 70 69 94 100 3 6 60 32 93 28 9 7 61 44 27 99 12 92 5 64 48 97 74 76 43 85 84 37 47 73 87 16 25 77 39 40 20 50 14 31 79 35 38 58 81 51 8
41 3 100 37 16 19 50 54 66 26 97 60 44 77 32 76 28 20 83 81 53 2 84 49 78 73 35 65 74 25 72 36 70 46 43 7 82 40 55 85 13 96
17 97 90 4 76 10 6 89 67 77 56 65 94 93 23 99 31 35
40 30 16 4 21 29 40 99 42 70 68 31 79 76 36 48 74 87 38 90 6 34 13 61 65 55 96 35 1 49 22 25 33 59 37 9 69 91 71 11 43
50 86 20 19 52 5 91 73 24 62 25 7 26 44 27 97 80 6 3 94 34 55 83 56 67 57 72 88 98 29 70 30 8 32 60 23 93 22 96 92 53 46 61 10 47 2 12 90 66 74 43
26 41 19 61 26 18 39 34 100 97 74 47 16 70 44 58 72 73 22 49 68 10 67 12 93 11 78
85 73 64 50 57 74 39 52 72 87 82 17 15 53 49 66 32 92 11 19 95 79 55 13 46 45 89 14 23 48 18 76 99 62 47 16 40 56 20 86 27 9 35 96 88 71 68 22 63 59 69 43 93 5 7 83 60 70 78 91 44 67 8 51 34 77 58 30 37 31 94 28 4 75 24 80 97 21 42 36 38 90 25 10 33 98
12 69 62 42 32 45 10 66 94 84 8 92 97
31 81 28 74 39 67 2 16 69 31 26 94 12 73 70 75 55 8 76 32 33 49 10 61 95 35 4 48 80 5 38 92
40 38 96 22 53 60 16 6 40 25 61 75 72 2 63 23 39 4 5 11 1 81 10 18 45 90 89 78 42 17 30 97 86 50 69 95 83 41 58 29 26
71 4 22 19 13 23 54 8 34 9 87 18 52 94 16 26 72 55 20 32 6 15 28 12 97 39 21 79 98 61 38 1 60 96 40 43 67 3 59 56 58 65 2 10 7 81 100 76 77 64 49 25 51 92 83 5 44 30 48 66 85 68 42 86 63 99 47 14 50 91 95 71
51 93 16 30 26 85 87 14 2 67 58 92 36 20 52 7 25 12 63 96 31 66 71 38 17 70 1 43 94 79 10 86 49 75 33 97 83 13 69 59 73 34 90 81 18 57 54 64 78 9 99 6
70 12 99 95 29 64 65 59 31 4 98 76 6 62 60 83 52 42 49 38 43 25 68 73 63 10 67 19 3 27 21 66 24 90 41 5 71 44 7 85 56 50 81 36 100 28 55 82 46 11 57 48 40 88 15 23 14 74 77 20 33 78 58 13 97 75 96 32 79 54 18
21 81 4 61 9 49 67 59 72 91 29 54 35 16 28 100 7 65 68 96 63 27
78 16 47 53 4 63 54 97 76 91 87 99 28 69 74 27 71 31 82 40 33 23 37 34 78 44 62 84 17 43 19 26 93 3 12 100 20 49 29 1 35 2 79 98 42 92 90 72 52 38 55 73 83 89 94 10 96 48 36 22 7 15 39 64 18 8 81 41 95 56 75 21 85 59 11 65 32 67 88
96 82 20 39 96 30 64 41 26 33 11 8 60 28 78 83 21 62 9 58 1 31 17 36 98 75 13 84 34 86 57 12 61 76 3 19 85 2 97 7 92 72 48 88 89 50 56 49 99 22 45 25 77 70 54 66 46 24 81 16 35 63 43 73 15 93 59 74 80 5 65 32 27 90 37 38 42 94 23 87 40 100 4 79 91 67 71 44 52 51 95 29 6 68 53 69 47
62 5 78 97 47 35 54 48 68 30 27 58 77 44 71 96 56 81 28 60 3 87 32 59 8 12 66 2 79 88 14 37 39 52 17 69 92 70 9 16 91 50 61 53 67 20 51 26 33 100 83 1 34 19 73 86 31 84 45 10 23 82 13
32 34 95 64 53 20 73 66 41 6 7 26 40 22 90 93 83 42 86 60 44 58 76 3 77 45 10 100 2 24 75 54 51
59 60 31 83 33 65 50 3 59 53 87 62 86 35 63 2 98 9 89 56 38 100 17 64 12 47 99 43 11 71 85 44 57 29 75 81 90 68 4 80 77 42 37 67 52 34 91 69 49 95 26 30 32 48 25 88 19 23 54 76
86 98 20 65 45 32 88 63 60 30 80 2 75 96 42 97 61 66 99 39 71 12 41 22 100 46 19 48 73 1 34 47 79 55 44 9 43 13 82 83 5 40 81 67 64 37 56 38 58 24 26 49 33 3 94 27 92 36 86 85 76 59 62 8 57 17 91 11 18 74 28 54 95 50 77 16 69 35 70 21 31 4 84 7 53 29 93
49 67 60 53 59 51 80 99 86 88 90 97 81 7 18 82 17 9 47 41 2 84 50 31 19 21 57 89 70 43 15 29 20 12 58 64 78 52 11 76 32 14 92 24 61 36 30 40 69 39
11 70 51 44 72 58 37 84 11 25 21 9
100 10 48 68 13 27 2 73 56 70 67 77 1 94 9 39 7 22 37 47 88 62 61 86 20 49 74 81 63 98 43 23 72 55 91 53 97 52 36 96 14 95 25 17 54 3 30 76 92 69 16 90 4 87 40 82 64 33 41 15 32 75 84 66 59 60 8 65 21 26 89 28 38 12 50 78 11 31 57 5 51 19 45 34 79 29 18 100 80 71 85 6 44 83 46 58 93 35 24 42 99
58 78 73 61 11 4 63 30 58 40 67 13 27 38 62 80 14 45 75 71 53 50 7 82 66 44 79 19 5 16 59 37 84 89 3 83 65 98 87 92 26 9 85 72 97 10 6 41 54 51 35 69 57 56 52 17 12 100 93
99 8 60 98 81 62 92 96 77 99 20 73 29 1 15 43 66 74 57 47 59 65 76 33 46 44 87 72 23 7 3 70 28 48 78 69 39 41 16 83 9 31 79 93 22 42 63 86 14 68 11 35 24 97 40 45 26 13 36 25 37 21 95 52 12 90 6 17 80 91 82 71 27 85 56 88 18 30 4 54 55 2 5 64 61 38 49 51 34 32 84 10 100 94 50 89 67 58 75 19
43 44 68 93 15 33 63 86 45 52 25 83 5 89 66 51 57 56 75 62 70 59 60 65 7 50 47 90 67 12 46 79 43 85 1 39 97 91 38 53 30 80 11 54
93 55 11 5 38 6 65 51 100 25 99 16 88 85 14 17 23 97 61 35 75 66 46 71 76 79 92 63 13 98 89 31 82 44 21 19 50 95 69 64 49 86 81 48 94 24 4 20 10 93 1 60 83 43 32 7 68 78 84 45 62 72 3 42 67 15 18 41 53 33 58 22 80 12 74 70 9 36 8 57 54 2 96 90 27 28 37 47 30 39 29 73 77 56
24 71 28 32 75 44 73 13 62 27 46 2 48 52 8 40 100 64 17 36 42 1 83 66 69
71 85 22 27 37 2 14 41 21 77 17 79 33 81 93 39 94 92 58 20 70 25 46 53 40 76 3 13 56 8 32 16 98 15 65 60 55 49 59 12 64 30 88 26 38 89 91 7 90 67 82 28 52 69 44 42 19 100 97 99 11 34 5 29 84 78 61 4 80 36 71 72
20 98 11 80 27 52 72 71 96 46 78 37 86 32 100 21 63 40 14 79 90
65 82 22 72 85 26 11 14 24 31 12 15 79 55 54 42 67 21 10 80 28 33 30 99 73 84 75 64 81 58 51 18 37 59 48 17 61 95 45 32 44 91 78 60 53 77 97 70 16 41 35 5 4 1 56 90 65 19 76 27 43 92 52 3 69 96
75 26 50 30 49 95 68 92 57 64 76 27 67 21 79 62 41 71 29 72 16 59 99 53 80 69 54 44 87 1 4 48 56 55 70 86 47 93 14 7 24 63 58 66 28 90 94 84 8 40 46 43 83 33 100 36 6 73 65 51 34 11 82 2 39 35 37 18 74 42 31 13 78 12 23 96
95 20 82 56 83 68 98 70 61 8 32 33 34 26 31 59 48 11 79 90 43 15 77 28 81 62 21 9 44 18 75 50 5 37 29 94 36 80 17 55 95 64 10 27 2 41 6 22 93 78 74 96 63 69 47 73 99 88 86 16 87 53 39 100 12 46 66 24 3 42 54 45 35 19 38 23 85 40 76 67 58 60 89 49 72 25 13 4 71 57 52 51 84 7 97 14
35 48 24 23 10 49 3 84 87 57 96 65 16 91 59 100 27 47 75 58 29 73 14 38 54 28 9 5 94 44 40 26 32 1 8 50
69 87 45 25 16 84 24 95 17 97 30 57 67 69 31 14 66 93 26 53 86 65 19 72 99 40 70 22 55 3 47 63 90 94 18 52 77 79 37 46 33 50 21 12 41 7 39 1 89 88 80 15 28 58 85 64 43 38 73 10 36 42 35 4 62 2 98 92 11 74
25 19 95 69 77 97 9 39 24 50 94 26 25 31 15 89 7 52 80 65 92 21 44 82 99 76
49 94 89 62 85 45 3 14 74 43 36 69 64 71 2 78 83 88 70 7 21 60 72 26 24 51 63 65 16 1 12 27 81 50 77 86 46 18 47 52 57 91 10 44 79 66 92 42 90 11
8 75 93 92 62 84 49 39 26
39 93 83 61 23 76 11 15 6 37 94 25 52 54 10 18 69 98 5 60 22 41 44 28 67 95 47 88 26 13 32 85 42 66 9 39 73 16 14 24
78 32 77 2 52 25 42 90 70 53 48 82 60 37 89 100 54 80 94 21 75 11 56 97 15 51 9 49 83 85 86 14 36 19 61 6 29 41 96 62 1 57 95 31 23 38 16 50 39 68 26 34 59 93 66 98 64 84 71 35 8 3 12 4 17 10 73 20 40 87 88 72 65 18 30 28 81 74 43
25 99 98 45 93 48 2 15 55 47 68 90 59 53 3 35 85 92 56 86 65 4 34 37 40 51
43 100 31 70 8 52 44 55 36 39 40 27 10 88 84 86 35 43 32 25 34 59 90 14 54 37 92 3 93 97 46 61 83 77 5 80 68 11 89 18 73 1 12 63
8 51 17 19 54 46 12 1 100
51 58 63 92 45 70 94 41 46 43 68 17 6 76 5 82 13 3 62 22 23 59 64 53 77 24 1 10 54 19 97 85 87 96 28 48 36 42 14 35 32 4 30 26 56 73 34 38 51 52 49 61
98 95 64 7 62 37 34 83 85 17 27 66 88 30 81 15 59 10 96 98 33 1 51 3 36 29 40 97 65 43 46 78 89 74 31 38 91 71 75 94 26 53 12 55 13 100 4 68 93 24 21 14 86 11 56 90 9 76 77 44 18 57 42 60 6 58 82 5 25 32 63 49 73 20 84 87 52 16 54 92 22 80 28 35 72 45 67 2 48 23 50 19 69 79 99 70 8 39 61
90 13 17 62 42 79 9 12 21 54 50 97 6 72 8 53 55 96 25 64 65 52 87 86 28 30 37 22 77 90 59 39 66 67 44 34 81 75 10 27 57 56 24 32 98 70 58 99 19 11 4 92 47 26 60 15 48 46 68 36 100 80 29 18 61 16 35 71 84 69 51 82 94 74 1 23 88 78 49 40 3 91 73 33 5 20 2 83 95 89 76
27 25 88 81 78 90 82 11 77 96 100 79 83 60 68 40 21 94 95 30 76 6 27 53 46 75 22 57
22 74 13 47 36 17 27 11 49 15 26 85 72 58 97 57 22 14 56 53 93 54 98
19 17 84 26 99 85 31 79 97 11 19 42 89 43 5 93 83 96 81 63
22 25 87 79 66 1 18 85 90 98 99 76 8 23 59 61 72 71 32 81 44 3 13
61 17 73 33 88 72 37 36 5 75 54 8 69 46 89 19 70 30 77 63 26 6 94 86 57 65 7 31 93 41 52 13 2 96 23 71 78 9 15 66 68 21 34 82 35 61 47 53 10 74 97 87 51 95 83 56 18 27 43 48 3 42
58 69 85 33 63 52 74 36 62 11 24 71 59 77 96 39 87 64 40 81 57 43 97 25 54 16 94 79 23 75 70 65 29 5 49 6 91 19 14 100 32 21 53 72 22 93 13 73 30 27 60 98 18 61 38 37 80 51 92
12 91 57 48 11 65 62 84 27 10 35 18 85
89 27 79 91 68 38 70 37 26 12 23 45 10 24 25 29 81 56 69 51 40 52 82 18 92 8 89 19 59 57 62 9 6 47 76 34 2 94 32 93 5 43 13 28 1 33 83 67 66 86 97 44 48 58 73 85 71 20 65 39 72 4 21 41 36 77 46 30 96 53 14 55 35 78 15 54 11 63 90 31 99 80 75 17 95 49 22 60 64 87
18 80 3 64 23 93 61 69 95 14 83 4 10 74 18 66 65 30 98
47 5 98 100 94 67 40 20 18 70 91 49 68 12 28 93 90 99 2 9 26 83 97 39 56 4 34 19 71 77 23 41 43 72 57 16 63 3 14 53 84 7 59 62 74 33 15 65
71 16 32 53 4 77 28 65 95 78 9 91 97 15 61 70 30 3 66 29 86 100 51 94 24 46 71 6 76 8 47 7 85 90 82 19 20 26 25 37 84 14 67 17 22 42 52 69 72 21 55 75 60 64 89 48 23 34 27 12 39 62 31 45 80 73 59 92 98 56 41 49
74 68 35 63 82 60 46 13 5 30 44 93 67 83 70 16 96 88 77 89 57 56 41 78 34 100 37 40 74 65 66 3 99 61 53 81 49 1 12 51 22 73 95 4 18 97 43 7 50 58 76 25 91 90 39 33 47 84 75 86 9 36 55 21 64 54 38 27 28 20 52 87 2 72 14
34 62 84 57 23 24 79 69 28 70 48 38 61 40 49 32 60 42 54 53 2 88 71 87 47 76 25 39 46 100 7 92 97 13 41
55 84 91 52 9 12 49 41 4 7 81 1 56 48 96 67 83 30 18 76 50 80 61 47 100 70 23 22 72 88 31 53 20 74 92 10 25 24 2 63 37 51 60 39 86 19 94 97 3 38 17 14 16 42 89 58
85 92 14 20 81 43 49 45 99 41 74 16 22 83 9 85 28 77 17 19 62 34 13 54 15 55 97 47 48 70 63 37 46 72 10 58 42 32 79 31 96 38 73 40 84 56 65 52 6 82 91 86 25 18 80 69 93 24 12 21 23 26 4 11 53 75 88 90 35 100 50 30 78 27 1 29 5 3 66 61 64 89 67 71 76 60
22 95 97 78 18 99 5 14 49 41 72 57 48 80 65 35 28 40 55 39 90 2 76
36 13 10 56 92 63 21 95 45 11 57 98 41 68 55 50 58 54 47 16 3 24 49 43 89 34 42 4 48 39 28 80 62 44 94 86 22
29 95 10 16 4 42 34 14 24 13 35 60 3 7 41 8 96 9 15 89 81 30 71 62 47 65 54 49 82 59
74 39 51 88 35 7 28 94 3 40 82 61 11 25 19 91 96 18 58 78 84 56 20 12 69 38 92 90 23 41 95 67 75 42 52 76 54 59 73 86 55 48 44 53 66 57 100 60 27 14 17 47 50 34 98 81 33 32 36 30 65 70 85 37 2 77 93 5 10 43 99 1 9 13 4
39 23 53 49 81 59 31 60 9 48 16 7 13 2 15 26 88 43 12 98 83 38 67 99 57 47 8 97 96 14 68 20 73 66 21 80 45 91 24 55
70 33 89 34 12 58 52 30 82 76 56 36 92 41 40 55 29 79 16 81 95 42 23 38 94 2 46 21 60 5 18 87 14 100 69 97 68 98 80 1 66 50 6 37 74 91 20 54 64 28 72 67 59 51 61 35 31 49 84 45 83 39 15 48 73 4 71 13 65 17 26
85 21 19 81 59 41 67 92 16 32 57 33 12 5 71 38 8 91 14 37 76 18 29 74 84 56 63 77 69 24 94 36 51 22 61 62 73 66 68 42 50 60 100 47 64 65 3 53 55 25 43 70 75 89 26 95 97 30 45 82 40 80 85 49 48 9 27 98 2 11 78 58 10 34 31 23 93 46 79 44 87 35 99 39 20 13
40 25 69 58 86 27 70 97 61 84 63 59 75 64 85 93 7 31 50 73 10 13 40 23 42 72 16 89 100 92 87 15 81 74 17 53 6 22 56 57 80
25 15 75 11 9 77 33 66 31 50 20 74 12 37 80 36 61 32 99 87 84 6 27 72 25 5
14 37 82 14 31 43 79 5 3 56 67 65 64 45 90
33 13 91 24 14 18 79 30 57 2 96 70 48 76 94 92 43 65 12 69 41 89 40 98 32 20 68 61 54 7 9 66 49 45
56 3 41 16 35 43 6 53 40 86 92 68 88 13 17 97 30 9 19 70 80 42 32 75 1 61 56 94 59 11 10 47 76 4 54 83 48 96 81 87 67 73 90 71 29 33 79 60 62 58 12 66 95 100 52 82 98
7 27 18 97 41 43 7 46
