50 100
53455514 5 1745 926 403 294 993 181 39303 970830481 5 779602 5628135 6139450 88 8534001 41 740 784767002 897 10 428 37998337 3490 550489 249149572 742550566 3 9 6319 953414541 9895 921394818 44 10 12 8773419 32 65 159989089 45820602 7853 75394 630365449 8762946 36445433 3446 2 843838857 558
13 22
40 6
7 40
18 17
45 32
13 38
33 12
10 36
10 36
22 39
31 47
6 34
11 43
5 29
23 4
2 39
25 27
16 47
46 8
20 6
6 41
27 16
8 1
23 44
8 31
8 40
45 17
3 33
46 33
28 9
20 10
9 48
29 39
13 29
42 50
6 26
4 27
48 29
10 39
46 33
45 33
28 29
21 45
15 50
43 6
26 38
31 8
9 48
9 2
22 9
13 9
48 29
17 40
48 38
25 50
10 25
10 18
36 43
21 13
17 4
7 37
48 28
42 10
25 6
9 4
27 29
35 40
32 14
38 33
9 15
36 43
19 41
27 5
27 50
5 39
3 38
14 7
35 24
17 9
3 24
38 46
10 41
43 19
1 13
48 27
22 43
50 22
9 27
38 11
11 20
32 39
29 44
3 43
44 14
10 19
2 9
44 30
32 44
34 30
11 12
100
41 73 94 38 2 76 24 5 35 49 92 95 26 89 39 25 55 80 47 4 63 86 44 18 6 45 29 72 53 30 40 87 96 9 7 22 10 8 61 32 36 54
14 91 100 67 24 96 51 80 22 29 43 93 3 34 79
46 45 8 69 44 11 64 19 21 57 67 78 96 42 70 91 71 10 82 13 92 74 66 83 85 24 61 49 50 39 100 32 47 60 93 41 20 28 29 22 58 16 40 72 76 36 65
15 66 85 18 5 44 51 15 29 72 82 63 8 32 50 16
7 17 93 28 4 19 60 57
30 19 14 82 85 60 55 70 91 4 95 38 47 83 39 41 88 72 66 65 90 57 98 93 62 100 21 69 79 24 5
85 96 50 72 13 68 9 27 100 34 12 53 97 36 3 46 79 45 24 8 1 41 5 48 54 95 92 93 31 42 58 23 39 88 18 35 17 29 52 44 38 84 16 20 40 47 26 80 87 70 22 62 21 71 11 59 2 67 33 10 69 89 4 91 90 55 60 43 66 15 28 32 85 37 25 76 14 64 83 78 7 74 77 65 75 81
71 60 11 21 66 67 86 7 8 4 73 33 98 85 81 54 12 44 95 94 50 27 75 41 48 96 56 61 45 65 20 100 99 25 83 24 57 2 34 31 6 51 72 9 58 29 79 10 91 55 76 68 32 43 46 38 59 69 63 47 52 78 84 23 14 17 70 77 5 74 87 80
17 61 3 73 92 37 64 46 76 1 69 87 5 75 34 83 51 7
2 51 52
42 83 75 49 97 1 51 34 66 10 13 90 41 29 91 39 47 55 73 3 37 6 12 20 14 23 62 99 4 86 56 67 31 87 27 88 76 89 38 52 84 26 65
86 44 18 11 86 27 61 48 37 88 97 89 39 49 17 78 52 33 16 70 15 81 56 55 74 76 36 79 30 42 13 3 83 47 5 92 75 24 69 94 65 54 10 98 71 85 12 46 63 62 9 6 64 8 72 60 4 67 93 40 59 80 29 43 41 14 50 87 100 96 82 19 66 95 34 21 91 73 53 1 35 84 7 68 58 90 26
71 56 33 79 65 21 35 7 84 55 45 42 63 37 72 53 50 20 5 46 15 89 12 76 3 90 36 81 41 9 98 75 70 82 38 26 2 27 94 24 32 83 44 80 74 30 49 73 39 1 86 11 47 69 68 34 61 91 43 22 88 52 66 87 93 95 96 85 28 13 18 57
3 52 16 66
49 50 49 53 62 61 88 47 82 45 87 85 99 15 75 14 41 98 84 58 78 54 7 56 52 36 9 3 71 16 73 48 79 96 37 30 55 91 24 5 27 23 67 28 12 33 68 83 97 18
91 26 46 69 29 98 7 78 88 59 30 84 53 96 13 90 60 99 17 89 55 9 58 39 22 36 62 91 71 45 41 57 74 73 52 5 19 63 68 81 24 38 76 64 20 77 15 47 72 92 54 85 65 10 25 75 82 79 21 56 34 97 93 11 8 43 70 66 42 28 51 86 35 95 12 80 23 48 3 100 6 87 32 44 16 49 4 1 33 50 18 67
80 24 95 49 17 52 42 4 86 11 65 19 20 31 74 92 51 66 32 93 26 96 9 61 25 100 76 39 15 13 3 55 89 18 75 29 63 2 80 6 56 59 5 88 73 22 62 14 7 41 23 81 85 34 50 82 8 78 72 1 67 60 30 48 47 84 97 94 45 37 70 79 91 77 68 40 83 36 46 53 90
52 14 77 75 57 59 82 32 96 43 5 33 18 84 26 4 61 90 36 99 52 6 56 91 38 93 54 63 45 76 7 11 78 22 89 88 95 70 87 83 85 2 44 39 53 13 98 94 8 69 35 46 24
40 47 98 23 96 60 63 29 40 56 10 88 82 61 33 94 16 85 59 99 92 13 43 42 83 68 65 38 90 69 55 100 80 41 73 95 52 18 51 30 25
35 9 81 29 68 57 73 99 14 4 92 66 95 18 54 16 85 74 82 72 49 56 6 79 97 42 62 17 44 46 78 30 61 48 93 22
54 53 52 65 38 70 80 68 21 23 46 62 63 30 69 77 75 22 41 48 49 19 14 67 18 85 59 45 92 2 99 31 76 95 24 83 32 56 17 84 72 71 10 39 6 88 5 78 27 73 47 26 34 87 100
85 10 52 93 73 14 68 51 66 38 83 53 21 97 34 44 89 65 46 17 47 13 41 60 48 20 72 77 39 55 35 31 59 54 9 36 26 16 50 7 88 85 5 96 18 27 4 90 79 19 12 29 22 64 49 8 100 61 2 63 37 84 32 11 94 62 91 43 3 56 24 87 95 58 76 99 80 74 1 92 82 6 69 71 81 28
98 51 40 60 35 72 7 78 59 13 86 82 100 71 70 45 74 20 83 42 9 16 91 99 61 98 17 68 63 48 22 28 39 10 14 54 52 34 95 44 56 6 62 57 85 8 38 23 47 81 32 11 49 46 75 50 67 89 19 64 18 97 96 90 77 53 92 29 76 31 25 69 3 43 88 5 37 93 12 1 15 30 33 36 24 80 58 26 65 27 79 41 66 2 94 4 55 21 87
74 4 74 35 80 59 58 14 57 70 31 9 7 95 51 41 20 54 72 45 62 65 78 16 53 88 33 71 66 8 10 89 5 96 37 60 87 64 22 44 15 29 38 32 83 34 23 61 48 73 12 69 93 99 91 25 13 68 67 100 56 76 27 49 11 55 98 28 6 1 30 24 81 36 3
38 62 4 83 32 49 39 58 22 97 43 57 60 45 12 2 53 37 46 87 76 86 92 16 15 55 90 52 63 67 65 54 10 17 85 75 66 50 98
26 98 40 11 60 18 99 7 66 20 90 47 17 42 80 26 38 10 2 67 94 22 44 73 45 48 41
84 83 80 84 86 77 68 95 56 71 26 60 15 7 42 5 66 74 73 16 82 88 43 63 55 32 44 1 14 46 91 67 49 22 92 2 18 81 79 33 45 100 30 99 65 38 87 70 17 35 52 36 57 41 27 72 34 96 53 98 21 39 58 28 47 78 75 19 13 69 25 3 23 8 93 37 29 48 24 11 20 50 76 61 54
90 31 75 91 81 27 67 47 70 100 21 90 95 34 93 62 1 4 32 68 9 20 80 59 57 43 26 25 33 82 3 11 35 44 24 78 18 76 29 79 83 72 12 48 84 51 38 40 94 19 69 61 45 7 22 14 89 49 85 8 5 42 92 17 54 28 86 36 64 41 30 56 65 77 13 71 50 2 37 52 74 97 53 88 55 15 39 23 60 73 16
12 8 54 33 83 12 27 58 67 15 28 59 71
6 20 54 19 40 57 84
95 48 62 55 8 63 51 13 64 56 18 19 99 76 29 28 92 38 65 17 20 94 70 52 40 25 59 21 66 83 89 86 26 36 61 87 100 33 71 37 27 5 42 93 34 78 97 67 73 2 96 58 60 82 9 91 81 95 54 11 39 88 31 35 22 41 75 57 23 47 50 77 69 98 84 16 4 90 80 53 72 3 6 15 45 79 68 32 14 24 85 7 12 1 44 46
99 41 37 69 91 40 49 55 76 86 39 48 25 56 88 47 96 29 71 62 18 43 50 93 89 21 75 54 23 51 10 98 5 90 78 65 17 72 57 52 61 100 9 13 33 46 7 2 24 59 14 27 85 22 67 6 84 30 92 70 73 99 38 44 42 45 15 83 79 12 87 82 74 66 63 32 26 80 64 95 53 20 31 3 81 11 77 1 28 8 94 60 34 35 68 19 4 16 36 97
66 29 31 91 8 41 47 72 48 53 10 4 61 67 1 60 95 98 37 15 44 87 66 70 64 12 24 57 33 82 19 80 90 58 83 86 88 32 39 30 21 45 92 55 38 75 34 50 79 43 26 89 74 49 36 51 14 40 16 68 7 85 93 17 69 54 42
29 1 63 78 52 10 71 44 3 23 64 87 61 51 24 13 67 91 54 30 85 73 11 9 79 69 49 42 14 31
80 95 5 12 32 10 44 7 92 13 61 27 46 15 90 57 83 43 97 20 6 88 58 35 65 16 85 52 42 62 94 71 41 70 30 68 79 45 72 14 19 50 23 100 63 51 59 37 39 84 91 24 3 77 81 8 11 76 80 21 64 86 48 74 78 98 34 87 69 93 9 40 22 38 4 54 25 96 31 47 26
17 33 17 99 54 56 46 36 79 92 74 91 89 24 2 88 15 73
91 91 62 82 100 50 58 25 90 34 56 68 41 42 63 16 15 59 31 37 66 18 72 45 32 46 21 86 54 29 49 74 69 92 87 44 84 27 78 85 26 23 75 89 38 70 8 12 51 35 53 57 99 47 79 24 96 55 93 81 76 28 17 77 2 6 48 3 88 73 71 97 65 60 36 83 98 4 61 52 40 80 13 1 22 39 5 11 33 67 7 64
2 13 6
75 73 67 92 5 17 16 62 84 1 29 50 90 14 7 28 74 41 91 75 55 78 57 37 25 56 82 24 93 95 6 98 4 26 71 27 42 3 33 87 36 59 40 52 13 61 85 89 77 96 100 70 15 12 80 19 69 51 49 79 64 38 81 31 66 53 44 54 63 39 68 18 34 60 83 86
17 43 85 44 71 63 37 88 98 66 53 81 56 51 65 100 36 72
1 87
99 77 57 96 51 19 21 36 66 83 28 85 69 52 27 37 30 10 3 11 97 44 62 55 87 73 75 92 72 2 71 7 38 29 35 82 9 5 26 40 81 89 63 12 100 95 74 32 8 18 78 33 16 24 13 53 99 88 45 93 61 22 47 31 90 4 6 76 42 59 17 67 41 94 48 39 23 49 54 79 98 46 64 15 80 50 56 68 43 34 14 20 70 91 1 60 86 84 65 25
78 18 26 99 15 41 58 16 48 95 2 49 89 1 3 78 75 92 40 8 14 13 33 98 96 38 4 76 25 44 50 100 10 83 74 60 90 36 68 87 55 53 93 67 82 20 9 63 22 28 56 91 94 79 7 57 69 54 81 47 6 84 5 24 64 62 52 23 61 32 77 51 11 85 21 43 70 46 17
45 81 27 89 65 32 73 52 84 48 34 33 55 30 86 18 59 67 41 44 4 1 83 79 82 19 88 47 35 10 11 71 77 5 6 93 68 20 28 14 54 78 94 61 76 64
50 26 2 5 84 27 6 3 79 65 71 89 55 52 48 25 86 16 59 20 62 40 70 51 64 32 98 99 74 35 38 63 23 30 100 76 1 45 18 24 13 42 87 66 82 93 91 33 47 46 73
83 10 32 18 28 47 74 55 24 81 34 94 29 63 45 42 76 37 80 52 13 19 11 4 100 22 54 59 39 88 67 48 66 70 79 41 89 75 23 92 5 98 35 93 78 12 20 51 60 65 30 73 36 38 17 95 49 58 44 62 7 82 46 6 26 9 3 69 97 8 77 91 86 33 27 57 40 14 61 83 85 1 87 31
84 60 39 17 46 33 30 63 79 20 71 52 5 89 91 48 65 22 41 27 25 13 100 98 70 36 31 58 94 43 88 16 84 67 62 74 99 1 47 40 21 24 61 85 29 95 28 68 75 44 7 86 32 26 81 49 3 80 55 66 18 9 54 35 45 77 2 4 59 37 19 56 10 82 15 14 83 23 11 64 87 34 92 57 6
90 13 67 25 27 29 79 39 73 95 65 4 99 78 2 26 11 71 90 42 88 87 56 51 36 9 45 60 33 54 50 22 44 1 46 97 52 38 74 23 76 55 91 58 30 59 77 66 3 21 7 100 48 28 96 92 75 20 32 61 6 69 98 85 64 53 17 82 15 19 84 16 5 86 81 89 83 35 31 68 18 94 80 72 57 40 12 24 10 47 93
83 9 84 25 36 60 89 6 68 7 5 28 31 11 34 99 54 69 67 15 48 80 97 10 79 38 40 27 72 3 76 74 77 4 78 8 91 52 26 19 22 86 29 82 18 98 20 70 81 44 75 71 41 90 59 50 57 83 51 95 24 92 13 66 85 16 2 21 64 62 12 33 32 100 17 93 14 63 53 88 23 45 56 61
9 50 100 8 41 29 39 30 15 73
96 26 12 72 73 17 1 7 66 52 55 16 81 79 44 85 84 27 99 87 93 65 64 69 2 33 45 86 8 34 61 38 35 31 6 100 32 22 5 19 98 23 14 63 92 4 58 74 77 9 75 53 42 50 51 95 20 89 60 68 94 67 37 54 96 70 48 71 3 43 10 88 11 24 80 76 49 29 78 13 46 28 97 56 59 91 30 41 18 39 36 82 21 40 83 62 90
82 64 72 79 61 47 43 34 17 67 51 38 73 93 15 14 75 50 86 32 5 77 27 40 18 48 10 85 98 66 87 55 94 83 37 54 65 59 31 71 16 49 78 29 12 35 25 3 97 95 13 11 63 99 76 26 70 45 6 81 53 60 1 91 4 7 2 56 80 24 62 96 84 69 44 28 68 89 42 19 21 23 8
72 88 66 76 46 96 67 60 8 64 90 86 82 48 27 25 58 97 59 89 78 37 13 47 94 7 12 6 33 28 63 73 34 74 72 11 99 40 65 4 98 77 51 83 15 57 75 49 85 61 20 44 79 29 80 10 19 42 70 36 32 35 56 93 69 68 100 45 92 84 39 22 21
31 63 16 37 49 45 10 12 72 85 76 20 98 43 65 62 96 59 35 30 50 64 89 86 88 94 83 42 95 33 74 14
48 40 56 8 68 75 63 64 7 11 43 14 65 82 19 13 79 27 12 78 89 81 20 91 84 74 54 18 15 10 97 99 9 3 69 87 6 58 35 85 86 55 5 44 26 50 80 95 47
45 46 28 85 84 4 15 60 61 31 26 2 53 98 12 42 33 52 24 99 11 76 1 89 81 78 97 95 62 67 6 86 50 80 16 8 32 83 17 71 51 92 96 44 63 93
36 10 39 27 31 66 25 94 59 64 86 57 70 78 41 79 48 32 33 52 19 84 75 36 93 68 55 20 76 8 12 16 28 35 5 62 23
60 70 51 86 35 53 83 24 38 92 68 73 25 75 65 28 93 19 49 37 56 69 99 13 80 32 18 62 76 100 16 46 88 17 12 9 81 8 47 96 3 64 45 2 26 6 11 42 10 77 74 98 78 15 52 7 84 58 89 90 66
87 75 71 19 86 100 43 97 65 3 50 95 98 45 57 15 51 27 34 30 55 11 13 37 69 31 59 56 5 18 94 38 14 32 47 20 2 58 76 89 68 91 24 96 16 72 48 39 78 93 90 85 4 41 49 62 10 44 36 28 8 53 61 26 87 33 25 17 84 12 46 99 52 83 70 1 29 7 40 92 67 9 66 21 54 80 82 42
97 11 91 58 87 21 9 38 52 61 72 44 56 31 17 13 84 98 88 62 77 79 65 18 24 86 96 78 45 60 28 97 25 54 15 57 39 2 1 50 100 14 69 41 19 32 89 26 63 27 80 82 59 8 30 53 36 75 29 76 33 93 83 95 81 12 3 90 99 23 71 64 42 34 68 40 92 70 37 4 46 43 85 49 67 94 7 5 47 6 22 10 74 55 20 48 66 73
28 42 45 19 12 47 69 99 46 54 73 51 41 15 97 86 95 94 44 98 23 64 53 37 67 55 90 28 82
82 15 30 52 56 100 19 6 35 78 12 38 86 63 70 26 71 31 84 94 55 67 7 79 17 90 87 2 18 16 36 34 22 33 69 45 25 91 66 46 68 58 11 32 88 64 65 85 73 51 72 40 49 92 83 1 62 96 24 59 20 13 77 4 61 82 60 41 27 80 97 99 42 29 9 23 47 37 50 39 5 98 74
39 79 51 71 78 14 84 8 73 68 20 57 69 45 96 89 91 50 59 31 65 55 13 39 53 66 19 1 24 67 83 48 63 17 54 70 56 43 62 61
97 92 82 4 22 39 88 78 83 29 7 72 94 53 11 35 9 89 56 40 96 68 64 42 69 99 10 50 95 75 21 90 93 62 52 24 85 45 66 37 13 91 86 87 2 100 27 46 47 30 14 70 65 33 43 59 73 18 51 32 3 12 20 38 60 76 44 55 67 79 1 41 58 23 31 71 6 8 81 61 48 34 63 19 84 80 26 15 36 74 97 25 17 49 98 54 57 16
17 12 13 65 1 30 100 98 37 27 62 42 79 77 16 15 9 60
95 6 46 43 86 10 96 87 30 76 57 60 35 4 2 17 99 98 91 55 21 45 74 67 7 95 58 50 28 62 9 25 34 94 81 83 63 80 92 39 54 82 93 40 11 38 15 56 65 1 18 85 49 5 3 66 72 84 32 20 77 24 59 89 14 51 90 88 37 53 44 8 31 26 68 16 97 29 69 47 73 61 22 36 12 13 52 33 71 75 79 64 27 70 41 23
72 15 96 9 34 71 84 31 99 65 46 6 60 16 78 12 17 37 80 25 88 55 52 28 14 49 33 26 94 24 48 21 75 38 54 18 36 20 97 27 70 68 1 76 64 81 82 53 83 3 77 5 57 30 29 87 61 13 69 58 67 2 42 59 45 89 62 35 11 90 19 98 86
31 39 49 29 12 2 82 51 25 63 44 42 15 87 21 100 56 34 74 79 95 41 98 58 76 30 47 61 10 66 11 50
93 84 24 37 15 65 31 91 21 61 39 93 77 48 16 62 18 14 20 43 12 80 57 28 40 5 30 95 36 47 11 23 100 72 87 13 9 8 4 51 34 27 45 59 79 98 60 50 89 71 68 96 1 97 73 70 88 78 74 81 41 63 49 29 67 42 58 75 82 19 83 25 69 55 54 86 38 22 94 52 92 35 64 3 56 10 32 85 44 26 66 46 90 2
96 31 8 67 9 42 25 2 68 88 69 91 18 56 27 11 63 92 54 97 49 80 93 60 15 75 37 98 55 38 95 23 24 81 10 82 20 47 41 71 72 77 4 43 64 6 53 32 74 46 19 99 58 33 100 17 12 7 5 36 79 94 26 16 76 62 85 13 89 61 29 21 48 44 65 3 30 83 39 50 84 22 90 96 34 45 35 40 59 66 14 73 1 87 86 70 78
23 30 53 82 60 51 59 47 16 6 3 76 66 100 98 70 17 50 15 18 85 84 52 35
73 84 42 68 96 20 28 24 15 22 88 45 51 90 59 76 14 32 9 25 100 79 65 57 62 33 6 73 3 58 26 89 29 41 8 61 43 64 94 38 60 55 80 5 75 12 98 2 87 49 21 34 78 16 63 67 72 56 74 13 81 31 39 52 70 99 77 18 69 97 54 44 7 30
96 11 79 29 52 92 22 37 36 61 71 99 57 12 75 96 7 39 100 18 93 91 21 8 55 6 90 72 27 82 60 74 73 38 49 26 28 59 56 62 24 89 50 34 33 48 81 85 15 54 43 4 58 45 1 2 94 44 68 66 40 20 84 51 69 47 76 41 63 30 98 53 31 77 9 14 97 88 23 42 19 46 10 5 95 78 86 35 13 70 3 25 80 64 32 16 83
10 63 25 56 10 23 44 6 51 4 61
78 36 20 17 15 87 83 44 1 95 62 72 2 3 97 41 90 13 69 60 50 24 88 8 31 86 27 91 71 48 38 76 58 10 92 66 14 82 85 43 54 70 63 35 11 28 5 77 75 18 68 34 29 52 9 93 81 51 65 23 32 98 46 79 67 33 40 49 73 56 39 16 96 89 78 12 53 100 61
26 10 46 86 78 74 87 48 60 55 20 1 24 80 84 99 81 66 38 58 23 93 52 59 98 90 27
4 63 22 42 83
55 54 100 34 23 5 43 64 35 52 33 40 95 89 41 57 91 19 26 76 58 73 97 72 9 78 90 93 98 70 18 80 12 38 84 61 77 29 2 1 86 7 85 10 39 46 75 69 47 22 71 21 82 31 13 81
77 71 63 13 94 86 60 77 39 83 57 75 22 32 30 68 6 23 5 26 38 54 48 81 45 19 72 28 92 21 80 87 64 2 27 42 65 93 17 74 31 84 82 100 78 7 56 58 52 91 11 24 20 25 53 76 59 61 18 9 3 46 1 29 69 12 70 40 85 62 47 79 50 49 99 36 41 14
18 82 94 6 48 85 9 44 77 5 8 21 81 92 67 62 83 20 3
80 24 67 58 60 20 3 90 86 68 31 71 37 43 53 91 40 98 27 45 12 52 49 19 17 18 97 42 87 61 95 96 21 15 41 88 75 69 2 25 51 79 82 74 83 30 80 70 6 64 38 47 33 23 55 56 14 5 9 66 29 76 59 35 13 54 77 46 99 7 48 94 16 57 22 4 78 63 26 100 65
5 44 78 12 61 29
6 35 59 62 7 26 49
42 70 50 72 6 93 99 60 36 47 8 19 94 32 40 25 69 61 45 80 33 23 14 22 82 24 46 39 59 53 92 34 95 26 41 66 10 42 31 4 98 30 87
100 72 17 48 95 6 5 19 83 96 56 26 64 91 22 55 75 46 92 81 87 66 68 39 71 45 34 100 9 98 69 40 93 53 79 44 58 61 42 16 25 86 12 7 49 33 63 62 59 90 3 38 30 97 77 8 94 11 43 18 4 41 35 37 32 85 13 20 28 21 15 84 99 1 36 24 60 80 74 14 10 70 51 78 65 27 89 57 54 29 73 50 76 82 52 23 67 2 88 31 47
26 39 86 70 93 23 94 91 28 75 71 96 63 60 74 90 79 1 2 4 97 99 65 3 15 58 16
35 79 24 82 68 67 63 7 91 54 9 55 8 49 100 52 16 43 13 83 51 50 4 60 17 74 45 12 48 27 32 88 3 34 39 28
8 28 70 18 47 14 45 63 60
15 83 33 85 9 93 63 94 89 34 30 64 81 68 54 39
89 55 25 6 86 81 50 15 83 74 53 56 61 82 26 76 11 65 35 16 49 69 30 85 75 9 48 96 80 95 1 28 64 72 42 70 92 17 67 79 89 19 7 93 34 21 18 78 8 51 59 10 23 63 54 33 94 58 87 29 12 38 71 39 100 62 91 45 52 24 4 27 40 43 73 31 57 68 88 77 90 46 47 97 22 32 2 3 13 41
29 15 59 95 52 47 83 3 64 58 55 42 16 33 97 75 34 38 7 74 20 45 66 2 98 43 96 32 69 77
60 86 84 12 39 98 15 45 9 78 1 54 2 77 95 53 14 7 67 76 82 61 29 37 52 40 50 85 56 68 90 73 41 30 36 58 38 91 51 62 55 42 21 24 10 22 34 60 17 71 27 81 13 83 99 79 48 57 23 87 32
81 97 81 36 67 88 54 98 22 74 46 26 61 39 35 28 86 1 49 94 32 80 16 19 4 17 82 73 76 10 29 47 48 56 9 55 24 91 63 40 60 42 95 38 51 25 8 52 90 34 45 72 87 6 12 75 5 11 58 71 18 70 99 33 23 68 57 3 41 27 21 79 93 50 100 78 66 15 7 62 44 59
56 74 48 38 10 32 64 4 89 20 26 80 50 52 21 79 76 66 16 6 40 58 3 56 62 70 44 97 11 25 61 2 12 96 22 59 49 73 37 69 53 94 47 85 57 42 51 100 91 68 18 13 7 39 81 77 98
19 4 20 89 65 68 54 90 26 76 67 49 55 12 70 92 57 15 63 22
58 75 36 33 38 57 49 97 55 70 20 99 96 7 17 88 39 47 71 91 85 4 67 64 73 11 74 34 54 51 62 5 79 12 44 35 100 14 6 65 98 93 13 25 50 90 87 60 82 80 68 42 53 59 16 69 76 26 9
42 21 82 55 3 59 62 2 83 61 45 93 74 17 63 57 95 88 43 23 8 28 91 42 50 70 99 79 30 86 66 46 39 31 32 20 25 34 14 69 18 9 26
34 27 85 18 42 20 47 8 66 23 100 76 63 98 19 38 32 45 72 22 40 37 36 11 31 26 82 95 60 90 39 1 35 43 94
65 57 30 49 32 28 18 86 63 89 2 41 4 52 56 93 68 22 20 24 80 64 46 37 25 21 38 61 40 81 19 96 39 70 55 15 16 65 36 85 6 48 31 67 42 29 77 9 95 43 99 73 26 58 59 69 5 92 74 54 71 23 33 87 35 11
2 91 19
