80 100
43382 43 38733339 989655357 191 8467600 70735 28 501961 29 10985 5 7 10 29 3494069 42 9 29 6 45 168045 6642965 614 80 15 10 2679863 81185 613843 747 756671 8 378772958 82605 668 49502 4810 10 829892937 578635 3198716 92168627 185 207430 8792 2993 68 6169086 199591319 27371 89324 6392 316494 635514 197587 743 27830 305289 69 880469162 1 666312 45990035 70854716 888 9 705 9657 74 429399764 35043 62625 55014401 83951204 635 67434 1020672 2272374 60335
63 15
45 29
75 29
43 55
35 63
5 35
52 56
34 44
27 22
9 17
7 35
56 31
53 78
24 47
59 21
50 28
33 25
47 5
13 56
13 14
21 14
31 53
78 41
55 78
60 77
74 13
80 45
20 34
1 19
29 23
26 34
14 13
74 23
65 8
71 78
59 6
43 59
36 49
41 5
72 6
79 67
53 36
7 18
49 42
55 14
1 44
41 25
66 37
31 1
20 15
8 65
40 7
24 33
40 6
71 26
48 45
27 44
65 42
70 58
38 19
71 4
33 74
42 7
77 33
6 80
63 9
52 71
34 35
68 46
34 13
18 27
50 7
59 14
49 79
15 32
25 40
41 65
45 53
54 23
55 79
14 47
10 73
5 33
41 38
19 22
72 32
49 6
79 64
54 45
34 55
30 24
33 7
28 13
77 13
50 66
74 60
47 55
31 30
78 9
78 6
100
3 98 53 4
6 97 52 28 25 23 84
10 38 82 90 16 91 41 56 97 84 7
7 7 22 41 31 46 66 6
9 62 70 15 19 37 54 68 48 26
8 80 62 54 2 18 38 37 57
3 65 40 96
9 48 85 7 28 2 97 10 93 20
7 43 100 25 57 82 2 62
3 99 62 40
9 77 37 9 11 25 60 66 53 92
1 52
5 87 73 90 75 12
5 27 75 66 64 34
9 48 36 38 81 15 31 20 8 79
9 48 84 95 54 59 66 21 6 60
6 100 95 23 66 63 97
9 43 13 55 6 83 86 19 92 81
9 24 46 37 73 53 74 4 92 6
5 65 81 23 43 39
4 90 58 23 91
5 34 19 90 9 100
3 85 21 7
4 50 23 3 4
9 62 35 33 74 69 43 72 75 55
3 15 2 26
3 18 75 78
7 78 32 34 2 22 81 68
3 52 67 75
3 98 88 78
1 37
3 89 82 56
6 44 11 98 21 91 42
7 37 4 70 82 90 22 36
6 59 58 71 79 36 46
5 82 64 24 8 72
5 45 26 75 73 14
6 40 64 80 10 7 60
5 88 100 16 56 76
5 53 54 65 72 39
9 28 14 64 9 74 43 2 39 83
3 77 24 12
2 33 5
4 53 78 70 23
7 95 54 80 66 46 7 88
1 49
8 54 38 89 61 79 98 36 37
1 67
1 77
4 1 86 17 63
1 7
3 20 7 63
7 19 65 33 34 73 16 93
2 90 95
2 99 23
9 95 19 46 83 30 99 85 15 67
5 53 43 24 59 94
9 84 41 86 42 90 33 7 26 69
1 57
10 70 63 85 8 44 99 65 51 35 97
7 69 95 76 60 13 81 88
2 66 2
8 29 94 95 1 87 6 78 23
9 16 4 85 76 18 70 17 37 84
8 99 27 72 71 35 36 51 96
9 48 21 39 91 38 20 83 57 77
7 14 34 98 29 1 65 74
2 70 12
10 26 93 71 4 30 3 18 66 60 45
6 100 12 62 80 98 68
5 59 53 37 71 35
10 79 48 47 64 66 55 37 99 96 57
8 10 7 56 4 53 5 93 39
2 56 32
9 84 61 6 69 79 1 63 12 48
6 10 93 4 14 74 77
9 100 34 47 4 76 96 57 45 5
1 53
9 37 61 79 93 4 13 32 62 59
8 42 17 59 29 64 27 1 5
1 72
2 4 65
8 51 8 87 95 50 3 34 47
7 54 29 5 76 41 16 33
5 85 63 74 54 28
6 19 4 83 94 9 41
4 60 33 32 91
10 33 14 17 62 5 19 18 25 84 11
1 52
5 57 99 74 78 40
3 61 55 21
9 6 39 92 52 62 77 95 9 82
5 23 17 81 100 60
3 73 31 23
8 22 66 37 77 83 15 51 89
5 88 80 67 30 66
8 99 11 94 35 63 3 48 90
6 63 99 66 33 57 7
10 35 74 23 71 63 51 69 96 36 11
8 85 41 19 50 56 21 38 9
