80 100
408909 6708622 3583 92 2903748 249055383 595187 70419 61844 552396033 9235 4065014 402440481 937 299799122 325351937 58 497 112928 1034 702095 1960 9965810 552376 7934 981004 927 72051827 622332 5889 747 933628919 744 3629294 144843 1 3 59626 55908717 426 790643635 8 327 22957 449480409 503828124 7 6 385 42538 528597 579 356250 1855 158080536 949 3299 875640 3197 73 839535916 708863 4758 5 665 347 11417675 3097 8141 97253009 15199700 516 9120 726167 51739 10970698 78100 32 560 303559528
51 18
15 45
33 52
35 47
18 40
26 63
56 12
21 34
75 17
42 14
36 43
27 53
31 42
54 64
77 50
75 43
48 51
52 59
56 17
37 77
25 16
62 45
3 74
26 49
20 59
56 62
79 34
63 52
65 24
37 31
31 77
68 32
36 6
80 57
2 37
14 58
37 6
46 14
10 52
30 11
80 11
72 34
29 11
25 42
79 18
45 58
36 76
51 16
65 67
31 73
7 9
51 39
18 38
33 21
10 15
66 47
23 24
27 50
19 36
31 46
60 24
63 18
5 8
62 11
1 55
72 14
51 61
18 23
1 11
42 55
35 24
19 39
5 11
55 38
42 56
66 11
41 78
18 41
79 37
51 34
42 19
77 40
74 48
62 6
24 39
15 19
26 32
60 18
6 17
80 18
4 64
42 34
40 36
27 79
74 32
65 64
10 64
10 25
34 26
19 24
100
5 64 24 90 12 22
9 67 65 74 21 75 72 31 56 68
4 11 73 26 2
9 17 35 58 11 41 25 5 94 32
9 66 97 26 49 19 65 86 45 24
9 63 4 45 69 26 100 53 22 60
9 95 31 59 92 55 25 11 82 30
4 54 74 11 85
2 63 11
5 58 29 71 81 16
4 18 73 57 26
5 39 77 82 88 16
10 10 12 84 83 9 27 85 40 37 19
6 71 48 76 13 39 62
1 34
7 22 23 86 37 46 45 93
4 69 90 50 11
1 88
2 48 26
8 51 33 6 26 66 82 41 16
2 28 58
4 67 6 47 25
8 90 99 82 87 26 35 43 52
3 79 49 67
3 10 70 21
3 91 45 32
5 8 5 56 37 53
2 79 20
8 65 2 61 13 90 51 52 15
9 16 25 90 42 59 75 12 82 14
5 40 28 4 18 54
2 36 23
6 15 79 50 54 23 45
2 58 87
1 91
6 27 22 98 56 49 50
6 18 60 65 55 64 33
6 49 54 94 98 95 99
9 80 57 87 74 53 96 48 99 82
5 53 32 16 2 47
5 87 29 52 95 71
9 35 37 53 64 87 86 67 17 83
5 50 75 42 82 5
4 18 23 32 53
9 87 11 39 27 86 83 7 18 36
3 22 18 53
8 67 100 35 44 4 19 27 52
6 1 7 96 36 32 11
3 59 2 61
7 46 50 24 9 87 17 5
7 27 61 20 26 77 94 55
1 93
8 68 6 43 94 2 66 60 82
2 33 78
5 72 54 98 64 36
8 58 99 16 79 30 10 66 38
9 65 53 8 40 44 52 33 88 6
5 39 76 45 2 19
6 56 33 71 91 86 79
3 27 80 78
1 51
10 18 42 77 49 62 8 66 10 12 65
5 85 55 98 94 20
8 31 32 62 50 43 5 46 38
4 10 15 63 29
1 16
8 72 64 65 48 41 88 46 8
3 61 82 59
3 68 21 26
10 2 5 67 21 83 59 72 89 40 58
10 41 30 10 72 40 86 67 20 98 24
5 47 1 70 21 84
4 10 75 38 97
7 67 37 5 26 62 74 7
7 23 4 47 49 18 26 88
8 51 25 76 24 26 72 70 100
9 30 46 31 55 71 61 87 21 70
3 5 39 15
4 90 87 40 64
10 70 56 64 23 63 15 17 57 45 77
4 64 100 72 53
4 48 9 13 78
9 72 82 59 15 45 96 25 94 22
8 40 30 34 50 49 12 52 94
9 99 55 26 64 46 98 18 20 80
2 24 1
1 97
3 65 57 26
4 5 51 57 50
7 31 6 15 90 19 38 87
9 80 20 99 17 48 47 21 56 28
2 80 22
7 7 91 93 87 55 32 36
1 17
7 98 53 60 84 69 15 44
10 32 56 100 19 45 27 20 38 10 55
6 71 67 25 73 100 10
3 82 75 23
2 11 93
9 47 1 92 69 85 52 54 48 21
