80 100
212546 3129324 2 9 972 88 4498 96 805 2339 71 715741535 9 3909765 34517 834858263 8716584 798698 476 7007 1946 10 302357030 8 997 12984 946307 915213276 7498 767 4641 941198 2 959685527 650321871 4762 383947167 1 6 9594481 981219 488688 538 1372402 658 77584 74698 562764853 10 32 82149217 38808552 153553 3 9684836 309 870518 2 24449 285 38926 3232922 9755 75779 2252 38068500 44 110792 4698339 93711902 613425693 14802068 10 237 28 59455 3 38809 4 454
20 63
20 23
53 61
74 36
35 37
10 6
27 48
6 56
2 78
70 65
76 9
25 19
53 32
73 30
10 73
55 23
20 59
37 34
2 72
42 73
29 80
4 52
72 51
2 28
28 30
28 23
51 69
24 4
74 5
6 71
32 34
68 11
42 52
32 36
64 16
20 15
22 55
61 39
19 28
62 71
20 38
76 19
68 56
50 80
21 20
62 25
44 33
2 58
18 25
18 3
4 71
80 37
13 7
63 73
70 27
35 7
50 18
14 65
19 60
6 13
72 13
63 33
62 58
40 5
35 13
79 30
10 70
75 23
56 42
14 49
7 29
7 40
44 53
23 72
54 60
22 13
52 56
24 67
40 6
72 44
57 21
25 67
31 78
47 44
45 69
50 4
26 29
68 75
70 11
4 57
74 12
1 47
42 61
12 2
75 62
39 37
66 62
32 56
55 38
41 34
100
8 50 63 67 57 53 44 58 68
4 85 62 73 22
5 55 88 2 77 100
8 11 33 17 6 21 23 9 71
1 38
6 44 46 98 9 26 18
4 51 10 4 61
4 41 67 100 90
8 9 36 31 25 47 30 6 73
5 85 40 8 39 18
4 29 92 16 78
5 31 74 4 15 81
5 37 33 45 87 93
7 82 4 90 83 19 14 18
9 91 40 18 98 23 15 94 57 77
3 37 49 96
1 72
7 52 63 18 30 2 10 87
3 38 50 65
5 32 52 75 15 51
9 29 19 38 66 54 80 76 96 47
7 9 28 41 58 29 90 70
4 54 42 16 43
7 32 24 95 52 1 94 53
1 17
4 53 39 97 17
5 24 58 16 59 1
7 71 17 62 69 2 7 4
7 71 55 51 68 92 63 48
3 58 98 24
10 98 100 84 74 43 56 61 37 59 16
9 40 66 21 61 25 23 54 74 9
1 72
5 96 64 92 2 89
3 82 71 62
10 76 71 22 52 40 31 75 99 70 15
1 100
3 36 25 46
4 31 24 14 26
9 46 26 13 68 25 21 66 35 77
3 64 27 13
1 21
2 85 54
10 24 92 61 95 78 6 99 10 54 81
3 52 89 29
1 66
4 23 79 63 53
9 97 5 2 67 43 26 82 20 79
6 24 88 83 52 100 73
6 26 1 11 34 57 74
2 23 79
3 50 92 43
4 9 56 15 14
8 44 40 27 30 90 61 64 100
3 42 88 91
8 15 47 10 71 77 25 3 36
6 93 37 49 32 10 1
10 62 9 26 22 60 88 44 32 24 76
2 25 29
2 45 85
9 5 3 46 20 21 78 90 50 81
2 38 29
5 69 71 97 6 45
2 50 48
4 50 48 11 10
5 85 71 27 52 96
5 51 92 35 76 59
10 51 62 28 53 45 87 11 78 39 21
10 98 26 38 60 80 21 27 51 87 67
7 35 41 55 31 71 30 92
2 75 40
10 42 71 56 100 30 76 6 35 1 93
9 32 78 85 81 23 15 58 95 54
9 28 91 46 58 79 77 89 64 29
7 71 27 58 35 34 32 18
5 75 72 88 77 65
6 28 52 43 65 99 55
5 29 33 47 86 6
7 14 47 43 87 86 3 89
4 10 56 98 46
7 36 60 27 1 80 26 32
2 46 47
3 98 51 90
9 60 72 89 91 24 79 71 9 28
5 36 68 20 7 26
1 78
10 57 38 65 63 15 71 51 25 82 88
3 63 41 9
1 65
8 13 75 76 2 72 26 55 84
2 2 44
4 84 62 73 15
1 59
7 24 52 81 18 19 92 21
6 33 96 49 4 70 41
1 49
6 74 17 91 34 22 87
7 17 22 89 26 64 77 98
4 63 72 82 15
9 86 45 55 44 48 27 19 43 67
