80 100
1565 703995753 1459718 85203 215655 9 94160198 719725741 21249258 69 6527 954790 779713604 8471 178982 439068 76451881 4648 11443181 72152523 3 406855140 6 591396056 98 5 475551429 137976243 189 805107 66049636 568 37 819 84021 538 5 443985880 6 9 163 8 364 8582188 9583 6003906 7 5 47549 361787 57981 9231060 108 7898 397 12807 13 62 68 754097 14029 12142308 267500 718 90818635 101 52775 591 836893 38795 3726 10721 79 33464 43846 596638 817048811 146 1835025 819311220
75 50
7 13
72 8
41 34
47 76
6 35
34 61
44 9
60 52
42 60
5 60
62 72
68 76
8 64
65 58
79 56
27 2
62 63
42 5
66 1
78 17
32 43
8 49
34 3
65 80
43 22
79 66
19 65
42 43
37 69
13 70
37 40
62 29
35 66
9 48
74 33
64 30
60 3
8 22
7 45
28 63
78 28
52 35
34 14
79 56
73 18
65 56
55 64
73 74
61 76
63 78
55 61
46 22
53 1
10 19
38 5
49 19
65 17
45 78
48 42
5 12
56 50
31 15
52 12
22 46
3 73
47 4
64 26
20 39
9 10
71 11
39 67
73 11
16 55
40 24
30 8
18 14
29 65
69 19
21 71
80 20
49 79
78 62
30 64
63 28
61 48
70 24
47 43
37 2
17 13
45 70
42 72
13 21
69 8
11 25
22 46
37 26
38 43
9 54
74 63
100
3 71 61 32
5 95 31 41 26 36
6 47 46 85 49 73 63
2 100 66
1 75
4 59 37 76 94
4 69 86 84 66
3 27 76 15
9 13 83 54 93 8 82 5 48 15
4 97 46 74 29
9 42 69 93 26 60 64 59 24 23
7 62 30 51 45 91 95 57
8 18 15 76 59 55 42 38 72
3 97 49 57
8 30 47 11 10 58 46 41 45
3 45 60 31
7 7 33 26 82 1 42 70
8 61 58 48 89 92 21 15 11
6 88 20 43 50 4 3
9 40 66 34 12 56 51 20 8 77
10 50 94 45 65 54 1 97 60 9 46
10 42 48 63 65 88 73 71 61 83 22
8 73 59 38 86 76 6 77 40
3 88 77 82
1 11
3 14 13 4
9 19 15 85 54 4 47 39 8 69
10 2 37 33 87 88 18 64 72 12 22
3 25 48 11
8 15 77 51 61 93 19 18 27
1 4
9 52 97 4 19 24 11 83 40 41
7 69 42 24 92 72 55 90
5 53 5 25 91 2
9 62 3 13 73 82 34 51 64 58
9 25 89 67 26 57 4 34 96 54
8 51 54 10 72 62 15 33 80
2 52 62
1 11
2 27 68
8 72 54 62 76 63 86 44 6
9 19 26 80 12 11 74 39 16 24
7 54 27 28 53 97 100 87
9 92 62 87 93 49 21 72 42 45
8 74 85 2 68 5 11 87 88
1 61
2 8 17
7 50 58 82 55 26 92 56
2 100 35
7 57 90 62 78 17 21 65
5 2 79 76 44 24
8 5 90 64 51 33 9 92 40
4 77 19 66 42
7 64 70 33 11 55 32 15
10 13 25 16 31 71 40 3 65 55 30
2 14 91
1 8
6 6 75 34 71 95 48
1 3
5 37 2 94 29 77
1 24
2 33 5
6 10 54 5 4 41 92
3 99 40 36
4 16 51 100 41
7 21 100 48 29 25 78 63
2 38 17
6 11 7 36 40 4 26
2 27 80
2 47 26
10 9 65 5 98 25 12 34 82 72 7
3 75 49 7
8 84 93 80 4 72 87 42 39
8 59 22 33 35 49 44 4 79
3 60 11 54
10 63 84 11 12 89 1 93 42 30 21
8 15 66 36 2 48 41 50 100
8 29 1 10 72 61 69 34 18
1 3
4 66 87 94 92
10 8 11 84 49 83 80 66 21 40 33
2 32 14
4 71 45 17 41
8 99 84 89 43 26 35 67 2
1 39
8 48 97 8 100 33 42 23 52
5 73 28 49 100 11
5 81 44 90 49 23
4 55 43 48 53
2 37 55
3 31 4 76
8 11 100 27 13 86 83 52 46
6 11 7 84 89 23 59
10 32 10 31 35 43 29 89 34 49 47
2 99 42
5 23 41 51 81 29
9 19 92 53 44 84 74 73 95 99
1 64
2 89 71
9 94 24 1 83 65 21 37 72 79
