80 100
10406176 60647692 348112157 547817245 4 5138206 6149 706014 881528487 7908 181595461 22709 1001 564 69987 330 348964 282285 28832777 612 581 955519 688 401 884720551 890 197290205 8959 273998607 4854 9259865 5519 3010209 143174 6367777 331 302 3791 2260360 89 9878962 835 94 293 31186960 52048172 3 35 929636 40138 52771 209 524618 56518 41 986109 3 30 9945 40534 81966 826629642 76 4998268 7 19779896 701 4428 18604108 502 54497762 582998565 8861 141310630 16904 3886 9825047 336866626 7 8986564
19 53
71 67
36 39
24 35
63 23
37 35
64 44
13 14
65 22
19 73
14 44
6 66
11 76
71 15
59 10
78 33
71 55
37 36
26 11
11 69
60 15
30 60
7 38
21 1
22 32
72 11
80 57
50 15
18 35
9 43
72 30
80 63
56 49
32 16
37 12
5 2
76 57
71 54
64 24
26 15
73 48
41 30
15 56
35 42
71 65
15 71
62 22
18 59
70 74
27 28
24 3
13 36
31 79
79 18
36 4
55 75
66 2
64 46
62 1
46 77
57 46
56 53
54 39
1 72
4 25
38 28
2 43
45 60
46 39
20 71
72 52
5 77
76 5
65 36
70 15
42 23
36 56
17 4
24 48
50 59
31 46
30 55
14 7
73 67
18 26
72 14
55 9
50 57
45 22
13 3
7 37
15 9
25 23
23 44
69 52
42 56
51 66
20 10
9 31
79 54
100
6 29 62 53 68 4 8
5 12 89 80 92 73
1 56
8 81 54 23 21 52 72 51 20
3 67 27 97
6 68 14 63 1 95 23
4 86 51 50 55
2 96 54
10 75 41 25 69 95 46 14 74 37 89
5 75 47 46 2 22
6 87 56 55 19 74 73
10 37 44 89 64 63 67 94 95 23 50
4 62 41 32 69
1 97
9 12 38 66 83 23 53 55 30 21
8 33 26 65 41 2 93 42 6
6 81 51 91 63 2 76
7 59 23 52 28 83 6 81
8 53 56 45 78 67 91 84 22
2 17 14
5 1 90 27 31 42
4 60 49 99 38
3 71 12 62
9 76 53 70 38 56 9 5 1 71
5 4 57 40 82 78
10 61 97 4 25 58 32 23 70 98 69
10 45 31 19 83 4 34 50 56 26 38
6 62 14 75 51 94 45
7 97 85 70 50 71 93 82
6 51 32 94 69 86 87
2 8 5
6 53 42 7 85 25 99
5 3 12 56 24 81
6 53 17 100 69 33 67
10 14 52 31 29 21 37 11 30 59 36
1 97
10 23 37 86 12 31 61 43 59 10 41
3 53 41 33
7 47 18 19 49 90 68 97
5 38 56 51 69 47
7 1 63 68 51 66 3 41
10 54 25 28 79 2 70 14 72 55 45
1 73
3 1 94 72
8 63 6 70 69 51 5 10 13
5 55 25 26 85 50
9 72 8 95 13 23 50 54 70 85
1 82
8 69 13 100 72 39 7 47 1
2 35 59
1 63
1 15
10 84 85 49 97 4 13 76 21 74 29
2 66 13
7 87 31 23 19 62 48 21
10 40 46 48 61 28 77 33 92 34 54
4 60 27 1 21
2 43 53
5 31 38 77 28 12
7 28 21 53 76 43 27 24
1 17
8 65 46 63 95 51 38 69 94
8 53 5 31 90 13 58 28 95
2 78 68
10 80 15 26 23 87 70 14 50 11 53
3 100 99 83
7 21 2 17 94 26 29 51
2 96 94
6 64 22 67 79 1 88
5 25 64 1 14 21
9 51 61 6 11 23 74 65 93 100
3 38 71 90
7 4 45 60 90 88 30 28
7 91 70 93 41 34 16 59
5 77 36 29 95 73
8 22 6 17 9 2 1 48 88
7 48 41 49 36 54 66 60
6 98 54 4 85 100 63
1 50
3 27 46 21
2 91 29
9 100 3 5 43 76 54 46 21 40
9 81 58 5 73 31 91 49 4 8
5 94 49 63 31 73
7 54 72 5 3 40 47 34
6 53 31 32 33 75 74
5 91 74 45 41 28
5 36 48 54 93 18
1 35
1 87
8 73 60 55 40 32 42 61 35
9 10 26 41 55 46 31 3 24 95
3 20 58 16
6 85 38 53 84 91 72
2 23 83
8 1 57 78 6 3 89 26 4
4 65 62 35 16
2 84 54
10 43 22 97 51 98 70 53 32 29 90
2 83 38
