80 100
11466 55 93322 55693 145 74176731 412889 8581 38667 72 10119473 243 8 2157 7658246 45 41 278318608 1 9033288 922996212 2 8520 1 79 87 8471426 290772 4 35137842 70371 30 9 16456 13879 77137 32 14 49674 979695745 303 3507657 2962248 54 4100 41310755 4892 42608278 608847825 831700306 80594267 57261924 64362129 30641 383460 98408414 14274182 9590 4 69 556510 37485 70 440808802 2000234 588 5831 6166 2282 7376667 13 1953845 6 1 3686 21181 99734 24934 7432598 10
50 20
40 39
7 5
35 47
10 44
43 47
8 62
66 57
15 78
27 6
64 77
6 71
9 66
25 6
52 15
71 15
50 47
75 28
13 45
18 39
65 20
8 58
73 39
10 39
43 39
22 49
79 54
32 8
62 67
16 73
14 15
7 31
20 34
34 1
69 48
6 31
17 28
23 48
34 43
4 21
44 62
29 38
32 10
34 67
37 8
48 42
38 43
3 4
3 20
17 39
60 47
65 18
46 78
40 29
35 22
32 56
50 38
37 74
54 22
57 59
70 45
68 61
1 4
76 56
61 52
34 36
53 60
53 65
15 25
34 35
15 59
47 74
11 24
39 8
23 26
28 36
73 45
25 65
13 25
67 2
30 71
19 59
43 39
7 41
62 43
55 47
10 12
3 27
5 68
17 45
26 32
40 4
69 22
34 14
53 9
22 38
19 47
70 19
11 17
32 72
100
9 38 77 90 50 35 21 8 34 39
8 13 73 8 83 69 92 72 95
1 82
6 59 28 92 40 53 5
3 92 40 15
9 13 100 72 18 24 78 17 90 67
8 3 57 80 93 6 76 1 58
9 51 99 33 94 40 18 50 54 32
7 50 2 91 30 20 6 32
6 75 40 73 38 100 30
6 20 17 19 98 59 45
10 90 79 23 92 70 35 33 3 8 93
10 86 80 70 68 51 52 43 42 88 28
8 74 51 13 93 11 69 43 22
2 55 48
5 37 80 16 30 6
1 58
6 40 19 84 56 51 82
2 27 23
9 39 8 65 92 2 79 34 90 58
1 30
5 80 84 81 74 76
9 12 55 58 18 98 4 31 66 13
4 3 69 16 17
7 42 45 28 13 77 36 8
4 91 68 84 49
9 76 67 82 20 25 12 6 99 47
5 30 48 27 19 93
1 67
1 72
2 11 74
6 83 11 96 77 39 61
6 28 60 5 23 95 98
3 1 29 91
3 68 37 60
7 32 77 64 20 34 65 7
8 95 96 71 92 62 50 41 57
5 44 42 81 77 75
5 15 48 17 54 65
9 18 67 60 14 84 62 23 12 47
4 49 26 39 22
7 75 96 81 37 52 32 55
8 88 81 41 12 36 47 43 2
4 41 7 81 57
5 63 25 41 23 4
6 15 61 64 14 48 80
5 83 32 54 36 60
1 97
7 30 55 44 64 8 58 50
2 32 73
4 47 84 7 10
6 3 25 40 9 75 11
2 77 30
10 49 9 38 44 1 43 40 70 78 58
3 79 6 15
7 56 5 92 25 66 55 33
6 85 22 7 89 21 18
4 19 65 57 86
4 62 47 31 74
2 24 94
1 33
5 46 51 83 52 43
1 7
4 37 7 80 66
3 5 74 75
3 91 71 58
1 75
6 85 66 54 6 70 69
7 21 17 81 28 40 68 38
5 73 50 22 53 91
7 11 17 82 61 85 58 43
5 67 76 32 8 71
1 84
2 49 58
6 10 87 37 92 71 35
1 5
8 24 33 45 20 100 55 98 19
1 69
10 77 62 63 81 34 86 65 39 97 19
4 71 21 87 26
8 5 100 55 66 47 14 57 13
3 60 59 45
10 11 82 83 47 66 42 19 20 18 54
10 92 55 25 44 98 22 23 76 15 18
8 45 89 85 65 68 38 63 13
7 26 41 65 13 54 94 60
8 93 74 71 90 72 28 48 83
6 27 13 7 100 17 93
1 59
3 45 67 82
3 98 49 18
2 88 85
4 70 9 48 10
4 5 24 7 35
2 13 65
6 13 37 73 30 1 56
7 82 81 89 71 96 68 25
4 28 27 26 57
9 34 39 31 97 7 85 15 21 90
9 55 40 9 29 64 47 80 60 49
