80 100
56 5062 991731 1483334 7 48 783466447 442757 9849110 295310 5294386 720566 167866 5343923 916 539 277 4938 99665 6 377216006 407696 23314203 5537 234 12 40603 24626200 254 125082824 53 93 435 166 59584026 365 5 641 230 10 17478112 6674951 167806 55 295 343 576 2 702746907 95 469 299131638 1 97141990 39358 45 3 8334233 399548 697 224 7623390 9342 10 6 5521011 868075 770 73 528716 1721151 24 10 2417000 34211782 2 7535 46048309 234408934 900667955
67 27
73 58
13 42
66 45
27 33
60 71
10 19
42 4
20 42
78 13
78 55
13 78
27 11
70 33
61 42
26 12
30 18
59 1
53 9
80 1
73 59
44 57
29 63
37 2
69 38
63 40
55 74
33 23
58 8
52 10
62 9
69 20
71 46
27 78
8 58
46 65
52 29
79 71
68 42
13 36
45 71
27 74
52 39
66 3
64 13
75 29
41 15
59 72
33 5
12 69
32 42
41 18
73 14
22 26
69 20
1 25
7 49
48 61
37 23
42 61
60 19
26 67
36 40
6 27
6 12
23 55
80 64
20 54
75 16
18 34
13 9
64 22
39 15
74 10
46 80
45 71
47 45
76 49
31 44
77 76
52 44
15 78
9 57
26 39
75 25
47 67
67 34
64 24
54 65
55 72
41 58
69 20
26 27
75 7
73 54
14 13
33 80
15 33
68 58
59 18
100
2 36 27
7 16 40 44 31 33 42 4
3 5 74 51
6 2 46 89 41 82 83
8 7 84 8 3 39 77 74 95
4 61 96 10 98
7 32 56 50 63 59 25 53
8 82 21 3 97 83 55 5 19
5 62 24 29 76 1
7 72 1 87 71 67 64 95
9 57 35 59 38 29 71 46 60 93
7 15 48 28 6 86 74 73
10 98 48 72 60 81 75 20 88 46 74
4 24 89 12 100
3 68 34 59
2 47 11
8 7 14 15 81 86 58 28 34
3 80 50 70
7 7 92 34 71 50 67 58
4 22 24 60 96
6 55 4 31 32 8 24
1 7
9 45 69 98 88 32 92 97 74 28
4 63 81 7 73
1 38
1 72
2 95 63
10 31 83 86 78 61 65 50 17 21 25
7 15 11 16 18 38 29 81
8 6 82 14 47 91 73 100 2
7 75 43 37 84 4 87 25
2 44 8
9 80 93 65 61 11 91 98 74 35
8 83 1 50 57 60 35 16 23
7 21 53 9 47 4 1 60
1 4
2 58 91
4 27 72 3 33
5 17 78 67 19 25
4 86 87 48 51
2 72 99
1 32
1 35
7 15 64 28 24 29 96 44
7 97 8 54 28 10 23 62
8 21 91 83 73 43 75 54 39
3 49 77 14
8 55 5 32 35 74 60 33 88
8 90 83 80 15 85 31 61 89
2 38 55
2 66 30
4 84 64 5 9
4 24 13 82 83
4 67 11 45 29
3 90 68 19
9 29 14 67 36 45 90 41 74 40
3 78 50 48
9 88 27 42 95 23 89 57 15 36
9 51 1 97 65 41 79 90 59 92
9 16 68 63 28 17 19 48 44 2
2 2 38
4 43 58 8 73
3 80 82 95
1 68
10 87 96 3 17 64 38 31 52 41 56
1 11
8 82 97 39 8 44 86 64 11
3 30 13 45
9 53 11 47 36 69 55 90 37 40
9 78 9 61 21 67 46 95 26 6
6 35 71 61 66 92 44
1 97
10 60 46 16 20 26 21 54 76 87 50
2 44 32
9 78 47 9 68 32 99 82 53 6
6 42 57 21 10 79 33
10 61 36 84 21 64 14 25 63 48 44
10 95 39 63 65 78 96 83 7 33 70
10 67 88 98 9 12 36 76 53 16 81
3 4 25 65
1 79
1 1
5 59 24 5 98 44
5 70 52 63 71 92
9 12 19 64 28 48 57 9 90 16
1 34
5 64 39 26 70 59
6 21 49 13 67 68 32
8 76 34 85 92 84 82 2 61
6 73 54 92 16 6 68
6 85 28 81 88 14 6
10 51 41 14 84 10 11 81 75 76 21
2 54 38
6 62 46 9 56 64 51
5 35 95 11 79 33
7 87 26 92 75 49 36 72
10 73 42 25 95 35 88 6 77 100 79
8 44 45 91 29 62 37 17 19
9 76 18 61 83 29 77 85 63 17
4 84 37 1 9
