80 100
569941 107075 996518 70822 680 7763 3733122 948 21660 2 4636 37914 3435500 351 69 4447 10 54 22 8411 9578507 866 10737 926586 139105051 44815802 92067149 2887 861869859 830065 7 86966 9137 7703995 155724 455 77 9 7839089 550 73 82047569 344 7483 387 19 9 618220 36357 894989966 2306 75622 6732095 982 6 84788 914467256 505 89031243 8734016 5 8964037 7580 2740936 975741 34170404 327121 279964 3395232 2465 962334743 353 3466 6 208439770 39545846 8 34 1 1
31 35
57 37
80 15
80 4
22 3
72 30
14 18
15 23
3 9
65 68
26 36
37 17
69 2
21 1
6 4
79 34
36 53
13 68
45 47
3 72
41 49
29 70
40 6
70 66
11 46
77 61
67 31
77 35
52 49
47 22
54 51
38 62
55 40
10 55
15 8
34 79
47 73
15 24
72 16
67 9
50 49
13 65
56 67
25 55
37 10
64 40
61 32
17 33
61 12
2 11
16 29
21 12
40 14
58 23
64 76
63 65
51 9
70 63
27 69
64 49
80 4
78 57
33 35
32 58
14 18
79 5
26 2
28 38
32 20
62 75
54 76
56 30
70 16
71 65
78 52
6 19
24 56
37 45
14 12
77 56
14 68
27 50
17 19
57 61
54 10
48 59
47 7
46 41
73 8
11 30
32 66
33 74
8 55
17 27
26 43
55 2
43 30
54 15
46 12
55 19
100
10 74 14 67 88 90 23 40 61 80 43
8 73 48 100 11 61 91 28 75
10 57 98 42 76 39 71 25 73 74 16
1 39
10 21 59 20 10 37 92 40 26 81 84
4 97 99 15 75
4 84 35 59 91
5 50 62 20 4 23
1 72
5 34 61 26 7 46
10 19 95 80 32 85 53 74 79 60 90
7 92 69 51 32 28 66 16
5 59 70 67 45 50
1 87
8 17 67 78 93 45 62 43 1
4 94 78 36 57
4 95 42 89 96
1 65
9 95 20 25 28 75 35 54 32 69
9 76 21 77 18 75 11 73 17 9
8 87 68 50 96 82 28 55 44
4 19 15 35 12
7 33 64 42 97 8 22 81
8 26 76 13 87 30 52 65 84
3 54 23 97
9 14 53 73 34 20 16 62 49 78
4 90 79 20 14
5 2 59 71 31 72
4 31 8 10 15
4 38 50 76 84
8 50 16 1 30 63 84 45 83
4 49 56 26 2
1 30
10 38 80 64 60 100 86 23 3 54 17
10 28 37 21 22 89 2 45 80 73 67
6 52 69 35 43 48 14
1 70
5 35 25 76 51 59
1 7
2 83 74
3 7 39 52
4 66 16 35 70
8 69 17 46 11 37 68 50 84
1 86
5 94 72 19 64 91
5 62 9 78 18 26
2 82 94
4 3 1 24 66
9 76 64 48 3 13 55 19 94 51
9 7 34 25 59 61 51 99 5 98
8 89 91 23 12 2 35 54 72
4 4 59 69 3
5 63 79 19 41 94
1 91
4 79 65 100 82
5 87 48 8 96 45
2 55 100
9 24 32 7 50 60 12 80 73 77
5 21 78 61 41 94
5 32 88 51 19 31
5 90 55 49 5 53
7 15 99 54 81 100 42 7
9 10 15 49 39 76 75 25 44 1
9 15 10 28 88 64 53 2 80 40
2 44 42
2 94 31
9 24 52 56 33 34 59 91 62 43
7 16 70 82 23 67 31 51
2 48 62
7 76 27 56 35 85 43 1
7 60 50 93 9 41 19 36
4 65 10 94 92
10 80 36 93 68 27 30 42 21 89 38
5 55 42 72 99 69
6 41 65 30 91 90 32
10 99 87 54 37 18 75 80 40 22 33
5 81 27 43 51 7
10 70 82 44 13 22 23 11 91 66 62
9 21 54 14 8 82 84 19 45 64
7 85 26 92 3 95 98 61
5 7 3 22 48 61
10 51 3 13 39 48 9 63 96 92 83
10 43 50 46 79 19 61 71 29 92 18
8 29 96 36 44 35 41 76 33
4 34 97 31 29
1 11
1 20
7 68 85 44 66 87 76 100
5 34 93 24 10 71
8 97 74 20 35 5 24 64 84
7 39 44 94 33 98 78 30
6 82 17 40 2 81 28
5 13 39 98 10 64
8 55 95 60 72 80 36 19 99
3 10 4 42
9 14 82 11 53 63 41 43 5 79
9 70 16 47 71 19 27 67 56 65
1 38
3 35 25 84
4 98 31 39 27
