80 100
10 9947 780213114 10687 77 5 8 181 652 4844861 4 5 8 6 1473 8570874 736464851 7854 6349 8602250 4124 788571 2 2182 27740 33694769 527 566473 554821263 2788 36615289 1382034 77242603 8335 6472641 702185491 3491 2187466 99 1559500 736724 4386 8637695 980171 274 158029 7978333 7789822 597 46871 99615384 7166366 540113 416081978 6 8332251 7105 6704 64 63250332 5706 4 638 308405748 178543559 9257664 2721 3 146 785 50550896 7765 931 12303154 6 15 4623 960264273 5 330029
53 51
35 53
8 71
7 63
71 48
7 9
32 4
25 38
67 21
20 5
50 55
47 16
47 22
45 53
29 74
17 61
18 55
75 38
28 44
29 66
23 45
48 46
50 29
59 37
74 41
35 33
48 30
32 31
30 22
42 12
21 25
9 6
73 8
67 43
23 59
1 18
76 50
2 51
65 10
30 75
52 67
68 70
16 37
49 53
16 29
19 20
47 19
62 64
34 36
33 42
12 52
76 49
71 24
58 20
74 2
34 42
52 34
18 7
44 58
28 25
53 27
52 73
21 55
18 25
69 58
20 46
23 59
24 35
60 45
79 2
59 22
18 22
25 19
10 68
3 18
45 18
14 37
25 53
5 75
48 79
8 23
17 69
58 19
66 8
79 20
75 3
3 74
65 55
56 19
39 24
54 21
50 79
5 59
10 54
35 80
40 52
19 77
10 23
6 56
47 41
100
6 16 81 38 89 72 62
7 74 24 75 77 80 96 34
1 5
8 2 20 15 39 27 33 47 78
6 12 24 18 77 92 100
1 85
10 58 74 44 45 89 56 54 93 30 99
7 93 85 62 98 59 7 96
4 78 3 82 30
2 70 30
1 67
5 89 5 100 53 17
1 83
10 5 24 37 48 26 84 25 21 64 41
8 11 95 86 3 60 1 40 24
1 62
6 31 50 74 2 92 96
3 49 37 20
9 26 85 29 68 71 12 48 62 76
2 42 52
10 50 83 53 89 56 18 74 17 69 23
7 47 39 81 88 51 22 72
8 88 8 53 97 60 12 50 79
5 6 50 41 85 61
1 33
4 58 55 57 16
9 35 14 78 29 22 45 89 94 41
2 58 33
5 55 57 93 43 86
7 47 58 19 17 80 62 76
9 76 74 28 30 43 78 95 98 77
6 19 14 3 32 24 97
6 84 19 8 86 85 47
5 83 77 47 2 57
4 24 54 29 66
8 69 75 4 34 51 10 59 66
4 78 73 7 32
2 83 3
9 68 62 77 13 39 31 17 70 84
7 15 45 96 98 2 86 61
7 86 69 71 26 68 93 55
1 91
7 98 90 18 70 74 67 56
7 34 94 75 81 98 27 42
7 29 89 85 28 11 18 80
1 20
6 85 34 33 1 92 100
10 11 76 27 58 4 98 55 62 91 99
8 80 81 29 67 38 15 30 83
7 29 99 69 54 64 51 94
3 30 35 11
10 66 24 72 16 68 21 19 65 93 34
9 82 40 37 77 12 93 9 100 68
10 85 21 71 19 89 77 41 45 52 100
4 94 31 99 7
9 11 98 54 21 69 16 82 66 27
2 89 61
2 32 4
1 90
8 78 33 20 9 38 72 55 37
7 5 79 43 85 26 46 51
4 54 70 51 57
4 79 45 25 81
4 3 34 52 24
1 43
8 71 85 3 92 69 65 53 63
4 70 48 4 67
7 48 69 72 32 63 76 85
5 36 41 89 35 4
9 78 7 79 11 81 85 42 96 40
8 95 89 46 71 75 44 69 33
6 93 41 36 35 17 64
1 87
5 21 75 24 27 60
4 42 66 60 16
3 41 61 92
4 36 48 98 68
4 42 20 24 52
9 72 30 59 35 49 16 80 70 74
5 34 75 82 66 53
6 88 99 38 80 21 97
7 16 76 3 9 48 30 35
3 66 31 96
7 8 89 53 14 58 87 45
1 71
4 16 70 90 18
9 19 94 39 93 47 46 64 24 83
4 52 55 10 20
5 77 13 14 59 96
2 94 24
5 12 2 67 74 71
5 32 5 44 66 98
5 27 58 41 100 44
4 27 25 35 84
2 94 95
9 97 89 92 18 19 67 74 47 27
9 32 29 91 3 7 86 59 20 21
6 42 93 17 88 21 71
6 20 18 16 88 7 79
9 76 16 26 67 37 23 70 39 1
