80 100
8 6011 22 2 5953 343 171720 867634546 416583 9367 10 6449 4842 436324670 61 50714336 26954282 5039681 75131548 3 76 100 631550 69465 14093 17825 162901432 120 552789 943 772 24 3 29313991 774 744763 10 27221515 8101289 8891 996696 5318 4 3769538 5159 30953 587235 318909211 848734973 14462729 16023 13612448 2750 2 310239 3 255 772523508 8999332 3675502 30 8286 74324890 81188 58366 5442631 13196 1176420 84872723 480141022 61003877 4848 9550 79 18327050 140 621 2637076 1640276 3745
45 47
61 67
60 48
31 59
52 37
66 64
46 68
73 6
7 46
19 10
19 54
52 63
30 34
47 73
42 55
35 60
32 67
38 26
59 77
38 70
50 37
24 46
60 57
64 73
43 78
43 47
64 80
13 47
48 18
8 73
61 13
40 60
66 39
20 32
44 40
16 3
59 43
23 17
25 58
57 60
29 23
76 16
63 31
10 33
51 40
3 46
60 25
56 52
44 40
22 10
42 71
47 60
1 35
10 35
20 65
25 80
31 41
32 40
35 54
46 78
22 48
69 6
62 16
75 69
30 21
20 2
17 42
25 26
53 57
16 68
20 48
31 34
80 43
52 16
54 3
42 39
31 36
50 59
34 24
18 43
19 59
70 73
32 62
5 40
5 48
50 68
35 59
61 57
10 23
44 12
53 28
27 11
22 30
11 65
73 30
57 31
53 63
68 59
57 3
13 66
100
8 2 76 78 100 37 68 8 4
7 12 36 32 33 94 26 1
1 47
9 90 26 27 80 71 95 43 70 73
1 18
7 47 15 54 33 87 30 6
3 45 18 78
3 95 85 81
4 11 99 75 29
7 63 26 57 74 86 7 23
5 81 56 59 93 88
5 39 98 90 6 3
4 69 24 86 97
3 97 93 79
5 86 3 90 77 74
4 11 75 18 79
5 68 99 58 74 97
1 55
7 71 17 56 35 96 21 50
2 29 79
3 31 48 53
10 16 42 58 40 41 81 4 53 21 25
9 73 15 56 28 84 76 91 27 52
4 2 99 90 57
8 66 99 72 94 52 20 71 31
7 55 18 69 79 46 81 42
5 51 60 5 14 22
2 90 88
9 77 1 36 80 5 15 72 58 40
9 93 74 59 49 55 40 4 67 39
7 13 2 17 26 53 14 61
9 30 42 73 23 47 57 55 10 88
6 97 84 31 33 50 90
3 50 75 92
3 63 32 31
2 16 15
5 89 16 13 95 78
9 34 73 10 28 8 64 57 85 3
6 6 19 69 96 46 54
6 20 67 94 29 43 86
4 8 15 98 71
9 16 32 89 13 66 73 34 84 65
2 62 92
3 26 55 88
3 63 90 66
3 28 34 67
2 54 23
8 1 88 42 91 33 80 43 73
6 55 26 41 56 70 43
2 81 76
4 94 55 3 77
8 77 30 64 70 38 43 84 41
9 44 37 84 64 47 6 73 20 8
7 90 96 39 83 2 85 60
5 43 79 51 99 32
10 100 97 74 55 71 86 56 6 14 27
6 35 62 26 29 4 78
9 48 74 21 61 18 53 56 45 46
3 63 3 2
9 100 29 37 28 9 39 78 4 23
8 29 47 85 61 9 32 63 95
3 95 87 57
3 65 1 33
3 16 53 88
4 74 54 59 50
2 63 15
9 56 72 43 34 48 19 39 15 45
7 18 30 85 73 89 38 21
9 97 31 88 87 83 5 37 38 11
5 27 96 3 89 21
1 41
6 88 65 81 19 58 18
1 29
4 59 61 85 68
6 3 8 72 7 53 49
8 19 63 98 68 56 55 33 11
2 63 91
7 97 47 93 45 7 70 72
4 34 12 10 6
9 65 13 54 75 16 26 8 24 52
4 70 24 73 32
2 8 22
9 6 31 42 40 39 29 67 60 71
2 47 62
1 42
5 30 6 33 10 70
9 5 26 49 71 80 10 43 89 68
3 36 7 21
3 53 63 30
2 85 67
10 1 13 27 80 44 11 99 30 77 85
2 33 59
8 42 62 11 64 78 19 77 5
2 21 35
5 44 20 45 37 35
8 52 10 100 66 84 72 24 57
5 95 38 70 88 14
8 80 73 58 1 53 90 86 9
8 45 91 66 24 28 47 55 1
5 60 11 89 41 43
