80 100
42 266302 97264696 16 23068553 33681527 9579083 673516 557 569991626 327683 62 2739815 2071323 95715910 823143 755 831792 26866704 115019 18782 13695017 5 6728 91463 216938158 364502 58682301 8 62046 6782 60 93 97964259 53212718 56 3064 39393 46233882 54 2016674 5345 8632056 1732179 2 6033 83 3673570 153878 4 37769490 22853235 7 36 3258 84 337225072 771762023 57920648 1 19669 75024060 111920 437 1 86 2669 467479 428008 9194 1 589 3 1143 4680 1 4 9 855030 63885
19 43
45 69
64 22
75 26
20 41
5 47
42 72
76 63
56 80
77 67
11 67
54 80
77 79
5 56
41 66
72 60
29 22
5 23
59 60
63 37
36 55
71 33
78 29
51 62
51 75
28 36
18 37
70 13
49 65
42 40
39 73
22 12
54 50
70 27
62 54
48 64
36 64
62 2
53 55
41 17
79 55
12 40
10 53
30 28
64 44
18 3
20 32
40 13
3 45
16 43
77 75
24 75
32 7
76 57
57 70
25 55
33 34
18 77
14 78
68 46
66 9
23 76
19 35
6 73
29 19
3 10
56 43
59 43
56 30
2 12
41 42
43 29
71 11
67 70
1 35
37 18
15 52
39 18
70 3
79 31
11 5
56 14
18 45
60 49
47 50
69 57
12 43
50 55
55 71
57 23
1 17
56 5
41 18
54 32
19 57
59 43
26 6
56 46
25 77
33 38
100
4 84 42 54 12
41 28 93 99 64 79 31 59 39 21 89 25 69 36 12 98 55 41 7 58 90 35 97 80 61 94 92 6 4 66 56 16 46 42 38 13 82 44 51 30 91 19
90 40 70 12 71 37 86 4 8 18 84 100 72 6 13 11 93 80 95 91 97 48 3 24 57 61 53 22 17 1 38 64 34 75 68 66 90 83 51 87 89 77 69 56 49 21 88 50 19 74 99 67 46 16 54 65 9 59 81 23 60 82 25 92 26 94 41 27 35 85 10 73 28 96 76 45 63 20 42 62 43 39 98 58 2 44 55 5 32 52 79
87 30 10 67 9 75 81 80 43 46 84 74 12 57 14 87 50 71 31 77 16 13 85 54 22 97 66 21 65 47 96 70 19 98 76 49 7 94 44 91 28 17 89 39 26 32 45 40 48 42 23 3 68 64 8 51 90 20 33 4 35 61 83 6 60 55 5 25 62 72 52 93 36 1 63 95 92 18 86 11 27 99 53 37 29 82 59 41
100 4 76 32 24 29 83 50 73 7 64 80 20 70 65 98 86 53 87 66 40 8 81 48 38 92 95 90 84 15 10 34 99 13 57 37 93 69 88 56 52 59 14 45 100 58 23 35 96 30 47 6 68 18 27 19 63 26 42 54 46 78 62 74 41 22 51 28 44 75 77 91 33 43 17 31 67 71 82 21 36 72 85 55 79 16 12 3 97 39 25 5 49 1 61 2 94 9 89 11 60
15 12 8 89 87 46 38 67 50 83 5 3 85 7 95 22
27 23 10 28 3 98 75 76 68 78 65 19 34 37 85 4 66 86 11 72 90 15 39 50 14 26 27 82
70 78 53 44 39 7 76 80 24 15 13 49 65 87 5 30 38 81 59 10 98 33 93 89 82 61 48 66 17 57 63 94 72 40 42 92 35 18 21 68 90 83 41 55 29 14 73 19 12 56 27 86 99 100 85 62 36 28 47 6 8 95 84 60 46 45 1 70 2 3 51
59 99 47 26 60 33 100 91 45 76 97 21 40 58 6 98 79 46 57 75 25 44 77 73 11 95 68 39 8 4 20 54 90 30 24 1 49 66 92 27 56 31 63 55 70 7 64 28 88 42 96 37 74 23 38 86 94 65 16 19
26 80 45 54 81 43 41 66 28 42 46 17 85 79 4 96 35 60 59 5 23 1 12 76 67 49 39
75 43 48 75 53 81 96 77 78 15 33 26 38 24 50 7 51 21 42 69 87 4 12 1 82 49 61 60 63 97 23 16 44 73 30 13 88 41 5 80 36 59 34 18 65 72 91 28 94 79 10 100 55 74 22 27 46 6 14 37 76 17 54 29 25 93 56 8 98 70 67 68 92 64 9 20
42 93 79 1 66 81 54 86 33 20 31 26 98 57 2 6 43 25 47 70 52 72 8 24 23 41 89 75 78 46 62 34 38 58 21 55 37 64 88 40 91 90 5
48 81 16 88 20 55 89 61 54 13 21 41 66 18 14 82 56 46 40 10 11 58 63 90 26 97 2 87 25 6 24 68 57 69 99 19 36 42 79 44 50 33 93 35 67 53 38 1 74
95 1 40 27 8 95 71 90 66 92 98 77 85 67 57 79 5 62 65 18 51 97 88 52 96 6 39 43 26 54 3 91 60 70 15 58 42 69 32 35 14 20 19 4 45 81 55 61 64 21 29 10 99 75 37 30 100 87 83 28 89 63 11 68 74 47 50 13 82 17 38 94 49 72 16 84 31 86 34 33 12 41 80 22 7 59 9 24 25 44 76 73 78 93 2 56
2 65 92
36 9 39 57 83 13 53 10 66 54 81 11 40 61 93 79 71 17 32 67 75 42 46 19 47 63 69 51 70 98 80 74 20 14 26 25 86
36 8 99 37 63 61 97 47 59 21 2 50 16 91 15 43 69 85 44 92 67 24 76 80 64 12 74 14 89 9 20 4 19 83 13 28 51
48 37 34 30 18 17 43 22 10 14 26 49 66 15 65 67 57 47 68 79 96 36 2 1 46 16 23 84 11 81 60 21 59 51 9 77 95 35 62 20 71 87 92 56 58 85 63 91 55
2 8 10
21 34 39 82 37 15 45 27 60 75 55 21 83 66 78 11 73 69 84 26 5 88
67 99 34 18 49 87 29 67 93 28 77 75 51 15 11 46 86 32 72 26 74 1 23 14 31 55 96 100 13 82 17 9 6 54 41 97 89 83 3 52 69 40 16 10 33 79 45 81 71 2 50 38 59 44 4 24 66 48 64 68 58 95 30 20 90 84 63 91
96 65 19 88 64 76 100 36 8 56 82 16 18 40 25 21 13 34 46 69 11 91 86 35 31 47 57 42 43 70 67 63 1 84 95 93 7 33 87 61 5 60 58 44 37 49 22 90 55 48 78 6 26 62 54 99 94 24 83 12 66 68 9 75 52 81 45 97 80 51 14 89 77 74 79 85 96 2 41 29 3 38 10 92 15 32 20 27 28 30 50 73 4 72 71 98 53
58 83 3 64 77 60 62 28 54 88 89 20 51 84 87 24 100 78 59 45 94 35 98 57 92 96 68 40 43 46 38 19 23 36 65 66 79 14 56 73 37 70 90 99 29 31 63 76 93 53 80 15 72 22 97 81 33 69 21
60 12 57 99 65 29 22 72 30 25 7 54 13 17 80 15 52 79 19 42 98 78 88 37 38 66 67 56 87 76 77 16 69 3 53 55 49 96 26 28 75 74 31 81 10 84 32 24 5 20 89 39 4 11 14 47 27 62 95 83 8
14 90 96 86 29 14 71 87 66 62 92 41 13 16 40
88 38 37 72 34 95 77 18 62 92 50 58 76 86 71 70 75 44 31 49 100 20 39 85 54 21 10 36 81 27 80 16 23 79 96 73 43 61 48 84 89 45 40 74 32 90 57 97 13 5 82 47 60 91 1 14 78 35 98 29 22 41 4 94 87 9 56 51 24 11 83 46 52 15 30 67 33 7 68 2 53 64 17 63 88 55 6 26 42
26 9 32 44 94 31 13 72 79 66 23 96 89 8 35 54 53 81 3 100 14 60 24 76 47 19 64
61 64 8 58 75 86 70 21 22 4 31 24 81 18 5 41 71 96 44 36 47 33 7 89 60 66 97 93 35 42 92 53 1 68 27 77 76 43 62 99 100 6 72 29 9 25 32 73 14 67 46 37 49 13 30 79 94 54 80 48 56 98
59 34 25 93 10 15 41 31 96 65 77 61 17 24 67 78 5 55 26 48 23 20 35 92 81 8 63 29 88 80 22 40 28 54 94 70 7 6 30 60 53 62 14 71 51 97 42 75 64 45 85 18 21 46 87 76 89 32 82 91
32 83 29 3 33 5 87 50 18 67 98 23 7 95 36 6 30 47 96 68 74 52 46 45 72 54 35 70 94 86 93 49 76
46 40 94 15 30 9 100 2 96 38 46 52 1 62 28 48 66 12 18 7 32 77 27 16 6 35 47 78 14 87 37 84 29 91 57 56 81 13 50 26 97 43 63 60 69 19 74
47 100 61 2 25 49 39 18 14 93 66 97 76 73 40 56 38 83 53 20 1 12 16 68 64 31 89 24 71 90 45 96 94 52 75 46 29 3 21 86 92 88 48 7 26 33 13 74
42 75 14 53 34 18 39 49 46 32 56 70 26 94 10 5 66 50 58 36 73 19 97 79 81 2 57 92 86 54 67 91 98 48 76 13 12 84 60 23 33 16 40
20 59 100 42 10 31 3 6 82 21 75 69 41 27 98 43 90 37 61 15 80
49 2 26 33 75 43 81 40 19 14 88 80 61 70 12 71 96 72 4 59 52 84 55 18 3 69 37 6 98 15 86 32 73 53 17 99 56 39 74 5 21 82 45 77 79 57 100 49 1 29
55 56 91 72 22 33 79 39 65 2 100 98 8 94 28 4 3 69 18 11 80 68 24 70 36 5 29 50 35 99 7 19 40 41 75 60 37 78 47 82 93 26 13 17 88 89 44 83 6 42 14 1 66 53 54 85
88 25 71 31 11 33 94 35 78 68 89 87 82 37 39 98 74 69 75 73 55 38 65 17 86 46 51 80 81 12 8 61 32 58 96 26 83 67 24 6 20 42 10 21 9 54 64 49 18 62 57 90 41 34 45 72 36 100 47 63 77 99 52 70 3 2 97 53 7 16 60 91 44 92 13 27 88 50 85 66 19 22 79 48 15 40 5 30 56
39 16 86 43 20 7 44 67 95 70 19 82 62 18 10 78 5 61 69 53 100 91 46 22 47 17 39 56 98 92 72 68 48 50 42 1 27 63 23 55
40 57 31 93 35 47 34 58 1 75 85 62 84 98 90 20 97 6 79 96 26 15 33 40 12 42 25 72 22 64 61 70 48 51 74 5 14 45 16 60 10
9 28 92 56 47 44 54 67 64 77
4 12 86 34 69
44 78 1 42 94 61 86 89 47 37 17 68 71 39 2 58 41 48 15 62 60 23 72 54 29 67 16 51 43 100 5 56 79 14 76 44 82 64 88 98 34 4 28 24 18
1 92
66 3 94 79 31 46 51 22 42 96 25 83 40 69 67 15 8 63 70 18 65 89 87 92 55 30 82 57 43 62 39 11 97 93 23 59 13 26 17 53 90 9 91 88 61 20 33 36 76 38 85 60 64 58 68 54 32 52 45 81 34 75 100 14 86 29 2
67 26 82 19 51 94 25 77 44 47 15 81 75 74 32 63 30 22 23 76 68 84 13 37 62 3 14 64 40 36 45 49 66 4 41 11 71 88 17 59 79 43 60 52 99 78 83 87 97 31 34 1 46 48 56 29 21 55 10 100 12 18 57 39 24 91 73 33
33 96 89 61 57 44 32 2 28 7 88 21 5 1 42 40 80 13 12 33 64 54 15 55 91 72 75 60 11 27 53 31 87 43
22 73 7 87 47 77 100 26 30 49 63 94 44 37 50 29 61 68 54 1 65 46 72
98 61 46 90 51 60 96 15 85 63 5 73 89 25 18 67 86 62 57 99 49 91 83 33 56 7 30 98 71 77 53 23 8 37 84 20 9 27 87 95 81 36 4 50 21 68 29 52 58 2 24 88 40 32 41 47 94 54 14 59 44 31 80 65 100 26 75 13 55 35 93 39 82 42 3 45 70 10 38 97 6 78 76 64 16 1 69 43 74 66 28 19 11 79 72 17 48 22 92
68 51 10 96 35 48 18 80 69 92 98 88 2 67 9 7 43 99 58 70 13 53 61 44 55 5 32 37 71 41 36 25 56 95 81 89 20 26 29 30 39 74 31 77 85 90 28 86 40 11 100 87 57 83 50 47 46 76 34 4 23 3 73 42 68 94 64 97 21
2 68 18
14 84 57 85 31 60 12 93 49 72 98 19 37 100 27
3 58 57 60
57 32 88 92 29 19 52 25 21 94 23 84 86 100 69 12 83 22 49 93 31 8 89 79 56 11 36 37 96 5 17 50 46 48 95 54 75 3 30 44 70 26 10 51 20 41 61 13 58 53 78 40 55 77 39 81 16 91
22 36 68 40 8 89 19 7 54 34 2 22 46 37 98 18 80 4 10 31 61 60 90
56 63 13 79 97 71 9 34 47 26 4 73 18 1 23 87 90 65 15 62 6 86 35 8 96 24 51 67 14 36 30 44 69 78 48 32 28 41 11 27 66 57 92 58 89 25 70 37 52 22 81 68 99 7 17 12 77
65 72 81 86 31 43 84 14 12 29 18 4 52 25 56 66 17 88 80 82 71 50 55 74 93 77 3 49 75 95 99 42 47 76 24 79 16 30 70 60 73 10 39 40 11 19 38 57 54 68 67 83 33 69 89 28 65 2 9 58 90 46 94 41 53 15
43 86 81 7 67 99 91 28 74 40 94 87 64 11 32 50 72 12 36 18 48 63 77 69 57 51 90 84 20 19 42 38 66 21 62 34 52 23 56 55 82 13 35 97
19 22 70 93 78 47 90 16 84 11 81 67 57 53 79 13 94 14 17 5
51 57 88 9 15 51 14 36 93 7 11 85 37 8 63 54 3 72 53 73 70 5 98 24 92 71 35 30 21 67 64 56 89 78 49 87 13 65 38 20 52 95 4 96 31 17 83 27 59 19 80 45
51 29 73 66 56 52 28 74 95 1 77 38 31 43 83 58 99 67 71 60 17 3 19 11 82 59 48 94 10 16 45 15 24 32 92 98 7 88 64 89 53 81 79 14 85 2 37 40 51 65 4 47
47 10 77 74 64 17 41 24 72 33 87 1 2 37 43 83 97 94 78 99 85 50 38 52 26 20 70 46 28 88 23 4 59 29 67 15 7 62 89 31 47 68 22 91 5 39 12 32
86 5 91 54 63 79 83 56 86 41 48 16 39 73 74 3 67 43 98 36 6 12 13 84 49 65 77 60 25 66 27 42 37 55 72 10 8 80 82 17 96 18 97 81 7 100 46 87 15 51 45 28 50 70 2 22 92 62 59 21 53 99 24 57 11 71 32 34 35 29 75 78 38 58 47 94 44 64 89 85 14 30 40 19 76 93 23
69 55 28 86 78 60 39 53 82 76 44 10 73 30 74 91 13 83 59 70 36 52 56 64 41 68 65 62 81 58 48 26 63 32 24 35 49 85 88 2 99 72 69 18 23 38 51 93 6 29 34 42 100 27 47 15 45 9 40 97 3 11 31 57 1 14 71 67 79 50
59 38 39 4 44 47 8 22 41 98 26 31 59 12 87 14 63 15 10 27 19 88 75 2 81 99 93 62 20 23 37 46 43 86 28 100 90 82 21 40 91 92 69 74 49 56 61 24 29 16 70 64 85 42 6 55 48 71 51 13
50 59 96 65 2 44 15 43 31 5 23 10 13 49 47 34 99 94 77 54 48 51 19 4 46 66 41 81 24 91 30 17 40 36 70 86 74 38 57 42 3 29 100 89 35 88 39 97 62 37 80
19 18 95 61 31 32 78 70 64 85 76 83 16 17 6 73 88 55 4 14
72 66 59 17 24 33 7 37 75 72 1 87 9 42 10 50 3 30 51 76 14 55 35 26 57 49 54 64 79 31 13 20 88 89 11 47 18 28 12 39 16 91 80 90 21 78 36 100 48 60 8 4 68 96 27 44 5 94 22 32 86 53 85 69 38 92 56 25 23 93 73 43 2
66 2 95 53 64 11 86 33 30 34 10 28 92 3 87 19 17 58 39 57 70 42 79 14 24 75 44 35 94 40 71 76 23 21 97 31 7 27 77 69 15 50 1 25 22 81 74 98 6 83 82 8 55 54 89 90 88 29 80 48 68 62 36 59 20 26 9
74 59 55 72 58 54 75 71 69 12 74 24 44 21 78 95 25 37 81 31 5 90 6 20 97 27 32 29 38 11 41 70 16 89 85 86 93 17 26 94 43 36 2 100 57 30 79 84 61 87 23 14 48 80 64 42 4 63 3 96 39 68 56 62 88 82 67 19 50 34 9 98 33 10 7
29 83 68 57 79 36 76 16 22 40 25 92 17 5 86 60 15 52 1 93 48 85 80 31 29 44 23 7 78 11
15 93 100 14 75 29 82 59 1 34 10 63 90 30 31 55
46 97 65 63 26 91 41 23 9 10 88 96 73 46 98 99 28 25 66 48 85 59 40 12 6 95 8 15 30 54 76 49 67 20 58 68 19 64 13 43 89 83 90 50 81 93 4
16 22 60 61 97 73 94 35 50 7 89 67 11 65 17 33 62
58 64 48 17 7 70 52 18 51 9 100 21 35 1 24 10 37 54 26 90 68 60 56 28 16 32 23 91 8 13 6 71 41 73 99 30 12 86 47 59 97 57 62 31 74 50 63 89 72 11 83 95 2 75 93 19 69 53 76
12 38 62 4 41 28 94 35 74 57 66 60 96
78 26 1 41 30 27 92 89 8 93 23 12 17 99 94 91 76 96 59 37 7 83 28 85 70 81 61 14 29 36 2 24 51 75 87 79 25 66 63 78 65 44 40 11 38 90 45 54 56 21 82 57 31 98 35 39 20 68 60 86 80 97 67 72 10 100 32 77 34 46 58 18 6 73 69 62 95 49 55
37 37 88 13 76 53 49 95 50 5 65 19 28 18 52 58 85 15 40 89 90 56 97 100 94 23 61 35 71 72 47 93 59 78 6 83 80 57
12 56 22 31 40 35 88 3 91 49 67 87 44
54 10 26 9 76 43 46 73 21 82 94 80 70 34 7 35 53 75 41 66 37 81 12 51 49 42 19 63 79 85 44 92 50 48 23 52 61 97 40 14 31 36 59 90 98 96 45 55 39 57 8 17 87 56 100
11 94 1 55 42 13 98 33 84 79 11 77
4 91 33 72 61
8 71 50 85 10 68 19 44 93
17 87 36 70 27 54 50 57 67 17 48 29 45 75 61 68 95 81
94 52 48 12 91 56 11 34 76 21 27 8 96 6 1 50 87 81 9 29 63 10 26 40 72 3 90 54 19 2 44 35 80 4 70 46 31 62 75 78 64 38 13 71 55 77 24 18 79 83 30 60 41 32 89 45 33 25 16 59 74 84 68 22 23 82 94 85 61 43 99 15 7 51 14 65 100 42 66 93 47 58 67 73 39 28 88 53 92 49 98 17 97 57 5
52 48 83 39 4 63 21 13 75 22 19 5 49 79 16 27 23 72 37 43 54 30 66 69 91 33 7 51 95 97 81 80 11 10 28 41 99 62 93 17 68 8 45 65 12 20 96 56 86 9 78 100 60
95 40 35 10 85 46 30 42 12 76 16 82 70 55 54 69 78 39 13 72 17 50 74 2 93 4 37 36 56 34 67 49 66 14 62 3 60 99 29 71 87 52 47 95 94 7 1 88 6 80 73 65 24 23 97 75 48 79 64 19 100 53 83 41 5 45 61 81 22 92 86 58 63 38 51 84 18 57 43 98 28 31 20 90 77 96 33 9 44 8 59 89 15 27 11 91
99 92 7 47 61 48 16 24 43 75 87 11 71 59 42 6 35 64 84 1 3 67 22 68 19 63 52 18 31 97 82 85 49 44 23 60 99 69 94 78 65 14 33 74 72 21 86 66 26 83 88 81 100 91 46 55 9 53 98 62 56 34 41 96 80 30 89 37 8 95 5 70 90 29 25 79 54 13 40 12 76 77 57 39 58 38 15 28 27 51 73 93 10 36 50 20 17 2 32 45
1 10
74 41 73 58 2 11 64 74 35 75 42 8 21 59 47 45 27 18 82 87 3 90 23 44 12 61 31 26 100 25 30 48 32 10 50 33 84 94 5 15 80 96 14 6 52 97 16 37 67 86 68 20 46 65 99 55 69 17 62 40 39 9 76 49 36 85 77 92 60 91 83 13 34 79 4
29 94 52 91 26 89 85 43 95 21 51 82 32 74 80 3 69 60 90 67 56 71 72 22 58 97 54 44 20 45
14 93 35 83 53 100 1 63 61 68 34 28 79 31 6
31 51 80 41 21 45 96 33 20 52 3 57 5 65 44 90 16 64 22 12 89 23 84 40 27 37 36 72 14 76 82 25
64 67 99 22 62 10 33 84 82 69 9 32 43 38 83 57 36 92 75 59 21 4 60 47 61 96 80 45 20 87 37 8 40 26 68 70 72 23 53 56 52 77 27 19 64 39 66 74 24 15 79 73 16 94 34 14 76 55 18 58 35 88 100 46 29
88 58 12 49 26 11 79 65 36 70 96 69 52 57 97 10 20 81 72 89 45 5 6 54 68 73 46 62 85 86 51 80 3 29 16 19 40 22 83 42 4 28 60 32 87 17 55 84 8 41 92 14 53 77 98 35 24 31 99 34 66 44 21 93 37 1 74 59 64 15 94 25 61 27 100 76 50 7 88 9 39 2 18 67 47 71 56 82 13
59 1 34 62 56 37 13 100 79 10 74 66 94 28 95 29 97 14 26 61 71 96 42 45 35 98 21 52 70 17 41 68 64 49 60 92 84 32 4 9 76 15 82 93 33 12 7 27 99 39 55 51 54 25 59 87 38 57 89 67
80 20 1 90 44 76 10 64 42 79 16 57 96 60 24 48 33 19 14 71 94 91 66 27 51 29 36 100 55 47 97 95 22 31 15 17 61 25 75 2 18 35 68 12 7 58 63 80 34 28 54 88 52 49 23 98 69 26 38 53 9 50 8 84 37 81 87 67 45 40 93 99 3 82 13 73 77 21 86 56 72
8 35 39 68 70 79 65 5 38
7 53 82 51 8 94 10 11
71 32 37 9 94 48 62 53 84 5 26 44 78 21 6 71 16 3 79 49 55 42 11 15 97 7 36 43 46 18 56 95 59 67 81 52 8 38 33 50 70 13 20 47 24 93 60 72 28 1 91 25 31 98 23 99 92 80 12 73 69 64 40 27 51 89 68 2 63 14 87 35
46 81 77 48 4 76 45 15 61 46 72 21 38 19 23 7 96 64 1 29 85 18 82 50 43 49 11 5 51 70 66 83 32 98 89 62 91 44 14 47 24 52 88 33 16 10 74
