80 100
84902627 283483409 66427 62141 807 55771 4584891 53 932 3380 77265 387 695 10 94926171 794 6 29 19 9717471 4 2065420 89151449 836053 38393 520 55 940023374 10 7040 7532893 5278188 765 771360 59 25540105 67 10 99 3464 35226083 80688366 926912 62195889 753247790 2445779 10 813 604847 7194 666234900 21 293906 78937 2 906646 10 522948 89 63312996 58519 4929 71 23627569 9163184 1255479 87 72663 5929564 2913080 4250857 792970 2361384 2764 47260 154593934 246 6050873 75716972 7861795
41 49
80 72
5 44
24 45
15 2
66 64
30 52
54 70
35 59
56 11
30 70
42 75
1 68
40 52
75 11
10 79
23 19
71 20
71 54
12 66
58 41
3 33
7 27
10 36
17 65
1 65
45 53
17 8
27 35
41 17
76 71
4 53
79 47
42 16
68 3
69 54
37 32
71 29
74 19
63 2
10 9
79 43
54 13
63 57
76 73
71 69
26 17
56 20
22 59
55 38
66 80
45 7
13 63
30 44
47 29
57 39
6 65
68 50
28 71
1 66
15 78
12 67
3 13
64 62
63 17
16 58
30 34
32 33
33 57
62 72
10 8
32 65
58 32
5 19
42 61
50 51
57 77
62 67
77 13
1 23
14 47
70 35
72 24
31 80
13 78
53 29
57 34
33 17
1 70
19 40
63 72
18 12
5 60
12 19
21 80
28 18
45 67
13 12
32 67
60 1
100
58 82 41 89 64 39 16 36 65 68 22 38 66 72 97 44 12 34 3 46 57 50 59 15 33 81 90 20 83 91 67 11 10 60 74 77 92 79 88 56 45 61 100 43 62 80 19 26 17 52 71 55 73 6 31 42 40 27 13
65 71 87 36 6 39 35 37 98 48 79 97 21 68 59 32 80 93 18 78 72 55 100 70 29 83 31 62 69 33 63 99 12 67 46 14 52 76 65 22 2 86 61 7 27 54 34 19 88 90 43 13 10 92 74 56 49 26 30 60 75 3 44 1 25 94
56 21 51 49 62 59 95 19 100 66 24 6 70 53 98 96 25 94 82 39 71 83 45 86 99 47 22 3 81 5 58 7 41 26 15 84 44 31 68 46 1 73 64 35 55 69 27 38 61 77 67 92 12 36 30 56 75
82 48 12 54 8 23 27 42 52 98 38 7 36 29 91 16 89 14 31 35 92 99 46 41 20 53 58 81 86 17 39 82 72 63 43 88 60 9 87 4 64 70 77 73 68 26 47 61 30 78 1 97 94 66 33 28 24 55 10 56 93 13 45 18 6 3 95 40 100 79 74 96 71 57 22 11 25 2 44 80 15 76 51
65 10 80 76 86 69 2 97 85 58 62 56 46 42 3 17 11 55 72 18 8 75 68 13 73 61 15 47 93 83 25 82 37 41 32 95 79 39 40 63 66 44 51 33 70 31 34 94 9 27 19 20 7 87 14 24 52 50 45 98 92 53 16 74 5 88
73 41 68 89 73 88 66 26 6 98 91 39 60 34 9 71 1 25 67 17 19 85 84 45 97 3 13 80 37 90 33 95 70 61 23 50 14 27 4 10 46 94 74 100 42 8 52 79 99 86 47 58 5 40 24 57 65 54 18 75 59 78 30 35 63 49 87 93 92 51 82 7 44 77
63 94 39 35 77 92 37 84 27 83 38 82 33 14 42 74 2 44 50 3 8 91 87 22 28 24 23 19 7 61 4 29 16 53 71 25 73 85 26 12 98 40 36 66 13 9 49 67 54 30 68 62 10 89 57 18 55 31 6 47 88 76 81 1
93 36 38 96 5 3 50 32 34 8 91 100 52 16 70 47 59 84 76 25 37 89 60 28 30 81 13 29 9 51 12 56 45 14 42 11 40 22 19 87 94 77 46 80 18 72 65 2 64 92 58 74 44 15 93 43 67 10 53 61 78 24 82 66 49 1 57 85 86 98 79 27 21 63 95 55 71 99 17 62 54 68 23 31 48 75 97 88 20 69 33 4 90 35
63 8 10 59 92 95 18 64 78 24 16 54 44 21 83 75 87 98 55 71 82 89 70 3 32 51 84 53 46 56 35 41 43 60 97 15 58 79 9 96 76 86 69 94 93 36 28 65 12 45 30 29 27 25 68 73 47 39 90 100 61 23 34 1
64 90 91 28 6 48 12 75 2 96 86 60 8 79 27 11 40 43 73 44 52 77 56 67 23 29 76 18 81 80 10 98 97 93 50 9 68 16 53 5 65 34 35 19 85 7 54 45 30 95 58 83 26 100 57 25 31 24 33 61 1 74 13 89 64
16 96 5 93 94 28 82 52 24 42 40 15 37 16 45 38 99
19 10 37 42 29 80 77 46 67 70 49 28 99 91 36 55 72 74 78 14
56 8 73 72 62 99 4 90 48 69 100 89 1 43 94 53 21 19 74 85 78 59 96 70 3 44 36 6 75 77 18 32 97 56 49 13 14 57 39 84 35 27 54 60 2 55 28 81 34 30 11 65 25 63 92 50 80
71 41 42 61 49 32 26 1 54 66 16 57 98 31 96 30 70 47 68 64 14 71 25 33 95 21 65 97 62 99 10 58 46 19 40 100 84 13 18 75 69 3 9 4 39 73 74 91 48 36 82 94 45 22 52 44 12 79 17 7 34 59 37 93 6 23 88 5 35 11 55 63
19 58 56 74 22 94 63 87 53 27 55 65 40 50 82 83 20 38 73 47
94 84 67 56 79 19 7 21 86 27 60 72 52 24 88 46 96 73 45 62 29 40 98 47 18 36 69 39 51 85 93 66 14 99 59 95 49 32 5 2 43 6 71 89 11 90 87 91 34 42 28 68 48 64 13 31 44 33 4 77 78 25 26 83 75 65 1 50 22 8 30 41 81 100 61 16 54 94 15 57 35 23 80 17 12 55 37 10 70 63 74 76 53 82 3
8 37 13 90 85 61 97 83 21
85 10 96 87 91 71 58 28 82 9 57 66 59 53 45 1 70 5 3 4 78 23 64 41 20 27 36 95 69 8 52 48 65 51 30 56 81 98 32 19 29 90 62 34 24 74 21 42 97 89 55 43 46 60 15 50 35 31 2 40 47 14 79 76 39 11 67 25 6 80 16 100 17 63 86 54 83 73 7 85 22 75 26 38 13 49
54 21 23 11 95 26 80 92 87 47 75 46 2 50 9 39 19 49 86 91 6 22 70 65 78 15 18 48 34 33 59 36 45 76 43 40 29 24 1 77 51 31 94 73 16 8 56 44 55 85 17 25 32 69 5
56 25 76 95 10 56 94 42 41 5 86 17 33 55 47 20 59 80 97 18 21 96 36 88 3 79 24 50 29 54 77 26 98 68 84 7 35 43 57 69 6 23 72 46 81 65 38 9 49 63 39 62 45 100 75 27 1
87 78 61 41 33 90 47 76 17 31 5 59 20 44 7 40 93 43 80 18 88 10 68 30 24 29 75 82 16 42 57 38 100 85 51 96 97 3 86 12 92 87 73 70 37 6 79 74 28 46 49 91 81 39 84 54 22 66 94 21 72 14 53 65 36 11 27 58 19 56 9 48 55 52 67 60 69 23 89 64 34 50 32 63 35 77 99 62
38 27 35 31 6 3 91 86 5 39 53 63 19 65 93 73 97 68 4 41 8 85 48 38 92 28 50 94 70 100 71 18 9 33 55 84 88 62 98
1 43
56 11 45 34 51 1 85 90 33 98 2 44 92 3 23 80 37 32 93 62 27 78 14 26 24 53 64 5 84 35 9 52 38 75 48 36 97 54 6 72 67 47 55 10 71 63 60 21 94 25 39 95 79 74 83 100 57
82 11 36 70 37 46 5 31 88 10 28 17 44 47 87 53 18 19 6 22 20 21 48 23 93 29 64 66 24 74 49 55 35 85 34 26 81 95 50 54 1 69 80 83 27 61 62 84 33 75 79 96 86 58 78 63 9 38 65 40 90 32 4 12 13 7 30 68 72 100 56 71 60 42 57 45 59 94 15 16 14 76 92
100 68 41 45 96 33 30 70 18 59 47 6 97 58 71 65 95 61 57 84 79 56 66 25 39 82 32 10 15 88 23 85 22 90 76 7 16 54 2 35 48 94 53 83 46 38 49 51 11 87 9 27 89 78 72 3 74 55 13 5 69 60 98 8 34 73 91 42 29 80 52 64 36 93 63 81 4 99 50 77 19 24 40 21 67 12 44 26 37 75 92 100 43 20 86 31 14 28 1 62 17
84 10 68 63 31 50 53 21 42 87 48 36 69 24 40 17 55 62 35 46 28 61 19 59 47 79 43 2 71 83 27 100 66 5 80 14 89 60 56 81 23 9 85 30 57 74 16 88 70 44 39 41 7 93 95 73 51 3 91 26 94 49 96 97 45 82 99 76 29 13 20 90 65 52 18 1 75 77 64 78 6 8 84 34 12
11 10 43 83 23 64 49 3 39 51 96 86
41 57 45 81 12 92 95 90 36 70 4 76 22 94 29 19 34 2 72 61 43 32 48 50 56 77 53 75 47 97 58 27 55 66 16 30 96 63 10 6 60 46
9 13 24 76 100 98 70 96 17 75
23 25 27 87 30 38 94 84 20 22 39 70 6 3 51 74 42 88 53 75 69 26 83 96
53 71 1 34 39 33 84 62 45 42 49 3 46 43 74 32 38 86 23 47 76 92 96 52 19 50 2 10 79 97 82 59 81 17 4 48 85 58 7 21 99 93 100 66 73 29 44 11 9 27 83 94 36 25
20 85 40 46 49 26 42 11 5 17 50 63 94 48 8 79 93 61 25 10 34
53 20 46 77 99 56 71 48 83 89 60 43 19 37 95 12 50 6 16 76 75 53 36 15 13 100 91 32 34 27 41 51 52 66 78 86 87 18 7 69 33 40 24 10 44 72 42 26 70 47 23 21 4 49
96 10 40 1 76 64 15 14 65 90 31 5 67 11 33 32 6 77 52 35 85 9 86 50 2 62 4 68 22 96 82 19 78 60 95 45 99 83 30 27 91 42 57 8 21 66 24 20 12 94 88 81 36 17 58 89 43 25 92 53 59 56 34 28 16 80 37 48 39 73 47 13 100 72 54 93 44 74 63 49 70 69 38 55 97 26 71 23 18 7 29 75 87 51 79 41 84
86 18 48 96 75 49 88 39 17 12 44 41 13 86 55 95 66 92 20 30 37 91 57 53 77 42 78 90 60 79 94 80 81 16 47 40 99 8 34 56 19 85 51 54 10 64 61 82 68 27 14 2 11 4 65 23 89 28 93 73 46 6 98 97 69 38 84 31 7 3 70 71 22 45 67 29 24 43 5 21 1 62 33 50 52 25 15
8 70 2 69 53 79 75 46 95
53 3 54 18 24 6 94 96 80 90 10 53 43 72 60 19 78 45 87 39 22 36 14 33 7 62 51 12 46 17 85 44 64 100 27 31 93 47 86 95 26 74 68 37 65 56 2 83 34 49 1 57 25 23
2 89 77
60 6 33 51 7 8 17 42 57 1 40 50 60 98 79 85 4 21 96 72 83 5 53 62 2 32 35 45 92 13 77 18 47 34 100 95 16 11 3 41 54 76 15 84 19 61 67 12 82 58 80 64 28 49 81 46 38 66 97 43 25
43 62 23 3 85 7 46 22 69 10 83 26 37 95 40 72 73 17 28 20 18 5 16 59 52 84 82 66 24 89 4 30 21 25 34 53 79 90 65 13 44 12 49 55
16 27 7 93 14 96 45 22 68 46 1 80 82 44 49 4 26
77 99 92 25 12 41 63 87 5 88 56 19 62 93 29 54 76 59 53 17 61 38 60 71 43 98 40 74 6 22 37 7 4 18 79 95 85 44 31 11 86 55 58 8 81 84 48 89 28 72 65 27 9 50 45 66 82 91 96 51 34 100 3 26 15 70 80 78 69 16 24 2 75 94 21 64 10 67
35 72 77 100 74 43 90 2 19 52 40 78 81 66 64 12 3 94 6 71 48 59 26 17 86 35 61 32 82 60 34 79 53 36 87 47
47 7 12 37 10 19 49 1 71 47 60 76 40 98 46 34 94 99 80 86 72 16 11 96 91 78 32 95 50 3 4 55 66 87 51 83 97 84 29 82 48 18 28 92 68 63 100 35
35 88 24 34 4 63 9 13 1 58 7 41 46 42 14 82 89 17 56 98 32 87 29 95 72 99 52 69 5 67 68 12 45 77 66 33
12 9 98 3 4 23 55 44 24 10 78 56 43
84 82 54 2 99 38 14 55 47 16 61 43 94 22 89 23 62 45 66 30 36 20 33 12 32 29 56 13 48 34 57 75 81 79 74 69 25 11 78 10 35 95 72 9 96 68 6 77 7 92 18 52 31 37 50 41 8 67 91 83 15 85 39 65 98 51 86 46 5 64 90 19 28 3 100 93 80 59 49 97 26 71 40 21 24
100 69 86 25 63 54 91 39 29 61 97 93 31 33 48 67 85 27 46 9 16 42 52 22 65 76 6 100 88 99 90 73 71 24 40 75 18 53 14 13 55 98 3 28 4 21 60 1 45 84 34 35 32 15 41 12 38 50 23 64 70 20 66 11 30 59 83 92 80 81 58 72 74 62 78 26 79 37 82 49 19 44 17 89 7 47 77 87 36 43 10 8 94 51 5 96 2 95 57 56 68
30 49 30 18 31 8 59 72 74 19 1 34 70 84 45 7 69 4 9 89 17 39 36 38 23 2 12 92 97 86 95
89 77 91 70 18 86 57 33 84 74 11 94 2 89 69 16 24 73 37 78 10 32 95 1 72 87 54 46 8 81 98 21 31 52 39 19 51 75 28 42 26 56 79 20 85 29 48 43 99 90 40 7 25 55 62 76 6 38 4 63 13 83 92 47 12 41 23 68 49 71 60 14 17 9 34 36 15 80 35 96 45 58 59 3 5 44 93 64 53 65
99 51 6 67 28 70 57 91 85 32 13 5 87 82 95 11 59 52 12 64 66 31 43 100 72 39 79 41 15 54 61 89 90 16 10 36 7 19 58 4 94 21 99 73 27 20 97 26 18 24 1 63 33 9 96 83 22 2 29 34 48 40 60 76 78 86 25 38 17 62 80 47 69 42 77 23 14 74 44 81 98 46 45 68 50 35 37 8 53 49 65 55 3 88 75 71 92 84 93 30
91 40 73 71 74 44 52 48 20 81 7 41 34 75 14 13 76 39 53 93 5 80 94 33 72 60 35 16 46 36 91 70 12 43 15 57 26 99 84 9 4 24 3 64 19 58 8 42 90 56 96 27 87 21 11 28 88 30 77 97 18 55 79 50 17 61 51 86 67 10 49 65 82 32 1 85 89 22 59 45 63 6 69 66 47 23 29 78 2 68 62 83
30 59 61 4 54 50 32 88 95 26 17 96 91 76 2 79 68 38 36 93 8 58 40 30 94 83 74 78 48 16 87
60 45 15 32 99 47 46 41 18 66 23 64 14 36 88 31 22 75 100 81 29 79 51 61 85 44 94 76 39 90 63 9 27 12 19 95 8 58 72 4 28 2 71 65 10 11 92 52 87 69 96 34 74 42 62 70 77 21 78 13 5
21 43 10 34 25 94 2 12 82 72 52 75 3 8 4 36 15 89 60 74 98 84
66 67 91 41 82 40 84 31 26 76 30 13 5 44 50 63 80 83 49 12 57 37 17 78 14 72 51 75 66 100 53 38 73 35 32 95 86 59 18 16 10 56 6 90 88 97 15 87 55 29 8 70 46 68 77 47 52 81 28 2 39 85 7 54 74 79 98
83 90 91 37 71 45 97 54 27 87 68 24 40 51 47 67 34 32 41 1 48 10 93 65 79 84 56 76 17 38 66 11 44 69 50 7 4 26 36 100 53 52 42 60 29 92 86 77 57 14 18 46 63 20 89 28 78 94 81 70 21 75 58 12 83 39 82 88 80 62 25 33 35 64 61 55 5 8 9 72 30 3 85 6
86 80 42 27 74 20 36 55 63 1 3 87 21 62 26 32 12 77 59 67 23 30 66 70 72 78 40 44 4 52 65 68 50 14 69 60 83 5 97 51 81 31 58 54 88 86 61 57 11 92 46 9 82 35 24 94 71 56 64 29 25 48 41 43 93 10 38 39 37 13 49 73 8 19 90 17 85 89 15 47 53 34 45 100 96 2 76
49 97 8 95 1 85 72 52 65 9 6 79 15 4 93 3 58 38 73 11 26 89 42 81 94 55 17 29 86 76 100 34 67 99 53 90 19 27 74 75 96 31 22 61 80 18 32 77 70 64
53 43 29 25 22 31 89 13 80 41 27 1 91 98 90 37 63 96 59 35 10 65 9 64 57 45 66 42 5 85 55 46 83 19 68 86 72 79 99 95 34 39 32 44 75 4 12 49 14 56 17 82 92 60
30 26 90 28 13 63 99 66 94 84 21 11 20 7 88 72 12 42 39 27 77 25 34 76 59 4 31 95 15 79 5
85 4 91 36 12 90 9 27 16 65 19 43 48 50 79 73 18 66 30 28 97 17 35 86 20 95 31 39 55 15 42 81 80 22 67 78 52 32 88 49 38 7 99 11 24 46 53 45 33 8 89 60 77 98 54 63 25 94 21 72 34 2 71 14 83 44 92 82 68 62 59 40 70 76 10 23 26 41 93 5 56 69 6 75 47 74
88 96 14 60 83 30 71 74 4 87 93 98 29 43 10 68 46 6 89 58 37 38 52 55 20 2 31 49 63 64 15 33 82 72 12 41 85 35 66 44 90 94 100 3 27 8 39 16 76 81 40 48 18 61 67 91 5 97 19 7 62 32 73 53 59 45 11 70 22 28 51 42 77 21 99 13 56 92 25 65 86 57 17 88 26 9 54 95 69
48 5 8 30 41 47 97 58 72 6 85 26 3 98 32 23 78 71 90 91 67 48 10 21 31 29 22 34 43 13 76 51 82 75 70 55 65 57 64 87 39 74 9 36 42 15 80 45 28
71 19 7 13 33 87 80 26 52 61 57 68 34 85 89 14 88 36 73 46 69 40 35 75 64 3 96 98 17 93 94 67 18 53 20 47 1 24 9 95 76 100 72 86 39 60 55 38 5 42 81 4 54 10 27 91 59 97 70 63 66 31 6 56 29 8 99 49 51 25 32 15
84 47 42 30 64 36 4 74 79 81 1 19 90 25 56 83 59 82 73 72 10 27 61 63 41 55 5 50 20 53 84 87 98 8 75 86 69 97 15 68 28 32 6 13 24 85 7 26 33 70 93 40 35 12 3 2 43 34 23 95 76 66 45 60 9 31 99 37 52 38 48 46 88 71 58 94 49 22 77 67 54 57 17 16 80
16 32 82 49 25 17 59 91 20 45 47 86 53 10 92 44 95
66 56 36 65 49 52 68 30 57 7 54 53 66 64 82 15 98 16 73 24 71 29 91 25 99 2 80 94 6 35 88 76 97 70 31 41 62 44 47 32 12 96 61 75 20 40 60 55 10 33 81 92 21 4 1 72 77 93 74 67 9 23 28 22 87 69 8
50 71 91 96 82 46 70 68 40 79 45 13 55 48 49 3 67 32 33 21 94 90 41 64 2 20 80 36 95 12 14 9 52 83 7 88 19 72 29 28 51 17 38 34 30 4 89 56 98 39 23
61 35 72 100 93 19 37 18 33 86 78 2 84 10 89 30 76 22 60 70 23 7 41 4 36 28 61 3 68 50 32 55 56 81 45 40 47 49 94 1 13 71 96 39 9 77 26 67 82 17 64 43 75 85 92 91 29 21 97 51 31 16
58 72 28 3 97 26 85 92 38 64 2 56 14 77 91 83 59 79 98 44 57 47 68 51 22 87 95 70 60 96 21 88 34 35 24 13 67 17 46 65 33 36 7 19 11 1 76 9 45 8 82 90 4 66 20 73 84 75 100
44 29 25 42 84 10 57 76 89 2 83 73 36 30 49 100 17 21 32 82 93 70 4 43 60 88 11 6 74 96 22 37 24 65 52 90 55 66 68 77 45 14 81 9 19
26 6 90 88 5 87 34 12 43 17 13 96 37 56 89 10 9 67 20 25 74 15 33 29 16 65 76
94 65 82 67 23 62 16 69 64 57 96 84 6 43 77 55 51 58 29 72 50 54 7 95 60 4 48 19 11 22 1 8 87 27 61 94 93 30 92 68 71 97 46 79 80 9 39 59 63 44 99 36 52 13 53 85 14 35 3 21 42 49 56 74 98 17 34 66 25 28 47 41 2 38 40 75 31 86 12 91 88 89 26 37 24 20 81 100 83 33 90 70 10 18 78
90 82 29 41 61 62 5 74 75 46 58 94 25 50 51 38 10 78 90 53 23 28 33 22 52 80 2 54 27 59 68 56 57 12 65 89 67 36 76 14 1 48 20 81 34 40 85 71 13 6 70 16 95 69 19 87 73 11 49 42 100 86 3 77 84 8 30 72 32 64 43 79 21 97 60 15 99 47 4 7 31 35 37 63 26 92 24 17 66 45 55
9 64 12 39 49 42 67 83 58 36
55 17 90 83 98 62 76 63 25 54 10 43 9 89 93 69 23 45 53 78 92 21 94 47 29 61 32 84 68 31 42 5 6 46 74 97 100 77 85 60 34 86 52 4 20 37 30 1 12 72 3 81 67 71 91 19
21 53 59 60 47 28 7 48 98 67 29 75 39 30 58 54 5 19 81 1 33 93
5 33 34 88 41 52
9 47 10 78 73 89 62 64 13 5
80 8 58 65 92 1 36 9 66 56 35 95 52 30 72 62 32 80 59 43 57 26 46 84 28 3 98 49 13 78 88 27 25 33 6 29 34 75 61 83 82 90 76 44 4 14 77 41 91 86 51 45 87 15 19 31 12 73 50 81 47 2 39 100 18 22 85 71 7 10 70 63 20 38 5 42 48 53 37 74 96
23 39 92 21 87 40 60 23 7 24 26 70 17 89 56 18 12 67 79 6 28 30 64 88
52 18 28 97 22 14 59 20 37 26 75 46 53 44 100 98 82 29 61 31 91 38 63 87 94 78 79 72 60 71 65 25 7 8 24 51 4 13 45 33 49 9 15 47 80 21 56 55 90 58 81 64 1
4 80 31 60 5
34 31 10 74 3 29 56 30 71 70 59 73 13 37 48 97 98 91 63 44 54 45 61 6 17 93 85 28 90 86 62 64 4 100 68
23 57 51 25 21 22 90 54 50 84 2 99 83 73 9 100 87 63 1 60 89 93 6 91
4 61 84 26 87
95 56 12 94 62 35 52 77 32 47 53 58 78 90 66 2 14 25 13 9 24 22 40 68 92 70 63 30 18 57 69 43 1 42 11 54 34 48 49 37 45 27 8 55 10 73 83 98 74 80 81 20 29 91 72 46 44 89 15 33 95 87 82 7 71 6 31 17 97 38 3 79 61 75 67 86 84 64 41 26 100 76 96 93 36 51 4 60 50 65 85 88 19 59 99 16
49 95 79 40 53 77 61 72 12 3 47 92 64 89 93 11 33 35 82 87 43 6 2 19 74 73 60 98 39 51 76 58 37 15 83 24 41 22 8 90 99 1 18 65 80 44 52 28 66 97
81 93 59 82 1 91 43 3 20 100 57 97 18 86 32 66 89 61 68 2 23 69 6 65 26 58 73 37 63 77 47 99 71 94 13 4 45 15 10 80 95 41 79 55 52 22 64 30 90 96 98 40 70 21 48 29 33 67 42 92 14 49 74 31 76 11 16 62 12 39 75 5 19 36 44 17 60 78 27 87 46 25
66 25 85 61 23 2 34 57 29 40 49 31 54 96 66 81 92 75 65 72 95 79 91 56 68 45 58 87 53 16 4 67 94 42 10 11 47 52 60 48 69 21 90 80 20 86 88 43 18 24 30 51 6 46 76 28 64 59 77 15 13 8 33 41 36 84 74
68 41 35 73 45 88 70 53 74 12 6 28 18 89 36 16 13 29 14 97 33 57 43 40 96 25 51 100 84 64 77 23 37 65 38 61 60 62 21 78 72 27 50 10 85 4 68 69 46 83 34 24 26 95 5 54 91 75 47 59 98 32 31 39 55 8 19 67 94
45 66 39 94 85 46 96 25 56 33 16 6 37 73 84 92 77 74 19 62 97 40 32 59 17 12 58 47 45 86 9 67 10 27 21 57 70 52 26 54 76 23 48 50 13 72
31 91 46 49 68 16 32 62 1 57 54 15 65 83 47 82 84 24 44 30 22 11 71 87 25 34 79 81 33 18 35 94
35 18 94 73 42 9 76 54 26 40 52 36 60 13 32 12 96 66 38 28 31 84 5 86 64 44 23 88 11 61 37 7 16 100 69 92
92 63 66 24 3 59 99 100 1 77 22 26 73 83 34 51 92 42 55 44 78 50 81 82 37 7 28 85 56 61 76 12 67 15 36 8 89 49 91 33 46 9 10 38 80 48 20 72 95 93 87 96 52 30 41 94 74 31 32 60 16 40 65 62 86 27 2 14 69 70 58 39 84 11 47 13 35 6 79 90 54 88 21 64 19 18 17 68 29 57 43 45 97
24 6 86 78 29 44 28 23 74 97 52 5 91 1 35 31 76 13 69 59 26 55 81 33 7
65 50 8 21 79 84 30 100 88 10 57 94 70 4 41 97 28 56 81 26 48 14 52 96 61 34 7 87 43 73 59 62 92 77 86 98 45 69 20 93 75 18 74 9 32 29 89 44 68 35 37 51 72 36 63 25 99 13 60 33 71 53 85 1 42 22
71 14 52 43 7 51 53 60 59 70 19 38 71 50 57 94 12 63 22 48 46 81 91 44 88 4 73 8 99 32 37 86 49 77 55 31 76 16 39 58 90 13 17 29 69 28 97 33 10 68 23 11 72 5 21 15 98 78 82 36 3 80 95 35 65 75 42 62 66 56 45 18
