80 100
467 5 869768468 360935 1 309616283 62332512 54 3831 8343 5718125 1870 7650 160717 88395 802772 76613 10 5792183 5 923926 79412102 543676 459379 72851 2911 873581 51 69841129 459902100 213269041 1365 492 64104 100 90 5151481 6 70473 693068 227255212 3537804 21 4 5901 311804 839644103 3 969685 1133 380075899 12388 792440996 48506557 88943382 833199 10212017 7835 5 30277313 65738775 5851523 32736 79403806 3176 25275 6 35 9 211647699 57 39781 41013885 8829232 48419137 3438486 9618297 6633436 120892 10
1 47
17 11
8 70
53 61
15 56
60 43
43 27
67 38
3 62
72 41
53 62
51 37
27 46
42 58
30 13
3 38
32 10
20 74
71 1
19 53
79 49
48 24
1 74
73 13
54 77
67 26
63 21
33 8
37 57
4 7
60 31
45 61
15 70
29 63
17 24
31 42
56 13
18 42
77 8
1 43
9 48
42 69
18 46
56 15
50 69
40 28
30 56
74 25
27 14
73 63
50 72
15 64
61 12
17 58
36 74
51 36
78 2
63 15
47 69
8 29
52 8
2 6
49 11
6 54
5 1
25 8
14 69
66 50
33 38
76 25
80 15
45 56
22 9
32 63
54 77
53 14
76 23
9 53
19 46
6 39
51 38
80 4
35 9
60 50
20 17
22 61
79 56
28 17
65 74
39 40
12 2
17 21
66 79
45 17
32 26
17 18
5 31
20 76
27 31
2 67
100
25 8 22 34 26 57 67 66 60 82 17 18 51 76 63 29 85 83 81 62 74 38 45 48 46 61
72 34 48 88 61 93 49 20 97 71 79 86 89 63 94 51 46 22 39 37 95 12 90 85 3 23 96 27 45 84 29 11 44 31 100 64 4 26 15 53 52 57 7 41 47 43 87 28 16 36 65 35 9 80 24 77 55 8 83 50 81 18 10 76 1 66 91 25 62 99 68 17 33
20 85 9 8 80 19 56 82 25 57 59 58 94 37 65 17 36 24 87 84 67
44 66 56 96 49 11 88 85 45 95 31 20 10 62 7 61 47 72 99 23 74 27 33 2 60 97 22 24 90 25 14 5 69 48 81 50 59 42 87 6 68 92 65 98 63
21 71 9 24 74 41 80 76 23 40 51 25 36 26 52 19 63 86 43 60 49 45
52 70 66 87 98 89 8 61 45 42 29 34 25 44 48 12 100 2 1 31 6 58 23 84 20 32 67 79 55 19 11 49 93 3 78 22 26 76 53 14 4 56 47 95 46 9 52 74 16 15 39 50 81
42 41 4 8 39 78 76 90 65 98 72 10 73 52 26 53 89 20 60 68 63 35 96 100 28 93 18 49 42 3 67 14 54 9 45 81 22 55 47 57 16 43 34
17 72 1 6 17 93 44 98 28 69 21 83 43 59 74 84 53 41
22 78 45 61 88 47 76 77 53 34 56 21 25 65 41 79 9 35 17 6 29 70 84
9 20 77 37 36 6 31 89 51 75
30 1 73 7 3 8 50 76 71 56 85 68 95 74 33 79 89 54 66 67 4 88 82 96 98 63 38 15 42 48 93
82 13 43 35 17 78 53 10 31 67 66 19 60 38 92 82 49 29 12 83 80 27 70 98 3 100 42 50 97 37 7 14 46 30 5 93 77 79 21 16 90 86 69 94 44 75 73 23 65 48 96 20 36 9 81 72 54 22 64 58 4 84 63 18 11 62 61 28 95 88 55 87 34 52 99 59 6 33 71 51 24 45 47
26 18 57 45 35 55 62 2 22 76 51 93 60 65 10 14 83 7 39 28 80 63 87 25 96 3 89
38 24 9 49 32 37 28 25 74 75 22 47 42 1 19 57 3 70 7 36 64 54 65 52 87 17 18 35 12 50 44 45 69 33 5 66 91 14 61
79 47 92 84 63 39 97 94 4 35 66 21 44 26 57 56 61 14 5 27 96 48 65 23 9 15 59 99 86 79 8 43 76 74 32 6 95 90 91 46 85 71 3 54 37 93 87 52 19 18 88 75 62 82 24 12 13 100 98 67 49 11 20 38 80 10 34 1 25 7 72 81 50 2 89 58 53 28 22 68
81 83 80 6 88 48 38 74 77 2 7 78 91 28 67 68 19 56 18 85 98 39 64 93 95 10 53 63 65 16 57 92 9 54 73 51 34 66 8 26 44 49 5 70 55 89 46 90 87 71 58 43 40 36 1 100 97 62 61 52 50 94 30 14 33 21 22 76 84 59 20 24 13 42 15 12 31 37 17 82 23 75
79 19 79 58 20 39 36 21 44 32 34 63 76 4 12 48 56 11 5 52 88 69 22 23 50 45 25 51 47 64 46 89 18 2 37 78 6 99 54 93 7 8 77 85 40 68 91 33 15 94 66 26 95 27 14 29 61 82 84 30 49 90 86 59 42 92 24 31 97 73 57 9 87 81 38 70 43 100 74 83
69 35 90 1 12 88 18 57 89 40 84 80 36 11 77 60 45 96 56 41 10 59 87 19 14 51 86 53 34 17 15 73 64 29 72 61 91 50 22 52 93 76 44 94 2 24 48 74 7 33 5 69 92 71 70 100 75 95 38 42 25 63 30 67 31 21 4 39 79 6
12 15 60 24 10 79 68 48 14 72 4 69 8
44 95 4 45 82 22 75 90 35 36 84 39 37 56 60 34 49 19 87 77 91 47 42 32 57 17 96 61 16 59 13 44 33 24 9 7 76 54 58 73 65 41 67 89 10
96 75 23 98 36 22 78 18 29 2 97 95 35 54 7 57 96 52 32 69 63 94 31 59 87 9 38 72 30 46 13 45 86 12 79 20 47 11 14 44 19 34 88 62 15 33 56 90 65 43 81 25 8 50 26 74 17 99 58 80 71 5 42 84 1 85 67 48 89 3 27 4 40 6 28 100 53 93 76 61 82 10 55 60 77 73 49 24 70 41 39 64 51 21 83 37 68
14 88 74 5 84 35 44 97 18 59 55 42 76 73 15
11 19 60 15 67 25 94 92 90 31 75 56
85 70 24 95 97 6 64 50 36 88 37 89 53 61 82 79 5 86 9 10 16 32 1 8 15 73 60 21 11 12 76 93 80 65 96 51 3 40 71 52 55 99 31 14 17 28 47 41 46 68 87 62 34 69 85 49 54 94 78 74 72 25 58 39 66 38 98 56 18 19 92 63 57 7 30 48 26 33 22 43 90 44 2 20 84 45
66 1 97 22 89 74 90 24 67 43 38 66 53 73 30 71 77 13 41 35 85 80 7 68 2 76 51 82 48 37 95 86 63 79 10 21 6 16 96 72 88 75 59 28 84 93 49 5 9 57 83 20 25 54 91 40 3 44 12 36 27 33 61 50 99 65 32
76 38 63 100 57 20 89 24 54 80 17 46 12 26 58 56 74 78 81 65 75 77 42 25 84 96 45 5 8 13 59 72 27 9 14 34 49 7 32 88 29 92 3 79 1 33 47 43 36 6 44 97 60 94 11 71 70 35 28 95 93 18 4 21 53 30 40 37 87 23 2 85 41 91 52 61 15
48 27 32 87 34 44 22 95 84 97 7 30 16 1 15 86 100 12 29 31 18 11 55 92 74 26 80 71 65 36 41 51 99 83 39 82 20 49 23 62 93 46 6 75 2 9 70 58 91
93 80 93 33 57 2 55 19 70 51 76 44 9 64 6 82 91 61 16 78 38 98 18 43 68 100 45 20 54 32 62 77 36 47 26 73 66 15 31 40 92 81 84 99 89 52 96 4 48 71 95 72 42 46 23 34 83 1 60 27 63 88 86 13 49 12 67 25 11 94 65 35 37 28 24 22 58 87 90 74 10 14 56 97 50 3 30 5 21 8 85 59 41 53
32 89 90 79 99 95 17 55 88 91 35 34 92 81 3 72 46 98 60 30 31 66 58 62 61 74 68 80 14 50 19 26 45
42 12 31 40 52 39 80 90 51 33 85 44 6 53 73 72 3 89 56 59 97 14 76 100 36 46 75 87 81 48 19 93 2 7 21 17 18 20 35 10 23 92 55
36 78 27 31 55 54 25 12 6 20 40 73 16 50 23 42 97 89 13 19 64 67 100 99 85 72 7 43 62 75 38 82 14 91 65 90 71
10 31 33 65 14 52 66 1 88 22 24
55 45 29 14 69 42 95 6 55 22 62 80 24 26 85 56 58 5 8 40 18 91 1 59 84 64 74 82 87 100 3 4 9 37 35 21 52 73 78 96 66 67 83 88 94 60 46 32 54 72 75 57 38 23 89 34
64 92 79 29 27 71 57 83 58 67 75 33 8 28 12 60 87 99 41 96 68 94 69 6 56 26 22 80 13 19 49 43 37 11 54 52 63 9 53 14 84 81 3 7 39 32 30 24 100 15 35 23 76 85 44 64 90 4 5 88 59 89 98 91 55
46 8 36 78 61 32 69 48 73 1 9 47 49 42 24 80 93 16 33 77 6 3 40 72 5 25 99 43 97 10 86 96 58 98 51 71 57 87 38 34 84 37 46 95 13 83 12
65 51 88 74 94 18 48 60 13 20 40 3 89 1 38 45 50 23 84 80 10 26 4 99 67 43 61 72 77 15 27 46 5 42 39 35 54 55 49 6 66 17 65 8 19 57 73 22 37 82 90 96 9 95 14 25 7 76 70 64 44 12 53 69 33 30
32 10 94 70 92 85 89 38 56 64 71 8 91 53 7 26 87 60 73 27 32 34 51 77 15 21 59 11 13 75 61 40 9
82 83 19 47 4 16 79 80 2 58 82 88 93 40 15 53 7 44 54 78 32 94 17 42 36 66 76 37 98 96 97 61 90 59 52 67 65 55 25 11 63 9 74 27 62 38 21 50 28 100 12 5 31 34 69 45 20 29 70 3 13 89 68 33 6 64 35 26 60 1 77 49 51 84 30 56 43 48 24 99 14 46 95
91 55 60 57 64 66 43 51 40 35 53 21 4 94 37 61 76 30 12 49 46 70 58 8 73 80 6 86 77 92 75 100 69 52 24 23 63 18 91 5 67 28 11 83 29 2 22 79 9 44 71 87 97 93 99 1 78 45 85 13 62 31 17 98 48 19 26 36 89 54 74 33 68 72 90 84 42 96 34 95 41 81 10 82 56 38 15 20 3 59 16 88
86 6 19 40 92 52 61 2 42 59 21 29 7 16 47 46 78 32 93 67 5 70 33 96 30 9 26 69 76 36 13 99 86 39 98 27 72 63 71 60 73 35 81 50 57 54 31 10 90 11 77 23 95 55 85 80 68 94 53 28 24 89 100 75 56 64 43 38 12 51 79 34 37 14 66 97 62 25 41 83 49 65 82 17 48 4 20
23 26 97 39 59 96 81 7 42 9 55 68 53 1 72 18 95 71 47 23 12 40 94 80
91 32 3 82 24 67 36 66 28 78 26 35 23 58 75 18 47 89 44 91 42 70 48 97 79 68 99 30 4 20 34 90 98 92 69 6 64 71 53 37 72 11 5 31 2 87 51 14 17 29 54 45 10 27 43 21 7 81 63 73 77 88 1 65 93 8 86 61 52 15 100 59 84 33 13 95 39 12 19 41 9 85 76 49 62 25 40 46 38 56 60 74
21 96 50 35 77 42 80 78 51 37 9 13 24 10 7 62 92 28 46 53 19 67
6 15 38 19 82 14 59
14 3 83 43 93 49 13 40 1 12 33 7 22 74 50
8 70 65 86 21 85 98 37 81
82 10 40 29 9 14 11 99 45 81 22 28 2 98 84 34 30 57 67 95 35 80 24 61 96 55 62 82 64 85 6 38 42 27 23 71 7 53 97 77 31 86 91 92 47 20 54 72 43 26 89 66 83 41 63 16 39 44 32 90 19 93 18 25 37 88 21 70 78 15 36 56 3 46 60 51 13 17 52 1 69 12 59
9 50 60 6 4 9 76 68 32 21
17 49 17 33 18 80 47 67 58 32 76 96 36 41 30 25 21 15
95 27 9 18 42 63 73 99 80 22 96 57 25 86 16 45 90 91 24 44 46 47 35 78 10 4 15 48 55 41 7 95 12 2 56 13 60 61 1 58 75 21 62 97 84 14 51 38 89 36 59 98 83 100 71 23 68 85 5 17 54 26 69 40 3 81 20 32 82 29 34 72 64 39 28 87 88 93 65 37 6 30 11 31 8 19 94 77 74 43 52 53 70 33 67 79
63 31 10 66 43 21 98 84 82 49 74 28 68 78 86 30 4 54 62 56 20 25 15 67 39 70 16 90 6 48 35 71 69 26 50 17 22 79 9 36 61 93 24 96 60 87 99 52 64 83 37 58 95 92 44 27 1 94 40 14 32 77 63 75
97 64 11 36 10 7 69 54 80 75 27 16 70 41 76 90 32 18 25 37 1 5 79 30 2 86 100 92 44 47 48 51 53 14 71 61 13 68 43 21 20 39 22 52 63 91 3 33 84 31 73 23 98 55 77 72 87 96 56 49 38 9 42 67 62 93 15 50 45 95 6 83 12 99 4 82 57 46 65 66 34 88 97 40 78 81 8 94 29 59 89 60 74 28 58 26 85 19
93 68 71 21 47 22 13 97 52 9 53 60 67 51 38 78 41 75 34 82 65 70 72 11 2 44 86 63 20 40 100 59 96 88 48 54 19 32 4 92 99 50 74 90 1 7 49 23 17 89 69 29 93 3 61 76 5 81 6 58 10 16 46 35 94 14 95 26 12 56 87 42 8 77 25 36 55 91 37 85 24 64 66 84 43 30 27 33 31 15 62 18 73 83
30 10 29 81 79 20 24 69 17 93 62 48 38 40 85 53 56 74 55 27 25 3 71 76 77 91 58 4 59 99 65
12 63 59 75 20 72 27 33 40 85 18 12 24
11 13 1 81 65 21 3 31 17 78 30 22
26 29 18 60 39 65 31 19 28 93 78 70 90 50 69 100 97 45 77 64 43 89 7 33 80 12 41
100 50 32 87 5 11 33 66 72 34 54 82 98 65 40 61 14 9 53 88 81 39 59 30 80 2 20 49 62 70 23 28 63 3 21 60 12 52 35 47 69 48 73 64 10 77 95 17 85 92 75 79 6 94 46 56 71 26 4 18 90 42 25 44 84 1 100 43 58 68 29 97 7 41 89 91 86 19 78 8 83 93 76 16 96 27 38 15 99 13 36 45 22 67 24 51 74 31 55 37 57
42 71 36 54 50 45 81 48 83 26 67 27 33 64 97 69 30 82 3 35 74 76 12 16 42 93 68 31 51 52 7 100 23 19 39 87 88 1 89 4 15 25 73
2 18 63
54 81 15 67 52 71 50 59 55 58 73 30 18 34 72 93 80 64 87 68 7 99 94 45 60 97 23 46 25 78 86 32 5 79 74 10 66 92 6 19 100 27 3 83 62 56 63 2 84 95 14 41 29 16 12
35 1 18 44 9 88 89 76 52 35 55 68 66 27 69 75 32 82 28 74 84 6 14 39 65 99 47 38 51 29 85 96 36 42 49 93
48 54 6 31 80 49 52 63 47 67 46 50 39 36 93 81 45 65 75 94 72 53 57 41 85 64 69 19 27 92 40 96 18 44 26 12 71 30 86 78 60 35 10 32 66 99 17 8 21
48 80 32 89 64 23 10 44 21 25 41 22 33 31 2 79 35 26 54 13 42 52 14 60 43 16 78 95 46 53 17 39 87 55 98 85 8 82 96 1 61 27 93 73 68 19 90 66 75
59 82 29 3 72 45 79 69 44 100 50 59 34 54 39 89 22 81 76 49 58 61 75 42 43 17 46 84 38 9 37 8 63 53 56 66 40 15 2 6 33 5 64 74 93 52 26 88 12 20 47 80 90 35 73 86 25 85 32 92
22 54 63 78 62 13 16 68 37 57 93 100 70 73 80 34 65 29 98 81 82 61 2
78 9 3 41 56 26 67 61 97 99 76 35 33 22 69 92 39 48 94 12 46 25 50 27 45 5 42 36 64 59 1 75 70 21 93 19 52 17 95 43 65 79 96 68 55 37 2 88 100 8 83 91 72 84 14 47 85 58 49 57 80 10 63 18 44 6 15 23 13 51 32 73 20 98 87 38 66 4 60
1 53
4 31 16 8 3
33 69 54 25 75 76 17 80 55 62 29 42 66 13 21 98 91 57 88 2 87 23 52 64 32 84 90 99 40 20 34 16 46 72
44 70 13 39 30 1 25 59 56 66 15 17 79 71 40 85 31 89 92 34 87 41 83 54 51 63 78 47 5 21 76 74 90 38 58 99 3 72 82 12 44 27 33 88 28
1 85
1 93
74 32 67 97 89 23 77 45 57 94 69 95 84 6 25 88 1 79 73 90 38 44 56 11 83 4 66 18 16 28 60 37 47 46 74 26 58 76 48 5 30 31 43 15 22 40 100 65 29 86 55 41 72 99 92 2 87 36 80 39 93 21 82 3 81 50 27 51 52 71 75 49 8 61 13
82 82 79 60 71 13 36 25 28 76 59 56 87 73 58 62 91 5 19 72 32 65 93 84 100 52 96 21 67 29 85 78 61 30 3 41 83 86 64 22 31 77 14 9 35 81 6 57 88 69 23 33 7 1 75 97 4 55 12 48 80 20 10 74 70 38 42 24 44 16 68 18 47 95 46 45 51 26 50 27 54 63 66
35 19 64 96 84 4 23 99 37 74 14 69 60 92 78 27 48 62 79 15 82 80 30 75 33 87 47 3 70 10 1 61 63 100 36 76
29 66 52 39 1 25 50 33 31 13 48 63 87 90 75 69 44 19 51 95 5 53 27 32 22 93 91 9 54 97
68 83 10 19 73 42 6 88 34 30 7 64 52 45 77 16 89 23 43 69 17 11 32 99 37 100 96 1 68 12 91 54 65 5 3 47 44 14 25 13 2 55 67 90 22 35 57 15 70 76 20 41 36 86 46 82 9 49 24 21 53 98 62 71 51 40 81 38 27
84 38 92 68 37 29 33 98 5 35 77 14 83 94 18 8 51 52 11 42 78 100 87 36 57 39 85 40 59 30 72 2 73 22 70 19 9 99 12 15 49 46 76 24 60 86 10 23 21 96 47 17 64 81 28 45 20 34 91 80 63 54 53 43 4 31 75 66 61 56 65 1 44 27 50 55 90 82 32 84 25 74 13 89 48
60 79 59 18 34 49 27 57 8 82 9 71 69 73 100 17 75 37 50 93 48 23 22 62 70 58 55 32 98 64 39 26 43 1 91 47 65 88 46 60 74 51 24 41 78 72 85 6 68 92 77 5 28 19 90 7 87 81 63 45 40
95 97 98 48 91 11 81 24 45 17 75 53 47 74 7 18 30 52 55 12 95 66 83 26 29 40 3 92 21 54 23 89 60 79 84 69 58 62 5 27 31 86 61 82 88 87 25 85 50 1 22 15 51 80 33 94 2 9 20 70 90 49 73 96 57 46 32 65 42 100 43 68 72 19 76 13 93 39 6 99 8 34 63 16 78 44 71 10 64 36 67 37 4 77 38 14
99 27 89 86 4 31 75 2 76 35 66 23 71 96 24 77 97 28 83 100 26 90 22 92 91 17 6 44 9 47 38 29 30 57 58 60 41 54 39 5 94 62 56 48 19 67 88 1 16 78 15 93 84 68 61 37 10 74 43 98 3 20 11 21 64 18 40 13 59 73 14 53 99 69 33 34 55 80 51 50 79 36 81 49 82 87 95 72 42 85 63 65 45 8 25 12 52 46 70 32
44 47 70 20 69 64 34 56 89 42 68 58 60 81 25 3 41 71 100 22 23 67 26 11 30 65 78 10 17 63 37 1 51 93 66 28 39 2 96 76 33 82 36 88 98
19 76 29 53 89 86 39 20 21 18 3 73 32 81 19 4 49 35 43 64
52 89 4 65 83 79 51 84 69 66 34 85 32 41 68 18 95 30 33 50 11 61 82 25 81 86 49 80 73 17 10 29 87 13 2 76 96 3 48 1 37 91 57 38 88 15 58 21 22 12 43 77 8
79 45 91 76 96 19 99 80 49 64 15 93 83 34 47 16 39 42 2 12 77 8 48 33 63 13 51 21 73 98 58 4 78 100 95 66 97 69 14 28 37 27 40 35 86 17 65 90 26 62 70 59 71 25 88 1 54 24 44 30 32 22 56 5 38 60 72 55 94 20 75 53 3 9 89 74 18 92 52 10
29 73 32 10 57 75 100 6 39 17 81 89 55 16 94 52 56 53 62 38 87 86 21 65 96 99 42 61 91 80
39 27 75 100 81 42 78 94 71 47 28 85 92 30 59 11 3 76 35 93 58 45 17 40 74 79 46 95 70 31 56 37 38 33 19 41 72 2 51 86
65 84 76 21 85 31 42 94 97 73 45 64 14 74 24 52 47 1 50 95 43 65 72 75 58 90 19 25 82 55 6 86 32 27 29 38 57 78 79 17 69 56 77 44 92 26 53 62 67 15 88 49 4 46 99 83 37 40 34 39 70 68 2 93 87 63
2 38 71
84 93 57 3 52 78 40 10 17 20 7 27 73 25 54 6 60 46 90 43 89 39 8 1 36 64 24 72 59 12 75 96 77 15 44 18 80 83 51 42 91 28 30 87 16 32 76 66 13 61 22 9 50 45 79 81 4 68 86 26 5 33 21 99 98 2 56 85 48 19 29 100 53 35 14 67 49 11 97 70 95 94 82 38 71
40 76 40 8 97 23 77 57 67 90 80 61 4 45 31 20 29 42 21 17 85 66 100 93 12 19 32 39 55 51 86 99 43 82 2 1 91 50 27 48 38
26 6 11 10 64 74 27 14 43 86 22 95 88 73 44 24 84 26 5 45 9 34 30 53 8 48 16
9 21 81 30 5 31 96 45 3 97
95 83 13 80 36 26 62 1 16 60 87 9 48 93 12 89 59 53 24 55 58 86 73 4 7 25 44 33 61 38 99 15 39 78 74 70 22 56 43 6 3 45 69 77 88 64 5 46 66 37 85 92 82 29 95 81 32 30 14 35 67 28 65 98 96 19 27 40 94 90 52 20 54 49 2 31 11 84 41 18 8 72 17 57 100 47 21 79 91 34 71 75 63 10 23 76
99 86 88 14 54 52 89 16 59 53 82 38 96 83 42 27 4 56 70 29 1 45 11 99 39 36 23 12 5 60 34 22 97 94 68 32 37 62 74 57 24 76 77 2 72 7 95 35 40 6 84 13 9 55 49 17 33 69 75 3 20 31 87 93 98 50 91 63 15 30 48 41 10 100 43 25 81 58 61 65 92 80 18 47 90 21 79 28 66 64 44 26 51 73 78 19 85 71 67 46
38 68 26 83 95 46 63 44 81 17 20 28 15 67 10 98 6 49 39 65 23 61 40 96 5 1 93 100 57 92 50 85 21 36 55 99 72 3 90
56 37 67 46 74 23 39 81 19 55 66 32 79 45 65 25 7 27 53 12 89 54 29 92 90 40 8 50 10 83 35 3 43 64 21 1 14 26 15 88 22 70 68 82 2 84 80 13 71 97 38 100 42 4 30 28 49
48 31 42 61 9 84 40 62 8 81 54 65 92 5 99 73 38 93 12 3 24 87 68 17 4 46 96 29 33 51 23 34 10 79 21 59 44 82 91 98 89 77 7 69 43 22 45 95 90
64 94 80 15 77 78 14 99 27 44 11 52 100 48 18 95 93 46 51 65 75 74 62 38 20 61 25 37 35 82 85 22 58 88 45 54 87 36 26 60 6 86 41 47 32 13 68 96 50 43 89 28 64 42 63 55 71 79 3 90 97 2 33 16 69
