80 100
3107929 48 973 29301508 9 695 30188859 5608 4450 621810551 7 7067 38 3581 10 314 58978 45 94 77429 9 81707549 2 5119 72398 5 25434 4 14453 7356 5522219 321037432 224 238806205 81995 8 396 91537200 85073957 4790 186185 115731 5588 354536097 40 470681 39141641 9 929612377 55449654 23457287 855 513 55 7 7032736 952372 709 6074875 396 6639 677096 7685499 8490554 51058182 71905762 1720 740979527 7812509 98651 51581892 7550 89921940 101511 7507577 56022157 3 5495 3114 692191
22 7
17 29
69 23
57 72
72 43
52 7
11 8
60 58
34 76
77 42
56 8
77 44
64 25
15 55
80 32
62 1
44 77
13 72
49 25
6 24
50 58
41 77
30 7
8 5
69 15
66 62
10 57
53 57
13 62
74 40
18 13
43 51
60 30
79 78
33 14
51 49
75 57
37 74
47 64
70 55
58 35
37 33
61 6
11 75
36 18
43 69
19 9
12 57
77 5
9 61
34 9
24 23
41 29
16 24
43 60
54 66
51 56
74 13
45 59
49 31
39 53
48 72
9 7
54 16
47 62
67 30
20 57
30 14
74 66
36 32
80 20
35 71
56 70
66 13
66 71
9 15
13 19
47 25
70 80
3 29
58 24
5 79
78 33
22 68
68 25
75 22
74 1
38 53
64 25
38 48
27 18
58 23
74 76
58 56
28 80
19 56
64 47
38 78
49 57
25 57
100
75 75 62 99 84 31 92 91 97 68 74 34 36 86 26 96 42 29 14 20 22 28 90 41 57 5 15 66 24 81 40 3 23 58 71 76 55 35 60 19 49 95 87 83 70 8 52 33 54 51 37 53 65 7 4 93 45 78 25 18 72 10 1 48 12 46 98 27 56 69 100 59 30 77 43 61
95 78 20 66 70 16 93 15 10 97 8 60 74 68 37 50 30 28 73 62 91 54 80 33 77 6 65 79 40 51 11 85 5 32 98 94 71 3 38 59 48 25 88 1 58 67 36 47 46 64 45 75 17 24 81 82 39 95 87 49 92 31 29 76 22 4 14 43 35 44 61 55 2 52 18 34 72 96 21 89 83 27 42 57 63 23 12 41 90 86 7 53 69 19 56 99
87 9 86 89 49 45 97 67 51 42 27 11 60 7 34 54 79 31 91 74 6 8 68 50 98 82 63 28 23 44 90 99 53 96 22 93 57 4 76 70 10 19 20 2 83 58 77 16 75 56 18 39 62 59 38 78 25 1 94 30 24 40 15 29 21 33 36 65 88 95 14 3 32 92 13 17 41 85 64 52 37 48 55 84 26 43 72 80
14 76 94 31 21 63 98 99 26 48 55 52 97 28 30
58 55 48 35 71 58 99 60 51 22 84 32 42 9 53 31 47 90 45 5 27 23 40 37 39 33 75 96 54 65 87 81 64 89 79 62 88 10 97 77 78 63 59 83 4 17 85 98 44 26 68 82 93 3 80 36 94 69 100
26 77 38 40 86 51 52 31 70 29 85 69 93 60 87 74 76 62 24 15 92 97 18 22 20 17 59
42 24 20 76 34 79 71 48 39 16 23 95 29 67 75 43 92 47 86 7 81 11 28 91 12 50 77 55 9 21 49 38 53 54 87 17 66 73 97 93 6 35 22
17 70 13 42 61 69 33 17 60 82 4 37 59 62 78 76 52 34
80 58 24 20 12 77 44 30 35 11 41 6 53 82 21 81 79 22 27 62 69 3 17 1 89 19 43 55 37 45 34 97 18 38 61 14 5 8 100 51 52 86 56 7 29 60 57 66 98 23 74 59 78 95 28 4 39 99 46 88 93 32 13 87 85 9 71 70 26 50 75 16 91 49 36 33 31 40 76 42 80
95 95 20 3 42 92 63 6 71 41 40 82 23 26 67 99 72 54 19 21 33 86 10 49 58 7 12 66 44 100 88 28 2 27 73 50 25 59 83 81 78 16 85 57 22 93 43 79 87 90 94 31 51 96 9 13 69 32 48 47 84 70 89 4 46 53 56 60 52 64 38 98 29 80 55 62 68 24 45 36 39 76 61 75 18 91 74 35 5 1 34 17 30 97 15 65
63 93 74 42 70 88 15 58 32 59 46 3 54 17 11 87 13 96 30 76 23 57 18 61 33 43 14 34 55 47 7 62 69 37 82 64 100 92 12 26 78 16 90 29 21 75 51 63 99 98 2 86 94 67 97 20 73 28 19 48 50 8 65 31
92 78 89 11 52 74 29 92 94 59 16 60 61 87 69 63 32 26 72 91 79 25 76 84 43 21 13 35 37 46 64 54 8 70 99 68 15 77 100 48 22 81 17 58 24 62 23 90 27 44 67 85 33 57 66 9 14 98 82 45 47 12 1 55 75 96 7 18 20 83 41 73 10 4 51 34 40 86 56 71 6 19 36 65 53 93 88 49 3 38 31 28 5
57 19 42 29 18 35 40 75 12 99 57 41 22 76 98 13 59 65 87 71 82 47 51 16 5 7 23 69 2 17 84 1 56 8 83 21 100 61 30 14 66 52 43 92 36 54 38 45 55 93 11 91 6 67 3 68 64 15
82 68 2 1 94 39 96 18 74 43 71 66 80 98 91 30 38 45 81 92 49 5 82 33 52 57 27 42 37 97 61 62 90 88 95 79 36 54 10 40 65 6 51 48 84 89 41 44 73 46 69 53 4 99 77 17 63 75 64 76 23 22 20 9 11 60 67 59 24 7 87 32 100 83 86 15 14 85 34 55 28 16 78
36 70 68 69 61 17 46 65 79 31 53 78 60 11 5 80 35 57 91 81 42 84 37 23 54 45 93 3 40 20 10 63 72 64 74 88 15
23 33 40 58 99 2 18 46 86 92 97 13 69 41 87 42 56 36 43 63 79 44 38 66
37 80 55 22 45 58 60 75 19 61 5 27 100 40 23 12 96 84 8 26 53 50 46 4 48 70 78 3 41 17 71 37 6 52 59 81 1 21
61 25 2 88 97 90 81 63 10 72 47 100 73 39 52 70 1 31 46 11 27 80 9 53 45 51 24 83 6 3 22 65 76 35 55 98 84 78 74 66 34 44 69 68 13 12 71 14 62 43 19 23 56 18 37 42 94 30 8 48 40 67
85 10 97 55 28 54 72 77 85 80 38 56 43 98 26 31 15 58 91 50 95 42 88 20 36 9 79 78 63 27 94 68 45 100 19 13 30 48 5 7 93 1 86 39 92 51 99 87 18 33 25 12 37 17 3 4 66 52 22 64 89 90 81 53 2 44 29 40 21 16 24 47 62 84 57 8 23 83 67 41 75 14 65 76 69 11
4 51 39 5 93
46 80 7 88 30 73 19 90 26 8 35 68 62 55 97 14 65 48 1 70 72 9 27 28 94 41 39 93 76 78 13 20 31 38 43 89 44 54 37 15 64 22 18 3 79 75 74
86 79 91 28 85 56 74 93 52 55 26 15 1 14 7 100 67 76 82 45 34 64 49 78 87 16 13 58 17 68 10 11 97 98 51 92 62 23 42 71 95 63 90 18 6 54 5 8 70 65 20 36 31 38 50 12 25 86 80 99 47 39 73 4 3 61 88 41 60 43 27 24 66 72 83 53 46 32 69 33 22 57 84 75 89 37 40
70 94 47 68 26 73 32 20 83 75 9 84 6 14 95 23 81 37 1 36 62 85 100 78 65 86 51 15 39 74 67 31 54 61 45 71 29 18 4 70 55 11 19 72 53 87 35 92 48 43 58 96 28 12 44 60 17 10 27 69 91 13 98 46 33 59 41 3 8 34 79
69 10 24 65 26 31 57 1 58 78 89 51 41 71 50 55 35 14 80 37 74 67 13 62 64 75 21 7 94 46 61 20 72 5 38 32 3 70 27 91 48 59 68 17 15 43 12 28 25 79 56 54 92 63 9 4 98 23 2 82 6 81 60 83 93 96 36 34 53 66
53 27 7 68 22 82 34 76 89 12 35 13 80 47 91 46 16 64 58 95 88 54 20 73 87 94 61 70 4 37 97 5 29 51 40 30 48 55 67 84 50 90 39 60 45 26 28 83 77 21 81 17 62 98
5 46 77 76 44 85
2 97 47
70 77 82 89 32 85 12 62 3 76 97 81 25 14 28 23 9 13 86 72 27 83 49 43 35 30 31 58 4 93 8 98 95 74 80 60 22 69 61 42 51 59 29 99 55 90 1 41 6 78 52 87 96 65 47 21 71 92 66 40 5 45 15 20 73 11 53 94 16 64 19
4 50 31 91 23
29 50 71 98 42 19 73 83 66 18 1 93 44 2 24 79 30 58 25 33 4 5 63 13 10 54 15 48 62 52
33 10 41 78 63 59 69 37 16 74 98 80 42 62 43 15 58 99 95 40 8 17 52 94 33 91 29 72 23 76 90 75 73 7
9 1 50 26 62 59 72 22 97 35
34 9 84 81 57 25 7 72 54 56 99 75 80 35 92 29 47 8 27 32 37 39 60 15 52 22 78 2 44 53 21 62 48 28 86
60 17 74 97 10 78 3 42 92 8 53 47 2 66 9 38 25 69 39 87 14 22 19 62 80 86 70 5 52 48 83 84 88 61 51 30 26 34 75 31 33 21 67 57 99 41 90 95 71 54 49 82 43 68 85 6 44 63 46 100 15
41 12 20 65 83 96 76 66 93 1 92 34 7 57 70 4 8 50 3 19 45 62 40 25 88 23 85 24 89 54 74 97 84 75 37 78 43 36 18 39 51 71
23 94 77 58 56 20 68 97 61 17 13 87 48 93 80 86 1 22 59 12 7 37 83 43
75 34 82 86 85 36 64 14 80 66 11 2 96 4 40 97 78 54 100 72 21 50 6 92 39 7 42 51 53 1 31 5 62 32 28 12 79 41 84 27 17 75 10 83 9 44 49 88 24 91 18 20 55 71 94 38 89 69 43 22 46 65 29 67 81 26 74 15 16 48 47 56 58 52 37 13
95 52 44 14 20 32 49 71 97 54 8 9 21 50 53 98 38 4 40 36 88 79 15 45 58 23 22 24 27 33 12 85 1 42 73 28 17 11 84 47 43 76 25 69 60 39 64 93 59 65 48 91 94 75 46 16 10 70 51 100 56 34 30 62 7 18 66 90 3 61 82 35 99 26 89 86 96 81 57 67 55 78 80 19 29 13 77 83 74 41 95 37 6 87 68 92
13 91 60 40 88 21 89 56 25 5 36 6 8 65
49 79 18 84 24 15 1 14 3 41 37 58 80 63 38 73 85 34 17 40 28 71 64 51 26 13 66 91 54 93 90 68 33 11 65 45 83 25 47 99 76 10 8 5 92 2 32 21 52 29
55 74 93 73 37 59 80 21 17 71 33 13 55 56 100 3 49 60 89 1 19 34 8 51 85 95 4 35 97 18 47 77 82 64 45 43 91 94 90 28 24 6 92 11 81 25 10 58 41 75 72 5 38 84 32 99
90 99 88 79 32 26 23 17 13 6 62 85 100 91 83 87 53 96 39 54 52 73 59 38 67 61 64 37 97 77 75 14 42 50 68 36 63 18 80 57 15 72 9 1 28 4 22 44 7 27 81 25 84 11 10 55 93 82 35 95 47 43 8 66 74 58 48 94 21 51 70 12 71 65 33 60 89 45 69 3 24 31 49 86 78 2 40 98 90 92 76
93 100 51 20 97 41 89 70 78 48 36 43 12 30 45 84 95 27 56 87 81 66 96 52 64 17 19 47 79 68 28 85 29 91 59 40 75 44 25 26 94 11 33 35 80 86 82 1 73 37 22 7 32 71 93 38 46 34 16 88 13 50 58 72 5 39 4 98 8 65 99 31 42 74 55 24 77 2 92 9 49 69 54 60 15 18 67 61 53 90 10 57 21 76
52 56 13 82 44 50 71 38 66 68 46 80 20 55 9 15 60 39 51 29 98 87 23 41 72 75 36 52 2 53 77 85 94 42 10 70 54 47 14 96 18 4 76 73 79 78 1 88 26 31 48 86 67
33 27 42 41 83 20 56 60 39 73 84 6 55 37 57 69 89 51 16 54 26 19 100 10 50 88 36 78 38 1 3 66 68 43
74 40 24 97 3 2 61 38 96 37 52 20 69 88 64 15 68 51 26 76 7 36 30 10 5 28 82 83 35 80 33 34 23 54 14 4 44 87 57 58 91 6 9 12 86 85 77 71 79 98 22 67 94 18 8 90 81 21 1 84 17 11 100 29 46 60 41 53 25 45 92 99 48 27 78
3 30 62 90
86 38 70 2 41 66 22 46 68 19 9 56 42 87 11 28 71 48 14 16 23 85 3 62 47 27 31 81 10 33 64 15 86 58 43 7 63 37 40 35 75 57 88 44 76 90 100 26 39 51 45 65 32 52 99 30 50 92 55 59 96 93 94 80 12 69 21 78 95 83 36 18 72 89 5 29 73 79 4 1 20 8 49 24 97 67 17
41 28 79 68 47 62 96 59 44 7 88 63 82 93 90 29 50 52 32 84 18 38 87 85 89 24 42 5 99 74 51 21 4 65 73 35 2 10 100 33 25 31
58 86 33 79 89 15 44 16 71 46 13 36 54 43 23 98 24 61 62 20 82 49 55 31 50 100 75 29 40 88 17 42 26 80 96 38 74 70 90 1 14 65 32 63 7 5 93 35 27 72 73 21 30 94 60 85 18 57 77
75 73 61 5 2 96 63 31 15 20 40 74 94 79 18 48 62 34 100 52 13 55 38 90 84 22 21 33 57 72 32 1 76 65 67 9 39 80 54 17 24 64 26 14 11 81 93 37 25 95 19 77 7 66 41 53 47 4 85 6 51 97 44 35 89 56 8 58 75 45 29 49 91 71 82 70
9 97 87 69 76 40 3 71 91 21
86 62 94 92 89 91 87 66 97 21 34 95 93 88 67 59 64 26 72 63 74 96 38 54 9 52 55 100 48 32 49 60 56 23 18 44 16 85 57 53 83 4 30 14 98 75 78 29 84 6 58 90 81 24 41 3 73 69 71 7 61 1 5 13 15 2 36 11 43 28 31 65 45 46 70 50 37 35 99 51 86 76 79 82 10 19 20
81 63 46 29 74 55 27 49 70 60 17 57 11 28 81 20 3 72 9 97 85 44 68 100 1 31 79 22 73 47 84 61 7 39 26 59 51 78 54 48 67 42 36 95 92 69 40 14 87 41 5 80 99 53 16 13 82 66 50 96 23 65 43 83 98 38 33 71 34 76 94 64 35 45 6 19 93 18 86 37 8 91
25 93 4 74 30 36 39 63 12 8 76 55 48 35 50 75 56 85 57 61 14 49 97 51 81 95
76 30 20 99 50 5 12 82 27 94 62 61 31 98 26 65 68 78 14 85 2 37 9 36 57 75 38 45 58 93 1 35 56 64 55 4 7 59 74 21 77 88 43 96 67 18 49 42 52 29 13 69 70 76 72 24 23 89 97 41 10 11 73 95 90 8 33 86 19 84 91 46 81 15 87 3 17
56 74 33 59 25 12 26 38 94 41 4 99 52 68 6 51 96 2 48 23 35 98 90 95 86 84 30 36 1 32 13 9 93 63 15 10 40 67 89 7 42 91 64 71 50 44 81 97 66 21 75 46 72 77 45 61 37
72 48 78 60 53 97 74 13 21 29 6 67 20 32 16 93 2 77 43 99 94 87 24 55 36 19 86 10 39 76 37 62 92 42 4 95 50 7 89 51 65 90 25 75 8 27 30 26 9 88 47 44 96 3 45 80 12 17 56 85 64 28 18 15 31 63 52 46 49 79 58 98 68
32 10 57 85 1 33 9 14 25 81 45 23 36 82 42 21 6 28 62 61 72 73 69 67 53 68 92 31 88 7 43 74 76
83 30 7 10 2 89 84 51 63 86 53 38 34 6 94 62 56 44 54 41 49 25 72 48 5 59 96 26 4 76 8 87 66 74 13 17 61 78 29 79 16 39 80 97 83 46 27 11 64 22 36 60 15 69 37 43 45 99 65 42 77 93 68 91 50 55 12 90 98 100 18 21 95 58 57 85 82 70 3 24 35 81 31 52
66 36 1 45 49 92 16 60 80 22 77 48 41 90 57 29 31 54 18 17 58 91 96 72 20 13 55 67 76 21 35 97 56 53 39 27 23 87 85 33 37 70 99 40 59 4 6 15 64 10 82 38 5 28 12 9 47 86 73 2 61 68 11 88 84 89 71
23 6 89 40 16 78 60 3 45 20 41 71 85 63 21 96 15 28 14 30 17 53 50 42
56 37 75 13 26 85 4 86 66 97 79 2 28 100 73 43 72 7 99 59 74 84 52 17 68 55 31 61 70 6 91 40 9 38 41 56 49 25 10 48 33 27 19 36 82 14 3 1 58 65 89 24 47 44 53 16 90
4 92 88 40 63
86 33 42 40 17 20 30 82 74 77 67 32 54 39 62 92 65 12 16 47 31 87 55 28 79 13 22 43 84 25 52 83 49 6 35 3 94 61 96 38 75 73 70 64 7 85 100 60 48 2 99 41 98 66 68 1 89 5 51 57 76 63 27 4 78 45 58 10 14 26 21 71 72 36 23 15 24 80 86 11 56 9 90 53 97 91 50
47 92 30 53 78 74 90 93 100 42 11 58 83 95 40 8 56 12 77 35 27 17 86 25 69 73 21 97 85 79 52 45 62 18 99 3 4 31 54 22 71 16 98 51 67 60 47 6
73 53 96 40 16 77 73 75 65 87 93 51 86 9 2 64 91 43 66 69 48 74 67 81 95 72 25 50 38 49 44 63 14 35 61 31 59 84 24 13 88 85 60 1 47 46 22 54 28 3 36 52 5 55 97 70 57 33 94 34 56 98 23 10 26 37 4 20 19 29 41 27 83 71
12 86 70 63 76 11 56 91 71 39 23 9 66
89 5 23 97 44 10 21 2 80 7 100 77 54 68 62 48 47 51 11 60 74 40 43 18 20 55 30 22 6 94 32 9 99 14 57 66 87 63 91 65 50 90 71 31 79 28 15 27 29 83 78 96 58 26 85 33 52 49 38 42 46 13 3 8 61 69 98 93 81 92 95 35 36 1 89 41 25 84 4 37 70 17 24 88 73 82 67 39 72 34
83 49 5 13 100 77 16 3 89 74 76 40 39 70 83 10 17 35 68 43 24 52 12 63 98 69 93 26 46 9 29 57 50 64 53 60 79 1 18 94 37 32 55 66 41 47 45 61 36 73 56 86 25 88 51 59 15 95 21 78 80 82 8 22 85 44 19 72 14 11 30 96 6 38 71 81 97 7 87 48 92 31 67 84
30 12 21 98 69 68 28 48 41 82 99 80 25 74 8 62 45 84 5 36 30 97 39 91 54 33 18 22 10 11 7
37 88 15 99 33 37 57 71 40 39 64 20 17 59 27 48 65 16 29 81 21 58 90 44 49 52 53 79 32 43 54 3 75 55 69 2 14 95
15 88 29 18 31 57 2 43 22 82 59 53 68 96 99 7
1 26
48 18 63 36 57 42 44 4 51 26 76 55 60 33 73 31 82 96 37 70 94 100 32 46 1 98 95 47 20 72 97 38 52 8 71 69 45 64 53 23 81 40 61 54 19 49 48 87 79
93 68 28 43 94 12 24 83 91 67 80 56 5 40 23 21 30 18 87 82 52 45 77 100 86 17 53 62 42 19 58 26 35 60 33 49 95 4 70 13 48 72 39 2 96 1 71 50 93 66 51 54 79 92 76 34 9 98 61 75 3 16 29 59 44 47 63 10 32 11 99 90 25 89 97 88 81 78 14 6 55 73 22 85 74 8 7 41 64 46 36 15 31 27
37 41 70 19 40 80 24 92 64 35 56 39 72 100 83 98 36 18 95 29 90 68 53 6 54 62 96 27 86 66 85 89 2 25 93 48 12 79
35 34 35 76 29 33 68 63 28 46 39 31 72 69 92 14 36 9 73 48 32 58 12 8 26 49 13 75 53 71 95 40 7 89 86 51
7 4 6 83 57 23 56 40
24 58 6 12 3 50 25 88 52 19 1 74 95 34 83 13 61 73 42 24 66 67 68 21 87
9 72 20 33 23 67 95 9 46 35
7 67 36 89 20 9 57 87
65 85 69 74 77 100 80 29 9 56 7 4 58 24 31 79 93 63 88 27 10 67 96 36 37 65 82 30 5 41 8 2 94 61 54 76 17 64 51 50 98 49 97 57 16 81 26 14 6 43 15 23 86 52 95 83 62 84 20 99 1 48 53 78 45 13
4 75 36 43 34
24 30 76 81 27 71 72 8 22 40 54 99 48 93 15 67 57 100 87 56 45 12 50 47 16
78 7 43 27 64 60 61 71 40 68 55 90 98 5 17 41 63 18 99 4 86 66 3 8 28 48 31 1 73 21 80 84 6 94 67 25 47 33 72 45 92 56 100 20 95 78 82 54 19 13 22 46 39 38 12 32 91 14 52 53 2 88 15 58 57 42 93 76 34 81 49 23 87 74 50 26 9 11 62
97 54 39 57 14 88 52 46 11 28 81 43 64 29 20 2 70 55 65 45 71 53 5 6 31 59 92 93 7 61 37 47 49 48 86 16 85 67 27 23 32 73 79 3 60 44 19 4 87 21 100 50 17 76 96 91 24 22 1 56 38 25 8 15 69 84 97 36 12 77 42 99 34 10 80 62 74 90 51 98 40 72 63 33 94 9 41 30 75 66 89 26 78 58 13 82 68 83
18 79 12 47 19 35 80 70 21 41 59 4 24 96 9 69 60 34 63
20 9 12 48 72 26 56 32 11 5 93 74 90 19 70 3 62 88 4 79 60
48 79 51 5 30 88 18 70 11 37 26 82 94 34 86 99 7 95 69 60 53 87 28 63 93 2 65 92 71 9 16 6 47 25 23 10 73 3 44 14 50 35 40 49 72 84 77 27 85
81 35 69 4 67 18 27 60 79 46 50 1 29 94 43 37 93 92 99 42 48 66 12 86 10 78 21 47 56 88 96 58 5 6 49 71 61 13 55 62 53 40 72 75 70 3 77 24 16 2 85 32 90 15 64 39 28 65 38 22 11 31 8 26 84 100 81 98 36 89 91 59 20 51 63 41 54 30 45 17 44 83
87 78 95 28 80 16 40 53 65 97 51 72 34 44 79 73 86 89 6 94 2 68 90 70 26 88 14 39 46 50 41 98 100 38 63 99 87 92 43 75 19 13 76 55 20 96 3 57 4 67 54 85 66 32 29 30 91 5 81 82 71 1 84 8 31 62 58 37 52 42 11 60 21 18 23 25 36 74 77 45 12 27 9 47 64 49 61 69
94 71 23 49 66 35 4 1 20 34 10 2 83 30 22 56 40 54 60 73 94 47 61 32 59 76 41 55 92 21 67 7 19 16 27 95 78 89 51 39 69 37 33 26 97 9 100 57 75 58 82 24 15 90 3 6 88 62 77 45 50 38 8 87 42 84 14 13 70 93 31 96 44 48 85 68 25 64 80 79 81 36 52 17 53 99 63 11 5 98 28 91 43 86 65
48 22 3 76 32 87 69 93 19 39 90 21 55 37 66 96 13 84 89 68 56 85 35 64 15 9 78 40 88 63 8 26 71 2 34 60 97 47 70 20 5 82 62 72 27 81 44 57 7
84 74 1 11 90 37 63 12 64 73 59 94 38 97 5 60 53 83 89 10 77 72 69 34 79 16 7 48 57 32 20 81 2 66 95 14 41 93 26 80 61 36 6 58 13 19 44 28 22 88 52 25 75 96 78 62 85 31 4 56 92 43 84 24 21 17 18 50 15 3 71 33 8 35 91 98 55 45 27 29 30 54 49 76 23
88 4 57 61 32 18 35 66 40 25 43 13 9 72 48 26 17 65 44 90 55 30 83 74 99 10 1 70 47 34 93 82 19 91 96 100 84 7 21 31 36 11 2 45 53 94 88 79 60 69 14 15 62 6 54 58 87 49 28 81 41 27 97 12 73 29 75 64 76 52 71 77 3 95 89 80 67 37 39 78 22 85 24 38 92 86 63 20 51
59 49 47 95 31 57 88 45 62 7 63 54 55 78 52 42 24 83 18 26 9 79 70 29 100 11 72 66 19 34 20 82 35 12 86 90 53 91 56 51 61 17 33 10 3 15 4 81 30 65 76 68 97 87 14 41 85 75 84 96
35 10 81 54 2 96 50 76 8 40 83 53 29 28 60 25 74 14 44 36 27 63 32 9 70 73 34 97 46 57 72 13 11 21 33 75
68 64 21 12 29 66 63 41 70 40 22 55 85 24 96 15 35 16 10 45 42 73 60 56 75 17 39 6 62 53 84 78 71 2 52 8 67 7 18 69 11 81 87 49 27 28 36 72 93 33 3 98 100 88 80 97 38 57 44 48 74 65 68 37 13 76 59 99 77
76 88 33 24 10 28 87 83 29 82 85 63 13 12 38 47 72 20 77 17 44 67 64 97 60 75 91 95 39 31 99 37 27 48 22 73 9 32 53 45 7 30 8 56 1 35 76 92 18 49 61 96 74 71 80 54 98 59 94 78 69 66 41 6 23 52 4 68 15 43 11 84 36 81 86 70 57
