100 100
215649 780 53202015 19346954 648463 271017232 421 6 46 155172 87368169 5137809 468 938 796388 707549402 9414373 5261650 95929 960 20953482 539 63994560 391 949 41181 11999218 17155 916 2360876 7816059 42283736 67905728 9 93 7498 64 8593 52472 387749177 257675 497549719 587448 223 312016090 25 943 4236737 10 902806370 9800 83823 3939429 996522815 7460032 324 120 242504353 54 145 183521 541687 95619898 348049882 9565340 52 97223827 9736472 7382602 212309 61684651 9 1 6 5176081 7 63212 821474274 25903 8 9813 8109 6722016 35350436 10 8033 57507 579198 69075 120 934470419 78237755 549357 7555 6793944 486 7481176 787835 6305249 44
60 25
2 90
73 15
16 40
71 12
75 18
8 86
68 93
48 57
87 62
45 11
72 78
87 5
46 80
74 56
38 90
32 98
64 62
77 52
69 72
7 59
68 33
56 64
76 54
50 93
51 21
80 7
78 3
14 56
84 38
53 39
76 20
37 79
71 27
68 44
100 99
91 31
28 60
63 59
81 25
33 66
44 13
9 28
80 79
48 86
46 60
86 76
83 59
32 68
87 90
29 86
56 40
60 2
22 82
2 82
46 33
2 99
8 27
67 92
61 31
70 85
89 7
11 10
51 76
17 6
58 49
19 78
92 21
83 92
55 95
49 26
54 40
79 96
87 99
63 56
43 65
93 59
49 70
82 30
62 21
70 21
42 19
30 52
79 50
3 72
54 60
97 70
80 30
48 51
56 22
30 31
12 25
86 22
51 60
83 86
44 46
98 27
36 49
27 17
15 19
100
5 59 88 32 26 74
2 95 93
10 76 19 96 54 15 56 10 18 27 26
7 32 98 7 94 22 30 58
10 77 69 90 91 76 68 57 38 10 48
2 97 98
2 80 86
6 70 34 49 32 2 56
8 58 94 76 88 65 21 93 34
3 79 49 52
9 99 47 5 14 86 22 28 1 91
10 60 85 14 59 54 21 15 83 32 41
10 79 22 94 80 44 75 42 25 8 98
10 27 86 1 82 6 13 32 91 21 5
3 61 39 10
6 16 64 47 58 6 73
10 18 10 67 47 89 32 31 17 94 6
3 39 15 98
10 1 10 58 86 5 4 100 27 71 64
5 17 23 91 55 6
8 43 81 34 36 94 54 74 15
10 66 64 40 31 50 39 85 16 32 21
4 96 6 77 57
6 3 52 48 24 72 56
2 34 78
1 13
10 10 59 24 90 50 11 76 52 30 37
8 37 26 87 92 69 35 44 11
1 60
4 73 92 71 57
9 100 29 86 69 1 4 14 37 85
1 62
6 6 21 50 84 68 57
5 95 48 28 55 12
4 100 46 81 38
6 86 53 11 68 81 91
4 47 4 89 30
4 19 76 55 1
3 26 20 50
7 71 36 73 50 29 56 96
8 80 85 39 57 58 2 74 70
7 95 43 77 13 96 67 78
2 22 13
5 91 80 8 79 17
7 7 68 48 88 79 44 39
9 69 40 25 58 12 15 59 5 1
8 43 82 21 38 24 7 41 62
6 49 52 79 91 69 70
6 34 16 17 43 5 63
9 2 72 11 36 30 28 66 86 19
9 38 68 87 16 78 12 57 85 31
7 3 15 18 51 69 32 9
2 41 22
5 72 24 60 9 14
9 43 68 85 52 83 58 99 30 48
6 7 99 86 85 17 25
2 5 99
4 48 6 85 82
2 21 13
2 68 29
9 67 38 86 45 37 70 46 97 90
2 1 9
5 12 69 63 70 52
5 49 96 69 86 74
7 49 54 67 70 89 88 8
9 15 40 96 98 18 28 60 88 25
1 24
7 42 93 52 40 98 30 27
8 63 74 56 23 81 59 2 75
4 58 32 77 82
5 73 92 66 49 42
1 34
1 70
4 79 97 8 21
8 26 22 94 70 38 28 98 87
5 77 70 31 40 88
1 20
7 28 34 3 67 99 6 29
6 57 24 85 33 95 84
3 27 72 58
2 78 24
8 60 82 20 37 10 92 79 15
5 47 43 87 82 6
2 49 16
1 20
5 50 23 81 41 47
2 37 6
4 23 29 71 55
7 12 83 5 13 54 10 71
4 7 21 48 60
8 17 73 15 94 36 8 83 55
7 18 98 59 91 34 78 60
3 56 88 36
8 40 28 18 2 19 79 64 95
3 52 78 2
8 17 68 31 76 9 100 21 12
1 64
9 2 7 89 16 51 64 98 25 60
5 32 79 27 86 92
3 28 89 93
