100 100
82544 480269396 580 496126 786055 32 4740909 235479 113736 9682011 395 2 15842310 79 1 216947 967467690 38262 898169666 65 7192 4 88 5 352 409587598 279408 87613 61716 8545680 2167405 9 750548070 6851 10 18 44564 543690 3 5976 735 43834732 35459565 684661076 8993 74 86 930 109177 577 742201 311255 711996 3 8771 23178418 235 77649837 120 785796859 462 340369200 34743336 72412834 6233706 178 148015158 9 30994631 362166 524795 89019 769405380 14 6934 7 3 938352 830634698 18 6373678 14094 5405 92 613191 27850 4210379 490577729 349 33 45692 79003074 7755 16662178 75 372139 2774778 8871 9 7176933
17 35
26 7
90 77
6 26
10 5
60 6
58 7
57 84
31 40
93 15
7 57
22 55
95 58
30 2
83 98
57 38
58 61
48 54
30 69
65 50
3 55
93 78
69 16
55 10
71 87
88 33
44 47
47 66
72 34
12 31
7 49
28 24
55 35
46 19
47 83
27 37
38 27
27 16
67 42
72 26
90 51
24 50
22 85
27 13
80 99
58 38
50 20
37 67
30 70
63 15
16 55
64 32
2 72
72 56
17 9
13 100
84 8
1 2
7 64
12 31
7 86
92 44
55 73
13 23
18 46
4 80
63 56
60 14
1 23
16 30
89 3
86 82
100 73
76 59
48 17
86 25
60 2
100 17
84 6
4 32
95 20
50 38
71 27
92 91
44 28
90 69
29 94
48 57
34 60
47 96
7 27
52 86
43 9
37 84
93 99
61 5
8 43
50 80
86 40
45 56
100
8 63 34 93 67 8 19 21 29
8 66 70 27 20 6 8 31 18
9 10 19 26 75 18 83 21 6 65
10 81 32 56 24 6 55 10 2 50 42
8 57 65 94 67 9 45 58 62
3 68 71 7
4 79 11 10 43
8 8 38 4 84 74 39 97 100
9 91 53 64 36 63 56 18 4 38
8 29 46 38 93 44 94 5 69
5 33 96 48 3 51
5 94 27 43 17 100
1 92
4 25 72 76 77
3 5 33 21
2 14 35
5 56 82 26 58 2
2 33 100
9 92 23 18 7 40 83 25 78 5
4 95 60 36 80
7 34 48 65 25 3 90 1
9 34 99 26 97 28 85 25 23 86
2 85 99
2 4 59
8 4 94 37 66 17 12 28 76
2 25 98
4 89 93 84 98
7 94 61 65 43 9 36 97
9 40 25 80 27 18 33 43 30 87
2 40 32
6 83 56 22 41 58 7
5 60 2 66 67 1
5 32 71 49 9 95
5 69 66 30 93 78
8 78 98 55 26 80 50 86 91
2 5 49
9 17 33 7 35 20 21 57 62 14
9 34 69 89 67 10 16 2 59 27
3 47 15 86
9 71 35 6 36 10 46 91 81 31
8 7 78 67 9 79 87 72 53
3 53 22 52
6 26 4 40 51 24 95
5 38 9 25 47 2
9 3 36 78 24 96 2 18 41 40
10 41 46 33 59 29 7 43 4 60 23
3 3 63 52
10 56 4 31 62 37 28 63 9 75 39
2 58 69
6 89 15 95 32 39 91
7 59 82 51 45 62 3 79
1 77
5 45 98 35 83 97
2 84 85
7 25 15 41 51 75 95 29
7 27 97 75 65 10 77 70
6 88 82 13 20 64 29
9 68 38 3 4 18 58 88 64 10
10 83 92 52 54 75 100 39 9 24 23
3 22 73 25
8 54 88 5 42 69 45 67 82
9 24 60 31 33 22 25 29 5 49
8 81 41 19 33 21 29 42 18
4 24 75 82 89
4 9 61 14 10
6 4 34 67 91 26 23
6 42 38 94 80 18 43
4 44 76 52 29
7 24 74 12 99 70 69 97
3 12 72 38
5 4 10 84 76 46
4 10 61 44 84
6 83 29 47 74 88 6
9 92 85 54 6 29 16 93 90 65
4 100 52 93 25
7 95 68 56 70 19 52 76
6 92 49 76 14 91 56
3 66 57 6
4 86 88 59 66
7 63 9 78 40 61 37 3
6 31 63 22 2 85 39
6 39 8 42 15 32 100
6 8 88 1 51 61 58
6 19 94 21 42 70 36
10 74 81 5 86 66 13 41 50 36 40
1 35
1 17
5 69 74 85 35 18
1 97
4 27 95 43 2
1 85
9 62 51 58 6 37 96 39 70 71
1 85
8 72 68 6 16 90 19 22 65
7 68 69 96 15 17 33 95
2 44 81
9 28 85 63 25 91 83 100 96 40
4 52 86 35 89
9 76 12 39 2 5 29 69 40 22
4 84 54 57 87
