100 100
2 45336349 5762 84753374 66544 3911 37 4474779 6938 597802 696 9 395306 121751 4879 972556 833 35 236166186 897335422 94628686 3566 636213 4052 1658 10 1 56826392 61886 1420402 3 19 988 6777 7316 57191 40696 64822508 57 510 5379067 78748 7 49621 32 27878 44901 325663 6 409 6750371 88703 65495088 9963089 1718564 16309178 800 40794 99 580375052 307 4277973 723 444 73837 8627467 610 57 24240 192 4 357686 591661201 94 2233 86 63281869 682667 969211 7048186 1057 36529588 65648 29476 11463779 2316888 34957003 168183203 64239558 879286702 13682 298 24897 366 2896298 7 672628766 10 753527 17270
92 58
53 68
66 68
30 83
39 48
39 77
30 26
21 36
26 34
16 7
91 81
55 68
85 9
23 52
94 57
44 70
49 15
8 70
20 26
2 23
86 67
86 42
47 35
68 46
72 64
68 58
91 72
93 23
12 66
15 90
37 34
77 81
48 42
12 45
67 45
47 71
13 3
56 54
7 13
66 67
69 7
83 80
70 75
14 11
55 36
51 7
31 62
23 50
16 15
93 69
70 33
25 93
49 20
46 5
30 32
7 97
86 5
35 40
33 90
3 25
78 50
14 91
27 43
36 39
63 94
65 60
92 41
5 97
78 49
32 92
74 64
48 15
59 6
26 8
14 74
68 25
97 94
23 100
49 52
87 3
8 66
20 77
53 11
86 65
6 30
58 23
90 29
4 45
45 96
44 63
10 40
70 97
85 100
24 63
66 99
92 15
2 39
9 83
77 86
37 74
100
4 74 73 77 43
7 70 86 26 71 56 87 35
6 82 29 14 7 40 32
3 4 81 2
6 57 54 50 37 85 7
10 80 25 52 29 32 2 44 5 4 8
7 44 63 86 100 95 77 74
4 78 6 53 15
6 96 45 82 57 98 100
5 80 75 48 52 37
7 29 85 99 89 46 33 90
1 58
2 17 20
9 75 81 23 33 58 44 77 9 12
8 59 71 75 76 47 98 27 23
4 51 33 55 59
1 62
1 25
2 51 35
5 29 5 1 25 70
9 90 26 62 39 100 9 91 10 30
3 61 85 99
5 66 58 33 82 7
3 44 42 26
3 62 8 80
7 48 86 69 39 34 93 36
9 8 93 15 65 90 82 77 66 16
7 63 100 84 53 9 99 31
7 84 44 8 83 93 100 57
9 51 62 77 43 19 68 79 64 2
3 58 5 50
5 53 27 12 11 45
7 38 3 84 36 92 28 89
7 60 98 42 58 28 84 2
9 6 36 54 11 39 48 71 26 24
2 13 71
8 8 56 63 54 9 11 61 91
1 29
8 43 26 65 87 30 56 29 51
3 99 42 1
10 64 70 86 61 54 6 43 92 18 69
2 10 7
1 35
4 25 93 47 75
3 93 33 76
10 100 26 90 21 19 64 17 94 66 50
5 28 81 68 88 7
4 21 10 53 13
9 55 46 7 81 85 6 41 26 53
5 90 81 91 84 56
7 58 13 84 60 45 17 57
1 92
5 80 90 31 21 45
5 66 79 39 93 26
8 81 68 41 35 49 43 75 37
3 82 32 64
9 80 47 8 91 30 79 67 29 70
3 1 51 26
7 72 26 73 12 67 18 80
9 54 46 32 21 69 63 26 73 75
3 46 35 6
1 44
2 41 16
9 56 34 55 32 16 65 80 61 39
10 36 16 7 48 75 33 84 31 99 54
6 80 21 3 74 30 55
5 47 54 15 33 93
2 71 15
5 10 17 66 47 62
6 19 62 70 75 56 20
3 95 86 9
3 1 92 38
9 30 21 39 38 57 90 35 1 67
10 57 21 94 100 14 58 64 67 2 18
1 34
6 43 65 98 47 100 34
1 46
1 7
4 37 51 77 29
1 43
1 54
8 94 83 8 70 55 2 15 91
9 2 71 6 17 20 96 23 72 69
8 83 35 59 30 37 53 79 32
2 69 47
6 82 70 77 19 11 52
6 67 12 22 82 17 68
5 69 43 31 26 56
8 1 11 33 51 36 7 22 89
5 18 9 70 34 58
6 30 90 68 99 55 12
3 68 12 47
2 70 56
8 72 75 8 95 39 73 21 38
2 72 70
9 91 27 90 53 1 8 43 23 37
10 38 34 50 58 1 30 62 98 76 5
10 80 71 36 45 27 37 5 74 9 62
3 66 16 94
6 71 27 51 18 43 39
