100 100
2380 99700513 135280830 967 910848210 2534334 17448 65 986731964 3950 1616 8321668 745834704 8 2621 19 185637 80628 7521 574430 94429 9 7714 338 501 280197 71776 418 5 27866701 488 9 254620 793452 10 392853 99242047 6529 488393188 10 59128 501651205 476679 134882 30066 4 96 592350818 794 7171 42611 511 856435 94 885 3576495 58175 50657307 246 41 8928 747 84 458877307 6389 34 8187896 54 479200 9156168 863 18611 2030546 9639 5 92 88 2819 8932787 57 690 4 5523 946357213 5058629 821257043 5 607902 905283 10 62 5 4197813 739947477 5596271 5 5330455 2501053 63 7956
58 86
46 88
96 88
6 15
39 53
71 44
67 53
67 78
29 61
42 64
1 89
22 93
47 18
66 77
49 25
39 67
58 54
86 55
15 28
97 83
89 64
70 2
70 23
93 48
96 58
4 96
67 83
42 17
60 90
3 53
66 69
97 80
33 11
71 69
8 18
99 93
37 51
100 13
44 54
78 62
17 90
77 53
27 79
66 100
51 15
12 40
7 61
35 18
49 55
87 31
100 10
45 18
96 3
82 96
60 43
53 82
55 65
80 54
93 22
77 87
4 53
74 11
1 70
89 77
77 75
82 56
21 75
86 27
82 23
31 74
46 5
70 13
90 41
70 42
43 56
12 20
25 22
60 12
86 34
80 99
24 1
91 88
41 17
84 91
57 22
11 41
43 11
51 12
18 19
15 100
95 87
61 5
54 34
98 19
31 54
52 12
48 78
99 84
88 34
95 4
100
10 30 28 45 46 23 65 63 8 100 35
10 44 8 85 13 70 46 80 33 40 53
2 84 92
7 52 38 3 62 40 74 24
2 81 61
5 38 75 28 87 10
4 40 52 92 79
8 87 73 12 19 30 80 41 8
7 18 77 37 9 24 60 30
9 66 40 24 91 21 95 61 74 32
2 89 6
5 94 12 8 38 27
6 22 92 58 87 44 34
10 36 48 7 81 16 32 39 51 98 70
7 28 100 3 37 86 75 45
3 82 91 31
1 29
2 88 91
10 12 54 23 94 38 7 19 81 92 70
3 61 55 34
1 40
1 92
2 97 82
10 30 68 92 51 56 34 74 73 28 23
9 67 72 62 51 60 19 63 55 41
6 52 95 87 40 19 81
4 13 40 36 97
2 33 38
3 58 80 27
5 45 37 25 50 41
9 70 63 10 92 61 69 32 41 2
5 26 23 41 88 51
7 15 96 92 9 47 66 99
10 29 77 66 64 4 24 88 14 59 92
10 78 77 21 41 66 5 80 32 89 30
10 91 63 92 83 17 90 6 72 56 61
9 65 90 5 69 67 86 22 46 9
10 93 45 73 12 7 34 95 69 44 39
1 29
6 47 46 32 1 26 40
8 42 93 88 33 95 68 90 79
2 99 27
9 89 54 43 52 16 68 23 48 39
2 60 1
4 30 28 78 79
4 11 28 38 93
6 97 30 65 64 11 66
6 6 16 58 14 96 95
1 22
4 26 87 13 43
9 90 85 87 63 66 52 25 21 20
1 92
9 14 59 17 49 72 4 55 51 44
8 64 88 12 20 32 49 33 99
9 39 67 100 98 74 94 3 6 29
3 79 12 23
9 58 2 48 39 78 1 93 87 42
4 59 20 83 62
4 88 71 10 57
7 97 98 7 67 62 93 40
6 9 58 20 100 31 39
6 64 72 62 100 43 38
7 85 66 9 82 2 46 72
4 57 96 44 37
1 11
7 43 99 69 26 67 88 80
10 47 90 72 41 8 15 64 32 97 98
6 77 26 45 38 98 91
10 57 33 92 75 85 40 1 63 77 55
4 10 39 52 47
4 96 75 34 67
3 70 86 18
8 16 40 51 10 25 86 83 61
2 93 10
10 85 48 64 89 39 100 91 47 21 19
10 34 7 79 52 35 46 77 20 44 4
2 67 71
7 96 19 18 80 52 54 7
5 79 95 100 57 12
2 36 19
2 93 40
3 82 59 64
6 45 78 28 67 15 71
7 87 31 28 76 53 10 7
9 29 22 8 35 84 99 92 24 23
3 40 53 69
4 59 20 84 5
2 28 71
9 2 25 14 9 48 39 16 12 93
5 64 15 39 6 19
3 88 9 78
2 80 92
2 80 4
5 81 95 82 32 6
5 55 4 27 16 2
5 61 1 60 62 97
8 1 91 20 35 4 75 64 80
2 6 84
7 27 14 33 64 2 37 59
4 37 22 26 45
