100 100
629627 7898658 58 2939310 5815 71285 6874585 819445 51 92036220 71 43 770203 801 752 500178 6867783 88381320 293070079 224972214 97706839 263 600379860 400 798283039 1 796 7 146 7720265 8365886 271 75918 48372409 4934671 10276 1800627 41 5056 10 6383248 615 59262374 253553 19138 38073 54 70959 3830 7 5 149815667 862 25240 33793233 404484119 399458298 94443262 8863 1 98914799 56 958 6067546 8614 3244 52 40390 68662485 425077690 9608 6 21 75 94696 5739784 92 1 73436 33988 69 46632 3 824287707 188 953160 227099 8 3742 9904074 58 1072 21 39646835 1 86146189 99 249210 8422787 6943
14 62
98 59
15 24
77 19
3 21
58 14
57 77
90 36
18 30
6 45
48 23
79 90
47 34
3 64
60 55
10 87
47 75
56 91
13 38
84 30
8 4
42 66
65 24
49 39
40 73
44 84
51 45
19 46
16 23
14 8
92 18
34 36
80 68
58 15
69 29
18 97
95 56
12 8
50 24
2 13
74 98
77 88
20 16
18 37
86 73
75 46
95 34
31 59
56 36
90 74
55 99
81 80
50 34
96 86
77 78
75 19
68 19
91 2
18 70
53 81
75 1
83 42
78 16
66 62
62 67
32 42
74 32
55 61
67 43
16 73
70 28
57 25
85 17
25 29
17 56
86 33
67 25
30 87
3 97
28 5
10 62
54 11
9 97
57 10
61 64
35 84
40 37
92 53
70 100
93 82
55 77
61 85
45 69
27 23
6 44
68 44
37 94
77 65
53 51
6 15
100
3 86 87 64
9 12 13 90 49 91 59 39 14 36
5 64 68 92 80 87
1 45
4 52 50 34 89
9 13 73 76 71 54 79 27 34 42
2 33 81
9 97 73 32 59 9 78 82 20 14
1 48
7 97 16 39 74 41 1 56
6 93 88 90 7 33 14
9 20 64 98 10 1 52 13 7 39
7 35 16 49 99 51 67 71
5 15 57 5 96 73
1 82
4 49 61 67 21
3 53 67 90
8 16 84 60 2 19 18 54 57
5 85 39 11 99 33
2 13 3
8 6 19 2 79 83 86 85 54
5 15 30 50 70 38
1 44
5 31 1 43 67 9
8 93 55 26 70 8 19 75 79
1 21
1 19
9 92 53 4 51 12 88 9 49 10
9 6 51 87 12 92 63 69 41 36
6 16 5 18 56 46 75
3 68 97 24
6 27 58 81 53 86 54
6 71 13 79 95 60 61
5 20 87 24 92 33
10 32 91 1 62 78 93 99 27 54 41
6 78 49 89 71 48 4
7 82 57 64 46 72 100 17
10 57 10 52 55 50 56 54 81 39 89
3 14 85 91
7 63 82 46 31 88 92 41
3 31 93 74
5 58 57 100 67 84
3 67 52 49
5 32 9 63 36 14
2 78 48
8 2 82 19 10 88 34 87 6
7 24 53 32 2 15 29 5
9 84 64 11 67 54 19 82 45 31
8 38 29 75 11 73 66 98 24
3 69 11 98
7 79 12 7 89 86 65 92
2 13 91
3 17 35 8
7 63 33 26 35 13 78 60
6 28 11 13 49 7 38
10 19 4 34 66 16 74 59 22 15 76
2 75 85
3 81 51 42
7 54 2 30 91 5 36 4
5 50 90 65 85 88
5 44 51 33 3 66
3 59 93 35
10 29 14 3 8 95 37 57 70 49 90
4 31 26 70 50
6 13 94 35 25 91 6
8 34 79 14 6 28 92 88 91
5 48 67 41 99 38
2 87 32
3 61 88 63
8 94 41 6 91 7 65 49 25
4 21 65 9 29
6 17 26 12 93 40 52
3 45 81 74
6 46 18 86 70 87 60
8 87 68 16 14 90 63 36 56
2 71 82
10 37 55 46 10 80 12 76 81 24 23
2 24 21
10 28 25 92 93 22 30 51 97 37 48
9 79 83 51 47 14 66 34 53 15
9 51 37 17 35 21 81 78 45 29
5 100 44 25 69 71
7 86 50 78 5 54 64 45
1 66
1 39
3 72 2 63
8 90 98 97 60 65 52 57 73
8 45 52 98 97 19 55 53 5
1 69
2 57 70
7 52 85 92 32 8 98 47
9 41 86 88 65 30 18 73 17 96
7 58 28 25 6 83 68 47
5 59 95 71 41 70
4 21 74 43 85
4 2 96 91 8
5 29 11 64 72 4
1 11
10 60 21 70 45 25 43 92 3 8 9
3 68 52 15
