100 100
470 5 6 97667 949 33773 817131962 10 7094201 87506 761449 8688702 85029 82369722 654927 87118670 6 4075943 724214 72 9845310 59 451 891 78 705 287824079 380700120 29 25397 6 8 2580 625035 2258 352041704 212 76972047 98 14 9951794 85659424 9505980 98838468 8 129218620 6735 34 46225274 948401 871292 34542 4338721 973748 52493 14 149123 4 228112 40496020 94036292 7 50 894416 7138 66 235126 45 4753 41 7916 1622 9 8193 35686483 5425919 98405 54 829120 46779278 619826 532538 7508446 497 1871 8559476 52 5004 2887 8533040 4426880 680629 25 542725 5313503 904130 8 327350117 4386465 3750649
96 86
19 17
79 48
52 10
42 31
49 41
79 15
98 28
74 22
68 5
77 42
42 68
67 75
28 49
4 73
48 43
71 70
45 63
42 36
20 61
100 23
23 17
69 93
35 53
42 33
5 73
6 47
2 29
81 8
46 80
83 20
97 73
32 27
4 92
72 25
76 7
34 16
81 31
90 56
50 44
4 34
27 47
50 2
80 88
91 74
21 51
69 31
7 66
33 47
16 26
96 69
100 55
19 88
24 49
80 35
73 87
23 90
82 92
18 46
93 60
30 15
92 18
65 27
59 38
71 34
55 47
47 43
83 74
89 33
58 33
14 58
42 33
70 28
79 51
56 36
65 70
32 31
47 81
22 40
24 74
24 29
100 5
60 61
7 36
88 50
4 47
30 91
87 90
50 43
36 53
68 15
77 1
71 100
57 95
20 91
8 16
86 3
36 68
67 9
6 53
100
6 82 69 41 45 64 74
2 19 46
8 62 42 7 90 5 3 79 32
6 9 48 51 2 25 65
3 61 7 96
9 63 71 9 26 77 57 7 67 28
4 4 46 80 59
1 81
1 67
10 29 9 35 24 60 3 7 20 49 53
6 91 48 33 57 38 8
7 22 14 30 56 48 11 32
1 67
8 89 24 59 12 74 11 36 100
5 4 2 15 11 63
2 83 65
7 61 27 53 34 42 8 52
2 91 39
2 52 98
4 75 93 5 8
9 41 43 47 73 45 46 76 26 25
6 32 8 65 85 66 39
5 87 58 100 49 91
7 37 75 78 86 91 97 87
2 18 59
8 29 63 6 97 87 9 54 11
10 21 58 90 17 23 49 76 92 34 60
2 67 90
10 86 24 54 12 64 83 1 18 65 28
1 28
2 43 49
2 81 34
5 76 62 98 4 30
4 18 17 33 90
1 81
3 74 64 19
9 96 53 27 56 67 74 36 85 9
3 100 56 59
10 49 69 64 50 11 7 62 75 52 58
1 8
2 69 77
9 78 40 11 77 98 94 70 46 62
2 59 21
9 43 93 31 9 91 84 74 100 28
6 30 73 62 86 81 92
5 68 34 54 96 26
3 95 38 43
3 61 26 89
6 66 28 89 60 39 56
8 71 31 3 46 45 24 82 38
2 48 95
8 78 44 58 83 85 73 93 1
7 51 94 69 25 10 83 29
5 64 54 68 46 19
6 15 67 79 61 74 92
10 2 29 69 9 80 94 78 92 27 12
3 68 51 35
2 29 12
10 80 2 94 26 74 82 18 4 56 16
8 31 25 86 36 46 26 59 56
2 7 42
8 73 6 60 43 50 64 95 17
8 85 71 28 99 14 84 57 81
8 60 54 97 11 69 83 7 77
3 49 34 63
6 68 53 64 95 60 14
1 52
10 46 68 45 49 16 33 19 93 8 25
10 53 2 79 19 13 26 17 98 70 67
5 56 15 43 94 91
8 1 24 71 52 9 87 3 10
1 45
1 61
8 44 83 20 66 90 60 71 62
8 55 65 31 82 7 4 62 9
3 71 76 22
3 60 21 26
4 66 78 11 18
1 63
4 37 15 72 29
5 15 3 13 33 97
9 89 94 54 25 88 6 71 76 78
8 65 2 62 16 8 45 80 46
1 43
5 93 37 79 7 64
5 49 60 82 55 37
3 7 89 82
4 24 3 4 69
2 87 15
8 61 73 77 94 4 72 70 16
8 100 15 2 91 96 23 21 26
8 93 68 95 48 89 23 56 16
4 10 34 55 38
6 45 89 80 40 90 57
2 31 29
5 54 30 68 25 23
9 84 60 28 38 71 37 62 51 82
5 12 26 37 54 46
10 45 5 47 51 30 59 57 23 96 83
7 85 68 66 84 38 71 18
