100 100
521 84 58 99973046 2608038 685193 830570 69344 21386 7313 3086817 306263840 940850 12296 21979640 46725858 10 6817 1377920 30 448 2815 806392634 5 736254243 627485 42 567 941663 44555 156823642 3 175537 35 732875 4401683 21561 5 38 14338 32 76 27301365 348281097 255 3310697 376949648 58380 7371766 529919613 5745 52137 741994803 55 4244 7523455 89050 676714212 7642 619525334 5529 6 692 8114349 6338017 498 9960 9076312 721132059 421551713 45 49 85234 1726 690478261 25614 2020 29484 7 2110102 5 2 925106193 50738 39449015 2 9036295 40826183 8591 43184 763 845644 47 218 808365 686632 672601 5561739 47665 1
22 52
83 65
45 50
75 43
91 66
29 45
32 38
18 26
28 30
98 92
38 49
91 4
82 79
62 90
4 61
16 34
53 20
82 71
11 46
82 35
19 61
48 61
83 65
30 33
76 57
100 10
39 16
93 94
15 47
42 39
58 29
34 30
99 12
9 63
59 53
6 2
22 13
61 60
91 6
28 75
1 86
67 6
60 70
52 53
97 12
97 22
41 79
43 56
81 26
51 2
59 42
74 83
74 88
72 36
30 48
72 27
85 12
20 91
94 60
95 94
64 92
9 46
72 6
29 31
31 74
69 73
80 72
99 55
27 80
41 4
67 36
60 42
31 38
13 88
16 80
84 83
78 3
45 35
27 14
13 12
61 48
31 52
53 67
7 38
76 85
46 67
95 21
9 5
99 67
99 35
19 5
85 1
75 81
42 96
59 31
8 16
39 28
31 100
56 57
66 22
100
4 99 4 51 74
5 68 77 58 85 74
6 97 58 19 62 25 61
6 15 50 27 63 32 5
8 83 22 87 12 19 93 81 76
4 65 93 33 8
9 48 29 12 31 92 74 5 32 87
8 25 12 98 32 96 92 31 3
3 63 83 27
1 88
9 39 96 90 42 30 93 65 50 6
5 55 90 41 60 32
8 24 48 37 26 36 9 27 56
5 88 90 62 68 52
6 55 5 29 31 33 17
7 15 100 12 1 37 38 20
8 19 47 100 7 17 50 53 32
7 31 74 60 4 14 68 44
5 53 17 40 96 87
10 23 69 62 92 16 77 11 9 30 70
4 5 96 81 11
7 25 45 23 66 95 31 3
2 55 15
3 6 7 77
2 89 52
7 88 37 57 18 51 65 72
5 66 91 99 88 67
9 81 25 93 34 63 79 76 52 86
8 13 19 24 34 67 74 38 82
9 6 19 47 41 28 3 32 51 95
6 22 21 28 55 96 3
10 19 34 84 56 20 52 59 69 64 42
2 61 82
3 11 99 84
4 55 37 75 85
5 46 9 100 54 48
8 21 26 39 47 20 31 27 44
1 79
10 100 83 89 30 64 99 91 32 39 43
6 89 5 31 74 16 93
5 16 23 43 52 81
10 89 86 35 25 55 91 20 43 69 100
3 64 100 81
8 71 56 100 45 75 54 53 74
4 4 8 48 3
3 16 35 60
5 10 88 75 37 83
5 46 13 23 76 97
10 60 38 33 87 7 77 83 28 37 65
10 90 89 30 86 16 1 95 67 96 37
8 17 52 64 16 36 38 91 78
9 14 79 70 88 44 39 66 4 22
1 54
5 47 80 31 90 12
8 86 87 67 95 33 50 44 74
2 63 71
3 95 53 100
2 1 60
4 37 17 66 16
9 69 39 58 82 21 89 36 63 43
6 15 46 64 57 90 26
10 55 68 61 91 100 12 1 43 11 94
6 63 47 32 49 72 74
7 43 71 73 23 28 53 8
2 41 65
4 85 26 23 68
10 65 3 88 73 80 40 81 23 52 33
8 76 87 60 89 16 18 40 93
9 37 45 7 97 47 53 35 19 46
4 52 57 8 16
8 84 93 92 38 86 79 81 83
3 48 81 18
3 63 43 95
9 2 3 55 82 9 8 77 27 99
6 3 86 18 49 72 58
1 25
9 89 26 45 31 4 42 99 37 70
9 63 69 10 76 96 27 42 22 77
10 94 65 70 57 93 95 6 85 72 16
9 93 43 48 11 3 80 78 8 70
8 53 9 4 87 15 18 24 81
5 69 76 86 75 7
6 59 96 68 95 70 37
10 9 16 84 71 75 17 39 61 30 70
4 73 28 70 9
4 39 77 99 75
8 65 99 60 12 11 27 69 45
5 88 72 25 60 96
5 8 39 53 95 63
5 78 41 91 100 29
8 20 57 86 76 53 44 60 10
3 50 42 69
4 8 53 91 79
7 4 57 78 85 22 8 68
4 3 99 62 79
4 5 65 73 2
3 75 50 83
4 52 57 92 96
5 76 89 39 40 83
6 2 100 16 53 14 15
