100 100
3336 2 7500106 6787 744808 62686 16793744 353928 89 845556 8 2 88 7454 11948 52812 79228956 69 667 883731496 90323 282 5062 47360720 908 26 4 237695 97906 272655140 80946 602310 816 97547 11481 41918 2955 30990 44795 54 598416815 657752 27271 44440005 93709 5 28 27839 210 10 2213 25601 4 143750 7513 63940787 529291 402984 1515 717 23962 67832 720961363 2196079 1069 10 3 7 9 7 5828 120217 8724375 5 7401126 7769012 870 12 52892 5451 45 2726 1 29 27483 6 438956820 259 460 11218 664039 34 30908810 8 6997 43453 5 6 5 17
87 74
52 8
41 58
50 40
51 27
81 82
21 59
1 54
24 72
79 36
26 20
83 16
84 99
17 51
3 61
73 61
4 90
25 45
55 45
45 13
81 31
79 47
2 52
33 5
38 1
85 55
97 33
89 80
71 16
82 10
30 83
5 86
18 59
6 72
48 71
72 1
74 29
2 32
76 29
76 13
6 59
46 99
80 47
7 30
94 16
1 14
35 2
62 42
62 44
52 99
53 81
37 72
4 80
78 42
49 73
13 48
57 5
10 37
93 49
81 21
69 15
80 47
40 71
20 84
67 96
85 47
72 82
79 95
5 46
74 82
20 57
4 36
10 15
45 65
63 28
58 93
12 69
17 58
12 71
33 95
95 21
54 19
87 55
61 98
18 35
33 56
53 5
66 57
58 90
41 66
43 52
41 73
94 78
63 34
5 44
31 17
75 65
99 59
80 15
67 76
100
2 29 33
10 93 57 2 24 86 81 21 50 18 44
1 28
8 77 95 33 65 38 62 92 50
5 11 60 98 37 30
3 99 70 11
9 99 19 65 36 16 32 94 9 73
6 52 81 48 36 54 28
2 87 100
6 2 25 18 80 82 60
2 21 100
6 57 14 23 56 92 2
6 68 5 88 59 90 92
9 44 66 13 87 36 98 21 71 22
1 45
1 74
2 70 75
7 66 53 47 29 3 34 42
4 67 51 16 83
7 85 42 45 23 79 15 6
8 62 93 99 40 46 54 41 30
1 60
6 21 82 29 16 57 44
3 6 77 68
1 92
5 65 77 50 14 53
8 40 50 92 84 11 51 86 16
8 67 60 61 86 76 77 33 63
9 41 12 87 51 58 55 35 92 2
5 33 40 45 56 72
2 95 31
7 26 56 41 30 27 40 25
5 3 97 20 73 47
9 71 59 42 72 4 24 26 47 65
9 69 83 62 90 25 71 58 33 52
4 78 33 11 54
7 4 93 45 94 28 11 35
3 33 94 97
9 56 7 25 6 69 39 41 13 73
1 47
7 9 5 98 3 31 74 70
7 32 56 8 18 73 58 100
10 75 90 16 63 21 31 68 95 18 29
5 45 57 29 43 38
7 40 53 93 41 18 50 4
3 36 56 67
2 84 71
2 51 15
4 58 75 51 96
6 20 90 69 89 47 41
4 98 79 61 22
1 6
4 20 84 93 46
3 78 24 36
2 46 31
7 75 25 65 100 47 89 64
6 80 88 50 4 7 75
10 34 49 58 63 41 62 85 88 31 55
1 99
5 70 28 64 27 68
6 44 25 87 14 6 3
5 96 49 40 54 97
8 1 15 67 60 45 47 100 32
9 64 45 43 67 9 10 37 70 8
6 45 38 47 23 66 93
5 77 7 59 39 96
6 66 71 76 31 15 30
7 23 58 83 49 5 68 14
7 80 77 87 64 35 38 3
9 47 53 9 2 82 26 35 6 29
10 63 1 97 77 83 3 13 15 91 39
2 47 19
4 17 22 23 14
7 83 31 54 93 90 47 8
8 46 37 61 90 69 27 71 31
9 29 3 88 28 12 97 24 2 33
6 61 72 75 79 74 24
6 11 46 69 52 66 12
9 7 62 3 10 56 92 11 73 54
4 9 93 5 66
9 4 15 65 48 82 73 86 85 41
3 34 13 72
7 38 24 21 17 1 48 87
8 63 17 82 99 13 28 80 27
9 79 60 57 33 16 12 48 13 38
2 99 54
6 100 38 19 23 61 78
1 19
3 18 30 92
9 88 53 35 93 52 3 95 75 33
9 57 69 64 38 85 80 84 62 77
6 71 42 12 39 21 23
9 42 43 56 33 80 4 47 8 94
2 62 88
3 28 75 41
6 18 10 93 32 43 79
5 78 60 46 95 28
3 54 1 64
7 90 84 28 64 76 5 41
4 53 42 37 49
