100 100
69921 60721 16 147934 147 8499 979 974 5851 52 909876 83 27 68163 4 646 99229804 4 76850764 5 700598871 2512 1599010 19 39 304438 800723846 45 475817 87585829 6427125 398 17104 5 249554583 433 643853 825544 38 78328 7 55865532 68 691094474 81447 20 63 12 319929 378294 811261 15 26438 18 39101472 2971262 5881 93353764 1 139 44 453261655 2969 33252 995818 86214082 57 42597019 374591 88168 626166502 9281029 50146738 674334 32 30672331 8078 9 650 5026 586464400 251964552 10 10 32660 622 41855051 2413168 6971 59 316093472 242 8131 332996243 943 47979521 252524581 80 51000 1043993
60 62
28 36
4 13
52 54
52 21
25 18
46 89
44 86
94 43
79 87
28 12
15 50
66 13
36 40
14 85
23 58
66 36
4 12
96 14
10 69
42 25
22 12
32 66
65 48
29 13
14 90
66 7
44 8
42 94
15 72
73 1
5 17
59 24
30 28
43 11
15 46
76 15
43 39
69 7
97 13
28 83
30 10
86 64
82 16
88 8
51 50
82 83
83 62
5 66
39 58
46 51
93 36
43 2
48 29
23 84
4 89
33 2
61 43
29 71
33 5
18 12
33 21
95 79
54 28
28 76
4 76
69 12
10 100
41 64
53 13
36 58
63 48
63 35
45 95
71 52
74 40
37 79
92 74
11 10
9 28
2 63
36 82
62 5
10 71
58 57
89 35
1 22
8 40
39 14
65 18
15 12
87 78
28 25
83 54
82 69
59 46
78 50
23 8
58 59
57 96
100
4 54 66 42 3
1 86
4 57 44 3 80
3 91 96 100
6 64 96 26 98 51 16
1 77
5 19 51 67 24 6
5 53 87 76 23 74
2 15 4
3 48 30 49
2 27 31
6 65 92 4 14 37 79
4 22 87 54 100
7 69 10 74 90 85 88 75
5 43 14 87 56 16
3 84 12 48
8 32 81 18 5 47 77 27 19
4 24 93 54 92
6 39 18 97 25 17 98
7 42 41 19 6 21 18 59
8 52 90 65 5 64 99 41 24
4 58 52 85 93
6 35 96 10 22 54 71
5 100 87 60 75 55
8 24 20 46 41 59 13 7 37
6 82 18 46 63 13 44
1 9
6 45 25 96 77 36 29
1 70
3 65 66 5
8 9 34 41 81 50 61 33 39
2 27 61
8 2 41 38 32 33 70 9 83
10 59 78 79 81 83 82 57 56 51 40
9 45 100 35 63 44 42 5 15 94
5 76 36 15 21 24
6 26 86 66 36 20 60
5 74 1 61 79 11
4 54 63 40 26
7 31 36 94 50 96 69 15
4 92 58 12 39
3 40 15 83
3 40 100 93
5 38 18 94 41 92
6 40 59 62 47 8 45
10 59 89 91 77 21 33 92 1 71 42
9 81 99 14 27 26 100 75 66 65
1 73
7 9 4 11 82 38 83 6
2 49 34
9 83 16 89 48 72 86 9 55 82
7 51 38 8 94 28 21 41
8 51 67 98 30 76 42 32 11
4 84 91 60 93
8 31 78 37 24 29 64 5 57
1 71
7 39 81 26 49 88 59 19
1 35
2 25 69
8 31 73 29 33 98 70 1 62
8 13 17 36 67 29 21 74 53
3 70 27 66
5 28 76 15 98 16
10 32 9 45 29 97 2 37 13 65 63
10 59 32 24 64 95 17 44 78 50 1
8 62 11 95 6 55 48 7 20
8 72 27 29 21 13 24 33 62
9 53 46 49 85 22 65 41 73 24
4 17 28 48 66
7 77 100 97 42 5 13 80
7 4 82 77 55 34 17 5
3 89 6 13
7 54 89 84 59 40 79 94
8 44 4 19 95 93 80 34 54
9 47 58 80 33 5 71 16 39 85
4 59 14 9 91
7 4 58 37 17 86 46 6
10 60 77 97 2 37 93 80 54 33 1
2 17 86
5 50 62 49 14 84
1 87
2 99 12
10 1 85 92 17 24 78 30 15 14 70
5 29 49 16 51 60
8 61 37 87 15 71 90 20 97
8 31 25 89 40 59 69 10 20
5 6 48 5 3 59
2 38 80
6 85 62 78 29 99 41
4 57 97 39 48
9 27 55 72 85 96 41 24 17 31
3 73 43 66
10 100 80 8 51 11 64 94 50 17 31
1 49
9 8 77 15 81 36 80 3 39 66
10 4 11 16 26 6 8 92 83 50 28
3 12 60 2
6 58 47 32 89 12 26
1 1
10 72 23 81 71 12 77 39 43 41 20
