100 100
276132 2 55260456 70 318839613 584598 227 8 713230 53752 329892497 39561194 42431 79047154 1119 28317 89311 7 633 184071 78417 60 485964 595699744 442334 9479 4 62 7 614816 601 6 39155 86 36224686 419797 9 81603550 82839 615838326 9475592 892809227 36489 603840435 56689743 1540 90 54239 1186 8520310 31348 9 77919441 2 309 41840201 1415 92 6 22957379 1 688 2938546 2134325 714 4904355 82 10 7873 73525532 5968574 6375079 5887643 156 3301 2270092 19701 64897694 8922 9885 64747537 6833987 8496325 174353 250806 3259886 288284 7603608 4 537 26074178 7864051 506822 9033 787402 762383753 157094000 293 90 1192355
26 48
36 2
63 93
7 56
75 80
47 64
20 94
35 26
10 26
98 28
59 50
3 85
18 86
30 19
71 19
87 33
75 57
48 6
61 71
94 77
36 70
3 88
71 14
18 72
84 61
18 89
35 80
96 21
20 55
79 68
81 41
41 83
40 62
92 73
26 95
39 1
57 22
53 67
44 65
71 84
80 94
1 21
83 45
99 89
73 44
15 51
92 99
52 5
99 65
27 64
98 27
68 79
63 53
42 88
99 6
26 13
36 43
3 27
37 65
59 9
42 68
42 9
74 98
46 78
30 43
5 93
60 58
52 64
89 43
70 19
39 66
86 73
18 14
93 8
61 59
18 51
99 46
35 99
73 90
55 61
73 68
42 75
60 35
15 81
90 20
90 58
71 9
25 45
18 5
8 47
66 93
46 52
68 11
64 91
81 77
3 53
27 26
20 23
4 24
47 24
100
10 72 27 5 86 29 96 93 92 75 16
1 100
1 61
6 41 62 2 67 84 95
1 76
2 15 54
4 69 26 93 7
1 8
2 58 63
4 37 75 76 52
1 10
6 99 32 20 43 37 7
8 31 79 27 65 66 98 69 67
8 90 80 97 73 19 63 12 4
6 20 88 27 85 81 69
10 88 62 6 7 64 35 4 47 93 60
1 100
10 7 78 65 74 25 50 64 19 18 4
1 2
7 35 59 17 23 80 90 38
5 64 65 96 87 50
7 21 44 86 74 97 8 39
2 14 50
6 7 100 18 46 51 30
3 33 23 3
3 46 64 27
3 85 78 51
2 21 89
5 42 81 44 7 16
10 18 42 38 27 76 89 99 72 35 53
9 11 8 96 15 17 3 1 37 81
9 90 73 67 65 92 62 74 89 79
5 39 35 76 70 79
5 43 27 8 18 24
6 77 48 89 52 32 27
5 84 97 32 37 66
3 25 31 70
1 28
5 75 65 9 26 98
6 25 76 66 85 36 8
9 31 18 56 100 16 80 75 2 68
2 51 96
10 67 79 12 37 29 83 95 89 70 66
6 31 86 68 46 14 82
2 92 84
10 69 37 35 39 14 45 9 40 63 99
4 26 72 93 83
4 35 96 18 13
5 23 86 29 54 46
9 36 21 76 52 23 82 10 39 50
9 91 63 65 10 2 87 45 95 79
4 86 93 40 41
7 29 3 63 55 60 6 33
5 88 87 6 100 24
6 10 80 86 4 87 45
10 66 45 71 87 69 16 12 18 39 60
8 21 36 67 57 43 15 99 35
5 51 92 73 45 90
1 58
9 64 85 43 78 49 97 9 87 73
6 58 89 25 47 31 57
3 34 45 18
5 91 72 36 92 45
10 75 86 56 90 82 10 62 29 89 55
2 42 49
7 16 66 29 58 12 13 45
1 23
1 69
7 73 10 96 68 12 56 72
4 59 97 10 79
5 59 100 44 3 73
10 57 85 9 47 54 89 20 80 98 95
3 41 93 50
9 12 25 9 27 85 80 68 8 21
8 84 13 81 55 79 95 88 8
2 55 94
4 32 77 6 38
8 40 95 79 54 10 55 90 34
7 49 59 44 73 1 3 95
5 66 68 47 55 27
5 29 74 51 56 95
10 96 88 24 91 72 84 9 56 47 80
4 77 9 50 34
5 14 99 33 63 3
9 38 34 40 7 28 73 60 22 9
2 48 76
8 83 37 24 36 70 18 84 75
5 63 10 97 81 80
3 91 85 53
1 45
8 7 54 6 79 52 60 93 73
4 88 42 10 69
7 21 20 83 24 61 26 75
9 59 63 89 88 57 86 37 34 76
4 65 64 47 96
3 92 78 89
10 96 39 36 19 13 24 81 78 2 49
6 61 87 20 74 79 44
5 68 28 84 20 56
2 77 95
