100 100
169660 320 1736 6818010 325791295 42825 701223587 780920676 7655461 726757 63 370865429 352622 285335906 889865 1 25823 3891764 466 6676118 27287 895960167 8678 75 5469102 6305 35692552 2047885 919 39093 767885139 3474 2 8708166 9 14822 6 211987 50 6 2096 81404 855663930 1873 14515579 9 190144717 216692175 21 879 8 4824 7463 971 372493 517 484224 892634825 9947014 623547 94935947 3 742418827 888 39 86108 7 6928 9307959 53473 7675 41228 6366 942299090 2 23759 1 75328662 137055 81101 4888044 596607 43091 851 9687 10 8411 75 461 3226 133 2843156 551220 90 3 742 16157 1768 55 77423419
43 14
90 67
12 69
75 98
45 75
13 9
93 46
87 93
41 95
19 61
22 71
80 6
34 60
86 10
58 97
61 78
69 55
47 11
30 9
92 20
28 77
99 52
87 70
20 93
17 50
87 1
61 65
70 36
78 94
55 24
69 70
100 41
4 92
89 88
32 17
86 75
56 58
9 90
66 70
92 26
62 14
91 98
46 77
57 50
88 62
79 33
95 100
88 7
39 76
25 54
6 76
92 5
78 22
88 50
65 47
7 96
100 40
7 59
12 92
81 22
36 80
27 90
76 71
87 47
34 45
12 61
74 96
67 56
65 93
55 2
51 60
42 10
90 69
42 43
68 28
79 48
9 99
17 35
43 95
95 44
61 63
90 81
4 87
70 81
21 88
36 43
16 4
55 70
25 32
88 43
15 43
8 31
39 78
17 95
74 69
26 76
16 57
35 57
80 61
1 71
100
4 25 19 50 31
1 1
5 96 81 35 31 18
6 25 95 60 88 82 49
9 39 73 97 63 78 86 79 62 14
3 56 93 68
9 97 9 6 41 55 25 17 39 69
9 64 85 52 20 47 6 93 90 32
6 39 24 15 85 68 83
4 40 17 52 14
9 77 18 58 76 56 9 68 74 42
4 19 7 6 21
9 40 20 56 27 15 50 32 30 96
9 91 18 19 29 77 94 65 81 41
8 32 16 95 65 87 29 33 82
7 47 16 99 92 85 77 27
6 44 82 74 92 14 29
1 73
3 18 98 11
9 69 47 62 48 49 33 28 9 36
10 60 37 67 48 64 32 73 34 61 20
5 60 23 45 32 88
6 60 49 84 88 58 72
5 32 48 89 61 12
2 59 16
5 40 51 39 94 10
10 30 89 60 29 7 4 34 42 78 20
2 90 66
10 86 57 48 55 13 63 3 37 45 72
2 76 49
4 99 98 6 52
1 62
5 82 8 69 100 73
10 43 20 40 22 63 13 92 31 38 21
6 37 38 60 80 32 1
9 10 97 69 46 11 12 74 58 49
7 99 52 53 92 86 98 77
7 93 91 49 67 8 76 88
8 74 83 95 94 49 53 4 40
5 99 3 70 67 13
1 22
7 63 94 28 74 57 97 7
8 59 1 45 5 63 92 24 38
5 14 7 42 17 16
5 73 19 98 62 49
9 87 14 37 86 17 85 89 13 31
3 87 88 12
3 72 66 70
8 37 32 63 3 57 2 49 96
8 78 75 76 26 99 90 10 15
2 36 30
4 38 41 61 19
9 67 62 15 76 56 43 40 20 39
9 74 80 71 68 23 89 62 54 35
7 78 100 24 41 59 46 35
5 72 44 59 93 37
8 43 4 63 44 23 8 22 25
8 55 51 41 78 90 30 7 63
7 3 78 48 44 43 33 71
3 55 63 10
5 41 18 7 38 59
7 62 87 99 25 17 70 57
9 54 59 5 8 48 25 98 28 39
5 40 66 79 31 82
6 69 81 41 50 79 12
5 92 67 42 2 6
4 12 33 31 82
8 41 59 19 75 38 88 81 64
6 44 38 76 80 53 40
1 86
5 72 46 54 43 12
3 10 71 35
10 64 74 57 31 32 25 73 48 20 36
8 80 34 81 37 48 32 64 15
5 97 32 94 54 19
7 95 37 48 80 73 41 84
2 17 51
4 88 47 48 71
3 75 4 71
6 63 73 21 80 17 39
5 12 16 67 84 1
4 85 4 2 18
3 6 39 100
7 6 26 43 58 1 81 59
8 57 8 87 46 83 14 85 16
5 33 70 68 41 98
7 65 27 57 52 47 13 14
4 58 35 31 19
7 29 70 15 99 58 43 53
8 26 51 61 93 32 18 68 13
6 79 9 74 49 11 15
9 91 61 21 20 5 17 34 62 63
10 64 26 92 93 33 99 54 8 7 45
1 42
3 89 82 45
5 57 43 49 29 10
5 15 80 45 78 22
9 36 45 79 14 1 24 71 5 88
4 15 10 17 99
7 91 29 95 47 69 66 53
