100 100
6896079 7520 85 189 457383822 92 533109 454526 4769 4906 3644607 286788 9818 51633847 25795 81 83 93658632 201192 862 8 6174839 966323 6322540 118 32152023 5613 45999768 9 8778970 30253 65553579 255584 9707665 41711 6 86 8008744 14 88152 270 46375 441 36690 801964992 915 4894 85 1243448 9565 485 18311 19 676876 68005 1664943 7 85 1 3304 508662458 54946865 2 7615 22492 39 7117636 665 754602879 8 41 704 115104750 22751 3549941 355655 1864 91954 6901 8507464 3115467 4 291191 1256752 772392 401007290 4377134 696986 784 423394670 374288 822 1 2291 183694364 6382 86501743 25 6233637 228650416
59 42
94 64
46 76
42 99
53 82
41 47
87 49
23 82
75 51
16 34
97 72
87 72
95 73
78 12
58 94
70 30
67 65
48 9
94 65
58 74
21 20
71 68
62 13
62 14
36 100
56 74
40 63
80 22
17 9
56 41
76 83
3 95
23 71
61 27
78 45
90 13
72 18
33 80
24 19
83 86
63 38
51 34
67 18
29 65
85 1
19 61
78 25
79 78
16 50
43 42
49 68
19 85
12 65
28 49
42 91
23 3
100 27
94 13
66 59
33 93
11 98
33 97
78 25
32 75
49 8
20 28
8 59
67 19
85 12
27 82
22 61
18 69
52 20
49 95
28 80
64 61
12 50
32 66
13 78
50 69
67 1
71 49
87 10
92 9
91 38
48 11
11 23
3 66
53 40
48 51
3 69
92 68
1 13
74 21
22 10
17 37
40 90
23 84
96 85
23 91
100
10 75 61 64 40 63 6 47 3 17 7
1 26
4 76 47 21 77
3 47 59 50
7 55 28 31 98 39 32 81
1 54
7 61 14 8 56 40 20 45
4 31 79 93 53
3 62 76 86
10 51 27 14 6 65 81 97 74 83 79
1 40
6 54 70 92 79 3 38
2 19 52
4 62 64 24 12
9 54 46 9 61 55 12 89 22 57
8 92 55 84 30 56 20 44 34
8 20 21 2 77 64 83 49 67
4 5 97 36 41
9 7 42 20 48 28 76 80 34 89
9 59 46 74 50 36 72 78 96 90
2 21 13
9 55 10 75 49 62 39 22 72 79
5 9 49 63 72 71
1 47
4 94 70 73 88
8 47 39 85 57 87 71 91 58
3 71 77 99
5 22 12 38 83 15
6 23 78 2 27 25 51
9 37 82 68 48 46 18 57 97 86
9 7 82 43 61 96 55 38 41 51
2 42 34
1 50
4 95 43 49 7
8 62 11 99 28 65 55 1 31
8 39 44 88 22 79 55 92 1
9 12 62 32 3 20 21 100 57 81
3 18 69 28
5 16 19 13 52 33
10 37 15 95 55 41 97 66 1 8 35
6 18 17 98 54 59 69
9 95 11 100 81 23 92 75 36 62
5 4 14 52 72 13
7 99 88 10 38 24 74 54
5 9 40 66 29 86
7 62 93 31 91 32 3 23
7 37 76 28 24 30 89 52
10 15 13 81 87 72 60 61 37 46 30
6 42 7 50 77 41 88
3 67 47 43
8 73 31 8 99 37 89 20 53
8 45 57 22 26 65 96 48 71
5 45 14 90 94 18
6 20 39 62 5 54 93
4 85 26 19 45
10 72 100 41 53 28 31 45 81 91 78
1 1
10 12 73 21 8 79 7 76 63 70 46
8 50 79 5 82 23 16 62 44
9 16 81 93 84 22 1 6 23 48
7 8 35 46 87 55 10 27
1 88
4 69 36 95 90
6 32 53 43 57 1 18
2 70 39
5 16 99 50 76 6
8 17 67 68 92 91 88 38 51
2 18 100
3 77 38 12
2 65 41
2 63 30
1 68
2 100 21
10 8 4 30 58 92 90 100 94 50 62
2 27 24
3 22 68 29
2 34 37
8 20 43 99 30 3 11 55 31
6 69 37 36 89 3 15
4 12 41 48 80
4 43 97 44 53
5 98 71 58 85 41
8 30 4 80 40 67 2 95 37
4 25 98 75 83
8 98 92 59 4 16 83 85 54
10 29 100 42 22 90 10 92 98 69 20
3 44 91 13
5 96 28 13 36 49
8 44 10 73 32 7 24 80 21
9 42 46 12 40 23 65 30 93 53
9 28 41 54 55 80 62 67 71 96
8 34 14 74 8 22 66 60 5
8 86 24 35 90 93 17 72 19
2 17 51
8 59 70 16 95 26 90 5 22
5 22 73 96 26 2
6 70 67 73 65 6 36
7 12 54 37 46 7 90 81
8 98 79 40 55 31 1 24 20
8 96 68 5 32 17 90 12 30
