100 100
147319861 7 501539 37170224 8 1190 885 4219 893 32970720 6 87882 336890 749661507 10 2 45 31161198 2 24796 94832 1 9718 976 617851930 79728743 571 790860616 6327633 4 75146752 98122122 6916319 12645 400 7 554207 324040372 10386629 37754915 14156 3 915817 9674 5 30 6011789 428852 60 6950 6399336 793138932 10 2650981 9049 94188 879917 81761128 924544 97857176 13 642 2842800 3001 8 644529 414350 24175136 56457 75921445 694463 81852126 58 8452 264164413 641 65 166 7896253 3 480723016 58 2143079 672 13 18 531254265 836951 906 756310 161034683 5318 8615 65 8 46543822 681 9742979 747642389 5746314
78 50
98 31
1 57
94 20
53 55
74 18
63 30
61 46
25 57
73 67
52 93
1 54
94 93
63 34
63 68
8 10
37 91
38 58
54 3
4 33
7 41
16 64
3 100
19 7
61 93
43 22
75 48
96 71
21 34
39 55
43 71
50 80
94 80
64 100
41 70
55 50
3 75
69 96
65 25
94 82
12 33
3 74
27 71
95 35
7 29
21 75
49 91
94 60
61 26
27 50
7 6
15 16
56 44
7 87
32 11
29 50
52 49
92 100
6 37
75 82
60 8
65 21
79 14
26 54
19 26
41 19
13 80
2 76
35 53
20 66
38 94
93 13
84 16
27 57
16 59
31 23
14 87
63 1
74 59
33 76
94 79
64 3
80 79
63 1
95 20
69 59
66 87
35 34
96 66
8 56
16 5
65 37
27 53
45 33
32 20
75 98
30 78
41 94
8 71
28 95
100
7 80 82 26 71 8 6 67
10 7 91 23 53 40 45 66 71 4 21
10 54 19 55 22 48 28 17 82 98 18
4 27 99 17 97
7 65 16 85 41 55 30 49
8 18 76 12 70 98 11 69 59
3 17 68 69
6 13 82 88 56 72 68
7 29 47 14 34 48 77 7
7 30 77 49 84 5 52 31
10 58 47 51 41 74 1 59 21 53 80
4 48 37 71 73
10 5 76 35 22 52 30 78 56 65 97
7 53 25 30 81 24 99 86
8 90 4 14 73 59 70 80 83
4 41 70 97 16
10 78 40 54 60 63 85 45 73 14 59
1 72
5 8 51 50 7 61
8 17 74 64 44 38 57 35 67
5 61 18 57 80 53
8 70 43 7 81 100 59 46 28
10 62 38 57 4 94 53 42 78 34 60
3 98 96 21
9 39 26 52 27 71 14 44 80 60
3 49 96 75
1 92
2 32 67
3 81 15 18
8 58 55 54 73 32 92 30 1
9 98 76 46 44 80 57 61 9 14
4 1 52 54 61
6 62 1 16 27 6 94
8 29 23 38 78 74 92 97 16
10 95 25 24 2 57 85 56 9 80 10
10 63 66 86 90 18 53 55 93 8 35
3 17 4 77
1 63
10 63 5 98 82 29 70 94 6 75 10
8 43 79 42 9 93 78 51 65
3 90 86 65
6 40 52 47 79 82 5
9 30 9 64 60 19 100 8 92 97
4 9 29 11 62
5 98 63 22 27 28
9 36 63 20 94 88 83 80 17 2
8 74 86 40 1 41 7 9 8
10 79 8 92 23 67 76 75 43 68 48
1 40
10 6 5 38 17 96 100 9 23 83 92
8 85 2 56 31 68 4 50 100
7 21 1 41 17 53 67 86
1 10
2 18 60
5 83 32 5 26 10
3 74 99 27
5 2 82 70 95 9
10 99 55 6 47 77 57 89 79 91 64
10 49 39 2 15 98 99 20 89 19 27
4 63 59 78 92
9 9 95 6 27 42 85 79 14 82
1 30
7 68 23 46 85 20 5 12
2 47 15
2 41 8
7 37 60 76 66 82 47 48
1 85
9 1 58 17 72 55 43 30 65 5
6 32 38 8 6 83 9
4 86 69 1 91
7 36 11 31 37 28 61 4
5 63 88 56 48 28
8 41 52 62 90 21 14 73 57
1 11
2 39 98
5 100 63 45 6 98
5 29 47 12 49 50
6 53 34 80 85 97 99
2 58 27
4 52 54 81 33
4 95 41 69 96
8 12 24 89 94 37 35 63 81
10 88 14 50 82 7 5 72 35 17 8
9 74 21 5 42 99 76 67 89 96
6 13 16 5 6 42 74
6 20 18 96 43 64 69
9 39 81 1 9 69 71 64 53 83
7 57 45 50 13 48 29 75
6 40 34 22 77 95 13
5 75 60 46 74 78
9 99 60 85 27 65 1 83 41 22
1 21
3 27 64 9
6 61 12 9 79 71 13
2 49 74
2 68 100
3 46 72 78
3 30 38 15
3 30 16 96
7 39 34 57 30 8 88 52
