100 100
828944 1 1072179 37988296 9429 6 53536 84199 203943310 270 1861 394031938 146542 849 15383 544557133 146 7176572 53 1053 63656 864 4652 274308 42951 918309341 9241 86 5 4624 87 615 44 85904 3769 68353 81453 2 33117 20493 2458314 90 887443185 3134 7759706 650 802177 662386 892373023 6 79046900 7 210222 710373 130236610 44019099 17543019 3 25 3938538 17 4534803 215720 292736 62 55643765 676173701 6724616 742783809 6819857 433903489 92 291 5145828 520359 9639786 9 5030 4 381741 7000 949 69 23058139 495354511 9947595 2 937464 7726 5901061 756 5757 9522449 7 55 4155 49 965691305 424714 3907
81 28
47 94
76 18
96 65
52 13
5 39
62 12
30 84
15 92
39 1
5 71
97 59
36 12
78 29
53 64
14 86
57 54
58 79
88 77
43 68
39 75
79 17
11 89
1 82
34 6
15 12
51 6
45 94
77 52
76 8
31 24
49 83
68 15
7 70
69 64
42 12
55 91
26 10
98 2
97 34
43 54
32 88
56 82
94 25
32 42
4 23
99 45
81 24
92 87
96 8
9 10
9 42
4 10
60 65
49 20
30 42
25 39
20 7
58 41
39 75
83 63
25 39
10 91
2 75
44 68
67 61
34 44
60 13
68 78
31 17
14 1
57 32
3 22
8 33
74 100
43 40
55 15
87 54
79 22
84 15
26 5
60 90
27 23
9 82
73 10
17 49
100 49
9 4
85 26
22 17
25 72
16 31
27 37
96 46
90 62
15 53
28 4
70 63
5 41
92 84
100
8 44 84 22 65 67 12 54 97
3 42 31 65
5 50 85 11 56 15
10 17 47 61 88 30 11 46 3 45 64
5 23 32 95 59 70
10 47 65 88 85 97 40 22 5 45 91
3 40 78 7
4 16 89 67 6
7 31 90 17 48 22 46 87
4 35 39 46 9
5 4 50 69 18 94
6 33 31 100 88 10 48
4 25 37 6 61
7 64 24 20 93 33 49 27
3 90 69 38
10 43 96 4 87 10 37 94 34 89 67
9 29 42 99 62 69 83 11 14 74
8 32 63 14 29 97 68 17 23
10 52 90 21 15 3 26 51 14 35 30
1 91
10 70 61 39 19 8 78 37 35 25 73
5 56 35 87 54 18
1 16
1 27
2 65 93
2 97 58
8 28 31 86 70 9 51 76 7
6 51 21 90 65 29 55
2 9 33
7 52 1 79 83 91 38 3
8 52 60 85 91 87 16 22 74
6 57 64 84 19 33 94
9 94 34 91 63 49 73 88 55 93
10 94 58 88 17 28 23 100 61 33 62
3 33 1 9
10 70 58 19 46 91 78 13 12 3 26
3 49 14 23
3 7 19 3
5 83 2 29 27 49
7 82 33 28 68 94 36 31
4 75 33 82 78
1 41
4 28 87 42 64
8 34 26 79 100 68 31 19 4
2 6 40
1 57
2 31 84
3 65 81 38
4 54 29 56 61
9 86 40 65 12 85 88 2 55 66
3 75 4 92
8 29 64 31 80 69 9 62 88
6 11 62 98 14 97 64
9 72 4 18 2 53 85 80 1 84
9 30 39 65 38 22 53 76 97 71
1 7
7 94 84 36 61 70 65 3
9 68 21 29 12 88 27 84 55 22
2 54 96
9 95 22 14 21 77 80 30 71 1
3 56 11 55
4 24 76 79 34
5 46 81 63 14 89
9 68 84 19 60 38 20 98 54 71
9 90 25 80 70 82 85 95 69 15
9 71 13 58 12 76 70 48 77 63
1 97
4 55 64 82 49
4 1 100 59 37
6 57 45 4 65 46 80
1 17
9 60 19 1 58 28 97 72 7 42
10 27 10 56 92 47 64 86 87 52 17
2 30 22
1 7
3 20 30 45
10 24 5 76 4 84 11 46 50 14 100
8 9 6 80 85 87 53 97 56
2 19 38
2 63 75
7 47 93 65 62 79 31 100
9 34 90 45 61 64 73 21 60 86
2 12 38
10 3 90 84 76 32 28 24 6 49 54
7 47 8 22 44 86 87 95
6 47 79 57 69 98 42
7 20 99 46 24 16 97 45
7 23 10 62 83 73 26 34
1 34
6 22 66 100 71 26 55
8 42 46 84 88 37 72 69 99
2 1 10
3 96 90 87
5 17 72 21 10 59
2 44 99
8 90 82 36 22 24 38 69 72
8 77 57 25 86 16 46 39 94
7 81 2 40 99 26 27 41
6 49 27 28 85 18 97
7 5 88 40 9 25 95 27
