100 100
773559 9361956 79 892767 833668 775854315 3278802 166 578 507446 79 72019843 803461800 1 301186 10 34000 1063 22689 591709 5095822 324 544610 4235 1 234 3146 50092 7741 44342157 39427 742923 542 37505 13619 866 9 9 75217618 85 3863 4554 943289892 504281954 5030670 82101334 73500062 1514 66945333 8559 7 9 527 9 18 655273 70130 5551290 398819360 582042 197759484 312445 4 21657 33 443 44563501 493 25 14 1 26740924 51354 52302086 44617 37696068 72 97662 5 3416 66 716031 77988 655530172 439459 4 276094 481 304087558 944946 4965 62939916 8301 8 516367411 592 49037180 169806 34333588 6
14 5
81 6
89 48
85 64
84 65
48 16
49 54
67 50
39 77
34 75
9 48
38 2
42 37
100 29
22 60
95 84
43 73
94 37
74 42
4 96
28 74
92 53
19 11
83 80
46 21
24 87
11 86
65 58
2 59
54 33
23 70
60 57
91 30
85 78
71 5
18 25
95 32
71 4
49 17
19 9
73 36
34 62
41 30
56 62
9 96
36 98
23 67
44 63
5 79
22 16
9 4
73 63
27 66
72 56
13 50
1 2
15 25
2 35
61 27
68 31
47 27
24 23
6 48
75 34
61 86
88 3
23 1
1 60
69 13
57 88
22 45
16 45
49 5
38 37
94 78
9 94
11 35
44 87
53 52
10 74
80 64
32 86
91 57
59 69
63 51
64 2
73 19
59 48
60 68
4 21
67 16
31 40
69 70
67 33
62 89
73 36
52 69
67 38
52 49
90 41
100
9 15 79 75 48 29 32 71 89 40
10 99 51 33 21 88 96 56 75 55 86
7 83 63 77 55 44 75 67
9 69 71 16 74 81 5 93 68 62
5 45 47 51 53 73
1 17
1 99
5 69 32 49 48 41
3 2 43 53
1 59
7 33 11 59 95 37 16 75
8 51 73 20 63 35 56 82 62
1 72
2 100 90
6 70 84 57 77 92 60
6 39 41 72 40 68 8
2 94 56
10 34 76 81 89 82 99 70 62 20 22
1 43
4 97 33 15 49
9 92 86 9 12 96 29 76 11 36
1 94
6 81 25 69 7 31 26
6 22 91 41 4 44 3
9 23 56 1 60 6 83 88 54 39
9 19 89 73 84 23 16 17 96 12
5 30 6 49 25 4
2 77 91
7 20 45 74 44 91 51 3
2 85 22
8 58 68 48 99 72 78 75 79
4 71 51 59 85
3 1 54 17
10 20 42 18 59 66 48 63 79 37 54
10 91 78 8 15 33 82 81 22 96 36
6 33 66 46 61 53 43
10 75 20 63 14 37 77 96 4 85 32
8 23 39 11 15 8 30 99 31
4 5 57 60 69
10 35 39 93 9 96 56 10 52 62 18
9 11 84 44 5 28 49 30 88 70
1 8
4 17 77 88 12
1 35
3 47 58 95
8 98 79 68 44 25 56 80 47
7 85 40 5 52 44 4 79
7 99 63 47 81 46 16 58
1 14
1 88
8 44 100 90 61 80 6 14 93
10 98 14 16 17 50 40 95 9 65 80
9 94 25 37 34 14 99 30 71 40
9 9 21 84 73 83 76 8 89 39
9 61 28 15 34 48 38 46 80 78
6 2 9 63 19 68 86
10 14 35 83 99 47 26 20 39 89 91
4 11 78 100 63
1 92
1 49
8 13 25 38 94 95 79 27 73
2 28 64
9 55 69 82 51 96 68 52 12 25
7 91 45 53 93 61 7 4
9 84 83 82 71 3 55 44 68 74
4 10 66 21 9
7 56 35 12 4 95 61 24
8 64 59 11 33 21 15 50 62
2 12 68
10 47 13 100 31 60 2 8 19 54 35
10 14 64 51 38 94 59 85 28 40 69
6 24 45 52 50 85 72
4 81 91 90 77
9 27 25 24 80 39 7 66 37 32
10 64 62 20 8 78 30 63 65 49 52
4 48 41 4 68
3 78 44 53
10 24 82 72 43 53 84 4 69 88 34
1 24
10 8 7 70 3 25 68 44 85 77 28
7 56 40 13 35 43 67 54
1 14
7 90 25 48 8 36 89 34
5 34 18 46 78 13
2 32 73
2 10 74
10 45 81 87 79 91 5 75 3 28 47
2 39 79
7 84 58 95 98 11 63 61
8 14 30 59 12 13 55 70 56
5 74 96 75 59 40
9 75 21 3 85 31 41 58 6 88
7 13 91 70 40 18 45 23
6 39 79 100 52 64 50
3 56 12 99
3 33 28 63
6 88 33 85 97 21 67
8 70 32 18 57 17 15 48 58
6 27 7 85 53 38 17
9 24 60 85 33 16 97 48 67 32
