100 100
1 45951 6436332 609 12 423902 74 6 3935 49563901 1393 39906742 253 173 8 93 24 7272 79196144 76 782027 66337187 2 535724784 66 31640 17349359 528868 608647 7 94501612 85163906 6054 635064786 188407 58673 629972777 8262 581 89254 35292 8188150 270 551 467575483 922073680 256 9187 34934397 339 3 256990 8 10 1 50372 9 1 4979 888571 5927 279925687 1448 406863964 83 58621477 19277 658660 198670 4165 9762751 4 5 8323014 60394 659251 59 881253251 977866 36090 52864 79339378 67036610 4201 264536381 267795 67882623 625 48984 6203 209585 9 93442024 543947 31 65 24173013 7297514 5040252 92357036
53 91
20 95
51 80
46 57
41 69
5 45
13 92
3 47
1 5
96 94
53 95
55 35
1 73
96 54
65 59
70 27
79 94
32 87
47 26
84 55
3 63
52 17
2 60
31 11
43 54
85 69
38 10
61 8
44 14
29 51
25 51
49 87
70 94
77 91
56 95
82 56
83 91
89 78
54 42
51 23
72 92
68 26
70 10
100 70
37 66
83 99
46 93
100 78
20 5
22 41
46 15
40 16
69 61
25 36
1 71
90 33
40 87
33 44
27 54
36 86
68 92
80 66
1 31
54 52
85 40
74 1
10 85
77 67
100 23
84 85
63 98
15 91
53 52
86 62
49 27
27 69
39 98
29 38
56 94
66 1
80 85
89 32
13 50
65 19
10 73
78 26
6 72
77 91
31 51
63 4
19 56
55 76
20 8
16 7
61 6
2 20
11 49
87 11
83 1
33 52
100
60 83 30 57 25 5 9 4 29 80 68 75 87 43 85 62 94 26 100 81 36 54 41 64 58 34 42 3 84 46 19 86 89 35 91 15 21 14 79 31 56 48 49 51 82 45 67 95 33 97 70 92 24 96 12 78 18 65 77 71 74
26 31 59 90 67 58 72 29 5 38 6 88 89 14 92 76 60 27 63 91 44 94 79 47 74 62 66
72 55 46 100 35 94 85 1 29 64 98 42 69 53 16 51 20 50 30 31 56 39 52 60 54 73 4 91 45 68 7 14 25 49 97 70 76 9 77 61 28 74 47 27 10 44 11 21 19 6 57 5 34 63 41 82 17 96 83 23 3 8 15 59 37 67 80 38 13 81 72 36 48
33 39 60 3 28 21 71 61 42 63 56 53 87 89 7 46 17 100 19 80 38 29 88 98 85 44 9 41 62 57 52 12 97 79
65 46 44 26 59 95 51 14 19 58 20 25 54 39 10 42 92 2 34 22 65 81 78 7 91 89 8 6 53 97 52 4 36 67 16 99 47 11 48 68 38 96 85 30 86 69 15 98 77 61 57 33 17 29 55 79 70 66 74 31 94 50 64 82 12 21
35 25 12 69 92 73 3 28 10 56 21 23 13 38 85 63 18 99 11 44 30 71 37 81 46 32 74 29 87 96 50 54 67 40 62 79
65 86 91 54 94 28 12 41 43 45 11 81 39 27 63 23 75 34 8 93 61 49 82 60 52 68 2 15 36 88 40 22 10 16 87 84 30 6 53 58 85 55 79 18 71 97 95 78 65 4 38 90 92 25 21 56 77 69 47 83 42 29 14 99 48 51
43 8 100 74 99 32 28 89 2 44 87 13 43 27 71 59 98 30 91 70 78 33 19 94 3 46 21 83 10 60 54 67 11 15 49 79 40 95 72 96 1 12 85 18
2 81 56
28 30 56 67 91 16 51 19 46 48 40 100 84 34 35 72 47 54 10 3 65 18 80 69 73 31 66 76 83
14 35 68 67 77 30 31 82 71 29 45 76 4 27 65
94 7 27 12 4 37 54 57 32 28 83 55 19 63 78 64 40 11 93 66 25 14 99 47 59 77 34 88 53 45 94 29 30 86 42 62 70 2 23 75 38 8 84 33 13 1 24 16 36 22 10 50 35 65 31 97 71 87 85 79 52 96 15 69 73 56 91 20 6 39 49 60 76 51 18 58 43 74 100 80 95 81 82 67 9 92 61 17 3 26 72 5 68 21 98
37 89 18 83 86 91 65 30 4 96 55 94 80 45 92 88 61 97 73 37 31 53 42 47 66 21 26 2 44 84 32 39 85 87 90 99 54 13
50 11 73 55 44 88 63 90 66 6 71 25 85 54 2 21 40 67 46 42 75 91 60 1 48 78 61 64 70 20 59 45 18 81 80 47 36 15 28 92 22 56 5 84 62 76 89 29 98 27 95
30 10 41 46 15 52 9 68 51 39 36 90 99 48 5 100 7 11 70 2 1 40 81 32 18 76 31 98 85 75 8
63 88 93 8 37 50 49 79 43 53 85 11 20 33 91 70 94 1 77 51 10 22 62 82 75 97 100 86 92 39 35 48 89 36 4 47 27 90 76 46 78 16 81 61 71 3 24 12 68 58 21 96 60 29 44 69 13 67 42 59 15 87 41 56
24 82 12 96 50 25 51 63 22 19 77 95 32 13 73 64 48 1 68 27 2 65 23 41 31
31 16 52 45 33 30 41 72 9 50 15 28 4 59 92 69 51 48 21 3 26 25 91 65 42 22 23 6 54 77 76 31
92 2 99 35 91 7 51 9 23 26 83 15 11 58 64 6 13 82 79 36 50 56 86 49 52 19 33 93 39 42 63 62 4 60 75 45 53 87 100 90 77 12 65 1 17 97 38 81 88 78 67 57 5 46 27 28 48 66 29 98 73 92 72 80 40 37 55 84 71 16 41 68 31 54 61 34 3 70 25 30 32 14 47 24 85 95 18 22 20 69 44 94 21
93 45 48 79 71 3 92 13 52 93 8 94 60 46 29 56 4 9 89 76 22 97 20 62 40 98 96 30 90 73 19 28 55 53 2 43 12 11 87 27 61 7 44 78 54 74 6 14 85 59 65 80 70 64 84 16 21 31 72 51 10 66 17 15 68 47 38 88 81 77 5 34 57 37 58 69 25 86 50 26 91 36 95 49 83 23 75 41 42 82 35 67 18 24
80 50 71 31 14 75 11 78 81 87 36 10 4 94 30 51 76 3 42 6 73 1 83 25 40 38 29 82 34 49 93 52 21 63 88 92 18 97 84 99 27 70 39 72 12 69 45 20 62 28 77 95 55 13 79 41 54 80 89 22 57 48 46 65 2 64 98 67 100 8 86 91 68 47 5 7 58 85 32 9 17
69 46 18 9 30 3 77 87 91 65 45 79 59 56 5 99 69 12 78 23 37 90 26 25 57 49 63 51 29 4 93 75 22 50 89 54 31 61 60 36 83 1 68 14 20 72 33 7 35 62 6 34 58 32 92 41 55 43 8 10 97 28 53 42 17 80 27 66 15 95
35 52 4 89 27 46 60 100 35 19 77 87 16 84 7 59 49 90 66 62 38 34 12 1 91 23 18 28 48 45 53 36 17 80 54 13
29 82 17 62 48 30 27 54 3 21 16 37 67 50 38 68 72 84 64 53 1 32 80 60 23 19 65 7 74 18
95 40 88 28 22 70 18 94 64 65 85 83 63 61 50 31 38 25 49 84 10 5 92 54 29 57 11 37 93 43 68 45 16 20 80 42 74 46 91 35 58 67 19 21 76 23 75 79 95 97 13 60 3 96 2 1 55 78 72 47 51 14 33 26 27 24 62 59 98 32 48 12 7 17 53 34 73 77 86 100 90 66 8 15 52 39 9 71 41 6 82 69 89 30 36 56
34 98 67 13 19 4 91 57 75 96 10 86 90 28 72 36 68 24 33 29 49 95 25 64 2 27 46 17 26 3 63 93 45 77 84
33 83 62 88 15 21 92 2 86 66 58 38 51 41 7 18 77 57 94 82 25 22 54 6 31 39 20 65 72 5 76 9 36 44
3 89 95 63
68 75 23 35 1 73 87 30 28 26 22 41 43 81 67 27 50 57 44 88 91 84 85 56 90 77 82 31 52 72 13 74 55 70 20 64 34 5 4 18 80 40 19 9 83 69 51 33 42 95 89 61 96 48 97 58 63 7 15 71 6 29 36 100 47 68 49 66 62
86 22 10 24 85 56 69 98 12 9 82 17 13 28 78 14 55 66 43 84 20 41 90 71 4 79 47 7 1 53 23 96 76 87 57 37 3 72 42 61 81 39 21 26 11 8 51 36 91 54 25 63 83 64 16 50 65 89 2 73 45 86 27 44 52 99 31 75 67 30 80 77 95 19 70 29 18 62 38 15 93 100 92 68 58 6 46
8 44 45 59 24 39 14 4 84
98 79 90 15 39 66 11 23 45 12 63 1 7 19 27 14 91 51 83 44 97 58 41 59 70 98 35 20 37 2 61 69 65 46 42 52 95 88 28 60 4 26 67 38 10 53 13 30 32 40 43 71 99 18 89 9 56 74 68 49 54 94 50 55 78 87 21 77 72 22 85 29 62 5 96 17 8 33 75 34 100 80 25 84 6 31 36 81 86 24 57 3 64 48 92 82 73 47 76
86 84 61 1 47 54 75 77 9 64 92 53 67 79 91 97 11 26 96 15 58 63 17 37 85 72 62 36 16 4 38 87 13 6 86 14 74 43 5 59 18 76 39 81 44 7 29 78 48 88 90 98 33 41 20 52 80 8 31 10 2 71 82 49 23 73 24 51 66 100 25 89 19 94 3 95 99 28 70 56 55 32 69 42 12 46 93
44 63 8 52 27 19 45 74 23 28 53 69 78 39 93 34 33 72 36 25 44 31 86 4 75 73 40 57 50 46 32 15 62 71 90 9 83 85 2 38 79 77 66 47 96
81 52 33 86 12 54 82 69 23 65 84 53 39 96 6 88 98 77 17 20 75 7 40 14 46 29 13 10 99 78 92 34 11 90 49 74 35 16 15 51 18 24 83 60 73 58 26 93 72 85 64 76 50 19 22 57 38 42 56 94 66 71 100 97 80 87 44 67 62 28 27 8 89 48 45 21 95 63 59 31 81 79
59 71 49 36 31 18 93 75 88 30 39 42 67 27 59 10 48 92 70 85 20 97 53 68 15 9 99 8 76 87 32 91 25 5 44 94 45 37 79 6 34 7 72 63 19 12 80 56 57 74 83 58 40 21 17 52 35 2 61 43
34 8 27 20 91 29 41 52 4 79 94 88 59 2 14 49 84 95 78 80 16 3 68 73 19 61 22 1 32 85 48 83 15 89 23
59 19 54 93 32 75 8 25 36 26 71 9 1 60 84 95 3 2 14 59 68 6 91 47 72 13 51 37 28 20 64 4 57 74 7 96 34 39 62 65 80 24 61 30 85 78 67 55 53 69 88 73 89 40 49 11 98 44 52 92
6 77 72 4 23 86 7
64 92 8 41 69 38 43 19 16 22 9 96 57 30 61 37 63 1 3 24 17 86 87 83 90 88 64 70 23 10 2 13 80 59 36 52 81 48 27 85 35 50 56 65 58 31 44 89 95 94 79 93 11 32 33 49 51 72 21 12 84 98 100 47 15
17 34 41 47 70 61 5 75 95 29 68 84 42 64 52 24 55 54
39 57 2 76 26 28 59 94 80 55 40 32 3 4 51 27 31 100 60 49 95 84 46 92 7 17 21 8 29 83 88 16 42 39 1 85 10 75 70 36
65 93 68 12 85 86 20 48 81 58 33 67 77 13 75 2 51 98 28 60 38 66 50 73 1 17 54 43 24 90 23 40 15 84 70 57 21 74 96 95 76 29 88 46 41 52 94 6 53 92 55 26 9 72 99 78 87 83 64 31 45 89 100 8 80 63
45 49 17 11 4 13 60 66 37 55 48 41 24 90 65 63 1 59 10 56 57 79 88 67 83 28 26 19 38 32 94 50 53 86 93 85 76 92 31 45 87 70 33 21 61 8
43 93 64 44 32 15 95 92 63 31 98 82 41 38 55 2 69 61 39 58 13 52 7 19 96 36 59 74 57 68 18 5 79 17 86 65 24 48 54 9 20 43 73 81
36 81 60 29 96 1 92 85 4 84 30 71 17 77 39 63 5 73 38 44 61 13 2 78 94 70 89 55 62 37 76 10 3 99 90 52 16
44 57 13 81 97 83 19 24 55 76 23 36 75 96 56 53 100 77 52 37 35 6 47 88 89 2 91 58 63 54 7 3 14 73 98 84 49 34 65 60 78 51 80 5 67
74 16 53 70 75 10 21 22 2 15 24 19 56 20 9 54 93 64 77 90 36 55 35 78 79 29 41 81 66 62 17 40 92 95 68 47 30 12 65 89 7 59 82 84 50 100 1 74 31 43 63 49 67 57 58 72 98 5 61 96 97 33 48 69 83 28 44 51 80 34 42 14 6 3 26
93 44 60 18 50 17 83 49 85 90 56 80 100 7 21 71 46 61 68 67 38 89 5 36 42 45 37 8 28 65 74 12 97 33 72 1 73 88 93 30 25 9 66 91 52 10 78 95 15 4 24 13 96 27 20 58 63 64 32 77 47 86 19 11 26 98 51 23 99 22 16 14 76 79 40 6 59 34 39 41 81 70 54 43 82 35 84 94 2 29 31 75 87 62
66 38 74 40 83 100 34 12 88 31 9 20 50 82 60 26 79 81 54 18 89 21 64 94 37 43 23 44 72 19 39 14 11 29 62 87 32 30 5 90 25 78 45 95 70 98 68 36 27 75 56 7 28 47 22 2 42 41 52 96 8 4 6 66 84 61 97
81 31 85 10 96 1 22 78 82 61 97 86 76 3 14 7 34 19 23 59 16 64 57 81 56 4 27 99 25 26 44 39 79 15 90 72 8 94 45 20 46 62 50 33 88 28 55 87 93 36 83 54 29 52 60 30 95 47 58 100 32 48 69 2 38 68 51 67 12 40 66 24 6 91 65 13 98 77 53 21 49 75
11 65 86 50 15 91 28 20 81 37 53 45
38 33 51 1 57 94 29 4 3 56 78 92 17 58 11 79 86 38 31 99 27 82 5 96 48 98 45 55 100 53 13 34 93 73 19 6 75 40 41
58 51 49 84 89 85 76 7 2 54 36 100 69 78 92 27 75 79 38 48 61 4 91 53 68 37 90 43 23 50 80 3 55 16 41 63 46 56 15 70 52 86 14 72 66 67 58 77 74 31 42 28 87 81 21 34 73 29 20
86 22 74 78 56 40 94 20 83 11 55 44 26 31 28 60 79 68 29 89 91 82 3 100 97 37 12 10 64 59 77 76 15 65 36 35 8 96 5 38 48 61 52 70 17 90 41 71 30 14 39 57 84 9 50 16 54 49 19 69 67 33 75 85 13 72 63 43 66 88 93 62 21 80 25 42 58 99 45 87 6 53 92 24 34 32 18
97 47 89 56 92 58 48 20 98 62 70 11 8 51 65 17 14 96 49 30 54 19 40 91 72 61 74 24 1 27 87 60 42 10 64 88 97 76 68 50 6 16 22 59 33 39 63 37 25 80 67 75 44 43 7 81 52 21 85 71 31 83 5 18 66 41 93 99 55 82 26 95 73 29 28 36 84 12 53 94 77 86 34 79 90 35 23 9 32 13 2 69 57 4 46 3 45 78
17 87 56 62 38 47 71 8 70 22 45 96 67 43 99 74 4 3
85 80 75 15 14 29 60 96 26 64 97 88 89 34 57 31 13 74 85 53 72 81 79 55 43 56 46 42 98 84 78 82 36 47 95 12 6 9 66 93 73 21 11 10 35 83 61 45 54 7 8 86 38 100 25 68 76 69 2 87 28 1 18 24 63 99 50 51 62 91 70 20 22 52 67 19 16 39 32 27 23 3 58 90 17 65
7 37 70 91 17 87 40 18
96 21 15 16 20 74 84 39 34 42 49 97 95 91 18 58 78 99 6 14 28 94 83 93 87 75 27 13 90 89 85 73 50 59 2 25 88 46 79 86 37 26 61 66 65 4 68 30 10 76 70 71 92 17 23 7 31 38 98 55 62 69 96 53 77 35 64 80 29 52 67 60 40 24 43 33 57 100 45 48 22 54 72 63 19 47 82 9 11 81 1 3 41 8 56 12 5
34 72 14 51 99 44 87 58 81 55 91 78 12 75 19 64 100 49 93 2 65 11 17 96 31 35 76 74 62 70 59 38 57 67 61
9 3 64 28 85 10 82 90 89 58
92 58 55 56 17 62 96 73 33 88 80 26 67 77 90 65 7 81 37 76 27 28 84 46 53 24 91 25 32 21 54 99 4 22 52 42 78 51 41 74 11 97 9 79 16 34 23 10 35 43 1 38 94 36 48 87 20 69 92 100 75 13 40 59 8 39 71 31 63 44 3 89 12 85 57 50 68 61 6 66 70 15 86 98 49 19 47 45 29 82 18 60 64
61 36 9 38 61 10 22 13 28 41 98 51 90 11 15 94 64 86 95 59 44 49 6 19 55 88 73 63 29 80 87 2 83 42 52 37 54 82 47 5 89 14 100 18 84 30 27 81 58 75 85 1 50 45 68 72 34 77 92 48 21 32
77 47 14 5 90 70 3 57 54 18 65 86 10 78 27 17 98 40 33 4 63 93 69 60 1 31 74 66 99 87 23 96 21 75 52 51 88 61 36 46 32 39 13 29 50 64 2 77 82 59 62 71 95 44 42 58 26 48 83 67 19 37 7 92 15 22 100 30 72 68 45 12 34 25 53 55 38 73
8 60 31 49 50 29 95 9 100
1 43
70 5 42 27 39 46 87 33 10 28 23 54 78 49 70 14 43 34 26 65 48 35 19 7 66 68 94 25 18 69 55 21 47 96 73 40 2 8 99 50 41 56 85 79 3 12 37 22 30 31 71 81 6 92 60 97 16 91 62 90 38 15 67 100 51 83 77 29 63 36 4
55 62 88 41 61 1 26 27 7 57 76 43 59 90 5 3 40 2 73 67 71 96 97 36 32 50 53 37 10 84 38 18 12 20 60 13 33 80 89 46 42 68 74 79 85 98 83 65 31 22 8 54 72 44 78 17
80 17 32 60 95 43 77 66 28 42 52 47 26 97 63 83 1 12 81 20 7 5 13 67 16 54 62 19 71 23 14 79 46 92 6 45 59 69 35 15 25 93 86 74 96 10 57 98 84 8 88 11 68 53 65 72 87 40 4 22 38 99 31 91 34 41 21 49 39 64 24 29 3 33 55 9 100 75 85 37 18
99 74 93 71 69 3 72 20 28 92 56 30 33 44 97 5 64 89 49 79 51 45 58 9 57 40 23 25 90 99 41 2 77 94 22 6 55 19 91 12 37 34 31 29 84 15 80 60 21 70 24 50 100 42 68 39 63 8 76 1 36 13 48 73 18 35 87 4 7 95 59 62 53 96 75 47 11 61 52 16 81 65 43 54 86 88 78 32 14 85 27 10 83 66 38 26 17 98 46 67
5 47 77 100 54 17
64 5 40 61 39 3 59 91 66 99 69 28 52 92 74 1 21 14 63 25 10 46 89 23 6 27 100 57 72 37 82 75 15 32 47 60 53 67 41 62 34 58 18 90 95 17 68 31 42 35 2 4 93 45 54 20 96 80 85 77 83 7 71 38 73
44 62 33 9 79 36 26 58 22 86 23 43 8 91 80 38 2 46 19 93 69 49 88 87 90 61 18 13 76 60 98 95 6 30 65 66 53 21 34 82 10 28 41 32 70
46 27 3 38 51 5 41 68 96 53 43 7 93 70 87 75 19 30 10 98 86 26 89 80 17 71 14 46 97 13 79 62 34 39 50 6 85 32 52 4 20 95 59 90 60 66 88
29 19 88 39 69 40 6 66 38 55 86 43 92 31 33 75 34 93 12 63 37 98 100 3 18 30 97 2 21 32
91 9 5 16 23 94 54 11 86 48 31 73 55 24 99 56 62 22 61 45 51 68 8 70 40 85 30 41 7 77 6 15 43 87 83 66 27 100 95 79 53 39 69 60 1 13 25 89 20 46 49 67 42 57 78 50 80 92 38 35 65 47 3 63 81 64 44 76 33 37 58 52 96 32 18 4 98 75 36 14 29 82 91 19 59 34 17 72 97 90 88 2
16 5 26 66 30 90 48 34 15 4 41 78 14 74 68 10 37
29 6 78 30 20 3 41 80 89 51 4 46 61 72 17 73 75 87 98 8 58 49 16 24 74 81 82 77 70 66
32 28 22 2 87 75 88 14 92 61 82 41 27 85 45 50 86 59 33 46 17 19 79 4 73 6 67 11 91 63 16 39 74
22 55 9 23 33 5 13 35 38 43 83 82 71 2 75 66 34 15 64 80 61 60 28
95 62 43 64 68 91 51 33 8 73 4 82 12 66 18 30 57 19 67 96 65 74 47 50 27 40 90 28 59 11 88 3 26 100 48 35 75 23 15 80 6 53 76 45 42 39 5 10 38 61 63 7 25 52 71 16 22 29 49 79 78 56 97 98 94 92 13 93 32 24 41 46 9 2 84 20 83 89 21 17 1 87 34 85 36 31 81 60 77 72 58 95 54 14 70 99
39 53 87 72 14 35 16 21 81 90 94 8 84 45 28 65 34 13 73 70 39 60 7 55 11 76 85 41 49 20 89 27 59 17 99 44 93 77 42 80
29 55 60 69 97 42 30 87 9 22 10 48 64 25 98 23 35 72 28 74 88 56 68 32 90 50 75 24 59 94
94 56 33 43 21 96 62 26 24 28 27 76 40 80 55 87 82 16 25 57 72 64 78 71 7 50 9 39 60 92 53 54 81 85 59 45 35 75 30 74 58 3 23 15 46 5 8 67 51 34 63 42 98 90 84 6 44 88 68 13 83 41 47 20 48 2 29 77 14 93 69 17 100 36 89 1 22 95 18 73 66 12 94 10 38 61 86 97 65 91 32 19 4 79 31
85 28 25 44 27 56 78 42 71 79 10 66 49 11 76 29 64 97 69 37 77 72 58 2 31 43 32 54 81 50 74 90 80 89 13 87 35 3 45 52 86 21 62 22 55 18 12 36 75 6 8 92 16 88 100 19 68 23 33 83 20 41 57 15 98 60 9 73 70 17 82 30 24 5 53 4 40 14 46 85 99 84 61 39 94 63
12 42 73 32 37 79 6 43 48 1 82 11 90
23 53 71 47 36 77 51 73 13 17 94 81 4 59 24 55 12 78 75 14 67 95 72 70
69 91 64 57 26 15 54 84 81 82 77 3 8 70 5 61 23 20 31 83 78 68 86 92 18 4 39 1 95 11 99 79 40 69 67 22 85 65 21 56 53 94 27 34 97 29 33 6 35 62 55 10 76 60 14 72 89 17 45 73 16 30 93 47 19 43 9 59 42 24
4 88 83 28 100
12 11 80 46 23 70 28 35 61 32 24 91 9
8 6 47 12 94 88 91 24 26
70 9 72 67 32 75 95 33 45 66 94 68 63 55 8 17 83 70 48 100 51 36 7 40 29 86 97 78 31 12 60 18 80 87 46 58 84 71 89 54 5 61 21 47 99 37 44 11 10 4 74 92 19 81 14 96 20 90 34 27 15 30 16 53 56 49 25 76 42 93 28
21 96 93 42 73 64 27 99 18 21 66 36 47 16 91 83 3 35 19 80 5 32
85 72 31 33 18 76 100 51 25 40 30 98 90 73 63 42 14 66 28 99 35 77 13 82 45 5 27 74 94 86 29 34 83 70 2 17 19 71 22 8 65 62 12 64 80 21 1 69 4 79 53 7 46 52 50 38 88 59 54 60 10 92 68 67 3 81 95 97 93 48 23 57 78 44 87 36 75 39 26 43 24 16 6 9 61 37
5 80 63 13 19 49
18 78 29 54 14 17 30 2 16 80 26 100 92 55 21 97 45 60 93
23 96 28 60 21 71 38 34 36 51 63 26 69 2 79 74 54 59 87 52 17 41 48 90
33 54 58 25 62 92 53 2 30 8 83 26 70 93 13 50 57 74 27 29 71 52 78 88 61 16 95 76 98 43 46 72 22 63
5 51 65 76 7 18
