100 100
7 10196 93 66932 690427 52598 48134404 10 14700 110 57574 787 74 1460678 5 649893 476613 30 7038 99 58025413 633 51378 4008 48654858 696 8116993 6 2 25 646035 6 9217 22109367 827 930001667 493 10 10 1 8 127668377 3178640 109922927 43764 944 927888165 606980 7 26 490051104 5393450 295667 3651227 100743 782065 842783143 2 49929 6643 6 4798 6919878 76 94645 55 22 9178262 80553 83995 5 6228454 68191478 7888388 895992326 22296 28176 9987184 31 54 825700 944826 485986084 1483 22546568 819225 415 575641310 514193 156724167 872 54 216 3338121 274795457 2415 91 554 641621 27023
13 78
2 94
29 20
56 66
69 43
43 15
84 5
60 100
84 8
10 44
99 35
45 63
37 57
15 10
29 18
61 82
58 99
35 43
81 53
62 84
38 82
76 92
55 16
52 85
66 50
76 42
44 36
47 29
53 23
89 32
83 86
28 43
59 15
93 77
46 45
8 19
28 76
66 14
47 86
18 68
22 95
67 51
43 34
90 57
19 37
80 62
43 95
83 44
35 2
20 11
75 92
38 67
13 31
10 82
11 13
28 29
8 58
38 51
58 42
84 31
22 12
3 29
73 56
91 38
34 64
66 30
14 75
81 69
15 65
52 87
35 11
32 100
61 99
48 89
6 99
94 33
78 56
31 88
34 97
37 10
68 15
15 35
37 22
81 59
8 81
93 60
45 52
95 8
54 95
51 16
56 39
21 8
51 79
28 3
68 94
56 36
14 20
83 89
88 13
34 98
100
1 75
92 24 79 67 55 78 40 53 62 83 75 86 41 48 1 66 42 44 65 94 84 46 80 30 96 61 9 70 37 81 19 87 50 52 21 74 82 90 68 6 27 56 97 58 7 49 5 76 51 13 54 36 28 20 10 3 95 39 12 32 47 16 85 15 38 77 34 63 29 100 4 2 14 57 45 92 69 93 88 91 8 23 89 17 60 25 98 18 33 43 73 11 64
14 87 18 7 100 58 68 20 61 70 22 62 31 99 97
15 14 65 22 46 58 93 83 30 43 24 15 12 87 27 56
3 33 12 92
87 64 73 12 32 53 28 44 14 5 80 85 18 7 63 51 92 76 2 57 65 17 3 39 6 77 72 87 68 11 21 26 60 91 52 13 90 56 4 71 33 36 1 38 41 42 84 86 69 83 78 82 49 81 54 75 79 8 47 10 74 15 58 89 46 98 37 9 100 30 62 20 25 22 99 96 24 94 16 61 43 23 29 48 88 35 67 34
91 60 31 45 24 10 44 32 59 2 84 8 38 1 92 47 76 91 23 65 83 12 4 18 20 34 16 71 46 30 77 37 57 7 62 97 82 96 68 53 22 66 19 14 49 81 3 75 56 51 13 78 70 27 42 5 73 67 79 43 48 85 89 72 93 58 29 86 26 88 40 28 50 95 54 17 87 55 33 64 41 35 9 69 52 99 90 63 80 100 6 36
74 61 67 94 78 25 49 19 3 23 32 10 92 33 44 41 48 95 17 14 1 91 97 50 39 6 42 26 57 51 68 73 20 65 21 54 45 4 52 22 74 31 75 63 85 89 9 86 58 47 66 38 28 34 55 37 53 35 82 96 84 80 62 46 69 59 12 2 56 30 98 15 27 16 36
9 31 74 49 96 63 76 71 42 87
8 42 79 61 47 74 50 11 13
11 62 11 99 1 23 67 30 66 28 47 22
29 78 42 27 21 49 54 9 62 55 41 52 17 53 7 23 30 47 87 1 96 97 72 89 3 34 77 64 99 88
65 8 43 78 25 24 85 75 88 26 86 3 2 39 52 34 21 98 84 70 9 10 89 14 77 51 38 33 58 48 5 56 90 99 73 62 49 31 1 55 41 15 17 36 63 71 53 6 59 93 32 60 18 20 64 79 16 96 50 91 100 27 30 61 94 29
84 2 77 23 49 46 40 55 8 30 56 71 93 20 41 32 64 59 16 57 82 42 53 100 13 44 67 69 33 52 36 11 1 99 58 75 21 89 10 47 54 25 96 63 19 88 51 65 62 74 43 24 34 29 86 80 76 81 27 15 37 9 35 7 22 4 70 50 78 87 83 28 18 84 91 92 72 48 38 14 90 39 61 6 60
67 37 64 98 77 15 73 49 31 90 82 67 2 56 20 14 92 79 91 94 66 83 35 5 46 55 29 10 25 78 12 88 53 40 9 32 23 71 47 28 85 65 74 16 59 34 3 70 17 76 30 58 43 21 50 99 6 86 52 39 97 38 84 54 100 24 22 75
69 86 23 25 3 67 10 49 79 57 87 40 89 19 36 94 80 34 41 22 97 74 82 9 63 7 15 4 44 54 26 88 33 6 60 14 47 59 72 42 96 32 12 8 18 65 46 99 71 90 50 5 81 16 75 84 45 53 48 77 17 73 76 64 20 38 91 95 1 24
77 44 65 31 48 76 59 82 47 98 21 71 85 80 86 34 16 64 5 58 3 40 35 79 57 27 56 93 8 49 60 81 53 87 54 36 14 96 52 73 6 75 43 39 69 15 10 45 66 23 28 37 51 62 11 77 67 1 50 20 13 70 42 99 17 32 83 88 89 19 63 78 55 100 72 95 90 97
59 68 50 92 58 71 70 30 55 16 93 25 67 9 41 11 52 4 24 20 87 96 78 3 38 1 6 59 62 7 64 31 57 26 15 56 22 69 40 81 83 27 82 47 18 43 46 94 73 85 42 5 32 89 79 51 86 88 45 90
82 97 37 28 7 92 63 89 43 4 44 48 94 35 38 30 12 21 13 50 61 91 55 58 60 25 16 27 93 59 76 22 86 19 84 67 83 32 10 33 2 14 17 40 72 41 81 53 80 11 29 6 5 100 46 3 18 87 95 99 73 88 68 96 9 71 51 36 90 54 70 98 64 42 82 75 26 20 52 49 74 1 24
57 20 44 40 27 69 30 51 31 67 61 93 33 86 92 94 7 81 48 84 83 2 89 56 36 21 24 43 87 22 74 57 11 78 71 82 60 50 99 95 9 54 1 100 88 47 16 96 85 55 77 76 6 59 28 25 15 63
34 56 86 5 23 34 40 80 100 50 7 46 37 22 98 27 41 2 21 9 64 17 19 65 58 83 66 10 84 78 89 76 15 20 55
100 92 62 18 56 67 9 4 53 60 23 3 86 29 24 68 78 5 48 6 65 35 44 98 30 12 22 75 71 16 69 63 85 54 87 88 17 83 70 93 2 97 52 11 89 99 66 58 46 55 38 25 41 14 64 42 40 73 20 43 84 90 51 94 76 33 57 37 21 7 32 91 59 80 72 49 77 36 13 26 31 8 45 15 81 47 19 96 79 28 100 82 1 10 61 74 34 39 27 95 50
93 30 49 32 6 28 74 23 57 18 69 80 13 19 37 90 66 95 55 14 52 34 36 47 51 35 78 22 48 65 63 41 8 92 91 15 61 20 81 98 93 43 3 26 45 54 62 46 10 77 60 12 73 88 42 59 27 86 39 44 24 83 31 21 100 85 16 1 17 38 72 56 70 82 97 89 5 50 68 25 79 67 4 71 94 64 2 40 9 7 96 84 87 53
86 94 51 14 43 78 66 3 62 88 60 40 47 64 87 22 28 12 55 61 42 46 58 7 63 80 41 72 5 90 10 39 19 11 23 25 15 1 9 33 83 4 86 8 36 24 31 69 96 100 26 84 71 89 95 6 17 75 54 97 81 32 57 65 30 82 20 99 34 52 70 18 93 45 77 49 68 37 48 21 27 2 13 50 53 91 85
89 2 57 21 95 53 67 70 38 16 50 72 45 78 6 1 34 26 37 29 18 15 99 47 94 33 77 63 61 74 41 82 49 90 25 35 58 13 97 44 62 85 65 83 100 3 40 89 51 43 30 66 8 93 54 60 10 31 79 84 5 80 20 68 55 75 27 11 32 39 24 71 98 9 59 46 96 36 91 22 23 17 14 28 87 64 86 73 69 76
70 55 21 8 19 7 9 32 95 85 94 46 72 62 14 93 27 30 83 29 82 52 67 6 17 97 5 66 79 54 71 48 70 22 99 34 81 53 77 36 98 45 11 63 1 15 24 80 26 96 68 13 84 88 92 90 38 56 16 23 41 91 12 47 59 42 4 3 40 60 50
21 67 91 33 62 55 87 27 3 81 12 26 82 68 42 46 84 90 38 94 2 22
5 100 7 74 76 46
2 58 73
84 71 38 82 17 65 37 6 47 62 45 77 76 49 83 94 4 33 99 31 98 97 58 36 44 11 63 32 64 19 46 93 91 96 35 85 22 56 12 41 66 52 9 23 40 74 43 61 15 2 50 34 18 75 30 1 3 7 13 92 42 14 57 16 53 69 5 95 80 25 20 29 73 8 72 59 84 54 81 86 100 89 28 39 68
95 39 8 18 100 77 43 3 42 53 50 76 13 25 9 78 75 85 26 99 5 33 70 82 59 84 54 81 91 40 24 31 16 60 96 27 80 64 68 35 30 29 55 89 36 52 7 45 72 12 94 6 51 83 95 71 69 65 86 23 49 19 2 11 57 34 93 21 66 87 37 90 73 1 41 67 28 38 92 62 63 56 74 10 79 20 32 58 17 14 61 15 48 98 88 22
52 8 79 4 67 98 35 58 18 81 3 31 62 32 25 41 53 91 78 56 61 42 24 45 59 30 38 12 19 72 74 97 20 90 89 80 57 37 7 60 66 68 11 22 48 52 96 16 34 70 10 5 88
65 94 44 34 82 8 37 51 3 33 60 77 90 25 56 48 69 1 71 91 41 43 81 13 54 52 74 64 50 63 67 22 9 11 93 45 95 4 87 46 76 47 55 2 6 85 27 84 30 79 10 88 78 62 68 20 57 32 66 49 83 75 86 72 21 38
40 13 80 36 35 46 26 24 94 10 92 16 63 23 74 75 15 12 17 97 52 62 29 38 68 100 2 32 22 27 58 85 78 79 4 77 34 53 33 8 56
20 87 20 69 55 43 11 23 37 79 85 89 84 68 31 27 75 47 42 67 92
42 28 33 7 51 84 21 55 66 4 72 49 12 88 65 15 78 19 67 39 48 41 30 31 10 76 17 1 74 81 16 60 50 69 80 47 93 25 11 54 57 2 5
87 87 71 31 46 74 58 75 73 53 92 93 98 84 81 16 69 56 5 96 63 20 79 49 2 50 95 86 70 54 77 72 25 51 15 88 43 83 33 18 41 28 29 23 89 67 68 94 52 36 99 3 24 35 7 62 42 17 65 21 10 34 22 39 85 61 6 59 32 60 8 37 19 13 97 76 9 90 14 78 64 27 44 38 40 1 47 45
47 57 28 9 43 39 17 88 8 69 34 74 85 99 11 98 68 12 82 90 47 71 61 79 55 7 53 37 26 96 54 80 67 3 76 92 49 35 21 65 86 64 44 20 10 5 84 19
51 95 47 99 6 8 78 12 51 54 5 64 39 96 32 41 57 20 79 84 80 89 94 75 86 100 9 2 71 70 26 59 92 83 49 73 28 36 63 7 4 40 74 48 34 15 87 53 72 97 16 52
14 90 32 83 42 86 71 96 98 39 9 78 4 10 95
9 66 63 37 12 55 80 8 11 2
38 12 68 2 80 27 37 89 22 6 64 74 51 36 88 46 84 38 5 52 95 90 44 30 26 67 17 33 40 58 60 97 83 73 93 71 100 53 72
65 84 95 33 4 76 94 22 60 17 20 52 80 16 6 57 81 64 5 68 9 83 40 42 32 59 56 11 96 66 53 19 26 87 82 31 12 67 37 30 27 61 90 93 54 24 78 28 18 1 55 23 65 77 85 3 21 7 47 88 92 100 62 46 38 73
64 89 5 62 1 45 55 61 28 17 31 57 91 92 88 85 37 73 4 40 64 41 60 42 51 21 66 71 65 36 11 39 6 76 20 56 90 38 83 98 10 58 27 54 96 19 79 26 84 87 78 77 68 100 9 94 70 25 30 13 72 69 22 7 63
99 22 63 5 64 37 87 29 40 83 45 60 50 39 52 1 56 97 13 76 10 98 84 61 68 20 91 62 55 27 49 85 58 73 79 23 28 2 51 21 77 57 18 82 69 16 42 38 88 65 95 81 89 94 72 11 96 33 92 12 47 53 25 9 99 46 19 66 75 74 35 26 3 41 54 78 7 15 67 59 30 80 34 86 100 93 44 70 6 31 24 43 32 17 8 36 48 14 90 4
4 50 53 86 43
57 54 99 38 56 34 51 52 89 39 91 66 13 67 61 95 50 88 4 11 81 47 76 77 45 9 100 6 69 48 72 21 87 31 41 12 62 1 36 43 49 44 92 75 35 79 19 17 80 10 94 33 3 24 26 60 7 96
9 97 59 81 55 62 66 50 79 25
7 31 23 62 37 9 70 26
38 57 68 22 81 45 9 28 65 96 26 6 17 88 42 84 94 11 55 60 97 50 62 15 59 75 77 79 93 7 32 52 53 29 43 64 19 24 10
83 56 2 26 91 9 46 36 16 28 98 30 93 73 37 41 61 43 68 38 55 42 85 21 32 35 62 8 24 81 67 99 7 66 17 70 60 75 15 45 12 88 14 87 27 90 82 51 23 94 65 96 6 71 78 10 19 11 79 54 64 39 40 57 72 44 20 3 25 31 92 97 4 13 63 59 89 80 69 29 83 86 50 74
13 34 91 60 31 55 81 66 19 2 5 6 73 58
7 45 39 2 78 1 28 9
82 33 87 88 31 6 48 53 16 89 77 72 35 40 65 13 43 37 67 100 61 75 24 42 79 18 81 66 70 83 56 3 47 97 93 36 69 21 4 94 41 10 11 34 29 85 26 96 63 14 19 59 2 62 25 82 23 8 68 60 90 46 71 55 78 5 30 54 39 86 9 50 20 84 27 49 51 44 22 95 80 38 99
21 60 97 48 36 75 80 66 99 40 18 3 22 59 43 79 34 81 12 76 35 65
54 45 23 73 27 53 31 74 75 20 33 78 34 83 92 3 70 43 84 4 98 76 94 37 30 55 5 26 29 41 68 28 58 85 15 79 49 87 24 21 86 60 91 100 22 11 36 64 96 47 8 77 51 48 61
71 59 98 95 63 6 5 67 19 76 86 52 65 22 75 45 72 11 79 82 87 38 28 70 33 13 43 26 4 81 42 91 57 61 89 74 68 10 92 54 16 90 40 56 62 84 66 78 41 58 47 64 44 53 3 94 27 55 17 23 2 15 35 69 51 29 96 71 60 21 7 77
45 98 3 37 55 57 78 28 30 70 52 65 67 90 16 7 36 84 9 43 71 33 79 48 91 5 23 22 24 10 13 95 15 38 17 21 80 69 31 42 94 58 45 4 59 27
57 42 32 30 6 64 3 19 99 53 77 90 44 48 43 92 16 65 25 23 37 14 41 8 1 12 70 71 38 56 66 67 89 2 86 18 28 57 11 60 68 52 94 54 47 5 33 82 26 39 97 75 21 91 93 85 74 78
31 10 13 66 39 87 92 21 36 96 53 70 18 5 64 47 85 23 27 7 82 68 29 52 79 49 73 60 50 77 42 57
82 53 85 11 32 3 8 18 55 93 66 41 77 48 100 4 54 63 83 40 75 24 74 22 68 71 25 64 13 94 72 9 39 17 51 2 20 69 59 87 30 60 65 29 89 49 86 58 50 6 33 44 31 47 23 62 21 36 96 42 45 67 15 10 34 38 61 84 12 90 73 82 92 76 19 5 27 14 78 16 28 79 95
56 68 63 20 59 94 62 53 23 66 75 100 6 28 41 92 82 3 47 76 39 8 14 79 42 93 2 87 13 38 57 16 51 29 37 18 84 43 81 15 64 4 89 36 5 44 22 46 9 40 48 32 73 65 98 99 96
34 7 56 78 26 95 90 32 74 5 50 2 40 15 58 12 29 67 20 37 31 63 22 92 98 10 91 42 61 83 48 28 6 3 72
57 46 1 15 51 63 39 82 61 65 52 16 68 45 25 38 49 66 100 57 14 83 92 29 95 18 41 17 64 91 35 44 42 53 70 74 54 47 34 40 81 12 7 32 33 99 31 23 94 37 60 69 9 56 71 43 58 77
93 25 95 39 32 55 86 43 94 15 2 10 87 68 73 64 88 19 83 34 46 62 89 6 22 70 51 44 38 82 27 35 85 8 30 52 79 98 63 48 50 61 24 20 31 91 26 47 42 33 92 28 100 16 1 45 57 36 74 67 5 66 3 13 9 76 90 69 12 59 84 56 75 18 4 96 21 65 99 97 80 53 37 11 49 23 29 60 14 93 7 72 78 17
48 94 48 14 95 43 87 26 24 19 69 5 28 70 90 46 79 25 89 77 39 75 50 99 56 67 42 97 11 73 21 17 51 74 35 41 29 81 60 83 22 36 84 88 13 49 8 59 76
60 9 91 60 78 86 43 19 51 69 82 64 32 66 6 99 49 59 92 65 84 47 76 27 71 23 53 16 18 37 70 85 26 73 81 63 22 55 11 80 77 58 28 50 75 13 12 72 21 35 52 40 98 93 54 24 4 48 5 97 39
29 40 28 16 2 47 66 53 33 71 68 5 91 32 99 55 88 90 52 98 6 43 10 77 4 23 95 35 72 45
27 31 98 67 25 59 9 10 7 19 29 73 100 93 95 5 85 50 46 87 12 41 36 62 80 13 34 55
75 81 66 98 35 18 10 53 86 42 73 95 59 2 72 50 9 15 7 20 28 69 99 79 13 97 43 63 38 94 44 67 29 76 21 52 93 90 16 96 1 85 3 6 74 11 64 4 5 100 25 24 56 83 70 49 68 82 12 78 46 84 19 30 88 34 47 36 8 17 75 32 60 71 80 55
2 78 48
94 99 6 62 52 22 47 3 28 19 41 56 90 14 32 69 13 49 60 94 66 40 93 73 100 95 58 91 71 87 65 63 44 86 29 38 1 57 8 33 21 37 25 2 18 98 68 17 4 84 5 67 9 16 10 77 61 26 51 34 89 55 88 27 74 36 78 96 75 83 24 53 70 48 30 72 82 97 50 7 12 46 64 43 79 39 11 80 35 42 45 31 20 85 54
27 39 56 32 47 44 64 17 53 76 46 60 34 89 28 42 80 100 16 48 85 12 26 90 66 3 30 6
32 37 56 6 17 18 3 93 73 74 72 1 84 52 53 80 27 96 8 19 100 39 67 87 15 69 7 10 62 30 36 85 70
49 60 72 45 75 83 59 68 42 76 25 7 17 86 73 39 8 82 87 9 94 95 40 80 12 88 93 66 32 46 15 47 31 41 99 64 24 53 27 91 90 63 67 3 77 98 58 57 20 10
36 88 38 53 75 82 100 45 17 91 61 54 12 42 31 23 73 84 48 68 98 8 21 57 60 51 74 93 90 36 95 96 27 92 94 85 77
7 41 59 27 48 20 1 49
98 40 90 17 10 49 97 42 86 94 68 62 31 53 2 26 76 36 43 7 78 66 96 70 37 6 64 60 21 80 9 58 41 55 33 52 47 25 56 3 11 81 4 22 35 12 63 98 82 75 85 99 87 57 16 13 29 71 1 84 50 72 19 30 15 24 91 32 23 77 92 79 44 51 20 65 74 61 89 59 8 39 38 27 34 83 95 100 88 69 45 93 48 54 46 28 5 14 18
74 57 61 34 6 99 4 25 96 72 97 63 84 91 8 47 83 12 86 71 13 1 60 11 5 44 49 31 70 33 74 16 90 55 23 66 22 39 38 50 37 7 68 76 26 67 42 40 94 95 48 20 51 82 75 3 87 79 17 93 27 30 73 9 53 32 81 59 65 10 14 45 92 19 80
70 81 12 5 97 10 28 50 60 16 20 80 72 71 64 23 54 11 37 8 87 46 9 63 98 40 29 95 73 38 62 57 69 49 82 44 70 21 93 83 4 78 41 33 56 35 59 34 90 100 84 13 89 3 74 47 31 52 51 79 76 15 19 88 96 66 68 25 36 24 91
88 9 1 12 79 24 35 6 18 67 19 16 37 60 78 69 13 42 82 100 72 57 56 68 17 83 58 43 54 44 49 2 52 27 36 59 48 97 45 46 47 95 61 31 50 51 81 4 98 66 92 86 5 7 21 23 80 77 65 85 64 33 34 20 40 62 90 99 55 88 74 30 84 70 71 38 15 14 32 11 91 93 63 39 75 94 26 3 89
17 64 55 36 6 31 39 76 95 2 21 93 35 69 30 44 23 38
84 89 73 81 100 27 6 39 5 92 22 48 57 58 85 97 33 75 76 53 87 42 61 40 84 62 23 72 17 94 77 51 78 12 96 43 11 13 44 95 45 55 31 28 54 59 4 32 9 25 98 38 91 86 41 20 37 50 10 67 21 3 71 34 56 79 18 14 83 30 82 63 49 74 35 90 52 36 7 15 26 46 66 1 69
93 64 54 37 47 38 15 63 98 41 95 50 30 21 96 83 29 58 16 80 76 6 22 17 88 43 20 55 71 97 23 57 66 82 5 2 33 92 45 32 11 53 90 24 67 56 86 51 40 61 91 31 84 59 65 75 14 9 10 81 7 4 70 68 3 25 62 27 8 73 99 19 74 26 39 93 52 18 12 35 77 34 78 48 72 28 79 87 49 69 46 89 44 36
53 28 43 96 4 21 10 1 47 90 32 44 37 98 71 33 79 30 48 14 58 59 95 73 5 42 39 7 65 77 22 62 66 50 18 52 60 83 92 89 69 70 25 86 35 53 26 20 19 64 41 15 67 54
22 68 21 43 76 100 62 79 8 42 25 92 23 69 56 28 31 70 58 54 99 98 87
33 76 64 16 86 39 3 20 59 37 92 44 45 41 33 91 26 69 24 8 30 57 73 34 48 6 89 11 1 5 65 62 54 52
100 88 77 63 52 18 86 44 58 48 23 68 91 83 75 51 82 4 89 8 28 96 29 79 5 80 21 84 57 15 98 32 2 41 12 35 62 70 42 11 71 24 22 19 47 69 99 39 34 76 37 97 26 54 94 59 14 64 38 16 13 74 81 55 10 56 1 50 45 40 60 72 67 66 90 27 49 17 65 25 78 9 43 73 53 30 20 31 36 87 100 6 61 85 3 95 7 93 92 33 46
51 27 34 90 16 30 71 25 51 5 60 17 72 40 83 28 32 48 69 74 63 22 66 45 24 39 36 54 55 86 8 73 78 33 26 98 47 79 53 75 31 67 9 13 43 2 41 88 23 76 62 61
30 55 26 3 90 95 93 85 59 94 60 2 15 67 14 6 56 53 96 92 33 17 63 87 38 100 51 72 20 24 70
4 66 78 59 89
79 73 96 36 64 1 3 51 12 53 19 41 46 43 23 88 92 100 80 91 5 10 20 90 45 85 69 78 26 71 37 49 22 94 7 27 76 34 47 9 14 24 15 6 40 13 56 84 83 4 74 72 87 66 62 16 21 39 54 2 28 35 42 18 82 77 58 98 11 67 33 70 61 29 95 65 50 57 17 38
85 22 32 71 92 63 93 29 49 12 8 57 10 21 24 50 91 41 90 9 38 42 98 7 45 44 58 11 19 60 17 35 26 85 20 28 62 69 78 36 65 97 100 52 88 74 37 80 18 1 83 51 87 99 76 4 47 61 86 34 27 73 96 30 13 6 79 95 64 66 89 68 33 48 82 67 81 23 70 43 2 94 40 16 56 31
25 11 1 60 62 65 48 44 72 20 99 63 10 46 22 81 27 88 7 50 33 18 32 3 57 42
22 78 15 58 56 100 39 48 27 95 14 13 94 8 55 97 91 5 70 75 9 93 7
3 96 47 86
56 95 13 35 55 79 80 19 60 26 93 99 4 46 84 34 77 7 21 75 64 67 74 32 40 89 87 96 92 38 39 58 15 76 23 57 98 14 86 70 6 25 8 9 66 45 1 59 90 61 27 72 24 56 85 100 18
16 74 26 62 34 69 38 52 90 81 100 37 70 41 5 2 86
37 35 100 15 14 20 97 70 34 7 11 54 62 89 8 51 98 74 38 17 27 32 44 87 69 60 85 24 21 42 59 2 58 95 29 28 67 10
78 38 61 16 65 21 93 32 22 94 59 80 81 35 75 34 76 31 58 85 27 98 73 12 57 30 51 33 68 7 44 43 70 69 14 83 79 63 41 84 49 82 67 56 23 89 10 66 5 29 100 28 78 87 17 4 77 47 92 42 99 1 40 37 50 18 9 3 13 60 62 88 86 52 54 36 25 48 46
