100 100
84390840 267 355 3778243 48001323 812 804 5579211 7164 19 6966032 9 73 9775 48951674 45674379 9 24 9101915 61905 71087783 517 9465 40 3 546969543 25015613 51546458 223069 5840 5 76107 848726 205918348 883 162282241 8 2540 10 384716478 846 1686031 6 9 9023 76492 2726418 67545470 76201639 86580394 3331 87521 5148 170852570 466321 44177756 11526 4262 90539 381 34 6704783 30008 77724467 889101782 8733588 52313 96 162744 674691693 4 12291776 7848767 902801 400515 939984139 84457940 86 84440 911843552 4505 701221 1187 681050 8180 38478 4050 8 7796192 7457950 33648994 12174 2068 1025 47659180 338 208594314 7 5841394 557207
90 56
24 4
77 69
90 15
22 39
25 24
28 47
87 89
95 88
54 51
73 32
47 7
26 43
55 19
83 68
43 32
19 63
53 76
67 58
69 62
2 93
50 85
41 73
8 57
68 45
16 9
21 14
40 9
7 26
69 79
67 17
78 40
14 76
33 52
61 60
83 95
51 74
74 70
2 35
64 36
18 26
77 41
72 13
88 26
36 84
90 81
83 79
56 98
94 20
24 72
58 24
98 41
5 64
41 14
80 17
33 21
8 81
59 10
70 37
83 44
36 77
41 51
48 8
75 90
69 92
29 76
28 16
22 61
67 91
60 31
100 73
58 79
4 94
98 39
42 82
9 69
54 87
86 21
85 13
65 44
39 62
61 68
33 52
12 96
47 23
37 27
42 26
27 38
89 65
89 28
48 3
15 14
8 75
35 82
85 8
96 95
90 40
56 10
68 55
8 81
100
59 51 50 38 74 99 59 48 91 55 77 31 73 15 90 12 9 10 7 37 52 18 53 79 62 1 3 96 45 66 43 61 82 16 39 20 24 23 83 33 58 85 72 92 100 69 94 44 49 76 29 95 25 81 21 26 93 30 56 17
32 79 89 74 40 46 5 14 17 39 52 73 44 59 69 78 20 97 22 90 62 24 36 27 66 75 38 60 70 34 57 95 96
66 76 30 92 4 61 6 58 22 1 95 46 11 77 5 2 54 37 43 98 75 67 47 14 28 39 51 26 78 65 82 88 12 23 44 79 24 17 62 81 3 35 55 18 57 10 91 19 73 59 86 85 87 96 45 97 60 13 15 64 25 53 27 100 50 42 68
91 18 65 49 100 31 94 13 64 43 33 89 36 2 15 70 10 98 92 30 6 78 20 37 86 7 27 99 3 61 84 67 48 46 22 88 32 28 51 68 38 82 60 93 35 57 59 9 41 72 23 17 73 79 91 25 45 54 8 66 19 96 55 5 29 26 80 90 50 14 1 44 76 24 75 4 69 62 83 47 77 42 40 11 53 58 16 74 12 56 97 34
83 79 94 56 87 7 3 50 62 91 60 18 43 33 69 97 49 2 89 68 67 76 48 54 31 32 52 9 81 39 96 61 4 78 92 38 80 90 41 23 55 88 44 83 19 53 1 65 100 73 84 95 22 42 51 5 40 99 10 16 58 36 59 25 47 21 37 98 15 13 45 71 6 24 8 75 28 66 57 64 11 34 14 20
95 95 4 62 73 1 32 78 36 63 93 70 64 38 47 68 69 75 16 18 42 21 71 87 82 23 59 72 100 65 45 39 66 97 52 43 46 79 31 3 67 48 27 51 88 99 2 29 91 9 96 26 57 15 61 37 25 54 35 74 50 13 10 83 14 80 76 8 5 84 7 34 11 56 17 89 86 60 90 6 53 58 12 49 81 98 77 94 20 44 28 30 22 92 40 33
73 73 5 89 25 61 42 80 77 24 13 85 79 9 78 71 28 10 11 95 41 90 70 4 65 55 26 16 22 82 49 84 68 59 54 43 48 8 33 30 53 81 94 69 67 98 40 45 44 99 93 66 64 50 31 27 20 52 60 18 2 35 39 12 63 29 62 46 6 34 91 14 36 88
21 69 28 64 98 63 81 27 82 77 30 26 6 11 43 86 45 78 33 83 84 62
21 11 46 71 3 23 16 28 18 58 6 27 21 93 91 95 99 5 35 72 89 82
30 38 100 20 42 34 41 12 6 4 91 32 14 93 54 98 28 3 27 83 75 29 25 47 97 50 64 39 78 96 48
45 97 31 95 76 41 93 11 71 23 64 5 84 2 62 78 25 36 96 90 44 7 4 63 28 69 83 46 74 12 85 57 30 100 50 43 79 87 89 53 99 42 67 91 56 24
92 96 33 69 1 62 60 89 82 36 77 28 94 37 80 42 38 10 24 52 85 30 83 91 17 57 47 27 5 67 12 53 20 32 75 73 18 58 79 88 76 50 44 9 16 26 87 99 100 43 98 4 14 74 61 46 11 13 22 54 71 40 29 35 25 3 78 48 45 59 97 39 68 72 95 19 6 34 63 56 81 66 64 8 51 92 21 41 86 15 49 70 23
17 43 13 22 77 66 84 20 68 80 37 97 4 8 17 86 65 82
44 27 58 48 99 94 7 62 50 35 66 53 31 82 96 91 49 8 10 67 74 13 83 89 95 65 34 61 85 33 15 68 78 97 42 41 72 60 5 12 24 100 52 14 92
58 50 60 93 91 70 39 87 2 73 57 51 86 54 32 14 7 64 37 38 43 81 24 67 98 76 28 55 41 88 74 78 5 15 45 63 13 52 79 9 90 80 49 94 27 10 11 42 96 97 8 92 84 6 85 34 82 31 53
67 50 86 6 9 17 38 65 53 44 67 23 29 25 96 59 19 55 39 49 97 63 78 71 37 27 40 84 70 58 98 56 36 66 51 64 42 87 11 18 26 60 85 1 90 94 12 52 43 41 68 5 34 83 100 48 72 33 30 75 35 76 21 47 69 7 20 4
18 87 49 32 44 97 60 83 67 13 4 20 10 75 79 29 57 42 1
46 38 6 22 56 73 99 85 40 47 92 89 21 62 16 80 87 78 81 54 15 13 91 94 4 23 33 18 44 48 60 52 34 31 63 84 49 7 26 10 88 67 98 1 72 53 11
28 39 18 23 77 64 7 53 2 47 52 32 66 4 72 58 33 35 63 16 95 70 54 41 38 9 68 3 98
68 100 38 50 85 45 73 80 92 65 69 9 12 60 6 16 97 68 78 87 59 36 93 44 22 53 72 7 10 67 3 58 43 18 8 41 34 15 23 84 70 74 51 26 32 27 63 86 75 46 17 61 37 66 13 94 90 42 54 5 40 28 88 39 71 11 20 14 19
78 62 54 15 59 78 48 41 67 80 63 11 99 43 1 84 27 49 25 81 24 46 31 82 33 44 70 68 79 21 19 4 83 28 37 16 17 36 26 50 40 98 14 12 47 30 61 13 100 96 89 64 23 55 75 52 57 86 66 97 7 2 42 45 76 6 91 3 9 73 95 88 29 22 87 58 20 35 93
65 31 53 43 37 25 86 9 97 99 82 100 1 30 48 77 40 19 44 49 39 17 26 80 42 85 66 93 38 87 78 62 18 5 22 84 76 74 83 6 94 65 28 90 64 79 88 55 2 21 23 12 89 47 68 70 91 81 54 69 10 29 33 61 57 24
82 14 96 30 71 37 87 95 45 7 11 79 66 5 89 40 80 82 43 75 84 38 33 19 52 85 9 13 78 16 34 100 26 94 23 22 69 2 10 57 15 81 64 91 47 27 44 67 1 42 48 92 61 29 59 32 25 68 98 73 21 55 58 36 88 24 31 20 3 46 93 12 28 8 51 50 86 41 99 60 39 53 17
67 64 95 25 68 15 81 91 98 85 67 10 51 30 93 4 66 13 73 71 77 59 11 65 29 92 54 27 48 45 2 31 21 89 61 40 74 49 41 84 63 96 16 58 99 94 60 62 86 3 90 47 26 20 14 5 42 82 55 43 88 18 76 35 52 56 39 34
5 23 14 73 1 2
70 74 16 57 91 23 89 15 47 6 7 19 80 2 4 51 3 60 76 28 77 85 46 32 65 59 78 35 84 100 34 82 64 44 94 9 98 22 49 73 33 38 86 95 88 17 40 18 27 54 8 20 39 37 99 13 62 71 67 26 61 69 79 52 83 56 45 12 42 43 11
14 12 77 9 3 6 63 88 58 65 21 47 76 30 35
25 10 19 45 42 87 49 96 26 22 94 50 27 93 39 25 8 51 12 66 62 68 75 44 13 100
95 67 71 77 16 94 17 70 48 24 78 27 56 61 66 36 9 69 90 51 15 55 86 33 60 52 8 85 10 20 49 64 35 63 4 65 59 76 32 38 41 31 91 19 1 25 82 96 97 58 7 84 100 80 95 53 29 99 21 42 83 45 79 22 81 28 3 74 62 12 68 50 43 23 40 73 26 34 46 75 18 30 14 54 2 47 11 5 37 98 87 39 89 13 72 88
43 94 43 29 57 9 25 90 8 66 78 6 47 12 11 91 61 75 7 96 89 87 58 13 49 2 56 36 28 33 19 84 24 76 39 22 40 95 32 46 37 16 82 52
14 93 28 10 69 3 26 59 68 95 18 65 78 96 91
70 34 91 36 71 60 20 56 88 10 69 79 14 83 41 39 42 87 63 67 100 31 3 61 58 30 52 93 15 82 65 54 38 43 16 53 22 37 28 51 32 74 8 1 23 48 89 9 55 57 46 86 85 47 99 66 80 76 78 70 17 2 94 44 45 29 64 98 40 62 96
15 23 47 15 62 17 46 66 95 12 39 92 43 3 28 67
80 15 43 41 83 37 61 97 100 99 57 92 87 64 72 51 86 62 16 66 35 30 17 3 60 98 69 63 47 76 84 14 32 39 26 10 22 25 34 67 74 77 13 5 18 93 8 36 81 52 9 40 50 21 49 73 24 4 46 91 56 95 12 42 20 33 88 27 1 45 28 71 58 31 80 48 85 23 54 19 29
61 9 18 25 13 64 59 65 89 67 29 4 63 52 37 33 43 22 84 10 88 15 16 45 57 100 36 31 6 50 21 70 17 35 74 85 68 92 93 8 66 79 96 3 1 23 27 99 5 62 69 30 80 11 46 86 47 82 26 38 61 75
12 10 92 55 61 27 66 29 17 77 70 81 26
63 51 5 84 38 79 31 44 46 72 65 99 90 83 1 93 7 2 40 12 70 30 73 37 13 100 87 56 91 86 57 25 59 39 19 64 85 82 97 14 69 52 3 34 9 66 92 18 41 4 98 55 35 16 54 24 77 49 61 28 36 15 26 96
92 70 8 40 20 10 56 55 5 93 63 16 2 96 6 32 98 49 33 34 45 35 18 17 62 100 44 76 26 77 19 14 73 81 92 54 91 50 58 11 53 12 13 36 28 7 82 46 65 85 42 48 71 67 94 79 24 29 31 59 87 68 88 75 84 38 41 30 78 89 37 57 3 23 1 27 80 99 52 51 95 72 9 25 74 43 61 15 21 90 22 69 66
52 98 100 58 52 61 95 16 36 47 71 60 14 75 28 57 3 25 26 10 99 31 6 24 4 79 12 5 48 90 41 94 43 50 62 97 81 65 49 42 1 13 72 67 80 88 15 46 91 39 45 83 87
76 88 48 21 49 94 83 54 41 78 34 38 47 79 50 93 81 62 14 66 5 29 99 40 18 52 71 70 55 1 100 20 80 37 24 36 12 96 26 84 74 30 89 28 53 27 17 32 42 72 25 51 35 86 63 8 69 64 31 4 60 6 87 98 39 45 95 7 67 58 68 57 15 46 44 61 92
44 29 21 76 43 96 57 7 30 69 54 33 59 56 74 82 81 90 75 40 32 38 85 15 27 61 65 14 84 31 63 12 17 98 36 3 24 35 68 79 91 44 18 48 88
17 51 74 52 69 9 61 80 10 15 82 41 53 12 8 47 90 25
74 60 35 68 36 19 18 82 29 1 57 56 80 42 3 21 14 22 74 40 8 11 34 77 51 4 39 31 96 61 58 88 6 43 32 65 85 99 89 37 7 10 46 75 28 30 97 100 67 84 73 55 54 45 72 81 38 48 87 79 2 52 63 23 59 12 53 17 64 13 41 15 44 76 70
51 5 68 67 29 1 7 98 100 58 4 16 79 96 40 87 32 22 43 56 69 44 72 88 15 86 47 75 51 46 30 97 55 10 78 83 9 74 37 77 13 66 38 42 34 36 91 17 35 33 64 25
95 11 20 29 2 85 91 51 17 43 28 36 27 15 12 10 69 31 45 9 44 60 33 100 95 80 39 87 98 24 6 74 21 19 96 25 5 75 37 34 71 54 64 78 79 72 40 99 56 62 92 70 41 22 93 8 86 63 67 55 68 58 49 42 53 76 59 82 35 61 90 46 73 23 38 7 97 50 66 57 84 83 77 3 30 16 13 1 48 94 65 4 47 81 14 88
83 38 45 66 23 46 70 79 2 18 91 16 86 98 48 71 52 24 29 62 11 59 31 7 10 72 19 4 65 49 32 8 60 50 9 47 64 36 15 84 6 83 54 75 56 21 87 78 76 95 51 63 5 30 12 34 100 99 25 26 39 44 77 96 40 17 57 35 97 43 3 67 90 53 68 73 37 13 14 89 85 58 42 92
48 6 91 83 89 100 80 75 34 17 70 97 90 69 59 16 60 11 76 45 50 21 40 36 27 19 81 38 4 62 44 37 84 48 79 58 22 77 67 73 8 18 92 63 51 43 31 23 93
54 71 72 53 56 50 52 11 93 46 8 55 10 74 29 81 70 57 86 92 58 41 20 51 27 32 89 95 21 64 30 37 85 63 91 94 22 44 14 80 78 35 26 31 100 9 33 98 54 13 38 66 1 76 82
41 51 9 91 2 35 8 19 64 87 47 23 13 25 74 66 40 93 42 59 80 28 30 39 62 54 7 84 38 41 49 94 57 45 88 22 73 67 48 82 85 11
77 92 20 65 10 94 83 90 42 29 70 7 33 73 11 63 17 8 78 54 61 79 39 13 4 87 52 25 1 69 74 45 100 84 22 26 99 44 3 89 35 15 98 57 80 62 95 75 40 66 77 43 19 93 60 49 24 36 96 97 56 47 30 55 37 31 2 34 18 27 71 41 59 82 48 50 53 85
100 20 70 4 28 33 2 8 68 34 87 35 24 29 38 44 77 41 99 59 16 47 65 93 42 74 64 9 85 95 49 76 60 63 50 53 79 84 58 52 86 31 82 12 97 11 15 3 57 37 55 67 75 48 22 56 39 62 43 69 45 23 6 18 32 71 92 51 36 54 5 19 21 66 40 96 83 81 94 30 26 89 61 72 14 25 100 98 91 7 78 10 88 27 73 1 80 90 46 17 13
66 35 30 74 29 70 6 13 89 94 41 14 50 31 17 100 62 84 71 68 55 4 58 78 8 26 60 63 98 48 24 61 75 83 57 44 10 1 42 33 65 54 81 73 9 76 43 67 77 16 40 47 34 21 27 23 86 51 59 38 85 66 64 37 96 87 72
52 34 83 73 67 31 9 61 77 11 17 79 33 57 40 74 53 75 68 81 49 23 88 39 87 50 99 30 26 7 27 95 1 14 64 44 85 92 2 90 35 16 10 45 28 66 69 15 13 55 36 58 72
100 73 52 92 5 86 84 93 81 66 32 30 69 9 1 36 10 59 43 68 74 99 61 7 41 22 40 6 15 23 16 87 95 27 79 37 97 2 4 26 100 49 75 45 35 78 65 72 34 53 3 48 51 8 64 11 33 25 29 19 88 47 24 46 63 18 96 76 98 42 20 58 67 50 14 91 90 13 21 56 60 71 80 77 17 12 89 54 44 55 62 94 83 82 38 31 85 70 57 28 39
92 85 63 4 83 20 86 51 35 41 29 28 70 78 75 71 2 57 3 64 73 8 26 13 34 91 94 99 74 95 47 11 56 89 9 81 32 49 17 92 27 72 37 6 59 90 21 36 44 30 48 40 46 53 66 98 96 52 69 87 54 14 23 58 38 84 19 65 77 67 62 79 18 7 61 45 15 12 31 93 97 42 22 88 10 24 33 82 5 1 39 16 68
97 67 33 88 66 84 97 36 90 22 7 20 50 39 10 1 87 29 53 18 60 55 48 38 14 61 86 71 6 70 52 51 82 72 35 69 96 46 49 73 9 19 76 13 31 74 57 62 43 25 27 41 89 85 11 80 28 100 63 64 58 44 23 30 26 34 78 24 79 92 65 54 93 21 37 98 40 94 12 77 75 83 8 17 4 81 99 15 3 59 47 56 5 95 2 45 68 91
23 58 67 97 59 95 65 9 100 69 57 20 8 37 23 35 49 56 62 83 2 60 71 5
87 36 57 37 44 21 24 27 89 83 88 25 32 15 64 20 82 62 35 31 86 90 50 5 16 66 30 23 42 92 80 74 47 49 56 45 59 3 65 52 39 48 19 68 53 61 10 9 46 13 40 17 43 11 26 29 77 97 81 100 99 67 22 93 94 76 1 12 54 75 84 6 34 85 38 70 55 71 63 18 33 28 79 98 87 41 8 2
25 60 51 38 8 100 58 70 73 89 12 67 3 87 41 53 55 19 18 92 84 56 2 99 98 82
7 26 99 71 42 83 24 20
80 33 79 18 17 43 66 80 6 81 25 32 84 90 72 28 95 12 36 10 35 68 13 50 45 3 60 97 4 19 91 22 89 11 40 30 55 9 62 96 93 31 51 44 75 56 38 71 34 15 87 5 29 65 86 52 92 99 77 67 73 85 61 1 27 54 74 82 59 20 39 16 76 53 24 63 26 21 98 48 14
6 30 40 73 3 56 60
77 66 82 12 100 19 67 49 87 79 89 18 28 76 51 69 77 52 74 56 3 29 7 99 37 50 10 73 68 24 78 84 53 98 8 36 46 40 45 13 11 48 42 94 57 92 75 14 44 22 54 1 21 34 43 80 64 59 60 2 70 65 15 83 39 91 61 16 71 26 63 30 32 27 6 23 38 88
28 61 58 55 42 72 78 76 60 51 40 53 84 19 36 49 41 31 12 80 59 88 47 46 7 89 56 73 43
54 83 47 58 17 95 54 61 82 49 80 71 42 16 15 27 57 68 79 10 67 64 77 9 55 93 5 51 74 87 8 94 85 40 69 56 33 32 78 86 13 11 99 37 25 7 20 22 60 73 46 88 19 43 76
66 50 25 58 57 61 14 92 33 18 79 16 85 94 24 63 72 67 75 34 20 77 44 22 99 23 46 42 81 6 15 64 100 48 31 9 59 40 13 11 55 45 2 35 62 76 69 56 97 66 36 12 93 90 86 7 82 84 65 95 83 37 68 89 52 28 78
36 92 34 59 77 47 15 54 3 58 9 71 53 22 23 98 21 43 6 52 69 30 93 44 37 63 72 67 64 39 68 99 51 78 84 96 48
57 53 95 21 19 99 58 93 32 72 10 47 35 25 46 91 63 2 4 78 82 67 85 98 29 76 13 26 30 66 9 88 54 27 43 8 68 61 71 15 60 62 41 24 40 48 42 49 1 87 89 23 74 31 7 14 11 64
84 91 14 39 37 56 90 63 58 97 55 100 76 60 6 25 79 68 66 19 29 77 70 11 2 71 74 24 57 69 88 51 62 47 95 87 45 36 4 99 54 23 33 28 34 98 92 64 50 89 59 38 20 94 27 52 8 75 72 83 22 44 43 67 40 21 86 3 31 17 7 78 9 1 48 49 61 84 73 82 96 18 42 5 46
19 49 59 75 79 26 7 82 54 37 80 35 5 98 28 74 90 91 84 63
33 54 45 70 62 8 5 18 64 94 35 29 4 27 51 10 77 2 57 84 75 26 98 42 66 16 60 74 7 78 63 41 69 89
84 25 86 78 11 2 87 79 70 6 34 44 65 59 17 16 97 28 75 47 85 21 72 88 31 93 37 55 20 52 84 14 83 61 45 3 82 41 29 4 80 73 38 36 12 64 10 89 7 92 22 100 50 90 40 46 8 63 32 58 53 57 56 51 18 54 60 5 13 19 76 91 77 30 67 27 39 96 43 62 1 15 42 24 71
52 60 85 44 78 72 69 3 52 67 43 40 91 76 11 94 48 37 86 2 13 88 16 87 46 36 70 84 80 65 4 35 68 50 83 25 8 24 75 28 18 59 73 64 34 100 21 51 12 95 27 92 31
13 52 6 20 70 24 1 2 91 90 96 30 12 3
62 25 97 86 83 53 67 87 37 65 62 20 71 63 76 39 64 36 30 13 58 29 5 85 40 89 55 24 42 47 61 16 72 14 88 18 32 43 2 93 28 9 26 11 92 7 35 8 95 1 69 54 78 31 6 23 80 77 79 59 3 10 66
39 6 38 28 64 75 66 74 46 51 15 48 84 87 71 3 92 57 77 35 69 37 14 23 43 4 79 16 39 29 47 85 18 56 26 95 9 12 17 32
84 70 89 81 16 76 14 38 86 43 41 99 44 78 87 40 52 46 29 88 51 25 91 59 100 22 28 5 48 67 64 11 73 58 45 7 32 13 6 80 35 26 20 34 61 57 95 23 30 39 85 10 75 72 60 12 50 94 24 83 49 56 1 62 53 47 55 4 15 77 17 68 31 3 54 42 71 84 27 2 37 92 9 90 21
55 85 31 57 94 90 8 10 28 91 58 15 44 98 77 46 80 60 64 22 39 72 1 19 92 97 9 70 66 79 69 17 61 74 40 100 30 12 20 71 2 87 52 5 56 37 51 53 78 26 42 59 84 11 88 16
86 5 92 10 17 32 78 86 46 96 73 4 85 100 58 51 79 55 35 9 43 52 1 97 7 13 36 71 38 45 24 47 20 90 53 89 91 83 48 42 62 39 22 49 75 31 41 8 77 98 33 11 76 29 12 63 57 80 25 81 65 27 84 23 54 70 18 3 2 69 72 21 6 15 82 64 93 14 95 59 61 44 68 87 67 94 28
24 68 56 58 4 51 92 60 2 63 29 71 19 72 48 6 50 73 11 5 15 65 1 16 31
89 16 55 89 64 7 15 18 4 33 97 35 85 41 46 34 75 78 3 96 13 87 52 48 98 31 68 14 27 2 95 73 66 74 61 58 26 43 37 65 17 63 10 51 86 30 70 39 60 6 23 91 82 54 72 77 9 45 21 11 1 49 19 44 28 24 29 12 88 38 5 69 57 99 59 93 40 71 53 32 56 20 25 8 79 90 92 42 67 81
61 5 18 100 50 67 60 71 91 1 3 9 92 22 36 52 89 62 44 11 82 41 47 13 48 76 43 38 94 66 16 64 6 29 31 34 26 37 63 59 69 19 88 70 12 4 87 96 25 56 95 40 54 15 74 61 65 35 10 57 32 55
8 39 34 69 87 19 76 67 35
88 63 67 81 1 86 23 76 11 34 37 36 7 89 82 66 18 44 6 88 8 60 50 35 85 2 16 19 100 59 38 41 32 72 90 87 49 95 62 10 80 64 91 51 46 5 28 93 73 71 99 45 47 25 9 96 77 83 70 48 30 20 54 21 69 98 13 12 52 29 26 24 97 27 56 17 53 42 14 15 84 61 58 40 65 78 68 75 31
82 57 53 77 5 67 35 1 99 14 54 38 17 79 37 86 85 8 63 11 30 71 73 68 13 39 49 2 22 20 26 52 41 24 66 55 70 88 40 47 21 28 31 97 61 46 84 25 94 51 72 7 64 95 93 19 92 78 76 69 74 58 100 65 36 6 10 62 89 50 82 34 18 60 3 80 87 27 81 43 9 44 12
63 98 52 18 45 38 77 30 85 66 69 6 46 72 7 34 80 91 54 39 68 41 16 48 81 13 19 47 78 65 42 24 61 93 49 59 27 11 84 64 53 67 31 90 88 29 36 22 95 83 25 32 40 74 37 70 12 33 44 87 43 26 99 56
74 38 56 39 58 40 60 37 4 2 94 75 20 81 34 78 98 35 24 42 30 86 82 33 29 3 8 51 70 64 12 90 45 10 62 99 67 19 68 97 6 23 54 79 88 21 93 96 80 59 49 9 1 22 72 77 73 57 92 13 43 31 7 46 14 89 95 65 100 48 61 5 36 76 28
20 16 85 13 34 30 77 25 55 97 79 61 73 42 80 82 6 15 83 39 1
4 35 76 64 42
49 22 71 25 81 83 66 55 1 73 53 46 35 69 98 50 88 6 80 76 51 54 72 37 60 13 56 44 30 17 68 38 96 4 75 42 7 95 12 90 63 64 43 47 33 78 29 41 5 74
87 44 26 87 93 76 95 39 12 68 70 49 79 18 75 94 100 19 86 9 32 43 21 54 33 40 67 58 90 23 60 89 2 85 6 37 66 27 80 1 13 61 82 8 83 50 20 97 24 72 99 17 41 34 22 14 84 52 63 42 74 56 92 36 4 51 91 73 25 53 11 78 45 77 7 96 55 62 28 38 64 69 81 3 16 71 88 15
22 78 85 77 84 10 46 75 90 49 56 91 59 97 48 74 58 29 11 1 72 6 76
48 100 21 54 98 15 20 30 77 89 42 80 24 17 88 50 7 34 61 41 11 36 78 74 62 70 40 69 38 56 64 85 31 28 63 83 37 51 84 91 79 5 58 57 90 6 19 2 67
10 7 11 99 45 56 26 55 10 20 69
96 69 11 38 27 34 48 30 90 20 18 35 89 33 50 56 49 79 8 13 14 96 91 84 100 40 19 57 29 36 85 2 52 28 74 72 7 76 66 53 60 62 21 22 64 17 43 6 55 10 5 54 82 46 95 98 32 23 71 37 88 26 67 93 12 3 9 39 78 24 65 47 42 61 45 4 80 44 97 70 73 63 92 81 83 94 16 87 75 25 68 51 1 77 15 86 31
13 88 45 9 67 11 4 72 65 46 6 14 35 2
92 36 24 71 69 33 58 21 20 65 22 16 35 54 40 2 28 7 11 34 42 19 64 5 96 84 23 59 68 100 37 88 72 49 60 98 47 67 12 39 66 46 80 90 25 73 4 75 53 99 78 93 8 89 95 9 57 91 15 30 32 76 10 62 44 85 92 38 87 27 51 29 79 45 52 50 6 86 83 94 14 13 97 26 3 18 1 17 43 41 48 74 55
82 52 66 87 65 88 72 9 1 29 71 53 41 90 23 16 50 75 27 77 44 2 92 99 49 8 38 5 91 98 62 32 76 85 6 37 43 30 89 56 19 59 54 22 51 14 86 94 25 7 46 84 67 13 61 60 97 21 34 40 69 93 18 45 57 95 4 10 28 100 74 82 68 33 80 12 81 15 96 73 31 20 70
44 20 83 84 34 75 21 89 85 9 47 43 97 74 15 40 95 99 98 63 27 73 52 16 32 76 44 41 68 57 94 30 5 56 87 61 49 33 60 17 64 13 66 77 19
51 20 6 1 50 38 40 7 17 94 16 87 65 74 80 25 97 28 13 43 81 53 92 37 88 2 48 68 12 79 51 54 61 96 57 89 31 46 59 14 75 70 24 19 18 22 8 76 30 98 86 39
