100 100
81 632684 8840 648309 10 777086688 6 888831014 86426195 854541 989 9 3029 8758811 51140 58216 4 7783 34 65 144 81555 4 730958 493042326 45761271 889970 42 813202 238499 58 36102604 38311 592911 4762 72722314 2970217 83861874 88225570 736 290 192009842 7167 225 8372 53 78 4211 20799 40217149 598763488 590546396 3899655 106783 2239 49617704 3 832044 111894 3 292 466594 5223 72 77041 361733228 9224944 97382 15822 84913 9347269 1 12 3979 8 74003942 953362 77 42258 7276977 645 93666 3951156 900948 50564 16 553513 71865 8522829 618 4941 664869 87134 47047 81118 207258 10033 6547 98 5348537
60 88
60 79
73 86
27 98
36 26
77 61
64 25
13 23
72 41
41 5
33 7
48 43
36 83
59 98
64 94
31 44
48 13
99 22
92 50
52 37
59 21
11 18
98 46
29 89
55 22
86 69
73 59
31 68
41 39
84 57
8 15
5 39
31 69
53 89
33 32
37 99
15 82
40 33
91 56
11 24
16 1
38 34
43 90
36 47
4 94
31 21
98 6
34 99
59 30
48 8
66 45
43 56
92 57
48 54
45 9
44 30
63 29
17 63
90 55
91 96
36 13
14 4
21 98
96 23
30 69
88 3
20 62
47 15
71 29
66 17
43 25
45 81
89 61
84 56
18 86
54 11
44 70
97 49
28 88
60 87
9 97
81 75
11 56
88 19
71 33
75 43
8 52
66 29
61 84
25 9
85 73
92 59
63 9
66 60
27 16
75 65
46 48
63 12
91 17
49 84
100
23 82 24 36 69 42 39 30 57 2 48 43 71 98 85 79 1 78 50 22 59 10 56 64
62 7 100 38 23 81 77 86 99 2 27 97 53 46 29 82 83 66 4 6 71 69 88 68 62 55 67 10 49 95 3 42 96 65 20 56 59 90 11 94 21 54 26 80 79 32 17 1 75 50 22 14 25 74 78 28 73 18 8 19 92 58 85
54 31 42 76 11 78 62 13 87 44 55 71 40 39 30 56 37 34 22 51 96 90 28 53 1 94 75 23 60 74 57 69 100 54 97 15 63 70 35 86 47 81 17 61 67 7 14 89 88 27 64 5 73 20 6
54 88 46 36 47 70 92 83 5 2 75 91 6 24 54 76 15 98 23 4 49 59 19 44 55 13 7 65 95 78 67 32 8 72 20 81 40 53 66 29 30 34 100 14 35 3 82 80 99 48 93 50 85 22 74
93 30 91 65 2 16 33 17 42 93 68 41 62 21 97 47 20 19 99 6 56 9 27 35 71 49 74 1 70 54 72 15 76 51 55 13 34 96 86 31 85 94 61 66 18 98 53 67 52 78 12 58 87 80 63 7 32 26 92 44 89 100 22 82 46 79 8 59 40 90 37 23 29 81 64 57 11 24 73 28 83 77 25 45 84 10 3 50 95 75 38 4 39 69
46 88 100 77 11 54 22 29 72 53 43 87 59 64 91 4 67 89 2 90 63 79 16 41 51 33 61 94 60 73 30 49 7 55 98 70 82 26 76 86 32 17 38 23 95 62 19
56 35 36 37 74 70 51 44 34 53 31 23 67 41 45 48 33 61 65 18 39 88 60 14 54 98 58 52 20 7 10 2 100 97 28 17 96 77 56 75 55 43 22 78 84 16 79 69 32 29 68 42 62 26 46 76 38
46 79 78 51 34 38 68 31 49 29 74 46 42 63 8 52 90 55 54 85 3 84 65 41 98 75 89 11 93 61 4 95 62 1 2 88 87 92 47 53 26 67 97 33 6 80 44
87 33 46 10 95 28 8 64 76 22 74 99 71 26 60 54 97 32 62 21 11 59 44 84 77 37 100 81 66 49 52 70 48 98 58 34 96 93 42 65 63 82 4 45 53 92 31 2 90 38 9 67 18 73 25 30 55 88 69 24 5 75 85 19 91 87 39 12 78 50 17 43 27 41 47 6 15 94 40 51 61 89 36 35 72 1 68 29
27 21 78 14 28 11 3 53 92 59 88 61 77 79 42 72 19 29 71 40 68 5 66 75 2 81 20 73
36 36 94 65 28 43 83 75 15 59 11 14 70 82 2 87 19 78 49 48 100 66 44 30 54 68 58 51 64 24 27 4 77 34 57 99 22
52 50 54 66 41 35 63 13 8 20 42 73 47 64 18 23 95 40 9 97 60 43 31 11 38 32 82 3 19 55 52 5 25 72 77 39 30 53 87 21 6 1 22 79 84 10 4 45 83 62 94 33 90
78 98 24 19 40 72 64 23 58 54 13 47 7 41 9 53 89 55 37 80 25 27 36 75 76 5 17 31 96 18 78 44 63 71 86 2 84 77 93 49 43 22 94 16 67 73 56 68 52 50 90 62 66 57 69 42 35 28 3 30 79 29 70 81 65 91 39 8 45 83 33 38 74 34 21 92 20 11 6
86 13 18 30 93 49 7 69 64 26 70 99 28 80 6 83 22 65 90 89 81 72 20 42 19 5 16 44 51 37 17 15 9 38 97 48 56 54 43 73 55 10 45 95 91 74 50 57 4 100 52 36 21 32 31 98 24 58 23 47 27 84 35 76 39 88 87 82 79 11 29 85 61 2 75 62 12 8 34 3 14 25 41 78 71 59 86
84 82 5 18 56 21 71 47 27 28 8 17 84 98 54 39 1 89 32 6 63 4 97 35 30 36 65 24 66 22 57 26 38 67 75 79 88 2 62 85 14 33 10 53 42 55 91 69 92 16 73 31 9 7 96 25 90 44 52 37 19 64 49 99 95 94 87 58 61 86 60 76 29 45 41 78 50 70 83 72 48 100 81 43 3
26 34 28 37 77 22 17 72 60 3 99 69 81 30 52 74 48 33 35 45 29 68 95 18 61 94 32
88 46 63 21 50 69 7 70 16 30 90 8 40 25 100 80 47 24 9 36 98 27 77 87 10 45 37 5 32 39 13 14 62 56 85 15 41 2 52 78 35 57 42 1 83 58 22 17 96 51 20 44 95 59 99 82 81 86 89 11 72 48 66 67 49 88 43 79 75 76 73 71 93 29 12 18 61 55 97 65 94 74 84 53 6 64 91 34 31
85 43 36 25 45 15 73 34 23 9 71 84 96 24 32 30 12 28 16 97 100 77 26 94 67 78 72 49 8 68 89 91 19 14 47 59 18 48 60 61 46 39 11 7 2 40 22 82 44 70 27 86 4 81 62 37 92 1 33 63 98 87 42 10 80 6 83 52 79 20 29 35 56 5 31 54 76 38 74 55 21 51 64 93 41 13
56 91 54 68 22 28 58 9 97 87 71 85 98 90 6 96 7 4 94 38 30 14 63 56 44 15 47 48 42 27 53 2 51 5 88 73 78 65 83 75 29 62 32 70 66 1 18 92 93 41 52 100 60 36 40 89 8
50 23 34 22 76 96 30 31 1 7 59 25 74 5 68 45 20 93 50 75 66 33 43 80 84 57 78 46 12 83 90 86 60 61 27 64 82 100 62 4 38 91 95 2 19 98 15 21 14 32 58
15 72 37 68 11 47 63 36 12 35 73 94 20 41 57 43
100 64 58 56 16 24 82 91 43 88 42 31 23 62 2 54 99 68 48 95 94 28 93 1 66 32 89 86 49 73 10 44 84 87 30 55 20 25 57 11 6 85 46 15 80 36 52 17 65 33 96 81 7 12 41 71 22 14 69 92 19 77 38 83 5 59 70 29 63 61 53 74 40 98 72 47 21 100 18 8 26 50 45 90 4 3 37 9 34 97 13 75 51 67 60 39 79 27 78 35 76
61 24 34 85 79 17 90 59 43 100 61 30 68 64 57 35 10 97 47 8 15 81 13 41 50 40 99 42 4 92 58 75 49 52 36 39 33 16 21 71 32 96 95 26 51 78 82 86 84 14 60 45 72 70 18 65 5 46 54 76 88 80
38 41 71 23 25 39 76 14 57 75 4 66 94 83 17 84 28 82 21 6 54 2 49 88 86 92 1 43 8 40 12 65 9 55 60 79 16 46 85
33 88 36 62 53 24 80 32 13 34 85 93 31 48 49 28 57 2 99 51 7 79 10 100 38 43 67 59 30 60 25 87 70 3
30 29 16 19 65 1 91 14 96 81 70 66 57 61 44 50 31 37 15 10 2 38 97 47 75 7 42 72 83 17 3
24 73 59 43 29 82 11 100 70 34 81 65 41 27 52 55 60 49 93 87 97 5 58 17 24
63 46 43 93 99 87 42 12 100 16 88 27 90 17 53 89 59 38 56 4 32 94 91 26 1 63 11 55 73 13 23 47 31 76 15 96 2 33 82 50 9 10 65 78 35 39 49 41 66 25 19 22 67 81 77 72 92 98 71 5 61 44 45 34
52 86 27 22 94 95 76 15 21 18 53 32 12 92 10 20 74 69 45 62 59 66 13 82 25 99 48 16 7 28 57 87 98 34 33 19 50 2 4 46 5 9 64 44 36 39 73 23 52 71 54 6 55
48 36 75 15 46 71 72 25 96 9 10 2 37 43 30 20 33 24 16 1 91 27 35 67 65 42 68 45 28 59 85 12 21 80 41 81 53 58 74 89 29 8 84 7 19 76 83 11 73
19 35 12 89 44 4 15 1 28 13 59 73 91 66 6 93 7 46 20 78
54 24 10 100 51 1 54 11 30 49 39 63 71 89 57 69 53 74 88 18 62 17 4 83 94 21 82 41 86 34 31 92 81 60 3 67 2 76 48 29 99 59 46 22 26 9 13 37 56 40 14 45 66 61 15
58 30 38 65 32 73 59 23 29 33 94 6 74 28 16 5 81 82 92 85 14 62 69 34 79 89 41 48 21 97 37 68 1 13 15 88 39 60 24 11 12 90 17 55 51 44 91 57 75 99 100 18 43 47 25 78 84 45 50
47 40 22 42 45 21 58 17 4 88 94 24 83 87 31 96 72 25 63 65 95 35 28 93 8 18 39 44 33 77 30 2 51 67 12 71 7 23 37 26 66 64 70 99 86 91 56 85
56 79 12 49 86 50 5 34 99 44 18 29 96 48 47 1 40 74 28 33 92 60 31 27 53 3 38 83 37 95 9 97 64 36 76 73 70 11 78 87 8 98 69 30 94 91 80 45 43 32 85 4 7 61 75 77 66
32 17 83 98 49 36 24 86 65 74 21 99 15 68 50 52 9 13 3 5 88 7 30 85 41 58 47 54 95 61 89 90 57
7 90 70 82 37 56 50 65
58 14 32 61 62 17 23 82 21 48 95 40 33 54 8 5 85 31 84 64 20 28 51 3 24 2 77 15 63 88 38 56 96 42 80 78 65 60 66 30 100 97 1 27 86 22 10 57 59 76 19 70 49 45 44 34 58 12 36
18 1 95 37 22 97 19 65 85 63 69 9 41 18 71 2 40 34 84
96 31 21 57 85 73 69 14 41 1 22 23 87 83 42 24 100 10 70 6 18 2 99 11 56 7 13 75 19 64 94 95 54 91 53 30 84 39 86 97 63 48 80 8 76 81 35 77 88 50 12 60 55 89 62 67 47 43 37 25 45 72 32 82 93 58 98 20 71 9 38 59 51 79 33 96 52 68 3 34 17 49 46 61 15 28 92 65 36 78 27 40 90 5 4 66 29
89 29 59 54 92 5 65 79 75 76 7 43 60 18 28 89 36 12 78 10 11 27 45 42 66 63 46 57 22 95 67 98 33 83 15 93 48 91 96 13 2 94 53 17 51 38 73 16 3 74 39 21 58 6 82 64 99 1 37 70 86 88 52 69 32 19 85 34 100 71 56 97 80 23 40 31 49 44 61 8 25 24 26 87 68 4 35 77 62 20
61 62 88 73 96 64 7 79 42 83 100 41 18 75 10 28 3 82 69 15 30 52 11 24 1 86 47 65 4 56 87 37 97 93 59 85 80 34 14 98 25 9 70 99 45 57 50 16 58 84 68 29 26 8 81 95 91 39 17 76 49 48
83 72 69 47 82 65 96 49 58 35 45 20 12 75 95 59 66 14 46 74 33 24 73 98 37 54 39 17 80 23 19 63 28 78 88 53 36 85 8 3 55 51 89 10 38 18 42 92 40 86 94 34 57 6 44 100 13 97 11 1 91 77 29 27 7 67 16 2 32 68 87 56 41 5 15 26 90 60 70 62 81 64 43 4
49 4 11 79 68 98 52 48 100 40 18 28 36 2 88 9 29 6 81 65 33 35 64 57 89 56 53 66 83 70 30 67 99 62 51 19 14 23 10 82 46 25 86 13 12 37 27 60 59 45
97 59 77 72 96 62 4 12 78 95 85 29 5 90 87 22 75 38 94 23 76 88 17 86 68 19 67 8 6 35 49 9 20 80 48 83 92 45 2 40 31 1 26 81 41 63 71 42 46 58 65 39 3 84 60 82 27 18 50 52 79 13 36 74 66 91 97 69 7 15 73 24 14 53 33 16 10 28 98 37 47 100 61 55 11 51 54 56 30 70 21 34 93 43 32 64 99 44
56 54 5 20 66 31 100 15 36 1 50 32 97 79 82 21 91 84 44 7 8 78 28 46 68 53 3 10 6 22 62 4 64 11 24 19 72 75 34 27 25 18 73 63 99 35 13 69 51 81 33 29 59 43 55 74 23
77 85 96 46 24 93 72 18 42 62 69 49 77 20 4 11 81 29 47 67 58 59 8 76 37 78 7 94 54 61 100 28 51 83 39 64 38 25 89 66 32 15 63 10 92 87 45 52 13 14 53 60 57 23 44 2 70 40 56 55 75 97 21 16 31 82 3 84 6 91 95 99 35 80 26 90 19 50
87 77 15 85 25 42 12 39 70 14 63 37 5 35 19 28 91 75 21 86 64 38 84 2 59 57 31 93 43 34 51 16 69 4 17 11 58 40 96 49 99 13 54 66 47 61 1 27 67 50 89 90 55 78 26 7 10 92 41 32 30 87 33 60 74 46 95 98 20 83 65 62 68 88 79 44 53 23 100 52 29 9 76 18 97 73 45 94
39 68 55 61 26 93 49 67 36 35 22 2 1 23 45 9 89 29 12 81 90 15 72 46 32 79 42 44 76 10 63 88 6 41 75 98 31 95 86 16
28 70 23 61 37 89 48 11 18 42 13 26 79 17 30 33 91 9 34 56 81 94 67 31 53 1 5 82 51
73 22 7 56 38 45 83 4 49 23 8 55 81 34 24 37 31 89 2 54 77 87 90 63 12 16 86 57 74 58 11 92 32 62 82 39 26 76 18 13 64 66 85 70 84 36 46 30 14 44 40 21 71 73 1 61 20 43 75 96 28 9 79 29 17 97 53 50 98 91 59 100 10 3
30 75 48 38 94 9 20 44 14 61 33 4 8 97 67 74 46 56 59 30 19 86 95 21 70 24 36 2 79 99 5
32 89 77 81 24 73 56 4 12 13 3 74 9 34 42 23 45 83 71 37 65 92 75 22 15 95 39 8 94 5 93 91 100
86 26 81 10 45 4 28 49 77 64 74 82 31 71 90 21 23 19 27 25 67 62 57 65 34 14 13 46 63 87 35 33 91 79 72 37 58 11 30 39 99 89 20 76 80 50 56 24 73 40 1 84 94 41 53 29 83 75 68 44 48 32 85 6 51 3 70 88 59 47 15 55 54 12 96 9 17 5 93 98 22 60 69 43 78 97 18
80 38 16 48 62 65 47 40 90 93 3 11 56 73 52 98 81 94 91 8 72 87 32 13 19 77 68 54 53 85 27 58 5 75 15 39 88 99 100 86 60 57 84 14 36 49 89 24 33 42 69 22 34 31 55 17 78 61 83 46 25 96 35 10 50 59 80 9 1 63 28 74 30 21 7 26 97 76 95 66 6
87 21 90 62 81 63 38 11 36 27 29 95 32 37 51 1 31 99 73 15 16 20 80 13 59 34 5 94 88 47 2 83 19 41 17 93 98 50 46 71 48 100 35 58 55 40 57 8 30 68 10 77 75 6 87 76 82 22 33 9 26 24 89 60 92 66 49 70 28 42 4 12 72 79 7 78 67 86 45 3 69 74 97 61 91 96 18 64
42 8 65 14 54 98 20 58 100 6 29 31 81 25 91 55 86 5 56 64 44 97 95 3 74 67 77 45 73 26 19 33 75 87 23 62 24 76 61 7 11 21 59
78 86 56 4 73 30 17 27 82 32 69 71 98 22 90 92 1 8 28 66 31 88 7 45 91 60 33 70 35 67 43 58 12 25 84 51 77 61 68 48 36 97 85 74 16 50 54 40 87 42 11 55 9 83 49 19 100 81 75 29 41 62 24 20 80 44 39 13 64 14 23 99 96 52 59 26 89 5 47
72 18 56 6 36 11 68 100 80 28 83 93 97 26 72 4 49 69 12 48 19 33 82 10 1 91 54 73 70 52 94 75 58 61 85 46 15 41 86 45 40 3 51 71 22 25 62 79 32 44 20 66 23 87 57 55 27 29 30 81 78 34 65 14 77 89 17 50 95 21 35 38 63
7 43 14 54 28 63 50 86
24 68 84 90 50 34 85 31 96 11 18 74 4 80 71 98 89 3 42 70 82 45 61 22 53
39 63 88 45 9 38 86 35 33 56 77 25 79 72 13 84 93 1 21 53 36 47 30 96 54 31 49 61 51 59 44 89 95 99 97 2 10 94 67 24
79 85 86 90 5 68 15 38 1 54 42 57 45 37 46 61 63 21 43 19 31 58 18 92 67 44 79 52 20 10 12 87 75 84 23 83 64 7 99 62 3 27 80 24 17 70 39 30 35 66 32 56 2 77 55 91 29 93 28 8 13 98 4 6 82 40 95 49 33 26 22 74 96 51 16 97 69 47 89 88
9 78 24 89 21 57 67 49 84 35
91 91 21 32 4 66 56 57 99 60 92 6 41 47 64 25 95 12 88 48 63 65 77 23 53 85 28 98 81 80 59 3 70 7 78 61 26 37 74 13 38 18 76 96 52 9 51 49 1 67 89 72 90 16 97 62 83 82 33 86 22 55 35 39 19 27 94 30 20 44 43 31 84 69 54 2 10 40 24 50 71 93 100 79 75 34 8 5 42 14 17 73
25 21 95 62 93 13 77 97 94 99 7 89 50 32 78 3 1 18 53 48 88 79 76 19 71 58
17 15 40 1 30 65 59 41 79 91 28 12 34 55 39 38 2 9
48 19 52 81 50 57 98 10 90 66 76 79 80 89 78 40 25 18 51 53 29 44 88 13 28 37 64 86 48 20 73 62 85 24 92 58 17 31 7 23 84 15 43 63 49 2 75 39 95
42 26 29 7 95 40 63 84 82 13 87 12 18 3 32 59 99 49 16 51 21 97 38 22 1 52 89 37 43 23 88 90 34 65 54 66 80 39 15 31 81 5 19
83 81 69 37 25 43 40 42 9 49 2 84 50 55 54 90 78 47 95 8 61 56 16 29 21 28 35 12 60 6 88 48 23 92 68 52 45 58 82 1 3 31 93 63 65 46 62 89 7 99 86 17 98 39 24 70 51 32 73 80 75 26 87 76 85 27 38 36 33 14 5 64 34 44 10 15 77 94 19 97 22 74 18 91
50 45 97 44 63 77 17 87 48 95 99 3 83 8 73 26 9 10 50 31 100 60 61 35 5 42 30 13 90 65 33 40 84 24 54 70 88 16 38 69 68 93 76 34 39 72 89 27 2 22 15
4 90 72 81 75
69 29 83 53 55 40 33 1 34 47 26 19 39 69 11 18 70 56 73 96 99 45 77 68 38 15 98 2 52 37 62 3 90 17 10 76 54 22 59 88 85 51 86 80 61 21 32 14 36 64 50 4 6 97 63 60 72 65 9 25 16 75 35 23 49 58 87 74 12 92
59 16 57 61 73 88 87 68 18 36 82 81 33 74 63 94 92 21 97 52 98 76 49 30 24 54 9 41 70 19 23 4 42 8 43 78 26 62 60 77 89 34 58 72 83 64 3 86 53 11 14 96 79 40 91 71 75 1 84 59
99 19 78 14 33 85 89 24 51 22 100 6 1 29 30 95 82 73 16 20 4 90 99 23 47 57 58 62 10 61 3 88 84 77 35 41 44 28 94 32 48 25 70 87 34 46 71 66 7 64 56 31 75 55 60 65 11 26 37 45 52 97 74 93 67 8 92 59 72 9 42 91 80 5 54 2 15 39 18 98 21 68 49 27 43 76 69 38 63 53 83 81 79 86 96 40 36 12 17 13
17 10 13 21 100 91 39 48 99 58 28 46 75 36 17 24 16 69
83 20 58 70 13 10 63 93 53 65 89 28 84 67 96 75 85 37 62 91 27 4 19 31 88 56 36 9 6 60 64 86 72 44 34 16 39 83 42 49 47 26 18 68 80 61 35 92 11 29 59 23 17 98 77 41 25 52 73 2 55 69 7 48 95 33 45 78 87 38 76 8 5 79 54 43 21 82 14 94 99 40 22 100
1 44
80 19 11 83 84 31 10 42 9 54 2 93 43 26 91 98 24 89 79 12 1 58 74 21 20 25 51 68 100 23 53 77 66 86 75 88 6 40 34 59 81 48 44 64 80 60 46 72 39 22 33 99 69 35 70 96 85 94 56 30 92 5 90 15 76 16 71 18 28 36 17 57 49 73 41 67 63 3 47 62 50
11 21 31 94 66 90 80 48 12 18 22 30
45 52 85 53 5 94 3 50 82 29 60 44 15 32 73 12 62 28 67 9 58 47 86 61 1 30 77 98 36 91 2 66 63 27 76 34 13 39 93 35 42 6 69 89 26 71
73 38 21 1 5 9 32 18 60 27 15 56 99 83 100 96 89 46 78 42 51 86 69 22 93 73 68 67 52 26 47 40 2 72 12 77 8 20 71 10 30 74 94 7 23 14 58 57 97 64 4 50 53 34 62 17 75 43 61 80 79 95 13 11 98 91 88 66 16 44 92 41 76 6
51 96 85 3 8 43 2 47 54 36 63 39 35 12 81 51 53 42 24 13 79 20 97 21 88 30 9 22 4 14 75 46 80 34 11 78 5 28 82 59 19 18 44 76 58 32 17 49 92 52 40 38
70 24 65 72 55 64 99 96 29 97 80 16 54 48 10 82 31 91 7 28 62 81 27 21 98 92 46 95 53 57 52 26 45 90 4 43 89 50 79 33 23 37 35 74 36 73 76 84 67 1 42 75 70 78 68 9 60 66 85 87 13 88 100 59 6 12 47 63 34 20 69
2 99 37
48 75 8 49 33 19 25 40 30 60 77 91 4 28 81 64 12 3 93 32 63 78 17 96 41 44 80 58 59 20 83 56 69 23 65 76 29 48 42 21 82 27 37 7 86 54 61 6 73
53 72 52 57 74 22 60 98 86 59 78 5 38 29 2 24 32 65 45 40 81 33 53 21 3 31 63 84 54 23 70 61 82 7 76 27 94 41 47 77 15 64 79 35 18 97 71 62 96 9 58 50 56 10
99 6 27 8 16 65 97 13 94 79 45 93 80 55 2 96 12 20 1 30 89 10 87 7 15 3 41 92 56 61 25 69 58 54 70 64 4 81 29 98 75 37 60 28 14 40 72 9 5 21 74 59 71 57 91 33 63 76 67 26 22 73 23 50 52 48 17 51 100 90 42 39 19 32 85 31 11 66 24 34 84 49 77 99 82 44 68 78 18 36 83 95 47 43 38 62 88 86 35 46
58 44 59 45 39 83 3 46 82 60 32 42 18 43 4 13 7 97 91 1 88 28 86 64 72 100 87 69 99 36 65 10 41 5 52 49 75 93 25 81 27 63 26 51 62 80 94 89 8 53 74 76 95 19 33 78 37 85 73
86 76 58 35 94 80 33 96 50 99 79 51 63 44 14 16 78 45 53 49 91 28 60 92 20 56 17 40 46 89 24 18 88 4 21 81 47 75 25 97 64 62 37 27 34 48 71 13 1 66 72 7 69 39 67 54 42 77 12 41 8 10 83 100 36 15 68 65 9 55 82 30 22 93 57 2 26 31 43 84 29 70 59 86 61 73 38
94 75 55 41 79 57 48 76 78 99 91 27 73 93 72 52 8 3 6 70 2 19 83 17 34 56 43 46 28 68 97 53 14 82 49 94 44 64 87 5 47 88 21 4 62 37 29 22 67 60 98 86 80 36 35 74 33 66 65 20 42 24 25 30 50 85 9 90 26 39 45 100 77 1 18 63 92 40 31 95 69 16 13 11 96 54 7 71 61 32 59 84 15 51 38
57 59 74 62 55 79 68 29 28 45 21 46 43 51 90 22 98 26 42 75 93 36 44 15 20 61 34 56 84 30 32 57 4 78 37 47 35 53 77 94 9 25 100 31 76 33 41 19 50 1 69 91 10 67 96 70 54 60
65 7 5 66 69 23 73 76 74 28 59 2 49 98 50 47 100 38 54 87 53 55 93 29 57 96 94 99 19 85 32 95 37 4 25 81 17 44 10 62 67 24 83 58 16 84 14 80 35 34 65 31 21 30 68 33 52 75 79 63 41 36 70 45 9 64
86 90 81 78 86 94 50 42 92 62 22 97 24 32 20 69 23 11 54 67 72 95 85 89 65 19 2 41 7 29 93 100 13 10 71 26 47 21 58 63 74 64 76 34 36 37 17 77 6 18 83 12 9 44 8 51 79 16 45 82 25 38 88 5 52 56 84 33 43 75 91 96 66 49 48 61 46 55 59 35 60 28 3 53 87 14 68
40 41 89 96 73 42 39 72 55 82 95 53 84 2 86 40 91 15 92 23 20 37 87 60 1 58 81 7 62 47 93 3 46 99 22 14 25 83 49 85 28
14 75 99 36 3 51 19 6 52 56 77 26 66 64 69
57 73 7 36 57 46 24 26 61 45 81 31 33 17 54 96 6 84 72 86 68 95 18 92 79 70 82 74 88 60 51 63 1 55 85 98 66 5 41 20 3 38 87 39 27 21 10 64 43 71 32 23 16 29 93 47 75 37
72 75 67 38 21 12 52 46 11 37 16 33 58 1 30 9 85 74 96 43 18 6 50 62 36 28 54 83 19 61 41 88 76 10 13 100 15 95 86 66 5 82 89 26 92 53 35 27 65 2 4 40 22 24 49 71 45 81 29 72 31 7 87 68 99 55 23 44 14 34 80 32 73
11 67 9 72 29 49 69 68 100 43 62 40
54 19 47 23 90 81 32 69 56 75 78 58 44 41 18 40 51 77 88 28 96 15 26 79 94 93 4 89 25 85 57 27 83 10 54 8 61 39 73 22 2 17 71 67 99 7 34 11 20 38 42 53 74 60 86
