100 100
270576069 9079476 596228835 637625 362009 7742231 1907940 529849 81482343 515240 92339004 32212109 17967 62727476 758737922 1349429 4488345 857895539 30004037 2390630 991877 461983315 52384 7 95 74737939 461814 310250120 37582243 7971452 835277 98 1 78 418263311 626536891 2 5259928 5 3279 4580827 78098232 2090 4 44 61 54144 728 527555 61216776 62497165 424 65 497 955308841 89086670 134 2590 90470 406994 61762518 879880 3589 3825011 92317070 78 95 9599795 819094 64 846 525589240 15493252 8 9816 529390007 111304 970780230 861 9420 86684416 488 21266 316 10 76742427 5774021 76732361 2106 38871 23333388 80224 2956729 974464 16928 92 56 4 594 30333
19 48
25 71
67 90
57 55
11 16
80 51
11 79
33 63
65 64
72 9
73 3
23 31
95 42
75 35
95 81
32 51
41 34
58 48
27 7
72 30
61 55
84 29
65 74
27 82
11 48
75 95
66 36
100 27
69 43
25 55
65 3
38 14
95 30
64 4
6 100
85 31
25 35
14 75
58 5
38 5
52 17
20 27
33 8
12 21
97 91
14 39
60 54
77 78
64 38
18 29
96 30
3 71
62 76
38 69
98 15
71 74
48 1
88 82
68 30
76 41
61 71
13 57
31 29
21 16
31 90
82 51
91 57
3 32
94 92
36 39
69 84
94 45
9 38
79 99
65 32
55 35
99 72
37 78
76 83
52 79
34 17
71 82
14 95
52 26
8 88
78 2
26 92
73 3
61 86
1 20
95 1
33 10
3 14
53 34
1 49
16 51
12 71
54 60
14 29
55 86
100
38 44 38 11 54 78 46 77 24 27 86 19 67 82 87 25 9 56 16 3 80 30 97 23 73 65 50 31 88 28 20 59 8 58 76 39 98 17 92
13 15 97 4 77 17 29 6 100 71 61 25 44 7
56 26 38 91 97 23 96 93 87 72 55 70 46 83 89 88 99 65 39 15 21 54 63 100 29 35 76 52 25 40 7 78 34 32 31 92 51 13 9 57 30 6 66 37 75 94 56 49 81 8 44 80 84 47 3 86 74
91 61 8 83 49 97 33 64 41 46 63 25 72 100 38 42 71 60 18 85 55 22 20 93 48 29 90 54 32 34 51 12 81 62 30 96 91 78 11 56 27 92 31 66 7 6 58 87 52 84 73 37 57 28 26 4 23 17 21 1 10 59 53 82 89 80 50 79 36 74 15 77 9 43 39 45 5 13 88 76 44 75 70 16 14 99 67 94 40 2 3 24
58 84 53 82 98 18 58 81 12 62 87 4 79 15 48 10 52 70 42 46 57 34 14 26 93 7 49 80 21 28 66 35 40 96 16 85 13 95 19 36 89 73 69 45 30 100 37 59 24 91 65 78 2 90 99 23 33 63 25
63 55 21 93 45 26 5 74 3 18 22 30 16 23 25 58 71 89 94 77 37 66 96 64 43 7 67 88 79 42 73 68 86 69 91 62 84 34 15 11 82 6 56 27 63 12 80 24 8 72 13 2 100 39 98 49 60 87 57 10 41 53 85 32
52 22 70 53 46 13 71 21 37 85 17 47 8 45 29 84 78 42 51 77 16 40 73 94 67 87 38 14 74 60 50 31 63 59 9 41 36 64 49 65 30 100 11 26 68 99 20 66 62 48 56 90 79
95 49 97 46 33 92 54 35 100 52 60 91 9 61 3 30 58 78 71 62 28 50 83 26 76 66 48 1 34 85 5 59 81 24 68 42 99 17 89 86 8 14 2 72 82 87 80 94 43 96 41 25 40 10 20 55 18 44 38 98 74 21 31 4 57 36 15 29 79 6 73 53 64 69 23 90 19 47 88 56 12 27 13 95 65 45 77 22 39 84 51 75 70 67 32 16
99 50 13 42 41 54 99 31 46 81 6 26 25 52 4 16 15 67 71 23 83 1 94 68 29 11 53 7 12 55 28 98 14 36 64 45 56 32 22 17 89 18 20 93 33 62 75 51 19 40 38 21 77 69 37 86 96 49 97 10 90 82 34 44 95 84 88 9 3 74 43 78 80 48 66 39 61 60 58 30 35 65 8 24 92 85 2 5 73 63 76 57 70 91 87 72 59 79 47 27
19 70 29 75 32 57 39 58 63 91 65 17 4 95 86 55 90 40 71 72
1 91
100 78 17 85 18 5 21 94 22 27 24 6 61 9 60 91 40 97 49 76 56 82 55 71 65 67 44 81 70 41 99 1 32 80 37 57 64 63 39 51 75 54 89 30 84 7 43 19 33 13 79 29 96 93 48 100 16 46 58 50 69 87 98 90 12 20 15 83 47 52 2 86 38 34 23 8 59 68 3 95 74 25 62 92 53 77 31 4 10 14 88 11 66 26 36 28 35 42 73 45 72
43 46 67 58 92 28 99 60 18 51 80 74 21 3 75 85 48 10 56 53 1 47 45 44 54 79 91 69 43 30 25 6 34 27 16 5 23 40 19 76 31 20 24 52
20 100 91 68 6 56 14 49 1 39 15 28 57 62 53 24 41 13 18 66 38
68 16 99 18 58 12 53 77 43 6 47 20 80 50 60 91 87 17 96 89 66 13 23 27 75 86 94 28 34 57 55 35 32 73 79 81 44 92 82 45 68 11 46 31 38 88 40 30 21 39 49 8 52 24 10 5 41 7 56 37 100 59 85 54 62 26 83 76 9
2 79 9
99 28 3 18 6 10 65 15 82 89 57 29 30 42 83 59 23 40 14 35 47 75 21 69 78 55 52 88 25 22 7 36 97 100 99 62 60 76 56 11 93 63 81 74 80 38 58 85 96 95 16 94 77 31 26 98 48 43 67 20 87 13 41 91 46 34 37 73 53 24 68 5 12 66 2 33 64 27 90 49 32 9 54 50 51 61 17 39 8 72 84 79 44 4 86 1 19 92 71 70
16 73 38 96 99 17 57 36 100 35 43 19 64 70 66 56 59
45 1 67 85 78 83 34 29 24 37 5 33 87 26 10 92 27 21 65 53 15 54 60 12 93 46 39 25 63 3 20 57 82 30 59 88 75 11 17 41 13 94 9 86 100 45
40 49 91 96 67 79 85 92 65 95 88 1 60 37 73 99 71 70 11 6 98 75 23 18 51 89 42 4 32 69 34 66 64 36 38 90 22 76 61 14 7
93 63 66 29 37 22 46 79 13 97 25 82 59 71 89 96 52 4 24 99 45 50 40 73 61 80 51 16 47 94 84 1 85 76 6 23 28 12 91 48 100 69 64 57 55 19 68 14 26 32 9 33 83 58 17 21 87 67 70 54 27 44 53 86 60 35 74 41 43 65 20 36 18 10 98 62 92 81 31 77 34 11 88 38 3 5 93 7 90 72 78 56 39 8
16 41 65 43 78 61 13 70 18 42 100 40 71 27 23 63 51
79 68 77 64 55 47 38 51 83 70 5 37 98 15 90 54 6 84 56 79 52 11 30 72 95 91 9 32 60 58 94 66 71 85 46 27 41 49 45 61 25 4 10 24 26 88 8 40 62 74 19 18 87 23 82 96 89 42 93 28 13 36 48 31 81 3 14 73 12 34 97 21 100 29 86 39 44 2 63 80
30 100 56 9 58 81 29 12 83 23 69 77 90 46 74 43 75 20 22 15 91 60 11 4 57 28 66 53 38 72 52
59 25 85 20 38 80 35 13 24 41 88 53 62 18 47 95 22 30 92 3 94 76 81 39 69 1 52 12 27 2 4 61 64 79 55 71 99 11 60 97 63 56 28 74 73 37 59 54 8 50 68 40 32 87 57 90 78 44 33 15
41 34 85 19 43 97 57 35 22 7 2 88 86 60 74 3 94 32 5 61 82 51 89 79 50 8 98 44 9 17 31 78 41 25 20 29 37 92 87 21 63 93
21 27 48 55 49 77 59 72 13 88 50 92 44 2 89 52 40 11 4 94 64 46
83 15 25 63 54 34 90 66 30 79 43 10 31 41 39 4 83 56 96 44 52 8 61 84 99 11 46 23 40 69 19 81 93 94 70 7 87 68 2 38 78 71 49 17 22 65 14 55 80 28 50 42 86 58 35 21 24 36 75 91 3 53 12 95 33 64 89 32 82 27 72 29 18 60 57 37 6 51 5 98 47 48 77 76
16 78 79 58 97 49 34 91 59 83 99 71 3 19 63 17 12
44 6 12 24 17 37 72 2 39 91 98 4 59 87 46 19 100 94 8 10 7 44 58 69 45 65 77 27 40 23 38 81 51 13 73 5 57 90 97 88 29 85 70 21 60
81 68 9 26 41 45 30 6 35 90 74 88 39 49 99 42 11 77 69 56 44 40 79 80 5 84 75 95 96 31 23 94 66 72 59 47 81 22 50 28 36 51 83 8 67 60 29 57 15 10 73 78 63 98 48 85 76 2 33 21 32 13 53 93 14 18 54 62 24 46 38 16 52 4 12 89 25 92 87 20 3 82
46 37 2 19 58 48 42 64 82 34 52 55 92 77 25 43 32 71 90 81 31 62 60 16 38 83 84 11 97 63 65 44 51 45 12 1 47 18 26 59 46 89 54 36 14 76 85
6 27 64 5 62 83 85
73 81 30 22 2 85 82 62 90 1 75 23 32 70 7 42 53 44 45 80 63 71 65 37 18 21 4 68 66 24 41 94 52 77 8 59 97 76 31 12 98 54 100 10 35 33 16 25 86 60 11 48 51 74 15 3 92 79 29 34 49 83 91 47 56 26 38 13 5 46 43 95 93 84
79 67 50 88 26 80 31 68 66 44 22 10 1 12 84 45 34 91 30 100 73 46 13 27 23 82 77 71 65 36 55 49 53 57 97 99 14 89 54 37 56 70 59 76 3 90 28 9 15 38 8 61 78 94 19 41 33 24 74 4 18 81 17 95 63 62 60 64 93 58 52 98 20 72 85 25 16 79 32 29
6 7 77 78 80 33 67
68 39 100 64 51 94 34 19 25 74 42 52 11 80 67 29 20 18 8 91 15 83 65 58 82 60 90 59 36 54 22 55 46 23 93 79 71 61 10 35 75 53 56 85 28 6 37 63 48 33 72 50 62 32 43 84 88 98 16 17 81 24 66 7 2 14 4 3 9
79 68 77 27 1 40 17 26 48 92 43 95 42 91 83 98 37 64 52 79 55 74 24 60 61 76 80 66 73 97 63 29 14 3 21 72 23 38 96 12 86 78 49 85 32 22 39 56 93 70 84 36 54 59 10 99 33 44 75 53 94 89 15 18 9 51 16 100 25 6 57 7 47 20 28 46 8 11 4 5
40 31 83 49 100 2 61 18 53 66 19 43 20 91 72 22 55 97 16 70 1 59 92 26 40 42 58 44 50 68 62 8 52 10 32 77 3 73 56 24 46
83 36 88 60 39 94 50 75 37 34 68 43 98 6 78 8 35 5 44 84 14 99 71 25 66 97 26 90 62 11 18 17 4 2 12 3 69 73 95 19 7 83 61 27 49 13 77 9 70 23 32 48 21 22 100 41 55 96 63 31 29 67 82 58 59 42 79 92 20 86 51 64 57 24 76 65 91 80 40 56 45 33 30 72
54 68 64 29 45 88 34 79 15 12 32 42 11 26 85 43 82 19 8 53 73 31 92 44 80 24 69 23 13 99 76 77 1 57 35 41 14 97 59 16 72 21 67 75 66 36 71 56 95 37 100 51 48 55 4
50 37 20 49 81 36 71 63 67 70 95 8 59 97 41 4 86 77 22 98 29 73 93 78 68 42 76 23 43 32 56 6 9 13 90 19 88 99 2 17 15 69 34 92 91 100 96 12 33 75 64
94 61 46 34 2 11 63 88 73 49 96 76 7 71 57 55 21 75 10 70 91 86 6 20 60 4 27 40 80 23 64 31 13 59 100 65 95 52 30 83 51 82 37 77 89 44 84 79 98 17 25 81 12 32 39 92 50 26 90 66 33 67 8 28 14 56 16 1 18 42 35 85 36 78 97 15 5 22 47 87 41 3 93 19 53 69 29 45 43 9 48 94 68 62 24
93 87 28 33 80 41 8 68 63 71 4 37 100 70 77 46 17 82 98 3 52 61 5 88 9 22 84 76 6 56 69 54 23 47 62 73 90 18 11 25 26 95 31 2 38 65 32 13 20 75 34 24 89 67 15 94 59 86 85 39 48 19 30 92 12 49 96 10 83 43 50 93 16 53 99 91 97 72 60 79 1 55 7 14 64 40 35 42 81 27 66 57 58 74
3 49 6 95
19 48 86 64 30 38 60 21 89 41 14 1 81 95 61 92 87 84 16 91
2 84 47
96 25 64 68 93 41 82 75 71 48 31 44 80 86 12 35 10 2 90 61 18 8 49 65 72 78 77 88 1 19 26 96 20 79 7 45 30 58 34 17 32 66 9 73 24 6 51 76 91 92 39 23 60 56 38 13 81 69 54 74 33 27 21 70 16 67 87 3 29 59 14 46 62 57 84 11 40 98 100 15 50 5 37 28 42 52 97 94 4 43 95 47 53 63 85 89 55
93 32 91 14 79 72 43 16 21 51 13 2 6 5 90 89 76 95 7 85 54 55 20 49 59 9 8 71 78 45 22 17 75 19 87 3 27 25 81 30 28 68 69 63 53 86 100 56 92 48 41 46 99 11 42 23 40 73 84 62 96 4 57 61 10 34 70 37 80 58 67 88 83 26 74 31 39 60 50 1 52 98 38 33 18 77 66 29 94 97 47 24 15 36
90 53 92 82 96 22 75 1 84 30 24 64 85 98 61 49 72 51 87 39 63 52 3 34 67 28 99 20 58 48 44 62 27 12 14 88 46 11 80 81 60 8 69 40 10 13 17 65 66 19 5 47 73 16 38 2 4 68 57 91 56 59 45 29 9 6 25 93 7 35 78 54 100 79 26 76 86 71 41 94 15 33 31 55 36 95 83 23 77 37 32
17 88 97 81 78 34 42 61 68 28 76 92 93 96 94 13 29 37
33 49 95 19 75 7 66 92 45 32 78 99 85 55 56 27 11 52 58 73 16 89 25 39 24 15 90 88 38 23 47 10 50 100
97 21 97 90 8 73 5 80 55 28 100 37 51 27 31 94 98 34 25 54 4 45 81 72 50 38 22 24 78 44 46 18 59 87 88 39 99 43 79 14 82 83 68 53 64 61 96 40 20 23 60 36 76 9 41 93 49 77 12 67 84 62 56 95 71 65 6 66 75 2 91 74 85 10 69 17 42 57 7 58 32 89 16 3 29 30 15 33 70 1 63 48 26 92 11 13 47 86
88 11 93 75 51 32 35 88 92 82 16 79 76 86 25 22 43 72 6 20 39 84 85 21 49 7 26 58 19 17 69 100 97 44 96 10 45 5 36 47 41 8 56 12 13 3 29 30 1 23 87 4 34 9 62 28 71 59 18 73 46 90 48 83 61 66 77 55 89 54 91 50 64 38 14 65 57 2 67 40 33 52 98 37 60 74 68 63 78
36 3 32 76 30 59 71 99 43 13 21 6 65 93 38 52 74 50 80 23 97 12 25 81 70 94 61 90 84 87 92 67 95 82 22 5 78
27 24 90 63 11 88 16 14 73 86 9 42 23 60 33 37 89 57 77 70 71 66 96 91 100 52 74 83
35 94 61 3 7 22 23 70 100 48 67 88 24 33 6 83 13 89 77 95 69 54 78 96 76 14 15 84 68 63 56 1 86 17 57 9
88 64 89 67 84 42 4 70 74 65 32 48 25 88 23 53 49 58 82 7 9 8 81 92 98 66 14 12 87 83 61 38 18 59 24 56 30 97 37 55 6 40 99 15 57 52 94 36 44 16 21 93 20 68 22 34 79 5 17 54 71 100 35 50 86 72 69 13 19 26 29 11 63 90 78 46 27 91 41 75 10 95 85 73 28 33 76 60 43
35 17 11 51 88 24 54 62 96 49 15 59 90 93 21 46 20 57 41 38 19 99 67 10 2 55 1 31 98 52 50 45 89 25 75 85
56 78 49 45 41 98 51 60 46 79 4 8 22 83 74 9 16 96 23 18 13 15 64 38 27 81 1 26 80 31 100 39 25 90 44 47 5 17 99 12 28 75 67 77 58 61 94 7 30 89 71 36 66 24 3 37 54
39 74 63 41 35 49 36 29 73 71 9 28 3 39 96 64 100 8 88 83 66 20 81 78 53 94 60 91 24 27 86 98 87 72 85 70 42 75 54 37
64 29 89 70 58 84 1 16 3 87 46 64 5 34 49 22 35 28 51 13 93 9 78 83 90 25 37 19 75 41 17 100 74 62 33 15 77 36 44 86 98 4 57 60 12 47 72 43 54 31 61 50 73 23 55 96 32 95 68 66 69 94 59 42 20
74 13 55 85 42 19 67 12 44 100 98 86 28 15 57 24 89 8 66 64 70 22 63 84 60 53 18 11 7 32 95 17 59 93 41 3 43 37 82 38 75 34 27 2 96 78 29 87 30 58 46 51 80 72 90 26 21 61 88 47 5 79 69 48 45 20 36 73 56 71 65 10 35 23 97
77 36 54 37 26 57 78 74 52 90 81 83 47 76 75 55 96 69 4 29 59 14 42 93 98 72 67 87 56 45 51 25 35 44 11 97 41 50 62 85 20 66 88 30 3 77 27 39 63 92 5 58 10 94 100 12 17 46 15 38 80 84 60 32 34 86 24 79 82 33 18 70 22 1 64 95 61 91
36 84 59 43 92 36 50 94 39 16 76 83 98 63 23 18 32 53 44 47 5 100 2 34 66 24 45 38 22 74 72 40 55 10 91 97 4
7 13 3 2 98 67 90 52
46 54 26 44 28 45 24 48 67 95 15 92 98 64 46 58 39 84 30 96 94 17 56 87 57 35 89 10 86 90 71 91 47 81 14 70 7 25 18 66 77 82 20 12 99 40 69
49 79 3 7 52 98 82 76 61 34 6 54 72 99 68 94 66 86 69 67 2 32 12 89 9 23 96 41 27 8 46 91 24 51 93 53 28 80 81 84 48 95 38 90 17 5 30 39 1 59
26 55 28 43 72 22 25 12 17 64 1 88 38 32 89 11 74 56 26 13 85 2 75 71 51 62 6
71 35 79 22 70 100 19 93 99 46 6 81 85 9 41 87 47 39 52 25 68 50 64 18 53 89 17 88 36 20 90 71 1 55 37 67 4 40 33 86 73 83 98 30 7 2 26 97 75 28 13 15 45 61 54 12 94 59 76 38 5 77 11 27 84 14 51 21 8 16 34 31
80 89 53 96 50 23 69 55 36 56 72 8 78 76 33 85 65 17 14 37 58 9 87 60 27 83 6 25 52 79 95 32 11 28 10 93 90 42 92 20 94 7 29 70 31 5 12 26 100 45 22 98 51 61 19 99 80 63 1 97 84 67 18 73 43 16 24 64 81 38 2 35 91 4 57 75 41 86 74 71 59
96 91 80 71 58 36 93 62 81 78 75 8 50 46 5 73 97 28 14 32 76 63 24 49 25 98 67 92 87 33 20 27 51 82 35 66 15 2 69 95 10 21 16 94 30 31 13 18 61 96 45 70 86 48 57 38 29 72 68 59 7 42 22 37 55 60 23 39 99 85 77 90 17 53 84 100 4 43 74 64 26 19 52 9 83 6 79 12 11 89 88 41 47 44 34 65 54
64 78 49 46 64 95 98 85 99 57 60 89 28 59 87 37 14 3 7 61 36 56 27 25 4 32 54 67 55 11 21 75 63 79 39 53 83 29 72 40 18 24 30 100 17 26 6 41 45 90 65 51 38 94 33 96 91 15 10 86 88 12 73 43 2
15 17 47 20 7 68 92 4 70 34 72 11 35 87 71 24
84 79 89 77 96 40 31 34 1 37 13 43 36 82 33 4 28 67 16 45 57 9 93 3 26 60 11 39 74 42 83 21 84 53 76 41 75 20 73 49 58 69 65 81 85 62 99 7 87 80 12 78 98 14 91 10 50 66 55 94 97 18 23 27 35 25 72 68 92 38 47 86 61 19 88 6 59 95 54 46 100 17 5 32 8
37 83 28 45 100 63 20 96 30 70 36 93 23 24 54 69 87 15 40 21 31 89 9 34 2 1 3 73 80 72 42 11 58 33 91 44 48 90
54 11 20 21 15 77 76 85 43 42 23 87 73 62 3 26 46 53 27 5 70 94 82 1 32 59 65 29 7 63 2 69 67 40 16 72 99 47 13 35 9 81 19 31 95 92 89 10 55 28 64 48 100 45 98
83 71 82 49 38 67 35 58 75 78 60 37 65 80 62 33 51 90 28 19 52 56 44 10 8 12 32 7 73 83 57 53 91 39 40 88 6 89 48 66 26 4 14 95 64 68 86 34 94 69 93 1 11 42 76 17 81 99 96 77 15 20 3 92 41 70 43 85 59 47 72 98 21 97 87 2 54 24 25 100 16 74 31 23
36 12 75 37 62 52 11 65 72 46 78 39 92 70 42 47 15 53 55 35 73 88 16 83 26 25 43 4 14 67 29 22 81 51 80 58 30
35 89 20 53 100 17 57 95 70 63 23 29 82 37 73 99 21 98 85 61 84 7 33 13 8 93 2 46 62 1 78 19 25 64 97 41
71 17 18 74 70 86 35 72 38 22 76 100 69 82 52 65 27 45 36 64 59 57 95 58 68 33 15 3 73 28 47 4 81 54 44 2 89 66 63 67 19 92 85 83 30 7 25 56 55 16 10 24 91 9 71 87 23 11 26 39 14 12 42 93 88 21 77 29 51 96 97 5
21 4 23 33 19 85 78 56 87 83 91 79 24 27 93 92 44 35 32 40 43 89
80 58 71 64 48 40 47 22 56 23 20 26 29 65 13 32 16 15 85 99 80 25 98 9 63 39 100 77 69 43 70 94 3 53 75 28 7 95 78 60 46 12 84 59 89 81 19 8 51 61 45 38 18 17 50 67 87 96 36 93 54 27 5 2 82 79 92 11 14 41 86 44 31 10 37 72 83 33 57 62 42
55 65 62 7 46 61 27 21 98 15 58 38 17 39 13 57 1 52 3 44 53 99 23 8 24 94 77 6 4 89 30 74 49 81 10 82 54 73 78 97 14 36 71 43 66 33 67 12 95 63 90 84 18 25 85 45
33 81 3 83 29 19 36 37 67 21 42 79 50 88 87 71 17 86 39 44 90 8 77 10 15 98 75 96 11 97 16 32 52 56
49 28 1 2 42 58 75 52 87 55 5 38 13 97 53 71 72 32 26 59 39 88 68 65 45 36 7 63 14 40 17 80 85 67 49 50 94 3 84 56 37 96 77 78 12 89 10 41 57 93
9 64 47 94 5 51 29 74 73 32
38 85 21 50 68 79 96 52 3 67 70 45 78 47 13 12 94 32 63 28 98 90 6 23 35 29 31 4 80 58 18 17 40 39 75 16 19 36 57
56 49 84 14 3 28 91 31 62 99 26 33 52 1 87 38 36 51 43 39 9 44 92 96 71 93 30 7 8 27 17 32 48 47 85 98 50 70 66 67 69 45 74 12 68 86 18 42 54 2 59 72 37 13 89 22 83
86 58 38 64 25 41 65 21 96 29 37 54 82 57 98 19 77 51 74 68 22 86 27 32 48 52 100 76 67 1 97 75 42 43 91 72 2 89 4 23 62 94 99 26 56 30 70 14 50 6 20 47 39 84 40 90 55 73 12 66 15 24 45 31 34 13 36 92 53 18 3 44 79 59 88 83 8 85 33 16 87 60 11 7 28 61 10
32 10 61 67 22 53 59 72 14 81 26 97 74 99 88 69 12 55 84 64 32 18 56 78 95 85 16 45 43 62 80 75 41
69 6 70 73 66 61 40 68 2 41 37 97 69 64 12 82 1 99 29 55 75 44 49 5 80 74 47 42 67 27 88 65 4 63 89 83 79 13 14 36 85 30 45 25 92 16 51 95 94 33 71 19 35 28 43 93 56 60 23 34 31 7 10 46 20 98 11 72 87 100
79 90 11 70 5 66 100 28 84 32 21 54 44 19 34 35 29 40 12 36 96 15 58 81 37 99 25 82 91 4 16 30 2 20 3 38 23 52 24 9 78 79 88 75 86 63 71 39 51 57 83 17 98 87 92 76 67 60 56 41 85 46 89 72 50 18 48 80 95 33 94 47 53 7 65 61 6 97 59 10
73 24 67 77 90 93 34 43 17 55 10 3 76 54 95 35 25 88 30 46 18 31 70 9 44 4 71 27 83 38 85 22 78 91 41 84 73 72 82 89 26 81 94 42 40 97 5 39 21 86 57 74 92 99 19 59 48 16 62 20 66 28 13 15 7 49 45 80 2 23 50 63 52 100
80 34 61 57 99 64 35 17 87 8 58 3 71 88 76 13 10 15 44 39 7 70 49 9 79 40 73 75 72 84 20 43 33 26 92 48 86 56 38 1 95 30 42 5 94 31 81 53 85 28 46 27 63 2 74 65 36 23 50 41 4 59 29 67 93 82 83 68 66 90 45 16 22 60 11 52 37 96 21 19 25
14 52 81 54 66 32 4 1 14 40 6 50 67 22 44
52 2 34 30 65 4 31 71 32 58 66 85 78 18 41 49 6 8 36 48 86 68 91 44 88 98 52 40 76 10 12 22 45 73 43 57 37 27 23 95 94 67 14 20 46 25 84 7 35 80 99 3 69
4 6 67 49 69
19 42 75 15 71 94 96 50 100 76 78 22 33 54 20 88 97 23 25 37
2 90 20
