100 100
5867700 618231314 27435 9564666 90236704 766795897 3772 19 4039441 3809220 5941 15073 921906819 753755 9 8 85 25626 73998 7 61146344 77976832 87337 87512 4 10 3 9078 10 963298964 766309 615 1649512 719 9992 30118283 77 850 885 39724660 79238 2431 39767494 8460374 7269 8433 4882122 397335149 64137930 58711 36062731 2296 687472 994 747814 718434 290348 2078312 402719885 704459197 44 3852 712 7551 8 784 395 5 2985644 947223308 70597759 558879 8925 5174 529 639 787467462 658137 4953141 72 5783 64 67 7371 237946254 58581 7651346 100287641 87728454 549276545 895569 80252 2983 501097074 2 259192 6561 1262582 93839591 875555
81 28
54 44
22 27
64 52
73 43
9 92
41 62
55 47
73 72
29 19
99 43
62 1
18 16
21 77
88 47
98 64
86 7
59 87
35 54
16 4
1 47
4 100
67 66
61 86
54 89
95 24
94 21
17 88
98 1
31 32
10 43
27 91
24 51
27 33
19 89
57 50
8 84
88 76
22 96
26 33
15 34
6 32
9 41
55 48
84 57
55 54
48 18
79 41
80 5
92 65
30 2
53 46
94 50
42 15
18 56
59 14
32 41
76 35
59 38
12 32
22 46
5 11
45 71
68 56
98 37
84 31
4 48
37 55
15 72
90 17
86 40
50 94
47 88
97 71
73 42
80 14
89 34
7 42
67 32
18 51
31 42
99 46
56 47
80 16
28 95
58 75
61 77
7 44
63 75
33 79
45 23
86 9
42 11
87 77
50 86
14 15
69 100
33 53
44 22
69 18
100
10 55 35 87 36 19 45 64 88 81 4
86 54 44 42 30 74 40 85 95 65 49 87 76 35 25 88 96 64 86 60 43 18 72 56 21 98 7 46 45 68 23 51 79 32 27 37 80 91 90 2 33 17 69 50 4 83 31 55 9 81 13 61 57 10 39 24 63 48 34 100 6 78 22 26 66 53 47 94 99 84 73 8 36 28 3 52 75 29 16 67 82 41 38 62 92 12 77
63 97 35 11 89 37 49 95 3 76 1 82 68 14 18 92 63 70 50 48 25 67 99 52 38 57 64 80 51 84 10 30 59 8 44 34 15 86 32 55 9 62 27 41 16 75 33 29 56 94 22 21 28 12 78 66 58 100 39 53 42 93 17 54
74 99 90 58 34 20 40 65 64 55 28 11 88 69 7 46 93 39 80 67 10 19 2 44 50 48 35 37 56 47 96 72 16 42 60 3 100 6 87 75 9 66 29 43 45 62 68 25 49 8 86 89 94 52 5 70 85 30 54 77 79 24 27 76 31 83 38 1 4 78 36 59 73 91 21
33 34 72 51 65 16 88 24 75 31 45 59 49 47 52 17 97 44 79 19 69 15 85 28 86 50 35 1 33 2 10 60 38 64
44 63 37 29 16 61 85 7 49 50 45 23 54 68 4 8 92 36 11 94 72 97 32 12 82 79 96 53 48 75 10 73 58 56 67 41 18 95 34 33 20 27 89 83 15
7 59 67 31 7 57 51 15
83 62 22 51 59 32 43 65 61 27 38 29 14 83 10 93 9 26 49 56 28 90 85 1 77 67 42 8 57 75 15 74 2 33 50 73 69 11 21 4 7 60 70 36 24 82 12 91 20 66 96 79 35 40 97 98 88 71 46 48 41 89 100 92 87 72 99 78 34 16 25 17 23 52 47 37 68 18 81 54 95 5 84 64
27 33 16 52 42 32 39 2 7 66 36 40 30 9 59 46 24 18 19 8 62 13 64 14 57 35 37 12
5 84 31 12 67 51
14 34 45 26 25 14 11 99 10 83 50 87 39 65 68
36 78 34 88 98 50 60 23 9 70 82 33 80 55 22 64 90 61 77 56 72 4 54 40 76 51 43 16 74 48 18 52 87 31 44 5 89
96 53 11 47 34 70 46 57 6 76 59 44 33 95 15 16 5 75 1 25 67 13 80 8 89 55 97 10 92 3 69 21 45 22 78 61 81 77 79 20 83 31 41 60 2 14 19 9 39 68 7 72 96 48 30 28 35 87 71 51 93 65 26 58 56 37 42 63 18 40 91 100 66 74 86 73 4 50 29 38 27 62 94 23 90 49 85 99 12 43 64 17 84 82 98 24 32
88 73 98 3 95 21 45 34 14 67 62 28 89 63 16 4 9 82 61 65 60 44 39 74 58 30 1 84 87 41 64 91 86 6 52 93 51 83 22 29 19 40 56 24 99 11 15 17 70 53 7 88 8 43 94 59 97 27 33 5 18 20 79 55 90 85 50 76 35 25 100 75 2 10 48 42 78 66 49 81 92 32 37 72 31 38 69 77 12
8 52 4 75 20 50 83 44 78
68 99 59 28 90 77 19 26 61 57 7 32 93 85 22 83 71 79 9 3 69 27 68 46 21 14 40 2 84 15 39 37 60 48 23 96 50 47 92 94 54 8 72 34 80 70 38 97 5 65 33 49 66 52 42 100 62 25 11 36 18 64 87 95 24 56 44 76 1
60 34 45 63 25 40 99 67 49 56 26 80 20 60 12 10 85 4 29 84 79 1 98 55 53 75 47 5 52 69 2 87 91 89 11 3 43 8 50 13 58 100 23 9 95 30 68 42 6 38 74 71 97 61 86 51 81 7 22 73 88
12 15 25 33 46 17 38 67 57 56 85 50 39
59 76 59 39 18 98 52 42 22 8 38 40 4 85 80 68 53 63 64 96 37 46 49 89 78 41 48 95 2 44 33 70 20 13 65 84 72 99 47 77 31 92 54 69 34 29 82 81 79 74 26 15 88 32 27 30 58 61 94 7
26 6 44 97 63 89 40 20 26 47 33 45 65 67 13 5 72 71 76 4 16 12 87 23 66 30 32
20 85 47 54 60 7 46 36 79 3 93 57 29 21 81 64 31 87 37 28 80
20 25 44 13 85 52 14 24 94 63 6 32 75 12 77 72 97 8 18 83 35
52 17 35 58 4 71 28 10 68 25 5 67 26 98 61 34 27 50 78 63 32 80 82 51 33 64 65 3 92 13 56 41 84 2 19 8 53 20 69 30 81 73 11 99 38 36 66 79 44 22 91 7 93
38 41 81 20 46 70 28 89 19 58 17 73 91 86 35 85 34 37 88 27 43 14 95 53 55 96 60 90 92 48 79 7 56 78 72 64 65 30 32
50 42 81 40 10 72 24 44 15 20 69 59 36 9 88 34 14 62 67 37 18 5 17 82 45 78 13 87 53 98 55 3 1 29 96 58 41 64 46 90 4 19 2 60 12 47 8 74 100 99 11
24 64 96 38 8 2 49 89 20 34 55 35 12 73 71 16 57 100 88 66 31 29 3 30 50
63 21 32 41 66 58 71 55 99 23 30 95 67 54 51 29 98 86 28 7 78 87 40 5 50 77 89 62 42 81 52 59 6 2 43 38 1 9 25 65 72 16 57 33 12 91 74 70 37 69 63 79 85 61 76 10 53 73 11 49 60 39 15 4
69 53 29 21 55 64 72 30 22 96 31 34 65 86 26 98 92 3 79 25 68 54 37 11 38 1 50 77 20 60 97 83 5 46 90 82 6 75 35 51 9 47 45 78 16 70 32 94 63 4 71 49 18 91 7 89 61 17 93 2 100 10 28 66 56 14 87 27 41 81
92 77 80 51 89 17 96 1 35 54 41 90 45 46 56 42 82 87 72 43 47 63 2 76 70 8 73 68 49 61 74 20 81 92 12 4 18 86 94 26 50 40 52 19 27 99 62 6 16 91 30 25 55 79 13 9 85 83 39 98 44 33 22 57 64 36 14 59 21 10 93 66 31 29 58 78 67 7 37 15 32 34 71 5 48 95 84 88 23 65 75 11 69
28 12 52 63 38 34 21 97 89 23 9 100 70 65 54 41 82 36 18 64 60 99 81 32 33 24 25 8 1
50 69 68 2 75 100 16 78 73 26 45 74 83 99 71 34 49 98 61 87 28 92 8 43 52 18 86 36 64 94 47 50 3 19 96 76 46 59 93 90 62 27 39 15 79 41 53 54 89 25 42
83 14 97 47 74 57 71 72 82 78 87 62 32 19 88 4 65 79 27 76 10 42 86 81 43 64 21 24 50 49 3 85 61 28 69 15 48 67 30 51 98 73 66 35 26 100 95 17 58 36 25 70 11 93 60 2 56 18 9 53 91 55 89 68 29 41 39 22 20 75 59 63 54 31 34 6 44 96 94 84 1 92 37 52
22 89 82 38 53 74 17 86 65 67 70 15 39 3 44 71 36 56 63 51 61 91 18
71 72 44 20 31 15 100 14 48 58 12 19 62 75 68 96 65 88 45 21 23 27 97 93 76 63 94 25 5 50 66 26 87 95 35 98 10 18 53 59 52 24 70 56 55 78 91 32 90 17 81 37 79 73 6 7 51 60 3 49 11 13 9 61 74 77 38 4 89 47 57 30
77 66 95 26 15 29 8 11 79 96 14 68 42 53 4 48 52 88 24 43 98 89 82 58 69 1 55 76 39 74 83 50 84 21 67 70 61 46 78 56 36 64 77 51 19 41 75 34 18 59 92 44 93 37 32 6 12 60 65 71 31 72 100 47 81 23 2 13 28 80 63 94 30 87 85 25 17 62
89 68 60 70 88 29 75 87 79 90 76 57 97 50 14 89 63 61 21 55 22 93 48 49 45 94 28 72 18 84 54 9 78 52 86 6 4 82 36 85 13 25 17 15 23 30 3 42 83 80 65 33 91 81 19 32 12 47 51 98 95 62 11 31 20 73 37 7 56 40 41 34 59 10 64 38 2 26 58 39 99 8 27 53 77 71 96 92 35 69
22 14 68 16 59 65 34 37 7 36 55 57 23 94 83 74 80 49 62 6 45 66 70
1 19
54 81 75 69 39 57 76 80 4 100 18 24 37 36 14 6 19 27 25 42 77 54 71 60 34 28 67 73 48 93 3 41 40 45 94 88 7 16 12 35 59 5 2 68 99 9 98 31 46 85 84 8 15 78 55
42 41 15 65 86 62 30 9 51 64 81 60 39 12 48 29 21 23 1 37 4 72 54 63 68 8 79 6 50 95 34 82 75 88 36 53 43 7 66 99 22 74 47
60 2 14 51 73 54 48 3 56 39 28 49 71 26 43 40 37 69 46 87 6 9 67 100 90 92 22 24 88 52 1 93 38 8 33 11 53 76 82 86 15 89 81 84 91 60 55 64 13 97 47 99 59 23 34 50 94 66 5 25 77
20 2 93 7 63 40 6 100 68 52 35 46 51 39 83 11 76 14 23 45 90
88 100 66 20 71 78 85 7 8 25 88 10 57 97 3 23 77 47 90 73 28 11 9 38 68 63 75 33 54 26 56 81 52 55 99 37 4 79 64 24 82 50 1 61 34 87 86 60 41 17 46 83 5 32 6 40 30 74 27 59 93 96 58 69 51 21 72 65 13 14 44 53 98 12 36 43 45 49 39 42 91 89 19 2 80 48 95 31 94
2 92 84
35 86 62 44 65 51 26 96 29 23 74 69 97 70 39 66 35 20 73 24 40 27 36 81 10 60 16 54 25 11 78 84 76 95 89 71
72 99 10 33 20 92 26 82 9 3 12 88 95 21 40 46 69 35 29 83 32 68 79 65 67 37 58 36 89 45 75 23 18 19 15 93 55 17 100 73 5 98 48 53 84 94 80 74 43 31 25 42 30 86 85 44 39 81 59 71 4 70 28 41 22 8 11 57 97 16 78 24 87
9 35 4 73 83 26 28 75 86 97
26 38 74 93 8 57 64 62 2 36 11 41 45 68 40 90 98 80 95 29 65 14 60 85 91 13 55
34 3 1 83 22 42 21 75 60 70 93 55 9 19 95 34 94 72 80 46 78 69 32 54 14 45 89 57 81 25 24 43 88 84 41
20 47 11 49 15 57 29 37 26 5 95 1 21 68 31 36 24 50 32 96 81
82 12 43 75 81 96 62 10 71 27 44 68 41 57 11 31 6 99 3 4 82 74 61 59 19 58 80 65 13 84 39 95 94 33 66 9 32 69 52 50 7 46 47 55 15 25 5 42 77 85 70 91 93 87 38 16 67 49 89 26 83 92 98 28 86 8 30 24 51 97 73 72 76 17 53 88 37 23 40 36 14 78 45
60 77 30 29 8 32 11 45 96 88 22 3 31 9 44 4 93 84 78 95 82 81 51 46 63 13 74 20 15 98 36 21 26 48 34 73 70 47 7 61 38 69 23 37 24 18 42 56 28 2 1 19 5 55 27 40 50 33 66 85 59
61 100 6 11 93 31 4 24 74 91 3 43 60 53 90 54 98 17 51 49 27 20 85 28 22 45 83 69 63 15 70 50 80 12 39 77 95 75 7 37 73 38 68 72 13 87 10 23 18 65 61 16 47 67 78 1 84 55 46 96 32 41
78 72 37 66 8 65 29 49 94 98 67 6 100 20 1 33 52 40 26 16 44 19 10 53 95 81 96 35 79 61 36 82 43 90 68 23 12 31 9 34 46 84 70 73 7 48 85 30 17 64 71 77 60 27 87 38 83 22 56 89 50 97 99 45 4 47 91 62 69 5 24 3 76 74 80 42 28 18 13
90 34 80 71 94 11 6 76 30 53 52 73 57 5 4 85 65 27 89 45 69 17 13 26 96 38 64 72 90 43 67 75 83 74 58 50 88 7 44 1 28 92 21 60 70 16 79 18 77 61 25 20 48 19 15 93 39 2 36 9 99 10 33 46 56 32 62 40 81 8 41 55 66 14 12 24 100 51 95 63 31 3 82 91 59 42 37 78 23 22 97
13 59 40 91 41 38 56 48 34 55 53 96 52 20
60 23 90 94 32 60 16 42 1 34 17 96 40 53 81 21 56 89 93 3 6 66 68 92 84 9 41 26 72 48 33 80 13 77 59 29 73 71 61 67 20 54 28 79 45 30 91 76 8 7 37 11 64 95 82 52 75 4 85 15 36
95 5 84 1 66 12 58 57 75 97 65 27 68 80 81 28 67 26 62 60 19 34 55 13 36 7 43 16 33 82 20 74 98 40 69 17 91 59 95 14 24 3 35 4 94 39 50 89 96 90 86 99 76 93 88 45 70 31 87 18 77 61 48 100 73 54 42 30 8 71 9 25 79 49 11 52 22 51 85 56 23 2 72 38 92 37 6 29 47 44 10 41 21 15 46 53
24 20 59 52 27 77 74 6 83 66 61 69 44 4 45 82 51 12 50 98 95 53 15 37 88
24 92 65 76 73 70 1 12 5 57 22 47 62 40 49 35 63 100 44 7 34 11 28 38 87
58 68 64 95 59 78 75 41 7 6 29 25 63 96 40 44 24 46 4 56 71 91 27 2 79 43 20 28 100 49 3 84 10 32 9 87 55 18 47 12 94 38 72 13 76 98 85 34 5 53 92 81 54 35 50 65 90 26 8
62 13 84 28 47 56 96 1 45 94 79 77 59 21 5 65 12 3 30 70 87 9 95 98 10 78 48 19 82 85 27 38 2 42 83 29 52 74 24 90 37 33 92 69 63 61 49 43 15 72 34 25 64 41 8 39 22 60 57 99 97 23 54
93 84 67 82 88 18 1 51 20 41 32 56 61 91 97 15 57 28 48 45 12 69 34 99 42 30 23 21 9 35 11 47 36 77 10 50 71 31 70 22 55 94 89 96 64 7 75 49 62 13 40 2 37 66 81 63 16 6 25 90 43 26 74 83 93 29 72 65 33 52 44 46 5 27 4 58 19 95 8 92 78 60 3 39 80 79 54 17 100 86 85 87 68 38
52 78 80 100 2 55 7 52 37 97 9 64 92 81 13 63 6 75 22 33 28 72 49 93 71 86 16 90 77 79 50 68 3 59 91 88 25 36 48 18 67 58 99 82 19 10 40 65 70 66 54 27 83
10 80 90 97 67 39 79 10 95 4 96
6 72 32 76 29 71 59
60 15 37 2 16 20 61 34 85 42 100 93 57 14 95 33 36 51 56 11 72 4 94 78 86 39 69 89 41 28 49 31 63 32 47 5 13 52 64 53 8 90 3 60 46 22 79 45 26 68 50 70 1 7 58 75 9 80 76 29 38
52 20 55 92 98 84 87 48 76 51 99 13 43 69 64 23 1 65 4 11 31 5 21 36 89 17 93 83 61 53 74 47 54 81 94 35 19 32 37 85 58 68 72 42 33 67 3 16 88 77 91 57 73
87 73 39 76 86 62 32 59 92 56 85 17 3 72 90 20 19 23 53 66 18 79 63 45 88 44 64 35 69 7 5 36 94 93 1 24 57 27 15 54 9 100 51 22 70 95 33 99 11 97 4 77 81 34 6 31 38 14 68 26 60 80 84 58 82 43 41 13 78 47 40 29 46 21 71 87 67 30 16 25 49 89 55 10 48 74 83 2
77 51 76 72 6 33 91 20 64 90 70 15 73 7 78 8 34 93 65 53 66 44 46 85 84 25 82 45 58 52 63 39 18 30 80 13 71 89 94 37 14 16 96 36 97 2 43 68 24 57 100 10 3 17 40 56 22 32 59 11 5 47 77 38 54 26 48 67 42 29 99 79 83 49 95 81 87 92
2 69 8
50 20 10 61 24 73 70 51 76 4 58 36 64 78 74 92 43 41 16 30 45 79 31 65 96 97 55 5 100 13 38 17 62 12 81 40 57 26 48 91 37 98 35 11 54 42 87 32 56 29 28
60 40 69 26 79 22 83 56 90 15 45 71 23 54 11 36 35 6 55 48 82 52 73 29 60 43 5 61 18 7 13 94 66 65 2 16 76 28 87 47 9 3 58 12 63 10 62 98 96 93 38 51 75 91 81 53 88 31 39 20 68
14 44 100 91 87 8 62 83 9 82 10 2 67 17 47
63 52 65 83 94 85 95 14 74 39 84 70 24 1 87 30 17 13 86 93 7 91 56 81 45 36 23 18 44 98 61 92 11 75 71 19 50 31 29 43 16 47 25 5 15 64 40 62 12 34 96 42 76 88 63 26 80 57 99 32 67 20 48 89
33 16 20 99 64 67 61 80 73 59 21 34 57 42 72 49 33 86 45 76 92 91 97 100 93 98 77 83 41 50 15 68 26 71
18 32 72 63 55 53 60 19 15 8 33 6 99 56 79 73 89 5 54
34 51 28 39 6 70 57 90 7 12 68 22 97 54 33 24 44 26 86 31 43 38 42 63 96 81 80 95 27 77 55 37 14 46 13
70 91 20 92 47 11 36 49 73 45 51 94 61 42 25 79 16 19 95 53 80 75 71 44 86 46 14 83 64 74 72 41 43 60 37 5 12 69 1 54 48 6 33 56 93 22 98 65 24 17 90 26 76 82 89 63 21 68 2 97 87 34 100 23 13 35 30 29 9 28 31
93 100 20 15 90 95 92 86 29 46 26 47 65 81 71 85 7 27 62 48 79 74 73 51 4 16 69 31 5 66 60 34 6 58 67 96 63 53 44 88 59 55 8 36 77 33 38 98 68 54 21 43 83 41 1 82 56 50 19 24 10 76 45 57 84 91 87 70 13 28 49 30 93 89 80 78 64 17 12 35 32 23 37 61 18 9 40 75 22 94 14 2 11 97
75 38 4 71 72 80 10 66 70 76 8 73 32 57 54 21 36 49 39 7 68 63 6 12 51 16 14 24 98 35 3 93 1 30 90 50 89 84 64 97 56 48 91 59 23 79 83 100 11 34 62 31 99 13 47 2 55 92 22 78 40 26 9 15 53 18 81 88 52 60 85 46 87 41 95 20
10 22 23 88 2 98 61 31 86 55 27
72 92 8 5 28 53 58 36 46 37 25 1 7 75 82 79 70 26 31 84 63 43 51 18 12 71 93 33 15 64 88 21 97 100 38 39 78 72 67 2 40 91 47 83 74 22 59 99 50 4 80 30 41 44 77 42 29 73 95 9 11 65 87 27 13 17 23 14 48 49 34 56 85
75 59 32 73 50 96 28 80 54 77 47 41 83 97 15 74 98 88 60 3 57 53 94 44 90 4 40 39 95 36 70 63 92 99 43 27 13 68 85 65 12 25 84 87 49 69 100 55 51 1 34 66 48 22 16 29 76 2 86 62 33 7 45 21 17 75 8 93 26 71 6 24 10 38 56 37
38 10 84 31 96 51 15 69 34 80 75 39 70 5 40 37 45 21 13 50 55 24 20 67 81 42 61 53 72 82 62 76 27 95 71 86 49 25 26
44 79 4 85 32 94 60 100 46 91 83 34 80 78 25 58 87 1 36 71 23 30 52 86 66 54 75 38 95 63 90 47 92 76 11 74 12 3 6 21 98 70 49 33 97
43 26 13 58 6 1 51 67 18 70 40 44 65 71 78 45 63 81 11 92 47 15 80 20 55 37 49 39 59 90 29 24 82 32 3 9 5 48 53 95 2 30 34 100
56 43 89 32 50 6 56 82 16 57 68 58 66 52 2 11 1 70 21 84 61 34 72 41 74 86 64 7 46 12 55 30 100 73 39 97 54 23 20 24 17 83 10 26 85 31 65 25 63 99 62 38 59 91 42 36 5
7 5 29 36 53 41 48 1
57 24 97 61 71 39 68 11 62 90 14 53 16 73 52 60 56 32 43 48 92 28 83 13 21 33 84 9 37 87 40 36 100 67 41 19 6 44 35 74 26 85 96 93 7 88 45 91 76 75 58 30 65 80 98 46 27 29
12 31 58 66 35 85 76 94 75 63 32 69 28
75 86 68 72 71 78 46 53 74 6 91 3 66 24 38 59 25 90 99 11 18 58 40 7 26 51 21 50 94 81 52 5 48 43 1 34 65 57 33 39 10 64 45 84 35 88 27 4 29 44 80 8 31 95 63 9 30 17 79 49 32 56 2 83 23 73 87 37 97 100 42 20 75 98 55 15
51 22 49 6 77 13 9 55 45 37 24 11 79 61 88 29 68 54 21 4 40 76 5 91 19 50 78 60 34 27 8 93 89 75 53 36 42 51 32 87 35 58 67 65 56 48 38 85 72 52 15 20
99 30 26 65 41 96 33 68 73 98 21 90 47 57 74 70 99 71 72 63 80 38 28 10 34 53 67 69 36 4 1 78 56 32 64 46 49 95 51 84 92 35 14 20 85 7 94 58 100 16 86 3 23 12 83 60 88 45 54 62 6 55 5 27 77 44 31 25 17 75 18 15 76 22 66 19 52 89 40 11 61 97 59 81 8 91 9 87 50 93 2 79 82 43 37 24 42 29 48 39
34 25 27 53 88 99 65 50 57 15 9 26 42 35 86 61 74 98 16 77 10 59 8 55 79 14 13 6 21 45 17 3 75 1 51
63 13 29 61 10 2 59 62 51 45 4 90 48 16 33 56 88 28 86 31 15 1 25 46 30 41 98 63 76 11 22 83 9 89 24 21 75 84 55 73 96 93 66 100 26 42 80 77 92 17 49 53 6 7 52 8 70 18 27 3 67 97 58 95
12 95 58 52 10 15 64 66 62 7 51 73 8
7 69 11 76 72 98 100 28
19 41 71 95 47 9 24 10 59 52 77 62 60 70 86 54 89 82 43 21
66 73 17 23 96 64 55 26 7 78 37 1 80 100 31 8 60 65 4 82 9 94 12 56 25 11 18 44 91 22 20 38 72 27 47 57 70 79 71 53 86 76 66 84 95 93 39 58 16 6 43 67 28 46 45 3 10 90 99 77 61 62 35 68 74 5 81
