100 100
6573 7070 41 40707921 5 27358 5 569331 46 8195 80789 9366009 11476 571794175 10 2951122 9752 11394 628788782 507836513 4272851 44148 44736 904423295 71898442 5 4 84420794 3653578 58377007 9 4 38 370525 6506719 1 93 3339623 10 723 11887206 784485 45191439 8874 976 5081 6037141 9249 20592148 91694 2 75 622 832 314120 3830 74133 14553 9953982 98 1442 85926 2 87864 366070899 298 479799 559 1665487 877349 414764 7026 563 67009 4403 25542094 320665903 143015 3281 8839268 2751 1 84 825381683 553435996 54 7234116 21 9414903 703 598 1 36 83128747 5 17238 9 98750198 47 38
89 80
65 98
10 79
5 55
79 57
73 99
83 64
98 26
48 81
66 21
6 9
98 49
50 96
86 37
66 19
29 64
14 97
5 94
39 77
70 86
35 2
45 69
51 67
50 89
14 25
57 20
17 89
18 98
65 14
62 29
17 53
58 30
76 91
25 69
78 82
10 70
12 3
63 58
69 4
61 50
83 56
53 68
11 21
20 36
38 88
71 10
51 74
19 5
63 48
27 20
5 48
25 21
13 27
18 67
6 14
85 22
18 98
1 42
81 51
22 4
60 73
90 20
32 43
92 60
87 30
25 34
67 2
60 10
99 98
57 15
97 64
82 38
50 62
76 45
24 6
97 91
60 26
19 34
2 19
2 98
47 46
29 37
36 58
27 16
90 88
36 40
11 18
1 32
42 69
16 44
85 58
18 63
54 42
40 99
37 68
8 74
69 64
17 5
12 8
5 54
100
32 99 15 97 86 32 23 8 40 59 22 17 48 82 21 74 66 62 90 18 6 7 42 33 88 67 12 4 3 77 38 56 39
87 92 38 69 44 57 66 19 27 98 21 7 8 77 14 59 91 35 33 25 62 78 31 63 83 81 52 42 9 86 51 74 94 30 71 84 97 29 90 43 95 88 26 3 39 5 93 2 34 24 75 40 82 54 61 70 49 80 6 68 4 1 85 28 58 53 65 10 50 20 23 36 99 16 72 32 46 17 45 64 15 41 60 18 48 22 37 12
93 69 51 19 23 94 56 60 54 67 8 71 9 4 98 1 97 12 66 26 68 41 100 89 70 49 85 11 73 27 34 29 99 80 42 61 45 90 77 53 55 36 95 57 15 82 31 52 91 83 44 74 22 39 58 59 65 63 81 62 92 48 84 88 78 17 64 6 93 46 50 21 47 16 7 24 35 37 33 2 86 75 79 32 87 14 20 76 3 25 30 72 40 13
22 46 62 33 29 65 60 51 95 52 58 78 34 98 4 41 8 99 76 9 19 57 79
37 3 86 17 79 55 26 32 91 16 93 81 10 18 60 36 23 2 74 56 53 58 99 22 87 50 59 21 37 8 95 90 31 92 6 14 19 30
73 52 37 27 33 8 24 43 58 61 65 90 84 12 55 53 49 34 66 48 57 47 7 10 29 99 35 81 60 46 1 36 88 13 23 16 96 25 59 97 32 31 51 40 73 45 21 14 72 80 9 19 22 98 63 83 20 4 94 50 77 95 3 54 15 74 91 62 41 6 69 42 100 39
89 92 82 95 50 65 59 94 70 86 84 98 47 13 43 22 42 66 53 26 32 80 11 52 4 5 87 79 51 85 81 68 30 17 67 54 57 48 77 58 37 83 49 64 1 33 28 18 74 60 2 39 78 76 71 100 72 69 56 55 3 9 93 6 16 38 27 29 90 21 75 23 99 8 35 96 25 62 24 7 44 20 63 73 36 31 61 40 45 88
86 59 50 65 62 19 47 85 13 79 58 35 83 2 70 63 49 6 87 21 66 76 16 82 93 67 25 1 37 32 29 33 3 9 11 5 81 54 69 96 15 34 52 56 31 30 17 24 36 20 41 94 44 64 10 43 39 61 7 42 95 27 22 55 14 72 73 97 57 4 84 90 48 80 46 92 99 71 26 100 45 12 18 98 88 86 51
56 51 17 98 42 31 77 32 70 1 55 37 61 84 57 92 34 7 12 11 65 9 39 50 25 30 33 49 76 52 75 44 18 60 96 85 29 86 13 68 69 91 78 53 63 74 100 48 58 8 62 93 28 81 87 35 24
88 73 100 33 89 96 79 4 49 71 44 62 63 97 51 83 30 35 76 24 86 88 2 11 58 99 12 20 29 46 5 6 95 52 50 36 61 34 13 40 94 57 77 87 38 23 10 8 28 19 59 27 65 67 53 81 16 1 72 25 48 69 78 32 92 9 98 80 22 75 42 91 18 74 26 54 55 45 21 41 3 7 14 66 39 31 43 60 56
37 75 53 71 85 2 1 99 48 31 70 24 14 77 25 51 89 62 8 95 34 28 29 59 76 26 33 69 11 10 66 23 9 56 67 19 84 64
25 68 6 11 35 66 79 78 30 21 94 45 70 46 54 29 67 44 41 86 14 40 87 90 15 16
91 14 64 91 57 11 97 93 86 44 24 7 88 96 62 80 46 43 40 72 60 52 35 33 20 81 73 26 85 99 38 3 9 95 6 55 12 27 79 2 77 31 13 37 75 34 87 45 69 16 98 53 48 15 78 19 67 1 76 84 68 47 100 36 51 83 65 92 32 25 18 30 21 58 63 41 70 82 22 66 90 42 54 4 5 59 49 74 17 56 89 29
24 92 45 13 48 41 22 54 75 85 61 70 47 6 39 90 73 34 11 1 71 20 65 17 25
100 96 95 21 17 48 77 31 10 33 26 91 52 27 83 13 92 50 29 80 23 15 3 70 11 94 59 99 46 25 44 28 84 24 63 75 6 7 72 37 55 8 82 56 16 62 20 61 45 85 78 76 89 19 5 67 88 64 47 39 43 69 35 38 40 66 100 34 60 32 42 65 79 57 49 14 68 81 87 41 51 1 86 22 4 71 54 58 36 74 30 53 18 73 90 98 93 97 2 12 9
37 53 78 79 4 10 27 11 39 93 87 65 31 89 94 81 5 90 28 49 95 23 70 30 76 91 44 54 36 60 20 75 16 69 13 32 47 80
62 71 17 82 46 45 15 19 97 25 29 41 66 100 47 76 33 69 24 8 57 99 14 64 9 5 83 31 35 49 51 4 89 58 53 96 67 32 48 42 39 87 27 12 56 91 37 60 93 54 22 10 79 74 84 62 61 1 92 59 81 18 34
17 96 13 93 36 21 35 46 32 59 95 90 45 25 68 30 63 67
91 94 1 44 95 38 51 100 74 49 4 13 39 58 70 93 7 89 11 85 41 19 92 25 35 67 43 82 31 23 16 34 47 6 15 99 57 5 88 75 90 76 36 60 61 86 83 65 69 77 96 17 64 22 91 20 2 63 3 21 56 33 12 14 98 97 53 78 9 54 62 18 29 84 71 72 73 50 68 87 55 66 24 59 46 8 27 28 45 48 40 79
63 59 43 7 85 14 30 13 51 17 53 18 10 100 55 45 68 60 39 93 41 81 19 2 64 8 32 40 38 76 37 33 89 77 3 87 12 91 99 48 29 31 57 78 36 74 96 28 34 50 70 86 62 98 54 88 66 79 23 24 82 63 61 52
82 66 23 11 37 57 32 51 43 74 94 21 30 29 42 19 61 65 60 18 70 40 88 13 93 87 49 99 68 5 83 35 45 22 67 52 59 2 62 58 26 80 12 1 73 15 6 10 14 47 55 71 34 77 78 76 90 4 46 92 31 17 81 9 50 86 33 69 16 85 72 89 97 25 20 53 38 95 28 63 39 96 3
32 83 94 91 37 28 5 18 46 29 31 40 43 82 42 62 75 85 57 65 72 39 14 50 93 68 55 74 95 27 30 70 44
34 45 27 47 90 22 86 20 5 32 81 35 29 10 34 82 62 97 76 39 94 88 25 80 1 69 12 98 70 30 73 58 77 3 4
20 36 42 69 4 63 37 58 23 27 29 25 55 54 28 59 40 6 8 45 30
12 41 70 17 32 6 86 80 13 73 35 2 18
41 65 88 51 40 69 43 12 7 29 72 64 49 10 82 11 5 68 52 13 21 56 73 14 48 24 66 47 3 55 17 50 58 34 31 92 59 70 67 87 38 20
86 57 79 87 26 13 50 95 38 6 12 64 58 15 77 35 90 75 97 71 33 72 73 61 48 78 20 52 28 67 89 62 18 9 11 94 7 5 14 8 39 59 84 51 55 17 23 1 100 40 25 34 92 41 60 36 31 81 42 54 70 43 37 65 88 96 83 93 3 56 99 85 80 49 86 44 32 19 16 69 4 2 45 10 24 68 76
28 53 19 12 62 72 18 40 59 23 31 20 26 6 89 2 85 46 77 32 35 92 48 25 61 75 41 74 57
18 57 10 49 46 52 43 65 5 66 12 84 31 97 75 63 99 21 81
81 12 44 5 57 27 56 30 92 95 75 50 53 9 41 100 93 72 66 31 45 8 96 51 69 49 55 6 59 42 21 87 14 38 35 94 32 34 71 85 10 48 60 1 7 3 74 89 76 62 98 40 80 23 26 2 86 97 58 67 52 54 84 73 18 77 68 37 78 65 81 4 79 83 17 90 24 33 19 61 13 25
41 84 33 93 69 29 19 62 82 32 27 76 28 9 73 99 12 55 72 8 38 34 60 31 11 50 79 1 48 36 35 7 94 5 67 42 45 70 86 23 61 10
63 17 20 34 75 68 46 54 94 70 33 62 39 66 42 15 64 67 35 43 81 49 52 84 9 51 11 95 13 31 44 80 79 76 38 32 56 21 5 74 37 87 45 78 47 93 16 86 60 22 2 83 90 65 41 55 82 69 10 97 77 7 71 85
57 83 100 29 59 34 9 15 73 90 5 69 24 1 3 85 44 84 18 49 61 62 39 28 70 11 22 37 4 19 20 23 68 88 94 93 48 57 76 65 46 53 47 95 58 77 96 30 98 13 7 74 89 64 75 41 12 17
11 2 94 42 1 22 21 49 62 4 52 77
39 37 95 22 99 14 42 91 56 15 80 87 4 30 34 28 84 62 68 27 2 49 47 74 54 11 63 29 40 94 21 5 85 67 18 31 59 52 16 24
19 71 63 9 81 16 53 38 58 42 59 75 27 31 96 36 20 34 50 88
13 67 49 88 8 4 29 73 89 74 56 20 81 52
30 19 37 51 10 72 11 61 25 29 26 57 21 84 36 100 69 81 65 85 16 53 2 55 46 48 74 67 49 56 15
31 7 63 98 85 17 11 6 22 89 68 94 14 86 73 84 79 1 10 57 72 60 31 2 34 56 75 66 4 24 36 53
4 13 64 26 35
1 42
27 82 27 90 6 31 88 95 52 70 77 80 26 18 30 83 58 24 28 85 44 89 91 2 49 75 97 69
58 73 87 91 26 36 8 77 70 30 98 5 38 22 92 50 11 80 75 6 97 46 45 43 35 94 89 31 37 84 28 39 23 10 32 34 4 16 25 49 52 78 58 14 100 60 72 29 83 9 76 44 69 24 7 90 19 65 48
79 84 91 23 89 11 44 37 96 64 39 28 80 18 78 67 83 82 6 1 20 74 33 71 43 14 42 100 63 38 13 41 88 79 46 34 95 31 7 52 17 75 86 53 60 22 65 36 5 59 61 58 9 19 73 35 47 70 8 26 29 27 66 62 45 55 51 57 98 10 48 87 24 40 2 69 77 25 16 93
7 21 82 65 42 38 46 43
29 53 47 66 19 90 56 42 54 25 26 10 49 62 75 68 13 67 29 3 16 60 15 59 6 1 58 24 74 2
52 29 51 82 5 73 1 97 70 8 34 62 39 30 77 80 2 81 88 40 23 68 91 46 10 44 28 54 79 76 9 58 25 31 96 65 11 78 98 37 60 93 7 45 69 85 95 32 3 52 27 38 100
89 38 78 23 32 72 53 86 40 25 37 9 27 33 89 56 97 47 70 75 93 76 69 90 83 55 26 45 8 48 49 4 5 12 22 62 13 79 46 51 3 2 60 77 50 87 84 96 41 39 100 81 64 94 34 98 44 21 24 16 18 20 80 6 11 85 31 74 54 42 68 35 28 63 58 1 73 52 30 82 91 19 57 10 92 43 66 61 7 67
69 58 9 54 33 44 48 66 10 30 83 8 71 65 40 85 18 11 84 1 21 25 63 29 64 31 61 56 45 42 37 96 97 62 74 7 23 95 92 17 68 38 3 28 13 86 81 55 19 6 41 90 53 57 70 36 80 46 79 99 2 77 15 88 75 43 27 100 93 32
43 66 24 64 35 14 94 52 32 3 57 21 33 63 13 48 72 41 61 100 60 58 18 62 49 8 76 69 73 9 90 38 92 31 55 98 59 79 27 1 40 68 25 34
58 61 85 21 16 24 62 46 71 70 3 63 15 13 40 23 35 42 27 69 53 50 18 93 11 4 88 45 74 28 73 55 66 75 80 87 49 37 84 7 81 89 92 6 64 65 97 57 29 98 34 96 36 100 72 12 52 99 2
75 51 1 90 84 20 63 78 79 62 76 71 93 83 34 38 39 89 49 98 11 72 87 65 33 52 100 59 4 74 75 37 3 10 32 97 73 47 57 91 25 68 46 21 2 88 23 27 67 16 28 17 56 96 45 58 50 36 53 12 7 8 22 55 6 41 29 66 85 13 92 44 26 9 54 14
52 60 24 89 27 45 1 65 72 9 23 15 69 34 51 41 50 19 43 99 81 11 42 40 38 53 66 47 36 48 57 83 59 95 54 80 16 61 5 12 33 91 37 75 7 13 62 78 22 30 39 2 4
55 16 53 34 4 11 86 33 26 29 94 39 41 27 96 79 56 75 18 97 50 21 81 42 93 89 61 83 25 99 54 55 1 60 70 24 37 5 49 13 19 36 84 66 64 40 72 35 32 46 23 92 12 90 71 85
50 9 12 33 21 26 6 99 45 11 23 71 38 16 10 85 82 46 78 30 79 43 53 81 17 27 63 93 73 41 60 20 75 94 72 54 67 98 66 59 77 49 14 52 62 97 92 36 69 19 8
59 93 68 56 86 87 43 37 26 95 4 89 34 25 42 96 46 91 88 80 18 50 90 97 81 27 49 92 54 12 55 16 3 100 64 60 38 24 69 28 36 9 30 8 75 31 5 2 53 84 78 22 71 65 23 11 76 48 33 32
80 52 39 14 35 93 21 17 88 30 25 9 66 2 4 84 81 44 29 92 11 83 50 24 85 64 16 67 96 74 82 41 79 28 7 60 51 37 87 40 48 99 6 13 19 73 20 95 27 3 33 57 31 38 18 5 65 76 86 43 56 71 94 32 49 23 59 68 75 89 63 61 34 62 69 72 77 8 55 90 36
47 74 69 87 95 82 30 49 88 65 1 9 79 44 19 80 52 40 59 90 64 24 55 14 18 43 47 67 81 31 62 13 41 78 12 76 4 96 85 38 66 8 70 71 50 89 61 21
17 7 36 87 10 62 98 76 44 9 33 95 27 41 99 15 92 89
76 39 97 43 10 29 45 32 60 35 12 76 33 90 30 72 13 58 28 8 61 84 24 71 23 16 74 6 88 4 11 68 1 48 25 37 20 100 5 99 59 34 15 38 75 83 70 57 22 50 56 73 9 85 27 18 81 47 21 79 98 63 96 53 77 7 3 44 51 36 17 19 94 91 78 69 26
61 98 76 17 1 39 49 46 21 28 36 93 5 52 58 97 81 8 60 33 70 31 90 82 42 78 68 48 22 84 47 57 43 13 94 77 64 61 2 85 74 89 86 100 15 66 53 18 99 92 80 14 32 67 23 54 63 72 44 91 75 20
29 61 37 32 44 82 9 27 53 84 13 95 47 90 51 73 24 83 28 57 76 94 14 29 31 6 12 19 88 7
71 41 6 55 30 15 93 92 13 65 100 82 83 85 32 60 56 73 95 74 53 99 62 89 96 49 63 58 57 12 7 23 27 37 81 8 68 98 80 70 2 64 50 47 84 11 24 86 33 76 4 31 22 59 25 29 1 88 26 69 43 3 75 38 16 91 45 61 97 54 44 66
31 3 32 19 41 20 78 66 31 64 16 82 61 90 33 48 73 60 94 55 96 50 28 54 34 86 25 99 84 1 100 18
83 39 79 54 47 29 48 85 50 68 10 91 90 52 36 14 100 44 86 56 32 26 53 77 65 78 40 69 99 41 6 12 75 94 87 82 35 66 30 81 42 76 9 72 80 25 46 96 1 16 19 15 8 59 28 95 88 24 31 92 57 4 5 84 93 18 45 3 70 21 23 17 20 7 37 11 62 67 74 38 22 27 33 63
10 16 1 80 49 86 60 95 94 4 99
11 71 72 51 1 8 27 43 52 29 83 36
93 87 40 15 76 37 38 12 65 49 93 95 63 14 68 88 13 28 97 18 61 33 45 98 66 58 69 5 46 6 7 3 10 50 32 53 36 92 74 30 67 78 9 72 48 29 89 25 35 90 57 73 79 55 44 84 81 8 94 75 2 11 71 24 96 99 70 17 42 19 56 52 91 26 59 27 77 86 43 1 85 82 100 41 64 80 21 22 83 60 31 16 20 62
71 28 21 31 99 40 35 61 75 94 47 37 36 34 2 45 92 100 90 11 14 95 20 52 91 6 12 82 78 44 9 27 74 65 68 69 70 54 51 84 26 57 85 49 50 53 98 77 30 38 25 93 66 58 3 1 23 19 42 88 33 81 72 63 83 43 89 18 39 15 32 71
45 20 78 27 60 85 68 83 21 53 75 1 41 99 30 38 96 54 69 25 89 2 47 4 77 13 49 45 73 48 26 28 22 51 95 23 16 94 67 15 34 42 40 44 32 65
20 36 76 65 38 19 86 8 32 71 20 80 7 77 66 44 1 12 100 22 59
7 44 24 32 64 13 55 2
88 43 84 10 36 14 97 6 59 20 67 96 46 44 31 47 11 69 55 79 85 94 92 98 24 29 48 52 78 68 95 1 39 32 41 12 4 88 45 26 86 2 73 93 74 83 87 13 54 100 82 25 15 70 56 61 7 90 71 51 16 57 99 64 66 30 58 5 34 75 62 22 42 3 9 40 19 53 76 91 35 60 8 23 37 18 81 27 50
86 98 49 97 76 17 95 1 37 16 71 48 45 100 78 22 21 94 63 30 52 46 93 44 13 65 58 68 75 62 4 19 66 81 7 99 27 54 42 96 15 28 82 86 12 69 85 89 60 91 57 77 55 11 2 9 25 64 23 34 83 38 40 70 24 73 47 31 59 79 20 35 32 90 8 36 56 53 67 92 3 10 14 87 88 33 6
81 46 37 47 15 83 31 20 71 81 53 64 3 55 6 9 29 93 30 98 58 17 68 75 73 86 60 67 44 27 50 21 80 19 7 49 1 13 35 70 77 97 10 94 54 42 43 79 76 23 92 59 78 66 39 56 48 88 24 18 91 96 12 52 38 28 2 87 63 40 74 69 5 41 45 85 84 72 36 4 11 22
57 8 72 10 74 86 20 81 24 93 67 62 14 59 88 56 26 89 69 13 17 87 31 82 15 37 54 85 80 73 94 95 22 53 47 11 83 48 63 46 98 32 92 91 60 78 27 18 96 99 2 40 77 70 41 19 12 75
12 64 29 40 13 45 75 97 56 70 99 50 61
61 21 66 78 47 38 67 32 63 27 3 34 13 86 52 17 68 46 20 41 35 81 58 4 82 8 14 24 36 89 29 85 26 50 42 65 97 49 90 95 76 93 18 30 6 37 12 39 72 62 84 43 100 51 44 23 64 25 98 92 16 56
96 65 58 32 4 74 77 6 48 43 29 15 96 51 22 70 12 10 80 40 26 86 55 98 68 88 78 90 73 3 30 19 33 50 54 18 83 34 69 28 61 85 67 16 91 7 2 56 100 36 14 17 89 81 66 21 84 92 20 23 1 63 5 37 97 38 45 75 44 13 99 82 71 25 9 53 59 31 79 47 24 72 46 60 94 93 62 95 52 39 8 42 76 49 35 87 27
86 33 78 70 46 32 11 39 99 45 29 41 63 56 96 16 75 14 53 22 85 5 20 91 42 87 38 61 3 90 77 35 51 65 40 8 36 44 50 43 23 13 97 30 69 1 92 18 73 80 2 48 72 94 19 27 57 37 100 81 15 34 58 74 64 95 24 7 67 17 71 88 6 83 49 98 93 86 55 25 9 59 26 28 31 68 21
68 64 21 4 6 70 59 83 49 51 50 100 62 43 52 76 75 14 60 53 12 35 71 33 7 87 9 29 17 56 24 61 3 54 93 72 44 30 27 47 80 68 28 99 37 13 41 38 90 97 55 63 67 65 86 34 66 1 10 95 85 82 5 31 40 26 96 79 25
81 10 94 34 85 5 92 98 46 95 24 84 71 16 64 14 50 8 70 69 47 74 28 55 21 63 9 7 60 38 27 3 25 93 89 54 99 88 91 53 18 80 1 20 2 67 15 35 73 51 4 61 17 65 77 78 41 33 30 81 23 39 29 13 48 37 96 56 43 32 40 11 82 44 45 31 87 66 52 26 12 22
42 33 12 25 8 38 76 64 74 42 66 40 100 88 82 56 39 3 62 72 84 55 70 22 44 61 16 6 34 10 11 89 63 96 35 93 95 21 24 47 81 65 53
33 74 36 75 70 27 59 76 7 4 42 34 95 81 24 55 20 97 87 89 63 62 8 82 65 32 2 11 90 69 80 39 15 66
41 56 53 14 71 5 27 22 21 36 42 96 81 95 34 17 79 73 3 88 43 75 48 57 58 54 45 99 80 87 39 47 31 74 93 84 62 16 12 98 69 29
29 76 6 82 72 33 14 65 30 34 2 48 38 44 71 47 67 16 98 7 80 17 96 54 61 100 43 93 69 66
64 63 86 48 76 46 53 9 22 23 94 67 68 84 24 61 88 71 30 66 50 72 77 97 58 7 39 69 56 80 36 47 20 13 57 73 44 70 91 78 75 74 17 35 25 54 55 40 14 98 4 42 15 52 90 28 34 62 96 1 10 19 16 82 27
4 31 6 25 54
44 61 22 97 54 19 74 30 13 46 57 8 80 20 16 82 11 48 26 45 67 98 63 35 65 83 33 56 15 51 96 87 52 60 17 37 68 6 3 28 99 90 1 75 81
60 58 63 88 16 76 100 83 32 45 27 65 36 15 90 38 13 21 85 84 93 19 51 67 79 25 97 77 12 33 75 73 2 29 34 80 8 68 69 66 91 60 95 7 70 17 44 43 64 57 96 23 55 20 61 71 9 14 86 46 18
62 9 15 62 91 85 64 24 61 16 37 99 72 50 60 67 30 44 79 34 71 42 80 48 53 35 14 28 78 38 89 51 39 49 98 75 3 17 5 69 74 93 88 94 1 66 31 27 52 11 86 46 10 12 100 7 54 81 41 18 40 20 56
81 4 77 91 44 94 70 56 37 19 20 89 75 47 96 82 11 40 79 51 30 35 41 66 36 71 95 34 97 27 42 64 2 90 74 9 21 8 33 28 46 73 48 12 7 80 31 54 68 1 72 3 100 24 85 65 6 53 52 55 92 22 84 62 29 69 17 15 16 63 10 76 26 88 5 93 14 99 59 32 13 23
34 95 39 64 36 51 88 24 91 77 33 83 74 63 52 78 100 26 82 76 75 84 6 12 56 25 42 86 17 49 32 44 40 29 87
50 17 16 69 53 63 2 18 82 32 65 55 58 23 42 14 72 27 71 89 87 45 66 95 64 80 39 47 57 98 77 92 20 85 62 74 79 8 22 73 12 46 13 68 9 99 67 33 25 38 93
17 63 18 10 5 13 52 38 100 25 77 96 47 76 62 37 45 42
95 25 82 78 55 94 65 6 46 59 11 95 44 33 40 30 88 13 42 79 75 16 61 34 96 52 45 38 86 54 91 7 15 81 10 31 37 67 74 58 76 22 60 84 2 27 99 12 26 24 71 32 20 23 57 100 85 19 18 68 17 73 64 69 9 87 3 5 98 77 72 41 47 83 4 66 49 93 1 70 8 28 90 63 29 53 39 62 51 89 92 14 50 21 97 36
88 36 93 89 31 56 49 19 52 70 100 64 88 81 43 18 41 71 76 75 9 8 63 77 68 87 91 20 73 42 29 83 6 55 5 78 99 97 57 44 61 98 92 11 96 62 24 27 84 80 4 23 25 47 3 35 69 28 14 26 54 12 16 95 7 72 38 39 79 15 60 90 85 21 94 2 50 1 51 30 58 48 13 17 34 86 65 32 10
13 93 5 68 80 87 79 58 35 43 29 91 76 4
86 51 50 32 33 84 28 13 30 19 20 25 59 73 53 17 27 78 48 29 11 92 97 66 57 1 38 64 6 91 21 22 9 49 80 96 56 68 8 86 93 46 99 83 14 16 63 47 52 55 76 7 67 23 40 60 61 44 35 70 62 71 82 54 100 90 45 2 95 10 41 36 37 79 3 43 77 88 74 24 18 69 85 72 81 58 94
32 100 19 60 17 59 94 7 27 99 44 5 40 41 28 36 86 76 67 96 98 49 77 52 48 92 80 91 51 22 82 10 39
