100 100
22 89165260 74734819 473820613 7278795 72134805 42071563 8141 69060 554659040 9389 839 51 43 3 594578 7 9 687980383 5 31710 989 797536574 8181314 9 831257 65923 4370385 348 54821 54993 2 415 792947 133576732 9069 165264762 96709310 299 6644930 8177 2 631680492 5138 29 37355 58864 204 934787 52201 237 51438 764285437 52704 349156671 189956 3486 435683 5984 35654 687 181 56132365 2045 832727394 71124 328962 93706553 628 7 174 77126221 93293181 920374 165184312 834867 800188238 4 406440721 793394692 6 14742448 33221 96018484 94 24807804 653 83 373148 814 50492845 777026501 70676 9973 134423 188299 65240 739666710 821799 417
55 22
49 57
40 8
16 76
73 36
90 51
59 55
40 81
97 59
18 79
27 84
66 15
70 82
33 84
63 58
67 23
31 25
44 27
76 55
63 57
42 62
42 2
65 19
94 56
75 24
53 60
43 52
76 95
92 83
67 9
80 71
15 21
90 41
15 50
8 13
78 41
18 76
46 1
83 14
40 90
13 22
66 30
23 38
60 37
16 62
83 8
16 84
59 74
7 22
44 30
1 88
17 10
98 66
89 52
59 47
81 16
18 35
98 71
78 26
16 58
15 79
22 65
71 79
50 29
100 97
3 67
74 68
61 39
70 79
47 18
43 72
26 90
56 89
86 89
83 62
38 53
46 81
18 87
4 54
82 94
75 92
77 44
23 97
3 10
74 95
81 16
98 13
60 79
40 95
12 30
9 55
95 5
55 43
85 77
99 45
90 42
37 87
89 22
77 29
66 92
100
18 31 26 40 64 73 76 17 32 25 27 50 99 67 28 98 12 82 96
30 47 91 45 2 32 31 62 20 30 84 17 35 79 38 57 6 65 22 66 68 42 58 43 59 74 88 99 97 73 67
99 51 29 40 92 71 76 41 12 84 56 94 7 54 19 32 20 27 44 53 38 64 81 82 47 66 39 13 62 36 18 8 15 49 85 67 79 46 80 24 63 26 42 52 35 17 2 43 31 78 11 75 48 21 89 45 55 28 68 14 34 87 88 4 69 77 74 10 22 9 93 16 37 57 58 65 30 86 99 98 72 23 25 50 3 91 1 70 61 96 5 73 60 6 59 90 33 97 83 100
66 92 32 95 22 38 27 43 72 78 77 41 65 52 5 1 15 13 98 54 76 47 25 84 57 8 24 56 83 79 9 87 94 7 46 29 66 11 55 20 50 97 64 58 89 10 31 88 59 19 63 44 33 49 74 14 70 62 28 81 60 36 30 69 39 96 93
87 39 96 2 57 92 69 78 42 24 72 89 53 66 97 65 70 14 6 44 61 80 26 74 15 73 9 64 8 40 7 82 34 12 25 100 98 51 91 1 13 31 60 47 99 86 30 48 16 93 36 77 81 37 45 27 88 63 55 19 41 58 75 3 22 32 4 87 21 29 62 83 50 20 17 35 43 76 94 67 71 38 95 84 10 11 18 79
14 55 56 78 3 33 85 37 53 45 74 20 86 28 77
98 87 56 60 36 49 54 40 29 73 72 85 34 97 41 10 58 9 78 79 23 44 95 15 33 100 48 99 39 65 35 91 51 43 55 94 62 16 42 19 81 37 67 47 5 80 45 96 26 74 24 71 92 3 75 7 21 66 50 46 64 14 86 20 84 83 69 77 4 17 32 11 8 38 18 12 25 82 13 90 1 63 70 22 53 6 59 52 76 89 88 98 68 27 57 93 30 31 28
62 49 65 78 56 44 59 74 33 73 83 19 57 62 91 3 1 47 21 6 94 24 23 81 77 41 79 46 4 48 76 16 96 89 69 80 37 63 10 11 31 82 93 85 52 13 26 54 39 22 34 86 72 70 97 17 50 61 55 40 88 67 35
42 9 97 99 10 45 3 29 73 87 41 38 43 14 47 1 63 13 53 48 15 37 90 79 67 7 50 70 54 68 31 42 84 33 83 49 8 55 89 28 44 72 78
91 34 93 96 19 44 54 77 37 94 100 46 53 51 56 45 29 28 49 27 84 72 52 58 21 66 16 67 64 15 1 36 7 30 25 6 89 85 65 71 55 63 18 73 26 9 8 99 38 47 33 32 86 4 10 57 78 24 87 5 13 79 60 83 81 48 3 95 17 59 70 41 97 62 98 23 39 69 40 2 31 14 11 61 12 80 42 90 91 22 35 82
74 75 54 97 11 92 61 69 23 73 36 68 66 14 26 37 71 33 41 63 83 8 7 49 40 48 62 77 72 87 74 20 76 50 21 45 81 5 90 4 85 53 82 79 6 15 65 39 32 13 38 70 30 19 98 57 46 29 51 80 55 42 84 96 17 64 44 67 56 12 86 89 27 91 43
53 78 38 59 95 39 61 68 83 88 90 97 85 65 22 29 57 50 62 6 63 72 23 7 77 60 56 8 70 81 18 9 42 36 92 15 84 87 52 19 74 53 26 99 33 51 30 31 13 11 55 46 32 2
44 79 55 57 95 25 7 12 85 66 69 82 97 30 56 4 14 20 6 32 21 8 100 9 54 52 80 28 15 87 1 42 49 48 73 70 92 24 34 38 93 19 74 84 67
74 16 19 76 22 52 18 28 27 5 91 88 74 99 37 24 20 85 21 72 70 14 40 44 7 56 82 68 58 87 89 54 33 93 75 9 34 1 61 69 42 17 97 64 10 92 26 11 6 29 15 83 80 62 53 8 78 39 100 94 4 65 2 79 46 81 23 3 13 60 57 35 96 43 32
3 71 34 47
92 81 51 80 35 67 38 68 94 74 32 6 71 96 79 60 1 46 86 40 90 15 55 28 63 70 4 17 24 76 16 42 37 20 26 14 44 22 25 12 27 88 43 73 53 36 93 64 72 39 3 83 9 10 57 89 54 98 85 75 13 56 19 77 65 97 62 23 87 31 99 18 29 100 11 82 61 7 5 58 41 48 91 30 49 95 21 66 34 2 45 50 84
55 24 72 75 83 26 28 89 69 92 34 84 53 35 68 4 36 50 43 67 42 90 48 20 66 100 78 77 96 73 62 8 19 80 9 14 74 76 82 2 22 61 31 44 57 27 60 64 18 87 15 46 58 85 91 39
100 37 62 81 79 35 30 42 50 6 29 43 96 48 74 46 1 25 76 17 65 87 39 75 24 3 53 78 4 18 64 84 63 33 47 68 91 89 32 55 12 9 40 94 95 22 14 7 88 97 15 85 99 80 98 73 20 54 100 10 66 26 49 56 38 86 60 93 45 51 92 5 36 82 83 57 67 16 71 52 8 70 34 28 19 59 27 23 11 69 31 90 77 44 72 2 58 13 21 41 61
87 100 72 16 77 14 75 98 59 3 55 64 91 4 83 69 33 82 22 86 79 93 43 11 8 45 51 61 94 60 30 23 68 78 44 1 21 39 19 53 87 81 85 28 70 56 9 67 40 66 2 99 18 42 62 97 84 54 76 20 65 36 10 12 6 32 31 74 13 27 95 35 26 15 38 29 71 46 7 17 73 50 89 47 24 49 63 34
43 77 9 96 93 97 41 26 35 85 80 19 14 79 15 67 81 90 44 68 18 11 21 71 5 64 73 43 89 3 10 100 70 34 2 46 54 91 13 39 27 17 1 72
1 4
77 50 49 24 47 58 43 67 78 74 89 68 61 8 3 64 55 51 87 35 25 36 22 98 37 45 93 82 72 14 88 81 73 76 84 13 91 6 2 94 17 28 1 38 16 10 52 83 48 90 21 23 34 92 31 32 42 41 59 56 80 100 26 66 4 71 46 62 54 85 11 77 40 95 97 53 75 70
54 33 25 45 22 20 54 78 61 76 85 42 32 72 73 13 15 40 84 71 86 57 10 21 91 68 39 18 3 49 88 14 30 35 96 31 11 55 100 93 97 44 1 17 23 53 29 90 16 70 64 36 7 19 59
18 89 22 88 63 29 11 46 27 68 24 94 47 92 75 61 79 49 2
58 15 30 41 8 57 69 52 53 46 48 56 83 64 84 91 9 11 89 97 79 5 13 70 35 1 2 98 50 99 27 94 43 42 25 61 95 12 82 24 73 20 3 54 10 55 51 34 93 85 80 90 21 47 32 49 77 58 71
91 26 31 46 58 17 16 72 13 60 56 96 59 43 51 82 64 78 83 65 53 41 74 29 35 69 71 5 18 77 23 28 54 94 52 8 33 90 81 95 61 32 79 30 84 6 86 9 25 57 88 75 44 99 24 40 98 80 68 34 85 63 48 92 38 62 55 93 42 2 12 3 39 67 7 37 89 70 27 49 36 97 19 11 14 76 1 50 91 47 15 87
34 60 78 50 10 72 21 57 70 19 20 5 64 81 7 94 86 36 51 16 48 23 22 32 63 43 93 38 14 87 91 92 27 52 58
13 59 93 90 60 51 98 36 26 24 71 14 88 17
69 35 31 90 41 86 26 11 21 1 89 3 24 22 88 69 92 87 100 30 51 84 48 42 46 8 28 62 47 10 49 65 95 67 98 64 72 58 55 12 38 80 37 70 96 53 68 20 54 60 32 99 50 82 97 14 77 79 27 73 56 23 2 91 94 66 63 18 59 19
64 86 73 26 55 54 61 93 13 100 24 91 48 85 90 37 81 5 43 58 60 36 38 8 51 95 56 94 89 34 35 20 92 99 62 65 67 76 63 50 69 21 84 16 88 98 57 46 11 53 59 52 83 25 87 9 74 68 75 42 80 28 79 66 39
45 76 22 46 2 59 50 79 61 14 81 67 36 3 16 9 56 48 37 33 95 47 86 78 72 58 13 41 98 73 45 93 68 53 25 7 19 74 55 88 11 10 21 20 89 69
82 88 12 8 92 93 94 62 24 34 7 58 15 70 26 44 28 81 3 25 47 79 55 48 50 96 14 97 36 17 61 30 11 49 16 87 90 83 22 4 6 78 71 80 82 37 60 21 69 41 72 100 33 99 9 75 45 98 10 65 2 29 68 63 43 46 73 54 1 39 76 52 35 64 77 86 53 19 23 27 84 67 56
75 23 51 5 79 37 63 9 25 14 99 21 31 58 19 4 81 33 73 26 66 62 43 55 49 36 80 13 78 50 30 74 64 76 68 93 83 40 65 60 100 15 2 12 57 32 75 22 98 6 77 90 3 53 84 59 88 87 16 96 35 52 72 24 42 48 61 46 18 28 8 17 91 38 34 85
28 85 53 86 34 18 49 29 65 42 21 12 84 35 88 100 58 93 90 97 77 51 96 55 17 6 33 68 75
58 25 70 78 28 81 23 62 66 46 59 49 20 14 94 54 86 89 41 79 32 52 68 39 72 97 74 17 50 3 42 7 27 38 65 29 22 99 33 44 77 69 56 2 24 85 36 100 5 37 96 63 55 40 13 19 88 11 8
52 72 64 18 66 30 50 56 90 48 3 81 42 96 83 74 47 54 93 99 36 67 15 87 52 35 88 39 25 91 73 45 60 13 28 63 37 2 23 97 38 98 55 4 84 53 46 17 80 57 58 21 43
13 18 39 71 98 57 38 42 80 77 63 12 13 66
64 23 65 97 48 3 86 99 61 25 72 36 79 35 14 53 55 77 1 34 60 63 80 40 39 82 100 90 24 22 87 92 41 52 50 66 17 27 30 57 7 98 96 9 73 5 16 59 43 8 44 71 89 13 74 83 54 85 75 38 95 88 10 56 37
62 80 66 81 58 92 55 37 83 20 7 1 65 86 19 26 76 60 75 90 11 13 6 70 64 24 3 52 41 85 31 44 34 54 59 99 14 9 96 97 63 8 2 48 56 45 40 79 69 78 25 46 74 87 22 23 28 84 62 71 42 50 53
50 62 40 11 12 72 57 90 92 16 15 67 18 70 58 33 1 35 53 21 84 13 44 85 77 30 22 73 78 76 65 74 66 61 54 38 56 27 50 31 64 88 43 100 26 6 39 29 81 79 83
44 9 72 86 61 85 87 81 16 68 39 27 93 53 52 74 69 28 21 40 48 18 35 75 65 12 60 84 1 26 32 63 62 41 90 44 25 13 17 2 47 91 30 20 66
58 94 82 61 38 84 70 41 47 58 4 72 54 3 25 93 33 65 46 86 48 62 83 88 80 85 7 74 23 67 36 96 77 37 92 45 49 26 87 9 76 2 55 14 69 68 19 17 99 71 10 31 16 97 73 59 66 78 98
10 47 46 92 89 13 96 36 77 86 18
27 47 39 92 34 74 78 89 100 99 9 62 37 26 22 29 57 2 30 98 82 55 41 70 69 64 10 53
46 99 28 50 47 44 17 42 90 67 45 57 10 64 14 96 18 53 33 60 81 1 43 5 79 7 71 56 55 72 80 13 61 8 37 83 54 26 31 51 70 73 68 46 19 6 98
84 85 89 66 46 76 91 55 70 77 21 63 93 84 92 42 72 2 18 14 62 64 97 49 47 12 30 36 87 27 61 81 99 41 78 26 1 69 43 38 51 11 96 56 39 28 37 17 65 68 74 6 25 58 31 24 60 75 57 67 20 16 98 80 95 33 48 35 88 90 15 29 83 71 82 4 40 94 52 8 50 13 34 53 86
43 48 27 92 76 52 61 80 60 78 25 10 35 88 8 5 82 37 87 98 40 26 51 100 63 6 96 11 86 1 53 23 67 81 20 85 95 99 64 32 54 38 66 65
64 22 68 3 55 46 45 81 44 10 83 13 12 49 71 38 29 18 75 63 5 2 32 69 79 88 30 77 96 56 97 15 61 48 54 20 99 65 67 40 100 93 35 39 85 27 50 6 91 94 90 9 62 19 60 42 66 53 70 58 74 47 59 78 11
10 84 80 5 100 56 86 12 21 10 35
88 13 81 88 94 25 55 24 18 7 80 66 17 67 2 84 77 14 79 73 23 76 85 83 15 27 33 61 72 92 78 71 91 95 52 9 1 68 41 12 64 4 45 6 98 60 59 11 48 26 50 21 37 16 82 90 36 96 58 87 93 29 63 32 54 3 99 57 5 39 38 44 34 86 40 46 75 49 62 8 69 42 89 35 31 70 20 47 97
70 40 75 99 34 87 39 32 94 74 68 47 4 8 27 96 46 72 95 11 84 67 48 58 6 30 100 90 98 62 33 1 85 92 82 60 5 79 31 28 53 9 81 61 13 54 51 73 10 86 22 80 16 69 52 15 19 23 63 44 29 55 43 36 14 41 89 78 57 76 66
70 89 31 100 58 13 16 77 94 33 10 95 43 26 65 34 86 83 62 49 57 79 48 14 9 2 17 63 5 76 84 59 36 29 53 39 97 3 11 73 1 35 82 45 96 4 42 71 92 78 91 60 72 32 30 44 93 51 41 47 8 64 66 38 46 20 21 90 50 87 22
93 81 42 91 24 16 15 90 19 18 85 88 12 74 95 37 55 59 61 28 35 80 63 71 4 38 30 73 49 68 69 57 27 76 22 84 65 6 70 79 50 83 94 29 36 66 26 43 56 2 53 25 48 62 86 96 98 97 87 1 7 46 23 45 54 60 3 8 77 21 44 99 67 78 89 93 14 33 41 31 34 52 13 64 72 32 92 17 40 11 9 10 82 51
79 3 49 17 72 89 5 84 23 4 11 91 42 13 95 93 7 98 63 24 28 37 94 20 30 56 45 44 8 81 75 57 33 64 54 26 25 76 43 40 86 46 96 53 52 90 65 2 55 51 41 58 14 92 9 16 88 99 6 36 59 32 1 47 60 29 62 69 70 85 77 34 22 78 61 10 73 21 18 71
81 22 77 57 47 19 60 21 29 40 84 25 49 63 78 39 44 23 41 74 52 6 88 58 99 37 18 61 100 98 94 10 36 42 12 2 89 1 35 64 50 62 92 85 43 4 17 27 31 14 46 56 30 96 75 51 48 11 66 65 76 67 70 79 91 86 83 55 33 81 69 15 26 93 72 71 24 73 80 87 68 59
68 98 76 10 94 55 42 46 4 51 20 44 19 95 29 66 17 25 79 35 9 63 13 88 100 8 49 81 86 52 70 65 18 14 80 31 84 1 33 40 85 78 92 12 5 75 48 50 89 64 77 73 83 22 69 24 87 32 26 23 6 34 41 67 47 61 57 3 30
30 92 72 49 12 39 52 27 62 53 91 59 9 35 40 43 15 78 21 37 68 63 5 22 84 19 16 82 28 64 29
29 28 12 73 9 56 46 67 44 13 96 6 64 37 35 15 39 81 72 52 85 31 60 82 58 20 90 98 8 26
7 33 68 42 14 52 23 89
63 33 36 71 57 5 48 81 22 13 51 53 3 70 63 40 56 39 41 21 25 11 64 24 27 79 83 19 52 9 98 97 14 88 17 61 73 30 60 65 77 67 94 26 46 34 16 99 90 86 80 82 31 37 38 55 89 1 23 74 68 28 58 47
56 44 36 13 10 60 56 41 48 47 65 82 88 23 64 6 53 63 15 8 38 28 94 22 26 78 34 58 83 55 96 89 54 14 4 68 16 97 43 61 46 17 57 100 59 76 73 86 2 90 42 85 75 1 27 95 39
26 33 91 68 58 76 78 70 23 50 3 88 18 22 4 72 15 53 44 7 75 41 79 71 100 94 45
25 36 4 58 43 35 13 8 5 29 42 85 21 57 81 68 14 37 96 3 77 18 93 98 39 33
99 83 22 62 5 63 55 48 12 14 76 4 59 53 69 37 79 30 40 95 98 66 18 61 39 88 68 7 41 86 54 6 21 46 93 94 13 81 26 100 31 90 32 56 78 65 45 33 82 10 9 52 44 70 96 91 42 72 77 49 15 85 84 99 73 47 57 23 19 50 17 80 75 20 51 89 11 97 29 36 43 3 25 8 92 28 64 16 24 35 27 87 71 74 38 67 60 34 58 1
52 85 95 34 89 82 86 51 54 6 80 77 78 81 96 20 84 45 58 69 68 5 11 93 79 62 9 19 55 1 94 24 53 25 7 8 18 92 71 13 35 73 28 52 14 15 42 21 38 26 33 88 56
9 27 26 61 43 80 76 16 40 7
25 76 57 44 75 28 62 38 31 6 10 46 93 21 42 34 19 69 67 7 80 2 52 92 36 71
29 24 5 81 62 34 18 47 67 2 76 91 87 21 49 4 41 14 15 80 84 75 23 100 39 77 35 78 50 70
66 76 7 9 55 49 84 90 61 19 56 99 73 8 91 60 38 98 57 41 78 44 25 40 29 59 31 4 2 33 81 88 100 6 39 42 16 87 67 13 51 83 32 97 63 77 68 79 50 26 15 72 23 21 3 14 27 18 74 45 10 80 24 37 54 47 11
64 22 62 16 42 36 55 61 76 67 71 64 88 19 97 78 3 58 4 92 53 33 50 77 81 95 41 27 18 93 84 9 2 87 29 13 70 86 75 32 24 63 7 49 25 15 72 96 79 90 34 8 6 80 47 1 74 17 38 10 98 12 51 48 73
53 47 39 44 23 31 3 61 65 96 27 59 30 1 51 46 50 81 20 80 42 93 18 54 87 9 73 21 56 33 58 71 60 98 76 55 66 12 6 4 83 52 22 17 45 15 26 53 63 37 48 8 78 24
99 62 79 31 69 24 15 27 47 93 5 52 78 30 20 63 22 57 36 92 38 74 23 12 55 68 45 85 54 86 59 14 46 53 80 100 21 42 70 41 61 56 75 91 73 19 1 43 64 28 66 98 84 26 99 44 90 48 18 88 40 81 72 71 50 39 77 29 8 2 65 33 51 17 25 34 16 82 95 7 60 87 9 67 83 96 3 76 10 97 89 4 49 32 37 6 58 11 35 94
51 88 56 59 38 52 95 37 94 54 1 51 73 78 27 13 14 25 31 4 63 53 15 60 69 83 23 10 22 39 79 70 96 98 49 47 19 93 89 48 92 90 57 58 61 66 26 12 62 91 84 65
39 59 2 31 24 89 28 1 61 62 12 13 91 18 67 60 75 83 10 85 65 5 81 51 46 74 53 16 86 77 57 11 4 27 72 84 8 38 71 69
84 30 4 66 84 80 68 38 49 94 41 17 85 89 10 11 86 57 3 69 31 36 56 50 5 25 13 74 20 27 26 24 71 6 96 18 62 34 33 44 9 95 8 77 67 54 51 61 70 55 22 37 64 75 46 23 81 32 39 1 76 7 42 78 58 82 47 16 40 60 19 52 21 15 98 79 65 97 91 2 87 12 99 14 83
90 46 79 75 77 69 1 70 23 40 89 5 65 31 2 87 12 25 26 62 64 27 54 41 33 18 13 58 42 28 83 84 36 37 16 11 73 7 85 76 60 80 22 81 59 15 98 32 100 78 45 56 4 6 9 38 71 94 68 50 17 67 90 14 47 35 55 30 57 48 21 24 92 61 63 29 99 44 93 43 53 20 51 96 97 72 19 95 91 39 52
1 61
94 58 27 53 29 56 4 85 61 22 36 65 9 74 86 2 93 83 44 16 40 7 89 10 81 94 57 84 66 51 90 97 26 59 11 70 42 54 28 60 45 12 71 52 91 92 49 43 64 47 6 72 50 34 19 73 1 99 31 18 67 80 87 88 13 76 46 62 21 30 68 95 32 3 24 98 5 20 63 39 14 100 82 75 48 35 78 17 33 96 69 55 77 79 15
45 37 28 100 78 93 22 91 20 76 12 11 43 87 52 80 25 62 38 77 48 14 17 94 88 4 8 42 69 79 32 9 71 90 36 26 67 85 15 3 53 34 83 59 97 46
54 2 31 82 77 86 3 70 28 73 94 67 16 13 99 12 54 87 36 22 71 26 79 41 40 69 38 32 92 6 97 29 33 74 48 60 51 52 58 55 84 59 75 57 14 62 5 80 17 35 98 90 46 76 21
44 63 14 44 40 7 75 83 87 99 64 16 5 58 26 57 34 33 76 77 49 98 62 17 32 8 78 6 25 90 79 66 74 27 11 31 13 19 96 15 97 37 65 51 80
61 99 78 23 11 60 5 22 69 46 90 51 82 28 3 72 13 2 19 35 36 84 17 54 87 43 7 33 14 100 76 18 50 74 15 55 40 66 62 81 56 9 68 45 26 6 80 20 16 32 37 64 59 85 57 30 95 44 93 91 61 65
79 29 5 17 49 41 63 92 14 15 79 53 66 8 54 45 55 38 60 19 88 52 57 20 10 40 42 80 78 69 27 59 30 70 25 100 97 65 87 76 23 77 68 6 2 13 51 48 74 71 46 26 43 22 18 90 35 11 93 37 36 73 7 83 21 72 62 98 32 89 50 61 85 99 31 64 44 12 96 81
60 39 80 22 75 77 70 3 43 97 53 68 95 57 86 47 33 23 73 40 67 54 88 84 78 27 25 76 52 17 38 10 24 65 28 93 35 81 99 9 82 50 56 7 12 66 91 74 79 62 45 1 96 55 92 4 61 90 83 44 89
91 80 94 77 38 20 86 65 70 61 100 37 89 74 35 41 34 8 57 43 17 72 13 48 31 91 14 40 29 85 64 23 92 15 90 95 39 46 55 53 33 36 78 19 79 58 45 66 60 51 82 5 32 76 12 42 62 73 81 75 24 67 87 4 69 25 11 26 7 2 21 16 18 3 59 84 30 47 9 10 68 50 6 49 1 52 27 28 97 63 99 93
24 61 4 56 19 90 57 98 93 15 80 85 6 27 32 99 31 69 11 84 74 44 1 62 54
62 19 4 100 33 82 96 74 15 68 48 47 92 10 35 31 87 81 25 49 66 54 83 58 69 93 27 22 71 89 77 76 20 30 44 6 3 46 64 38 62 98 29 1 53 67 24 79 43 32 13 50 55 41 34 17 52 45 14 11 70 78 16
51 5 35 33 39 84 24 82 77 87 11 3 60 100 21 10 28 69 68 23 25 14 41 88 57 63 20 66 95 55 47 58 85 61 52 22 1 50 97 46 96 45 38 72 92 90 16 18 48 7 43 94
22 36 79 24 39 77 53 44 28 23 35 86 89 69 2 93 14 50 6 81 32 21 47
27 3 96 65 67 84 72 45 59 29 12 32 24 10 18 15 100 92 14 36 11 78 97 60 88 47 33 51
53 68 67 5 32 31 72 52 37 25 59 83 45 94 22 87 35 69 85 48 71 99 3 17 49 95 39 27 13 33 57 86 41 19 81 60 90 53 36 51 18 29 56 11 58 50 55 79 61 97 64 100 24 76
42 62 29 73 99 3 42 88 25 48 2 27 46 97 37 79 95 22 67 93 57 70 5 74 6 86 31 87 50 81 80 40 98 59 91 43 4 34 9 30 13 77 94
36 31 52 41 88 92 34 100 42 37 97 38 89 74 79 50 58 73 11 14 26 27 66 4 51 96 82 94 87 83 35 13 29 49 23 72 25
34 79 9 63 81 12 32 87 100 62 21 4 20 37 6 54 84 94 92 8 19 39 85 23 10 40 38 78 96 97 11 88 49 93 44
16 61 80 36 55 56 21 64 100 95 92 18 12 97 72 53 75
34 31 87 52 40 94 64 88 95 59 61 38 93 76 27 92 51 98 9 29 100 44 60 79 5 11 45 42 15 17 36 28 77 81 89
79 9 34 47 17 94 29 38 58 30 77 74 98 21 22 51 96 12 90 73 42 97 93 26 27 67 49 11 78 65 41 71 33 56 80 52 2 19 87 20 92 32 14 55 39 5 60 43 36 81 4 24 28 45 62 48 61 35 57 84 7 59 64 95 31 46 83 6 3 50 72 63 86 85 79 54 75 1 53 10
27 80 54 41 78 49 86 65 34 38 39 51 18 50 60 81 99 83 17 92 53 13 68 58 66 45 75 7
93 91 2 8 41 84 31 23 100 73 10 77 53 51 6 17 65 43 55 18 46 57 1 47 39 70 75 78 24 37 98 97 49 74 76 45 22 94 4 59 32 79 14 16 15 27 71 56 83 61 7 72 90 34 11 33 30 9 85 67 87 25 12 13 62 28 89 64 48 92 36 68 52 3 80 42 50 63 81 54 99 95 26 19 88 20 86 29 82 96 38 40 44 60
26 7 86 35 99 79 18 53 8 75 51 32 72 98 43 4 47 94 42 56 30 19 95 46 50 91 84
