100 100
37230 628 9 27836964 78196 2813248 44095 68957 9027 3187 2954930 89182 59210200 18 29232 410115121 94105911 3261965 61 537666121 3 4586 4366707 6 85382 84 199531 881792991 493 304742538 9059 67 11 285632 20 809936 42 59428197 937339 443 2 1175768 5 824 29690 5377098 39907 91648 17 61954 49921 508431 49409444 752 786915597 10 907887443 1 1 5139 1267404 877 966664032 85821 9102 8553231 7066 1 6 8 7 325413056 945291 56935925 2 14760 74 510225149 625765 1624130 674 95 78649830 52954 115 786 914 559935208 746 295479 396 60723 2001 62 701 5032 658748635 1390514 514 86014
46 58
76 12
64 30
68 8
93 5
9 77
59 21
4 82
67 45
76 58
45 61
29 79
51 95
86 56
30 3
17 60
15 55
35 86
39 1
37 19
31 68
36 85
23 100
22 43
14 17
31 65
7 34
72 2
49 42
59 4
21 17
68 34
25 4
75 26
59 13
22 33
91 82
85 86
52 51
63 56
27 31
46 37
65 6
8 74
33 81
3 91
39 51
42 90
30 93
73 75
20 99
5 46
93 64
59 95
27 66
73 84
41 50
18 50
94 1
73 79
84 59
45 91
7 85
30 35
46 9
64 93
100 61
41 53
62 57
98 43
71 91
96 52
8 94
52 36
46 47
26 80
59 47
84 3
80 57
81 97
15 63
56 22
5 64
81 79
76 14
62 35
81 7
13 52
96 20
11 92
24 38
14 74
6 39
67 28
75 54
2 18
81 20
69 7
8 94
36 79
100
96 37 41 33 78 42 99 1 80 64 76 95 63 82 71 9 85 61 30 52 84 50 17 3 86 43 58 4 40 73 53 92 27 83 6 28 57 77 7 87 14 56 93 35 22 20 97 32 47 54 90 26 69 89 46 31 44 81 2 19 36 66 75 38 98 94 29 48 24 49 100 67 65 96 21 5 72 70 23 8 62 91 25 39 34 68 11 10 18 55 16 74 79 15 51 13 45
25 80 30 57 85 81 50 67 78 13 48 88 84 1 76 97 62 44 37 11 69 43 47 8 28 33
87 92 54 7 63 21 76 64 99 67 74 38 100 45 75 78 86 23 40 90 39 31 17 4 57 26 35 42 50 51 52 24 88 61 60 22 91 62 65 3 68 5 10 33 28 1 95 12 79 14 93 49 32 11 25 30 20 53 18 58 83 69 37 41 48 82 94 44 84 47 73 27 2 6 96 71 15 43 89 70 29 98 46 16 97 77 55 56
31 86 47 5 81 9 28 71 80 55 45 98 57 77 30 59 2 31 63 51 44 97 96 66 18 85 93 17 78 56 52 4
24 80 50 29 33 27 76 60 13 56 82 58 62 18 66 77 8 96 95 6 52 26 37 73 20
37 42 40 52 24 83 74 79 51 67 61 29 27 48 14 89 88 60 30 70 37 81 19 53 45 73 90 91 8 38 72 82 6 62 64 47 28 71
4 32 19 43 14
49 6 48 32 73 70 72 3 37 65 24 80 78 18 84 68 61 96 27 74 53 99 90 89 91 86 22 5 49 14 1 16 100 67 15 29 9 42 95 77 97 47 21 51 20 87 58 71 8 85
20 79 82 2 18 3 73 14 39 28 7 80 96 34 38 50 74 65 87 13 33
40 93 46 65 89 38 21 77 43 26 75 7 76 28 14 87 54 35 49 8 84 64 83 53 24 5 90 2 1 62 57 71 50 10 44 25 58 27 16 47 95
24 10 48 69 66 58 97 19 26 85 31 81 50 32 36 7 80 1 62 65 5 73 23 38 59
81 18 27 80 72 56 16 24 44 32 64 59 90 55 47 87 28 79 75 100 99 84 30 33 9 29 36 13 23 92 38 26 8 88 77 65 63 43 31 25 34 42 82 60 70 3 61 98 68 46 10 7 54 76 6 78 81 53 69 94 52 49 71 15 2 83 57 12 19 4 85 37 48 20 58 5 45 41 96 17 51 50
28 7 28 98 45 58 39 42 93 62 97 59 37 53 83 79 91 87 74 10 33 20 23 19 75 29 63 6 27
49 56 8 19 85 46 37 68 12 77 50 98 13 36 62 41 43 49 54 83 76 22 39 97 14 94 64 16 4 48 44 72 69 1 70 86 100 30 73 18 57 93 87 55 34 35 31 96 2 28
37 76 47 20 28 54 93 8 13 51 78 3 86 87 50 5 84 35 80 69 74 57 64 12 96 49 91 38 58 83 30 77 85 16 81 100 15 97
11 83 66 53 45 77 54 3 26 21 18 68
15 18 59 100 11 36 39 95 26 73 91 12 47 14 45 96
77 51 33 93 81 5 20 44 15 89 3 9 68 12 90 10 97 73 94 70 62 47 79 78 60 98 95 40 67 32 4 46 31 54 14 87 30 80 18 48 8 13 53 11 77 91 64 55 38 52 28 35 85 24 63 76 25 16 61 57 43 100 26 84 39 96 34 22 92 23 37 66 1 36 45 99 50 83
12 52 50 30 35 32 85 37 81 51 72 70 13
39 15 16 25 33 18 28 26 11 6 3 85 81 99 92 67 57 44 98 63 23 39 30 38 8 47 48 94 75 73 54 52 7 45 34 10 22 51 59 24
46 75 13 40 44 67 89 95 49 57 91 30 48 23 96 68 83 47 26 41 81 65 46 66 39 51 19 9 84 15 36 21 56 38 73 69 88 24 20 33 45 86 54 16 61 3 37
52 32 95 34 6 46 25 57 35 82 36 38 92 87 55 1 27 96 12 75 62 22 33 42 77 54 48 91 11 97 14 3 26 79 88 94 17 40 64 81 2 78 30 39 23 100 8 18 50 59 31 47 52
94 1 4 3 45 14 16 51 28 49 86 59 26 79 10 8 50 64 84 38 66 25 81 97 91 39 89 42 63 52 71 44 41 24 85 23 18 21 75 2 68 37 58 13 72 80 74 32 46 15 6 19 60 35 36 61 29 20 54 30 27 11 100 55 56 31 87 70 5 96 40 9 95 88 98 34 67 7 53 69 92 65 94 43 33 47 99 48 78 90 17 83 57 22 76
11 57 48 99 87 10 36 61 75 30 71 97
5 20 33 1 4 14
5 5 72 93 61 60
6 29 96 19 31 77 44
43 3 25 12 23 1 94 9 28 16 90 10 14 20 31 7 69 34 87 72 48 93 100 88 37 73 52 84 99 44 53 32 95 21 51 75 38 63 18 82 56 22 79 76
82 4 21 85 65 34 80 13 28 31 2 25 22 73 74 17 18 7 43 56 87 50 92 29 44 60 55 5 67 68 64 75 59 36 46 63 40 88 99 20 47 82 70 95 1 39 38 93 66 78 11 57 12 35 71 81 8 58 23 3 69 96 76 41 83 100 54 26 91 84 19 94 72 15 49 90 24 53 77 45 9 52 48
53 4 3 67 81 75 86 35 77 7 87 85 69 5 51 64 83 42 44 11 15 36 41 16 52 53 56 18 21 99 47 17 76 27 82 55 20 72 78 1 74 70 92 12 50 19 29 98 66 58 32 39 97 23
30 53 71 67 27 9 13 49 42 72 75 23 96 77 94 93 57 98 83 34 78 2 99 55 56 61 81 54 28 68 19
6 90 99 17 2 50 66
73 12 88 22 26 61 27 65 71 20 24 44 66 70 14 38 1 50 15 95 13 76 32 64 58 93 89 8 100 63 21 75 2 85 52 51 69 41 7 25 79 49 90 77 92 78 43 42 45 29 46 67 73 68 94 53 82 59 60 4 91 37 17 3 81 55 84 62 54 10 86 87 23 97
8 71 56 65 30 84 51 97 99
78 37 29 92 70 23 89 97 11 54 75 64 7 73 91 47 25 32 19 34 48 79 9 4 68 98 15 59 27 20 35 43 22 90 52 18 81 100 76 99 69 55 87 42 46 57 80 60 51 36 6 93 63 71 39 45 13 14 8 40 17 41 12 58 24 31 28 21 50 38 67 65 56 61 74 10 88 53 84
27 61 68 42 67 65 26 37 80 62 16 69 53 11 25 19 14 50 46 92 10 24 34 83 58 73 90 35
55 75 90 6 34 88 76 42 20 91 45 18 16 46 98 7 68 49 43 78 22 51 58 69 67 99 55 39 92 12 81 14 5 54 96 10 44 83 19 100 56 93 35 4 50 60 63 97 17 87 40 82 8 9 53 26
62 1 10 84 90 21 49 54 15 5 91 37 28 47 76 100 50 7 4 81 33 16 52 19 24 29 9 74 35 46 97 66 55 83 88 44 72 31 30 11 18 53 6 64 67 92 39 96 51 38 86 13 89 34 65 73 36 61 41 56 43 17 99
20 36 28 16 11 61 26 46 86 75 6 99 71 79 17 65 58 41 93 25 91
41 22 45 65 98 59 62 88 55 46 48 73 32 1 13 77 60 54 4 90 72 75 49 38 99 6 11 82 37 47 64 74 5 53 96 83 16 40 35 23 43 19
92 84 95 97 42 7 40 36 18 86 41 55 44 53 99 9 77 73 32 11 62 43 38 78 90 50 96 6 91 89 8 48 13 33 81 21 57 16 80 67 93 31 79 59 76 2 61 14 34 94 45 65 4 85 64 3 24 30 92 72 15 70 17 39 75 100 12 83 49 46 88 23 74 63 37 10 66 20 98 5 25 87 60 56 35 22 27 19 68 54 1 28 82
93 70 15 18 48 82 95 44 89 76 78 62 84 67 19 12 51 92 55 8 88 29 2 97 7 75 24 25 35 90 81 46 86 6 58 23 85 38 10 27 66 26 83 14 37 73 20 5 28 9 47 45 50 22 1 21 30 93 17 100 36 42 11 40 72 41 77 87 39 59 31 56 65 96 16 79 69 61 43 4 91 33 64 54 80 71 49 57 32 94 60 53 52 13
69 54 36 87 18 40 15 99 77 58 64 60 11 1 44 62 41 67 61 75 65 55 70 98 30 80 32 63 19 37 43 23 94 95 33 69 73 89 21 46 20 74 76 52 39 68 31 79 48 84 25 17 2 3 47 29 50 97 34 28 9 45 81 85 72 35 16 42 53 88
82 49 32 51 71 81 80 17 87 46 91 3 40 30 22 74 61 25 2 31 43 50 85 37 9 59 44 77 92 99 15 42 8 29 96 5 97 36 70 100 86 12 34 24 73 4 21 11 64 68 79 89 94 54 60 18 39 41 27 19 45 98 93 6 84 63 13 48 38 23 78 76 66 33 7 57 14 20 53 83 62 58 82
99 50 86 9 31 27 56 57 4 62 48 16 21 65 54 78 45 44 13 6 40 5 96 32 63 80 69 47 11 24 7 52 60 36 33 85 26 14 89 92 25 15 8 37 55 79 99 84 46 41 18 75 91 19 12 39 68 88 20 93 38 94 49 2 77 100 23 90 53 22 95 34 17 81 59 82 58 72 64 71 97 83 66 42 98 35 43 74 76 29 10 1 3 61 87 51 67 70 73 28
4 60 13 14 35
57 87 52 37 5 10 15 7 16 66 86 84 6 85 62 4 77 100 12 2 60 68 25 51 30 53 39 80 31 83 14 92 90 19 43 64 54 11 34 27 97 1 36 61 42 76 38 32 78 21 26 33 29 47 91 44 74 3
13 63 36 66 29 34 70 72 4 65 13 37 85 35
62 68 5 28 72 40 9 75 22 18 91 93 14 80 52 97 8 96 11 54 95 81 35 49 78 86 1 13 48 99 62 23 6 98 58 77 88 39 37 84 17 19 85 2 32 83 33 59 63 46 76 92 25 44 4 65 61 74 79 56 30 24 73
70 90 27 88 10 84 94 29 38 71 66 34 70 93 15 65 63 100 22 89 85 37 43 35 2 69 11 42 81 53 68 78 91 39 28 79 55 62 87 86 36 41 9 58 19 76 18 75 20 17 33 4 61 82 6 32 3 23 14 51 24 31 1 72 73 67 57 59 60 47 52
88 74 99 2 55 10 23 38 37 58 27 68 65 35 36 11 100 83 94 75 5 90 51 40 8 85 71 98 45 52 84 81 92 47 19 78 73 97 63 76 72 21 44 43 26 82 61 9 91 18 34 93 49 29 12 4 89 42 6 70 59 48 87 3 95 53 33 50 41 31 66 20 16 17 46 1 32 54 86 24 13 57 22 88 30 79 80 14 67
31 6 80 51 96 9 17 94 73 18 50 77 78 34 5 21 24 13 36 26 93 42 57 47 16 49 53 76 41 43 68 44
89 60 58 56 95 26 24 33 37 66 70 41 23 45 54 30 5 39 76 96 9 86 98 32 87 29 71 34 55 16 21 35 18 11 75 72 82 67 20 84 13 85 79 83 43 40 42 28 49 7 61 25 44 36 10 100 92 91 88 46 93 99 68 15 19 59 6 1 78 97 17 14 4 38 53 69 63 73 48 89 31 12 50 2 52 62 65 22 47 77
29 10 26 18 11 85 41 91 12 69 73 21 34 39 79 20 72 29 43 27 46 47 24 86 48 59 62 45 38 88
100 37 20 66 73 2 57 70 25 60 34 86 39 48 38 51 6 98 65 64 74 59 76 90 52 99 83 82 7 96 61 88 68 40 81 97 45 28 29 11 80 67 75 56 46 26 23 24 42 69 79 32 47 33 10 17 72 95 53 4 85 16 41 1 14 78 18 91 12 35 15 44 31 77 30 84 50 21 58 71 55 9 63 8 36 22 43 19 87 92 93 3 100 49 94 89 13 62 27 54 5
40 61 8 81 22 26 95 57 62 96 91 12 10 97 69 27 40 21 78 33 45 79 54 28 48 44 9 41 87 29 89 30 3 50 76 31 16 85 77 73 7
33 55 14 99 69 87 10 42 12 41 100 98 62 19 68 37 84 76 23 20 89 61 90 47 53 13 67 85 59 73 30 82 46 38
74 66 89 50 46 37 92 12 53 47 25 51 87 36 27 71 60 29 73 39 6 4 96 54 99 42 5 63 35 22 72 20 48 23 41 11 98 84 86 90 56 33 85 94 3 58 45 24 81 18 74 43 70 82 16 77 75 97 62 34 65 10 17 55 64 7 93 15 95 80 52 30 26 91 14
3 57 8 50
31 89 72 94 39 10 54 15 99 2 79 95 57 61 82 58 83 11 81 8 98 65 9 69 70 59 71 52 92 36 38 78
65 71 4 42 92 45 37 70 14 76 9 24 47 52 11 80 50 89 87 29 72 27 54 18 6 34 25 39 77 86 100 78 68 15 40 84 35 51 26 1 98 57 91 67 7 41 49 94 2 85 55 81 21 22 20 96 36 79 12 30 62 31 65 53 3 93
21 84 78 98 65 24 48 34 59 70 27 94 82 8 12 79 30 43 10 68 45 96
100 55 11 25 10 80 48 70 98 57 36 7 77 22 93 34 23 66 31 74 9 52 84 88 42 86 91 49 51 43 94 100 32 12 81 28 46 62 83 8 82 40 95 5 21 20 87 17 41 59 97 68 47 75 16 1 53 76 50 4 33 37 27 63 72 69 85 71 26 2 45 65 58 35 79 54 19 67 60 96 14 38 24 64 30 89 56 90 44 13 39 92 3 61 78 99 18 6 29 73 15
12 5 78 69 27 45 36 67 31 51 91 2 93
32 39 55 28 86 71 7 13 26 79 15 10 56 91 33 42 88 94 47 82 97 52 35 78 25 19 76 41 12 83 40 21 20
31 4 10 24 68 20 88 32 45 57 16 14 53 86 75 48 44 8 5 22 52 61 23 43 31 17 41 62 12 25 65 37
53 89 71 75 37 93 26 33 23 3 51 49 47 73 94 80 69 87 90 67 22 83 99 40 97 11 10 88 9 54 19 5 46 24 64 76 39 44 1 100 59 63 42 41 58 48 52 57 77 20 45 8 36 38
27 59 38 98 96 26 17 84 69 25 39 33 87 46 31 63 65 5 45 70 52 76 7 91 44 41 82 48
32 79 78 90 70 17 86 96 39 81 5 11 67 16 87 38 84 13 52 7 25 21 49 15 72 61 83 33 51 89 58 22 27
97 74 36 30 11 52 21 4 71 50 91 53 67 33 83 65 23 51 49 38 46 32 34 1 57 28 90 43 45 70 6 26 78 61 86 22 8 42 56 76 18 10 97 29 5 95 69 31 68 25 2 47 7 44 3 63 98 24 100 62 60 85 64 89 84 15 92 59 40 41 79 80 9 37 35 39 93 14 82 55 16 96 48 77 54 87 94 58 81 20 17 66 13 19 73 75 99 27
49 84 99 69 74 21 54 16 5 96 88 28 25 42 17 73 90 60 20 67 59 36 52 15 3 85 97 55 92 79 45 81 61 48 37 23 51 86 11 83 24 6 100 46 7 29 30 50 82 19
81 68 7 40 39 53 16 18 21 81 42 46 31 80 59 25 63 98 74 32 89 36 51 48 92 19 79 14 15 58 6 49 85 95 3 2 26 90 29 86 93 70 44 22 52 61 20 41 67 35 83 94 84 5 99 100 9 23 91 71 65 55 60 69 8 34 88 77 96 57 10 82 56 12 76 33 13 97 75 4 30 87
13 20 70 31 56 67 47 97 92 15 14 94 66 64
1 32
39 43 59 9 92 15 22 69 8 64 66 61 71 13 53 25 4 31 40 47 99 50 11 80 23 24 97 2 94 5 36 17 37 83 45 86 68 88 51 12
14 28 97 99 73 81 85 25 26 62 39 6 2 30 38
21 14 16 85 30 79 90 60 24 81 47 89 72 6 96 12 62 93 8 10 100 53
19 53 100 44 9 62 45 71 70 65 64 15 88 94 81 67 41 36 93 3
49 99 57 16 61 32 31 77 66 63 7 96 84 55 34 78 90 23 21 14 24 82 59 45 22 87 100 91 74 6 50 42 2 64 38 67 27 95 13 47 80 28 56 75 86 73 3 10 51 53
98 50 77 16 46 1 56 4 48 30 53 34 3 23 52 80 68 7 27 15 93 9 25 95 5 44 59 67 29 20 70 28 19 75 79 18 72 11 65 62 14 99 8 74 61 21 35 43 66 97 55 94 73 32 90 98 31 49 2 40 83 87 71 96 41 33 36 6 92 42 89 84 78 37 45 22 82 24 60 88 17 63 54 10 86 57 38 51 47 13 64 76 12 81 58 69 91 26 85
84 66 59 84 20 69 18 92 25 40 99 54 53 44 14 64 70 28 8 73 13 83 93 35 38 79 90 82 89 80 4 31 6 72 67 26 63 94 52 43 48 23 96 19 65 45 87 9 74 88 49 71 21 60 100 56 81 2 34 41 75 27 78 33 15 32 95 76 7 39 37 98 85 12 46 62 61 24 17 57 30 86 68 91 97
15 97 14 22 51 96 5 68 72 42 94 39 46 58 62 74
83 58 2 23 86 29 44 4 66 51 31 64 57 90 39 17 10 100 79 21 3 53 49 27 69 14 43 34 52 28 84 76 24 42 50 81 73 18 62 47 48 88 72 98 26 60 67 83 35 97 46 54 68 32 20 78 99 85 25 96 1 22 63 93 41 70 87 8 37 9 15 33 94 13 16 89 7 92 59 19 40 75 74 6
21 48 47 37 99 92 91 6 51 38 60 16 89 18 59 35 8 44 66 57 3 62
77 21 72 61 94 38 90 26 27 50 45 63 52 23 62 85 39 47 82 42 67 20 81 6 76 77 100 59 73 22 92 17 97 55 4 51 3 75 14 95 7 37 78 11 69 57 8 87 9 32 41 48 56 40 89 54 66 33 13 64 65 60 43 58 19 53 31 2 34 74 68 49 1 46 28 16 30 79
98 76 62 89 3 44 34 1 61 7 22 90 56 50 11 46 8 51 58 99 42 10 84 69 9 65 91 66 45 57 78 39 81 93 32 27 16 98 20 67 43 41 36 77 75 80 37 28 4 31 68 15 2 21 70 23 73 71 59 33 92 100 72 95 63 82 48 17 83 5 47 74 97 60 54 6 26 35 40 85 13 79 30 53 49 64 12 88 24 14 38 96 86 94 29 87 25 55 52
60 13 31 29 19 66 95 8 12 86 23 52 92 75 67 100 61 38 63 7 70 28 18 37 20 25 3 17 91 22 58 83 78 33 87 98 11 76 71 93 85 34 35 26 47 69 10 57 41 5 51 59 43 96 30 53 55 90 27 49 39
15 67 69 21 86 18 68 61 81 19 58 38 43 98 87 76
23 22 56 29 15 88 80 11 48 67 74 84 17 14 45 62 72 89 83 99 70 1 47 66
59 46 64 36 70 94 35 76 15 39 81 63 6 53 82 66 73 57 44 65 83 47 55 27 87 75 78 1 71 41 99 38 59 95 54 79 67 92 49 56 19 100 51 30 50 90 77 9 86 69 88 96 58 97 23 3 62 7 91 40
79 10 13 42 56 47 49 73 29 33 69 81 59 61 7 78 53 17 68 90 9 48 86 30 80 11 20 55 60 67 37 32 66 52 98 14 23 21 94 35 72 36 82 22 74 45 83 64 93 8 77 91 62 71 75 15 12 40 43 100 2 50 88 39 16 26 92 99 1 54 76 25 87 27 63 5 96 65 38 58
28 26 57 43 37 21 88 75 60 55 32 53 42 47 59 44 77 20 27 52 54 83 35 49 33 100 61 28 96
98 87 45 28 95 32 77 69 54 89 38 58 24 27 4 29 92 10 64 59 43 79 55 42 86 46 12 18 50 83 67 84 78 8 76 35 96 48 14 85 3 81 31 52 88 94 99 17 53 73 44 91 36 15 70 56 25 80 39 37 22 72 60 34 19 90 40 49 75 82 97 20 21 2 6 41 11 65 23 16 63 33 100 74 7 30 1 62 71 68 51 61 66 5 93 47 13 9 57
28 20 85 79 99 36 34 8 38 74 58 63 27 5 45 52 21 70 94 59 50 14 48 33 16 81 23 80 93
81 25 76 36 23 44 5 75 35 46 58 91 57 60 45 9 80 30 33 55 56 17 50 99 31 51 70 74 72 63 54 85 86 19 4 38 94 1 81 22 41 27 11 69 97 90 96 26 89 37 40 32 82 34 29 16 24 39 47 14 71 65 3 95 18 78 62 7 15 13 93 100 12 67 21 73 2 87 6 43 84 42
60 56 51 60 13 2 38 98 17 27 7 53 81 59 80 16 55 96 3 57 9 67 47 8 6 34 44 20 11 22 25 39 63 5 88 84 68 23 28 4 92 62 30 73 74 41 89 45 61 14 42 24 15 87 93 82 35 43 100 10 12
15 96 50 55 26 41 92 51 88 82 84 67 91 49 10 62
25 13 50 30 10 100 51 79 7 16 31 93 48 77 70 67 55 33 22 44 19 40 96 98 54 14
91 4 93 39 84 73 81 15 35 91 22 79 88 46 10 55 37 31 83 48 100 51 44 68 76 60 45 86 94 3 16 24 61 36 54 98 20 40 87 38 56 52 72 18 21 82 32 97 25 49 71 19 57 67 42 59 69 58 70 13 6 64 77 92 27 89 34 17 11 85 90 47 29 95 30 8 96 65 80 26 62 63 74 66 53 5 41 50 99 78 28 1
58 6 34 11 54 52 73 17 74 41 99 19 83 76 27 29 92 44 87 78 89 8 79 91 10 81 86 75 36 84 51 53 1 12 5 55 72 88 96 58 64 69 93 18 24 48 80 40 67 30 100 71 16 15 13 49 4 21 45
