100 100
10 5890433 979040332 3706 219447196 367600387 74 384 186109 78 3700272 7511 61032018 618 235 3622921 998 2744868 342768 85779 62504 6 49299197 4884 5063463 5922955 9955 29150 41919169 1641 4007 899670462 44855483 25 6461 910 155 2 8 600 31446841 842814 14100695 107528196 5474 5089717 6315 789 4591 9460725 2 88183 134068 4 6951 99371819 6621572 74 555072 99 334590851 16484 269025963 429 7807796 31623894 4614 770154730 657189 2766498 2055153 74 8 981760264 51 94 575001713 3984074 5303112 8878 3751182 2063913 489 49780 75282311 9529407 6 7411367 10 92883 59929641 877227288 64239 948907468 710869113 81078 2783277 141 18 1
16 52
100 77
38 59
84 13
95 39
56 93
52 76
40 79
17 6
79 20
88 2
49 65
20 10
5 41
54 98
27 21
77 64
55 88
84 15
18 91
24 22
65 46
7 68
38 55
9 61
94 97
99 45
31 24
30 32
28 75
45 53
62 26
32 1
45 4
92 2
63 44
44 21
41 19
97 76
49 29
51 3
11 18
54 8
48 82
64 21
66 52
47 53
78 73
77 74
66 43
28 49
38 12
71 38
78 1
50 26
77 27
3 23
80 61
94 14
51 43
53 14
72 30
88 51
25 64
68 78
13 52
31 55
89 15
99 13
7 49
61 75
1 43
34 97
27 68
28 92
22 68
4 30
59 55
95 34
33 43
27 18
65 88
39 30
58 51
86 34
87 76
72 17
99 100
6 8
61 17
56 13
56 89
31 90
84 25
44 43
60 71
15 74
46 83
2 31
95 58
100
38 82 17 76 72 80 54 100 34 91 1 29 12 66 50 97 31 41 52 3 63 26 84 27 75 18 47 71 59 5 96 77 15 56 53 2 43 25 74
30 18 96 9 21 89 78 7 12 30 69 25 8 76 61 86 68 91 46 10 85 40 84 14 67 26 82 16 62 50 80
3 56 52 83
78 33 23 10 61 63 40 36 71 44 20 67 30 83 73 42 76 87 64 70 24 53 77 11 31 46 25 32 59 12 21 37 98 15 78 56 75 90 86 62 50 54 74 88 51 47 82 91 3 80 96 60 28 93 19 18 84 89 48 17 99 100 95 68 34 13 97 41 72 57 16 14 49 52 81 45 4 39 35
97 87 42 5 96 36 30 62 41 39 22 54 74 25 51 72 1 84 24 46 14 13 49 29 99 38 23 4 80 27 47 64 37 43 69 91 15 83 20 56 2 18 66 94 59 95 97 86 11 71 32 9 89 48 3 92 19 52 60 73 93 10 16 12 77 17 82 85 6 7 21 90 45 68 67 50 8 70 75 65 63 28 100 55 61 98 58 44 78 79 76 34 40 31 53 26 57 35
57 74 50 68 30 54 24 83 42 89 49 67 97 92 70 2 63 87 36 53 93 8 37 56 19 17 46 28 55 44 13 15 71 43 59 95 99 75 33 14 38 86 51 32 84 91 69 60 57 96 76 72 12 34 73 64 82 90
43 37 24 8 41 97 44 94 62 10 26 78 17 33 57 82 13 6 63 91 76 15 2 98 25 93 75 46 45 5 84 34 39 79 51 50 16 60 100 9 1 30 52 35
63 30 89 63 47 87 51 50 21 14 8 76 71 95 18 73 19 59 29 75 66 54 2 34 60 93 68 9 46 16 23 90 83 39 28 35 65 52 5 41 7 20 4 44 38 92 26 69 36 88 42 72 97 49 82 27 43 12 62 94 64 24 17 96
28 68 86 12 5 74 48 96 7 22 18 59 99 10 51 64 14 60 20 26 30 69 42 62 46 57 15 72 71
39 100 26 31 90 27 79 84 44 85 49 50 71 99 1 75 80 34 98 67 48 76 4 86 12 36 92 51 47 69 33 43 82 52 41 53 78 35 37 42
51 49 76 96 92 11 24 94 44 18 37 72 57 54 7 26 35 8 60 89 84 77 34 32 79 52 61 87 91 39 95 15 21 67 4 78 29 55 10 65 38 69 16 19 36 30 62 22 64 80 88 3
25 94 31 40 71 22 1 65 36 42 99 10 98 38 37 48 12 72 50 66 5 53 47 18 28 89
34 62 22 20 53 94 6 43 2 84 15 7 18 17 45 46 34 59 96 9 12 26 71 28 92 78 85 54 4 63 37 95 35 89 36
73 62 97 53 36 75 46 23 69 100 54 40 51 50 28 77 2 67 92 7 83 39 41 26 95 43 20 55 19 88 73 32 79 49 44 63 70 35 12 89 45 68 78 76 91 56 42 21 4 74 22 24 82 64 99 1 59 81 52 80 6 58 9 57 29 17 47 5 8 48 90 15 96 93
72 30 14 52 20 2 9 69 40 72 79 15 94 35 91 78 11 56 4 7 82 8 100 19 99 90 70 27 1 36 84 68 43 18 47 55 71 62 88 25 34 54 83 57 21 66 48 93 74 89 5 33 80 58 16 53 26 6 87 65 45 61 51 77 85 59 76 49 32 44 75 64 24
47 84 41 66 49 53 61 57 75 5 82 35 18 96 22 15 77 40 33 39 7 29 95 71 9 17 21 38 74 64 70 20 48 23 45 11 76 62 51 52 69 56 2 73 14 36 26 90
92 60 82 69 71 80 34 25 74 9 11 33 26 59 32 27 28 2 63 15 94 21 47 76 13 95 77 58 86 68 45 88 23 53 12 29 3 18 72 65 84 17 52 51 41 40 46 48 56 8 92 90 70 89 6 24 78 96 10 43 35 1 75 67 38 100 91 16 98 30 55 79 61 22 85 49 50 87 39 19 14 73 54 4 37 93 7 64 44 99 42 81 66
68 76 91 100 50 64 7 39 65 22 74 60 27 73 30 4 9 47 52 98 69 42 67 24 15 90 80 58 46 51 62 86 61 29 56 16 93 3 18 31 95 59 10 87 40 43 81 89 44 26 14 1 32 92 5 2 84 68 13 78 19 79 70 55 34 97 6 21 11
97 43 39 25 65 14 91 49 83 76 94 1 55 12 5 57 24 33 20 32 42 18 31 4 92 86 53 70 6 19 13 82 7 87 80 63 95 69 48 10 72 9 59 34 56 28 62 45 89 84 38 41 74 46 27 78 61 75 58 50 22 54 8 97 52 85 98 35 3 90 29 11 51 15 67 2 71 17 60 64 77 93 81 96 73 100 68 79 26 36 88 66 37 47 23 44 16 99
40 92 18 80 100 50 88 58 39 67 95 83 66 14 7 86 85 94 76 61 77 5 62 2 24 12 27 99 53 23 93 38 74 81 49 55 57 78 26 30 64
9 49 11 2 99 1 44 12 78 39
97 19 94 62 1 40 13 28 55 42 9 25 54 100 64 45 86 4 27 96 11 57 59 90 8 66 34 82 58 44 17 56 53 75 65 30 15 79 50 23 68 51 85 70 99 26 78 16 81 91 88 87 2 98 7 24 5 69 74 60 97 49 3 72 46 52 76 43 61 93 89 32 83 21 33 73 10 67 37 31 77 14 38 95 35 29 63 20 39 36 22 92 48 6 12 18 71 80
89 50 19 1 45 62 44 49 56 46 15 47 48 18 64 8 14 91 23 17 25 78 73 6 81 70 58 21 34 30 32 68 3 95 41 5 82 75 83 61 76 85 99 60 27 54 38 77 69 93 28 12 52 89 26 59 100 80 36 33 66 67 57 11 43 98 84 20 39 40 65 63 88 22 10 71 2 72 92 42 7 86 16 96 24 79 97 90 53 29
47 5 44 3 64 4 94 8 71 75 10 7 9 87 22 68 73 70 53 21 55 36 37 39 81 18 72 49 16 67 28 60 63 78 50 23 20 69 57 92 13 38 42 91 26 35 47 11
26 14 51 68 31 72 2 98 89 71 34 35 47 33 67 61 65 45 18 73 64 90 69 84 3 91 41
94 8 15 72 86 20 60 61 29 74 49 100 71 59 25 90 82 79 9 95 2 23 64 34 73 85 39 63 7 94 70 99 16 81 62 45 75 12 98 21 47 31 52 69 43 5 38 76 19 37 93 48 88 36 46 24 28 80 44 18 56 77 92 17 42 87 96 27 91 68 6 97 84 1 58 22 3 32 51 10 33 66 53 13 65 35 83 41 11 30 4 26 89 14 50
43 47 6 67 35 52 77 78 89 14 55 27 83 22 91 17 46 11 72 8 26 70 95 24 71 84 3 39 18 94 60 75 76 97 86 32 21 44 81 15 34 65 79 43
59 3 7 66 94 38 77 68 99 42 6 91 74 2 12 13 90 52 47 63 62 50 69 59 41 23 20 88 11 57 85 44 16 28 72 70 95 78 92 56 58 73 14 48 55 76 15 51 79 98 17 21 81 30 27 54 86 82 26 93
34 86 1 54 24 89 22 23 64 38 58 57 25 56 81 95 29 67 2 97 7 66 37 82 47 93 68 26 8 14 5 15 83 65 99
12 61 11 65 94 49 1 2 44 31 95 46 38
97 10 49 91 71 93 99 5 57 43 39 38 48 22 9 13 72 50 41 67 46 86 100 36 18 11 3 7 84 42 1 34 63 82 24 15 2 30 77 45 4 51 62 35 23 8 97 87 89 96 94 52 53 44 29 47 98 75 65 6 61 37 16 28 26 90 58 40 88 79 66 55 31 83 70 56 73 60 32 64 68 69 33 74 59 25 27 54 95 76 80 12 17 78 14 19 81 92
4 4 3 35 84
57 93 15 92 13 59 75 8 43 86 97 34 2 90 84 28 69 32 65 91 98 62 100 88 81 54 18 4 58 39 99 36 6 51 7 52 78 83 47 70 57 5 60 66 9 77 12 50 38 26 80 64 68 73 20 29 25 72
47 68 25 7 71 59 53 86 35 8 33 93 74 50 80 37 14 70 11 82 63 6 94 28 34 5 58 40 66 48 15 1 21 84 44 12 67 2 60 10 31 91 3 47 32 18 38 85
4 82 39 30 24
80 33 78 28 7 43 23 26 57 98 10 31 81 1 96 25 69 85 16 41 61 93 95 13 18 3 86 100 68 44 27 99 45 73 64 84 47 91 49 17 36 97 35 54 14 15 4 38 46 12 52 19 82 59 89 66 92 20 65 40 58 29 22 11 71 75 50 94 32 79 24 21 51 8 74 56 53 72 88 30 83
79 17 70 94 28 69 5 84 18 4 92 85 91 90 48 76 95 38 16 41 54 53 98 88 77 50 97 57 46 31 67 23 20 47 93 42 35 74 32 64 22 55 56 21 96 81 14 44 86 30 79 100 72 39 45 12 26 71 80 78 33 51 7 73 3 52 1 15 24 29 25 75 60 82 87 61 37 8 27 34
79 33 25 85 75 64 87 15 65 40 86 30 59 39 73 34 6 62 49 41 17 46 10 38 63 54 61 23 37 81 74 82 91 58 19 1 98 42 20 78 71 80 36 28 4 95 79 68 70 18 22 88 44 9 96 94 3 57 53 43 11 72 77 27 21 55 52 100 31 35 84 24 45 99 48 50 83 29 2 13
92 32 22 86 83 30 7 55 20 19 52 17 18 11 56 40 23 53 76 35 49 77 41 10 74 60 91 94 25 54 45 26 48 36 3 34 82 80 73 65 64 70 84 42 85 51 16 1 79 81 100 71 95 6 93 78 8 5 98 13 9 90 27 62 75 63 15 69 66 96 12 99 38 4 39 58 67 97 44 59 61 37 2 31 14 29 50 89 68 72 33 43 21
10 96 6 19 5 7 24 44 8 58 66
2 10 3
12 86 41 24 13 84 95 37 57 63 87 22 62
46 32 85 4 38 82 19 22 59 11 63 35 27 66 78 94 42 8 70 56 50 26 37 17 15 87 90 9 14 55 21 89 45 31 46 57 80 34 93 75 92 77 61 1 53 49 36
12 62 64 18 24 4 97 70 56 98 41 44 10
13 18 12 1 55 5 48 17 64 19 63 6 47 39
2 61 7
14 63 61 41 65 48 54 91 38 62 8 18 37 98 47
2 25 75
31 3 44 67 92 2 91 15 45 74 46 96 82 19 68 36 64 13 16 71 11 29 22 8 40 89 41 42 4 56 58 84
79 45 5 8 27 92 24 95 13 35 2 96 80 16 75 60 9 20 15 40 72 67 58 73 61 18 71 26 82 79 69 17 50 12 66 90 91 93 34 98 22 44 85 4 30 83 37 51 94 68 52 55 54 33 77 28 36 7 21 84 32 88 14 70 57 19 43 87 64 53 59 56 74 11 38 46 65 99 6 47
30 79 62 98 94 44 43 78 27 56 38 83 25 35 77 37 95 71 45 74 70 85 90 86 34 60 10 20 50 46 69
34 28 37 55 3 58 27 66 13 82 45 62 88 5 48 41 64 74 93 21 53 10 29 67 75 17 96 87 15 65 11 23 18 57 31
53 14 61 47 84 66 63 5 6 90 92 57 38 23 69 58 46 56 33 71 41 40 24 45 48 80 43 87 86 91 17 44 34 96 11 18 7 79 28 55 89 1 59 60 39 54 97 10 74 78 70 12 65 49
53 28 6 17 10 5 62 47 24 94 53 44 21 29 96 31 9 36 52 66 74 19 33 78 26 8 100 73 75 35 11 3 76 1 92 60 32 34 4 15 16 42 54 83 81 77 2 56 40 63 37 13 38 87
39 26 38 47 7 18 87 25 34 63 14 30 16 61 54 36 89 42 41 94 98 72 12 4 85 37 33 22 90 73 66 19 71 74 79 78 93 24 75 15
46 49 65 83 42 85 87 52 13 31 53 56 71 60 58 77 90 23 57 48 16 18 24 44 8 36 82 34 22 84 97 98 19 6 74 30 27 73 3 95 46 12 100 7 33 11 38
41 71 92 15 94 91 96 18 99 37 9 58 26 49 81 30 46 57 87 40 68 85 48 90 76 5 69 65 77 36 16 51 84 93 10 4 8 20 31 33 24 1
6 18 10 36 67 86 58
20 61 4 38 34 48 50 77 93 70 96 78 27 43 84 46 47 10 53 33 29
97 14 36 3 84 88 40 62 24 91 81 44 60 96 51 25 19 31 76 28 74 26 45 42 37 79 39 46 98 68 10 47 100 4 41 82 61 17 85 67 52 48 72 16 94 73 95 6 83 59 49 77 8 34 35 11 32 70 57 90 56 80 38 50 69 20 18 93 97 87 1 65 99 7 15 33 75 54 2 43 53 89 21 9 78 12 55 5 66 71 23 13 58 27 92 86 64 30
39 75 6 1 56 78 14 61 21 63 53 95 19 18 60 72 79 40 98 4 66 76 27 92 64 50 33 70 46 82 22 32 52 80 20 9 93 67 8 90
54 60 47 63 19 62 92 93 64 2 86 20 96 29 5 90 84 21 53 13 30 54 41 25 26 31 58 38 70 8 98 15 68 1 23 61 28 10 52 87 9 74 27 99 76 49 36 6 66 69 80 46 57 48 94
93 44 43 26 82 8 96 94 14 21 71 12 90 5 97 47 39 51 17 35 52 7 22 80 2 6 18 95 53 65 78 83 92 45 76 42 70 41 75 64 49 85 19 50 60 68 87 88 73 46 37 89 93 81 24 34 98 25 55 31 36 20 11 74 4 99 29 79 84 69 72 15 1 33 40 32 3 91 13 23 30 66 28 77 9 16 58 100 63 57 86 67 54 62
100 32 27 79 66 78 98 15 19 21 4 50 88 70 9 96 99 81 40 93 47 42 24 95 34 43 74 41 5 49 35 23 71 33 11 92 52 46 77 53 61 12 86 13 55 20 59 94 58 29 38 65 17 45 82 76 68 44 91 3 85 31 30 83 1 39 72 25 60 14 67 84 54 37 51 87 2 62 48 73 7 97 22 26 28 10 63 100 90 56 64 18 6 36 69 89 8 80 75 16 57
23 96 78 28 10 31 29 60 13 63 48 47 50 72 25 41 43 75 4 69 18 82 61 99
99 75 44 42 36 25 3 17 92 88 96 33 73 57 93 89 46 72 84 6 76 1 14 32 51 54 100 79 82 15 13 53 27 37 21 95 45 7 85 31 86 74 94 26 97 8 39 29 24 83 71 2 80 62 47 48 5 43 23 61 22 55 16 63 11 19 99 35 81 52 56 49 69 34 12 66 65 50 38 41 9 20 4 78 64 77 91 60 40 87 10 68 67 59 70 28 30 98 90 58
23 70 84 24 10 12 34 93 48 80 28 30 62 92 59 94 67 41 97 81 65 60 14 83
41 62 16 92 15 73 4 2 76 93 37 66 63 31 45 29 20 34 71 67 19 30 40 36 84 50 78 72 98 1 94 14 21 33 97 61 75 88 8 22 11 99
56 38 81 65 42 28 20 24 22 64 25 79 9 78 49 73 56 39 59 13 94 51 1 12 26 19 29 99 48 43 67 3 11 7 18 14 61 68 76 88 17 63 66 5 91 71 74 62 4 70 97 82 40 16 23 69 72
99 12 3 19 77 87 14 65 47 57 78 33 16 50 52 28 22 88 93 64 42 27 69 55 67 10 30 80 63 43 46 13 18 91 60 82 6 58 25 96 56 20 32 71 98 39 7 15 53 26 44 75 17 41 51 37 97 90 34 83 85 8 11 74 36 68 94 66 4 70 72 38 81 61 100 62 31 2 76 48 35 73 24 29 86 5 45 49 1 59 95 21 40 89 9 92 84 99 79 54
41 42 10 32 4 71 57 38 40 88 35 26 1 95 50 46 17 98 5 79 58 45 90 37 97 49 43 14 6 3 48 23 83 96 89 73 29 31 68 93 87 67
81 78 87 11 3 30 62 9 8 19 36 81 100 4 17 1 25 66 94 60 13 99 43 54 57 68 65 52 95 31 92 5 51 93 16 90 45 74 76 71 35 85 88 75 73 61 67 69 64 80 33 46 14 63 28 72 48 70 41 2 7 27 47 89 50 37 42 23 24 34 26 55 39 6 21 38 82 44 56 10 20 86
13 68 49 96 54 84 7 42 94 59 33 2 36 60
34 18 52 39 78 86 83 26 80 24 43 62 81 49 61 93 34 31 97 89 77 76 64 9 70 75 82 29 69 40 48 20 60 79 47
17 58 29 88 47 40 18 67 27 50 53 38 23 10 92 63 72 31
16 47 12 10 79 86 5 33 14 13 35 80 85 78 73 1 18
43 2 57 40 30 67 87 97 31 24 5 12 70 22 43 66 20 23 34 11 81 74 15 53 4 19 79 85 21 36 25 35 50 99 68 52 33 7 100 90 88 92 46 48
81 85 100 97 6 26 25 41 40 79 5 43 24 34 48 49 66 76 53 28 19 80 86 55 68 58 56 95 38 23 47 12 20 14 31 22 36 60 67 62 52 98 70 17 33 71 1 75 87 4 8 11 78 84 15 27 35 92 59 7 90 94 61 42 45 88 21 51 46 37 50 99 65 2 10 29 39 63 73 30 32 82
56 37 22 38 96 55 4 27 15 70 40 36 100 43 12 82 87 61 49 48 2 17 97 50 57 28 84 65 45 14 94 93 95 69 20 9 98 89 25 5 75 86 78 32 51 83 11 80 10 68 52 41 18 66 88 3 21
85 34 96 6 73 95 43 22 5 35 49 23 56 29 85 21 52 36 13 98 91 10 72 7 90 60 41 53 69 9 33 45 70 84 88 2 81 28 99 1 14 75 19 24 50 79 3 92 63 83 100 55 62 93 15 48 18 89 17 38 82 16 32 40 58 44 25 71 78 26 94 11 65 42 8 67 27 77 20 51 39 68 46 54 76 74
60 75 59 99 10 74 8 54 68 27 32 77 3 21 88 80 73 56 47 4 18 95 11 70 34 29 89 98 87 78 50 58 41 67 16 52 85 49 76 13 66 65 45 26 86 30 46 22 23 100 19 43 2 91 20 36 17 53 92 72 96
17 11 14 43 60 22 88 50 86 20 99 19 47 25 35 62 9 97
94 17 36 33 87 29 88 86 76 8 55 60 56 93 98 38 5 44 15 1 32 39 95 59 3 26 80 85 19 9 58 67 96 78 31 42 4 65 97 63 68 24 71 6 50 64 53 89 14 22 70 11 2 7 47 81 84 30 79 12 21 35 28 45 77 90 10 66 25 20 99 41 16 54 73 46 62 100 75 61 69 82 83 18 43 91 49 94 27 40 92 52 51 34 72
33 24 11 96 94 53 8 76 67 81 84 82 85 48 19 1 50 91 42 43 59 98 16 26 13 7 3 63 10 22 39 49 69 52
8 89 72 8 60 98 67 77 38
92 24 58 16 4 28 32 75 44 17 36 81 18 7 34 67 72 70 49 40 30 50 97 25 56 99 42 78 47 19 14 11 3 20 39 92 48 6 98 33 29 38 71 87 55 53 61 76 89 10 65 15 62 41 1 52 51 22 68 59 37 88 8 9 69 13 100 60 82 86 46 63 77 95 91 27 12 85 90 2 66 5 73 57 26 79 45 74 93 21 83 94 31
36 78 13 24 71 37 96 93 84 19 6 79 98 74 64 87 88 26 12 83 32 72 73 53 47 85 22 97 40 2 51 20 57 62 100 82 95
7 33 49 69 51 37 72 36
41 84 83 89 23 24 33 8 91 19 76 47 87 25 41 27 36 56 5 96 88 64 73 66 93 63 11 4 59 75 68 34 22 16 29 99 20 60 94 42 15 31
22 72 13 26 98 37 12 84 41 15 5 21 32 31 20 61 95 99 56 88 82 74 16
89 39 5 88 66 99 17 82 24 30 22 6 98 45 73 32 13 86 97 90 55 49 27 2 43 8 87 38 44 1 89 64 14 28 3 71 95 47 4 67 58 41 53 72 21 33 68 36 35 80 34 40 93 69 54 29 11 26 37 56 31 51 19 9 96 59 75 65 50 12 60 94 52 63 46 10 76 70 77 91 81 61 85 79 62 78 7 57 42 23
99 98 38 70 77 15 78 21 89 5 75 83 23 36 53 91 18 60 30 61 37 81 55 25 46 71 31 48 17 7 73 72 44 12 10 51 80 3 34 86 67 35 2 33 26 85 39 6 93 29 50 8 9 28 74 76 84 58 11 41 90 24 66 62 65 59 68 27 57 20 43 56 95 45 19 22 13 40 64 4 97 1 96 92 82 69 79 49 100 16 87 54 47 32 42 14 88 52 94 99
96 14 24 92 45 95 88 31 6 56 54 34 26 86 50 11 32 7 71 68 77 21 48 96 58 28 5 19 8 1 65 100 87 69 90 27 39 83 61 53 25 42 63 47 59 67 15 36 12 93 22 97 13 3 46 16 60 82 75 41 55 94 38 49 37 79 72 29 81 30 2 33 78 62 99 66 51 4 84 40 18 73 20 35 17 10 76 9 85 64 23 74 80 52 91 70 57
59 20 60 82 90 9 70 51 96 92 75 77 80 13 76 50 57 46 5 23 1 26 86 25 14 95 30 48 36 59 67 42 87 24 21 31 35 17 41 54 12 63 10 34 49 58 83 100 22 11 18 38 85 40 79 3 56 15 66 65
62 44 87 90 47 75 34 88 16 33 72 46 89 17 15 37 35 96 25 58 59 49 11 99 97 18 57 66 69 74 53 100 13 70 81 3 98 94 68 19 30 52 73 60 85 50 95 93 24 71 56 20 41 39 27 4 7 10 45 5 29 14 84
88 89 70 75 25 65 34 85 48 10 87 33 11 27 81 38 17 5 35 26 36 43 29 14 68 74 56 64 12 77 18 2 67 98 69 55 66 31 80 19 95 99 16 30 71 51 73 3 90 93 20 46 44 47 82 13 92 79 23 84 49 100 72 6 91 78 62 39 59 97 54 15 22 37 61 58 41 53 21 8 88 9 52 76 42 4 63 28 83
64 21 47 46 63 66 70 99 10 8 11 71 91 55 78 37 57 86 18 72 44 1 41 98 80 43 52 30 13 42 54 16 67 83 62 38 81 7 35 82 6 34 31 69 89 14 39 20 90 88 93 96 32 74 12 15 76 24 5 51 2 77 59 68 79
8 25 86 47 60 81 1 22 18
24 56 23 31 52 46 71 19 49 74 30 62 70 67 81 93 53 90 96 51 84 79 97 69 83
37 36 38 35 4 5 99 14 72 70 42 79 47 59 25 78 12 77 2 16 45 67 41 56 28 7 3 23 37 82 26 31 60 85 74 43 84 17
