500
138 29 23
209 190 91
127 70 84
16 12 96
327 24 28
143 104 91
371 346 78
339 166 88
471 391 91
449 323 34
212 1 16
116 101 17
406 118 22
94 47 74
487 152 1
151 24 30
164 58 40
167 113 30
32 31 44
88 54 59
237 40 37
92 22 95
183 14 99
119 94 43
496 112 3
171 25 91
62 54 0
25 8 37
55 50 83
342 326 90
302 119 93
337 53 96
500 248 85
452 17 76
490 164 68
317 273 36
351 261 95
278 138 34
172 137 0
297 296 33
387 84 74
112 30 31
301 99 80
52 27 32
389 224 78
126 70 47
22 16 15
423 270 53
82 29 22
325 253 51
240 29 42
8 3 94
76 5 66
433 303 52
156 33 10
227 60 23
427 76 27
469 283 90
405 207 10
206 68 89
414 5 21
354 19 39
416 61 54
385 121 62
169 46 50
364 290 92
201 62 36
309 165 88
499 252 48
190 54 99
56 21 11
455 219 70
10 5 47
261 211 62
179 22 64
251 97 37
431 348 18
322 188 45
19 2 35
200 138 41
63 6 66
291 268 60
15 9 33
381 34 73
289 58 63
362 268 93
295 275 64
438 35 79
114 100 23
226 34 94
66 53 78
284 39 74
432 410 93
2 1 24
400 209 43
466 264 23
264 39 58
424 316 74
425 262 44
344 233 77
419 333 0
142 5 2
260 196 84
37 4 93
162 44 40
459 237 80
370 60 97
28 10 70
50 44 75
399 116 30
108 63 38
35 3 38
333 9 32
229 38 47
202 197 93
210 108 63
379 149 27
265 43 74
292 21 32
101 42 32
482 287 83
93 34 57
106 92 69
90 59 96
154 121 16
53 28 42
334 241 60
194 188 9
329 169 41
118 95 19
166 31 97
353 139 28
239 84 71
100 99 30
350 36 27
196 168 78
458 364 98
417 364 13
376 132 94
123 69 6
135 65 36
375 272 39
45 3 92
198 197 22
181 150 65
361 231 46
393 360 76
445 160 8
460 271 14
447 193 10
285 133 97
132 128 85
182 1 22
440 98 94
428 78 50
403 231 26
225 27 48
238 26 22
43 5 97
250 208 66
72 19 67
331 168 41
467 83 24
39 14 21
185 131 4
286 40 10
178 68 24
293 84 62
38 37 23
271 249 81
401 66 4
61 31 71
321 320 11
383 371 7
319 75 96
207 187 55
145 115 21
208 99 75
486 465 25
68 10 78
398 282 74
485 102 52
488 153 5
451 316 28
384 12 32
242 34 42
358 334 17
395 315 12
368 301 12
187 58 45
378 226 76
231 94 66
153 133 10
136 73 26
139 116 18
248 213 12
195 183 36
34 4 69
298 118 82
470 407 83
276 245 93
29 21 30
346 35 82
109 39 29
359 228 66
263 83 80
216 133 32
492 67 1
307 184 43
254 166 73
340 171 79
67 17 42
412 302 27
223 161 97
392 340 18
128 27 78
283 258 57
421 282 11
81 42 69
348 85 40
343 270 42
402 41 84
277 94 64
306 233 45
191 167 47
372 144 37
158 30 84
232 70 82
11 5 25
131 127 91
439 211 3
186 91 19
275 184 15
129 124 60
270 13 38
390 22 65
236 39 91
288 147 0
262 160 9
140 52 90
324 297 91
454 7 67
246 165 30
299 116 69
215 185 81
20 10 23
103 77 7
193 130 32
468 229 6
27 26 81
408 342 78
304 14 20
316 142 26
184 181 51
478 391 44
155 147 41
323 94 66
70 51 51
453 108 61
84 35 89
243 68 93
98 14 54
481 287 56
308 297 17
41 40 98
347 109 20
134 1 20
328 327 48
23 1 59
147 111 17
122 63 0
269 129 66
104 8 23
305 213 0
65 7 97
397 211 39
330 110 92
434 228 66
102 78 29
382 74 50
356 289 61
357 142 22
157 147 25
36 13 45
188 172 32
170 39 21
474 197 7
47 46 18
294 65 7
446 60 87
336 175 49
85 81 18
296 225 5
78 58 55
410 324 14
266 188 16
5 1 7
217 46 95
105 26 71
241 145 31
360 203 89
59 24 92
6 1 35
110 40 83
161 108 13
175 84 40
218 75 33
415 251 11
46 21 15
441 221 43
498 292 52
57 13 18
97 47 56
363 231 66
435 250 26
141 36 13
257 152 81
219 3 74
192 162 70
404 75 30
444 415 87
311 160 51
244 150 1
95 28 90
89 70 13
87 12 16
3 1 95
374 54 92
268 7 11
418 384 28
313 190 58
197 38 58
259 118 74
211 77 80
341 128 74
96 52 4
369 106 62
4 1 99
149 8 74
137 26 60
148 49 56
150 126 99
26 21 37
199 198 98
111 86 83
73 23 72
255 238 3
176 37 4
367 151 64
30 2 77
113 77 25
448 169 40
491 270 50
430 238 82
479 126 13
391 286 21
267 239 3
456 47 46
290 60 50
318 182 51
429 97 50
373 151 37
189 110 11
489 39 99
31 17 47
462 439 62
310 135 26
180 21 98
477 393 17
436 119 51
437 175 40
12 7 68
280 4 8
349 157 8
13 3 16
203 22 6
173 129 70
287 43 15
60 46 79
221 65 87
159 148 59
476 227 58
168 37 80
99 1 8
144 55 12
258 165 18
83 24 67
494 256 1
79 68 44
121 76 24
464 135 62
472 366 89
117 26 51
235 71 10
42 3 39
386 24 88
205 46 89
33 3 3
253 237 11
281 239 10
380 64 90
256 147 71
124 43 87
24 21 14
473 161 53
377 209 40
355 314 97
407 168 8
230 219 5
77 31 18
420 169 80
273 153 81
233 58 69
228 174 0
204 20 30
279 125 81
214 66 76
461 29 75
224 216 24
450 429 80
17 2 30
133 102 82
352 71 96
409 293 35
130 45 17
252 76 2
14 3 70
58 57 11
213 32 26
272 27 7
245 119 4
74 44 75
75 39 79
249 20 24
345 129 22
463 262 47
475 376 65
160 143 62
48 24 83
312 12 47
396 373 29
7 6 59
422 12 17
457 80 81
480 127 80
320 73 89
220 156 6
274 250 4
54 37 5
40 12 71
69 43 16
493 468 16
64 51 19
125 28 49
49 44 47
51 28 24
388 114 91
426 222 88
338 335 77
465 320 46
300 100 3
443 257 50
146 79 92
115 48 28
86 66 51
303 198 87
91 64 65
497 422 44
165 6 21
442 190 39
71 23 83
152 23 73
282 167 43
44 22 13
335 298 79
177 30 51
107 103 86
174 87 68
120 80 86
9 5 38
315 180 10
366 188 29
326 280 29
18 16 20
80 5 78
332 184 26
314 251 7
163 96 27
222 178 90
411 20 24
365 176 89
234 92 25
413 330 8
484 234 79
483 3 28
247 222 65
21 11 7
394 26 53
495 217 57
