100
91 90 91
88 87 88
64 63 64
80 79 80
99 98 99
60 59 60
76 75 76
57 56 57
83 82 83
62 61 62
46 45 46
81 80 81
36 35 36
66 65 66
78 77 78
21 20 21
41 40 41
73 72 73
11 10 11
33 32 33
56 55 56
98 97 98
94 93 94
3 2 3
84 83 84
9 8 9
54 53 54
95 94 95
93 92 93
70 69 70
55 54 55
38 37 38
2 1 2
87 86 87
4 3 4
28 27 28
90 89 90
45 44 45
23 22 23
7 6 7
30 29 30
14 13 14
22 21 22
59 58 59
79 78 79
16 15 16
89 88 89
92 91 92
17 16 17
49 48 49
67 66 67
71 70 71
29 28 29
35 34 35
40 39 40
10 9 10
69 68 69
51 50 51
44 43 44
68 67 68
53 52 53
65 64 65
74 73 74
77 76 77
39 38 39
50 49 50
63 62 63
61 60 61
20 19 20
42 41 42
25 24 25
75 74 75
37 36 37
24 23 24
47 46 47
18 17 18
82 81 82
34 33 34
52 51 52
72 71 72
15 14 15
6 5 6
100 99 100
19 18 19
97 96 97
86 85 86
12 11 12
26 25 26
31 30 31
43 42 43
48 47 48
85 84 85
8 7 8
58 57 58
13 12 13
96 95 96
27 26 27
5 4 5
32 31 32
